-5.514677E+01 -9.610558E-02 1.580584E-06 
-3.607149E+01 -2.538526E+00 2.314808E-02 
-9.566341E+01 -1.249666E-01 1.540343E-02 
-2.974742E+01 -1.400384E+00 3.790576E-03 
-4.498130E+01 -2.170435E+00 1.137576E-02 
-9.715783E+01 -1.074543E-01 9.034385E-03 
-4.503233E+01 -1.350369E-01 2.515410E-05 
-1.049758E+02 -1.149192E-01 1.053842E-02 
-1.095359E+02 -1.102061E-01 1.218494E-02 
-9.520404E+01 -9.070635E-02 5.978316E-03 
-9.076669E+01 -1.431417E-01 1.293783E-02 
-5.963737E+01 -1.126628E-01 3.142291E-06 
-9.493952E+01 -1.162267E-01 7.022772E-03 
-5.123886E+01 2.326012E-03 3.602932E-08 
-5.144630E+01 -1.326277E-01 1.529914E-04 
-8.948813E+01 -1.169329E-01 4.554525E-03 
-7.482955E+01 -1.149530E-01 1.103368E-04 
-6.932645E+01 -1.249232E-01 1.705989E-05 
-9.437834E+01 -9.993124E-02 5.826247E-03 
-7.069538E+01 -1.101718E-01 3.222109E-05 
-1.129353E+01 1.508913E-01 7.397440E-09 
-9.248239E+01 -1.144788E-01 6.053568E-03 
-9.095797E+01 -8.539104E-02 4.054850E-03 
-4.893380E+01 -1.315651E-01 5.667572E-05 
-4.353453E+01 -1.146255E-01 1.096780E-06 
-1.060446E+02 -1.146326E-01 1.649990E-02 
-6.464106E+00 -1.856222E+00 1.654577E-03 
-2.416424E+01 -1.459749E-01 1.121641E-06 
-9.368957E+01 -1.178193E-01 1.146849E-02 
-4.892751E+01 -1.302290E-01 1.491036E-05 
-1.884475E+01 -1.031881E+00 3.132986E-03 
-9.800768E+00 -1.915131E+00 3.219224E-03 
-9.174629E+00 -3.093081E+00 2.939228E-02 
-4.204867E+01 -1.358824E-01 7.725324E-05 
-8.958204E+01 -1.334138E-01 7.165994E-03 
-1.144285E+02 -1.118736E-01 1.707116E-02 
-4.932643E+01 -1.322675E-01 1.188419E-04 
-9.868171E+01 -1.103263E-01 1.013083E-02 
-2.024980E+01 -1.377234E+00 3.531753E-03 
-7.109101E+01 -1.214175E-01 4.311987E-05 
-3.117700E+01 -1.350343E-01 1.110456E-06 
-7.743503E+01 -9.635830E-02 1.840176E-04 
-9.768856E+01 -9.945393E-02 7.284691E-03 
-9.207145E+01 -1.210346E-01 9.814028E-03 
-8.152836E+00 -8.197905E-01 5.296405E-04 
-3.121159E+01 -1.723158E+00 8.335874E-03 
-8.962441E+01 -1.192956E-01 5.519125E-03 
-4.122406E+01 -1.132283E-01 6.104004E-08 
-9.361305E+01 -1.266475E-01 1.396941E-02 
-9.312126E+01 -8.754635E-02 5.679672E-03 
-8.175397E+01 -1.257224E-01 4.373243E-04 
-5.625292E+01 -1.287785E-01 2.493310E-05 
-2.270862E+01 -2.312446E-02 1.986703E-08 
-9.597737E+01 -1.139703E-01 7.721192E-03 
-4.914223E+01 -1.225016E-01 7.465903E-06 
-1.088230E+02 -1.133461E-01 1.419300E-02 
-4.372438E+01 -9.019423E-02 5.993169E-08 
-1.090850E+02 -7.834911E-02 1.201627E-02 
-1.106247E+02 -1.130753E-01 1.374747E-02 
-1.110930E+02 -5.915546E-02 1.250262E-02 
-1.941246E+01 -2.095781E+00 3.655897E-03 
-4.116689E+01 -1.322265E-01 6.683932E-06 
-8.530828E+00 -5.563532E-01 6.632063E-04 
-8.098284E+01 -2.221045E-01 2.344602E-04 
-8.401609E+00 -6.781822E-01 2.155312E-04 
-3.076878E+00 -6.253982E-01 1.834319E-06 
-6.268756E+01 -9.851456E-02 1.023666E-05 
-5.052860E+00 -4.512328E-01 8.803989E-07 
-2.032957E+01 -1.463854E-01 2.737297E-05 
-8.910987E+01 -1.244454E-01 2.311796E-04 
-9.265776E+01 -8.623648E-02 4.491318E-03 
-4.887748E+01 -8.319546E-01 1.101934E-02 
-9.895395E+01 -9.759235E-02 6.599408E-03 
-4.535269E+01 -1.301849E-01 7.824352E-06 
-9.263480E+01 -1.197648E-01 8.646279E-03 
-2.184699E+01 -6.858158E-01 7.080989E-04 
-1.061243E+02 -1.127419E-01 1.306716E-02 
-8.431228E+01 -1.656704E-01 1.060216E-03 
-1.030721E+02 -1.061335E-01 9.242297E-03 
-1.051583E+02 -1.131458E-01 1.240779E-02 
-9.625863E+01 -1.123142E-01 7.326599E-03 
-1.052342E+02 -8.970928E-02 1.018232E-02 
-9.242812E+01 -9.358025E-02 4.309237E-03 
-3.000159E+01 -1.955940E+00 6.630106E-03 
-7.607290E+01 -9.171009E-02 3.750952E-06 
-5.420092E+01 -1.218104E-01 8.247726E-06 
-5.177104E+00 -3.970969E-01 1.013933E-04 
-3.707251E+01 -1.352792E-01 2.881812E-05 
-5.021324E+01 -1.296427E-01 1.512737E-05 
-9.408769E+01 -1.252942E-01 2.383150E-02 
-1.168910E+02 -9.774446E-02 1.647650E-02 
-1.053472E+02 -1.217599E-01 1.303628E-02 
-9.099216E+01 -1.163874E-01 4.284159E-03 
-4.225976E+01 -2.469426E+00 1.059933E-02 
-3.111346E+01 -1.863582E+00 4.028636E-03 
-9.493084E+01 -1.141357E-01 5.901132E-03 
