-5.254595E+01 -2.460842E+00 3.742967E-03 
-5.920020E+01 -2.762667E+00 6.882544E-03 
-6.581006E+01 -2.948466E+00 8.792914E-03 
-8.997931E+01 -1.198215E-01 7.048261E-04 
-1.540506E+01 -1.739368E+00 4.231968E-08 
-5.403192E+01 -1.233890E+00 2.914064E-03 
-1.485710E+01 -3.605099E+00 1.195034E-03 
-2.985510E+02 -3.434587E-02 7.576035E-04 
-1.498058E+01 -2.169435E+00 4.377046E-05 
-2.230935E+01 -1.286055E+00 3.974051E-08 
-7.570880E+01 -3.661085E+00 1.933141E-02 
-6.094640E+01 -2.750266E+00 6.780989E-03 
-1.187963E+02 -6.826009E-01 5.089150E-03 
-5.501730E+01 -2.529547E+00 4.227749E-03 
-1.388476E+01 -2.616744E+00 1.151905E-04 
-4.587786E+01 -2.186696E+00 1.919664E-03 
-1.396538E+01 -3.216614E+00 7.080597E-04 
-2.771748E+01 -2.677127E+00 9.552449E-04 
-3.223416E+01 -2.399054E+00 9.373361E-04 
-8.431228E+01 -1.656704E-01 1.060216E-03 
-1.307581E+01 -2.638915E+00 8.357820E-05 
-6.993477E+01 -3.031547E+00 9.535217E-03 
-6.886219E+01 -2.586231E-01 2.565301E-04 
-1.827701E+01 -2.460896E+00 3.097330E-04 
-3.602055E+01 -1.712564E+00 1.004027E-04 
-1.761531E+01 -2.797083E+00 2.970014E-04 
-4.989505E+01 -2.277249E+00 2.187823E-03 
-2.590397E+01 -2.886173E+00 1.390898E-03 
-2.485397E+01 -2.996074E+00 1.435119E-03 
-3.963047E+01 -6.591450E-01 1.717711E-04 
-1.133441E+01 -3.945395E+00 3.621447E-03 
-2.358145E+01 -2.763906E+00 7.959356E-04 
-2.061072E+01 -2.805787E+00 6.164446E-04 
-5.831592E+01 -8.956629E-01 4.004442E-03 
-3.776802E+01 -2.643893E+00 5.087642E-03 
-8.120910E+01 -1.275635E-01 2.818834E-04 
-1.259538E+01 -3.342887E+00 5.437645E-04 
-2.778415E+01 -3.013204E+00 1.743005E-03 
-1.489633E+01 -2.443524E+00 1.264676E-04 
-1.392997E+01 -2.545424E+00 1.116788E-04 
-1.701752E+01 -2.081783E+00 4.563365E-05 
-2.533701E+01 -2.980056E+00 1.317096E-03 
-2.420676E+01 -8.330854E-01 5.800290E-08 
-1.311056E+01 -3.149612E+00 3.294656E-04 
-8.797788E+01 -1.423659E-01 4.954171E-03 
-8.609979E+01 -1.442232E-01 1.618638E-03 
-6.142267E+01 -9.335903E-01 4.923695E-03 
-2.006935E+01 -3.148471E+00 1.140806E-03 
-5.048473E+01 -2.567574E+00 4.469678E-03 
-3.064878E+01 -2.733871E+00 1.891292E-03 
-8.175397E+01 -1.257224E-01 4.373243E-04 
-3.400497E+01 -1.792642E+00 3.677341E-04 
-5.943256E+01 -1.969370E-01 1.006853E-05 
-8.829261E+01 -1.376591E-01 4.636923E-03 
-4.221675E+01 -1.018286E+00 5.599080E-04 
-6.530704E+01 -2.948499E+00 8.302574E-03 
-2.861025E+01 -1.530221E+00 4.852434E-05 
-8.465464E+01 -1.300898E-01 9.619600E-04 
-8.507566E+01 -3.487878E+00 1.665151E-02 
-2.258275E+01 -2.724053E+00 7.232697E-04 
-1.846827E+01 -2.312537E+00 2.657675E-04 
-1.469905E+01 -2.506455E+00 1.329488E-04 
-2.204059E+01 -2.933295E+00 1.045641E-03 
-8.098284E+01 -2.221045E-01 2.344602E-04 
-4.711484E+01 -7.891672E-01 1.263450E-03 
-2.598615E+01 -3.233372E+00 2.401539E-03 
-8.357225E+01 -1.405630E-01 6.364209E-04 
-4.762209E+01 -2.485519E+00 3.785832E-03 
-5.809904E+01 -2.637138E+00 5.607105E-03 
-7.699014E+01 -1.618971E+00 1.175470E-02 
-1.283696E+01 -3.204103E+00 4.641598E-04 
-2.252121E+01 -2.942278E+00 1.228800E-03 
-1.633072E+02 -1.228235E-01 9.414093E-04 
-3.294167E+01 -2.122624E+00 6.475977E-04 
-7.232934E+01 -3.090798E+00 1.183784E-02 
-7.386972E+01 -3.070477E+00 1.193276E-02 
-1.499971E+01 -3.441345E+00 8.144784E-04 
-3.088224E+01 -2.623630E+00 1.290119E-03 
-5.284644E+01 -8.364645E-01 2.561869E-03 
-1.787565E+01 -2.976664E+00 7.118454E-04 
-6.673774E+01 -2.935206E+00 8.700236E-03 
-6.046544E+01 -1.413790E+00 5.741278E-03 
-1.683366E+01 -1.389325E+00 4.382698E-08 
-7.936770E+01 -1.464888E-01 7.397652E-05 
-1.794032E+01 -2.664698E+00 4.064148E-04 
-1.830740E+01 -2.088989E+00 9.962324E-05 
-1.459167E+01 -2.494136E+00 1.199435E-04 
-8.971718E+01 -1.263266E-01 1.734307E-03 
-1.786389E+01 -3.073281E+00 7.916830E-04 
-5.489001E+01 -8.722692E-01 3.037434E-03 
-1.141283E+01 -4.889751E+00 8.384952E-03 
-1.328525E+01 -3.191378E+00 5.850710E-04 
-4.794670E+01 -2.469345E+00 3.403163E-03 
-1.479981E+01 -3.213822E+00 7.331670E-04 
-1.350014E+01 -3.270262E+00 6.208295E-04 
-1.490880E+01 -3.592307E+00 1.309132E-03 
-1.714521E+01 -9.044456E-02 9.196966E-12 
-3.322445E+01 -1.950283E+00 2.935670E-04 
-2.934086E+01 -2.756611E+00 1.385949E-03 
-2.181144E+01 -3.094380E+00 1.409776E-03 
-5.235397E+01 -1.218996E+00 2.679166E-03 
-3.740906E+01 -2.129348E+00 8.120869E-04 
-2.174081E+01 -3.423843E+00 1.929144E-03 
-8.725890E+01 -1.187143E-01 1.011127E-04 
-1.629731E+01 -3.136543E+00 7.177637E-04 
-3.829506E+01 -2.368046E+00 1.993647E-03 
-6.725450E+01 -2.999209E+00 8.888436E-03 
-1.926774E+01 -1.254833E+00 1.310546E-08 
-2.718677E+01 -2.782625E+00 1.118323E-03 
-3.416509E+01 -2.055508E+00 4.794368E-04 
-3.145210E+01 -1.952367E+00 3.224317E-04 
-5.664491E+01 -1.276877E-01 2.650501E-08 
-6.755067E+01 -3.010200E+00 9.277005E-03 
-1.569297E+01 -3.036840E+00 6.286679E-04 
-3.590800E+01 -1.323278E-01 1.114493E-08 
-1.757205E+01 -3.802267E+00 3.943114E-03 
-1.287879E+01 -3.395223E+00 7.095067E-04 
-1.251997E+01 -2.670367E+00 7.932945E-05 
-3.303533E+01 -2.070942E+00 5.460790E-04 
-3.187321E+01 -9.943923E-01 4.619838E-05 
-5.252915E+01 -2.294323E+00 2.853448E-03 
-1.440705E+01 -3.129384E+00 6.030016E-04 
-1.481391E+01 -2.496592E+00 1.931462E-04 
-4.496036E+01 -2.753132E+00 5.752281E-03 
-3.739459E+01 -1.704899E+00 4.479365E-04 
-6.039966E+01 -1.447579E+00 5.629917E-03 
-2.798811E+01 -2.903775E+00 1.822127E-03 
-6.143914E+01 -2.662213E+00 5.871067E-03 
-1.543591E+01 -2.599452E+00 2.783711E-04 
-1.736561E+01 -3.595394E+00 2.031636E-03 
-4.578081E+01 -2.060992E+00 1.225039E-03 
-2.396616E+01 -1.380304E+00 4.971249E-07 
-1.394479E+01 -2.023646E+00 1.084820E-06 
-5.679599E+01 -1.319321E+00 4.114887E-03 
-2.390072E+01 -2.068922E+00 1.646107E-04 
-1.594362E+01 -3.383924E+00 1.386632E-03 
-1.863095E+01 -1.744611E+00 9.919604E-07 
-8.278226E+01 -3.282228E+00 1.417316E-02 
-1.448828E+01 -2.995446E+00 5.101048E-04 
-4.325152E+01 -2.306930E+00 1.835099E-03 
-1.323754E+01 -2.716161E+00 1.337844E-04 
-7.134773E+01 -3.578048E+00 1.916895E-02 
-2.582312E+01 -2.558692E+00 7.262098E-04 
-7.215306E+01 -3.138693E+00 1.179380E-02 
-5.387790E+01 -2.455967E+00 3.042559E-03 
-1.652754E+01 -2.034858E+00 4.219217E-05 
-1.510718E+01 -3.287379E+00 9.190512E-04 
-6.951199E+01 -3.061451E+00 1.011091E-02 
-3.432377E+01 -1.987498E+00 4.993599E-04 
-1.204727E+01 -3.223597E+00 3.151498E-04 
-2.628849E+01 -2.344334E+00 3.969709E-04 
-1.788570E+01 -2.426288E+00 2.831488E-04 
-2.638804E+01 -2.737728E+00 1.024970E-03 
-4.353944E+01 -2.387075E+00 2.249261E-03 
-5.816951E+01 -2.617743E+00 5.424863E-03 
-7.349739E+01 -3.266454E+00 1.184174E-02 
-1.138403E+01 -2.518313E+00 8.377359E-07 
-1.966504E+01 -3.085240E+00 9.004685E-04 
-6.597690E+01 -2.921894E+00 8.507149E-03 
-1.456776E+01 -3.243078E+00 7.660728E-04 
-4.327440E+01 -2.025489E+00 1.206233E-03 
-7.571152E+01 -3.153044E+00 1.209555E-02 
-4.113407E+01 -1.979175E+00 1.068636E-03 
-8.473374E+01 -3.381956E+00 1.570091E-02 
-1.325445E+01 -2.046328E+00 4.280458E-07 
-7.558543E+01 -3.166835E+00 1.277086E-02 
-2.207136E+01 -3.247631E+00 1.511542E-03 
-5.449543E+01 -8.174372E-01 2.735020E-03 
-3.560008E+01 -2.304196E+00 1.158098E-03 
-1.646190E+01 -2.150425E+00 7.971647E-05 
-5.198715E+01 -8.236806E-01 1.744685E-03 
-4.661710E+01 -1.129478E+00 1.277070E-03 
-1.614596E+01 -2.206631E+00 5.411536E-05 
-6.961774E+02 -1.612234E-02 1.381947E-04 
-1.546342E+01 -1.791644E+00 4.377899E-08 
-7.987359E+01 -9.494734E-02 2.182105E-05 
-7.115204E+01 -3.073062E+00 1.031421E-02 
-1.375096E+01 -2.140460E+00 4.638160E-07 
-1.859851E+01 -3.219685E+00 1.368703E-03 
-6.674505E+01 -1.461253E+00 7.648152E-03 
-6.303122E+01 -3.347419E+00 1.561467E-02 
-1.595200E+01 -3.194282E+00 8.311993E-04 
-2.614373E+01 -3.131857E+00 3.084045E-03 
-5.573301E+01 -2.922571E+00 6.582937E-03 
-4.613482E+01 -7.624071E-01 1.078614E-03 
-2.631447E+01 -2.549364E+00 6.162280E-04 
-3.013262E+01 -9.993970E-02 1.616721E-10 
-3.744825E+01 -2.103483E+00 1.010687E-03 
-3.350350E+01 -8.801096E-01 8.552922E-05 
-2.381283E+01 -2.747337E+00 7.443717E-04 
-4.503631E+01 -2.450447E+00 2.620177E-03 
-3.174549E+01 -2.102307E+00 4.337737E-04 
-1.364070E+01 -2.751198E+00 1.553645E-04 
-2.140028E+01 -2.496544E+00 5.244015E-04 
-4.061915E+01 -9.858284E-01 4.749512E-04 
-5.339183E+01 -2.473547E+00 3.851323E-03 
-1.815967E+01 -2.631241E+00 5.094493E-04 
-1.315673E+01 -2.937496E+00 1.545161E-04 
-2.224095E+01 -1.362829E+00 2.541480E-07 
-6.014728E+01 -1.338183E+00 5.318607E-03 
-5.088921E+01 -2.229243E+00 2.489520E-03 
-8.766210E+02 -1.330261E-01 2.428974E-03 
-7.494064E+01 -3.252549E+00 1.378845E-02 
-2.690471E+01 -2.914415E+00 1.570704E-03 
-3.115358E+01 -2.023264E+00 3.747627E-04 
-2.396593E+01 -1.348929E+00 3.913153E-07 
-5.729344E+01 -2.738637E+00 6.469336E-03 
-1.580571E+01 -3.655585E+00 1.578119E-03 
-2.909096E+01 -2.441512E+00 8.164220E-04 
-3.570326E+01 -1.989898E+00 6.516497E-04 
-2.055330E+01 -1.558789E+00 7.353642E-06 
-1.389921E+01 -3.354813E+00 6.707602E-04 
-4.168823E+01 -1.933919E+00 1.016207E-03 
-1.230678E+01 -2.512701E+00 1.094798E-05 
-3.694366E+01 -1.739418E+00 3.124910E-04 
-1.492707E+01 -1.827180E+00 1.490053E-08 
-6.017957E+01 -2.687055E+00 6.174446E-03 
-1.386928E+01 -2.671870E+00 1.114512E-04 
-1.966410E+01 -3.527628E+00 1.726819E-03 
-1.833644E+01 -2.192385E+00 1.202850E-04 
-4.354986E+01 -7.382871E-01 6.767501E-04 
-2.040452E+01 -2.091616E+00 1.972775E-04 
-3.218347E+01 -7.951076E-01 8.765459E-07 
-3.679378E+01 -2.255004E+00 1.257740E-03 
-3.611519E+01 -1.851544E+00 4.184144E-04 
-1.494160E+01 -2.889699E+00 4.224288E-04 
-4.162384E+01 -2.409969E+00 2.138980E-03 
-2.585683E+01 -3.610757E+00 2.777993E-03 
-1.452069E+01 -1.801255E+00 6.070785E-10 
-2.582176E+01 -2.785860E+00 1.167438E-03 
-1.351156E+01 -2.414572E+00 6.993314E-05 
-1.236820E+01 -2.639560E+00 1.237146E-05 
-2.127335E+01 -3.131834E+00 9.612903E-04 
-7.457068E+01 -1.291380E-01 2.255326E-06 
-1.407350E+01 -3.529066E+00 9.776516E-04 
-2.012688E+01 -2.170943E+00 1.893709E-04 
-1.573062E+01 -3.261754E+00 1.125178E-03 
-5.218718E+02 -9.911195E-01 8.652077E-03 
-1.320018E+01 -2.822362E+00 2.173243E-04 
-1.768476E+01 -2.821329E+00 4.909498E-04 
-5.145207E+01 -1.208308E+00 2.622710E-03 
-7.118578E+01 -3.130063E+00 1.147978E-02 
-7.165253E+01 -2.973752E+00 1.010558E-02 
-4.192943E+01 -2.311131E+00 1.966653E-03 
-2.259888E+01 -2.431072E+00 5.448079E-04 
-1.257160E+01 -2.712020E+00 8.785378E-05 
-5.105321E+01 -2.349123E+00 2.688134E-03 
-1.658433E+01 -2.270990E+00 9.917868E-05 
-3.059655E+01 -2.675972E+00 1.286554E-03 
-3.371774E+01 -2.514203E+00 1.251165E-03 
-3.315734E+01 -2.335525E+00 7.808001E-04 
-2.688717E+01 -1.383229E+00 8.434945E-07 
-1.504625E+01 -2.950586E+00 4.811085E-04 
-4.382895E+01 -2.590824E+00 3.188880E-03 
-2.948399E+01 -2.454532E+00 8.541275E-04 
-6.290288E+01 -9.471319E-01 5.811382E-03 
-2.753551E+01 -1.667061E+00 1.108662E-05 
-1.599943E+01 -2.926250E+00 5.734885E-04 
-2.233502E+01 -2.730304E+00 5.616316E-04 
-3.162753E+01 -1.527598E+00 1.915017E-06 
-2.195101E+01 -1.212212E+00 6.434332E-09 
-3.852282E+01 -6.231686E-01 1.117220E-04 
-5.139064E+01 -1.185673E+00 2.156942E-03 
-4.654180E+01 -1.091991E+00 1.246201E-03 
-5.432301E+01 -8.787116E-01 3.384711E-03 
-1.554519E+01 -3.586033E+00 1.396562E-03 
-1.507587E+01 -2.999673E+00 5.444732E-04 
-2.081781E+01 -2.026217E+00 1.249579E-04 
-3.344880E+01 -2.537061E+00 1.546581E-03 
-3.320065E+01 -2.819252E+00 2.027790E-03 
-4.201783E+01 -1.373224E-01 3.777196E-06 
-1.434323E+01 -3.441785E+00 9.751571E-04 
-7.192596E+01 -3.527975E+00 1.885128E-02 
-7.365015E+01 -3.009247E+00 1.076142E-02 
-3.166088E+01 -2.876457E+00 2.031311E-03 
-3.498952E+01 -1.873747E+00 6.078207E-04 
-3.337645E+01 -2.094976E+00 5.970278E-04 
-1.233207E+01 -2.424592E+00 8.501031E-06 
-7.263522E+01 -2.952655E+00 9.803282E-03 
-7.654205E+01 -3.121364E+00 1.205006E-02 
-2.665254E+01 -2.483087E+00 6.601135E-04 
-4.002607E+01 -9.762424E-01 2.776382E-04 
-1.451902E+01 -2.982779E+00 3.343927E-04 
-1.904172E+01 -2.821375E+00 7.645644E-04 
-4.177345E+01 -7.114367E-01 4.606443E-04 
-3.751409E+01 -1.850839E+00 5.574987E-04 
-5.860231E+01 -2.585643E+00 5.153918E-03 
-1.342885E+01 -2.495991E+00 3.004501E-05 
-2.612521E+01 -3.156623E+00 1.984948E-03 
-1.355767E+01 -3.010767E+00 4.519132E-04 
-2.423094E+01 -3.303277E+00 2.546937E-03 
-6.528334E+01 -1.475117E+00 7.439585E-03 
-2.458122E+01 -2.399602E+00 5.623768E-04 
-1.500404E+01 -2.922995E+00 4.768817E-04 
-4.097896E+01 -2.326286E+00 2.067411E-03 
-1.428202E+01 -2.260822E+00 9.039421E-06 
-7.619857E+01 -3.212955E+00 1.368144E-02 
-3.192117E+01 -5.805324E-01 7.141559E-08 
-2.646427E+01 -2.943757E+00 1.734701E-03 
-1.510151E+01 -2.851304E+00 3.777160E-04 
-3.332360E+01 -2.398255E+00 8.843202E-04 
-1.390781E+01 -2.818398E+00 2.248748E-04 
-1.770923E+01 -1.968054E+00 4.122854E-05 
-6.010803E+01 -1.401943E+00 5.558617E-03 
-4.062709E+01 -4.127077E-02 4.970053E-09 
-2.144173E+01 -2.960890E+00 1.070231E-03 
-2.042535E+01 -1.212645E+00 2.348970E-10 
-3.789927E+01 -1.800550E+00 5.559514E-04 
-1.515627E+01 -2.164803E+00 2.867482E-05 
-5.356760E+01 -8.293899E-01 2.577945E-03 
-2.334881E+01 -2.589566E+00 5.529023E-04 
-6.116524E+01 -1.303010E-01 8.513987E-07 
-5.903282E+01 -9.201818E-01 4.149683E-03 
-1.178145E+01 -2.454908E+00 1.074433E-05 
-3.481483E+01 -1.716360E+00 2.392269E-04 
-1.922865E+01 -3.580971E+00 2.461341E-03 
-2.432322E+01 -3.097118E+00 1.742581E-03 
-3.113964E+01 -2.205498E+00 5.985483E-04 
-3.404751E+01 -2.609511E+00 1.578971E-03 
-5.209168E+01 -2.639239E+00 5.186692E-03 
-3.399082E+01 -2.359927E+00 9.917913E-04 
-1.605784E+01 -3.140015E+00 6.370394E-04 
-2.780629E+01 -2.394980E+00 5.792162E-04 
-2.216356E+01 -2.887447E+00 9.379559E-04 
-2.813948E+01 -2.199639E+00 3.966614E-04 
-1.204558E+01 -3.183254E+00 2.937977E-04 
-1.636029E+01 -3.182555E+00 8.532868E-04 
-4.411625E+01 -1.076285E+00 1.017840E-03 
-4.836295E+01 -2.567622E+00 3.955941E-03 
-3.585601E+01 -2.339939E+00 1.523039E-03 
-2.967471E+01 -2.819282E+00 1.663394E-03 
-1.430122E+01 -3.083081E+00 5.419523E-04 
-2.051809E+01 -1.611836E+00 1.836074E-06 
-2.121809E+01 -1.771046E+00 2.988381E-05 
-4.614592E+01 -2.586982E+00 3.477407E-03 
-2.384380E+01 -3.362632E+00 2.468049E-03 
-4.619354E+01 -2.443637E+00 2.886170E-03 
-1.664499E+01 -3.230021E+00 1.144687E-03 
-3.623668E+01 -8.990414E-01 1.201889E-04 
-1.516752E+01 -1.740676E+00 4.234515E-08 
-3.571725E+01 -2.204014E+00 8.365365E-04 
-4.761563E+01 -1.105376E+00 1.682537E-03 
-5.395767E+01 -2.466331E+00 4.140312E-03 
-4.067214E+01 -9.478383E-01 4.424893E-04 
-1.628601E+01 -2.314549E+00 1.021095E-04 
-6.070287E+01 -2.583900E+00 5.858888E-03 
-5.836982E+01 -9.370013E-01 4.633585E-03 
-3.466932E+01 -2.275430E+00 7.830441E-04 
-2.686945E+01 -1.478795E+00 1.419538E-06 
-3.582927E+01 -7.387638E-03 8.891328E-12 
-2.829585E+01 -2.526724E+00 7.850950E-04 
-2.956165E+01 -9.338363E-01 1.487673E-07 
-4.366838E+01 -1.062954E+00 8.743551E-04 
-1.739252E+01 -3.076087E+00 6.416996E-04 
-1.463594E+01 -3.577086E+00 1.153742E-03 
-1.859452E+01 -2.126142E+00 1.168066E-04 
-1.603411E+01 -3.227290E+00 9.528759E-04 
-4.998468E+01 -7.811093E-01 1.725213E-03 
-1.536034E+01 -3.512756E+00 1.344211E-03 
-7.202224E+01 -3.516590E+00 1.862264E-02 
-1.351068E+01 -3.050770E+00 3.683132E-04 
-1.352570E+01 -2.756101E+00 2.032142E-04 
-2.781876E+01 -1.768998E+00 4.550092E-05 
-5.408327E+01 -2.749398E+00 5.466759E-03 
-3.851803E+01 -2.230903E+00 1.252833E-03 
-4.683974E+01 -1.081347E+00 1.509577E-03 
-2.287591E+01 -2.839948E+00 9.429231E-04 
-1.392278E+01 -2.685071E+00 1.154899E-04 
-2.329642E+01 -3.323678E+00 2.017900E-03 
-4.890143E+01 -1.144264E+00 1.971427E-03 
-2.749949E+01 -2.700822E+00 8.288734E-04 
-1.512961E+01 -2.062218E+00 8.977858E-06 
-5.809858E+01 -2.719473E+00 5.538069E-03 
-1.548690E+01 -2.243582E+00 9.312531E-05 
-1.138738E+01 -2.665833E+00 3.201198E-05 
-4.560380E+01 -2.428517E+00 2.352189E-03 
-5.089615E+01 -2.316731E+00 2.498069E-03 
-5.035432E+01 -2.606875E+00 4.640539E-03 
-1.393304E+01 -2.352892E+00 4.551086E-05 
-6.164449E+01 -2.734436E+00 6.712810E-03 
-1.491029E+01 -3.607115E+00 1.383013E-03 
-3.219336E+01 -1.591709E+00 7.774030E-05 
-4.357170E+01 -2.461422E+00 2.519414E-03 
-3.300098E+01 -1.917508E+00 1.712792E-04 
-6.418322E+01 -9.971044E-01 6.216694E-03 
-8.291654E+01 -3.334125E+00 1.451662E-02 
-1.823049E+01 -1.935005E+00 2.953796E-05 
-1.730539E+01 -2.555728E+00 2.940481E-04 
-1.472036E+01 -1.985501E+00 8.670629E-07 
-3.939872E+01 -9.820914E-02 2.342998E-10 
-1.653486E+01 -2.123449E+00 4.406298E-05 
-1.549455E+01 -2.122713E+00 1.772882E-05 
-3.326570E+01 -8.007268E-01 1.345466E-05 
-4.685370E+01 -2.544159E+00 2.955375E-03 
-1.751281E+01 -1.075130E+00 5.328608E-11 
-1.615173E+01 -2.506821E+00 2.104222E-04 
-6.936022E+01 -2.930591E+00 8.628559E-03 
-4.712524E+01 -2.320281E+00 2.360354E-03 
-1.828509E+01 -2.259106E+00 1.899573E-04 
-2.957384E+01 -2.627057E+00 1.087227E-03 
-1.992907E+01 -2.897238E+00 9.483619E-04 
-1.592107E+01 -1.725304E+00 6.320226E-07 
-1.526790E+01 -1.814411E+00 1.394741E-07 
-4.731791E+01 -2.573306E+00 3.634413E-03 
-3.245812E+01 -5.725713E-01 7.750893E-06 
-4.565106E+01 -1.067569E+00 1.219591E-03 
-1.711953E+01 -1.487306E+00 5.707106E-08 
-4.249650E+01 -7.085461E-01 3.188451E-04 
-1.384848E+01 -2.702438E+00 1.845620E-04 
-3.158443E+01 -1.993362E+00 3.586282E-04 
-3.023641E+01 -2.268531E+00 6.000305E-04 
-6.472652E+01 -2.888849E+00 7.900979E-03 
-3.127554E+01 -2.409468E+00 1.093278E-03 
-5.337950E+01 -8.602412E-01 2.874163E-03 
-1.382542E+01 -3.320155E+00 6.357832E-04 
-1.429422E+01 -2.586536E+00 1.257848E-04 
-1.236737E+01 -2.986919E+00 1.658410E-04 
-3.323979E+01 -2.257311E+00 7.055171E-04 
-6.078736E+01 -2.734415E+00 6.613757E-03 
-5.962051E+01 -2.515689E+00 4.655564E-03 
-3.475508E+01 -2.116297E+00 6.422225E-04 
-2.230548E+01 -2.770941E+00 6.516074E-04 
-1.576772E+01 -3.030283E+00 6.264945E-04 
-4.041146E+01 -2.214026E+00 1.038402E-03 
-1.813907E+01 -1.872273E+00 2.901664E-06 
-1.319190E+01 -2.712847E+00 9.150449E-05 
-1.763025E+01 -2.018032E+00 7.090372E-05 
-1.483398E+01 -2.309080E+00 5.980412E-05 
-1.322858E+01 -2.071260E+00 9.627988E-09 
-2.907390E+01 -2.701138E+00 1.281126E-03 
-1.452915E+01 -2.972363E+00 2.525357E-04 
-2.087268E+01 -3.360801E+00 1.601749E-03 
-2.071626E+01 -2.212743E+00 2.106053E-04 
-3.764085E+01 -1.931529E+00 6.262372E-04 
-1.544169E+01 -1.984400E+00 8.961352E-07 
-2.860996E+01 -2.028449E+00 2.635927E-04 
-1.891623E+01 -3.172969E+00 9.770548E-04 
-3.103962E+01 -2.264353E+00 7.265384E-04 
-5.164738E+01 -2.372714E+00 2.769711E-03 
-1.869858E+01 -2.573771E+00 5.055476E-04 
-7.213268E+01 -3.110002E+00 1.038300E-02 
-1.625567E+01 -3.354918E+00 1.213850E-03 
-4.575731E+01 -7.159565E-01 8.838511E-04 
-6.176186E+01 -1.426713E+00 6.802192E-03 
-1.823104E+01 -3.395591E+00 1.695651E-03 
-3.473846E+01 -2.416220E+00 1.300551E-03 
-6.036462E+01 -8.962115E-01 4.516550E-03 
-1.599875E+01 -2.457067E+00 1.673351E-04 
-5.710698E+01 -2.598843E+00 4.514322E-03 
-2.658024E+01 -2.294999E+00 3.970876E-04 
-4.105906E+01 -1.936560E+00 8.358727E-04 
-3.261632E+01 -2.596529E+00 1.443844E-03 
-5.343125E+01 -2.513790E+00 3.917318E-03 
-4.536240E+01 -2.149806E+00 1.870355E-03 
-2.240539E+01 -3.463927E+00 1.951622E-03 
-6.236849E+01 -1.402411E+00 5.737188E-03 
-5.686860E+01 -1.285051E+00 3.525152E-03 
-1.650208E+01 -2.851208E+00 5.814749E-04 
-1.243041E+01 -3.130248E+00 2.592588E-04 
-4.067578E+01 -2.282169E+00 1.490073E-03 
-3.228742E+01 -6.640017E-01 6.916485E-06 
-3.041820E+01 -2.461770E+00 1.055178E-03 
-5.668525E+01 -1.300390E+00 3.830891E-03 
-3.284567E+01 -2.137636E+00 4.634307E-04 
-3.333313E+01 -5.664903E-01 4.666443E-08 
-3.756335E+01 -6.021947E-01 1.002578E-05 
-2.578642E+01 -2.166290E+00 2.059160E-04 
-1.481929E+01 -2.366049E+00 8.521486E-05 
-2.500630E+01 -2.911418E+00 1.163559E-03 
-2.109199E+01 -2.531836E+00 3.790394E-04 
-4.151247E+01 -2.270455E+00 1.659203E-03 
-2.037819E+01 -3.288246E+00 1.515268E-03 
-2.262244E+01 -1.701385E+00 4.372322E-05 
-1.866668E+01 -2.667345E+00 5.436571E-04 
-2.221916E+01 -1.780772E+00 4.186254E-05 
-2.341307E+01 -2.409505E+00 4.683144E-04 
-2.223474E+01 -3.080743E+00 1.526513E-03 
-1.799669E+01 -2.375918E+00 1.166883E-04 
-4.869182E+01 -2.545917E+00 4.047257E-03 
-2.426037E+01 -3.026808E+00 1.603008E-03 
-2.775425E+01 -2.247026E+00 4.849410E-04 
-3.015277E+01 -2.006293E+00 6.684061E-05 
-5.050539E+01 -2.319941E+00 2.586797E-03 
-3.884362E+01 -2.335769E+00 1.789774E-03 
-3.476314E+01 -2.797977E+00 1.898571E-03 
-6.503574E+01 -1.431500E+00 7.307166E-03 
-4.550894E+01 -2.130434E+00 1.484890E-03 
-5.278369E+01 -2.562587E+00 4.326012E-03 
-5.982556E+01 -2.638863E+00 5.729821E-03 
-6.297324E+01 -2.880327E+00 7.492739E-03 
-2.714208E+01 -2.885440E+00 1.213024E-03 
-3.322626E+01 -2.659654E+00 1.468731E-03 
-1.613343E+01 -1.924351E+00 7.754525E-06 
-2.021527E+01 -1.674370E+00 8.753787E-08 
-1.643501E+01 -3.347769E+00 1.203179E-03 
-6.302493E+01 -2.847722E+00 7.147159E-03 
-3.356430E+01 -1.598052E+00 9.635008E-05 
-4.657999E+01 -2.266179E+00 2.140916E-03 
-2.118344E+01 -2.386015E+00 3.027581E-04 
-8.244279E+00 -3.449029E+00 7.698443E-05 
