-7.830540E+01 -3.280366E+00 1.343701E-02 
-3.085352E+01 -1.590212E+00 2.337256E-05 
-6.581006E+01 -2.948466E+00 8.792914E-03 
-8.997931E+01 -1.198215E-01 7.048261E-04 
-1.540506E+01 -1.739368E+00 4.231968E-08 
-7.019942E+01 -1.539134E+00 9.539041E-03 
-2.954511E+01 -1.527278E+00 9.180441E-07 
-2.985510E+02 -3.434587E-02 7.576035E-04 
-3.358597E+01 -1.695568E+00 8.768341E-05 
-2.230935E+01 -1.286055E+00 3.974051E-08 
-7.570880E+01 -3.661085E+00 1.933141E-02 
-2.413370E+01 -1.789775E+00 6.165772E-05 
-1.187963E+02 -6.826009E-01 5.089150E-03 
-5.501730E+01 -2.529547E+00 4.227749E-03 
-1.923920E+01 -1.690250E+00 5.069911E-09 
-8.244279E+00 -3.449029E+00 7.698443E-05 
-1.396538E+01 -3.216614E+00 7.080597E-04 
-1.779117E+01 -2.755925E+00 5.130125E-04 
-3.223416E+01 -2.399054E+00 9.373361E-04 
-8.431228E+01 -1.656704E-01 1.060216E-03 
-1.307581E+01 -2.638915E+00 8.357820E-05 
-6.993477E+01 -3.031547E+00 9.535217E-03 
-6.886219E+01 -2.586231E-01 2.565301E-04 
-2.165458E+01 -2.174656E+00 2.722418E-04 
-3.602055E+01 -1.712564E+00 1.004027E-04 
-1.761531E+01 -2.797083E+00 2.970014E-04 
-4.989505E+01 -2.277249E+00 2.187823E-03 
-2.590397E+01 -2.886173E+00 1.390898E-03 
-3.741780E+01 -6.226805E-01 7.483716E-06 
-1.874106E+01 -1.733542E+00 1.125573E-05 
-1.133441E+01 -3.945395E+00 3.621447E-03 
-6.661721E+01 -1.028901E+00 6.517843E-03 
-2.061072E+01 -2.805787E+00 6.164446E-04 
-5.831592E+01 -8.956629E-01 4.004442E-03 
-1.995220E+01 -2.329515E+00 3.090612E-04 
-8.120910E+01 -1.275635E-01 2.818834E-04 
-7.055444E+01 -3.405321E+00 1.598689E-02 
-1.833307E+01 -2.825532E+00 8.964878E-04 
-3.882252E+01 -1.931930E+00 5.774021E-04 
-2.929565E+01 -2.166616E+00 1.862931E-04 
-3.526939E+01 -2.020556E+00 4.350316E-04 
-2.533701E+01 -2.980056E+00 1.317096E-03 
-2.420676E+01 -8.330854E-01 5.800290E-08 
-1.311056E+01 -3.149612E+00 3.294656E-04 
-8.797788E+01 -1.423659E-01 4.954171E-03 
-8.609979E+01 -1.442232E-01 1.618638E-03 
-6.142267E+01 -9.335903E-01 4.923695E-03 
-3.712811E+01 -1.872800E+00 5.181926E-04 
-5.048473E+01 -2.567574E+00 4.469678E-03 
-3.064878E+01 -2.733871E+00 1.891292E-03 
-8.175397E+01 -1.257224E-01 4.373243E-04 
-1.651272E+01 -3.100433E+00 7.971228E-04 
-5.943256E+01 -1.969370E-01 1.006853E-05 
-8.829261E+01 -1.376591E-01 4.636923E-03 
-4.221675E+01 -1.018286E+00 5.599080E-04 
-6.530704E+01 -2.948499E+00 8.302574E-03 
-5.713762E+01 -2.543570E+00 4.628537E-03 
-8.465464E+01 -1.300898E-01 9.619600E-04 
-8.507566E+01 -3.487878E+00 1.665151E-02 
-2.258275E+01 -2.724053E+00 7.232697E-04 
-5.418084E+01 -1.270666E+00 3.016935E-03 
-4.877572E+01 -2.580794E+00 3.493296E-03 
-2.641051E+01 -3.058697E+00 1.537947E-03 
-8.098284E+01 -2.221045E-01 2.344602E-04 
-4.711484E+01 -7.891672E-01 1.263450E-03 
-2.598615E+01 -3.233372E+00 2.401539E-03 
-8.357225E+01 -1.405630E-01 6.364209E-04 
-6.613950E+01 -2.925646E+00 8.122734E-03 
-3.222316E+01 -1.655058E+00 7.378413E-05 
-7.699014E+01 -1.618971E+00 1.175470E-02 
-2.264741E+01 -3.034777E+00 1.263569E-03 
-2.113399E+01 -2.284869E+00 3.448183E-04 
-1.633072E+02 -1.228235E-01 9.414093E-04 
-2.059540E+01 -1.820554E+00 6.058953E-05 
-6.321938E+01 -9.890639E-01 5.690773E-03 
-7.386972E+01 -3.070477E+00 1.193276E-02 
-1.499971E+01 -3.441345E+00 8.144784E-04 
-6.508228E+01 -2.899126E+00 7.866743E-03 
-4.339127E+01 -2.484158E+00 2.268062E-03 
-1.787565E+01 -2.976664E+00 7.118454E-04 
-3.465473E+01 -2.500114E+00 1.375957E-03 
-6.046544E+01 -1.413790E+00 5.741278E-03 
-6.166155E+01 -3.029618E+00 8.502072E-03 
-7.936770E+01 -1.464888E-01 7.397652E-05 
-1.643501E+01 -3.347769E+00 1.203179E-03 
-1.962337E+01 -1.538162E+00 3.201386E-08 
-3.322626E+01 -2.659654E+00 1.468731E-03 
-8.971718E+01 -1.263266E-01 1.734307E-03 
-3.210991E+01 -2.577852E+00 1.161360E-03 
-5.489001E+01 -8.722692E-01 3.037434E-03 
-1.141283E+01 -4.889751E+00 8.384952E-03 
-1.862219E+01 -1.774216E+00 5.064457E-08 
-5.632671E+01 -1.333853E+00 4.491602E-03 
-1.479981E+01 -3.213822E+00 7.331670E-04 
-1.350014E+01 -3.270262E+00 6.208295E-04 
-1.490880E+01 -3.592307E+00 1.309132E-03 
-1.714521E+01 -9.044456E-02 9.196966E-12 
-3.322445E+01 -1.950283E+00 2.935670E-04 
-4.214553E+01 -2.345228E+00 1.796026E-03 
-5.844252E+01 -3.231260E+00 1.164991E-02 
-5.235397E+01 -1.218996E+00 2.679166E-03 
-4.957414E+01 -7.995594E-01 1.531527E-03 
-3.286900E+01 -2.231576E+00 5.192812E-04 
-8.725890E+01 -1.187143E-01 1.011127E-04 
-1.629731E+01 -3.136543E+00 7.177637E-04 
-2.714208E+01 -2.885440E+00 1.213024E-03 
-6.725450E+01 -2.999209E+00 8.888436E-03 
-1.926774E+01 -1.254833E+00 1.310546E-08 
-2.718677E+01 -2.782625E+00 1.118323E-03 
-3.416509E+01 -2.055508E+00 4.794368E-04 
-2.789589E+01 -2.185827E+00 3.701919E-04 
-5.664491E+01 -1.276877E-01 2.650501E-08 
-6.755067E+01 -3.010200E+00 9.277005E-03 
-2.634793E+01 -1.419762E+00 7.325471E-07 
-3.590800E+01 -1.323278E-01 1.114493E-08 
-4.808364E+01 -2.609872E+00 2.855716E-03 
-1.820511E+01 -2.876620E+00 8.977894E-04 
-1.251997E+01 -2.670367E+00 7.932945E-05 
-8.798579E+01 -1.236850E+00 1.716799E-02 
-3.187321E+01 -9.943923E-01 4.619838E-05 
-5.252915E+01 -2.294323E+00 2.853448E-03 
-1.440705E+01 -3.129384E+00 6.030016E-04 
-6.297324E+01 -2.880327E+00 7.492739E-03 
-4.496036E+01 -2.753132E+00 5.752281E-03 
-6.057604E+01 -2.748288E+00 6.202227E-03 
-6.039966E+01 -1.447579E+00 5.629917E-03 
-2.798811E+01 -2.903775E+00 1.822127E-03 
-6.143914E+01 -2.662213E+00 5.871067E-03 
-5.982556E+01 -2.638863E+00 5.729821E-03 
-3.313813E+01 -2.599161E+00 1.398150E-03 
-3.220663E+01 -2.864634E+00 2.566272E-03 
-2.396616E+01 -1.380304E+00 4.971249E-07 
-1.394479E+01 -2.023646E+00 1.084820E-06 
-5.679599E+01 -1.319321E+00 4.114887E-03 
-3.017440E+01 -1.810552E+00 1.148127E-04 
-5.302483E+01 -2.745859E+00 5.185985E-03 
-3.373275E+01 -1.970302E+00 4.332939E-04 
-8.278226E+01 -3.282228E+00 1.417316E-02 
-6.677068E+01 -3.175570E+00 1.171036E-02 
-3.039377E+01 -2.600548E+00 9.258465E-04 
-1.323754E+01 -2.716161E+00 1.337844E-04 
-7.134773E+01 -3.578048E+00 1.916895E-02 
-1.551388E+01 -2.263323E+00 3.797831E-05 
-7.339228E+01 -3.363588E+00 1.484502E-02 
-5.387790E+01 -2.455967E+00 3.042559E-03 
-4.936887E+01 -2.618833E+00 4.514250E-03 
-1.510718E+01 -3.287379E+00 9.190512E-04 
-6.951199E+01 -3.061451E+00 1.011091E-02 
-1.639036E+01 -2.061369E+00 1.239019E-05 
-1.204727E+01 -3.223597E+00 3.151498E-04 
-2.628849E+01 -2.344334E+00 3.969709E-04 
-4.045633E+01 -2.365997E+00 1.559010E-03 
-1.672324E+01 -3.741400E+00 1.908765E-03 
-4.353944E+01 -2.387075E+00 2.249261E-03 
-4.896312E+01 -2.682851E+00 4.465926E-03 
-7.349739E+01 -3.266454E+00 1.184174E-02 
-1.138403E+01 -2.518313E+00 8.377359E-07 
-3.527528E+01 -2.292972E+00 1.066148E-03 
-1.587104E+01 -3.211175E+00 8.597688E-04 
-1.456776E+01 -3.243078E+00 7.660728E-04 
-1.327605E+01 -3.005718E+00 2.748574E-04 
-7.571152E+01 -3.153044E+00 1.209555E-02 
-4.113407E+01 -1.979175E+00 1.068636E-03 
-8.473374E+01 -3.381956E+00 1.570091E-02 
-1.325445E+01 -2.046328E+00 4.280458E-07 
-1.275058E+01 -3.222243E+00 2.823176E-04 
-2.207136E+01 -3.247631E+00 1.511542E-03 
-5.449543E+01 -8.174372E-01 2.735020E-03 
-1.625586E+01 -2.940886E+00 5.241118E-04 
-3.262123E+01 -2.453568E+00 1.232692E-03 
-5.198715E+01 -8.236806E-01 1.744685E-03 
-4.661710E+01 -1.129478E+00 1.277070E-03 
-1.614596E+01 -2.206631E+00 5.411536E-05 
-6.961774E+02 -1.612234E-02 1.381947E-04 
-1.546342E+01 -1.791644E+00 4.377899E-08 
-7.987359E+01 -9.494734E-02 2.182105E-05 
-1.785629E+01 -2.192012E+00 6.715453E-05 
-1.375096E+01 -2.140460E+00 4.638160E-07 
-3.766489E+01 -6.363832E-01 3.389671E-05 
-6.674505E+01 -1.461253E+00 7.648152E-03 
-6.639573E+01 -2.900536E+00 8.607179E-03 
-2.504366E+01 -3.094923E+00 1.939836E-03 
-2.614373E+01 -3.131857E+00 3.084045E-03 
-5.573301E+01 -2.922571E+00 6.582937E-03 
-4.613482E+01 -7.624071E-01 1.078614E-03 
-1.970611E+01 -3.631436E+00 1.772676E-03 
-4.347793E+01 -2.335913E+00 1.571101E-03 
-1.575104E+01 -3.367700E+00 1.095241E-03 
-3.350350E+01 -8.801096E-01 8.552922E-05 
-2.381283E+01 -2.747337E+00 7.443717E-04 
-4.503631E+01 -2.450447E+00 2.620177E-03 
-3.174549E+01 -2.102307E+00 4.337737E-04 
-1.364070E+01 -2.751198E+00 1.553645E-04 
-3.028755E+01 -2.291172E+00 5.089314E-04 
-4.061915E+01 -9.858284E-01 4.749512E-04 
-4.419631E+01 -7.332720E-01 7.977416E-04 
-5.278369E+01 -2.562587E+00 4.326012E-03 
-1.315673E+01 -2.937496E+00 1.545161E-04 
-2.240487E+01 -2.950204E+00 1.140817E-03 
-6.014728E+01 -1.338183E+00 5.318607E-03 
-5.088921E+01 -2.229243E+00 2.489520E-03 
-8.766210E+02 -1.330261E-01 2.428974E-03 
-5.078772E+01 -2.471976E+00 3.798384E-03 
-2.690471E+01 -2.914415E+00 1.570704E-03 
-3.115358E+01 -2.023264E+00 3.747627E-04 
-2.396593E+01 -1.348929E+00 3.913153E-07 
-4.998727E+01 -2.614023E+00 4.179456E-03 
-4.827571E+01 -2.522441E+00 3.393259E-03 
-2.909096E+01 -2.441512E+00 8.164220E-04 
-3.570326E+01 -1.989898E+00 6.516497E-04 
-3.835607E+01 -2.256537E+00 1.177107E-03 
-1.389921E+01 -3.354813E+00 6.707602E-04 
-3.124817E+01 -2.266637E+00 6.038924E-04 
-1.230678E+01 -2.512701E+00 1.094798E-05 
-3.694366E+01 -1.739418E+00 3.124910E-04 
-1.492707E+01 -1.827180E+00 1.490053E-08 
-6.017957E+01 -2.687055E+00 6.174446E-03 
-4.550894E+01 -2.130434E+00 1.484890E-03 
-5.113071E+01 -2.383272E+00 2.921135E-03 
-4.774589E+01 -2.223281E+00 1.851259E-03 
-4.354986E+01 -7.382871E-01 6.767501E-04 
-3.334654E+01 -5.700694E-01 4.599024E-06 
-3.218347E+01 -7.951076E-01 8.765459E-07 
-1.748665E+01 -3.236452E+00 1.137295E-03 
-2.899824E+01 -2.707143E+00 1.113484E-03 
-1.538871E+01 -2.956386E+00 5.950684E-04 
-4.162384E+01 -2.409969E+00 2.138980E-03 
-2.585683E+01 -3.610757E+00 2.777993E-03 
-1.452069E+01 -1.801255E+00 6.070785E-10 
-2.582176E+01 -2.785860E+00 1.167438E-03 
-6.503574E+01 -1.431500E+00 7.307166E-03 
-1.236820E+01 -2.639560E+00 1.237146E-05 
-2.127335E+01 -3.131834E+00 9.612903E-04 
-7.457068E+01 -1.291380E-01 2.255326E-06 
-1.407350E+01 -3.529066E+00 9.776516E-04 
-7.803082E+01 -1.144676E+00 1.081709E-02 
-3.887787E+01 -2.396352E+00 1.263918E-03 
-5.218718E+02 -9.911195E-01 8.652077E-03 
-3.911189E+01 -2.165635E+00 1.025798E-03 
-1.768476E+01 -2.821329E+00 4.909498E-04 
-5.145207E+01 -1.208308E+00 2.622710E-03 
-7.118578E+01 -3.130063E+00 1.147978E-02 
-7.165253E+01 -2.973752E+00 1.010558E-02 
-1.499835E+01 -1.377166E+00 8.096790E-10 
-3.615843E+01 -2.072076E+00 7.441420E-04 
-1.257160E+01 -2.712020E+00 8.785378E-05 
-5.105321E+01 -2.349123E+00 2.688134E-03 
-3.476314E+01 -2.797977E+00 1.898571E-03 
-3.059655E+01 -2.675972E+00 1.286554E-03 
-3.371774E+01 -2.514203E+00 1.251165E-03 
-3.315734E+01 -2.335525E+00 7.808001E-04 
-2.688717E+01 -1.383229E+00 8.434945E-07 
-1.676729E+01 -3.279972E+00 1.174314E-03 
-1.979729E+01 -2.685308E+00 8.762335E-05 
-5.392855E+01 -1.248283E+00 2.802855E-03 
-2.807228E+01 -2.797140E+00 1.296240E-03 
-2.753551E+01 -1.667061E+00 1.108662E-05 
-2.405376E+01 -2.382923E+00 5.012286E-04 
-2.233502E+01 -2.730304E+00 5.616316E-04 
-4.560983E+01 -2.418460E+00 2.602334E-03 
-3.616847E+01 -2.341477E+00 1.072973E-03 
-3.852282E+01 -6.231686E-01 1.117220E-04 
-4.657999E+01 -2.266179E+00 2.140916E-03 
-4.654180E+01 -1.091991E+00 1.246201E-03 
-2.023928E+01 -3.209181E+00 1.112053E-03 
-5.415976E+01 -8.786813E-01 2.945649E-03 
-1.507587E+01 -2.999673E+00 5.444732E-04 
-1.533626E+01 -3.652704E+00 1.499219E-03 
-3.344880E+01 -2.537061E+00 1.546581E-03 
-3.320065E+01 -2.819252E+00 2.027790E-03 
-4.201783E+01 -1.373224E-01 3.777196E-06 
-1.434323E+01 -3.441785E+00 9.751571E-04 
-7.192596E+01 -3.527975E+00 1.885128E-02 
-7.365015E+01 -3.009247E+00 1.076142E-02 
-3.166088E+01 -2.876457E+00 2.031311E-03 
-4.638210E+01 -2.151754E+00 1.763051E-03 
-4.416519E+01 -2.187381E+00 1.606593E-03 
-1.233207E+01 -2.424592E+00 8.501031E-06 
-7.263522E+01 -2.952655E+00 9.803282E-03 
-7.654205E+01 -3.121364E+00 1.205006E-02 
-2.080319E+01 -2.017814E+00 1.164906E-04 
-4.002607E+01 -9.762424E-01 2.776382E-04 
-1.451902E+01 -2.982779E+00 3.343927E-04 
-1.623984E+01 -1.866527E+00 7.679073E-06 
-4.177345E+01 -7.114367E-01 4.606443E-04 
-5.580246E+01 -1.310640E+00 3.760758E-03 
-5.860231E+01 -2.585643E+00 5.153918E-03 
-1.409204E+01 -3.122580E+00 5.582194E-04 
-2.612521E+01 -3.156623E+00 1.984948E-03 
-2.677673E+01 -2.559465E+00 6.130557E-04 
-2.423094E+01 -3.303277E+00 2.546937E-03 
-6.528334E+01 -1.475117E+00 7.439585E-03 
-1.805419E+01 -2.907950E+00 7.652194E-04 
-1.500404E+01 -2.922995E+00 4.768817E-04 
-3.139983E+01 -2.470090E+00 1.078678E-03 
-5.882127E+01 -2.693289E+00 5.681361E-03 
-2.343263E+01 -3.429380E+00 1.700295E-03 
-2.714151E+01 -2.431171E+00 7.007320E-04 
-2.258233E+01 -2.884422E+00 1.107214E-03 
-1.510151E+01 -2.851304E+00 3.777160E-04 
-3.332360E+01 -2.398255E+00 8.843202E-04 
-1.390781E+01 -2.818398E+00 2.248748E-04 
-3.270736E+01 -2.427789E+00 1.147913E-03 
-6.010803E+01 -1.401943E+00 5.558617E-03 
-4.062709E+01 -4.127077E-02 4.970053E-09 
-2.144173E+01 -2.960890E+00 1.070231E-03 
-2.042535E+01 -1.212645E+00 2.348970E-10 
-6.119558E+01 -9.629832E-01 4.431878E-03 
-1.515627E+01 -2.164803E+00 2.867482E-05 
-5.356760E+01 -8.293899E-01 2.577945E-03 
-2.334881E+01 -2.589566E+00 5.529023E-04 
-6.116524E+01 -1.303010E-01 8.513987E-07 
-5.903282E+01 -9.201818E-01 4.149683E-03 
-1.178145E+01 -2.454908E+00 1.074433E-05 
-3.500841E+01 -2.421529E+00 1.879089E-03 
-4.267447E+01 -2.390922E+00 2.067190E-03 
-2.432322E+01 -3.097118E+00 1.742581E-03 
-5.501478E+01 -2.554099E+00 4.213654E-03 
-3.404751E+01 -2.609511E+00 1.578971E-03 
-2.829751E+01 -2.881318E+00 1.766435E-03 
-3.399082E+01 -2.359927E+00 9.917913E-04 
-1.605784E+01 -3.140015E+00 6.370394E-04 
-3.518936E+01 -1.714641E+00 2.531040E-04 
-2.216356E+01 -2.887447E+00 9.379559E-04 
-3.801944E+01 -2.104398E+00 8.820452E-04 
-2.016263E+01 -2.584931E+00 5.050428E-04 
-1.636029E+01 -3.182555E+00 8.532868E-04 
-4.411625E+01 -1.076285E+00 1.017840E-03 
-6.153350E+01 -2.802742E+00 6.560048E-03 
-5.351146E+01 -1.191190E+00 2.049083E-03 
-1.692235E+01 -3.332694E+00 1.273056E-03 
-1.430122E+01 -3.083081E+00 5.419523E-04 
-5.846216E+01 -2.702278E+00 5.426683E-03 
-2.476823E+01 -2.994713E+00 1.229923E-03 
-7.376230E+01 -1.102919E+00 9.661917E-03 
-5.772637E+01 -1.306741E+00 4.101752E-03 
-2.037819E+01 -3.288246E+00 1.515268E-03 
-7.591209E+01 -3.179348E+00 1.274376E-02 
-3.623668E+01 -8.990414E-01 1.201889E-04 
-1.516752E+01 -1.740676E+00 4.234515E-08 
-3.571725E+01 -2.204014E+00 8.365365E-04 
-4.761563E+01 -1.105376E+00 1.682537E-03 
-5.395767E+01 -2.466331E+00 4.140312E-03 
-4.067214E+01 -9.478383E-01 4.424893E-04 
-5.050539E+01 -2.319941E+00 2.586797E-03 
-6.070287E+01 -2.583900E+00 5.858888E-03 
-2.185426E+01 -2.056888E+00 1.681695E-04 
-3.466932E+01 -2.275430E+00 7.830441E-04 
-1.616109E+01 -2.698731E+00 1.999088E-04 
-3.582927E+01 -7.387638E-03 8.891328E-12 
-2.829585E+01 -2.526724E+00 7.850950E-04 
-2.956165E+01 -9.338363E-01 1.487673E-07 
-4.366838E+01 -1.062954E+00 8.743551E-04 
-1.739252E+01 -3.076087E+00 6.416996E-04 
-1.463594E+01 -3.577086E+00 1.153742E-03 
-3.015277E+01 -2.006293E+00 6.684061E-05 
-3.210541E+01 -2.003968E+00 2.939259E-04 
-4.998468E+01 -7.811093E-01 1.725213E-03 
-1.536034E+01 -3.512756E+00 1.344211E-03 
-7.202224E+01 -3.516590E+00 1.862264E-02 
-1.351068E+01 -3.050770E+00 3.683132E-04 
-1.352570E+01 -2.756101E+00 2.032142E-04 
-2.781876E+01 -1.768998E+00 4.550092E-05 
-5.408327E+01 -2.749398E+00 5.466759E-03 
-3.851803E+01 -2.230903E+00 1.252833E-03 
-3.522936E+01 -1.789515E+00 2.938288E-04 
-1.445678E+01 -2.332809E+00 6.260329E-05 
-2.775425E+01 -2.247026E+00 4.849410E-04 
-4.118019E+01 -1.955194E+00 1.050493E-03 
-5.594618E+01 -9.003508E-01 3.262186E-03 
-2.749949E+01 -2.700822E+00 8.288734E-04 
-1.512961E+01 -2.062218E+00 8.977858E-06 
-5.809858E+01 -2.719473E+00 5.538069E-03 
-4.752756E+01 -1.112289E+00 1.359673E-03 
-1.138738E+01 -2.665833E+00 3.201198E-05 
-4.560380E+01 -2.428517E+00 2.352189E-03 
-5.089615E+01 -2.316731E+00 2.498069E-03 
-5.035432E+01 -2.606875E+00 4.640539E-03 
-1.393304E+01 -2.352892E+00 4.551086E-05 
-1.820389E+01 -3.888348E+00 2.328425E-03 
-1.439844E+01 -3.012240E+00 3.075807E-04 
-2.875387E+01 -2.483002E+00 8.510721E-04 
-4.357170E+01 -2.461422E+00 2.519414E-03 
-3.300098E+01 -1.917508E+00 1.712792E-04 
-6.418322E+01 -9.971044E-01 6.216694E-03 
-8.291654E+01 -3.334125E+00 1.451662E-02 
-4.074371E+01 -2.104576E+00 1.329128E-03 
-1.477798E+01 -3.469211E+00 1.095409E-03 
-1.472036E+01 -1.985501E+00 8.670629E-07 
-3.939872E+01 -9.820914E-02 2.342998E-10 
-1.653486E+01 -2.123449E+00 4.406298E-05 
-1.549455E+01 -2.122713E+00 1.772882E-05 
-3.326570E+01 -8.007268E-01 1.345466E-05 
-3.820436E+01 -2.166499E+00 1.134987E-03 
-1.751281E+01 -1.075130E+00 5.328608E-11 
-2.043167E+01 -1.582426E+00 1.300716E-06 
-6.936022E+01 -2.930591E+00 8.628559E-03 
-4.712524E+01 -2.320281E+00 2.360354E-03 
-6.302493E+01 -2.847722E+00 7.147159E-03 
-4.723116E+01 -1.142732E+00 1.673786E-03 
-4.289075E+01 -1.980617E+00 1.132996E-03 
-2.298038E+01 -3.071119E+00 1.464338E-03 
-1.526790E+01 -1.814411E+00 1.394741E-07 
-2.500630E+01 -2.911418E+00 1.163559E-03 
-1.345468E+01 -2.487885E+00 3.589407E-05 
-4.565106E+01 -1.067569E+00 1.219591E-03 
-4.181813E+01 -2.365963E+00 1.965194E-03 
-4.249650E+01 -7.085461E-01 3.188451E-04 
-1.384848E+01 -2.702438E+00 1.845620E-04 
-3.018117E+01 -2.659274E+00 1.013650E-03 
-1.745830E+01 -3.065217E+00 7.745544E-04 
-2.928360E+01 -2.854425E+00 1.658662E-03 
-4.930645E+01 -1.156455E+00 1.962426E-03 
-1.346649E+01 -3.269601E+00 5.088269E-04 
-1.574648E+01 -3.630210E+00 1.359470E-03 
-2.341307E+01 -2.409505E+00 4.683144E-04 
-8.166557E+01 -3.471882E+00 1.655773E-02 
-3.323979E+01 -2.257311E+00 7.055171E-04 
-2.147025E+01 -2.506243E+00 4.938267E-04 
-5.962051E+01 -2.515689E+00 4.655564E-03 
-4.457801E+01 -2.067855E+00 1.324820E-03 
-2.230548E+01 -2.770941E+00 6.516074E-04 
-1.576772E+01 -3.030283E+00 6.264945E-04 
-2.102504E+01 -3.494628E+00 1.683901E-03 
-3.740702E+01 -2.219480E+00 1.092416E-03 
-1.319190E+01 -2.712847E+00 9.150449E-05 
-1.388798E+01 -3.324069E+00 6.217442E-04 
-1.483398E+01 -2.309080E+00 5.980412E-05 
-1.322858E+01 -2.071260E+00 9.627988E-09 
-2.907390E+01 -2.701138E+00 1.281126E-03 
-1.452915E+01 -2.972363E+00 2.525357E-04 
-2.087268E+01 -3.360801E+00 1.601749E-03 
-2.071626E+01 -2.212743E+00 2.106053E-04 
-2.186641E+01 -1.613919E+00 4.637827E-06 
-1.544169E+01 -1.984400E+00 8.961352E-07 
-1.660130E+01 -3.639448E+00 1.619064E-03 
-6.454861E+01 -2.848165E+00 7.701629E-03 
-2.246407E+01 -2.808777E+00 8.674883E-04 
-5.164738E+01 -2.372714E+00 2.769711E-03 
-2.337308E+01 -2.785880E+00 1.118181E-03 
-7.213268E+01 -3.110002E+00 1.038300E-02 
-1.238116E+01 -3.418238E+00 5.406699E-04 
-4.575731E+01 -7.159565E-01 8.838511E-04 
-3.377726E+01 -2.057977E+00 5.324361E-04 
-1.994577E+01 -3.498307E+00 1.996084E-03 
-3.473846E+01 -2.416220E+00 1.300551E-03 
-7.283654E+01 -3.086213E+00 1.028365E-02 
-3.282541E+01 -2.281340E+00 7.736120E-04 
-5.710698E+01 -2.598843E+00 4.514322E-03 
-2.435937E+01 -2.402045E+00 5.969779E-04 
-4.105906E+01 -1.936560E+00 8.358727E-04 
-1.455873E+01 -2.294396E+00 3.256467E-05 
-5.343125E+01 -2.513790E+00 3.917318E-03 
-2.319147E+01 -2.810279E+00 1.013482E-03 
-2.240539E+01 -3.463927E+00 1.951622E-03 
-6.236849E+01 -1.402411E+00 5.737188E-03 
-5.686860E+01 -1.285051E+00 3.525152E-03 
-1.650208E+01 -2.851208E+00 5.814749E-04 
-1.243041E+01 -3.130248E+00 2.592588E-04 
-4.067578E+01 -2.282169E+00 1.490073E-03 
-3.228742E+01 -6.640017E-01 6.916485E-06 
-3.194844E+01 -2.654264E+00 1.393878E-03 
-5.668525E+01 -1.300390E+00 3.830891E-03 
-3.284567E+01 -2.137636E+00 4.634307E-04 
-5.377234E+01 -2.473779E+00 4.001918E-03 
-2.745598E+01 -2.364412E+00 7.323871E-04 
-3.194137E+01 -5.857364E-01 1.451695E-10 
-4.240871E+01 -2.015970E+00 1.173955E-03 
-5.853608E+01 -2.651601E+00 4.850957E-03 
-2.039766E+01 -1.971791E+00 5.778842E-05 
-6.647971E+01 -2.865272E+00 7.862146E-03 
-2.221509E+01 -3.113565E+00 1.152732E-03 
-7.880452E+01 -3.262836E+00 1.284437E-02 
-1.641251E+01 -3.535476E+00 1.416939E-03 
-1.585573E+01 -2.280684E+00 6.319290E-05 
-1.975959E+01 -1.919987E+00 4.379796E-05 
-3.205716E+01 -2.619102E+00 1.184417E-03 
-5.536929E+01 -3.169895E+00 1.018009E-02 
-2.152515E+01 -3.141112E+00 1.105650E-03 
-1.818940E+01 -2.161296E+00 7.492517E-05 
-5.638943E+01 -1.306962E+00 3.379899E-03 
-2.978339E+01 -2.826024E+00 1.640174E-03 
-2.315520E+01 -2.904264E+00 1.124400E-03 
-2.401666E+01 -2.530134E+00 5.750923E-04 
-5.447413E+01 -1.263149E+00 2.995051E-03 
-3.518341E+01 -2.154021E+00 6.506222E-04 
-1.784701E+01 -3.356619E+00 1.341819E-03 
-7.307751E+01 -3.175076E+00 1.160280E-02 
-3.496454E+01 -2.229237E+00 5.835885E-04 
-6.373424E+01 -2.806893E+00 7.453911E-03 
-2.038971E+01 -1.751233E+00 2.211875E-05 
-8.065413E+01 -3.349976E+00 1.512746E-02 
-2.938977E+01 -2.363790E+00 6.283351E-04 
-2.407726E+01 -3.374607E+00 2.244893E-03 
-3.943890E+01 -6.479209E-01 1.331286E-04 
-3.822593E+01 -1.857622E+00 3.550644E-04 
-3.013816E+01 -2.770020E+00 1.439184E-03 
-1.386648E+01 -2.391454E+00 3.794871E-05 
-4.900583E+01 -2.612559E+00 3.685503E-03 
-2.678222E+01 -3.014888E+00 1.575392E-03 
