-7.830540E+01 -3.280366E+00 1.343701E-02 
-6.412511E+01 -3.067528E+00 1.019631E-02 
-6.581006E+01 -2.948466E+00 8.792914E-03 
-8.997931E+01 -1.198215E-01 7.048261E-04 
-7.359141E+01 -3.288166E+00 1.331456E-02 
-7.019942E+01 -1.539134E+00 9.539041E-03 
-2.954511E+01 -1.527278E+00 9.180441E-07 
-2.985510E+02 -3.434587E-02 7.576035E-04 
-3.358597E+01 -1.695568E+00 8.768341E-05 
-2.230935E+01 -1.286055E+00 3.974051E-08 
-7.570880E+01 -3.661085E+00 1.933141E-02 
-1.992772E+01 -3.212719E+00 1.467294E-03 
-1.187963E+02 -6.826009E-01 5.089150E-03 
-5.501730E+01 -2.529547E+00 4.227749E-03 
-1.658136E+01 -2.865712E+00 4.662345E-04 
-8.244279E+00 -3.449029E+00 7.698443E-05 
-1.420813E+01 -3.163844E+00 5.453698E-04 
-1.779117E+01 -2.755925E+00 5.130125E-04 
-3.223416E+01 -2.399054E+00 9.373361E-04 
-8.431228E+01 -1.656704E-01 1.060216E-03 
-5.993148E+01 -3.128971E+00 9.346213E-03 
-6.993477E+01 -3.031547E+00 9.535217E-03 
-6.886219E+01 -2.586231E-01 2.565301E-04 
-6.180186E+01 -1.452850E+00 6.497998E-03 
-3.602055E+01 -1.712564E+00 1.004027E-04 
-1.761531E+01 -2.797083E+00 2.970014E-04 
-4.089131E+01 -2.536902E+00 2.082620E-03 
-2.590397E+01 -2.886173E+00 1.390898E-03 
-3.741780E+01 -6.226805E-01 7.483716E-06 
-3.362600E+01 -2.048255E+00 4.378185E-04 
-1.133441E+01 -3.945395E+00 3.621447E-03 
-6.661721E+01 -1.028901E+00 6.517843E-03 
-2.061072E+01 -2.805787E+00 6.164446E-04 
-5.831592E+01 -8.956629E-01 4.004442E-03 
-2.026177E+01 -3.425984E+00 1.526334E-03 
-8.120910E+01 -1.275635E-01 2.818834E-04 
-4.878388E+01 -2.546945E+00 3.616414E-03 
-2.678222E+01 -3.014888E+00 1.575392E-03 
-3.882252E+01 -1.931930E+00 5.774021E-04 
-2.929565E+01 -2.166616E+00 1.862931E-04 
-3.031254E+01 -2.742170E+00 1.403381E-03 
-2.533701E+01 -2.980056E+00 1.317096E-03 
-6.070473E+01 -2.746151E+00 5.949262E-03 
-1.311056E+01 -3.149612E+00 3.294656E-04 
-8.797788E+01 -1.423659E-01 4.954171E-03 
-8.609979E+01 -1.442232E-01 1.618638E-03 
-6.142267E+01 -9.335903E-01 4.923695E-03 
-6.642047E+01 -2.929178E+00 7.824963E-03 
-6.352398E+01 -2.856575E+00 7.282197E-03 
-4.633595E+01 -2.120990E+00 1.227304E-03 
-8.175397E+01 -1.257224E-01 4.373243E-04 
-1.651272E+01 -3.100433E+00 7.971228E-04 
-5.943256E+01 -1.969370E-01 1.006853E-05 
-8.829261E+01 -1.376591E-01 4.636923E-03 
-4.221675E+01 -1.018286E+00 5.599080E-04 
-6.530704E+01 -2.948499E+00 8.302574E-03 
-2.487790E+01 -2.080364E+00 8.982947E-05 
-8.465464E+01 -1.300898E-01 9.619600E-04 
-8.507566E+01 -3.487878E+00 1.665151E-02 
-4.900583E+01 -2.612559E+00 3.685503E-03 
-5.418084E+01 -1.270666E+00 3.016935E-03 
-2.157613E+01 -3.079010E+00 1.008165E-03 
-2.641051E+01 -3.058697E+00 1.537947E-03 
-8.098284E+01 -2.221045E-01 2.344602E-04 
-2.175561E+01 -2.603510E+00 4.698295E-04 
-2.598615E+01 -3.233372E+00 2.401539E-03 
-8.357225E+01 -1.405630E-01 6.364209E-04 
-3.695792E+01 -2.192426E+00 9.214489E-04 
-3.222316E+01 -1.655058E+00 7.378413E-05 
-7.699014E+01 -1.618971E+00 1.175470E-02 
-2.264741E+01 -3.034777E+00 1.263569E-03 
-2.113399E+01 -2.284869E+00 3.448183E-04 
-1.633072E+02 -1.228235E-01 9.414093E-04 
-1.756703E+01 -2.859231E+00 5.392293E-04 
-6.321938E+01 -9.890639E-01 5.690773E-03 
-1.420247E+01 -3.241886E+00 6.617422E-04 
-1.499971E+01 -3.441345E+00 8.144784E-04 
-4.418303E+01 -2.427307E+00 2.031103E-03 
-4.339127E+01 -2.484158E+00 2.268062E-03 
-1.787565E+01 -2.976664E+00 7.118454E-04 
-3.465473E+01 -2.500114E+00 1.375957E-03 
-6.046544E+01 -1.413790E+00 5.741278E-03 
-6.166155E+01 -3.029618E+00 8.502072E-03 
-7.936770E+01 -1.464888E-01 7.397652E-05 
-1.643501E+01 -3.347769E+00 1.203179E-03 
-4.651143E+01 -8.138882E-01 1.187016E-03 
-3.322626E+01 -2.659654E+00 1.468731E-03 
-8.971718E+01 -1.263266E-01 1.734307E-03 
-3.210991E+01 -2.577852E+00 1.161360E-03 
-5.489001E+01 -8.722692E-01 3.037434E-03 
-1.141283E+01 -4.889751E+00 8.384952E-03 
-2.098384E+01 -2.856467E+00 9.071557E-04 
-5.426037E+01 -2.490084E+00 3.717593E-03 
-2.110465E+01 -3.278277E+00 1.588700E-03 
-2.431521E+01 -3.146947E+00 1.557100E-03 
-1.490880E+01 -3.592307E+00 1.309132E-03 
-1.714521E+01 -9.044456E-02 9.196966E-12 
-3.378469E+01 -2.064053E+00 4.383150E-04 
-4.214553E+01 -2.345228E+00 1.796026E-03 
-5.844252E+01 -3.231260E+00 1.164991E-02 
-5.235397E+01 -1.218996E+00 2.679166E-03 
-1.838530E+01 -2.686281E+00 4.577274E-04 
-3.055883E+01 -2.963159E+00 2.379248E-03 
-8.725890E+01 -1.187143E-01 1.011127E-04 
-1.629731E+01 -3.136543E+00 7.177637E-04 
-2.714208E+01 -2.885440E+00 1.213024E-03 
-6.725450E+01 -2.999209E+00 8.888436E-03 
-1.926774E+01 -1.254833E+00 1.310546E-08 
-2.718677E+01 -2.782625E+00 1.118323E-03 
-1.403533E+01 -3.099730E+00 4.598514E-04 
-1.693227E+01 -3.671855E+00 1.832747E-03 
-5.664491E+01 -1.276877E-01 2.650501E-08 
-1.987179E+01 -2.116393E+00 1.525043E-04 
-2.634793E+01 -1.419762E+00 7.325471E-07 
-3.590800E+01 -1.323278E-01 1.114493E-08 
-4.808364E+01 -2.609872E+00 2.855716E-03 
-4.826682E+01 -2.246014E+00 1.955553E-03 
-3.077521E+01 -2.235443E+00 5.913681E-04 
-8.798579E+01 -1.236850E+00 1.716799E-02 
-3.187321E+01 -9.943923E-01 4.619838E-05 
-5.252915E+01 -2.294323E+00 2.853448E-03 
-4.636321E+01 -2.486967E+00 2.849156E-03 
-6.369495E+01 -2.953438E+00 7.352582E-03 
-4.496036E+01 -2.753132E+00 5.752281E-03 
-6.057604E+01 -2.748288E+00 6.202227E-03 
-6.039966E+01 -1.447579E+00 5.629917E-03 
-2.798811E+01 -2.903775E+00 1.822127E-03 
-6.143914E+01 -2.662213E+00 5.871067E-03 
-5.982556E+01 -2.638863E+00 5.729821E-03 
-3.313813E+01 -2.599161E+00 1.398150E-03 
-3.220663E+01 -2.864634E+00 2.566272E-03 
-2.396616E+01 -1.380304E+00 4.971249E-07 
-1.394479E+01 -2.023646E+00 1.084820E-06 
-5.679599E+01 -1.319321E+00 4.114887E-03 
-3.017440E+01 -1.810552E+00 1.148127E-04 
-5.302483E+01 -2.745859E+00 5.185985E-03 
-1.666116E+01 -3.520124E+00 1.521354E-03 
-8.278226E+01 -3.282228E+00 1.417316E-02 
-6.677068E+01 -3.175570E+00 1.171036E-02 
-3.039377E+01 -2.600548E+00 9.258465E-04 
-2.843084E+01 -2.677519E+00 8.375605E-04 
-5.195446E+01 -1.209930E+00 2.108310E-03 
-8.620134E+01 -3.515949E+00 1.709630E-02 
-7.339228E+01 -3.363588E+00 1.484502E-02 
-5.387790E+01 -2.455967E+00 3.042559E-03 
-4.936887E+01 -2.618833E+00 4.514250E-03 
-1.510718E+01 -3.287379E+00 9.190512E-04 
-6.951199E+01 -3.061451E+00 1.011091E-02 
-7.642996E+01 -3.195216E+00 1.277587E-02 
-1.204727E+01 -3.223597E+00 3.151498E-04 
-2.628849E+01 -2.344334E+00 3.969709E-04 
-4.045633E+01 -2.365997E+00 1.559010E-03 
-1.672324E+01 -3.741400E+00 1.908765E-03 
-1.848477E+01 -1.557106E+00 1.773818E-07 
-4.896312E+01 -2.682851E+00 4.465926E-03 
-7.349739E+01 -3.266454E+00 1.184174E-02 
-5.639367E+01 -2.681291E+00 5.161919E-03 
-1.561206E+01 -1.920062E+00 5.426050E-09 
-1.587104E+01 -3.211175E+00 8.597688E-04 
-1.456776E+01 -3.243078E+00 7.660728E-04 
-3.975320E+01 -2.301136E+00 1.354845E-03 
-7.571152E+01 -3.153044E+00 1.209555E-02 
-1.497204E+01 -2.805562E+00 3.398481E-04 
-8.473374E+01 -3.381956E+00 1.570091E-02 
-6.132768E+01 -2.712560E+00 6.035896E-03 
-1.275058E+01 -3.222243E+00 2.823176E-04 
-2.134778E+01 -2.347574E+00 3.493775E-04 
-7.458782E+01 -3.187914E+00 1.188470E-02 
-4.122298E+01 -6.935825E-01 2.587751E-04 
-2.434110E+01 -2.868814E+00 9.324128E-04 
-5.198715E+01 -8.236806E-01 1.744685E-03 
-6.122938E+01 -2.744901E+00 6.317786E-03 
-4.789163E+01 -7.886641E-01 1.476336E-03 
-6.961774E+02 -1.612234E-02 1.381947E-04 
-6.134559E+01 -2.691976E+00 5.752403E-03 
-7.987359E+01 -9.494734E-02 2.182105E-05 
-6.238844E+01 -9.753184E-01 5.551762E-03 
-5.801320E+01 -9.057066E-01 3.499658E-03 
-3.766489E+01 -6.363832E-01 3.389671E-05 
-6.674505E+01 -1.461253E+00 7.648152E-03 
-6.496312E+01 -2.841153E+00 6.721711E-03 
-2.504366E+01 -3.094923E+00 1.939836E-03 
-5.899175E+01 -2.634002E+00 4.989478E-03 
-5.573301E+01 -2.922571E+00 6.582937E-03 
-5.515032E+01 -2.942361E+00 6.630810E-03 
-1.970611E+01 -3.631436E+00 1.772676E-03 
-4.347793E+01 -2.335913E+00 1.571101E-03 
-1.575104E+01 -3.367700E+00 1.095241E-03 
-1.718398E+01 -3.277133E+00 1.127314E-03 
-2.381283E+01 -2.747337E+00 7.443717E-04 
-1.987626E+01 -3.283459E+00 1.402944E-03 
-7.012349E+01 -1.543859E+00 9.618372E-03 
-2.288664E+01 -3.641463E+00 2.433202E-03 
-4.475006E+01 -2.358267E+00 2.352122E-03 
-5.458184E+01 -1.308692E-01 2.163962E-08 
-4.419631E+01 -7.332720E-01 7.977416E-04 
-1.635806E+01 -2.088634E+00 4.038535E-05 
-1.315673E+01 -2.937496E+00 1.545161E-04 
-2.240487E+01 -2.950204E+00 1.140817E-03 
-6.014728E+01 -1.338183E+00 5.318607E-03 
-5.088921E+01 -2.229243E+00 2.489520E-03 
-1.683639E+01 -1.954468E+00 2.247252E-05 
-2.396422E+01 -3.176348E+00 1.402632E-03 
-2.690471E+01 -2.914415E+00 1.570704E-03 
-2.263645E+01 -2.183034E+00 3.026721E-04 
-4.013913E+01 -2.286452E+00 1.552677E-03 
-4.998727E+01 -2.614023E+00 4.179456E-03 
-4.827571E+01 -2.522441E+00 3.393259E-03 
-2.909096E+01 -2.441512E+00 8.164220E-04 
-7.543311E+01 -3.584732E+00 1.913046E-02 
-3.835607E+01 -2.256537E+00 1.177107E-03 
-1.389921E+01 -3.354813E+00 6.707602E-04 
-6.524384E+01 -1.526399E+00 7.797701E-03 
-1.230678E+01 -2.512701E+00 1.094798E-05 
-4.064519E+01 -2.217144E+00 1.370117E-03 
-1.330189E+01 -3.295004E+00 4.954230E-04 
-1.546085E+01 -3.213025E+00 7.707993E-04 
-4.550894E+01 -2.130434E+00 1.484890E-03 
-5.113071E+01 -2.383272E+00 2.921135E-03 
-1.694369E+01 -2.930112E+00 5.956607E-04 
-4.354986E+01 -7.382871E-01 6.767501E-04 
-3.334654E+01 -5.700694E-01 4.599024E-06 
-1.930323E+01 -1.437586E+00 4.198649E-08 
-1.748665E+01 -3.236452E+00 1.137295E-03 
-7.096396E+01 -3.046669E+00 9.918403E-03 
-1.538871E+01 -2.956386E+00 5.950684E-04 
-3.529483E+01 -2.167936E+00 6.411918E-04 
-2.585683E+01 -3.610757E+00 2.777993E-03 
-1.757331E+01 -3.009480E+00 8.688211E-04 
-5.443091E+01 -2.572468E+00 4.270119E-03 
-3.050248E+01 -2.914202E+00 2.096311E-03 
-1.236820E+01 -2.639560E+00 1.237146E-05 
-2.127335E+01 -3.131834E+00 9.612903E-04 
-7.457068E+01 -1.291380E-01 2.255326E-06 
-1.407350E+01 -3.529066E+00 9.776516E-04 
-7.803082E+01 -1.144676E+00 1.081709E-02 
-3.887787E+01 -2.396352E+00 1.263918E-03 
-5.218718E+02 -9.911195E-01 8.652077E-03 
-4.107010E+01 -1.000404E+00 4.759539E-04 
-2.878048E+01 -2.710309E+00 1.123628E-03 
-1.839636E+01 -2.970799E+00 8.831365E-04 
-7.118578E+01 -3.130063E+00 1.147978E-02 
-7.165253E+01 -2.973752E+00 1.010558E-02 
-2.957424E+01 -1.935572E+00 3.934795E-05 
-3.061167E+01 -2.382555E+00 7.814641E-04 
-1.362158E+01 -2.100451E+00 8.409805E-09 
-5.105321E+01 -2.349123E+00 2.688134E-03 
-3.476314E+01 -2.797977E+00 1.898571E-03 
-2.570891E+01 -2.995453E+00 1.384562E-03 
-3.371774E+01 -2.514203E+00 1.251165E-03 
-1.742003E+01 -2.800464E+00 4.885406E-04 
-2.688717E+01 -1.383229E+00 8.434945E-07 
-1.676729E+01 -3.279972E+00 1.174314E-03 
-1.979729E+01 -2.685308E+00 8.762335E-05 
-5.392855E+01 -1.248283E+00 2.802855E-03 
-2.807228E+01 -2.797140E+00 1.296240E-03 
-2.753551E+01 -1.667061E+00 1.108662E-05 
-6.712731E+01 -2.946879E+00 8.717938E-03 
-2.233502E+01 -2.730304E+00 5.616316E-04 
-4.560983E+01 -2.418460E+00 2.602334E-03 
-3.616847E+01 -2.341477E+00 1.072973E-03 
-3.852282E+01 -6.231686E-01 1.117220E-04 
-4.657999E+01 -2.266179E+00 2.140916E-03 
-4.654180E+01 -1.091991E+00 1.246201E-03 
-2.023928E+01 -3.209181E+00 1.112053E-03 
-5.419882E+01 -2.490480E+00 3.436638E-03 
-1.507587E+01 -2.999673E+00 5.444732E-04 
-1.533626E+01 -3.652704E+00 1.499219E-03 
-3.344880E+01 -2.537061E+00 1.546581E-03 
-3.320065E+01 -2.819252E+00 2.027790E-03 
-4.201783E+01 -1.373224E-01 3.777196E-06 
-8.405209E+01 -3.429259E+00 1.568553E-02 
-7.192596E+01 -3.527975E+00 1.885128E-02 
-8.162993E+01 -3.508577E+00 1.580863E-02 
-3.166088E+01 -2.876457E+00 2.031311E-03 
-3.943890E+01 -6.479209E-01 1.331286E-04 
-2.407726E+01 -3.374607E+00 2.244893E-03 
-4.839458E+01 -2.562817E+00 3.451182E-03 
-7.263522E+01 -2.952655E+00 9.803282E-03 
-7.654205E+01 -3.121364E+00 1.205006E-02 
-7.501921E+01 -3.024240E+00 1.043725E-02 
-4.002607E+01 -9.762424E-01 2.776382E-04 
-1.451902E+01 -2.982779E+00 3.343927E-04 
-4.928050E+01 -2.297484E+00 2.319473E-03 
-4.177345E+01 -7.114367E-01 4.606443E-04 
-5.580246E+01 -1.310640E+00 3.760758E-03 
-3.815539E+01 -6.012368E-02 5.867444E-11 
-1.385794E+01 -2.789134E+00 1.850789E-04 
-2.612521E+01 -3.156623E+00 1.984948E-03 
-2.677673E+01 -2.559465E+00 6.130557E-04 
-5.809123E+01 -1.349073E+00 4.512768E-03 
-2.585493E+01 -2.445708E+00 5.712833E-04 
-1.805419E+01 -2.907950E+00 7.652194E-04 
-1.500404E+01 -2.922995E+00 4.768817E-04 
-3.139983E+01 -2.470090E+00 1.078678E-03 
-5.882127E+01 -2.693289E+00 5.681361E-03 
-2.343263E+01 -3.429380E+00 1.700295E-03 
-3.083915E+01 -1.034079E+00 1.397518E-05 
-3.807616E+01 -1.896624E+00 2.938375E-04 
-1.510151E+01 -2.851304E+00 3.777160E-04 
-3.148720E+01 -1.603701E+00 5.775806E-05 
-1.390781E+01 -2.818398E+00 2.248748E-04 
-3.270736E+01 -2.427789E+00 1.147913E-03 
-6.010803E+01 -1.401943E+00 5.558617E-03 
-2.947035E+01 -2.263154E+00 5.948152E-04 
-2.555462E+01 -2.861452E+00 1.055611E-03 
-2.042535E+01 -1.212645E+00 2.348970E-10 
-6.119558E+01 -9.629832E-01 4.431878E-03 
-1.515627E+01 -2.164803E+00 2.867482E-05 
-8.351860E+01 -3.494196E+00 1.554126E-02 
-3.207907E+01 -2.199297E+00 4.828688E-04 
-6.116524E+01 -1.303010E-01 8.513987E-07 
-5.903282E+01 -9.201818E-01 4.149683E-03 
-4.524868E+01 -2.466707E+00 2.644096E-03 
-3.500841E+01 -2.421529E+00 1.879089E-03 
-2.318794E+01 -1.319319E+00 1.539325E-07 
-2.432322E+01 -3.097118E+00 1.742581E-03 
-5.501478E+01 -2.554099E+00 4.213654E-03 
-3.404751E+01 -2.609511E+00 1.578971E-03 
-2.829751E+01 -2.881318E+00 1.766435E-03 
-3.399082E+01 -2.359927E+00 9.917913E-04 
-1.605784E+01 -3.140015E+00 6.370394E-04 
-3.518936E+01 -1.714641E+00 2.531040E-04 
-1.223976E+01 -2.304111E+00 2.801715E-06 
-3.801944E+01 -2.104398E+00 8.820452E-04 
-3.621980E+01 -2.135143E+00 7.051410E-04 
-1.636029E+01 -3.182555E+00 8.532868E-04 
-5.397554E+01 -8.550498E-01 2.222925E-03 
-6.153350E+01 -2.802742E+00 6.560048E-03 
-2.101602E+01 -2.396433E+00 4.234421E-04 
-1.692235E+01 -3.332694E+00 1.273056E-03 
-1.430122E+01 -3.083081E+00 5.419523E-04 
-5.846216E+01 -2.702278E+00 5.426683E-03 
-2.476823E+01 -2.994713E+00 1.229923E-03 
-7.376230E+01 -1.102919E+00 9.661917E-03 
-5.772637E+01 -1.306741E+00 4.101752E-03 
-2.037819E+01 -3.288246E+00 1.515268E-03 
-7.591209E+01 -3.179348E+00 1.274376E-02 
-3.623668E+01 -8.990414E-01 1.201889E-04 
-4.345103E+01 -2.077678E+00 1.048090E-03 
-3.571725E+01 -2.204014E+00 8.365365E-04 
-2.938977E+01 -2.363790E+00 6.283351E-04 
-1.992665E+01 -2.304526E+00 2.485836E-04 
-4.067214E+01 -9.478383E-01 4.424893E-04 
-5.050539E+01 -2.319941E+00 2.586797E-03 
-4.658646E+01 -7.562029E-01 1.049860E-03 
-6.640671E+01 -1.510536E+00 6.790760E-03 
-3.466932E+01 -2.275430E+00 7.830441E-04 
-1.616109E+01 -2.698731E+00 1.999088E-04 
-3.582927E+01 -7.387638E-03 8.891328E-12 
-2.829585E+01 -2.526724E+00 7.850950E-04 
-2.956165E+01 -9.338363E-01 1.487673E-07 
-2.066539E+01 -2.235869E+00 3.185471E-04 
-1.739252E+01 -3.076087E+00 6.416996E-04 
-1.463594E+01 -3.577086E+00 1.153742E-03 
-3.015277E+01 -2.006293E+00 6.684061E-05 
-4.464130E+01 -2.447165E+00 2.377563E-03 
-4.998468E+01 -7.811093E-01 1.725213E-03 
-1.536034E+01 -3.512756E+00 1.344211E-03 
-7.202224E+01 -3.516590E+00 1.862264E-02 
-1.351068E+01 -3.050770E+00 3.683132E-04 
-2.601289E+01 -2.769273E+00 7.489131E-04 
-3.802510E+01 -2.138578E+00 1.088838E-03 
-5.408327E+01 -2.749398E+00 5.466759E-03 
-3.851803E+01 -2.230903E+00 1.252833E-03 
-3.522936E+01 -1.789515E+00 2.938288E-04 
-2.160896E+01 -2.944595E+00 1.047265E-03 
-2.775425E+01 -2.247026E+00 4.849410E-04 
-3.061446E+01 -9.013284E-01 3.864676E-10 
-5.594618E+01 -9.003508E-01 3.262186E-03 
-2.749949E+01 -2.700822E+00 8.288734E-04 
-2.573160E+01 -2.297638E+00 3.677434E-04 
-5.809858E+01 -2.719473E+00 5.538069E-03 
-2.599774E+01 -2.806970E+00 1.013612E-03 
-1.138738E+01 -2.665833E+00 3.201198E-05 
-4.560380E+01 -2.428517E+00 2.352189E-03 
-5.089615E+01 -2.316731E+00 2.498069E-03 
-3.013816E+01 -2.770020E+00 1.439184E-03 
-2.136024E+01 -6.082474E-01 5.747642E-11 
-1.820389E+01 -3.888348E+00 2.328425E-03 
-1.439844E+01 -3.012240E+00 3.075807E-04 
-1.921053E+01 -2.688907E+00 5.478940E-04 
-4.357170E+01 -2.461422E+00 2.519414E-03 
-3.300098E+01 -1.917508E+00 1.712792E-04 
-3.340273E+01 -2.485004E+00 1.193975E-03 
-8.291654E+01 -3.334125E+00 1.451662E-02 
-3.540336E+01 -8.963796E-01 5.639705E-05 
-1.477798E+01 -3.469211E+00 1.095409E-03 
-3.016671E+01 -2.670605E+00 1.169337E-03 
-3.939872E+01 -9.820914E-02 2.342998E-10 
-1.377965E+01 -2.593587E+00 5.401450E-05 
-1.549455E+01 -2.122713E+00 1.772882E-05 
-3.326570E+01 -8.007268E-01 1.345466E-05 
-3.820436E+01 -2.166499E+00 1.134987E-03 
-1.751281E+01 -1.075130E+00 5.328608E-11 
-2.043167E+01 -1.582426E+00 1.300716E-06 
-6.936022E+01 -2.930591E+00 8.628559E-03 
-4.712524E+01 -2.320281E+00 2.360354E-03 
-5.441409E+01 -8.742223E-01 2.820231E-03 
-8.065413E+01 -3.349976E+00 1.512746E-02 
-3.084876E+01 -2.575983E+00 8.211118E-04 
-3.482651E+01 -2.020316E+00 5.317280E-04 
-5.777373E+01 -2.610437E+00 4.358934E-03 
-2.500630E+01 -2.911418E+00 1.163559E-03 
-1.345468E+01 -2.487885E+00 3.589407E-05 
-4.565106E+01 -1.067569E+00 1.219591E-03 
-4.181813E+01 -2.365963E+00 1.965194E-03 
-4.249650E+01 -7.085461E-01 3.188451E-04 
-1.384848E+01 -2.702438E+00 1.845620E-04 
-3.018117E+01 -2.659274E+00 1.013650E-03 
-1.625449E+01 -2.152358E+00 4.897188E-05 
-2.928360E+01 -2.854425E+00 1.658662E-03 
-4.930645E+01 -1.156455E+00 1.962426E-03 
-1.346649E+01 -3.269601E+00 5.088269E-04 
-1.574648E+01 -3.630210E+00 1.359470E-03 
-2.341307E+01 -2.409505E+00 4.683144E-04 
-4.760847E+01 -1.153309E+00 1.300692E-03 
-3.323979E+01 -2.257311E+00 7.055171E-04 
-2.256118E+01 -3.187782E+00 1.313009E-03 
-5.962051E+01 -2.515689E+00 4.655564E-03 
-5.373232E+01 -2.424461E+00 3.015106E-03 
-2.230548E+01 -2.770941E+00 6.516074E-04 
-1.576772E+01 -3.030283E+00 6.264945E-04 
-2.102504E+01 -3.494628E+00 1.683901E-03 
-3.740702E+01 -2.219480E+00 1.092416E-03 
-1.319190E+01 -2.712847E+00 9.150449E-05 
-1.388798E+01 -3.324069E+00 6.217442E-04 
-1.803056E+01 -3.043079E+00 9.213350E-04 
-3.119712E+01 -2.841123E+00 1.524078E-03 
-1.379638E+01 -2.409641E+00 2.298500E-05 
-1.452915E+01 -2.972363E+00 2.525357E-04 
-2.087268E+01 -3.360801E+00 1.601749E-03 
-2.071626E+01 -2.212743E+00 2.106053E-04 
-2.186641E+01 -1.613919E+00 4.637827E-06 
-1.544169E+01 -1.984400E+00 8.961352E-07 
-1.660130E+01 -3.639448E+00 1.619064E-03 
-1.247096E+01 -2.920253E+00 7.213351E-05 
-1.386648E+01 -2.391454E+00 3.794871E-05 
-5.164738E+01 -2.372714E+00 2.769711E-03 
-6.420029E+01 -1.439162E+00 6.094896E-03 
-7.213268E+01 -3.110002E+00 1.038300E-02 
-1.238116E+01 -3.418238E+00 5.406699E-04 
-4.575731E+01 -7.159565E-01 8.838511E-04 
-1.867516E+01 -2.203794E+00 7.153399E-05 
-1.994577E+01 -3.498307E+00 1.996084E-03 
-3.473846E+01 -2.416220E+00 1.300551E-03 
-7.283654E+01 -3.086213E+00 1.028365E-02 
-3.282541E+01 -2.281340E+00 7.736120E-04 
-3.822593E+01 -1.857622E+00 3.550644E-04 
-3.270804E+01 -8.068382E-01 4.471442E-06 
-4.105906E+01 -1.936560E+00 8.358727E-04 
-1.455873E+01 -2.294396E+00 3.256467E-05 
-5.343125E+01 -2.513790E+00 3.917318E-03 
-2.647038E+01 -3.392504E+00 2.481136E-03 
-2.240539E+01 -3.463927E+00 1.951622E-03 
-6.236849E+01 -1.402411E+00 5.737188E-03 
-5.686860E+01 -1.285051E+00 3.525152E-03 
-3.502080E+01 -2.085156E+00 6.289338E-04 
-1.243041E+01 -3.130248E+00 2.592588E-04 
-4.067578E+01 -2.282169E+00 1.490073E-03 
-3.367588E+01 -2.366061E+00 8.731623E-04 
-3.194844E+01 -2.654264E+00 1.393878E-03 
-5.668525E+01 -1.300390E+00 3.830891E-03 
-3.284567E+01 -2.137636E+00 4.634307E-04 
-2.300500E+01 -2.829422E+00 7.211530E-04 
-4.291054E+01 -1.054688E+00 8.698698E-04 
-3.194137E+01 -5.857364E-01 1.451695E-10 
-2.414749E+01 -3.012158E+00 1.536218E-03 
-5.853608E+01 -2.651601E+00 4.850957E-03 
-2.025118E+01 -2.544496E+00 4.594326E-04 
-6.647971E+01 -2.865272E+00 7.862146E-03 
-2.221509E+01 -3.113565E+00 1.152732E-03 
-7.880452E+01 -3.262836E+00 1.284437E-02 
-1.641251E+01 -3.535476E+00 1.416939E-03 
-1.585573E+01 -2.280684E+00 6.319290E-05 
-4.412619E+01 -2.033579E+00 9.478275E-04 
-3.205716E+01 -2.619102E+00 1.184417E-03 
-5.536929E+01 -3.169895E+00 1.018009E-02 
-2.152515E+01 -3.141112E+00 1.105650E-03 
-6.581882E+01 -3.003359E+00 9.264339E-03 
-5.638943E+01 -1.306962E+00 3.379899E-03 
-2.871065E+01 -2.489785E+00 6.402879E-04 
-2.315520E+01 -2.904264E+00 1.124400E-03 
-2.401666E+01 -2.530134E+00 5.750923E-04 
-5.447413E+01 -1.263149E+00 2.995051E-03 
-2.289557E+01 -2.594452E+00 6.058805E-04 
-1.784701E+01 -3.356619E+00 1.341819E-03 
-7.307751E+01 -3.175076E+00 1.160280E-02 
-3.496454E+01 -2.229237E+00 5.835885E-04 
-1.615003E+01 -1.860230E+00 1.117291E-10 
-3.069209E+01 -2.633731E+00 1.037396E-03 
-4.881469E+01 -2.220055E+00 1.589791E-03 
-1.855793E+01 -1.956506E+00 5.504702E-05 
-5.874571E+01 -2.729498E+00 5.829046E-03 
-3.356551E+01 -2.132611E+00 2.618142E-04 
-1.847871E+01 -1.730907E+00 1.419006E-06 
-1.540471E+01 -3.500370E+00 1.205676E-03 
-2.090435E+01 -1.679358E+00 3.273666E-05 
-2.856661E+01 -2.735369E+00 1.229312E-03 
-1.710243E+01 -1.818852E+00 9.642134E-07 
