-2.286849E+01 -3.102484E+00 1.185389E-03 
-3.498941E+01 -2.695545E+00 1.836167E-03 
-6.581006E+01 -2.948466E+00 8.792914E-03 
-2.138852E+01 -2.465880E+00 4.514589E-04 
-7.359141E+01 -3.288166E+00 1.331456E-02 
-1.750219E+01 -1.879545E+00 2.492219E-05 
-2.954511E+01 -1.527278E+00 9.180441E-07 
-1.427228E+01 -2.859301E+00 2.340819E-04 
-3.358597E+01 -1.695568E+00 8.768341E-05 
-2.230935E+01 -1.286055E+00 3.974051E-08 
-7.570880E+01 -3.661085E+00 1.933141E-02 
-4.486094E+01 -2.479461E+00 2.719049E-03 
-1.610952E+01 -2.075384E+00 1.912678E-05 
-1.593384E+01 -2.893018E+00 4.968692E-04 
-1.658136E+01 -2.865712E+00 4.662345E-04 
-8.244279E+00 -3.449029E+00 7.698443E-05 
-3.131709E+01 -2.312497E+00 6.704660E-04 
-1.779117E+01 -2.755925E+00 5.130125E-04 
-3.831561E+01 -2.187870E+00 1.089123E-03 
-2.139463E+01 -2.189162E+00 2.993325E-04 
-5.993148E+01 -3.128971E+00 9.346213E-03 
-6.993477E+01 -3.031547E+00 9.535217E-03 
-6.886219E+01 -2.586231E-01 2.565301E-04 
-5.937226E+01 -2.704635E+00 5.282166E-03 
-3.602055E+01 -1.712564E+00 1.004027E-04 
-1.761531E+01 -2.797083E+00 2.970014E-04 
-4.089131E+01 -2.536902E+00 2.082620E-03 
-2.051861E+01 -2.121735E+00 1.355457E-04 
-3.741780E+01 -6.226805E-01 7.483716E-06 
-3.362600E+01 -2.048255E+00 4.378185E-04 
-3.230653E+01 -1.977141E+00 2.560139E-04 
-6.661721E+01 -1.028901E+00 6.517843E-03 
-2.061072E+01 -2.805787E+00 6.164446E-04 
-5.831592E+01 -8.956629E-01 4.004442E-03 
-2.026177E+01 -3.425984E+00 1.526334E-03 
-1.306110E+01 -2.715271E+00 1.326393E-04 
-4.878388E+01 -2.546945E+00 3.616414E-03 
-2.678222E+01 -3.014888E+00 1.575392E-03 
-4.853674E+01 -2.323096E+00 2.525750E-03 
-2.929565E+01 -2.166616E+00 1.862931E-04 
-3.031254E+01 -2.742170E+00 1.403381E-03 
-2.533701E+01 -2.980056E+00 1.317096E-03 
-6.070473E+01 -2.746151E+00 5.949262E-03 
-1.311056E+01 -3.149612E+00 3.294656E-04 
-1.523217E+01 -3.423079E+00 1.018924E-03 
-1.639511E+01 -1.996712E+00 4.559635E-06 
-6.142267E+01 -9.335903E-01 4.923695E-03 
-6.642047E+01 -2.929178E+00 7.824963E-03 
-6.352398E+01 -2.856575E+00 7.282197E-03 
-4.633595E+01 -2.120990E+00 1.227304E-03 
-1.831643E+01 -1.491561E+00 1.925862E-08 
-5.937292E+01 -2.754689E+00 5.958693E-03 
-5.943256E+01 -1.969370E-01 1.006853E-05 
-5.740660E+01 -1.309681E+00 3.570923E-03 
-4.221675E+01 -1.018286E+00 5.599080E-04 
-5.378657E+01 -2.711701E+00 4.757853E-03 
-2.487790E+01 -2.080364E+00 8.982947E-05 
-1.443437E+01 -3.010369E+00 4.548000E-04 
-1.664364E+01 -3.711457E+00 1.844096E-03 
-4.900583E+01 -2.612559E+00 3.685503E-03 
-5.418084E+01 -1.270666E+00 3.016935E-03 
-2.157613E+01 -3.079010E+00 1.008165E-03 
-2.641051E+01 -3.058697E+00 1.537947E-03 
-2.315085E+01 -3.535800E+00 2.401693E-03 
-2.175561E+01 -2.603510E+00 4.698295E-04 
-2.598615E+01 -3.233372E+00 2.401539E-03 
-5.583962E+01 -1.261838E+00 3.263393E-03 
-3.695792E+01 -2.192426E+00 9.214489E-04 
-3.222316E+01 -1.655058E+00 7.378413E-05 
-2.395481E+01 -3.181928E+00 1.775984E-03 
-7.203528E+01 -1.594768E+00 9.761202E-03 
-2.113399E+01 -2.284869E+00 3.448183E-04 
-5.474560E+01 -2.507918E+00 3.582811E-03 
-1.756703E+01 -2.859231E+00 5.392293E-04 
-6.321938E+01 -9.890639E-01 5.690773E-03 
-3.930424E+01 -2.270669E+00 1.323158E-03 
-5.699032E+01 -2.618401E+00 4.681734E-03 
-4.418303E+01 -2.427307E+00 2.031103E-03 
-4.339127E+01 -2.484158E+00 2.268062E-03 
-1.787565E+01 -2.976664E+00 7.118454E-04 
-3.465473E+01 -2.500114E+00 1.375957E-03 
-2.739249E+01 -2.513668E+00 7.110565E-04 
-6.166155E+01 -3.029618E+00 8.502072E-03 
-5.455174E+01 -2.533713E+00 4.208012E-03 
-1.517137E+01 -3.370636E+00 9.276946E-04 
-4.651143E+01 -8.138882E-01 1.187016E-03 
-3.322626E+01 -2.659654E+00 1.468731E-03 
-4.531093E+01 -2.473994E+00 2.383191E-03 
-6.035002E+01 -2.760308E+00 6.029896E-03 
-5.489001E+01 -8.722692E-01 3.037434E-03 
-1.141283E+01 -4.889751E+00 8.384952E-03 
-2.098384E+01 -2.856467E+00 9.071557E-04 
-3.778690E+01 -2.198964E+00 1.058417E-03 
-2.128913E+01 -2.397837E+00 4.229495E-04 
-2.431521E+01 -3.146947E+00 1.557100E-03 
-1.490880E+01 -3.592307E+00 1.309132E-03 
-1.714521E+01 -9.044456E-02 9.196966E-12 
-3.378469E+01 -2.064053E+00 4.383150E-04 
-4.214553E+01 -2.345228E+00 1.796026E-03 
-5.844252E+01 -3.231260E+00 1.164991E-02 
-5.235397E+01 -1.218996E+00 2.679166E-03 
-1.838530E+01 -2.686281E+00 4.577274E-04 
-3.055883E+01 -2.963159E+00 2.379248E-03 
-2.047040E+01 -2.583012E+00 4.285389E-04 
-1.629731E+01 -3.136543E+00 7.177637E-04 
-2.714208E+01 -2.885440E+00 1.213024E-03 
-6.725450E+01 -2.999209E+00 8.888436E-03 
-1.926774E+01 -1.254833E+00 1.310546E-08 
-2.718677E+01 -2.782625E+00 1.118323E-03 
-2.558093E+01 -2.645977E+00 7.173288E-04 
-1.693227E+01 -3.671855E+00 1.832747E-03 
-5.664491E+01 -1.276877E-01 2.650501E-08 
-1.931567E+01 -3.005405E+00 8.831106E-04 
-2.634793E+01 -1.419762E+00 7.325471E-07 
-3.590800E+01 -1.323278E-01 1.114493E-08 
-4.808364E+01 -2.609872E+00 2.855716E-03 
-4.826682E+01 -2.246014E+00 1.955553E-03 
-3.077521E+01 -2.235443E+00 5.913681E-04 
-6.758263E+01 -1.515879E+00 8.081816E-03 
-2.029627E+01 -1.983132E+00 4.509829E-05 
-5.252915E+01 -2.294323E+00 2.853448E-03 
-4.636321E+01 -2.486967E+00 2.849156E-03 
-6.369495E+01 -2.953438E+00 7.352582E-03 
-2.446334E+01 -2.909037E+00 1.085574E-03 
-2.312600E+01 -2.612941E+00 7.065308E-04 
-6.039966E+01 -1.447579E+00 5.629917E-03 
-2.986919E+01 -2.523577E+00 8.028504E-04 
-1.279136E+01 -3.275378E+00 4.338674E-04 
-5.982556E+01 -2.638863E+00 5.729821E-03 
-3.313813E+01 -2.599161E+00 1.398150E-03 
-3.220663E+01 -2.864634E+00 2.566272E-03 
-2.396616E+01 -1.380304E+00 4.971249E-07 
-1.652208E+01 -3.285077E+00 1.027003E-03 
-3.224888E+01 -2.550762E+00 1.131941E-03 
-3.017440E+01 -1.810552E+00 1.148127E-04 
-5.302483E+01 -2.745859E+00 5.185985E-03 
-1.666116E+01 -3.520124E+00 1.521354E-03 
-4.465722E+01 -2.520071E+00 2.800004E-03 
-6.677068E+01 -3.175570E+00 1.171036E-02 
-1.904060E+01 -2.807263E+00 7.079034E-04 
-2.843084E+01 -2.677519E+00 8.375605E-04 
-5.195446E+01 -1.209930E+00 2.108310E-03 
-3.772154E+01 -9.387895E-01 1.617919E-04 
-7.339228E+01 -3.363588E+00 1.484502E-02 
-5.387790E+01 -2.455967E+00 3.042559E-03 
-1.875215E+01 -3.954809E+00 2.499705E-03 
-1.510718E+01 -3.287379E+00 9.190512E-04 
-1.943444E+01 -2.984250E+00 9.399815E-04 
-1.640624E+01 -2.306371E+00 5.326467E-05 
-1.204727E+01 -3.223597E+00 3.151498E-04 
-2.628849E+01 -2.344334E+00 3.969709E-04 
-4.045633E+01 -2.365997E+00 1.559010E-03 
-1.672324E+01 -3.741400E+00 1.908765E-03 
-1.848477E+01 -1.557106E+00 1.773818E-07 
-1.803525E+01 -3.617666E+00 1.639544E-03 
-7.349739E+01 -3.266454E+00 1.184174E-02 
-5.639367E+01 -2.681291E+00 5.161919E-03 
-4.352054E+01 -2.121283E+00 1.397670E-03 
-1.587104E+01 -3.211175E+00 8.597688E-04 
-1.456776E+01 -3.243078E+00 7.660728E-04 
-3.975320E+01 -2.301136E+00 1.354845E-03 
-7.571152E+01 -3.153044E+00 1.209555E-02 
-1.497204E+01 -2.805562E+00 3.398481E-04 
-4.579550E+01 -1.105931E+00 1.110187E-03 
-6.132768E+01 -2.712560E+00 6.035896E-03 
-1.275058E+01 -3.222243E+00 2.823176E-04 
-2.134778E+01 -2.347574E+00 3.493775E-04 
-7.458782E+01 -3.187914E+00 1.188470E-02 
-2.322552E+01 -2.499124E+00 4.753013E-04 
-2.434110E+01 -2.868814E+00 9.324128E-04 
-5.198715E+01 -8.236806E-01 1.744685E-03 
-6.122938E+01 -2.744901E+00 6.317786E-03 
-4.789163E+01 -7.886641E-01 1.476336E-03 
-1.691252E+01 -3.455068E+00 1.374028E-03 
-6.134559E+01 -2.691976E+00 5.752403E-03 
-5.478891E+01 -8.246046E-01 2.554009E-03 
-6.238844E+01 -9.753184E-01 5.551762E-03 
-5.801320E+01 -9.057066E-01 3.499658E-03 
-3.126477E+01 -2.672634E+00 1.625158E-03 
-6.674505E+01 -1.461253E+00 7.648152E-03 
-6.496312E+01 -2.841153E+00 6.721711E-03 
-5.561516E+01 -3.432442E+00 1.646931E-02 
-5.899175E+01 -2.634002E+00 4.989478E-03 
-5.573301E+01 -2.922571E+00 6.582937E-03 
-5.515032E+01 -2.942361E+00 6.630810E-03 
-1.970611E+01 -3.631436E+00 1.772676E-03 
-4.347793E+01 -2.335913E+00 1.571101E-03 
-1.575104E+01 -3.367700E+00 1.095241E-03 
-1.718398E+01 -3.277133E+00 1.127314E-03 
-2.381283E+01 -2.747337E+00 7.443717E-04 
-1.987626E+01 -3.283459E+00 1.402944E-03 
-7.012349E+01 -1.543859E+00 9.618372E-03 
-2.288664E+01 -3.641463E+00 2.433202E-03 
-3.862359E+01 -1.982970E+00 8.995912E-04 
-5.458184E+01 -1.308692E-01 2.163962E-08 
-4.419631E+01 -7.332720E-01 7.977416E-04 
-7.368768E+01 -3.127370E+00 1.140077E-02 
-1.315673E+01 -2.937496E+00 1.545161E-04 
-4.981263E+01 -2.714144E+00 4.446036E-03 
-6.014728E+01 -1.338183E+00 5.318607E-03 
-5.088921E+01 -2.229243E+00 2.489520E-03 
-4.934549E+01 -8.371393E-01 1.744162E-03 
-2.396422E+01 -3.176348E+00 1.402632E-03 
-2.160720E+01 -1.734494E+00 1.498776E-05 
-4.303501E+01 -2.183621E+00 1.340303E-03 
-4.013913E+01 -2.286452E+00 1.552677E-03 
-4.998727E+01 -2.614023E+00 4.179456E-03 
-4.827571E+01 -2.522441E+00 3.393259E-03 
-2.133529E+01 -3.252849E+00 1.260686E-03 
-7.543311E+01 -3.584732E+00 1.913046E-02 
-3.835607E+01 -2.256537E+00 1.177107E-03 
-1.389921E+01 -3.354813E+00 6.707602E-04 
-6.524384E+01 -1.526399E+00 7.797701E-03 
-1.230678E+01 -2.512701E+00 1.094798E-05 
-4.064519E+01 -2.217144E+00 1.370117E-03 
-1.330189E+01 -3.295004E+00 4.954230E-04 
-1.546085E+01 -3.213025E+00 7.707993E-04 
-4.550894E+01 -2.130434E+00 1.484890E-03 
-5.113071E+01 -2.383272E+00 2.921135E-03 
-1.694369E+01 -2.930112E+00 5.956607E-04 
-4.354986E+01 -7.382871E-01 6.767501E-04 
-3.334654E+01 -5.700694E-01 4.599024E-06 
-1.930323E+01 -1.437586E+00 4.198649E-08 
-1.363610E+01 -2.211677E+00 8.319505E-06 
-4.767021E+01 -2.624755E+00 3.970081E-03 
-1.538871E+01 -2.956386E+00 5.950684E-04 
-3.529483E+01 -2.167936E+00 6.411918E-04 
-2.585683E+01 -3.610757E+00 2.777993E-03 
-2.754660E+01 -2.836917E+00 1.224780E-03 
-5.443091E+01 -2.572468E+00 4.270119E-03 
-3.050248E+01 -2.914202E+00 2.096311E-03 
-1.236820E+01 -2.639560E+00 1.237146E-05 
-2.127335E+01 -3.131834E+00 9.612903E-04 
-7.457068E+01 -1.291380E-01 2.255326E-06 
-1.407350E+01 -3.529066E+00 9.776516E-04 
-2.822376E+01 -3.031906E+00 1.844684E-03 
-3.887787E+01 -2.396352E+00 1.263918E-03 
-4.195915E+01 -6.765193E-01 2.080025E-04 
-4.107010E+01 -1.000404E+00 4.759539E-04 
-2.878048E+01 -2.710309E+00 1.123628E-03 
-1.522442E+01 -2.086795E+00 1.041681E-08 
-7.118578E+01 -3.130063E+00 1.147978E-02 
-7.165253E+01 -2.973752E+00 1.010558E-02 
-2.957424E+01 -1.935572E+00 3.934795E-05 
-3.061167E+01 -2.382555E+00 7.814641E-04 
-1.362158E+01 -2.100451E+00 8.409805E-09 
-5.105321E+01 -2.349123E+00 2.688134E-03 
-3.476314E+01 -2.797977E+00 1.898571E-03 
-2.570891E+01 -2.995453E+00 1.384562E-03 
-3.371774E+01 -2.514203E+00 1.251165E-03 
-1.742003E+01 -2.800464E+00 4.885406E-04 
-2.688717E+01 -1.383229E+00 8.434945E-07 
-6.908743E+01 -2.982287E+00 8.876763E-03 
-1.979729E+01 -2.685308E+00 8.762335E-05 
-5.392855E+01 -1.248283E+00 2.802855E-03 
-2.807228E+01 -2.797140E+00 1.296240E-03 
-2.753551E+01 -1.667061E+00 1.108662E-05 
-6.712731E+01 -2.946879E+00 8.717938E-03 
-2.233502E+01 -2.730304E+00 5.616316E-04 
-4.560983E+01 -2.418460E+00 2.602334E-03 
-3.616847E+01 -2.341477E+00 1.072973E-03 
-6.323995E+01 -2.804028E+00 6.406830E-03 
-4.657999E+01 -2.266179E+00 2.140916E-03 
-4.654180E+01 -1.091991E+00 1.246201E-03 
-1.469820E+01 -3.479602E+00 9.184781E-04 
-5.419882E+01 -2.490480E+00 3.436638E-03 
-1.763873E+01 -3.107875E+00 8.580065E-04 
-1.533626E+01 -3.652704E+00 1.499219E-03 
-3.344880E+01 -2.537061E+00 1.546581E-03 
-3.320065E+01 -2.819252E+00 2.027790E-03 
-4.201783E+01 -1.373224E-01 3.777196E-06 
-7.025632E+01 -3.120961E+00 1.075740E-02 
-3.976577E+01 -2.340264E+00 1.526542E-03 
-2.920447E+01 -2.411983E+00 7.402748E-04 
-3.166088E+01 -2.876457E+00 2.031311E-03 
-3.943890E+01 -6.479209E-01 1.331286E-04 
-2.407726E+01 -3.374607E+00 2.244893E-03 
-4.839458E+01 -2.562817E+00 3.451182E-03 
-7.263522E+01 -2.952655E+00 9.803282E-03 
-1.323778E+01 -2.501469E+00 1.311202E-05 
-7.501921E+01 -3.024240E+00 1.043725E-02 
-4.002607E+01 -9.762424E-01 2.776382E-04 
-1.636734E+01 -1.623973E+00 7.843651E-07 
-4.928050E+01 -2.297484E+00 2.319473E-03 
-6.655223E+01 -3.368841E+00 1.594207E-02 
-5.745629E+01 -1.324218E+00 4.043208E-03 
-3.815539E+01 -6.012368E-02 5.867444E-11 
-1.385794E+01 -2.789134E+00 1.850789E-04 
-2.612521E+01 -3.156623E+00 1.984948E-03 
-2.677673E+01 -2.559465E+00 6.130557E-04 
-5.809123E+01 -1.349073E+00 4.512768E-03 
-2.585493E+01 -2.445708E+00 5.712833E-04 
-1.805419E+01 -2.907950E+00 7.652194E-04 
-1.500404E+01 -2.922995E+00 4.768817E-04 
-3.139983E+01 -2.470090E+00 1.078678E-03 
-3.523082E+01 -2.142728E+00 5.969862E-04 
-2.343263E+01 -3.429380E+00 1.700295E-03 
-3.083915E+01 -1.034079E+00 1.397518E-05 
-5.803174E+01 -2.612324E+00 4.382174E-03 
-1.510151E+01 -2.851304E+00 3.777160E-04 
-5.410653E+01 -2.765898E+00 5.191611E-03 
-1.390781E+01 -2.818398E+00 2.248748E-04 
-1.737430E+01 -1.776301E+00 9.917671E-06 
-6.010803E+01 -1.401943E+00 5.558617E-03 
-2.947035E+01 -2.263154E+00 5.948152E-04 
-2.555462E+01 -2.861452E+00 1.055611E-03 
-2.042535E+01 -1.212645E+00 2.348970E-10 
-6.119558E+01 -9.629832E-01 4.431878E-03 
-1.515627E+01 -2.164803E+00 2.867482E-05 
-1.384944E+01 -3.421000E+00 8.058224E-04 
-3.207907E+01 -2.199297E+00 4.828688E-04 
-6.116524E+01 -1.303010E-01 8.513987E-07 
-5.903282E+01 -9.201818E-01 4.149683E-03 
-4.419969E+01 -2.395441E+00 2.200347E-03 
-5.032285E+01 -2.627608E+00 4.300645E-03 
-2.318794E+01 -1.319319E+00 1.539325E-07 
-3.342356E+01 -2.426419E+00 1.199773E-03 
-5.501478E+01 -2.554099E+00 4.213654E-03 
-3.404751E+01 -2.609511E+00 1.578971E-03 
-2.829751E+01 -2.881318E+00 1.766435E-03 
-1.708152E+01 -3.088099E+00 8.470702E-04 
-1.605784E+01 -3.140015E+00 6.370394E-04 
-2.549437E+01 -3.099878E+00 1.507953E-03 
-6.851115E+01 -1.534298E+00 8.109451E-03 
-3.801944E+01 -2.104398E+00 8.820452E-04 
-2.520963E+01 -2.355292E+00 4.568014E-04 
-1.636029E+01 -3.182555E+00 8.532868E-04 
-5.397554E+01 -8.550498E-01 2.222925E-03 
-2.321843E+01 -3.295694E+00 1.500603E-03 
-1.774866E+01 -3.237043E+00 1.004234E-03 
-1.692235E+01 -3.332694E+00 1.273056E-03 
-2.129914E+01 -2.221891E+00 1.846501E-04 
-1.523104E+01 -3.124042E+00 5.107915E-04 
-2.476823E+01 -2.994713E+00 1.229923E-03 
-7.376230E+01 -1.102919E+00 9.661917E-03 
-5.772637E+01 -1.306741E+00 4.101752E-03 
-7.060426E+01 -3.087707E+00 9.929687E-03 
-3.834695E+01 -1.850461E+00 1.779853E-04 
-3.623668E+01 -8.990414E-01 1.201889E-04 
-4.345103E+01 -2.077678E+00 1.048090E-03 
-3.571725E+01 -2.204014E+00 8.365365E-04 
-2.938977E+01 -2.363790E+00 6.283351E-04 
-1.992665E+01 -2.304526E+00 2.485836E-04 
-4.067214E+01 -9.478383E-01 4.424893E-04 
-5.050539E+01 -2.319941E+00 2.586797E-03 
-4.658646E+01 -7.562029E-01 1.049860E-03 
-6.640671E+01 -1.510536E+00 6.790760E-03 
-3.466932E+01 -2.275430E+00 7.830441E-04 
-1.616109E+01 -2.698731E+00 1.999088E-04 
-3.582927E+01 -7.387638E-03 8.891328E-12 
-3.280512E+01 -2.424855E+00 1.077566E-03 
-2.956165E+01 -9.338363E-01 1.487673E-07 
-1.827144E+01 -2.954719E+00 7.920666E-04 
-1.739252E+01 -3.076087E+00 6.416996E-04 
-1.463594E+01 -3.577086E+00 1.153742E-03 
-3.015277E+01 -2.006293E+00 6.684061E-05 
-4.464130E+01 -2.447165E+00 2.377563E-03 
-4.998468E+01 -7.811093E-01 1.725213E-03 
-1.536034E+01 -3.512756E+00 1.344211E-03 
-3.773743E+01 -2.318474E+00 1.168606E-03 
-1.351068E+01 -3.050770E+00 3.683132E-04 
-2.601289E+01 -2.769273E+00 7.489131E-04 
-3.802510E+01 -2.138578E+00 1.088838E-03 
-2.242256E+01 -2.233343E+00 3.354534E-04 
-2.126980E+01 -3.440782E+00 1.729443E-03 
-1.428140E+01 -3.158350E+00 6.011983E-04 
-3.927215E+01 -6.468975E-01 7.689551E-05 
-6.096772E+01 -2.733428E+00 6.181153E-03 
-3.061446E+01 -9.013284E-01 3.864676E-10 
-5.594618E+01 -9.003508E-01 3.262186E-03 
-2.749949E+01 -2.700822E+00 8.288734E-04 
-2.573160E+01 -2.297638E+00 3.677434E-04 
-5.809858E+01 -2.719473E+00 5.538069E-03 
-2.599774E+01 -2.806970E+00 1.013612E-03 
-1.138738E+01 -2.665833E+00 3.201198E-05 
-4.560380E+01 -2.428517E+00 2.352189E-03 
-5.089615E+01 -2.316731E+00 2.498069E-03 
-3.013816E+01 -2.770020E+00 1.439184E-03 
-2.136024E+01 -6.082474E-01 5.747642E-11 
-1.820389E+01 -3.888348E+00 2.328425E-03 
-1.439844E+01 -3.012240E+00 3.075807E-04 
-1.921053E+01 -2.688907E+00 5.478940E-04 
-6.981998E+01 -3.110142E+00 9.582498E-03 
-3.300098E+01 -1.917508E+00 1.712792E-04 
-5.146495E+01 -2.716243E+00 4.632287E-03 
-1.280025E+01 -2.850594E+00 9.661679E-05 
-1.225439E+01 -3.177421E+00 2.657608E-04 
-1.477798E+01 -3.469211E+00 1.095409E-03 
-1.684050E+01 -2.075532E+00 2.316393E-05 
-3.939872E+01 -9.820914E-02 2.342998E-10 
-1.377965E+01 -2.593587E+00 5.401450E-05 
-1.549455E+01 -2.122713E+00 1.772882E-05 
-3.148401E+01 -1.877324E+00 1.649983E-04 
-2.822407E+01 -2.897617E+00 1.381864E-03 
-1.751281E+01 -1.075130E+00 5.328608E-11 
-2.043167E+01 -1.582426E+00 1.300716E-06 
-6.936022E+01 -2.930591E+00 8.628559E-03 
-4.712524E+01 -2.320281E+00 2.360354E-03 
-5.441409E+01 -8.742223E-01 2.820231E-03 
-3.264932E+01 -2.320411E+00 8.425280E-04 
-3.084876E+01 -2.575983E+00 8.211118E-04 
-3.482651E+01 -2.020316E+00 5.317280E-04 
-5.777373E+01 -2.610437E+00 4.358934E-03 
-2.500630E+01 -2.911418E+00 1.163559E-03 
-1.345468E+01 -2.487885E+00 3.589407E-05 
-3.267296E+01 -2.429283E+00 8.575679E-04 
-4.181813E+01 -2.365963E+00 1.965194E-03 
-4.249650E+01 -7.085461E-01 3.188451E-04 
-1.384848E+01 -2.702438E+00 1.845620E-04 
-3.018117E+01 -2.659274E+00 1.013650E-03 
-1.625449E+01 -2.152358E+00 4.897188E-05 
-2.928360E+01 -2.854425E+00 1.658662E-03 
-4.930645E+01 -1.156455E+00 1.962426E-03 
-1.346649E+01 -3.269601E+00 5.088269E-04 
-1.574648E+01 -3.630210E+00 1.359470E-03 
-2.341307E+01 -2.409505E+00 4.683144E-04 
-4.760847E+01 -1.153309E+00 1.300692E-03 
-4.648550E+01 -2.841654E+00 5.642943E-03 
-2.256118E+01 -3.187782E+00 1.313009E-03 
-5.962051E+01 -2.515689E+00 4.655564E-03 
-5.373232E+01 -2.424461E+00 3.015106E-03 
-2.230548E+01 -2.770941E+00 6.516074E-04 
-1.576772E+01 -3.030283E+00 6.264945E-04 
-2.102504E+01 -3.494628E+00 1.683901E-03 
-3.740702E+01 -2.219480E+00 1.092416E-03 
-1.319190E+01 -2.712847E+00 9.150449E-05 
-1.388798E+01 -3.324069E+00 6.217442E-04 
-1.803056E+01 -3.043079E+00 9.213350E-04 
-3.119712E+01 -2.841123E+00 1.524078E-03 
-1.379638E+01 -2.409641E+00 2.298500E-05 
-1.452915E+01 -2.972363E+00 2.525357E-04 
-2.087268E+01 -3.360801E+00 1.601749E-03 
-3.544581E+01 -2.484479E+00 1.294533E-03 
-2.186641E+01 -1.613919E+00 4.637827E-06 
-1.544169E+01 -1.984400E+00 8.961352E-07 
-1.660130E+01 -3.639448E+00 1.619064E-03 
-1.247096E+01 -2.920253E+00 7.213351E-05 
-1.386648E+01 -2.391454E+00 3.794871E-05 
-5.164738E+01 -2.372714E+00 2.769711E-03 
-6.420029E+01 -1.439162E+00 6.094896E-03 
-7.213268E+01 -3.110002E+00 1.038300E-02 
-1.238116E+01 -3.418238E+00 5.406699E-04 
-4.575731E+01 -7.159565E-01 8.838511E-04 
-1.867516E+01 -2.203794E+00 7.153399E-05 
-1.994577E+01 -3.498307E+00 1.996084E-03 
-4.173098E+01 -7.203700E-01 4.330377E-04 
-7.283654E+01 -3.086213E+00 1.028365E-02 
-3.282541E+01 -2.281340E+00 7.736120E-04 
-3.822593E+01 -1.857622E+00 3.550644E-04 
-3.270804E+01 -8.068382E-01 4.471442E-06 
-1.721009E+01 -3.148773E+00 8.982631E-04 
-1.455873E+01 -2.294396E+00 3.256467E-05 
-5.343125E+01 -2.513790E+00 3.917318E-03 
-2.647038E+01 -3.392504E+00 2.481136E-03 
-2.240539E+01 -3.463927E+00 1.951622E-03 
-6.236849E+01 -1.402411E+00 5.737188E-03 
-1.979894E+01 -1.840830E+00 2.376923E-05 
-2.917572E+01 -2.445218E+00 5.100700E-04 
-1.243041E+01 -3.130248E+00 2.592588E-04 
-4.067578E+01 -2.282169E+00 1.490073E-03 
-3.367588E+01 -2.366061E+00 8.731623E-04 
-3.194844E+01 -2.654264E+00 1.393878E-03 
-3.442453E+01 -9.098746E-01 1.986129E-05 
-3.284567E+01 -2.137636E+00 4.634307E-04 
-2.300500E+01 -2.829422E+00 7.211530E-04 
-4.291054E+01 -1.054688E+00 8.698698E-04 
-3.194137E+01 -5.857364E-01 1.451695E-10 
-4.024219E+01 -2.378818E+00 1.788177E-03 
-5.853608E+01 -2.651601E+00 4.850957E-03 
-1.918139E+01 -1.797820E+00 2.050805E-05 
-6.647971E+01 -2.865272E+00 7.862146E-03 
-4.072710E+01 -1.955300E+00 9.377499E-04 
-5.947579E+01 -3.409284E+00 1.625674E-02 
-1.641251E+01 -3.535476E+00 1.416939E-03 
-3.998331E+01 -1.951495E+00 5.460579E-04 
-4.412619E+01 -2.033579E+00 9.478275E-04 
-3.205716E+01 -2.619102E+00 1.184417E-03 
-5.536929E+01 -3.169895E+00 1.018009E-02 
-2.152515E+01 -3.141112E+00 1.105650E-03 
-6.581882E+01 -3.003359E+00 9.264339E-03 
-5.638943E+01 -1.306962E+00 3.379899E-03 
-2.871065E+01 -2.489785E+00 6.402879E-04 
-1.540471E+01 -3.500370E+00 1.205676E-03 
-2.401666E+01 -2.530134E+00 5.750923E-04 
-5.447413E+01 -1.263149E+00 2.995051E-03 
-2.289557E+01 -2.594452E+00 6.058805E-04 
-1.784701E+01 -3.356619E+00 1.341819E-03 
-7.307751E+01 -3.175076E+00 1.160280E-02 
-3.496454E+01 -2.229237E+00 5.835885E-04 
-1.615003E+01 -1.860230E+00 1.117291E-10 
-3.069209E+01 -2.633731E+00 1.037396E-03 
-4.881469E+01 -2.220055E+00 1.589791E-03 
-9.693759E+01 -1.134424E-01 8.083894E-03 
-5.874571E+01 -2.729498E+00 5.829046E-03 
-3.356551E+01 -2.132611E+00 2.618142E-04 
-2.942295E+01 -2.207695E+00 3.840791E-04 
-2.420483E+01 -2.993536E+00 9.999733E-04 
-3.446114E+01 -1.647425E+00 3.073984E-05 
-2.365039E+01 -2.430460E+00 4.690025E-04 
-6.549158E+01 -2.949639E+00 7.931297E-03 
