-2.916296E+01 -2.784622E+00 1.169892E-03 
-1.879141E+01 -2.748295E+00 4.566466E-04 
-1.536704E+01 -1.917521E+00 2.373803E-08 
-1.833946E+01 -1.836031E+00 1.018173E-05 
-1.800983E+01 -3.402405E+00 1.451998E-03 
-2.282033E+01 -2.165335E+00 9.492000E-05 
-2.954511E+01 -1.527278E+00 9.180441E-07 
-1.427228E+01 -2.859301E+00 2.340819E-04 
-3.358597E+01 -1.695568E+00 8.768341E-05 
-2.230935E+01 -1.286055E+00 3.974051E-08 
-2.755454E+01 -2.623743E+00 8.374727E-04 
-4.486094E+01 -2.479461E+00 2.719049E-03 
-1.748793E+01 -3.766541E+00 1.534872E-03 
-3.720797E+01 -2.238613E+00 9.808268E-04 
-6.694638E+01 -1.036751E-01 7.768746E-03 
-8.244279E+00 -3.449029E+00 7.698443E-05 
-1.355343E+01 -3.004754E+00 2.941483E-04 
-2.587837E+01 -2.950203E+00 1.079457E-03 
-2.599641E+01 -2.930192E+00 1.166853E-03 
-3.022556E+01 -2.365908E+00 5.972454E-04 
-2.800606E+01 -2.813250E+00 1.083402E-03 
-1.207933E+01 -2.399059E+00 4.544534E-07 
-2.625253E+01 -3.224973E+00 2.000962E-03 
-1.394981E+01 -2.926483E+00 2.375583E-04 
-3.602055E+01 -1.712564E+00 1.004027E-04 
-1.761531E+01 -2.797083E+00 2.970014E-04 
-4.089131E+01 -2.536902E+00 2.082620E-03 
-1.306844E+01 -2.635576E+00 3.756917E-05 
-3.741780E+01 -6.226805E-01 7.483716E-06 
-2.946258E+01 -2.381280E+00 6.621768E-04 
-3.230653E+01 -1.977141E+00 2.560139E-04 
-3.031144E+01 -1.726882E+00 4.422025E-05 
-3.958215E+01 -2.553386E+00 2.484832E-03 
-2.288420E+01 -3.041289E+00 1.149176E-03 
-2.026177E+01 -3.425984E+00 1.526334E-03 
-3.137561E+01 -7.012095E-01 7.321005E-08 
-4.878388E+01 -2.546945E+00 3.616414E-03 
-2.678222E+01 -3.014888E+00 1.575392E-03 
-1.979068E+01 -1.548288E+00 2.986186E-08 
-2.929565E+01 -2.166616E+00 1.862931E-04 
-1.551787E+01 -3.641240E+00 1.265407E-03 
-6.672409E+01 -9.536767E-02 5.309409E-03 
-2.385693E+01 -2.188504E+00 2.870162E-04 
-3.429602E+01 -2.035068E+00 3.062934E-04 
-2.194214E+01 -1.874587E+00 1.584067E-05 
-5.465722E+01 -8.861588E-01 2.639474E-03 
-3.665454E+01 -2.423511E+00 1.404218E-03 
-4.871633E+01 -2.447774E+00 2.871028E-03 
-1.602766E+01 -1.846590E+00 3.746940E-08 
-4.140379E+01 -2.285992E+00 1.471065E-03 
-2.440646E+01 -2.884429E+00 8.688298E-04 
-2.269061E+01 -2.994916E+00 8.231835E-04 
-3.690442E+01 -2.124986E+00 7.922184E-04 
-3.384905E+01 -2.528677E+00 1.198884E-03 
-4.221675E+01 -1.018286E+00 5.599080E-04 
-5.378657E+01 -2.711701E+00 4.757853E-03 
-2.487790E+01 -2.080364E+00 8.982947E-05 
-1.607278E+01 -2.799083E+00 2.715023E-04 
-4.018292E+01 -2.282831E+00 1.248433E-03 
-4.900583E+01 -2.612559E+00 3.685503E-03 
-4.315989E+01 -2.338550E+00 1.993181E-03 
-2.157613E+01 -3.079010E+00 1.008165E-03 
-2.641051E+01 -3.058697E+00 1.537947E-03 
-2.315085E+01 -3.535800E+00 2.401693E-03 
-2.175561E+01 -2.603510E+00 4.698295E-04 
-2.189863E+01 -3.299957E+00 1.384351E-03 
-5.583962E+01 -1.261838E+00 3.263393E-03 
-3.548461E+01 -5.994106E-01 1.977473E-06 
-3.222316E+01 -1.655058E+00 7.378413E-05 
-1.929316E+01 -1.832139E+00 2.631833E-07 
-4.005848E+01 -2.333657E+00 1.266887E-03 
-3.153521E+01 -9.441393E-01 1.305116E-05 
-5.474560E+01 -2.507918E+00 3.582811E-03 
-1.756703E+01 -2.859231E+00 5.392293E-04 
-2.141856E+01 -2.211544E+00 2.364510E-04 
-3.162211E+01 -2.449154E+00 8.506646E-04 
-5.094580E+01 -2.434770E+00 2.435317E-03 
-1.591472E+01 -2.705738E+00 2.621022E-04 
-4.339127E+01 -2.484158E+00 2.268062E-03 
-4.585765E+01 -2.387770E+00 2.131654E-03 
-3.465473E+01 -2.500114E+00 1.375957E-03 
-2.739249E+01 -2.513668E+00 7.110565E-04 
-1.147589E+01 -2.736734E+00 1.518719E-05 
-1.616191E+01 -2.993371E+00 5.906482E-04 
-3.523037E+01 -2.630936E+00 1.405088E-03 
-1.420972E+01 -2.213986E+00 9.536679E-06 
-4.074183E+01 -2.322606E+00 1.496695E-03 
-4.531093E+01 -2.473994E+00 2.383191E-03 
-2.716261E+01 -2.676607E+00 5.836252E-04 
-5.489001E+01 -8.722692E-01 3.037434E-03 
-1.141283E+01 -4.889751E+00 8.384952E-03 
-1.470396E+01 -3.015130E+00 3.719166E-04 
-3.446114E+01 -1.647425E+00 3.073984E-05 
-3.203192E+01 -6.786073E-01 8.726694E-07 
-2.065306E+01 -2.233960E+00 1.175803E-04 
-5.564647E+01 -1.323204E+00 3.472426E-03 
-1.714521E+01 -9.044456E-02 9.196966E-12 
-5.516241E+01 -2.806498E+00 5.668454E-03 
-4.831230E+01 -1.150150E+00 1.472880E-03 
-1.888858E+01 -2.965024E+00 7.885995E-04 
-3.322871E+01 -2.277378E+00 5.602040E-04 
-3.231513E+01 -2.569692E+00 1.007659E-03 
-2.299050E+01 -3.345980E+00 1.557741E-03 
-2.047040E+01 -2.583012E+00 4.285389E-04 
-1.916881E+01 -3.017722E+00 8.999160E-04 
-1.380768E+01 -1.813896E+00 8.506505E-09 
-3.652752E+01 -2.358386E+00 1.161321E-03 
-2.984761E+01 -2.492249E+00 7.764212E-04 
-3.203654E+01 -2.730134E+00 1.251270E-03 
-2.948506E+01 -2.320247E+00 3.096038E-04 
-1.819197E+01 -1.970382E+00 4.454391E-06 
-5.664491E+01 -1.276877E-01 2.650501E-08 
-2.994858E+01 -3.103341E+00 2.485648E-03 
-2.634793E+01 -1.419762E+00 7.325471E-07 
-3.590800E+01 -1.323278E-01 1.114493E-08 
-4.808364E+01 -2.609872E+00 2.855716E-03 
-4.826682E+01 -2.246014E+00 1.955553E-03 
-3.435646E+01 -2.124600E+00 3.935789E-04 
-1.199468E+01 -2.809385E+00 5.270568E-05 
-2.029627E+01 -1.983132E+00 4.509829E-05 
-5.252915E+01 -2.294323E+00 2.853448E-03 
-4.636321E+01 -2.486967E+00 2.849156E-03 
-4.290320E+01 -1.080963E+00 7.770865E-04 
-2.301828E+01 -3.066180E+00 1.205681E-03 
-2.081020E+01 -2.292420E+00 2.349154E-04 
-2.454196E+01 -3.209261E+00 1.502390E-03 
-3.212657E+01 -2.512721E+00 9.585816E-04 
-1.222410E+01 -2.709871E+00 9.290423E-06 
-5.096750E+01 -7.924582E-01 1.478472E-03 
-3.313813E+01 -2.599161E+00 1.398150E-03 
-2.111537E+01 -9.571113E-01 8.531114E-10 
-2.396616E+01 -1.380304E+00 4.971249E-07 
-1.862879E+01 -3.127247E+00 7.541905E-04 
-5.094840E+01 -2.293080E+00 2.385350E-03 
-1.240041E+01 -2.663645E+00 4.466651E-05 
-5.302483E+01 -2.745859E+00 5.185985E-03 
-4.866707E+01 -2.566085E+00 3.379159E-03 
-4.465722E+01 -2.520071E+00 2.800004E-03 
-1.990739E+01 -1.480997E+00 3.722952E-07 
-1.453151E+01 -2.955595E+00 3.024174E-04 
-4.784484E+01 -1.136013E+00 1.120121E-03 
-5.195446E+01 -1.209930E+00 2.108310E-03 
-3.772154E+01 -9.387895E-01 1.617919E-04 
-2.880076E+01 -1.549906E+00 5.684938E-06 
-5.387790E+01 -2.455967E+00 3.042559E-03 
-1.875215E+01 -3.954809E+00 2.499705E-03 
-2.106813E+01 -3.179048E+00 9.230190E-04 
-1.532032E+01 -2.392543E+00 4.854709E-05 
-1.640624E+01 -2.306371E+00 5.326467E-05 
-1.548437E+01 -2.143941E+00 1.505677E-05 
-2.628849E+01 -2.344334E+00 3.969709E-04 
-4.045633E+01 -2.365997E+00 1.559010E-03 
-4.970768E+01 -2.570343E+00 3.848815E-03 
-3.417185E+01 -6.680318E-01 8.464809E-06 
-1.803525E+01 -3.617666E+00 1.639544E-03 
-3.293998E+01 -2.547137E+00 1.396196E-03 
-3.050342E+01 -9.756486E-01 6.910027E-06 
-1.477681E+01 -2.087127E+00 2.180659E-06 
-4.881469E+01 -2.220055E+00 1.589791E-03 
-3.069209E+01 -2.633731E+00 1.037396E-03 
-5.038923E+01 -2.308718E+00 2.143784E-03 
-2.333719E+01 -3.213116E+00 1.351165E-03 
-4.159762E+01 -1.014940E+00 3.457759E-04 
-4.862980E+01 -8.003985E-01 1.281491E-03 
-5.442974E+01 -8.597168E-01 2.489256E-03 
-1.275058E+01 -3.222243E+00 2.823176E-04 
-2.134778E+01 -2.347574E+00 3.493775E-04 
-3.542441E+01 -2.295008E+00 8.576645E-04 
-2.322552E+01 -2.499124E+00 4.753013E-04 
-1.309282E+01 -2.801203E+00 5.390203E-05 
-5.198715E+01 -8.236806E-01 1.744685E-03 
-1.958260E+01 -2.724158E+00 4.698988E-04 
-3.596661E+01 -2.701795E+00 1.618120E-03 
-3.931001E+01 -2.163885E+00 1.159612E-03 
-2.619564E+01 -2.355385E+00 4.027937E-04 
-3.589832E+01 -9.035047E-01 2.702809E-05 
-4.931870E+01 -3.449693E+00 1.769587E-02 
-2.159850E+01 -3.458059E+00 1.604412E-03 
-1.727027E+01 -2.992235E+00 5.512636E-04 
-3.264820E+01 -2.058178E+00 2.596380E-04 
-3.482727E+01 -2.331861E+00 9.103438E-04 
-5.561516E+01 -3.432442E+00 1.646931E-02 
-2.586853E+01 -2.805450E+00 9.283937E-04 
-1.264488E+01 -3.328557E+00 3.383966E-04 
-5.515032E+01 -2.942361E+00 6.630810E-03 
-1.970611E+01 -3.631436E+00 1.772676E-03 
-4.347793E+01 -2.335913E+00 1.571101E-03 
-1.425172E+01 -2.687319E+00 7.789911E-05 
-3.769473E+01 -2.404196E+00 1.339465E-03 
-2.182669E+01 -2.836756E+00 5.787867E-04 
-4.429193E+01 -2.413526E+00 2.016841E-03 
-1.840600E+01 -3.273644E+00 1.340771E-03 
-2.288664E+01 -3.641463E+00 2.433202E-03 
-2.226833E+01 -1.924989E+00 2.761718E-05 
-5.458184E+01 -1.308692E-01 2.163962E-08 
-1.689519E+01 -3.593164E+00 1.296022E-03 
-5.736541E+01 -2.959825E+00 1.004842E-02 
-1.315673E+01 -2.937496E+00 1.545161E-04 
-1.448775E+01 -2.468580E+00 4.877479E-05 
-5.447421E+01 -2.605745E+00 4.981993E-03 
-1.752150E+01 -1.722367E+00 1.525304E-09 
-4.716030E+01 -2.256799E+00 1.660702E-03 
-2.396422E+01 -3.176348E+00 1.402632E-03 
-2.160720E+01 -1.734494E+00 1.498776E-05 
-4.303501E+01 -2.183621E+00 1.340303E-03 
-2.684215E+01 -3.529016E+00 2.734384E-03 
-3.018432E+01 -1.957358E+00 1.948751E-04 
-3.773491E+01 -2.186219E+00 8.264449E-04 
-2.133529E+01 -3.252849E+00 1.260686E-03 
-1.482842E+01 -2.198364E+00 9.489294E-06 
-2.976172E+01 -2.532750E+00 8.079943E-04 
-2.725730E+01 -3.257559E+00 2.284652E-03 
-3.598884E+01 -2.260910E+00 8.913507E-04 
-1.431903E+01 -2.447871E+00 3.880792E-05 
-3.160439E+01 -8.828977E-01 2.223594E-07 
-4.475386E+01 -3.987288E-02 9.662577E-09 
-5.447413E+01 -1.263149E+00 2.995051E-03 
-4.550894E+01 -2.130434E+00 1.484890E-03 
-1.404793E+01 -2.377377E+00 2.954369E-05 
-1.705875E+01 -1.824667E+00 2.039889E-07 
-4.354986E+01 -7.382871E-01 6.767501E-04 
-4.307248E+01 -2.371749E+00 1.655312E-03 
-1.404560E+01 -3.077181E+00 3.202111E-04 
-1.212015E+01 -3.273049E+00 3.056772E-04 
-2.528598E+01 -3.026954E+00 1.268431E-03 
-2.219109E+01 -3.018370E+00 9.788299E-04 
-3.529483E+01 -2.167936E+00 6.411918E-04 
-2.585683E+01 -3.610757E+00 2.777993E-03 
-1.733772E+01 -1.984670E+00 8.160687E-06 
-1.504730E+01 -2.446308E+00 4.593491E-05 
-3.745555E+01 -2.121811E+00 7.012089E-04 
-1.236820E+01 -2.639560E+00 1.237146E-05 
-2.127335E+01 -3.131834E+00 9.612903E-04 
-4.201782E+01 -2.345972E+00 1.563104E-03 
-1.407350E+01 -3.529066E+00 9.776516E-04 
-2.514433E+01 -3.325879E+00 1.771604E-03 
-3.887787E+01 -2.396352E+00 1.263918E-03 
-4.195915E+01 -6.765193E-01 2.080025E-04 
-2.110345E+01 -2.498446E+00 3.482587E-04 
-3.255471E+01 -2.666901E+00 1.365030E-03 
-1.522442E+01 -2.086795E+00 1.041681E-08 
-3.581807E+01 -2.142565E+00 6.625897E-04 
-1.592868E+01 -3.075646E+00 5.750951E-04 
-2.957424E+01 -1.935572E+00 3.934795E-05 
-1.659351E+01 -1.925163E+00 7.243103E-07 
-1.362158E+01 -2.100451E+00 8.409805E-09 
-1.509105E+01 -2.775227E+00 2.177104E-04 
-3.476314E+01 -2.797977E+00 1.898571E-03 
-2.570891E+01 -2.995453E+00 1.384562E-03 
-3.044413E+01 -2.363468E+00 6.314347E-04 
-1.742003E+01 -2.800464E+00 4.885406E-04 
-2.688717E+01 -1.383229E+00 8.434945E-07 
-5.076476E+01 -2.542253E+00 3.290393E-03 
-1.979729E+01 -2.685308E+00 8.762335E-05 
-5.392855E+01 -1.248283E+00 2.802855E-03 
-1.740964E+01 -3.541541E+00 1.455056E-03 
-2.753551E+01 -1.667061E+00 1.108662E-05 
-1.207837E+01 -2.878299E+00 6.303705E-05 
-2.233502E+01 -2.730304E+00 5.616316E-04 
-1.291363E+01 -3.178408E+00 2.908988E-04 
-3.616847E+01 -2.341477E+00 1.072973E-03 
-3.307911E+01 -2.336459E+00 7.011301E-04 
-4.657999E+01 -2.266179E+00 2.140916E-03 
-2.699126E+01 -1.546729E+00 4.869870E-06 
-1.469820E+01 -3.479602E+00 9.184781E-04 
-5.419882E+01 -2.490480E+00 3.436638E-03 
-1.589383E+01 -2.034706E+00 1.296978E-05 
-5.313566E+01 -1.232596E+00 2.142056E-03 
-3.694679E+01 -1.787117E+00 1.280916E-04 
-3.320065E+01 -2.819252E+00 2.027790E-03 
-4.201783E+01 -1.373224E-01 3.777196E-06 
-3.162270E+01 -2.285325E+00 5.926740E-04 
-3.976577E+01 -2.340264E+00 1.526542E-03 
-2.920447E+01 -2.411983E+00 7.402748E-04 
-1.720079E+01 -2.010534E+00 2.833255E-06 
-3.943890E+01 -6.479209E-01 1.331286E-04 
-2.934715E+01 -3.087293E+00 1.717720E-03 
-5.582544E+01 -2.807842E+00 5.854612E-03 
-3.181191E+01 -2.016003E+00 2.264612E-04 
-1.248904E+01 -3.045181E+00 1.861867E-04 
-3.902609E+01 -2.213344E+00 1.179241E-03 
-4.002607E+01 -9.762424E-01 2.776382E-04 
-2.463519E+01 -3.473513E+00 2.158919E-03 
-2.401666E+01 -2.530134E+00 5.750923E-04 
-4.803317E+01 -2.245166E+00 1.671907E-03 
-2.412748E+01 -1.708634E+00 3.312355E-05 
-3.815539E+01 -6.012368E-02 5.867444E-11 
-5.506518E+01 -2.519686E+00 4.108878E-03 
-2.612521E+01 -3.156623E+00 1.984948E-03 
-4.021961E+01 -2.205261E+00 1.260153E-03 
-4.273528E+01 -7.100541E-01 4.839726E-04 
-2.585493E+01 -2.445708E+00 5.712833E-04 
-2.309806E+01 -3.017499E+00 8.675443E-04 
-2.300466E+01 -2.409256E+00 3.591180E-04 
-2.711473E+01 -2.964214E+00 1.428548E-03 
-1.660260E+01 -1.770951E+00 3.017211E-08 
-2.343263E+01 -3.429380E+00 1.700295E-03 
-3.083915E+01 -1.034079E+00 1.397518E-05 
-1.855313E+01 -2.298654E+00 8.704494E-05 
-2.261510E+01 -3.620447E+00 2.189262E-03 
-5.410653E+01 -2.765898E+00 5.191611E-03 
-3.762359E+01 -2.248855E+00 1.102545E-03 
-2.814684E+01 -2.979851E+00 1.599320E-03 
-3.174110E+01 -9.534124E-01 2.522858E-05 
-1.668995E+01 -3.636716E+00 1.481303E-03 
-2.775273E+01 -3.007689E+00 1.499247E-03 
-2.042535E+01 -1.212645E+00 2.348970E-10 
-5.667207E+01 -2.586421E+00 4.324050E-03 
-1.291014E+01 -3.086778E+00 2.216079E-04 
-1.414786E+01 -2.852177E+00 1.843603E-04 
-3.051203E+01 -2.247410E+00 5.394367E-04 
-2.497271E+01 -2.909456E+00 9.991550E-04 
-2.504491E+01 -2.874130E+00 1.057959E-03 
-5.113889E+01 -1.218022E+00 2.093855E-03 
-5.032285E+01 -2.627608E+00 4.300645E-03 
-2.318794E+01 -1.319319E+00 1.539325E-07 
-1.251919E+01 -2.528449E+00 8.045135E-06 
-4.166004E+01 -1.992313E+00 7.575043E-04 
-1.385533E+01 -2.298733E+00 4.856377E-06 
-1.697516E+01 -3.553228E+00 1.206165E-03 
-1.538459E+01 -3.473654E+00 1.011607E-03 
-2.871065E+01 -2.489785E+00 6.402879E-04 
-2.549437E+01 -3.099878E+00 1.507953E-03 
-2.803795E+01 -2.590344E+00 7.765840E-04 
-4.152058E+01 -9.068322E-02 9.261858E-09 
-5.500546E+01 -8.581580E-01 2.136372E-03 
-5.638943E+01 -1.306962E+00 3.379899E-03 
-2.288970E+01 -2.300718E+00 2.774461E-04 
-2.321843E+01 -3.295694E+00 1.500603E-03 
-1.589922E+01 -2.840753E+00 3.841511E-04 
-2.152515E+01 -3.141112E+00 1.105650E-03 
-4.435550E+01 -2.396770E+00 2.192812E-03 
-1.523104E+01 -3.124042E+00 5.107915E-04 
-4.534550E+01 -1.083417E+00 9.801014E-04 
-1.309258E+01 -3.479390E+00 8.047282E-04 
-4.355704E+01 -2.503852E+00 2.756014E-03 
-1.749400E+01 -3.920398E+00 2.337350E-03 
-3.834695E+01 -1.850461E+00 1.779853E-04 
-3.843177E+01 -2.266315E+00 1.143660E-03 
-2.443523E+01 -2.761129E+00 6.164919E-04 
-2.420483E+01 -2.993536E+00 9.999733E-04 
-3.092523E+01 -1.824490E+00 1.460413E-04 
-3.300982E+01 -1.871899E+00 2.088838E-04 
-1.861566E+01 -3.351342E+00 1.488115E-03 
-1.837127E+01 -2.917208E+00 6.135968E-04 
-1.326936E+01 -2.528832E+00 1.567112E-05 
-3.404400E+01 -2.235812E+00 4.156354E-04 
-4.660475E+01 -2.463952E+00 2.358923E-03 
-1.616109E+01 -2.698731E+00 1.999088E-04 
-3.582927E+01 -7.387638E-03 8.891328E-12 
-4.497307E+01 -2.370188E+00 2.026905E-03 
-2.956165E+01 -9.338363E-01 1.487673E-07 
-4.578116E+01 -7.691729E-01 7.806112E-04 
-5.536929E+01 -3.169895E+00 1.018009E-02 
-1.463594E+01 -3.577086E+00 1.153742E-03 
-3.015277E+01 -2.006293E+00 6.684061E-05 
-1.566852E+01 -3.103209E+00 6.067076E-04 
-2.535858E+01 -2.496286E+00 3.892572E-04 
-2.955658E+01 -2.245710E+00 5.096326E-04 
-3.773743E+01 -2.318474E+00 1.168606E-03 
-3.035336E+01 -2.784775E+00 1.388226E-03 
-2.601289E+01 -2.769273E+00 7.489131E-04 
-2.988456E+01 -2.911978E+00 1.172528E-03 
-5.491249E+01 -1.328297E+00 3.526447E-03 
-3.698068E+01 -6.188082E-01 3.015785E-06 
-1.428140E+01 -3.158350E+00 6.011983E-04 
-3.927215E+01 -6.468975E-01 7.689551E-05 
-5.744806E+01 -1.323793E+00 3.781589E-03 
-3.061446E+01 -9.013284E-01 3.864676E-10 
-5.594618E+01 -9.003508E-01 3.262186E-03 
-2.749949E+01 -2.700822E+00 8.288734E-04 
-3.730406E+01 -1.864260E+00 4.218334E-04 
-3.499487E+01 -2.108627E+00 4.894093E-04 
-2.599774E+01 -2.806970E+00 1.013612E-03 
-1.579774E+01 -2.920732E+00 5.103137E-04 
-4.560380E+01 -2.428517E+00 2.352189E-03 
-2.000791E+01 -2.702926E+00 2.311513E-04 
-1.500483E+01 -2.881609E+00 2.753379E-04 
-2.136024E+01 -6.082474E-01 5.747642E-11 
-1.820389E+01 -3.888348E+00 2.328425E-03 
-1.232373E+01 -2.959407E+00 1.676059E-04 
-1.447385E+01 -2.730415E+00 1.519816E-04 
-2.481045E+01 -3.061354E+00 1.162209E-03 
-3.300098E+01 -1.917508E+00 1.712792E-04 
-5.146495E+01 -2.716243E+00 4.632287E-03 
-1.280025E+01 -2.850594E+00 9.661679E-05 
-1.225439E+01 -3.177421E+00 2.657608E-04 
-1.962044E+01 -1.598764E+00 6.915262E-07 
-1.390765E+01 -2.785537E+00 1.264812E-04 
-3.939872E+01 -9.820914E-02 2.342998E-10 
-1.377965E+01 -2.593587E+00 5.401450E-05 
-4.811865E+01 -2.570516E+00 3.244466E-03 
-3.148401E+01 -1.877324E+00 1.649983E-04 
-1.748427E+01 -3.848117E+00 2.067403E-03 
-1.751281E+01 -1.075130E+00 5.328608E-11 
-2.043167E+01 -1.582426E+00 1.300716E-06 
-3.214935E+01 -2.314092E+00 6.104323E-04 
-4.712524E+01 -2.320281E+00 2.360354E-03 
-1.596330E+01 -3.506581E+00 1.154438E-03 
-2.346354E+01 -1.772549E+00 3.194908E-05 
-3.084876E+01 -2.575983E+00 8.211118E-04 
-1.891758E+01 -2.884117E+00 5.440307E-04 
-3.563413E+01 -2.049138E+00 4.518392E-04 
-3.526024E+01 -2.375067E+00 1.008722E-03 
-1.345468E+01 -2.487885E+00 3.589407E-05 
-3.267296E+01 -2.429283E+00 8.575679E-04 
-1.946707E+01 -1.708314E+00 2.882711E-09 
-4.249650E+01 -7.085461E-01 3.188451E-04 
-2.398418E+01 -2.777936E+00 8.684716E-04 
-3.018117E+01 -2.659274E+00 1.013650E-03 
-3.463155E+01 -2.287827E+00 8.116768E-04 
-3.313054E+01 -3.000061E+00 1.715051E-03 
-2.064553E+01 -1.568768E+00 1.632791E-06 
-1.346649E+01 -3.269601E+00 5.088269E-04 
-1.574648E+01 -3.630210E+00 1.359470E-03 
-2.068782E+01 -1.805382E+00 7.176427E-06 
-4.760847E+01 -1.153309E+00 1.300692E-03 
-4.648550E+01 -2.841654E+00 5.642943E-03 
-2.256118E+01 -3.187782E+00 1.313009E-03 
-5.196448E+01 -8.287024E-01 1.983259E-03 
-5.373232E+01 -2.424461E+00 3.015106E-03 
-2.230548E+01 -2.770941E+00 6.516074E-04 
-3.205716E+01 -2.619102E+00 1.184417E-03 
-2.102504E+01 -3.494628E+00 1.683901E-03 
-3.356551E+01 -2.132611E+00 2.618142E-04 
-1.319190E+01 -2.712847E+00 9.150449E-05 
-4.412619E+01 -2.033579E+00 9.478275E-04 
-3.792101E+01 -2.223461E+00 8.339072E-04 
-3.119712E+01 -2.841123E+00 1.524078E-03 
-1.379638E+01 -2.409641E+00 2.298500E-05 
-1.452915E+01 -2.972363E+00 2.525357E-04 
-2.087268E+01 -3.360801E+00 1.601749E-03 
-3.544581E+01 -2.484479E+00 1.294533E-03 
-5.566339E+01 -2.555217E+00 4.212770E-03 
-1.544169E+01 -1.984400E+00 8.961352E-07 
-4.951161E+01 -2.643716E+00 3.870336E-03 
-1.247096E+01 -2.920253E+00 7.213351E-05 
-2.765267E+01 -3.340817E+00 2.397634E-03 
-5.164738E+01 -2.372714E+00 2.769711E-03 
-2.318877E+01 -3.371350E+00 1.605175E-03 
-5.365771E+01 -8.611423E-01 2.509088E-03 
-1.238116E+01 -3.418238E+00 5.406699E-04 
-2.921667E+01 -2.693793E+00 1.073719E-03 
-1.867516E+01 -2.203794E+00 7.153399E-05 
-1.994577E+01 -3.498307E+00 1.996084E-03 
-4.173098E+01 -7.203700E-01 4.330377E-04 
-7.721591E+01 -1.754006E+00 1.309117E-02 
-4.386786E+01 8.186746E-02 1.262434E-09 
-3.822593E+01 -1.857622E+00 3.550644E-04 
-3.270804E+01 -8.068382E-01 4.471442E-06 
-3.998331E+01 -1.951495E+00 5.460579E-04 
-1.898460E+01 -2.023156E+00 6.226161E-05 
-5.343125E+01 -2.513790E+00 3.917318E-03 
-2.647038E+01 -3.392504E+00 2.481136E-03 
-2.240539E+01 -3.463927E+00 1.951622E-03 
-1.555208E+01 -2.330146E+00 6.156924E-05 
-2.281244E+01 -2.344001E+00 3.086264E-04 
-2.917572E+01 -2.445218E+00 5.100700E-04 
-1.243041E+01 -3.130248E+00 2.592588E-04 
-3.808927E+01 -9.235571E-01 5.331124E-05 
-3.367588E+01 -2.366061E+00 8.731623E-04 
-4.685799E+01 -2.126148E+00 9.892728E-04 
-3.442453E+01 -9.098746E-01 1.986129E-05 
-2.359017E+01 -2.607759E+00 4.800918E-04 
-3.116696E+01 -2.404722E+00 6.803337E-04 
-4.493276E+01 -1.075678E+00 8.318765E-04 
-3.194137E+01 -5.857364E-01 1.451695E-10 
-4.024219E+01 -2.378818E+00 1.788177E-03 
-3.265223E+01 -2.179819E+00 2.754657E-04 
-3.838159E+01 -2.187495E+00 9.258806E-04 
-5.419977E+01 -2.739813E+00 5.661936E-03 
-2.819357E+01 -2.697286E+00 8.613945E-04 
-3.672322E+01 -2.542090E+00 1.552807E-03 
-5.069394E+01 -2.741810E+00 4.312259E-03 
-1.785738E+01 -3.446463E+00 6.163519E-04 
-1.779073E+01 -2.267986E+00 1.615749E-05 
-1.510573E+01 -2.920295E+00 3.596139E-04 
-2.913396E+01 -2.784608E+00 9.944360E-04 
-1.907797E+01 -3.080039E+00 8.139150E-04 
-4.119213E+01 -1.019198E+00 7.517170E-04 
-3.530636E+01 -2.240971E+00 6.689542E-04 
-2.318988E+01 -2.923114E+00 6.934410E-04 
-2.085536E+01 -2.333740E+00 2.677236E-04 
-5.038246E+01 -1.178956E+00 1.497913E-03 
-3.248898E+01 -2.497082E+00 9.082717E-04 
-1.373261E+01 -2.189368E+00 2.510068E-06 
-2.313330E+01 -1.721367E+00 3.724337E-06 
-5.842172E+01 -9.443533E-01 4.018244E-03 
-5.786489E+01 -6.916165E-02 2.290105E-03 
-1.360985E+01 -2.240224E+00 8.076329E-07 
-3.463671E+01 -2.120615E+00 5.024754E-04 
-5.241730E+01 -2.818202E+00 5.711087E-03 
-1.436248E+01 -2.322817E+00 1.910840E-05 
-5.697053E+01 -8.577251E-02 1.187014E-03 
-6.608181E+01 -9.101534E-02 2.709156E-03 
-3.162929E+01 -1.966063E+00 2.113887E-04 
-1.653169E+01 -1.949776E+00 7.907968E-08 
-1.615486E+01 -2.880330E+00 5.313720E-04 
-3.848872E+01 -9.922591E-01 3.345020E-04 
-4.070076E+01 -3.257923E+00 1.574244E-02 
