-4.395690E+01 -8.953905E-02 1.663305E-07 
-3.750299E+01 -1.929319E+00 6.069307E-03 
-7.607290E+01 -9.171009E-02 3.750952E-06 
-2.974742E+01 -1.400384E+00 3.790576E-03 
-4.498130E+01 -2.170435E+00 1.137576E-02 
-6.659681E+01 -1.250534E-01 4.872621E-07 
-4.503233E+01 -1.350369E-01 2.515410E-05 
-7.181543E+01 -1.190901E-01 1.037072E-05 
-7.447755E+00 -1.786302E-01 9.097665E-06 
-6.653545E+01 -1.259818E-01 2.136222E-04 
-2.376107E+01 -1.562343E-01 7.617430E-05 
-6.154731E+01 -7.623100E-02 3.934943E-07 
-1.187963E+02 -6.826009E-01 5.089150E-03 
-5.123886E+01 2.326012E-03 3.602932E-08 
-5.501153E+01 -1.268158E-01 3.325267E-07 
-6.398051E+00 -1.180282E+00 3.341666E-04 
-7.482955E+01 -1.149530E-01 1.103368E-04 
-6.932645E+01 -1.249232E-01 1.705989E-05 
-6.880390E+01 -1.211243E-01 6.153767E-06 
-8.431228E+01 -1.656704E-01 1.060216E-03 
-1.588398E+01 -1.785537E-01 2.068295E-04 
-7.369866E+01 -1.153102E-01 7.427119E-05 
-2.763588E+01 -7.153124E-01 3.191888E-03 
-4.047727E+01 -1.362429E-01 2.710947E-05 
-3.111346E+01 -1.863582E+00 4.028636E-03 
-5.385341E+01 -2.833221E+00 1.574320E-02 
-6.464106E+00 -1.856222E+00 1.654577E-03 
-2.416424E+01 -1.459749E-01 1.121641E-06 
-1.594715E+01 -1.614417E+00 3.008032E-03 
-5.649824E+00 -4.780835E-01 6.674614E-06 
-9.520015E+00 -1.289863E-01 7.530164E-08 
-9.800768E+00 -1.915131E+00 3.219224E-03 
-9.174629E+00 -3.093081E+00 2.939228E-02 
-4.204867E+01 -1.358824E-01 7.725324E-05 
-7.479253E+00 -1.105371E+00 8.190952E-05 
-2.184699E+01 -6.858158E-01 7.080989E-04 
-6.027645E+01 -1.245637E-01 3.298565E-07 
-7.494812E+00 -1.802027E+00 6.358968E-04 
-2.024980E+01 -1.377234E+00 3.531753E-03 
-7.109101E+01 -1.214175E-01 4.311987E-05 
-3.117700E+01 -1.350343E-01 1.110456E-06 
-3.303133E+01 -1.360193E-01 5.444218E-06 
-1.940737E+01 -1.590997E-01 3.261241E-05 
-8.139792E+00 -6.898466E-01 4.798695E-04 
-8.152836E+00 -8.197905E-01 5.296405E-04 
-5.703110E+00 -7.298650E-01 7.872964E-05 
-3.377831E+01 -1.260288E-01 2.969918E-07 
-4.122406E+01 -1.132283E-01 6.104004E-08 
-8.560515E+00 -4.737571E-01 3.626062E-04 
-2.793971E+01 -5.912275E-01 2.233729E-03 
-8.175397E+01 -1.257224E-01 4.373243E-04 
-5.625292E+01 -1.287785E-01 2.493310E-05 
-2.270862E+01 -2.312446E-02 1.986703E-08 
-1.991191E+01 -1.182327E-01 1.056022E-07 
-4.225976E+01 -2.469426E+00 1.059933E-02 
-8.908681E+01 -1.269929E-01 4.320047E-03 
-4.372438E+01 -9.019423E-02 5.993169E-08 
-6.950488E+01 -1.200495E-01 9.576548E-06 
-4.535269E+01 -1.301849E-01 7.824352E-06 
-1.864435E+01 -1.454060E-01 7.012866E-07 
-1.941246E+01 -2.095781E+00 3.655897E-03 
-4.116689E+01 -1.322265E-01 6.683932E-06 
-8.530828E+00 -5.563532E-01 6.632063E-04 
-8.098284E+01 -2.221045E-01 2.344602E-04 
-8.401609E+00 -6.781822E-01 2.155312E-04 
-5.992127E+00 -1.367437E+00 2.041170E-04 
-8.357225E+01 -1.405630E-01 6.364209E-04 
-5.420757E+01 -1.315577E-01 9.421776E-06 
-2.032957E+01 -1.463854E-01 2.737297E-05 
-8.910987E+01 -1.244454E-01 2.311796E-04 
-3.000159E+01 -1.955940E+00 6.630106E-03 
-4.887748E+01 -8.319546E-01 1.101934E-02 
-1.633072E+02 -1.228235E-01 9.414093E-04 
-5.780308E+01 -1.327176E-01 2.898567E-05 
-8.591543E+01 -1.230927E-01 1.693390E-04 
-1.039125E+01 -1.554147E+00 8.513982E-04 
-6.325754E+01 -1.287174E-01 2.035178E-04 
-3.437542E+01 -1.659977E+00 5.437145E-03 
-5.962607E+01 -1.254182E-01 1.987377E-05 
-6.628034E+01 -2.312827E-01 2.908086E-03 
-8.419650E+00 -4.764570E-01 1.499019E-05 
-1.517213E+01 -1.064868E-01 5.958327E-11 
-2.087279E+01 -1.127417E+00 2.299860E-03 
-3.786225E+01 -1.903328E+00 9.223772E-03 
-1.241273E+01 -1.299421E+00 2.793783E-03 
-3.764753E+01 -2.475325E+00 1.282084E-02 
-2.239924E+01 -2.313492E-01 2.026408E-03 
-8.971718E+01 -1.263266E-01 1.734307E-03 
-1.690218E+01 -9.043390E-01 1.514595E-03 
-5.112618E+00 -1.230760E+00 2.852155E-09 
-1.563954E+01 -3.220129E-01 1.643071E-05 
-3.992033E+01 -1.052573E+00 8.320259E-03 
