-1.864978E+01 -1.912783E+00 2.138556E-05 
-1.879141E+01 -2.748295E+00 4.566466E-04 
-1.536704E+01 -1.917521E+00 2.373803E-08 
-1.833946E+01 -1.836031E+00 1.018173E-05 
-1.800983E+01 -3.402405E+00 1.451998E-03 
-3.062753E+01 -2.506211E+00 7.566089E-04 
-2.954511E+01 -1.527278E+00 9.180441E-07 
-1.427228E+01 -2.859301E+00 2.340819E-04 
-3.358597E+01 -1.695568E+00 8.768341E-05 
-2.230935E+01 -1.286055E+00 3.974051E-08 
-3.725718E+01 -2.355356E+00 1.093133E-03 
-4.486094E+01 -2.479461E+00 2.719049E-03 
-1.748793E+01 -3.766541E+00 1.534872E-03 
-1.372218E+01 -2.665727E+00 6.588157E-05 
-3.219065E+01 -2.805858E+00 1.702548E-03 
-8.244279E+00 -3.449029E+00 7.698443E-05 
-3.218906E+01 -9.646593E-01 3.811076E-06 
-3.339096E+01 -2.459386E+00 1.069254E-03 
-3.119826E+01 -2.361845E+00 8.150962E-04 
-4.208003E+01 -2.464134E+00 2.176024E-03 
-2.800606E+01 -2.813250E+00 1.083402E-03 
-1.207933E+01 -2.399059E+00 4.544534E-07 
-2.625253E+01 -3.224973E+00 2.000962E-03 
-1.394981E+01 -2.926483E+00 2.375583E-04 
-3.602055E+01 -1.712564E+00 1.004027E-04 
-3.111467E+01 -2.819658E+00 1.392081E-03 
-4.089131E+01 -2.536902E+00 2.082620E-03 
-1.306844E+01 -2.635576E+00 3.756917E-05 
-4.199552E+01 -2.374427E+00 1.831387E-03 
-2.946258E+01 -2.381280E+00 6.621768E-04 
-2.873381E+01 -2.053117E+00 1.246168E-04 
-3.237527E+01 -2.451640E+00 8.313726E-04 
-3.958215E+01 -2.553386E+00 2.484832E-03 
-2.288420E+01 -3.041289E+00 1.149176E-03 
-2.026177E+01 -3.425984E+00 1.526334E-03 
-3.137561E+01 -7.012095E-01 7.321005E-08 
-4.878388E+01 -2.546945E+00 3.616414E-03 
-3.029200E+01 -1.762573E+00 3.082725E-06 
-1.979068E+01 -1.548288E+00 2.986186E-08 
-2.929565E+01 -2.166616E+00 1.862931E-04 
-3.853389E+01 -9.178846E-01 2.560772E-05 
-1.291582E+01 -3.062576E+00 2.110933E-04 
-2.385693E+01 -2.188504E+00 2.870162E-04 
-3.429602E+01 -2.035068E+00 3.062934E-04 
-2.194214E+01 -1.874587E+00 1.584067E-05 
-1.878768E+01 -3.227303E+00 1.223882E-03 
-3.665454E+01 -2.423511E+00 1.404218E-03 
-4.871633E+01 -2.447774E+00 2.871028E-03 
-1.602766E+01 -1.846590E+00 3.746940E-08 
-2.338847E+01 -2.687286E+00 5.119395E-04 
-2.440646E+01 -2.884429E+00 8.688298E-04 
-2.269061E+01 -2.994916E+00 8.231835E-04 
-3.167064E+01 -1.943746E+00 9.770481E-05 
-3.384905E+01 -2.528677E+00 1.198884E-03 
-4.221675E+01 -1.018286E+00 5.599080E-04 
-5.378657E+01 -2.711701E+00 4.757853E-03 
-2.487790E+01 -2.080364E+00 8.982947E-05 
-1.607278E+01 -2.799083E+00 2.715023E-04 
-4.018292E+01 -2.282831E+00 1.248433E-03 
-4.900583E+01 -2.612559E+00 3.685503E-03 
-4.315989E+01 -2.338550E+00 1.993181E-03 
-2.157613E+01 -3.079010E+00 1.008165E-03 
-2.977196E+01 -2.579077E+00 9.945885E-04 
-2.315085E+01 -3.535800E+00 2.401693E-03 
-2.175561E+01 -2.603510E+00 4.698295E-04 
-2.189863E+01 -3.299957E+00 1.384351E-03 
-2.423006E+01 -3.135373E+00 1.357685E-03 
-3.548461E+01 -5.994106E-01 1.977473E-06 
-3.222316E+01 -1.655058E+00 7.378413E-05 
-1.929316E+01 -1.832139E+00 2.631833E-07 
-4.005848E+01 -2.333657E+00 1.266887E-03 
-3.325335E+01 -2.374917E+00 8.566972E-04 
-2.351125E+01 -2.141797E+00 1.530318E-04 
-1.756703E+01 -2.859231E+00 5.392293E-04 
-2.052134E+01 -2.647765E+00 4.779776E-04 
-1.483893E+01 -2.129437E+00 1.210204E-08 
-5.094580E+01 -2.434770E+00 2.435317E-03 
-1.591472E+01 -2.705738E+00 2.621022E-04 
-4.339127E+01 -2.484158E+00 2.268062E-03 
-4.585765E+01 -2.387770E+00 2.131654E-03 
-3.465473E+01 -2.500114E+00 1.375957E-03 
-2.739249E+01 -2.513668E+00 7.110565E-04 
-1.147589E+01 -2.736734E+00 1.518719E-05 
-1.616191E+01 -2.993371E+00 5.906482E-04 
-3.523037E+01 -2.630936E+00 1.405088E-03 
-3.442791E+01 -2.184454E+00 5.878689E-04 
-4.074183E+01 -2.322606E+00 1.496695E-03 
-4.531093E+01 -2.473994E+00 2.383191E-03 
-2.716261E+01 -2.676607E+00 5.836252E-04 
-4.361610E+01 -2.432541E+00 2.047606E-03 
-1.141283E+01 -4.889751E+00 8.384952E-03 
-3.800985E+01 -2.400254E+00 1.682119E-03 
-3.446114E+01 -1.647425E+00 3.073984E-05 
-2.045206E+01 -2.392953E+00 3.410545E-04 
-1.440879E+01 -2.274514E+00 1.745232E-05 
-3.794298E+01 -2.330002E+00 1.244707E-03 
-1.714521E+01 -9.044456E-02 9.196966E-12 
-1.553366E+01 -3.595630E+00 1.236207E-03 
-4.831230E+01 -1.150150E+00 1.472880E-03 
-3.629698E+01 -8.884832E-01 7.802248E-06 
-3.322871E+01 -2.277378E+00 5.602040E-04 
-1.527670E+01 -3.136910E+00 5.777766E-04 
-2.299050E+01 -3.345980E+00 1.557741E-03 
-2.047040E+01 -2.583012E+00 4.285389E-04 
-1.916881E+01 -3.017722E+00 8.999160E-04 
-1.380768E+01 -1.813896E+00 8.506505E-09 
-3.652752E+01 -2.358386E+00 1.161321E-03 
-2.985884E+01 -2.097637E+00 1.665707E-04 
-3.203654E+01 -2.730134E+00 1.251270E-03 
-2.948506E+01 -2.320247E+00 3.096038E-04 
-1.819197E+01 -1.970382E+00 4.454391E-06 
-2.015014E+01 -2.876443E+00 5.705901E-04 
-2.994858E+01 -3.103341E+00 2.485648E-03 
-3.630524E+01 -2.247971E+00 9.879973E-04 
-3.590800E+01 -1.323278E-01 1.114493E-08 
-4.808364E+01 -2.609872E+00 2.855716E-03 
-4.826682E+01 -2.246014E+00 1.955553E-03 
-3.435646E+01 -2.124600E+00 3.935789E-04 
-1.199468E+01 -2.809385E+00 5.270568E-05 
-2.685417E+01 -3.059140E+00 1.274687E-03 
-5.252915E+01 -2.294323E+00 2.853448E-03 
-4.636321E+01 -2.486967E+00 2.849156E-03 
-4.290320E+01 -1.080963E+00 7.770865E-04 
-2.301828E+01 -3.066180E+00 1.205681E-03 
-1.742523E+01 -3.577192E+00 1.521160E-03 
-2.454196E+01 -3.209261E+00 1.502390E-03 
-3.212657E+01 -2.512721E+00 9.585816E-04 
-1.222410E+01 -2.709871E+00 9.290423E-06 
-5.096750E+01 -7.924582E-01 1.478472E-03 
-3.358277E+01 -2.157254E+00 4.005744E-04 
-2.111537E+01 -9.571113E-01 8.531114E-10 
-2.638598E+01 -2.541250E+00 5.364179E-04 
-1.862879E+01 -3.127247E+00 7.541905E-04 
-5.094840E+01 -2.293080E+00 2.385350E-03 
-1.240041E+01 -2.663645E+00 4.466651E-05 
-5.302483E+01 -2.745859E+00 5.185985E-03 
-3.382003E+01 -2.673061E+00 1.513637E-03 
-4.465722E+01 -2.520071E+00 2.800004E-03 
-1.615486E+01 -2.880330E+00 5.313720E-04 
-4.432736E+01 -7.358726E-01 5.499694E-04 
-4.784484E+01 -1.136013E+00 1.120121E-03 
-5.195446E+01 -1.209930E+00 2.108310E-03 
-3.772154E+01 -9.387895E-01 1.617919E-04 
-1.653169E+01 -1.949776E+00 7.907968E-08 
-5.387790E+01 -2.455967E+00 3.042559E-03 
-1.875215E+01 -3.954809E+00 2.499705E-03 
-2.106813E+01 -3.179048E+00 9.230190E-04 
-1.532032E+01 -2.392543E+00 4.854709E-05 
-4.528983E+01 -2.430039E+00 2.356538E-03 
-1.548437E+01 -2.143941E+00 1.505677E-05 
-2.628849E+01 -2.344334E+00 3.969709E-04 
-4.045633E+01 -2.365997E+00 1.559010E-03 
-4.970768E+01 -2.570343E+00 3.848815E-03 
-2.983313E+01 -2.575040E+00 7.888689E-04 
-1.803525E+01 -3.617666E+00 1.639544E-03 
-3.075862E+01 -2.653887E+00 1.061976E-03 
-3.050342E+01 -9.756486E-01 6.910027E-06 
-1.805320E+01 -1.776560E+00 1.627819E-08 
-4.881469E+01 -2.220055E+00 1.589791E-03 
-2.652447E+01 -2.930287E+00 1.258254E-03 
-5.038923E+01 -2.308718E+00 2.143784E-03 
-2.333719E+01 -3.213116E+00 1.351165E-03 
-4.159762E+01 -1.014940E+00 3.457759E-04 
-4.862980E+01 -8.003985E-01 1.281491E-03 
-2.242116E+01 -3.133814E+00 1.274551E-03 
-1.275058E+01 -3.222243E+00 2.823176E-04 
-2.134778E+01 -2.347574E+00 3.493775E-04 
-4.736494E+01 -1.122529E+00 1.054964E-03 
-2.322552E+01 -2.499124E+00 4.753013E-04 
-1.309282E+01 -2.801203E+00 5.390203E-05 
-5.198715E+01 -8.236806E-01 1.744685E-03 
-1.958260E+01 -2.724158E+00 4.698988E-04 
-3.596661E+01 -2.701795E+00 1.618120E-03 
-3.931001E+01 -2.163885E+00 1.159612E-03 
-1.459204E+01 -2.237372E+00 1.473420E-05 
-1.494213E+01 -2.202993E+00 7.782745E-06 
-2.259773E+01 -2.853432E+00 5.950618E-04 
-1.681562E+01 -2.826294E+00 5.302972E-04 
-1.727027E+01 -2.992235E+00 5.512636E-04 
-3.264820E+01 -2.058178E+00 2.596380E-04 
-1.225191E+01 -2.465450E+00 9.697856E-07 
-1.775334E+01 -2.727745E+00 4.523381E-04 
-2.586853E+01 -2.805450E+00 9.283937E-04 
-1.264488E+01 -3.328557E+00 3.383966E-04 
-2.481149E+01 -3.260941E+00 1.656088E-03 
-1.970611E+01 -3.631436E+00 1.772676E-03 
-4.347793E+01 -2.335913E+00 1.571101E-03 
-1.425172E+01 -2.687319E+00 7.789911E-05 
-3.769473E+01 -2.404196E+00 1.339465E-03 
-2.182669E+01 -2.836756E+00 5.787867E-04 
-4.429193E+01 -2.413526E+00 2.016841E-03 
-3.738209E+01 -2.137673E+00 6.971348E-04 
-2.288664E+01 -3.641463E+00 2.433202E-03 
-2.226833E+01 -1.924989E+00 2.761718E-05 
-1.665921E+01 -2.756251E+00 4.369116E-04 
-1.689519E+01 -3.593164E+00 1.296022E-03 
-2.383937E+01 -2.524730E+00 5.310865E-04 
-1.315673E+01 -2.937496E+00 1.545161E-04 
-1.185967E+01 -3.011882E+00 8.941758E-05 
-2.537405E+01 -2.818578E+00 7.008496E-04 
-1.752150E+01 -1.722367E+00 1.525304E-09 
-4.716030E+01 -2.256799E+00 1.660702E-03 
-2.396422E+01 -3.176348E+00 1.402632E-03 
-3.162929E+01 -1.966063E+00 2.113887E-04 
-4.303501E+01 -2.183621E+00 1.340303E-03 
-2.684215E+01 -3.529016E+00 2.734384E-03 
-4.512447E+01 -2.067520E+00 8.423403E-04 
-3.773491E+01 -2.186219E+00 8.264449E-04 
-2.133529E+01 -3.252849E+00 1.260686E-03 
-3.356995E+01 -2.042195E+00 2.477146E-04 
-1.472232E+01 -2.408302E+00 3.571478E-05 
-2.725730E+01 -3.257559E+00 2.284652E-03 
-3.189183E+01 -2.250442E+00 4.929148E-04 
-2.331865E+01 -2.967015E+00 7.569288E-04 
-3.160439E+01 -8.828977E-01 2.223594E-07 
-4.475386E+01 -3.987288E-02 9.662577E-09 
-3.391618E+01 -2.172266E+00 4.042385E-04 
-4.550894E+01 -2.130434E+00 1.484890E-03 
-1.404793E+01 -2.377377E+00 2.954369E-05 
-1.705875E+01 -1.824667E+00 2.039889E-07 
-4.354986E+01 -7.382871E-01 6.767501E-04 
-4.307248E+01 -2.371749E+00 1.655312E-03 
-1.404560E+01 -3.077181E+00 3.202111E-04 
-1.212015E+01 -3.273049E+00 3.056772E-04 
-2.528598E+01 -3.026954E+00 1.268431E-03 
-2.219109E+01 -3.018370E+00 9.788299E-04 
-3.529483E+01 -2.167936E+00 6.411918E-04 
-2.585683E+01 -3.610757E+00 2.777993E-03 
-1.733772E+01 -1.984670E+00 8.160687E-06 
-1.504730E+01 -2.446308E+00 4.593491E-05 
-1.689049E+01 -1.853412E+00 1.902893E-07 
-1.236820E+01 -2.639560E+00 1.237146E-05 
-2.127335E+01 -3.131834E+00 9.612903E-04 
-4.201782E+01 -2.345972E+00 1.563104E-03 
-1.407350E+01 -3.529066E+00 9.776516E-04 
-2.514433E+01 -3.325879E+00 1.771604E-03 
-3.887787E+01 -2.396352E+00 1.263918E-03 
-4.195915E+01 -6.765193E-01 2.080025E-04 
-2.110345E+01 -2.498446E+00 3.482587E-04 
-3.255471E+01 -2.666901E+00 1.365030E-03 
-1.522442E+01 -2.086795E+00 1.041681E-08 
-3.581807E+01 -2.142565E+00 6.625897E-04 
-2.429092E+01 -2.114654E+00 1.224221E-04 
-2.646314E+01 -2.375272E+00 4.222411E-04 
-3.399902E+01 -2.245839E+00 6.890334E-04 
-1.362158E+01 -2.100451E+00 8.409805E-09 
-1.509105E+01 -2.775227E+00 2.177104E-04 
-3.476314E+01 -2.797977E+00 1.898571E-03 
-2.958943E+01 -2.648345E+00 9.330519E-04 
-3.044413E+01 -2.363468E+00 6.314347E-04 
-1.742003E+01 -2.800464E+00 4.885406E-04 
-1.806796E+01 -3.073328E+00 6.894448E-04 
-5.076476E+01 -2.542253E+00 3.290393E-03 
-1.979729E+01 -2.685308E+00 8.762335E-05 
-4.251092E+01 -3.291963E+00 1.604811E-02 
-1.740964E+01 -3.541541E+00 1.455056E-03 
-1.519535E+01 -2.729511E+00 1.598204E-04 
-1.207837E+01 -2.878299E+00 6.303705E-05 
-2.233502E+01 -2.730304E+00 5.616316E-04 
-3.227672E+01 -2.580899E+00 1.081278E-03 
-3.616847E+01 -2.341477E+00 1.072973E-03 
-3.307911E+01 -2.336459E+00 7.011301E-04 
-4.657999E+01 -2.266179E+00 2.140916E-03 
-1.436248E+01 -2.322817E+00 1.910840E-05 
-1.469820E+01 -3.479602E+00 9.184781E-04 
-1.401178E+01 -3.111476E+00 4.138591E-04 
-2.679525E+01 -2.758847E+00 7.604970E-04 
-5.313566E+01 -1.232596E+00 2.142056E-03 
-3.694679E+01 -1.787117E+00 1.280916E-04 
-3.320065E+01 -2.819252E+00 2.027790E-03 
-4.201783E+01 -1.373224E-01 3.777196E-06 
-3.162270E+01 -2.285325E+00 5.926740E-04 
-3.976577E+01 -2.340264E+00 1.526542E-03 
-3.490869E+01 -2.091175E+00 3.868946E-04 
-1.720079E+01 -2.010534E+00 2.833255E-06 
-3.943890E+01 -6.479209E-01 1.331286E-04 
-2.934715E+01 -3.087293E+00 1.717720E-03 
-4.314519E+01 -2.344233E+00 1.840626E-03 
-2.202301E+01 -3.029893E+00 1.046518E-03 
-1.248904E+01 -3.045181E+00 1.861867E-04 
-3.902609E+01 -2.213344E+00 1.179241E-03 
-4.002607E+01 -9.762424E-01 2.776382E-04 
-2.463519E+01 -3.473513E+00 2.158919E-03 
-1.422904E+01 -2.853194E+00 1.629066E-04 
-4.803317E+01 -2.245166E+00 1.671907E-03 
-5.241730E+01 -2.818202E+00 5.711087E-03 
-3.815539E+01 -6.012368E-02 5.867444E-11 
-2.679162E+01 -2.890839E+00 1.164163E-03 
-2.612521E+01 -3.156623E+00 1.984948E-03 
-1.436844E+01 -3.611689E+00 1.074567E-03 
-1.487977E+01 -3.020724E+00 5.023935E-04 
-3.848872E+01 -9.922591E-01 3.345020E-04 
-2.309806E+01 -3.017499E+00 8.675443E-04 
-2.300466E+01 -2.409256E+00 3.591180E-04 
-2.711473E+01 -2.964214E+00 1.428548E-03 
-3.572626E+01 -2.277903E+00 9.097473E-04 
-2.343263E+01 -3.429380E+00 1.700295E-03 
-3.083915E+01 -1.034079E+00 1.397518E-05 
-1.406390E+01 -2.885751E+00 1.831787E-04 
-2.261510E+01 -3.620447E+00 2.189262E-03 
-2.379354E+01 -2.834781E+00 7.917264E-04 
-3.762359E+01 -2.248855E+00 1.102545E-03 
-2.814684E+01 -2.979851E+00 1.599320E-03 
-2.422157E+01 -3.087645E+00 1.338988E-03 
-1.668995E+01 -3.636716E+00 1.481303E-03 
-2.775273E+01 -3.007689E+00 1.499247E-03 
-2.042535E+01 -1.212645E+00 2.348970E-10 
-3.432825E+01 -1.943511E+00 3.017885E-04 
-2.546900E+01 -2.967508E+00 1.057982E-03 
-4.070076E+01 -3.257923E+00 1.574244E-02 
-1.445812E+01 -2.470343E+00 5.858787E-05 
-2.497271E+01 -2.909456E+00 9.991550E-04 
-2.504491E+01 -2.874130E+00 1.057959E-03 
-5.113889E+01 -1.218022E+00 2.093855E-03 
-4.381960E+01 -2.333863E+00 1.983443E-03 
-3.528448E+01 -2.285328E+00 7.462055E-04 
-1.251919E+01 -2.528449E+00 8.045135E-06 
-4.166004E+01 -1.992313E+00 7.575043E-04 
-1.385533E+01 -2.298733E+00 4.856377E-06 
-1.697516E+01 -3.553228E+00 1.206165E-03 
-2.791857E+01 -2.610305E+00 7.390861E-04 
-2.871065E+01 -2.489785E+00 6.402879E-04 
-2.549437E+01 -3.099878E+00 1.507953E-03 
-2.803795E+01 -2.590344E+00 7.765840E-04 
-4.152058E+01 -9.068322E-02 9.261858E-09 
-2.353435E+01 -2.336164E+00 2.922724E-04 
-3.254728E+01 -6.556960E-01 2.248697E-06 
-2.134146E+01 -2.453053E+00 3.713019E-04 
-2.321843E+01 -3.295694E+00 1.500603E-03 
-1.589922E+01 -2.840753E+00 3.841511E-04 
-2.152515E+01 -3.141112E+00 1.105650E-03 
-4.435550E+01 -2.396770E+00 2.192812E-03 
-1.523104E+01 -3.124042E+00 5.107915E-04 
-4.534550E+01 -1.083417E+00 9.801014E-04 
-1.309258E+01 -3.479390E+00 8.047282E-04 
-4.355704E+01 -2.503852E+00 2.756014E-03 
-1.749400E+01 -3.920398E+00 2.337350E-03 
-3.834695E+01 -1.850461E+00 1.779853E-04 
-3.843177E+01 -2.266315E+00 1.143660E-03 
-2.443523E+01 -2.761129E+00 6.164919E-04 
-2.420483E+01 -2.993536E+00 9.999733E-04 
-3.028886E+01 -2.427303E+00 6.737935E-04 
-3.300982E+01 -1.871899E+00 2.088838E-04 
-1.861566E+01 -3.351342E+00 1.488115E-03 
-1.837127E+01 -2.917208E+00 6.135968E-04 
-1.326936E+01 -2.528832E+00 1.567112E-05 
-3.404400E+01 -2.235812E+00 4.156354E-04 
-4.660475E+01 -2.463952E+00 2.358923E-03 
-1.616109E+01 -2.698731E+00 1.999088E-04 
-3.582927E+01 -7.387638E-03 8.891328E-12 
-4.497307E+01 -2.370188E+00 2.026905E-03 
-2.956165E+01 -9.338363E-01 1.487673E-07 
-4.578116E+01 -7.691729E-01 7.806112E-04 
-1.645715E+01 -1.786589E+00 3.868060E-08 
-1.463594E+01 -3.577086E+00 1.153742E-03 
-3.015277E+01 -2.006293E+00 6.684061E-05 
-1.566852E+01 -3.103209E+00 6.067076E-04 
-2.535858E+01 -2.496286E+00 3.892572E-04 
-2.041206E+01 -2.419603E+00 3.252953E-04 
-3.773743E+01 -2.318474E+00 1.168606E-03 
-3.035336E+01 -2.784775E+00 1.388226E-03 
-2.601289E+01 -2.769273E+00 7.489131E-04 
-2.988456E+01 -2.911978E+00 1.172528E-03 
-3.273321E+01 -1.927008E+00 1.525124E-04 
-3.698068E+01 -6.188082E-01 3.015785E-06 
-1.428140E+01 -3.158350E+00 6.011983E-04 
-3.927215E+01 -6.468975E-01 7.689551E-05 
-3.156806E+01 -2.553998E+00 9.026507E-04 
-2.180778E+01 -3.446673E+00 1.618094E-03 
-3.111303E+01 -2.480108E+00 6.751774E-04 
-2.749949E+01 -2.700822E+00 8.288734E-04 
-3.730406E+01 -1.864260E+00 4.218334E-04 
-3.499487E+01 -2.108627E+00 4.894093E-04 
-2.599774E+01 -2.806970E+00 1.013612E-03 
-2.191452E+01 -3.565810E+00 1.758052E-03 
-4.560380E+01 -2.428517E+00 2.352189E-03 
-2.000791E+01 -2.702926E+00 2.311513E-04 
-1.500483E+01 -2.881609E+00 2.753379E-04 
-2.136024E+01 -6.082474E-01 5.747642E-11 
-1.820389E+01 -3.888348E+00 2.328425E-03 
-1.232373E+01 -2.959407E+00 1.676059E-04 
-1.447385E+01 -2.730415E+00 1.519816E-04 
-2.481045E+01 -3.061354E+00 1.162209E-03 
-3.300098E+01 -1.917508E+00 1.712792E-04 
-5.146495E+01 -2.716243E+00 4.632287E-03 
-1.280025E+01 -2.850594E+00 9.661679E-05 
-1.225439E+01 -3.177421E+00 2.657608E-04 
-3.380123E+01 -2.653504E+00 1.284713E-03 
-1.390765E+01 -2.785537E+00 1.264812E-04 
-3.939872E+01 -9.820914E-02 2.342998E-10 
-1.377965E+01 -2.593587E+00 5.401450E-05 
-4.811865E+01 -2.570516E+00 3.244466E-03 
-4.146673E+01 -2.302585E+00 1.492047E-03 
-1.748427E+01 -3.848117E+00 2.067403E-03 
-1.751281E+01 -1.075130E+00 5.328608E-11 
-1.322567E+01 -2.138001E+00 3.213664E-07 
-3.214935E+01 -2.314092E+00 6.104323E-04 
-4.712524E+01 -2.320281E+00 2.360354E-03 
-1.596330E+01 -3.506581E+00 1.154438E-03 
-2.746468E+01 -2.491264E+00 6.259034E-04 
-3.084876E+01 -2.575983E+00 8.211118E-04 
-1.891758E+01 -2.884117E+00 5.440307E-04 
-3.563413E+01 -2.049138E+00 4.518392E-04 
-3.526024E+01 -2.375067E+00 1.008722E-03 
-1.345468E+01 -2.487885E+00 3.589407E-05 
-2.589710E+01 -2.747033E+00 7.157369E-04 
-1.946707E+01 -1.708314E+00 2.882711E-09 
-4.249650E+01 -7.085461E-01 3.188451E-04 
-4.874362E+01 -2.646102E+00 3.928005E-03 
-3.018117E+01 -2.659274E+00 1.013650E-03 
-3.463155E+01 -2.287827E+00 8.116768E-04 
-3.313054E+01 -3.000061E+00 1.715051E-03 
-1.373261E+01 -2.189368E+00 2.510068E-06 
-1.346649E+01 -3.269601E+00 5.088269E-04 
-1.574648E+01 -3.630210E+00 1.359470E-03 
-3.248898E+01 -2.497082E+00 9.082717E-04 
-4.760847E+01 -1.153309E+00 1.300692E-03 
-4.648550E+01 -2.841654E+00 5.642943E-03 
-2.256118E+01 -3.187782E+00 1.313009E-03 
-5.196448E+01 -8.287024E-01 1.983259E-03 
-5.373232E+01 -2.424461E+00 3.015106E-03 
-3.203696E+01 -1.905082E+00 1.502101E-04 
-3.205716E+01 -2.619102E+00 1.184417E-03 
-2.102504E+01 -3.494628E+00 1.683901E-03 
-3.356551E+01 -2.132611E+00 2.618142E-04 
-1.319190E+01 -2.712847E+00 9.150449E-05 
-2.642798E+01 -2.449166E+00 5.568055E-04 
-3.792101E+01 -2.223461E+00 8.339072E-04 
-3.119712E+01 -2.841123E+00 1.524078E-03 
-1.379638E+01 -2.409641E+00 2.298500E-05 
-1.452915E+01 -2.972363E+00 2.525357E-04 
-2.087268E+01 -3.360801E+00 1.601749E-03 
-3.544581E+01 -2.484479E+00 1.294533E-03 
-1.823077E+01 -2.899330E+00 6.051195E-04 
-3.161830E+01 -2.012749E+00 2.027192E-04 
-4.951161E+01 -2.643716E+00 3.870336E-03 
-1.247096E+01 -2.920253E+00 7.213351E-05 
-2.765267E+01 -3.340817E+00 2.397634E-03 
-5.164738E+01 -2.372714E+00 2.769711E-03 
-2.318877E+01 -3.371350E+00 1.605175E-03 
-5.365771E+01 -8.611423E-01 2.509088E-03 
-1.238116E+01 -3.418238E+00 5.406699E-04 
-2.921667E+01 -2.693793E+00 1.073719E-03 
-2.838861E+01 -2.323370E+00 4.064213E-04 
-1.571381E+01 -2.019248E+00 2.679986E-08 
-3.056917E+01 -1.980825E+00 3.300469E-05 
-1.311100E+01 -2.242684E+00 1.222861E-06 
-4.386786E+01 8.186746E-02 1.262434E-09 
-3.822593E+01 -1.857622E+00 3.550644E-04 
-3.270804E+01 -8.068382E-01 4.471442E-06 
-3.998331E+01 -1.951495E+00 5.460579E-04 
-1.776686E+01 -1.886304E+00 1.823879E-06 
-5.343125E+01 -2.513790E+00 3.917318E-03 
-2.647038E+01 -3.392504E+00 2.481136E-03 
-2.240539E+01 -3.463927E+00 1.951622E-03 
-1.555208E+01 -2.330146E+00 6.156924E-05 
-2.281244E+01 -2.344001E+00 3.086264E-04 
-2.917572E+01 -2.445218E+00 5.100700E-04 
-1.243041E+01 -3.130248E+00 2.592588E-04 
-3.808927E+01 -9.235571E-01 5.331124E-05 
-3.367588E+01 -2.366061E+00 8.731623E-04 
-4.685799E+01 -2.126148E+00 9.892728E-04 
-3.442453E+01 -9.098746E-01 1.986129E-05 
-2.359017E+01 -2.607759E+00 4.800918E-04 
-3.116696E+01 -2.404722E+00 6.803337E-04 
-4.493276E+01 -1.075678E+00 8.318765E-04 
-3.194137E+01 -5.857364E-01 1.451695E-10 
-4.024219E+01 -2.378818E+00 1.788177E-03 
-3.265223E+01 -2.179819E+00 2.754657E-04 
-3.838159E+01 -2.187495E+00 9.258806E-04 
-4.168850E+01 -2.236069E+00 1.339471E-03 
-2.819357E+01 -2.697286E+00 8.613945E-04 
-3.672322E+01 -2.542090E+00 1.552807E-03 
-5.069394E+01 -2.741810E+00 4.312259E-03 
-1.785738E+01 -3.446463E+00 6.163519E-04 
-1.779073E+01 -2.267986E+00 1.615749E-05 
-1.510573E+01 -2.920295E+00 3.596139E-04 
-2.913396E+01 -2.784608E+00 9.944360E-04 
-1.907797E+01 -3.080039E+00 8.139150E-04 
-4.119213E+01 -1.019198E+00 7.517170E-04 
-3.530636E+01 -2.240971E+00 6.689542E-04 
-2.318988E+01 -2.923114E+00 6.934410E-04 
-2.085536E+01 -2.333740E+00 2.677236E-04 
-5.038246E+01 -1.178956E+00 1.497913E-03 
-2.927317E+01 -1.816006E+00 1.178740E-07 
-3.479212E+01 -2.451588E+00 1.253084E-03 
-3.526904E+01 -2.331485E+00 8.627879E-04 
-2.290019E+01 -2.321502E+00 3.806451E-05 
-1.371370E+01 -3.118987E+00 3.057604E-04 
-2.024006E+01 -3.246252E+00 1.253937E-03 
-3.106727E+01 -2.691918E+00 1.206207E-03 
-3.052731E+01 -2.184665E+00 3.247829E-04 
-2.875116E+01 -2.370897E+00 4.686056E-04 
-5.322357E+01 -2.468976E+00 3.425966E-03 
-3.968231E+01 -2.238614E+00 1.212410E-03 
-3.106771E+01 -9.081554E-01 8.179364E-07 
-1.522258E+01 -2.272079E+00 3.592802E-05 
-4.369767E+01 -7.337174E-01 3.231716E-04 
-2.006557E+01 -3.457519E+00 1.644923E-03 
-1.895861E+01 -3.296219E+00 1.257029E-03 
