-1.864978E+01 -1.912783E+00 2.138556E-05 
-2.258851E+01 -3.241254E+00 1.141852E-03 
-1.536704E+01 -1.917521E+00 2.373803E-08 
-3.430821E+01 -1.641843E+00 9.911621E-06 
-2.776608E+01 -2.894378E+00 9.499542E-04 
-2.404796E+01 -2.913754E+00 7.683861E-04 
-1.644256E+01 -2.018904E+00 1.140896E-06 
-3.158991E+01 -2.572079E+00 9.839268E-04 
-3.358597E+01 -1.695568E+00 8.768341E-05 
-2.230935E+01 -1.286055E+00 3.974051E-08 
-2.248351E+01 -3.673432E+00 2.372887E-03 
-1.895781E+01 -2.351866E+00 1.930167E-04 
-1.748793E+01 -3.766541E+00 1.534872E-03 
-3.874209E+01 -2.138896E+00 9.729791E-04 
-3.219065E+01 -2.805858E+00 1.702548E-03 
-8.244279E+00 -3.449029E+00 7.698443E-05 
-3.309775E+01 -2.701406E+00 1.155614E-03 
-1.947212E+01 -2.115452E+00 3.615953E-05 
-2.690567E+01 -2.708679E+00 8.337088E-04 
-2.042514E+01 -2.589972E+00 4.007228E-04 
-2.800606E+01 -2.813250E+00 1.083402E-03 
-1.207933E+01 -2.399059E+00 4.544534E-07 
-2.625253E+01 -3.224973E+00 2.000962E-03 
-1.551202E+01 -3.560599E+00 1.205796E-03 
-3.602055E+01 -1.712564E+00 1.004027E-04 
-2.465247E+01 -2.168892E+00 2.036214E-04 
-4.089131E+01 -2.536902E+00 2.082620E-03 
-1.754921E+01 -2.960039E+00 5.967142E-04 
-3.711983E+01 -2.156423E+00 7.244374E-04 
-2.792851E+01 -2.442086E+00 6.005594E-04 
-2.873381E+01 -2.053117E+00 1.246168E-04 
-1.601067E+01 -2.405270E+00 8.043590E-05 
-3.958215E+01 -2.553386E+00 2.484832E-03 
-1.614103E+01 -2.868702E+00 3.906197E-04 
-2.026177E+01 -3.425984E+00 1.526334E-03 
-3.137561E+01 -7.012095E-01 7.321005E-08 
-2.721672E+01 -3.202551E+00 2.177085E-03 
-3.029200E+01 -1.762573E+00 3.082725E-06 
-1.302992E+01 -2.696214E+00 6.902638E-05 
-2.929565E+01 -2.166616E+00 1.862931E-04 
-2.193803E+01 -2.521810E+00 3.590814E-04 
-1.291582E+01 -3.062576E+00 2.110933E-04 
-1.833895E+01 -3.862093E+00 1.869581E-03 
-3.429602E+01 -2.035068E+00 3.062934E-04 
-2.194214E+01 -1.874587E+00 1.584067E-05 
-2.411718E+01 -2.575759E+00 5.205523E-04 
-1.468200E+01 -2.931643E+00 2.292899E-04 
-1.823229E+01 -3.197069E+00 7.548323E-04 
-1.602766E+01 -1.846590E+00 3.746940E-08 
-2.601034E+01 -2.397451E+00 3.309410E-04 
-3.142988E+01 -1.868992E+00 4.271839E-05 
-2.269061E+01 -2.994916E+00 8.231835E-04 
-3.167064E+01 -1.943746E+00 9.770481E-05 
-3.384905E+01 -2.528677E+00 1.198884E-03 
-3.267810E+01 -2.556742E+00 9.379567E-04 
-1.536524E+01 -3.170477E+00 6.061955E-04 
-2.487790E+01 -2.080364E+00 8.982947E-05 
-1.607278E+01 -2.799083E+00 2.715023E-04 
-4.018292E+01 -2.282831E+00 1.248433E-03 
-1.498717E+01 -3.670343E+00 1.220835E-03 
-1.401649E+01 -3.118850E+00 3.741315E-04 
-2.157613E+01 -3.079010E+00 1.008165E-03 
-1.258721E+01 -2.427881E+00 1.628126E-06 
-2.315085E+01 -3.535800E+00 2.401693E-03 
-2.175561E+01 -2.603510E+00 4.698295E-04 
-2.189863E+01 -3.299957E+00 1.384351E-03 
-2.971131E+01 -2.709342E+00 1.141928E-03 
-3.259495E+01 -2.376838E+00 7.509292E-04 
-2.238493E+01 -3.502666E+00 1.742030E-03 
-1.929316E+01 -1.832139E+00 2.631833E-07 
-1.411815E+01 -2.976945E+00 2.192747E-04 
-1.699496E+01 -2.513680E+00 1.853306E-04 
-2.351125E+01 -2.141797E+00 1.530318E-04 
-3.027004E+01 -1.572663E+00 6.426192E-07 
-2.580558E+01 -2.780275E+00 7.362981E-04 
-1.483893E+01 -2.129437E+00 1.210204E-08 
-2.992153E+01 -2.816765E+00 1.236302E-03 
-1.591472E+01 -2.705738E+00 2.621022E-04 
-3.736685E+01 -2.634362E+00 1.555857E-03 
-3.658394E+01 -2.245041E+00 9.122856E-04 
-1.415134E+01 -3.534324E+00 9.492966E-04 
-2.070143E+01 -3.034387E+00 8.049150E-04 
-3.107709E+01 -2.775076E+00 1.483328E-03 
-1.791757E+01 -2.714986E+00 4.197011E-04 
-3.523037E+01 -2.630936E+00 1.405088E-03 
-3.442791E+01 -2.184454E+00 5.878689E-04 
-1.412289E+01 -3.075389E+00 3.278241E-04 
-1.731453E+01 -2.705475E+00 3.704825E-04 
-2.716261E+01 -2.676607E+00 5.836252E-04 
-1.954158E+01 -3.922005E+00 2.249083E-03 
-1.141283E+01 -4.889751E+00 8.384952E-03 
-3.800985E+01 -2.400254E+00 1.682119E-03 
-3.423225E+01 -2.404732E+00 9.733192E-04 
-1.996053E+01 -3.295470E+00 1.211466E-03 
-3.040960E+01 -2.506830E+00 8.196531E-04 
-2.140358E+01 -2.587425E+00 3.975088E-04 
-1.714521E+01 -9.044456E-02 9.196966E-12 
-1.553366E+01 -3.595630E+00 1.236207E-03 
-1.522877E+01 -2.433127E+00 5.859865E-05 
-3.629698E+01 -8.884832E-01 7.802248E-06 
-1.547807E+01 -3.489164E+00 1.039561E-03 
-2.014006E+01 -2.659344E+00 4.884758E-04 
-2.299050E+01 -3.345980E+00 1.557741E-03 
-1.509285E+01 -3.089915E+00 4.692317E-04 
-1.447471E+01 -2.473471E+00 2.761816E-05 
-1.567194E+01 -2.370631E+00 6.061215E-05 
-2.690779E+01 -2.947653E+00 1.228437E-03 
-2.985884E+01 -2.097637E+00 1.665707E-04 
-3.203654E+01 -2.730134E+00 1.251270E-03 
-2.948506E+01 -2.320247E+00 3.096038E-04 
-1.618478E+01 -2.114507E+00 2.335610E-06 
-2.015014E+01 -2.876443E+00 5.705901E-04 
-2.994858E+01 -3.103341E+00 2.485648E-03 
-2.523723E+01 -2.159397E+00 1.772586E-04 
-3.590800E+01 -1.323278E-01 1.114493E-08 
-2.561618E+01 -3.063410E+00 1.284868E-03 
-1.614367E+01 -2.846769E+00 3.278361E-04 
-4.136186E+01 -2.440405E+00 1.902437E-03 
-1.199468E+01 -2.809385E+00 5.270568E-05 
-2.685417E+01 -3.059140E+00 1.274687E-03 
-2.866819E+01 -2.949160E+00 1.495003E-03 
-3.378662E+01 -8.468411E-01 3.983061E-06 
-2.873151E+01 -2.826810E+00 1.158953E-03 
-3.023478E+01 -1.994978E+00 1.523078E-04 
-1.742523E+01 -3.577192E+00 1.521160E-03 
-2.454196E+01 -3.209261E+00 1.502390E-03 
-2.049903E+01 -1.570351E+00 1.826486E-09 
-1.222410E+01 -2.709871E+00 9.290423E-06 
-2.817280E+01 -2.680274E+00 6.880746E-04 
-1.508453E+01 -2.569241E+00 9.262210E-05 
-2.111537E+01 -9.571113E-01 8.531114E-10 
-2.638598E+01 -2.541250E+00 5.364179E-04 
-1.862879E+01 -3.127247E+00 7.541905E-04 
-3.085494E+01 -1.921416E+00 6.817716E-05 
-2.643903E+01 -3.131271E+00 1.931709E-03 
-3.178154E+01 -2.704866E+00 1.204921E-03 
-3.855519E+01 -1.136246E+00 5.442204E-04 
-1.238733E+01 -3.229417E+00 2.741267E-04 
-2.717477E+01 -2.940401E+00 1.211279E-03 
-2.974214E+01 -2.513211E+00 6.377753E-04 
-1.953686E+01 -3.820635E+00 2.003265E-03 
-1.278313E+01 -2.981954E+00 1.344761E-04 
-3.772154E+01 -9.387895E-01 1.617919E-04 
-1.653169E+01 -1.949776E+00 7.907968E-08 
-1.405118E+01 -3.393278E+00 5.949867E-04 
-1.875215E+01 -3.954809E+00 2.499705E-03 
-2.106813E+01 -3.179048E+00 9.230190E-04 
-3.223628E+01 -2.643685E+00 1.055381E-03 
-1.609965E+01 -3.555970E+00 1.261160E-03 
-1.548437E+01 -2.143941E+00 1.505677E-05 
-2.290168E+01 -3.171795E+00 1.022939E-03 
-4.045633E+01 -2.365997E+00 1.559010E-03 
-2.777367E+01 -2.416251E+00 3.382564E-04 
-2.983313E+01 -2.575040E+00 7.888689E-04 
-1.803525E+01 -3.617666E+00 1.639544E-03 
-3.075862E+01 -2.653887E+00 1.061976E-03 
-3.849278E+01 -2.279626E+00 1.100332E-03 
-1.805320E+01 -1.776560E+00 1.627819E-08 
-1.556140E+01 -2.171310E+00 1.560575E-05 
-2.622617E+01 -3.192458E+00 1.743797E-03 
-2.385218E+01 -3.526819E+00 2.079054E-03 
-2.333719E+01 -3.213116E+00 1.351165E-03 
-2.829041E+01 -2.633811E+00 7.323744E-04 
-1.501171E+01 -2.838595E+00 2.478648E-04 
-1.815876E+01 -3.421441E+00 1.436092E-03 
-3.827256E+01 -2.237772E+00 9.468883E-04 
-1.633118E+01 -3.020224E+00 4.188897E-04 
-3.257780E+01 -2.374547E+00 6.724110E-04 
-3.676132E+01 -6.373623E-01 1.934986E-07 
-3.332150E+01 -2.872580E+00 2.307606E-03 
-3.359980E+01 -2.133232E+00 2.401384E-04 
-1.958260E+01 -2.724158E+00 4.698988E-04 
-3.596661E+01 -2.701795E+00 1.618120E-03 
-3.327275E+01 -2.494782E+00 8.011924E-04 
-2.463816E+01 -2.016248E+00 3.465690E-05 
-3.627672E+01 -2.305925E+00 9.510570E-04 
-2.259773E+01 -2.853432E+00 5.950618E-04 
-1.385627E+01 -2.100088E+00 3.439608E-10 
-1.727027E+01 -2.992235E+00 5.512636E-04 
-3.258687E+01 -1.694596E+00 6.706729E-05 
-1.225191E+01 -2.465450E+00 9.697856E-07 
-2.943321E+01 -2.411730E+00 4.627334E-04 
-2.530041E+01 -3.166345E+00 1.314305E-03 
-1.264488E+01 -3.328557E+00 3.383966E-04 
-2.481149E+01 -3.260941E+00 1.656088E-03 
-1.970611E+01 -3.631436E+00 1.772676E-03 
-3.004519E+01 -2.488200E+00 7.185637E-04 
-1.425172E+01 -2.687319E+00 7.789911E-05 
-3.769473E+01 -2.404196E+00 1.339465E-03 
-2.182669E+01 -2.836756E+00 5.787867E-04 
-2.736913E+01 -1.064772E+00 3.805973E-08 
-3.738209E+01 -2.137673E+00 6.971348E-04 
-2.288664E+01 -3.641463E+00 2.433202E-03 
-2.954788E+01 -2.721052E+00 9.728834E-04 
-1.500680E+01 -2.563356E+00 7.722148E-05 
-1.689519E+01 -3.593164E+00 1.296022E-03 
-2.903328E+01 -3.270832E+00 2.324090E-03 
-1.315673E+01 -2.937496E+00 1.545161E-04 
-1.185967E+01 -3.011882E+00 8.941758E-05 
-2.537405E+01 -2.818578E+00 7.008496E-04 
-1.846827E+01 -2.490641E+00 1.015264E-04 
-3.737931E+01 -2.203999E+00 7.720399E-04 
-2.610079E+01 -2.750540E+00 6.555309E-04 
-2.475431E+01 -2.297510E+00 2.456969E-04 
-3.354860E+01 -2.509106E+00 1.007128E-03 
-2.684215E+01 -3.529016E+00 2.734384E-03 
-2.436752E+01 -3.508436E+00 2.409790E-03 
-2.067617E+01 -1.868018E+00 1.257880E-05 
-2.133529E+01 -3.252849E+00 1.260686E-03 
-2.816911E+01 -2.267917E+00 2.142989E-04 
-3.226416E+01 -2.792321E+00 1.600850E-03 
-2.725730E+01 -3.257559E+00 2.284652E-03 
-3.691984E+01 -2.175757E+00 7.595347E-04 
-2.331865E+01 -2.967015E+00 7.569288E-04 
-3.160439E+01 -8.828977E-01 2.223594E-07 
-1.895646E+01 -2.703249E+00 4.293191E-04 
-3.391618E+01 -2.172266E+00 4.042385E-04 
-3.062556E+01 -2.968927E+00 1.538209E-03 
-2.472885E+01 -2.625410E+00 5.450210E-04 
-1.705875E+01 -1.824667E+00 2.039889E-07 
-1.455568E+01 -2.223813E+00 7.711868E-06 
-2.173744E+01 -3.333572E+00 1.465867E-03 
-3.620699E+01 -2.428234E+00 1.255969E-03 
-1.212015E+01 -3.273049E+00 3.056772E-04 
-2.746082E+01 -2.462839E+00 4.591461E-04 
-3.684566E+01 -2.552898E+00 1.352384E-03 
-1.489659E+01 -2.578377E+00 9.742299E-05 
-2.585683E+01 -3.610757E+00 2.777993E-03 
-1.733772E+01 -1.984670E+00 8.160687E-06 
-4.106238E+01 3.383668E-02 5.304491E-06 
-2.731131E+01 -2.795994E+00 8.453932E-04 
-1.236820E+01 -2.639560E+00 1.237146E-05 
-1.609502E+01 -2.332140E+00 9.436930E-05 
-1.734389E+01 -2.769183E+00 4.207667E-04 
-3.685069E+01 -2.372648E+00 1.008351E-03 
-2.514433E+01 -3.325879E+00 1.771604E-03 
-3.887787E+01 -2.396352E+00 1.263918E-03 
-1.396579E+01 -3.285551E+00 5.569857E-04 
-2.911476E+01 -2.030235E+00 1.371659E-04 
-1.822555E+01 -2.587371E+00 1.987744E-04 
-1.522442E+01 -2.086795E+00 1.041681E-08 
-3.581807E+01 -2.142565E+00 6.625897E-04 
-2.429092E+01 -2.114654E+00 1.224221E-04 
-3.002264E+01 -1.803432E+00 1.479481E-05 
-1.384616E+01 -3.348341E+00 4.946415E-04 
-4.088510E+01 -6.923103E-01 1.964165E-04 
-1.509105E+01 -2.775227E+00 2.177104E-04 
-3.476314E+01 -2.797977E+00 1.898571E-03 
-2.958943E+01 -2.648345E+00 9.330519E-04 
-3.044413E+01 -2.363468E+00 6.314347E-04 
-3.312918E+01 -2.335170E+00 4.783077E-04 
-1.806796E+01 -3.073328E+00 6.894448E-04 
-1.964067E+01 -2.813745E+00 5.647441E-04 
-3.787071E+01 -6.231123E-01 2.031938E-05 
-3.247460E+01 -2.718941E+00 1.450385E-03 
-1.740964E+01 -3.541541E+00 1.455056E-03 
-1.519535E+01 -2.729511E+00 1.598204E-04 
-1.207837E+01 -2.878299E+00 6.303705E-05 
-2.233502E+01 -2.730304E+00 5.616316E-04 
-3.227672E+01 -2.580899E+00 1.081278E-03 
-2.006557E+01 -3.457519E+00 1.644923E-03 
-1.408740E+01 -2.147225E+00 1.256444E-06 
-3.910421E+01 -2.195245E+00 1.067634E-03 
-1.436248E+01 -2.322817E+00 1.910840E-05 
-1.469820E+01 -3.479602E+00 9.184781E-04 
-1.293626E+01 -2.357483E+00 5.646526E-06 
-1.668994E+01 -2.918010E+00 4.707082E-04 
-2.449793E+01 -3.176703E+00 1.453369E-03 
-3.694679E+01 -1.787117E+00 1.280916E-04 
-3.320065E+01 -2.819252E+00 2.027790E-03 
-3.079936E+01 -2.785252E+00 1.194730E-03 
-1.403634E+01 -2.419568E+00 2.017206E-05 
-3.658073E+01 -2.233987E+00 6.735396E-04 
-3.490869E+01 -2.091175E+00 3.868946E-04 
-1.720079E+01 -2.010534E+00 2.833255E-06 
-1.488763E+01 -2.981822E+00 3.744339E-04 
-2.934715E+01 -3.087293E+00 1.717720E-03 
-2.289097E+01 -2.775392E+00 6.914515E-04 
-1.522258E+01 -2.272079E+00 3.592802E-05 
-2.118181E+01 -3.783072E+00 2.249463E-03 
-3.181788E+01 -1.672773E+00 8.488480E-06 
-4.002607E+01 -9.762424E-01 2.776382E-04 
-2.463519E+01 -3.473513E+00 2.158919E-03 
-1.422904E+01 -2.853194E+00 1.629066E-04 
-2.815327E+01 -2.319550E+00 2.894841E-04 
-3.779447E+01 -2.273639E+00 9.506136E-04 
-3.815539E+01 -6.012368E-02 5.867444E-11 
-1.958869E+01 -3.016612E+00 6.368858E-04 
-3.143518E+01 -2.011655E+00 1.678600E-04 
-1.436844E+01 -3.611689E+00 1.074567E-03 
-1.744947E+01 -1.902148E+00 1.016008E-05 
-3.848872E+01 -9.922591E-01 3.345020E-04 
-2.309806E+01 -3.017499E+00 8.675443E-04 
-1.473369E+01 -2.202612E+00 1.880519E-06 
-1.882546E+01 -2.848678E+00 4.917678E-04 
-1.253482E+01 -2.574948E+00 6.922570E-06 
-2.343263E+01 -3.429380E+00 1.700295E-03 
-1.513356E+01 -2.533567E+00 8.960071E-05 
-1.406390E+01 -2.885751E+00 1.831787E-04 
-2.261510E+01 -3.620447E+00 2.189262E-03 
-2.774949E+01 -2.763012E+00 9.425276E-04 
-3.981244E+01 -2.314159E+00 1.202063E-03 
-2.814684E+01 -2.979851E+00 1.599320E-03 
-2.690553E+01 -3.089747E+00 1.937530E-03 
-1.668995E+01 -3.636716E+00 1.481303E-03 
-2.775273E+01 -3.007689E+00 1.499247E-03 
-2.042535E+01 -1.212645E+00 2.348970E-10 
-3.432825E+01 -1.943511E+00 3.017885E-04 
-2.546900E+01 -2.967508E+00 1.057982E-03 
-3.802537E+01 -2.185686E+00 7.855660E-04 
-3.324801E+01 -2.695642E+00 1.507104E-03 
-1.254592E+01 -2.353160E+00 5.575741E-10 
-2.566851E+01 -3.045533E+00 1.235084E-03 
-2.294042E+01 -2.152903E+00 1.472205E-04 
-1.717892E+01 -2.917306E+00 5.014695E-04 
-3.293685E+01 -2.038481E+00 2.150410E-04 
-1.848784E+01 -1.881458E+00 3.901366E-06 
-2.541134E+01 -3.041112E+00 1.200783E-03 
-1.385533E+01 -2.298733E+00 4.856377E-06 
-1.697516E+01 -3.553228E+00 1.206165E-03 
-3.313919E+01 -1.747791E+00 1.211296E-04 
-3.374214E+01 -2.374203E+00 6.429965E-04 
-2.549437E+01 -3.099878E+00 1.507953E-03 
-3.375972E+01 -1.660472E+00 8.014920E-07 
-1.313716E+01 -2.502045E+00 1.339989E-05 
-2.524382E+01 -2.934361E+00 9.447700E-04 
-2.106343E+01 -2.644508E+00 4.656329E-04 
-1.970973E+01 -3.028326E+00 7.850355E-04 
-2.321843E+01 -3.295694E+00 1.500603E-03 
-3.233532E+01 -2.576588E+00 1.151861E-03 
-3.289056E+01 -2.529217E+00 9.483410E-04 
-1.951432E+01 -3.427466E+00 1.510305E-03 
-1.523104E+01 -3.124042E+00 5.107915E-04 
-3.206462E+01 -2.058563E+00 1.693800E-04 
-1.309258E+01 -3.479390E+00 8.047282E-04 
-2.351833E+01 -2.611159E+00 5.081010E-04 
-1.858411E+01 -1.955123E+00 1.878511E-05 
-3.834695E+01 -1.850461E+00 1.779853E-04 
-2.448448E+01 -3.064881E+00 1.230418E-03 
-2.443523E+01 -2.761129E+00 6.164919E-04 
-2.420483E+01 -2.993536E+00 9.999733E-04 
-3.028886E+01 -2.427303E+00 6.737935E-04 
-3.300982E+01 -1.871899E+00 2.088838E-04 
-2.404204E+01 -2.657499E+00 5.252112E-04 
-1.837127E+01 -2.917208E+00 6.135968E-04 
-1.326936E+01 -2.528832E+00 1.567112E-05 
-3.404400E+01 -2.235812E+00 4.156354E-04 
-2.181100E+01 -2.785980E+00 5.224950E-04 
-1.616109E+01 -2.698731E+00 1.999088E-04 
-3.582927E+01 -7.387638E-03 8.891328E-12 
-3.145154E+01 -1.847992E+00 6.817649E-05 
-2.956165E+01 -9.338363E-01 1.487673E-07 
-2.234766E+01 -3.260234E+00 1.389708E-03 
-1.645715E+01 -1.786589E+00 3.868060E-08 
-1.463594E+01 -3.577086E+00 1.153742E-03 
-3.015277E+01 -2.006293E+00 6.684061E-05 
-1.566852E+01 -3.103209E+00 6.067076E-04 
-2.535858E+01 -2.496286E+00 3.892572E-04 
-1.464470E+01 -2.623465E+00 1.164671E-04 
-3.773743E+01 -2.318474E+00 1.168606E-03 
-2.359829E+01 -3.394322E+00 1.897949E-03 
-2.601289E+01 -2.769273E+00 7.489131E-04 
-2.988456E+01 -2.911978E+00 1.172528E-03 
-1.555987E+01 -2.859645E+00 3.338135E-04 
-3.163882E+01 -2.330651E+00 4.202678E-04 
-1.428140E+01 -3.158350E+00 6.011983E-04 
-1.778937E+01 -1.745933E+00 1.269511E-08 
-3.156806E+01 -2.553998E+00 9.026507E-04 
-2.180778E+01 -3.446673E+00 1.618094E-03 
-3.111303E+01 -2.480108E+00 6.751774E-04 
-2.749949E+01 -2.700822E+00 8.288734E-04 
-2.597757E+01 -3.099785E+00 1.560920E-03 
-3.499487E+01 -2.108627E+00 4.894093E-04 
-2.932395E+01 -2.586164E+00 8.179924E-04 
-2.191452E+01 -3.565810E+00 1.758052E-03 
-2.519385E+01 -2.570537E+00 5.688073E-04 
-2.000791E+01 -2.702926E+00 2.311513E-04 
-4.065495E+01 -1.103520E-01 1.122639E-06 
-2.136024E+01 -6.082474E-01 5.747642E-11 
-1.308550E+01 -3.362374E+00 3.830091E-04 
-2.116405E+01 -2.557631E+00 3.137518E-04 
-1.447385E+01 -2.730415E+00 1.519816E-04 
-2.481045E+01 -3.061354E+00 1.162209E-03 
-3.395663E+01 -2.277634E+00 5.316836E-04 
-1.394680E+01 -3.219643E+00 4.645204E-04 
-1.280025E+01 -2.850594E+00 9.661679E-05 
-3.974642E+01 -2.277044E+00 1.071605E-03 
-3.380123E+01 -2.653504E+00 1.284713E-03 
-1.390765E+01 -2.785537E+00 1.264812E-04 
-3.939872E+01 -9.820914E-02 2.342998E-10 
-1.377965E+01 -2.593587E+00 5.401450E-05 
-2.506300E+01 -8.980294E-01 1.301134E-08 
-1.497025E+01 -2.265079E+00 1.289211E-05 
-3.744388E+01 -1.881016E+00 3.906996E-04 
-1.751281E+01 -1.075130E+00 5.328608E-11 
-3.037520E+01 -2.248331E+00 2.806156E-04 
-3.962882E+01 -6.648883E-01 7.032490E-05 
-2.234373E+01 -3.563784E+00 1.886671E-03 
-1.596330E+01 -3.506581E+00 1.154438E-03 
-1.621243E+01 -2.619098E+00 1.572896E-04 
-3.084876E+01 -2.575983E+00 8.211118E-04 
-1.891758E+01 -2.884117E+00 5.440307E-04 
-2.378571E+01 -2.317060E+00 2.768527E-04 
-2.012862E+01 -2.447870E+00 2.747440E-04 
-1.385441E+01 -2.616664E+00 7.422215E-05 
-3.112439E+01 -2.191112E+00 2.204342E-04 
-1.946707E+01 -1.708314E+00 2.882711E-09 
-3.896394E+01 -2.277517E+00 1.041396E-03 
-4.086850E+01 -2.340950E+00 1.377062E-03 
-3.018117E+01 -2.659274E+00 1.013650E-03 
-1.982026E+01 -3.405034E+00 9.546755E-04 
-3.313054E+01 -3.000061E+00 1.715051E-03 
-1.265468E+01 -3.218144E+00 2.395216E-04 
-1.586591E+01 -2.636828E+00 1.754666E-04 
-1.574648E+01 -3.630210E+00 1.359470E-03 
-3.248898E+01 -2.497082E+00 9.082717E-04 
-2.757180E+01 -2.737061E+00 9.301534E-04 
-2.545744E+01 -2.526063E+00 4.864924E-04 
-1.801079E+01 -2.843440E+00 4.216241E-04 
-3.496624E+01 -2.398277E+00 8.551372E-04 
-1.766873E+01 -3.571291E+00 1.628289E-03 
-2.694496E+01 -2.999210E+00 1.382663E-03 
-1.286395E+01 -2.892190E+00 1.034840E-04 
-2.102504E+01 -3.494628E+00 1.683901E-03 
-2.406309E+01 -3.051835E+00 8.910156E-04 
-1.319190E+01 -2.712847E+00 9.150449E-05 
-3.095847E+01 -2.865717E+00 1.274729E-03 
-3.792101E+01 -2.223461E+00 8.339072E-04 
-3.119712E+01 -2.841123E+00 1.524078E-03 
-1.997042E+01 -1.858616E+00 4.412325E-06 
-3.409104E+01 -2.047396E+00 2.683380E-04 
-2.087268E+01 -3.360801E+00 1.601749E-03 
-3.544581E+01 -2.484479E+00 1.294533E-03 
-1.823077E+01 -2.899330E+00 6.051195E-04 
-2.596360E+01 -2.886966E+00 7.457089E-04 
-1.649162E+01 -3.469924E+00 1.052870E-03 
-1.247096E+01 -2.920253E+00 7.213351E-05 
-2.765267E+01 -3.340817E+00 2.397634E-03 
-2.385162E+01 -3.145310E+00 1.127267E-03 
-2.318877E+01 -3.371350E+00 1.605175E-03 
-2.128836E+01 -2.814498E+00 5.719134E-04 
-1.238116E+01 -3.418238E+00 5.406699E-04 
-2.285427E+01 -3.178386E+00 1.248257E-03 
-3.425787E+01 -2.311535E+00 6.600117E-04 
-1.571381E+01 -2.019248E+00 2.679986E-08 
-3.056917E+01 -1.980825E+00 3.300469E-05 
-3.561785E+01 -2.250385E+00 6.368252E-04 
-2.014322E+01 -2.455734E+00 2.889936E-04 
-3.822593E+01 -1.857622E+00 3.550644E-04 
-1.340057E+01 -2.203120E+00 9.958911E-07 
-3.998331E+01 -1.951495E+00 5.460579E-04 
-1.776686E+01 -1.886304E+00 1.823879E-06 
-2.958397E+01 -2.687692E+00 8.896612E-04 
-2.647038E+01 -3.392504E+00 2.481136E-03 
-2.240539E+01 -3.463927E+00 1.951622E-03 
-3.254825E+01 -1.939550E+00 2.050172E-04 
-2.281244E+01 -2.344001E+00 3.086264E-04 
-1.258971E+01 -2.530779E+00 1.203211E-05 
-1.428621E+01 -2.865835E+00 2.135169E-04 
-3.808927E+01 -9.235571E-01 5.331124E-05 
-2.687762E+01 -2.935528E+00 9.843719E-04 
-3.381368E+01 -2.760167E+00 1.827225E-03 
-3.442453E+01 -9.098746E-01 1.986129E-05 
-1.242791E+01 -3.016544E+00 1.640122E-04 
-3.116696E+01 -2.404722E+00 6.803337E-04 
-1.649699E+01 -2.733744E+00 3.752640E-04 
-3.194137E+01 -5.857364E-01 1.451695E-10 
-4.024219E+01 -2.378818E+00 1.788177E-03 
-3.265223E+01 -2.179819E+00 2.754657E-04 
-3.838159E+01 -2.187495E+00 9.258806E-04 
-3.454313E+01 -2.246486E+00 6.332537E-04 
-2.819357E+01 -2.697286E+00 8.613945E-04 
-3.778166E+01 -2.099452E+00 4.380853E-04 
-3.084056E+01 -2.806540E+00 1.254329E-03 
-1.785738E+01 -3.446463E+00 6.163519E-04 
-1.779073E+01 -2.267986E+00 1.615749E-05 
-1.510573E+01 -2.920295E+00 3.596139E-04 
-2.913396E+01 -2.784608E+00 9.944360E-04 
-1.907797E+01 -3.080039E+00 8.139150E-04 
-1.328236E+01 -2.318506E+00 1.063670E-07 
-2.795079E+01 -1.986587E+00 2.427485E-05 
-2.318988E+01 -2.923114E+00 6.934410E-04 
-2.829469E+01 -2.546525E+00 6.021630E-04 
-2.306180E+01 -2.274414E+00 2.323497E-04 
-2.927317E+01 -1.816006E+00 1.178740E-07 
-3.479212E+01 -2.451588E+00 1.253084E-03 
-3.526904E+01 -2.331485E+00 8.627879E-04 
-2.290019E+01 -2.321502E+00 3.806451E-05 
-3.634273E+01 -2.262968E+00 9.014821E-04 
-2.024006E+01 -3.246252E+00 1.253937E-03 
-2.179233E+01 -1.392378E+00 4.699631E-09 
-2.905551E+01 -2.547520E+00 7.284126E-04 
-2.682218E+01 -2.940494E+00 1.092646E-03 
-1.289466E+01 -3.162169E+00 2.829936E-04 
-2.901467E+01 -2.615186E+00 6.716037E-04 
-1.233154E+01 -3.195716E+00 1.068506E-04 
-3.178981E+01 -1.978866E+00 1.062327E-04 
-3.600842E+01 -2.312070E+00 6.682428E-04 
-2.133273E+01 -2.354881E+00 2.098091E-04 
-1.490287E+01 -2.417907E+00 2.555225E-05 
