-8.074012E+01 -8.850145E-02 7.066867E-03 
-2.258851E+01 -3.241254E+00 1.141852E-03 
-1.536704E+01 -1.917521E+00 2.373803E-08 
-3.430821E+01 -1.641843E+00 9.911621E-06 
-2.776608E+01 -2.894378E+00 9.499542E-04 
-2.404796E+01 -2.913754E+00 7.683861E-04 
-1.545495E+01 -2.972003E+00 3.510717E-04 
-1.336958E+01 -2.932921E+00 1.613385E-04 
-3.358597E+01 -1.695568E+00 8.768341E-05 
-2.230935E+01 -1.286055E+00 3.974051E-08 
-2.248351E+01 -3.673432E+00 2.372887E-03 
-1.895781E+01 -2.351866E+00 1.930167E-04 
-1.748793E+01 -3.766541E+00 1.534872E-03 
-1.642955E+01 -2.346252E+00 6.324245E-05 
-2.878479E+01 -3.117197E+00 1.603956E-03 
-8.244279E+00 -3.449029E+00 7.698443E-05 
-3.309775E+01 -2.701406E+00 1.155614E-03 
-1.947212E+01 -2.115452E+00 3.615953E-05 
-2.000068E+01 -3.443410E+00 1.384499E-03 
-2.042514E+01 -2.589972E+00 4.007228E-04 
-4.111721E+01 -1.035158E+00 5.873310E-04 
-1.207933E+01 -2.399059E+00 4.544534E-07 
-1.508904E+01 -3.139373E+00 4.007520E-04 
-4.370670E+01 -1.068984E+00 5.989120E-04 
-3.602055E+01 -1.712564E+00 1.004027E-04 
-6.013472E+01 -1.044128E-01 5.768210E-03 
-1.284345E+01 -2.524099E+00 1.152467E-05 
-1.890260E+01 -2.784557E+00 5.080636E-04 
-2.550182E+01 -2.536323E+00 3.099960E-04 
-2.792851E+01 -2.442086E+00 6.005594E-04 
-2.873381E+01 -2.053117E+00 1.246168E-04 
-1.601067E+01 -2.405270E+00 8.043590E-05 
-1.389638E+01 -2.471262E+00 9.947901E-06 
-2.213516E+01 -3.003784E+00 8.568432E-04 
-1.262234E+01 -2.838477E+00 7.151865E-05 
-3.137561E+01 -7.012095E-01 7.321005E-08 
-2.721672E+01 -3.202551E+00 2.177085E-03 
-2.657850E+01 -2.445405E+00 3.961454E-04 
-1.302992E+01 -2.696214E+00 6.902638E-05 
-2.929565E+01 -2.166616E+00 1.862931E-04 
-3.320797E+01 -2.380150E+00 7.295619E-04 
-1.291582E+01 -3.062576E+00 2.110933E-04 
-1.833895E+01 -3.862093E+00 1.869581E-03 
-2.139774E+01 -3.445717E+00 1.609805E-03 
-2.194214E+01 -1.874587E+00 1.584067E-05 
-1.533078E+01 -2.302556E+00 3.123410E-05 
-1.299798E+01 -2.637666E+00 1.512061E-05 
-3.330928E+01 -2.684737E+00 1.300568E-03 
-1.850905E+01 -3.501107E+00 1.277042E-03 
-2.601034E+01 -2.397451E+00 3.309410E-04 
-3.142988E+01 -1.868992E+00 4.271839E-05 
-3.605654E+01 -9.049869E-01 2.439213E-05 
-3.167064E+01 -1.943746E+00 9.770481E-05 
-3.384905E+01 -2.528677E+00 1.198884E-03 
-1.440332E+01 -2.535092E+00 4.825355E-05 
-1.536524E+01 -3.170477E+00 6.061955E-04 
-2.487790E+01 -2.080364E+00 8.982947E-05 
-3.055286E+01 -2.378929E+00 5.267710E-04 
-1.366745E+01 -2.682994E+00 5.643554E-05 
-1.498717E+01 -3.670343E+00 1.220835E-03 
-1.401649E+01 -3.118850E+00 3.741315E-04 
-3.525917E+01 -2.402157E+00 9.413939E-04 
-1.258721E+01 -2.427881E+00 1.628126E-06 
-2.315085E+01 -3.535800E+00 2.401693E-03 
-2.175561E+01 -2.603510E+00 4.698295E-04 
-2.770108E+01 -3.040873E+00 1.368983E-03 
-2.514441E+01 -3.225070E+00 1.697000E-03 
-1.572298E+01 -2.985355E+00 3.970733E-04 
-2.238493E+01 -3.502666E+00 1.742030E-03 
-1.929316E+01 -1.832139E+00 2.631833E-07 
-1.522859E+01 -2.350946E+00 3.805766E-05 
-2.769608E+01 -1.866458E+00 5.280476E-06 
-1.625167E+01 -2.398181E+00 7.850208E-05 
-3.027004E+01 -1.572663E+00 6.426192E-07 
-1.647890E+01 -2.876992E+00 4.302559E-04 
-1.483893E+01 -2.129437E+00 1.210204E-08 
-2.749996E+01 -2.488727E+00 5.960177E-04 
-1.872648E+01 -1.877099E+00 1.276348E-05 
-1.735465E+01 -2.562150E+00 1.874601E-04 
-3.185828E+01 -2.528084E+00 9.260325E-04 
-1.415134E+01 -3.534324E+00 9.492966E-04 
-2.992141E+01 -2.823769E+00 1.187623E-03 
-3.107709E+01 -2.775076E+00 1.483328E-03 
-1.391271E+01 -3.330749E+00 5.365667E-04 
-3.523037E+01 -2.630936E+00 1.405088E-03 
-3.601109E+01 -2.182842E+00 5.479076E-04 
-1.412289E+01 -3.075389E+00 3.278241E-04 
-1.567642E+01 -2.770658E+00 2.317770E-04 
-2.716261E+01 -2.676607E+00 5.836252E-04 
-1.954158E+01 -3.922005E+00 2.249083E-03 
-1.141283E+01 -4.889751E+00 8.384952E-03 
-2.595584E+01 -3.204887E+00 1.770972E-03 
-3.423225E+01 -2.404732E+00 9.733192E-04 
-1.996053E+01 -3.295470E+00 1.211466E-03 
-3.040960E+01 -2.506830E+00 8.196531E-04 
-2.140358E+01 -2.587425E+00 3.975088E-04 
-1.714521E+01 -9.044456E-02 9.196966E-12 
-1.553366E+01 -3.595630E+00 1.236207E-03 
-2.396168E+01 -2.291439E+00 2.076058E-04 
-3.629698E+01 -8.884832E-01 7.802248E-06 
-1.431242E+01 -2.989181E+00 3.238743E-04 
-2.204485E+01 -3.065127E+00 7.999392E-04 
-2.299050E+01 -3.345980E+00 1.557741E-03 
-1.509285E+01 -3.089915E+00 4.692317E-04 
-1.447471E+01 -2.473471E+00 2.761816E-05 
-1.567194E+01 -2.370631E+00 6.061215E-05 
-2.500905E+01 -3.289157E+00 1.673355E-03 
-2.985884E+01 -2.097637E+00 1.665707E-04 
-3.203654E+01 -2.730134E+00 1.251270E-03 
-2.948506E+01 -2.320247E+00 3.096038E-04 
-2.175732E+01 -2.547417E+00 4.050995E-04 
-4.479142E+01 -1.162374E-01 8.304989E-05 
-2.994858E+01 -3.103341E+00 2.485648E-03 
-2.060146E+01 -2.726155E+00 4.009959E-04 
-3.590800E+01 -1.323278E-01 1.114493E-08 
-3.505498E+01 -1.823149E+00 1.070568E-04 
-1.757214E+01 -3.538217E+00 1.449338E-03 
-1.330225E+01 -3.013162E+00 2.236164E-04 
-1.199468E+01 -2.809385E+00 5.270568E-05 
-2.685417E+01 -3.059140E+00 1.274687E-03 
-2.866819E+01 -2.949160E+00 1.495003E-03 
-3.378662E+01 -8.468411E-01 3.983061E-06 
-2.873151E+01 -2.826810E+00 1.158953E-03 
-1.269789E+01 -3.171541E+00 2.585926E-04 
-1.394094E+01 -2.373733E+00 6.316056E-06 
-2.454196E+01 -3.209261E+00 1.502390E-03 
-2.049903E+01 -1.570351E+00 1.826486E-09 
-1.222410E+01 -2.709871E+00 9.290423E-06 
-2.817280E+01 -2.680274E+00 6.880746E-04 
-4.285003E+01 -1.045108E-01 1.490724E-06 
-2.111537E+01 -9.571113E-01 8.531114E-10 
-2.638598E+01 -2.541250E+00 5.364179E-04 
-3.093876E+01 -2.738332E+00 1.093298E-03 
-3.085494E+01 -1.921416E+00 6.817716E-05 
-2.480669E+01 -2.888893E+00 8.718594E-04 
-3.178154E+01 -2.704866E+00 1.204921E-03 
-2.011840E+01 -2.778569E+00 4.996193E-04 
-1.238733E+01 -3.229417E+00 2.741267E-04 
-6.048808E+01 -1.111226E-01 5.855249E-03 
-2.974214E+01 -2.513211E+00 6.377753E-04 
-1.953686E+01 -3.820635E+00 2.003265E-03 
-1.278313E+01 -2.981954E+00 1.344761E-04 
-3.772154E+01 -9.387895E-01 1.617919E-04 
-1.653169E+01 -1.949776E+00 7.907968E-08 
-1.405118E+01 -3.393278E+00 5.949867E-04 
-1.875215E+01 -3.954809E+00 2.499705E-03 
-2.106813E+01 -3.179048E+00 9.230190E-04 
-3.223628E+01 -2.643685E+00 1.055381E-03 
-2.954396E+01 -2.555383E+00 7.112375E-04 
-1.435616E+01 -2.942082E+00 3.010642E-04 
-2.290168E+01 -3.171795E+00 1.022939E-03 
-3.246477E+01 -2.398753E+00 5.742044E-04 
-2.777367E+01 -2.416251E+00 3.382564E-04 
-2.719675E+01 -2.990041E+00 1.160023E-03 
-1.803525E+01 -3.617666E+00 1.639544E-03 
-3.075862E+01 -2.653887E+00 1.061976E-03 
-1.816635E+01 -3.226851E+00 7.994974E-04 
-1.805320E+01 -1.776560E+00 1.627819E-08 
-2.866497E+01 -2.653594E+00 7.878043E-04 
-2.345833E+01 -2.879574E+00 5.294128E-04 
-2.385218E+01 -3.526819E+00 2.079054E-03 
-2.333719E+01 -3.213116E+00 1.351165E-03 
-2.829041E+01 -2.633811E+00 7.323744E-04 
-1.454682E+01 -2.788109E+00 2.235916E-04 
-2.634165E+01 -3.230896E+00 1.776757E-03 
-1.520308E+01 -2.920620E+00 2.987879E-04 
-1.633118E+01 -3.020224E+00 4.188897E-04 
-3.257780E+01 -2.374547E+00 6.724110E-04 
-3.676132E+01 -6.373623E-01 1.934986E-07 
-3.332150E+01 -2.872580E+00 2.307606E-03 
-3.359980E+01 -2.133232E+00 2.401384E-04 
-1.374566E+01 -3.085033E+00 3.273512E-04 
-3.596661E+01 -2.701795E+00 1.618120E-03 
-3.327275E+01 -2.494782E+00 8.011924E-04 
-1.470449E+01 -3.171102E+00 5.137058E-04 
-3.627672E+01 -2.305925E+00 9.510570E-04 
-2.173158E+01 -3.282096E+00 1.041521E-03 
-1.385627E+01 -2.100088E+00 3.439608E-10 
-1.727027E+01 -2.992235E+00 5.512636E-04 
-3.258687E+01 -1.694596E+00 6.706729E-05 
-1.225191E+01 -2.465450E+00 9.697856E-07 
-2.943321E+01 -2.411730E+00 4.627334E-04 
-2.530041E+01 -3.166345E+00 1.314305E-03 
-1.264488E+01 -3.328557E+00 3.383966E-04 
-2.481149E+01 -3.260941E+00 1.656088E-03 
-1.970611E+01 -3.631436E+00 1.772676E-03 
-3.004519E+01 -2.488200E+00 7.185637E-04 
-7.817607E+01 -9.298420E-02 5.261559E-03 
-2.936878E+01 -2.733136E+00 1.090481E-03 
-1.556603E+01 -2.448728E+00 9.940270E-05 
-2.736913E+01 -1.064772E+00 3.805973E-08 
-3.738209E+01 -2.137673E+00 6.971348E-04 
-2.288664E+01 -3.641463E+00 2.433202E-03 
-2.954788E+01 -2.721052E+00 9.728834E-04 
-4.294346E+01 -9.662390E-02 3.562640E-05 
-1.689519E+01 -3.593164E+00 1.296022E-03 
-2.903328E+01 -3.270832E+00 2.324090E-03 
-1.315673E+01 -2.937496E+00 1.545161E-04 
-1.185967E+01 -3.011882E+00 8.941758E-05 
-2.537405E+01 -2.818578E+00 7.008496E-04 
-1.846827E+01 -2.490641E+00 1.015264E-04 
-1.406652E+01 -2.434730E+00 1.569296E-05 
-5.137253E+01 -1.252294E-01 7.861151E-04 
-1.899770E+01 -2.891656E+00 5.277406E-04 
-3.354860E+01 -2.509106E+00 1.007128E-03 
-2.684215E+01 -3.529016E+00 2.734384E-03 
-2.436752E+01 -3.508436E+00 2.409790E-03 
-2.067617E+01 -1.868018E+00 1.257880E-05 
-1.733433E+01 -1.952990E+00 8.977590E-08 
-2.816911E+01 -2.267917E+00 2.142989E-04 
-3.226416E+01 -2.792321E+00 1.600850E-03 
-2.725730E+01 -3.257559E+00 2.284652E-03 
-3.691984E+01 -2.175757E+00 7.595347E-04 
-2.331865E+01 -2.967015E+00 7.569288E-04 
-3.160439E+01 -8.828977E-01 2.223594E-07 
-2.062523E+01 -3.526394E+00 1.407223E-03 
-3.391618E+01 -2.172266E+00 4.042385E-04 
-3.062556E+01 -2.968927E+00 1.538209E-03 
-9.981002E+01 -1.135292E-01 1.357440E-02 
-2.853145E+01 -3.033920E+00 1.454948E-03 
-3.304487E+01 -2.158916E+00 3.865328E-04 
-1.454482E+01 -2.374903E+00 1.441346E-05 
-3.620699E+01 -2.428234E+00 1.255969E-03 
-1.212015E+01 -3.273049E+00 3.056772E-04 
-2.746082E+01 -2.462839E+00 4.591461E-04 
-1.672602E+01 -2.524151E+00 1.745079E-04 
-1.661648E+01 -1.870324E+00 2.349738E-08 
-2.585683E+01 -3.610757E+00 2.777993E-03 
-2.195776E+01 -3.604579E+00 1.749455E-03 
-5.918436E+01 -1.379303E+00 3.796038E-03 
-2.706587E+01 -3.140276E+00 1.585371E-03 
-1.236820E+01 -2.639560E+00 1.237146E-05 
-1.724484E+01 -2.514030E+00 1.321157E-04 
-1.734389E+01 -2.769183E+00 4.207667E-04 
-1.789707E+01 -2.721159E+00 3.594157E-04 
-2.514433E+01 -3.325879E+00 1.771604E-03 
-1.993663E+01 -2.492054E+00 2.105099E-04 
-1.396579E+01 -3.285551E+00 5.569857E-04 
-2.911476E+01 -2.030235E+00 1.371659E-04 
-1.822555E+01 -2.587371E+00 1.987744E-04 
-1.522442E+01 -2.086795E+00 1.041681E-08 
-2.364458E+01 -3.190995E+00 1.406804E-03 
-4.345037E+01 -2.245153E+00 1.658509E-03 
-3.002264E+01 -1.803432E+00 1.479481E-05 
-1.384616E+01 -3.348341E+00 4.946415E-04 
-3.389793E+01 -2.721178E+00 1.623483E-03 
-3.376274E+01 -2.071239E+00 3.704924E-04 
-3.476314E+01 -2.797977E+00 1.898571E-03 
-2.958943E+01 -2.648345E+00 9.330519E-04 
-1.581453E+01 -3.472967E+00 1.074864E-03 
-3.312918E+01 -2.335170E+00 4.783077E-04 
-1.596427E+01 -2.173656E+00 9.937889E-06 
-6.280571E+01 -8.037066E-02 1.680888E-04 
-1.653119E+01 -2.959704E+00 5.395313E-04 
-3.247460E+01 -2.718941E+00 1.450385E-03 
-1.740964E+01 -3.541541E+00 1.455056E-03 
-1.519535E+01 -2.729511E+00 1.598204E-04 
-1.207837E+01 -2.878299E+00 6.303705E-05 
-1.988938E+01 -3.878737E+00 2.176903E-03 
-3.227672E+01 -2.580899E+00 1.081278E-03 
-1.645608E+01 -3.017464E+00 5.940605E-04 
-1.584061E+01 -2.709984E+00 2.229450E-04 
-1.847575E+01 -2.087759E+00 3.507248E-05 
-3.336794E+01 -2.626881E+00 1.099076E-03 
-1.469820E+01 -3.479602E+00 9.184781E-04 
-1.519837E+01 -3.613374E+00 1.089284E-03 
-1.668994E+01 -2.918010E+00 4.707082E-04 
-2.449793E+01 -3.176703E+00 1.453369E-03 
-3.694679E+01 -1.787117E+00 1.280916E-04 
-3.320065E+01 -2.819252E+00 2.027790E-03 
-1.775129E+01 -3.611921E+00 1.514646E-03 
-3.282778E+01 -3.098983E+00 2.403191E-03 
-3.658073E+01 -2.233987E+00 6.735396E-04 
-3.490869E+01 -2.091175E+00 3.868946E-04 
-2.776552E+01 -2.968654E+00 1.450739E-03 
-1.488763E+01 -2.981822E+00 3.744339E-04 
-2.934715E+01 -3.087293E+00 1.717720E-03 
-2.813205E+01 -2.801438E+00 7.763228E-04 
-1.497095E+01 -2.111407E+00 3.733755E-06 
-2.118181E+01 -3.783072E+00 2.249463E-03 
-3.181788E+01 -1.672773E+00 8.488480E-06 
-1.774847E+01 -2.089891E+00 1.606141E-05 
-2.463519E+01 -3.473513E+00 2.158919E-03 
-1.502345E+01 -2.461855E+00 4.803533E-05 
-2.815327E+01 -2.319550E+00 2.894841E-04 
-1.086649E+01 -2.866399E+00 8.042688E-06 
-6.410568E+01 -9.356570E-02 3.033242E-03 
-1.958869E+01 -3.016612E+00 6.368858E-04 
-3.143518E+01 -2.011655E+00 1.678600E-04 
-1.436844E+01 -3.611689E+00 1.074567E-03 
-1.428553E+01 -2.871469E+00 2.001574E-04 
-1.392505E+01 -2.245323E+00 3.443144E-07 
-2.309806E+01 -3.017499E+00 8.675443E-04 
-1.473369E+01 -2.202612E+00 1.880519E-06 
-1.882546E+01 -2.848678E+00 4.917678E-04 
-1.253482E+01 -2.574948E+00 6.922570E-06 
-2.343263E+01 -3.429380E+00 1.700295E-03 
-1.513356E+01 -2.533567E+00 8.960071E-05 
-1.406390E+01 -2.885751E+00 1.831787E-04 
-2.261510E+01 -3.620447E+00 2.189262E-03 
-1.228926E+01 -2.683952E+00 3.286397E-05 
-3.423875E+01 -2.507798E+00 1.337932E-03 
-1.662910E+01 -2.371061E+00 6.421944E-05 
-1.784910E+01 -2.967120E+00 5.607521E-04 
-1.668995E+01 -3.636716E+00 1.481303E-03 
-1.883189E+01 -2.985668E+00 5.997138E-04 
-2.042535E+01 -1.212645E+00 2.348970E-10 
-3.432825E+01 -1.943511E+00 3.017885E-04 
-3.456171E+01 -2.212280E+00 5.216862E-04 
-2.093518E+01 -3.426360E+00 1.453194E-03 
-3.324801E+01 -2.695642E+00 1.507104E-03 
-1.254592E+01 -2.353160E+00 5.575741E-10 
-1.476003E+01 -2.899662E+00 2.714162E-04 
-2.163180E+01 -2.539616E+00 3.825845E-04 
-1.417464E+01 -2.638943E+00 5.529823E-05 
-2.412547E+01 -3.386849E+00 1.880890E-03 
-1.421712E+01 -2.957883E+00 2.422788E-04 
-2.541134E+01 -3.041112E+00 1.200783E-03 
-1.385533E+01 -2.298733E+00 4.856377E-06 
-6.452505E+01 -9.333658E-02 4.262606E-03 
-2.983232E+01 -2.931627E+00 1.521278E-03 
-3.374214E+01 -2.374203E+00 6.429965E-04 
-1.434063E+01 -3.500011E+00 9.078725E-04 
-3.375972E+01 -1.660472E+00 8.014920E-07 
-1.313716E+01 -2.502045E+00 1.339989E-05 
-2.524382E+01 -2.934361E+00 9.447700E-04 
-2.106343E+01 -2.644508E+00 4.656329E-04 
-1.970973E+01 -3.028326E+00 7.850355E-04 
-2.321843E+01 -3.295694E+00 1.500603E-03 
-3.764347E+01 -2.207955E+00 9.229743E-04 
-3.289056E+01 -2.529217E+00 9.483410E-04 
-1.319518E+01 -2.802330E+00 9.706364E-05 
-1.935504E+01 -2.042933E+00 3.511881E-05 
-3.206462E+01 -2.058563E+00 1.693800E-04 
-1.309258E+01 -3.479390E+00 8.047282E-04 
-2.351833E+01 -2.611159E+00 5.081010E-04 
-1.858411E+01 -1.955123E+00 1.878511E-05 
-2.189410E+01 -3.244175E+00 1.236308E-03 
-2.448448E+01 -3.064881E+00 1.230418E-03 
-2.443523E+01 -2.761129E+00 6.164919E-04 
-1.755131E+01 -2.940679E+00 4.753557E-04 
-2.765212E+01 -2.953107E+00 1.045519E-03 
-3.380532E+01 -1.944889E+00 1.148608E-04 
-2.404204E+01 -2.657499E+00 5.252112E-04 
-2.586249E+01 -3.251383E+00 1.754775E-03 
-1.401245E+01 -2.833611E+00 1.564051E-04 
-3.404400E+01 -2.235812E+00 4.156354E-04 
-2.181100E+01 -2.785980E+00 5.224950E-04 
-1.616109E+01 -2.698731E+00 1.999088E-04 
-3.582927E+01 -7.387638E-03 8.891328E-12 
-3.145154E+01 -1.847992E+00 6.817649E-05 
-2.956165E+01 -9.338363E-01 1.487673E-07 
-2.234766E+01 -3.260234E+00 1.389708E-03 
-2.656880E+01 -2.369348E+00 2.378927E-04 
-1.636053E+01 -2.842251E+00 2.664146E-04 
-1.665493E+01 -3.581036E+00 1.240142E-03 
-1.566852E+01 -3.103209E+00 6.067076E-04 
-1.636695E+01 -2.136803E+00 1.201966E-05 
-1.464470E+01 -2.623465E+00 1.164671E-04 
-3.005957E+01 -2.712655E+00 9.613750E-04 
-2.359829E+01 -3.394322E+00 1.897949E-03 
-2.601289E+01 -2.769273E+00 7.489131E-04 
-2.988456E+01 -2.911978E+00 1.172528E-03 
-1.555987E+01 -2.859645E+00 3.338135E-04 
-3.163882E+01 -2.330651E+00 4.202678E-04 
-2.102865E+01 -3.351542E+00 1.535462E-03 
-1.778937E+01 -1.745933E+00 1.269511E-08 
-3.156806E+01 -2.553998E+00 9.026507E-04 
-2.180778E+01 -3.446673E+00 1.618094E-03 
-3.111303E+01 -2.480108E+00 6.751774E-04 
-1.651432E+01 -2.110111E+00 2.596903E-08 
-2.597757E+01 -3.099785E+00 1.560920E-03 
-3.499487E+01 -2.108627E+00 4.894093E-04 
-2.932395E+01 -2.586164E+00 8.179924E-04 
-2.424559E+01 -3.013803E+00 8.709238E-04 
-2.693495E+01 -3.193290E+00 1.567731E-03 
-2.000791E+01 -2.702926E+00 2.311513E-04 
-3.330821E+01 -2.015270E+00 2.243174E-04 
-2.136024E+01 -6.082474E-01 5.747642E-11 
-1.308550E+01 -3.362374E+00 3.830091E-04 
-2.116405E+01 -2.557631E+00 3.137518E-04 
-1.447385E+01 -2.730415E+00 1.519816E-04 
-2.481045E+01 -3.061354E+00 1.162209E-03 
-3.395663E+01 -2.277634E+00 5.316836E-04 
-1.394680E+01 -3.219643E+00 4.645204E-04 
-1.280025E+01 -2.850594E+00 9.661679E-05 
-2.596431E+01 -2.495705E+00 4.296832E-04 
-3.380123E+01 -2.653504E+00 1.284713E-03 
-1.390765E+01 -2.785537E+00 1.264812E-04 
-2.546515E+01 -2.057639E+00 6.277243E-05 
-1.377965E+01 -2.593587E+00 5.401450E-05 
-2.506300E+01 -8.980294E-01 1.301134E-08 
-1.497025E+01 -2.265079E+00 1.289211E-05 
-3.744388E+01 -1.881016E+00 3.906996E-04 
-1.751281E+01 -1.075130E+00 5.328608E-11 
-3.037520E+01 -2.248331E+00 2.806156E-04 
-1.499350E+01 -2.686288E+00 1.422222E-04 
-2.234373E+01 -3.563784E+00 1.886671E-03 
-1.596330E+01 -3.506581E+00 1.154438E-03 
-1.621243E+01 -2.619098E+00 1.572896E-04 
-3.084876E+01 -2.575983E+00 8.211118E-04 
-1.466193E+01 -2.344027E+00 1.404624E-05 
-3.130348E+01 -2.439821E+00 6.421182E-04 
-1.399975E+01 -2.714141E+00 1.049036E-04 
-1.652655E+01 -2.750861E+00 3.638270E-04 
-3.112439E+01 -2.191112E+00 2.204342E-04 
-1.946707E+01 -1.708314E+00 2.882711E-09 
-3.208851E+01 -2.457172E+00 7.601920E-04 
-3.766475E+01 -2.132855E+00 7.825359E-04 
-3.018117E+01 -2.659274E+00 1.013650E-03 
-1.982026E+01 -3.405034E+00 9.546755E-04 
-3.313054E+01 -3.000061E+00 1.715051E-03 
-1.265468E+01 -3.218144E+00 2.395216E-04 
-1.586591E+01 -2.636828E+00 1.754666E-04 
-1.574648E+01 -3.630210E+00 1.359470E-03 
-3.248898E+01 -2.497082E+00 9.082717E-04 
-1.233154E+01 -3.195716E+00 1.068506E-04 
-2.748657E+01 -3.441771E+00 2.669483E-03 
-1.801079E+01 -2.843440E+00 4.216241E-04 
-3.496624E+01 -2.398277E+00 8.551372E-04 
-1.417616E+01 -2.170029E+00 8.834830E-07 
-2.194993E+01 -3.142045E+00 8.084230E-04 
-1.286395E+01 -2.892190E+00 1.034840E-04 
-2.102504E+01 -3.494628E+00 1.683901E-03 
-2.406309E+01 -3.051835E+00 8.910156E-04 
-1.319190E+01 -2.712847E+00 9.150449E-05 
-3.095847E+01 -2.865717E+00 1.274729E-03 
-1.530603E+01 -2.457297E+00 5.004485E-05 
-3.119712E+01 -2.841123E+00 1.524078E-03 
-1.997042E+01 -1.858616E+00 4.412325E-06 
-3.409104E+01 -2.047396E+00 2.683380E-04 
-3.315709E+01 -3.032870E+00 1.848022E-03 
-3.544581E+01 -2.484479E+00 1.294533E-03 
-1.322338E+01 -2.245361E+00 1.531435E-08 
-2.596360E+01 -2.886966E+00 7.457089E-04 
-1.649162E+01 -3.469924E+00 1.052870E-03 
-1.247096E+01 -2.920253E+00 7.213351E-05 
-2.765267E+01 -3.340817E+00 2.397634E-03 
-2.385162E+01 -3.145310E+00 1.127267E-03 
-2.318877E+01 -3.371350E+00 1.605175E-03 
-1.289466E+01 -3.162169E+00 2.829936E-04 
-1.238116E+01 -3.418238E+00 5.406699E-04 
-2.285427E+01 -3.178386E+00 1.248257E-03 
-3.425787E+01 -2.311535E+00 6.600117E-04 
-1.330197E+01 -3.169350E+00 3.687055E-04 
-3.056917E+01 -1.980825E+00 3.300469E-05 
-3.561785E+01 -2.250385E+00 6.368252E-04 
-2.014322E+01 -2.455734E+00 2.889936E-04 
-1.784523E+01 -2.885000E+00 5.102130E-04 
-1.637619E+01 -2.709403E+00 2.392486E-04 
-3.054750E+01 -2.597560E+00 9.779825E-04 
-1.776686E+01 -1.886304E+00 1.823879E-06 
-2.958397E+01 -2.687692E+00 8.896612E-04 
-2.647038E+01 -3.392504E+00 2.481136E-03 
-1.378875E+01 -2.530166E+00 3.779843E-05 
-3.223465E+01 -1.973950E+00 1.294980E-04 
-3.600842E+01 -2.312070E+00 6.682428E-04 
-1.258971E+01 -2.530779E+00 1.203211E-05 
-1.428621E+01 -2.865835E+00 2.135169E-04 
-3.104505E+01 -2.684596E+00 1.093397E-03 
-2.687762E+01 -2.935528E+00 9.843719E-04 
-3.381368E+01 -2.760167E+00 1.827225E-03 
-3.442453E+01 -9.098746E-01 1.986129E-05 
-1.242791E+01 -3.016544E+00 1.640122E-04 
-1.777724E+01 -1.973709E+00 6.919237E-06 
-2.901467E+01 -2.615186E+00 6.716037E-04 
-3.194137E+01 -5.857364E-01 1.451695E-10 
-2.964657E+01 -2.019072E+00 3.245052E-05 
-3.265223E+01 -2.179819E+00 2.754657E-04 
-2.553394E+01 -3.028691E+00 1.030681E-03 
-2.855241E+01 -1.834000E+00 1.347665E-06 
-2.819357E+01 -2.697286E+00 8.613945E-04 
-1.861563E+01 -2.373160E+00 1.951566E-04 
-3.084056E+01 -2.806540E+00 1.254329E-03 
-1.785738E+01 -3.446463E+00 6.163519E-04 
-1.779073E+01 -2.267986E+00 1.615749E-05 
-1.833876E+01 -2.058195E+00 7.026671E-06 
-2.913396E+01 -2.784608E+00 9.944360E-04 
-4.539893E+01 -8.118862E-02 3.080973E-04 
-1.328236E+01 -2.318506E+00 1.063670E-07 
-2.795079E+01 -1.986587E+00 2.427485E-05 
-2.318988E+01 -2.923114E+00 6.934410E-04 
-2.829469E+01 -2.546525E+00 6.021630E-04 
-2.285403E+01 -3.528129E+00 1.877778E-03 
-2.927317E+01 -1.816006E+00 1.178740E-07 
-3.479212E+01 -2.451588E+00 1.253084E-03 
-3.526904E+01 -2.331485E+00 8.627879E-04 
-2.290019E+01 -2.321502E+00 3.806451E-05 
-3.634273E+01 -2.262968E+00 9.014821E-04 
-1.520936E+01 -3.453456E+00 8.485274E-04 
-2.179233E+01 -1.392378E+00 4.699631E-09 
-3.411626E+01 -2.261951E+00 6.217265E-04 
-2.551370E+01 -2.600962E+00 4.851141E-04 
-8.811629E+01 -1.143303E-01 9.361014E-03 
-3.122284E+01 -2.082738E+00 1.422078E-04 
-2.527163E+01 -2.178809E+00 9.898397E-05 
-2.211981E+01 -2.426469E+00 2.024734E-04 
-2.219858E+01 -3.335898E+00 1.290262E-03 
-1.928292E+01 -3.211760E+00 6.474135E-04 
