-2.052588E+01 -3.668746E+00 1.692228E-03 
-2.411974E+01 -2.314959E+00 7.625465E-05 
-2.125792E+01 -3.576521E+00 1.580055E-03 
-3.075114E+01 -2.571840E+00 7.253903E-04 
-2.431660E+01 -3.398677E+00 1.613978E-03 
-2.427316E+01 -3.450322E+00 1.661900E-03 
-5.674651E+01 -9.790158E-02 1.424366E-03 
-3.371677E+01 -8.272197E-01 1.894650E-04 
-3.358597E+01 -1.695568E+00 8.768341E-05 
-2.230935E+01 -1.286055E+00 3.974051E-08 
-2.248351E+01 -3.673432E+00 2.372887E-03 
-3.155657E+01 -2.501987E+00 7.174978E-04 
-1.748793E+01 -3.766541E+00 1.534872E-03 
-7.602088E+01 -1.041512E-01 4.434640E-03 
-2.878479E+01 -3.117197E+00 1.603956E-03 
-8.244279E+00 -3.449029E+00 7.698443E-05 
-1.431997E+01 -3.469788E+00 6.598252E-04 
-1.483036E+01 -2.609937E+00 5.725104E-05 
-1.390729E+01 -2.124434E+00 9.040745E-11 
-2.960930E+01 -2.951138E+00 1.494406E-03 
-3.218768E+01 -1.986413E+00 8.251630E-05 
-1.278098E+01 -2.472207E+00 5.224664E-06 
-2.095709E+01 -3.684740E+00 1.990342E-03 
-4.137258E+01 -1.180620E-01 1.685012E-05 
-1.488672E+01 -2.491146E+00 3.836284E-05 
-2.519075E+01 -2.717356E+00 4.453274E-04 
-3.490410E+01 -2.401627E+00 7.976696E-04 
-1.998420E+01 -2.179833E+00 3.592351E-05 
-2.550182E+01 -2.536323E+00 3.099960E-04 
-1.432860E+01 -2.634102E+00 3.685697E-05 
-1.273278E+01 -2.599766E+00 1.467967E-05 
-2.799677E+01 -2.974177E+00 9.939215E-04 
-4.682712E+01 -1.187553E-01 1.604583E-03 
-2.972625E+01 -2.353219E+00 4.012316E-04 
-2.093345E+01 -3.417982E+00 1.236986E-03 
-3.137561E+01 -7.012095E-01 7.321005E-08 
-2.617730E+01 -2.689265E+00 4.100600E-04 
-2.849642E+01 -3.072435E+00 1.552276E-03 
-1.341857E+01 -3.394973E+00 4.459388E-04 
-2.929565E+01 -2.166616E+00 1.862931E-04 
-1.253236E+01 -2.504020E+00 2.126215E-06 
-2.567568E+01 -3.423024E+00 2.258270E-03 
-1.833895E+01 -3.862093E+00 1.869581E-03 
-3.175431E+01 -2.974093E+00 1.910242E-03 
-2.296862E+01 -1.128337E+00 1.277149E-08 
-2.139246E+01 -3.697754E+00 2.207631E-03 
-2.156810E+01 -3.070993E+00 5.710080E-04 
-3.330928E+01 -2.684737E+00 1.300568E-03 
-1.645194E+01 -3.792162E+00 1.542723E-03 
-2.714265E+01 -2.824301E+00 6.956909E-04 
-3.142988E+01 -1.868992E+00 4.271839E-05 
-2.915321E+01 -2.947717E+00 1.422357E-03 
-1.264227E+01 -2.705161E+00 3.662431E-05 
-3.654266E+01 -7.251444E-01 6.565540E-05 
-4.575200E+01 -1.004109E-01 1.187012E-04 
-1.963575E+01 -3.787260E+00 2.174987E-03 
-4.119581E+01 -1.050260E+00 5.754703E-04 
-2.315150E+01 -3.245839E+00 1.102133E-03 
-3.148080E+01 -2.009148E+00 7.879407E-05 
-2.442700E+01 -3.359254E+00 1.340400E-03 
-1.443673E+01 -3.437164E+00 5.879067E-04 
-2.498168E+01 -3.092589E+00 1.170315E-03 
-1.361808E+01 -2.555895E+00 2.049531E-05 
-2.315085E+01 -3.535800E+00 2.401693E-03 
-2.528640E+01 -2.240339E+00 1.759370E-04 
-2.770108E+01 -3.040873E+00 1.368983E-03 
-1.715937E+01 -2.806299E+00 3.020052E-04 
-2.503684E+01 -2.228016E+00 1.576365E-04 
-2.856883E+01 -2.819944E+00 8.805562E-04 
-1.149383E+01 -2.756257E+00 5.460924E-06 
-3.076686E+01 -2.203202E+00 2.075481E-04 
-2.769608E+01 -1.866458E+00 5.280476E-06 
-3.501873E+01 -1.098753E+00 2.425256E-04 
-3.027004E+01 -1.572663E+00 6.426192E-07 
-2.141730E+01 -2.385580E+00 1.446362E-04 
-2.751572E+01 -3.172227E+00 1.762880E-03 
-2.436998E+01 -3.446534E+00 1.906490E-03 
-2.815280E+01 -2.946948E+00 1.238345E-03 
-2.069078E+01 -3.452915E+00 1.197073E-03 
-2.547056E+01 -1.822935E+00 6.880289E-08 
-1.839035E+01 -3.357089E+00 7.792077E-04 
-2.049563E+01 -3.522068E+00 1.088067E-03 
-2.690935E+01 -1.890725E+00 8.103822E-08 
-2.709014E+01 -3.031578E+00 1.287723E-03 
-2.811734E+01 -3.263317E+00 1.825489E-03 
-1.877212E+01 -3.543154E+00 1.499020E-03 
-3.043322E+01 -2.687219E+00 8.131438E-04 
-1.569203E+01 -2.138170E+00 1.170200E-06 
-2.697138E+01 -2.615674E+00 5.701654E-04 
-1.954158E+01 -3.922005E+00 2.249083E-03 
-1.141283E+01 -4.889751E+00 8.384952E-03 
-1.448684E+01 -2.456907E+00 3.247988E-05 
-3.020222E+01 -2.725403E+00 1.071226E-03 
-1.928292E+01 -3.211760E+00 6.474135E-04 
-2.888040E+01 -2.912393E+00 1.146802E-03 
-2.862156E+01 -2.107562E+00 1.075390E-04 
-1.714521E+01 -9.044456E-02 9.196966E-12 
-3.473675E+01 -2.647168E+00 1.170801E-03 
-1.484702E+01 -3.247215E+00 5.256802E-04 
-2.909836E+01 -2.859605E+00 9.528037E-04 
-2.476957E+01 -2.264435E+00 1.881036E-04 
-1.167633E+01 -2.647823E+00 5.518150E-06 
-2.470552E+01 -3.194549E+00 1.096626E-03 
-4.515792E+01 -1.127071E-01 3.144263E-04 
-1.885951E+01 -2.373796E+00 5.372585E-05 
-2.279319E+01 -3.067362E+00 7.490646E-04 
-2.592622E+01 -3.146386E+00 1.315212E-03 
-2.985884E+01 -2.097637E+00 1.665707E-04 
-2.165793E+01 -3.155231E+00 8.081779E-04 
-1.216738E+01 -2.867044E+00 3.849508E-05 
-3.012651E+01 -2.653866E+00 7.973271E-04 
-3.137558E+01 -2.691167E+00 1.025738E-03 
-2.994858E+01 -3.103341E+00 2.485648E-03 
-1.581738E+01 -2.324016E+00 2.999021E-05 
-1.702904E+01 -3.245300E+00 8.570477E-05 
-2.351074E+01 -1.976180E+00 9.241646E-06 
-2.467101E+01 -2.306813E+00 1.562364E-04 
-2.601652E+01 -2.871450E+00 7.556428E-04 
-2.620342E+01 -3.373893E+00 1.987453E-03 
-6.564153E+01 -9.455681E-02 1.723897E-03 
-5.374014E+01 -9.537745E-02 8.041181E-04 
-1.886800E+01 -4.006413E+00 1.998873E-03 
-3.130969E+01 -2.776499E+00 1.112863E-03 
-3.313595E+01 -2.660562E+00 1.267644E-03 
-2.971187E+01 -2.743530E+00 8.885487E-04 
-3.292605E+01 -2.606336E+00 1.033921E-03 
-2.049903E+01 -1.570351E+00 1.826486E-09 
-2.904391E+01 -2.679297E+00 7.627023E-04 
-2.817280E+01 -2.680274E+00 6.880746E-04 
-2.567735E+01 -3.227033E+00 1.459055E-03 
-2.111537E+01 -9.571113E-01 8.531114E-10 
-1.611788E+01 -2.469821E+00 8.202600E-05 
-3.093876E+01 -2.738332E+00 1.093298E-03 
-3.244498E+01 -9.884944E-01 1.957464E-05 
-2.426855E+01 -2.954637E+00 6.358158E-04 
-1.575278E+01 -2.539905E+00 4.987137E-05 
-2.219858E+01 -3.335898E+00 1.290262E-03 
-2.584677E+01 -3.187354E+00 1.477839E-03 
-2.259071E+01 -3.429796E+00 1.304286E-03 
-2.985099E+01 -2.939518E+00 1.180718E-03 
-1.953686E+01 -3.820635E+00 2.003265E-03 
-2.474290E+01 -3.359992E+00 1.445579E-03 
-2.543423E+01 -1.083918E+00 1.184271E-08 
-1.205608E+01 -2.603115E+00 1.660326E-06 
-3.462514E+01 -1.104772E+00 3.432516E-04 
-3.836765E+01 -6.524887E-01 3.434996E-05 
-2.106813E+01 -3.179048E+00 9.230190E-04 
-3.158235E+01 -2.888583E+00 1.624890E-03 
-2.324410E+01 -3.532554E+00 1.909579E-03 
-1.525973E+01 -2.188127E+00 7.779690E-08 
-2.290168E+01 -3.171795E+00 1.022939E-03 
-1.806704E+01 -3.581337E+00 8.804699E-04 
-2.777367E+01 -2.416251E+00 3.382564E-04 
-2.719675E+01 -2.990041E+00 1.160023E-03 
-1.371599E+01 -2.245679E+00 6.189832E-07 
-2.830402E+01 -3.166344E+00 1.696835E-03 
-4.153002E+01 -9.129643E-02 6.874686E-06 
-1.805320E+01 -1.776560E+00 1.627819E-08 
-3.396072E+01 -2.733852E+00 1.758155E-03 
-2.345833E+01 -2.879574E+00 5.294128E-04 
-2.385218E+01 -3.526819E+00 2.079054E-03 
-2.597145E+01 -2.004785E+00 2.693807E-05 
-1.984160E+01 -3.112502E+00 3.814675E-04 
-2.398982E+01 -2.448647E+00 2.455135E-04 
-2.811577E+01 -2.300181E+00 1.998371E-04 
-2.429137E+01 -2.216227E+00 7.422633E-05 
-2.910288E+01 -2.984031E+00 1.454870E-03 
-2.768936E+01 -2.715854E+00 8.085990E-04 
-1.319796E+01 -2.667829E+00 3.403886E-05 
-1.618152E+01 -1.953030E+00 1.087327E-08 
-3.359980E+01 -2.133232E+00 2.401384E-04 
-1.373653E+01 -2.409123E+00 1.976796E-06 
-2.636054E+01 -3.309884E+00 1.807141E-03 
-3.610381E+01 -2.246520E+00 9.337837E-04 
-2.740006E+01 -3.343932E+00 1.880009E-03 
-2.450040E+01 -3.007232E+00 8.996467E-04 
-2.173158E+01 -3.282096E+00 1.041521E-03 
-4.278094E+01 -2.599193E+00 3.594200E-03 
-2.136522E+01 -3.674976E+00 2.117662E-03 
-3.258687E+01 -1.694596E+00 6.706729E-05 
-2.925009E+01 -2.633236E+00 7.324786E-04 
-2.943321E+01 -2.411730E+00 4.627334E-04 
-2.528306E+01 -2.926646E+00 5.735204E-04 
-3.453298E+01 -2.160836E+00 2.951950E-04 
-2.481149E+01 -3.260941E+00 1.656088E-03 
-3.306295E+01 -1.987396E+00 9.897575E-05 
-1.858778E+01 -3.576638E+00 1.301262E-03 
-1.705240E+01 -1.976060E+00 5.329322E-08 
-2.235285E+01 -2.418070E+00 1.453412E-04 
-2.766828E+01 -2.662961E+00 5.969398E-04 
-2.736913E+01 -1.064772E+00 3.805973E-08 
-2.569421E+01 -2.746683E+00 6.768573E-04 
-2.288664E+01 -3.641463E+00 2.433202E-03 
-1.953666E+01 -2.072394E+00 7.576979E-06 
-3.108920E+01 -2.217028E+00 3.372928E-04 
-2.792419E+01 -2.997634E+00 1.418937E-03 
-2.903328E+01 -3.270832E+00 2.324090E-03 
-1.835406E+01 -1.839424E+00 3.180055E-08 
-2.211549E+01 -3.472270E+00 1.327539E-03 
-3.267852E+01 -2.369383E+00 5.828047E-04 
-1.846827E+01 -2.490641E+00 1.015264E-04 
-3.225570E+01 -2.496324E+00 7.811026E-04 
-2.720352E+01 -2.537209E+00 4.906892E-04 
-2.795079E+01 -1.986587E+00 2.427485E-05 
-3.354860E+01 -2.509106E+00 1.007128E-03 
-2.684215E+01 -3.529016E+00 2.734384E-03 
-2.436752E+01 -3.508436E+00 2.409790E-03 
-2.067629E+01 -2.177643E+00 2.282480E-05 
-2.020477E+01 -3.782378E+00 2.038111E-03 
-2.816911E+01 -2.267917E+00 2.142989E-04 
-3.226416E+01 -2.792321E+00 1.600850E-03 
-2.658441E+01 -3.229594E+00 1.755379E-03 
-2.350475E+01 -3.248673E+00 1.114483E-03 
-1.602586E+01 -3.804207E+00 1.526987E-03 
-3.160439E+01 -8.828977E-01 2.223594E-07 
-2.062523E+01 -3.526394E+00 1.407223E-03 
-3.434030E+01 -2.291297E+00 5.883989E-04 
-3.062556E+01 -2.968927E+00 1.538209E-03 
-2.357924E+01 -3.481610E+00 1.584009E-03 
-2.853145E+01 -3.033920E+00 1.454948E-03 
-3.791464E+01 1.491227E-01 2.111958E-10 
-1.550805E+01 -2.233077E+00 4.788012E-06 
-3.568386E+01 -2.447723E+00 9.776807E-04 
-2.420228E+01 -3.122552E+00 9.928425E-04 
-2.866637E+01 -2.498013E+00 4.921678E-04 
-2.219374E+01 -3.135938E+00 7.337846E-04 
-2.667658E+01 -2.688042E+00 3.209646E-04 
-2.585683E+01 -3.610757E+00 2.777993E-03 
-2.195776E+01 -3.604579E+00 1.749455E-03 
-2.627994E+01 -3.015231E+00 9.479121E-04 
-3.278150E+01 -1.122278E+00 6.359303E-05 
-1.437490E+01 -3.543942E+00 7.451655E-04 
-1.724484E+01 -2.514030E+00 1.321157E-04 
-3.143602E+01 -2.053117E+00 7.818794E-05 
-6.531957E+01 -8.821678E-02 2.497885E-04 
-2.514433E+01 -3.325879E+00 1.771604E-03 
-2.687994E+01 -2.701042E+00 6.801510E-04 
-1.585507E+01 -2.365392E+00 4.991051E-05 
-2.386522E+01 -3.067986E+00 8.596416E-04 
-1.788213E+01 -2.374456E+00 9.246931E-05 
-1.522442E+01 -2.086795E+00 1.041681E-08 
-2.613972E+01 -2.792097E+00 6.877257E-04 
-1.482350E+01 -3.353023E+00 5.204375E-04 
-3.002264E+01 -1.803432E+00 1.479481E-05 
-1.508931E+01 -2.411741E+00 3.478376E-05 
-2.526702E+01 -3.056202E+00 1.056556E-03 
-1.212268E+01 -2.459041E+00 1.175411E-07 
-2.177722E+01 -3.606338E+00 1.941870E-03 
-1.824460E+01 -2.194211E+00 2.060947E-05 
-2.807717E+01 -2.588130E+00 5.272953E-04 
-3.312918E+01 -2.335170E+00 4.783077E-04 
-3.312964E+01 -2.509805E+00 9.299001E-04 
-2.378531E+01 -2.661807E+00 1.818855E-04 
-2.405872E+01 -3.501004E+00 2.191636E-03 
-1.867355E+01 -1.894104E+00 7.021015E-07 
-3.055964E+01 -2.786799E+00 1.071965E-03 
-3.842827E+01 -1.098533E-01 5.011839E-07 
-2.125903E+01 -3.847978E+00 2.475767E-03 
-1.988938E+01 -3.878737E+00 2.176903E-03 
-2.290296E+01 -3.314623E+00 1.104216E-03 
-1.239441E+01 -2.684331E+00 1.949018E-05 
-1.984452E+01 -2.421927E+00 1.234664E-04 
-3.429705E+01 -2.296473E+00 7.204539E-04 
-1.643589E+01 -2.455971E+00 7.515915E-05 
-2.366807E+01 -2.765848E+00 4.159864E-04 
-1.519837E+01 -3.613374E+00 1.089284E-03 
-1.350375E+01 -3.429367E+00 5.664006E-04 
-1.555580E+01 -2.119184E+00 1.765436E-08 
-3.256785E+01 -2.760062E+00 1.225040E-03 
-2.316907E+01 -3.527114E+00 1.775741E-03 
-2.764823E+01 -2.495179E+00 4.233669E-04 
-2.294332E+01 -3.509830E+00 1.639580E-03 
-1.833876E+01 -2.058195E+00 7.026671E-06 
-1.529928E+01 -3.268831E+00 6.014833E-04 
-4.444049E+01 -1.090009E-01 1.064510E-05 
-2.841323E+01 -2.642785E+00 7.279801E-04 
-2.934715E+01 -3.087293E+00 1.717720E-03 
-3.102429E+01 -2.634356E+00 8.584817E-04 
-2.539776E+01 -3.451924E+00 1.916727E-03 
-2.118181E+01 -3.783072E+00 2.249463E-03 
-3.181788E+01 -1.672773E+00 8.488480E-06 
-3.149097E+01 -2.083873E+00 1.206969E-04 
-2.463519E+01 -3.473513E+00 2.158919E-03 
-5.190073E+01 -1.027124E-01 1.334890E-03 
-3.156769E+01 -2.788790E+00 1.528669E-03 
-1.086649E+01 -2.866399E+00 8.042688E-06 
-2.632116E+01 -3.027020E+00 1.233002E-03 
-2.105793E+01 -3.204211E+00 1.009272E-03 
-1.779073E+01 -2.267986E+00 1.615749E-05 
-1.436844E+01 -3.611689E+00 1.074567E-03 
-3.321217E+01 -2.272664E+00 5.480430E-04 
-1.334080E+01 -2.611279E+00 2.256395E-05 
-2.236796E+01 -9.495105E-01 2.089892E-09 
-3.150312E+01 -2.374866E+00 5.576271E-04 
-1.365211E+01 -2.289101E+00 1.730528E-08 
-1.697072E+01 -2.043930E+00 2.156199E-08 
-2.074964E+01 -3.275676E+00 6.564194E-04 
-1.980387E+01 -3.707446E+00 1.709672E-03 
-1.785738E+01 -3.446463E+00 6.163519E-04 
-2.261510E+01 -3.620447E+00 2.189262E-03 
-3.084056E+01 -2.806540E+00 1.254329E-03 
-3.209318E+01 -2.293750E+00 3.614569E-04 
-1.418003E+01 -2.211184E+00 7.751088E-07 
-2.664548E+01 -2.185755E+00 8.247712E-05 
-3.085862E+01 -1.886033E+00 2.148823E-05 
-2.772899E+01 -3.290701E+00 2.513288E-03 
-2.042535E+01 -1.212645E+00 2.348970E-10 
-1.250208E+01 -2.533269E+00 1.221391E-05 
-4.142817E+01 -2.263617E+00 1.055532E-03 
-2.323567E+01 -3.133270E+00 8.369139E-04 
-2.631715E+01 -2.940956E+00 8.693951E-04 
-1.337340E+01 -3.340665E+00 4.285593E-04 
-2.922752E+01 -3.137925E+00 1.712849E-03 
-2.179233E+01 -1.392378E+00 4.699631E-09 
-2.855241E+01 -1.834000E+00 1.347665E-06 
-1.354557E+01 -2.682986E+00 3.763288E-05 
-1.808751E+01 -3.334288E+00 7.545816E-04 
-2.553394E+01 -3.028691E+00 1.030681E-03 
-1.745723E+01 -2.279027E+00 3.182302E-05 
-1.276625E+01 -2.466887E+00 1.943820E-06 
-1.707687E+01 -2.151545E+00 7.232336E-06 
-1.478611E+01 -2.347953E+00 1.726342E-05 
-1.302205E+01 -2.337959E+00 9.952834E-07 
-1.286202E+01 -3.285113E+00 2.684643E-04 
-2.912114E+01 -2.529184E+00 5.607330E-04 
-2.052559E+01 -1.994264E+00 1.683005E-05 
-3.328499E+01 -1.784973E+00 1.299592E-04 
-1.287971E+01 -2.807009E+00 3.955623E-05 
-1.688177E+01 -1.878498E+00 1.863973E-10 
-2.475538E+01 -2.769785E+00 5.230691E-04 
-3.289056E+01 -2.529217E+00 9.483410E-04 
-4.994898E+01 -9.598470E-02 6.382700E-04 
-3.093989E+01 -1.022682E+00 2.104051E-06 
-3.206462E+01 -2.058563E+00 1.693800E-04 
-3.133294E+01 -3.040907E+00 1.600789E-03 
-1.520936E+01 -3.453456E+00 8.485274E-04 
-2.847581E+01 -2.711209E+00 8.196454E-04 
-2.113149E+01 -2.748561E+00 1.321813E-04 
-1.374246E+01 -2.342700E+00 2.119213E-06 
-1.446001E+01 -3.292613E+00 4.835927E-04 
-3.364581E+01 -2.384701E+00 6.172151E-04 
-2.294184E+01 -3.456816E+00 1.511609E-03 
-2.827196E+01 -2.556619E+00 6.284869E-04 
-1.924068E+01 -1.030109E+00 1.012198E-10 
-2.586249E+01 -3.251383E+00 1.754775E-03 
-2.485367E+01 -3.039545E+00 9.636887E-04 
-2.346192E+01 -3.010440E+00 6.726346E-04 
-1.655338E+01 -2.260981E+00 5.836263E-06 
-3.993031E+01 -5.880817E-02 4.018513E-06 
-1.760605E+01 -2.031049E+00 1.297267E-06 
-3.145154E+01 -1.847992E+00 6.817649E-05 
-2.956165E+01 -9.338363E-01 1.487673E-07 
-1.604866E+01 -2.185035E+00 3.563005E-06 
-2.656880E+01 -2.369348E+00 2.378927E-04 
-2.964657E+01 -2.019072E+00 3.245052E-05 
-1.815321E+01 -1.972272E+00 3.233829E-08 
-3.207748E+01 -1.022379E+00 8.853148E-06 
-3.103272E+01 -1.918273E+00 3.583479E-05 
-3.083231E+01 -2.351322E+00 2.251097E-04 
-2.846469E+01 -3.207323E+00 1.818838E-03 
-2.487448E+01 -2.938772E+00 8.470220E-04 
-1.277423E+01 -2.386193E+00 1.216520E-06 
-2.988456E+01 -2.911978E+00 1.172528E-03 
-3.063471E+01 -2.388896E+00 5.268960E-04 
-3.163882E+01 -2.330651E+00 4.202678E-04 
-3.194137E+01 -5.857364E-01 1.451695E-10 
-1.778937E+01 -1.745933E+00 1.269511E-08 
-2.413706E+01 -2.590480E+00 2.537545E-04 
-1.346751E+01 -3.293942E+00 4.341176E-04 
-3.111303E+01 -2.480108E+00 6.751774E-04 
-1.651432E+01 -2.110111E+00 2.596903E-08 
-3.375803E+01 -7.242153E-01 8.126048E-06 
-3.360198E+01 -2.245526E+00 4.423766E-04 
-1.694252E+01 -3.834356E+00 1.734227E-03 
-1.173140E+01 -3.011244E+00 5.142272E-05 
-2.693495E+01 -3.193290E+00 1.567731E-03 
-2.750978E+01 -3.110884E+00 1.593361E-03 
-3.330821E+01 -2.015270E+00 2.243174E-04 
-2.136024E+01 -6.082474E-01 5.747642E-11 
-1.503025E+01 -2.336785E+00 1.184570E-06 
-2.602569E+01 -2.707158E+00 6.584566E-04 
-1.271298E+01 -2.740508E+00 3.882508E-05 
-1.313124E+01 -3.365648E+00 3.470001E-04 
-2.917389E+01 -3.187484E+00 2.127278E-03 
-1.998418E+01 -3.699365E+00 1.585574E-03 
-2.105145E+01 -3.621699E+00 1.967314E-03 
-5.694232E+01 -1.003611E-01 1.760782E-03 
-1.151840E+01 -2.958377E+00 2.689660E-05 
-1.419619E+01 -2.695323E+00 7.422161E-05 
-2.546515E+01 -2.057639E+00 6.277243E-05 
-3.266759E+01 -2.199651E+00 2.127934E-04 
-2.687762E+01 -2.935528E+00 9.843719E-04 
-2.616090E+01 -3.092402E+00 1.193624E-03 
-2.415617E+01 -3.285472E+00 1.214877E-03 
-1.751281E+01 -1.075130E+00 5.328608E-11 
-2.927317E+01 -1.816006E+00 1.178740E-07 
-2.591744E+01 -2.895835E+00 8.470668E-04 
-2.234373E+01 -3.563784E+00 1.886671E-03 
-2.991945E+01 -2.809978E+00 9.929009E-04 
-2.105618E+01 -3.333841E+00 1.140541E-03 
-5.972326E+01 -1.180749E-01 2.182540E-03 
-3.852777E+01 -2.327347E+00 9.783626E-04 
-3.130348E+01 -2.439821E+00 6.421182E-04 
-2.400986E+01 -2.851408E+00 4.478317E-04 
-2.318286E+01 -3.188922E+00 1.042944E-03 
-2.463909E+01 -3.365374E+00 1.663329E-03 
-1.946707E+01 -1.708314E+00 2.882711E-09 
-3.208851E+01 -2.457172E+00 7.601920E-04 
-1.922777E+01 -3.830570E+00 1.693476E-03 
-1.507287E+01 -2.489921E+00 3.955500E-05 
-1.982026E+01 -3.405034E+00 9.546755E-04 
-3.626174E+01 -2.120124E+00 4.195026E-04 
-2.025715E+01 -2.943064E+00 5.301404E-04 
-1.744214E+01 -3.714791E+00 1.094385E-03 
-1.427419E+01 -2.528012E+00 5.668082E-06 
-1.730919E+01 -3.126132E+00 6.144493E-04 
-2.647038E+01 -3.392504E+00 2.481136E-03 
-2.748657E+01 -3.441771E+00 2.669483E-03 
-3.372496E+01 -2.600344E+00 1.037876E-03 
-1.405412E+01 -2.109404E+00 1.096301E-09 
-2.335025E+01 -2.975806E+00 5.371718E-04 
-2.165888E+01 -3.587566E+00 1.660393E-03 
-2.026235E+01 -3.758548E+00 1.841820E-03 
-3.165689E+01 -2.649893E+00 8.887255E-04 
-1.965143E+01 -1.903159E+00 7.565475E-06 
-1.266019E+01 -3.318983E+00 2.719691E-04 
-3.095847E+01 -2.865717E+00 1.274729E-03 
-3.024189E+01 -2.624707E+00 6.377198E-04 
-3.119712E+01 -2.841123E+00 1.524078E-03 
-2.684196E+01 -2.904652E+00 9.403714E-04 
-1.345261E+01 -3.258361E+00 3.233874E-04 
-3.494985E+01 -2.248894E+00 4.816337E-04 
-1.248676E+01 -2.769315E+00 2.722664E-05 
-5.007757E+01 -1.145124E-01 1.379285E-03 
-2.596360E+01 -2.886966E+00 7.457089E-04 
-2.290699E+01 -2.808877E+00 3.104192E-04 
-1.247096E+01 -2.920253E+00 7.213351E-05 
-2.765267E+01 -3.340817E+00 2.397634E-03 
-2.408114E+01 -3.162981E+00 9.960853E-04 
-3.088163E+01 -2.624102E+00 7.831971E-04 
-1.309822E+01 -2.306186E+00 9.060522E-08 
-1.238116E+01 -3.418238E+00 5.406699E-04 
-1.244029E+01 -2.669398E+00 1.130456E-05 
-2.631947E+01 -3.104385E+00 1.373879E-03 
-2.697760E+01 -2.633350E+00 5.936060E-04 
-3.056917E+01 -1.980825E+00 3.300469E-05 
-2.497957E+01 -3.160422E+00 1.237491E-03 
-2.290019E+01 -2.321502E+00 3.806451E-05 
-3.140465E+01 -2.546102E+00 8.280022E-04 
-4.311729E+01 -3.166183E-02 6.771992E-08 
-6.089236E+01 -1.257796E-01 3.185262E-03 
-2.706538E+01 -3.178678E+00 1.451982E-03 
-4.605185E+01 -3.200658E-02 4.346164E-05 
-1.466100E+01 -2.359504E+00 1.629544E-05 
-2.930819E+01 -2.819659E+00 1.106299E-03 
-1.266324E+01 -2.988647E+00 7.273047E-05 
-2.726107E+01 -2.692623E+00 6.544621E-04 
-1.640824E+01 -2.309771E+00 3.805122E-05 
-2.851454E+01 -2.430092E+00 3.429817E-04 
-3.724619E+01 -2.163549E+00 6.772921E-04 
-4.676695E+01 -1.028275E-01 2.577402E-04 
-2.317718E+01 -2.286251E+00 7.371253E-05 
-2.698749E+01 -2.213675E+00 1.139991E-04 
-1.604961E+01 -2.474102E+00 5.918283E-05 
-1.403309E+01 -2.250142E+00 8.200853E-07 
-7.565719E+01 -9.051752E-02 3.788990E-03 
-1.729531E+01 -2.391872E+00 7.544266E-05 
-1.813766E+01 -3.728410E+00 1.178546E-03 
-6.764660E+01 -1.155510E-01 2.536215E-03 
-3.296535E+01 1.474532E-01 5.316832E-08 
-3.756664E+01 -9.739435E-02 2.819557E-07 
-1.319782E+01 -2.772046E+00 5.789094E-05 
-1.407973E+01 -2.194258E+00 1.369017E-07 
-4.667489E+01 -1.445953E-02 1.188421E-04 
-1.846646E+01 -2.125424E+00 9.831836E-06 
-2.789234E+01 -2.863231E+00 8.821752E-04 
-3.041924E+01 -2.511475E+00 5.297939E-04 
-8.561623E+01 -1.038151E-01 2.933197E-02 
-3.398990E+01 -2.265160E+00 4.585439E-04 
-1.243896E+01 -2.782763E+00 2.856697E-05 
-7.609076E+01 -9.612989E-02 8.176791E-03 
-3.226746E+01 -2.708431E+00 1.136182E-03 
-2.519171E+01 -2.118415E+00 4.382664E-05 
-3.966834E+01 -1.069820E-01 2.674652E-06 
-2.682027E+01 -2.825408E+00 7.839672E-04 
-4.230642E+01 -2.662304E+00 1.384956E-02 
-1.685518E+01 -2.302610E+00 2.807419E-05 
