-2.052588E+01 -3.668746E+00 1.692228E-03 
-2.411974E+01 -2.314959E+00 7.625465E-05 
-2.125792E+01 -3.576521E+00 1.580055E-03 
-2.795406E+01 -2.509326E+00 5.050168E-04 
-2.431660E+01 -3.398677E+00 1.613978E-03 
-3.268849E+01 -3.000022E+00 2.007784E-03 
-2.672422E+01 -2.714010E+00 5.774489E-04 
-2.624430E+01 -3.466923E+00 2.329123E-03 
-3.358597E+01 -1.695568E+00 8.768341E-05 
-2.230935E+01 -1.286055E+00 3.974051E-08 
-1.425024E+01 -3.264214E+00 4.147743E-04 
-2.406858E+01 -3.043190E+00 7.835772E-04 
-1.748793E+01 -3.766541E+00 1.534872E-03 
-2.129325E+01 -3.511606E+00 1.384012E-03 
-2.878479E+01 -3.117197E+00 1.603956E-03 
-8.244279E+00 -3.449029E+00 7.698443E-05 
-1.431997E+01 -3.469788E+00 6.598252E-04 
-3.359171E+01 -2.622006E+00 1.302641E-03 
-1.390729E+01 -2.124434E+00 9.040745E-11 
-2.874614E+01 -2.682729E+00 6.952385E-04 
-3.218768E+01 -1.986413E+00 8.251630E-05 
-2.586073E+01 -3.233031E+00 1.289137E-03 
-2.095709E+01 -3.684740E+00 1.990342E-03 
-1.408873E+01 -2.248558E+00 4.276121E-10 
-2.350647E+01 -3.415350E+00 1.647346E-03 
-2.519075E+01 -2.717356E+00 4.453274E-04 
-1.699528E+01 -2.202044E+00 1.286211E-05 
-3.127697E+01 -2.593781E+00 7.300890E-04 
-2.550182E+01 -2.536323E+00 3.099960E-04 
-2.715512E+01 -2.819380E+00 8.475104E-04 
-2.875100E+01 -2.574309E+00 5.832628E-04 
-2.951438E+01 -2.956107E+00 1.131238E-03 
-2.922929E+01 1.468883E-01 2.679429E-11 
-2.972625E+01 -2.353219E+00 4.012316E-04 
-2.093345E+01 -3.417982E+00 1.236986E-03 
-3.137561E+01 -7.012095E-01 7.321005E-08 
-1.458591E+01 -2.434490E+00 1.833954E-05 
-2.092131E+01 -3.440484E+00 9.920161E-04 
-2.621443E+01 -3.085807E+00 1.129704E-03 
-3.617242E+01 -1.135937E-01 1.869069E-07 
-2.867206E+01 -2.861738E+00 1.063140E-03 
-2.567568E+01 -3.423024E+00 2.258270E-03 
-2.361073E+01 -3.231072E+00 1.130241E-03 
-3.175431E+01 -2.974093E+00 1.910242E-03 
-2.296862E+01 -1.128337E+00 1.277149E-08 
-2.139246E+01 -3.697754E+00 2.207631E-03 
-2.156810E+01 -3.070993E+00 5.710080E-04 
-3.330928E+01 -2.684737E+00 1.300568E-03 
-1.645194E+01 -3.792162E+00 1.542723E-03 
-2.714265E+01 -2.824301E+00 6.956909E-04 
-3.078789E+01 -2.672965E+00 9.079993E-04 
-2.393239E+01 -2.783571E+00 4.476568E-04 
-2.494010E+01 -3.009999E+00 8.281947E-04 
-3.310459E+01 -2.460291E+00 7.731284E-04 
-1.293011E+01 -3.485098E+00 6.034985E-04 
-1.963575E+01 -3.787260E+00 2.174987E-03 
-1.563087E+01 -2.161141E+00 1.285820E-08 
-3.445684E+01 -2.806133E+00 1.349994E-03 
-1.603914E+01 -3.831417E+00 1.638436E-03 
-2.442700E+01 -3.359254E+00 1.340400E-03 
-1.443673E+01 -3.437164E+00 5.879067E-04 
-2.262848E+01 -3.283837E+00 8.586274E-04 
-2.634626E+01 -3.053627E+00 1.237110E-03 
-3.207006E+01 -2.670669E+00 1.130308E-03 
-2.238429E+01 -3.518292E+00 1.824194E-03 
-3.108062E+01 -2.829770E+00 1.192554E-03 
-1.715937E+01 -2.806299E+00 3.020052E-04 
-1.928866E+01 -4.056793E+00 2.297708E-03 
-2.856883E+01 -2.819944E+00 8.805562E-04 
-1.149383E+01 -2.756257E+00 5.460924E-06 
-3.076686E+01 -2.203202E+00 2.075481E-04 
-2.519510E+01 -2.248598E+00 1.136356E-04 
-3.537629E+01 -2.651595E+00 1.308288E-03 
-1.562987E+01 -3.621144E+00 9.098584E-04 
-2.141730E+01 -2.385580E+00 1.446362E-04 
-2.493502E+01 -2.995697E+00 7.375383E-04 
-2.148459E+01 -3.473201E+00 1.450188E-03 
-4.601868E+01 -8.941174E-02 2.153952E-04 
-2.069078E+01 -3.452915E+00 1.197073E-03 
-1.260653E+01 -2.366174E+00 5.384858E-10 
-3.225155E+01 -2.574279E+00 8.933539E-04 
-2.049563E+01 -3.522068E+00 1.088067E-03 
-2.972228E+01 -9.681122E-01 1.052497E-08 
-2.951584E+01 -2.834683E+00 1.100319E-03 
-2.811734E+01 -3.263317E+00 1.825489E-03 
-3.108045E+01 -1.646412E+00 8.374137E-08 
-2.591512E+01 -1.929575E+00 1.649527E-05 
-2.157900E+01 -3.325134E+00 1.271914E-03 
-1.520047E+01 -8.604947E-01 8.040365E-13 
-1.954158E+01 -3.922005E+00 2.249083E-03 
-1.141283E+01 -4.889751E+00 8.384952E-03 
-1.357560E+01 -2.755578E+00 3.753367E-05 
-1.649794E+01 -2.463466E+00 7.093445E-05 
-1.928292E+01 -3.211760E+00 6.474135E-04 
-1.425382E+01 -3.494823E+00 6.699772E-04 
-2.862156E+01 -2.107562E+00 1.075390E-04 
-1.714521E+01 -9.044456E-02 9.196966E-12 
-3.353744E+01 1.453533E-01 5.142534E-09 
-4.441254E+01 -2.384034E+00 2.009998E-03 
-2.909836E+01 -2.859605E+00 9.528037E-04 
-3.446141E+01 -1.957828E+00 1.305434E-04 
-1.167633E+01 -2.647823E+00 5.518150E-06 
-3.921928E+01 -1.091524E-01 1.700091E-04 
-2.224313E+01 -3.354897E+00 1.278749E-03 
-1.885951E+01 -2.373796E+00 5.372585E-05 
-3.170065E+01 -2.420996E+00 5.637108E-04 
-1.473359E+01 -2.601196E+00 7.201790E-05 
-3.432636E+01 -7.763422E-02 4.556779E-08 
-2.165793E+01 -3.155231E+00 8.081779E-04 
-1.216738E+01 -2.867044E+00 3.849508E-05 
-1.200867E+01 -2.749192E+00 1.800389E-05 
-1.160769E+01 -3.099469E+00 4.990911E-05 
-2.766575E+01 -2.557689E+00 3.984683E-04 
-2.228761E+01 -2.968048E+00 3.696625E-04 
-1.702904E+01 -3.245300E+00 8.570477E-05 
-3.682994E+01 -9.553934E-01 1.154974E-04 
-2.467101E+01 -2.306813E+00 1.562364E-04 
-2.601652E+01 -2.871450E+00 7.556428E-04 
-2.620342E+01 -3.373893E+00 1.987453E-03 
-3.304725E+01 -1.024880E+00 4.628605E-05 
-3.429173E+01 -2.348665E+00 6.668441E-04 
-1.886800E+01 -4.006413E+00 1.998873E-03 
-3.192416E+01 -2.341412E+00 5.200367E-04 
-3.313595E+01 -2.660562E+00 1.267644E-03 
-4.020938E+01 -1.884786E-02 8.260502E-07 
-2.233743E+01 -3.145836E+00 6.746791E-04 
-2.049903E+01 -1.570351E+00 1.826486E-09 
-2.819282E+01 -3.049182E+00 1.325519E-03 
-2.378977E+01 -3.497519E+00 1.737006E-03 
-3.394900E+01 -2.564622E+00 1.002759E-03 
-2.111537E+01 -9.571113E-01 8.531114E-10 
-3.298502E+01 -6.837873E-01 1.109437E-06 
-3.093876E+01 -2.738332E+00 1.093298E-03 
-3.244498E+01 -9.884944E-01 1.957464E-05 
-2.426855E+01 -2.954637E+00 6.358158E-04 
-1.575278E+01 -2.539905E+00 4.987137E-05 
-3.247472E+01 -2.027744E+00 1.711970E-04 
-2.111588E+01 -3.608325E+00 1.731306E-03 
-4.014855E+01 -1.012714E-01 3.361329E-05 
-4.189470E+01 1.468024E-01 8.782746E-06 
-1.953686E+01 -3.820635E+00 2.003265E-03 
-2.474290E+01 -3.359992E+00 1.445579E-03 
-2.543423E+01 -1.083918E+00 1.184271E-08 
-1.205608E+01 -2.603115E+00 1.660326E-06 
-3.089180E+01 -2.497925E+00 6.177484E-04 
-1.329654E+01 -2.559476E+00 1.289954E-05 
-1.861918E+01 -3.411787E+00 4.973031E-04 
-3.158235E+01 -2.888583E+00 1.624890E-03 
-4.229340E+01 -8.860111E-02 1.068160E-04 
-2.140608E+01 -2.609748E+00 1.716129E-04 
-2.794668E+01 -3.096210E+00 1.260700E-03 
-1.806704E+01 -3.581337E+00 8.804699E-04 
-2.777367E+01 -2.416251E+00 3.382564E-04 
-3.239342E+01 -2.261376E+00 3.302461E-04 
-2.787903E+01 -3.287589E+00 1.980758E-03 
-2.260605E+01 -3.051564E+00 5.500009E-04 
-3.464053E+01 -7.278280E-01 4.235533E-05 
-1.805320E+01 -1.776560E+00 1.627819E-08 
-1.458084E+01 -2.182123E+00 5.316441E-09 
-3.376990E+01 -2.335736E+00 5.958976E-04 
-3.093275E+01 -2.538891E+00 6.810267E-04 
-2.597145E+01 -2.004785E+00 2.693807E-05 
-1.984160E+01 -3.112502E+00 3.814675E-04 
-2.705374E+01 -2.215887E+00 1.814802E-04 
-2.811577E+01 -2.300181E+00 1.998371E-04 
-2.429137E+01 -2.216227E+00 7.422633E-05 
-2.910288E+01 -2.984031E+00 1.454870E-03 
-2.747102E+01 -2.588685E+00 4.264363E-04 
-1.319796E+01 -2.667829E+00 3.403886E-05 
-1.618152E+01 -1.953030E+00 1.087327E-08 
-3.359980E+01 -2.133232E+00 2.401384E-04 
-1.373653E+01 -2.409123E+00 1.976796E-06 
-2.636054E+01 -3.309884E+00 1.807141E-03 
-2.986348E+01 -2.469358E+00 4.686158E-04 
-2.740006E+01 -3.343932E+00 1.880009E-03 
-2.037055E+01 -3.565274E+00 1.440841E-03 
-1.289071E+01 -2.494670E+00 5.117212E-06 
-2.703034E+01 -3.241496E+00 1.599281E-03 
-2.136522E+01 -3.674976E+00 2.117662E-03 
-3.146351E+01 -2.555183E+00 7.987301E-04 
-2.925009E+01 -2.633236E+00 7.324786E-04 
-3.342486E+01 -2.467070E+00 1.000987E-03 
-2.528306E+01 -2.926646E+00 5.735204E-04 
-3.460403E+01 -2.265240E+00 4.345862E-04 
-2.161191E+01 -3.759161E+00 2.308808E-03 
-3.306295E+01 -1.987396E+00 9.897575E-05 
-1.858778E+01 -3.576638E+00 1.301262E-03 
-2.509016E+01 -3.058983E+00 8.377445E-04 
-2.235285E+01 -2.418070E+00 1.453412E-04 
-2.766828E+01 -2.662961E+00 5.969398E-04 
-2.736913E+01 -1.064772E+00 3.805973E-08 
-2.676892E+01 -2.671666E+00 6.149319E-04 
-1.300164E+01 -2.679341E+00 1.888452E-05 
-1.676158E+01 -2.404053E+00 4.568668E-05 
-3.508635E+01 -2.300085E+00 6.454249E-04 
-1.382086E+01 -2.359987E+00 3.002425E-09 
-2.903328E+01 -3.270832E+00 2.324090E-03 
-1.835406E+01 -1.839424E+00 3.180055E-08 
-2.211549E+01 -3.472270E+00 1.327539E-03 
-3.234865E+01 -1.637086E+00 1.431841E-07 
-1.846827E+01 -2.490641E+00 1.015264E-04 
-3.225570E+01 -2.496324E+00 7.811026E-04 
-3.389813E+01 -1.834173E+00 1.230331E-04 
-2.472500E+01 -3.201171E+00 1.125194E-03 
-2.955614E+01 -2.698638E+00 7.349097E-04 
-2.684215E+01 -3.529016E+00 2.734384E-03 
-2.436752E+01 -3.508436E+00 2.409790E-03 
-2.385480E+01 -2.923015E+00 4.196588E-04 
-2.020477E+01 -3.782378E+00 2.038111E-03 
-2.816911E+01 -2.267917E+00 2.142989E-04 
-2.604190E+01 -3.299882E+00 1.607717E-03 
-2.707249E+01 -2.750822E+00 6.198381E-04 
-2.350475E+01 -3.248673E+00 1.114483E-03 
-1.602586E+01 -3.804207E+00 1.526987E-03 
-2.789878E+01 -3.139913E+00 1.673966E-03 
-2.062523E+01 -3.526394E+00 1.407223E-03 
-2.417242E+01 -3.499804E+00 1.844647E-03 
-3.062556E+01 -2.968927E+00 1.538209E-03 
-1.907271E+01 -3.758963E+00 1.623427E-03 
-2.853145E+01 -3.033920E+00 1.454948E-03 
-3.297367E+01 -2.426314E+00 6.342830E-04 
-1.550805E+01 -2.233077E+00 4.788012E-06 
-2.497218E+01 -3.195606E+00 1.232123E-03 
-2.623519E+01 -2.511813E+00 2.234690E-04 
-2.866637E+01 -2.498013E+00 4.921678E-04 
-3.238878E+01 -2.845866E+00 1.431902E-03 
-2.667658E+01 -2.688042E+00 3.209646E-04 
-2.585683E+01 -3.610757E+00 2.777993E-03 
-2.195776E+01 -3.604579E+00 1.749455E-03 
-2.627994E+01 -3.015231E+00 9.479121E-04 
-2.758414E+01 -3.163801E+00 1.708353E-03 
-1.437490E+01 -3.543942E+00 7.451655E-04 
-1.724484E+01 -2.514030E+00 1.321157E-04 
-3.143602E+01 -2.053117E+00 7.818794E-05 
-1.891799E+01 -2.357681E+00 7.787560E-05 
-2.514433E+01 -3.325879E+00 1.771604E-03 
-3.371253E+01 -2.729564E+00 1.306568E-03 
-3.148349E+01 -2.670913E+00 1.056059E-03 
-2.386522E+01 -3.067986E+00 8.596416E-04 
-1.788213E+01 -2.374456E+00 9.246931E-05 
-1.522442E+01 -2.086795E+00 1.041681E-08 
-2.613972E+01 -2.792097E+00 6.877257E-04 
-3.532780E+01 -6.663086E-01 7.369657E-06 
-3.002264E+01 -1.803432E+00 1.479481E-05 
-2.631510E+01 -2.870908E+00 9.247492E-04 
-2.526702E+01 -3.056202E+00 1.056556E-03 
-1.212268E+01 -2.459041E+00 1.175411E-07 
-2.177722E+01 -3.606338E+00 1.941870E-03 
-2.606456E+01 -3.146952E+00 1.332499E-03 
-1.892548E+01 -3.870250E+00 1.804203E-03 
-3.312918E+01 -2.335170E+00 4.783077E-04 
-3.911401E+01 -1.106741E-01 8.797164E-05 
-2.378531E+01 -2.661807E+00 1.818855E-04 
-2.405872E+01 -3.501004E+00 2.191636E-03 
-1.895796E+01 -3.262681E+00 4.772030E-04 
-3.830211E+01 -7.098395E-01 5.525905E-04 
-3.624688E+01 -1.815419E+00 1.373878E-04 
-2.125903E+01 -3.847978E+00 2.475767E-03 
-1.988938E+01 -3.878737E+00 2.176903E-03 
-2.290296E+01 -3.314623E+00 1.104216E-03 
-2.595138E+01 -2.996090E+00 9.195557E-04 
-1.984452E+01 -2.421927E+00 1.234664E-04 
-3.000562E+01 -3.162413E+00 2.204005E-03 
-2.316239E+01 -3.401631E+00 1.334500E-03 
-2.366807E+01 -2.765848E+00 4.159864E-04 
-1.726639E+01 -2.930894E+00 3.400522E-04 
-1.350375E+01 -3.429367E+00 5.664006E-04 
-2.612736E+01 -3.239943E+00 1.428257E-03 
-3.256785E+01 -2.760062E+00 1.225040E-03 
-3.282908E+01 -2.510186E+00 8.450644E-04 
-2.516941E+01 -2.943751E+00 6.228531E-04 
-2.294332E+01 -3.509830E+00 1.639580E-03 
-3.963799E+01 -6.149501E-02 6.361767E-06 
-2.713810E+01 -3.193058E+00 1.420310E-03 
-2.417058E+01 -3.125645E+00 9.504099E-04 
-3.099478E+01 -2.631754E+00 7.676671E-04 
-2.934715E+01 -3.087293E+00 1.717720E-03 
-3.142207E+01 -2.168404E+00 1.754340E-04 
-2.539776E+01 -3.451924E+00 1.916727E-03 
-2.118181E+01 -3.783072E+00 2.249463E-03 
-3.181788E+01 -1.672773E+00 8.488480E-06 
-3.149097E+01 -2.083873E+00 1.206969E-04 
-2.463519E+01 -3.473513E+00 2.158919E-03 
-2.909900E+01 -2.926213E+00 1.069243E-03 
-2.839964E+01 -2.890527E+00 1.024885E-03 
-1.086649E+01 -2.866399E+00 8.042688E-06 
-2.632116E+01 -3.027020E+00 1.233002E-03 
-2.741242E+01 -2.069737E+00 4.164385E-05 
-1.779073E+01 -2.267986E+00 1.615749E-05 
-2.965554E+01 -2.236033E+00 2.198255E-04 
-3.321217E+01 -2.272664E+00 5.480430E-04 
-1.334080E+01 -2.611279E+00 2.256395E-05 
-2.236796E+01 -9.495105E-01 2.089892E-09 
-3.150312E+01 -2.374866E+00 5.576271E-04 
-3.292130E+01 -1.699991E+00 3.426936E-05 
-2.354976E+01 -3.455954E+00 1.712255E-03 
-2.074964E+01 -3.275676E+00 6.564194E-04 
-1.980387E+01 -3.707446E+00 1.709672E-03 
-1.785738E+01 -3.446463E+00 6.163519E-04 
-2.261510E+01 -3.620447E+00 2.189262E-03 
-1.167266E+01 -2.800872E+00 9.487072E-06 
-3.209318E+01 -2.293750E+00 3.614569E-04 
-3.278410E+01 -7.054944E-01 2.274877E-06 
-2.436503E+01 -3.074660E+00 9.887796E-04 
-3.085862E+01 -1.886033E+00 2.148823E-05 
-2.772899E+01 -3.290701E+00 2.513288E-03 
-2.042535E+01 -1.212645E+00 2.348970E-10 
-4.120667E+01 -1.136771E-01 4.545785E-04 
-3.473527E+01 -9.286692E-01 8.065288E-05 
-2.323567E+01 -3.133270E+00 8.369139E-04 
-3.526526E+01 -1.935534E+00 3.459543E-04 
-1.669617E+01 -2.047509E+00 1.639355E-06 
-2.922752E+01 -3.137925E+00 1.712849E-03 
-2.179233E+01 -1.392378E+00 4.699631E-09 
-3.158520E+01 -1.973706E+00 6.146837E-05 
-3.018955E+01 -2.841342E+00 1.207679E-03 
-2.518555E+01 -3.277252E+00 1.560504E-03 
-2.139171E+01 -2.422971E+00 1.632769E-04 
-1.745723E+01 -2.279027E+00 3.182302E-05 
-2.278566E+01 -3.413172E+00 1.472555E-03 
-2.896032E+01 -2.606244E+00 6.262656E-04 
-2.371235E+01 -3.292348E+00 1.244155E-03 
-3.211413E+01 -2.097985E+00 1.433294E-04 
-1.286202E+01 -3.285113E+00 2.684643E-04 
-1.898884E+01 -3.320991E+00 7.291160E-04 
-1.662006E+01 -2.314010E+00 2.026111E-05 
-1.635996E+01 -2.340253E+00 3.711913E-05 
-3.282641E+01 -2.293793E+00 4.003466E-04 
-1.688177E+01 -1.878498E+00 1.863973E-10 
-4.412601E+01 -1.173742E-01 8.517365E-04 
-2.982505E+01 -2.658006E+00 7.914180E-04 
-3.242762E+01 -2.493516E+00 6.040582E-04 
-1.484457E+01 -3.492273E+00 8.556136E-04 
-3.117720E+01 -2.602136E+00 8.836900E-04 
-3.133294E+01 -3.040907E+00 1.600789E-03 
-1.520936E+01 -3.453456E+00 8.485274E-04 
-2.847581E+01 -2.711209E+00 8.196454E-04 
-2.113149E+01 -2.748561E+00 1.321813E-04 
-2.986886E+01 -2.756224E+00 8.679403E-04 
-1.446001E+01 -3.292613E+00 4.835927E-04 
-3.364581E+01 -2.384701E+00 6.172151E-04 
-2.294184E+01 -3.456816E+00 1.511609E-03 
-2.852989E+01 -2.639817E+00 5.613748E-04 
-1.924068E+01 -1.030109E+00 1.012198E-10 
-3.232737E+01 -2.612899E+00 1.129076E-03 
-2.540215E+01 -3.123653E+00 1.097324E-03 
-2.681444E+01 -2.983686E+00 1.135057E-03 
-1.655338E+01 -2.260981E+00 5.836263E-06 
-3.353875E+01 -2.429495E+00 7.312237E-04 
-1.760605E+01 -2.031049E+00 1.297267E-06 
-2.964021E+01 -2.000945E+00 2.140431E-05 
-3.447642E+01 -2.437235E+00 9.246611E-04 
-1.604866E+01 -2.185035E+00 3.563005E-06 
-2.656880E+01 -2.369348E+00 2.378927E-04 
-2.964657E+01 -2.019072E+00 3.245052E-05 
-1.815321E+01 -1.972272E+00 3.233829E-08 
-3.316995E+01 -1.015733E-01 1.188499E-08 
-3.103272E+01 -1.918273E+00 3.583479E-05 
-3.083231E+01 -2.351322E+00 2.251097E-04 
-2.846469E+01 -3.207323E+00 1.818838E-03 
-1.518102E+01 -2.389114E+00 3.164608E-05 
-2.744214E+01 -3.023542E+00 1.197455E-03 
-2.988456E+01 -2.911978E+00 1.172528E-03 
-3.063471E+01 -2.388896E+00 5.268960E-04 
-3.163882E+01 -2.330651E+00 4.202678E-04 
-3.194137E+01 -5.857364E-01 1.451695E-10 
-1.778937E+01 -1.745933E+00 1.269511E-08 
-2.305416E+01 -2.179108E+00 1.913481E-05 
-2.730639E+01 -3.281636E+00 1.852419E-03 
-2.513271E+01 -2.949984E+00 7.758406E-04 
-1.651432E+01 -2.110111E+00 2.596903E-08 
-3.235544E+01 -1.176065E-01 2.175793E-07 
-1.760347E+01 -2.014543E+00 8.011560E-07 
-1.694252E+01 -3.834356E+00 1.734227E-03 
-1.173140E+01 -3.011244E+00 5.142272E-05 
-2.693495E+01 -3.193290E+00 1.567731E-03 
-2.750978E+01 -3.110884E+00 1.593361E-03 
-2.965180E+01 -1.881077E+00 2.578470E-06 
-2.136024E+01 -6.082474E-01 5.747642E-11 
-1.503025E+01 -2.336785E+00 1.184570E-06 
-3.351161E+01 -2.881646E+00 1.481600E-03 
-1.367504E+01 -2.458430E+00 2.628040E-06 
-1.313124E+01 -3.365648E+00 3.470001E-04 
-2.917389E+01 -3.187484E+00 2.127278E-03 
-1.998418E+01 -3.699365E+00 1.585574E-03 
-2.105145E+01 -3.621699E+00 1.967314E-03 
-2.532224E+01 -2.065530E+00 1.762085E-05 
-1.151840E+01 -2.958377E+00 2.689660E-05 
-3.008266E+01 -3.036339E+00 1.458363E-03 
-2.820764E+01 -2.713720E+00 6.316387E-04 
-3.266759E+01 -2.199651E+00 2.127934E-04 
-2.997917E+01 -2.907653E+00 1.428765E-03 
-3.035066E+01 -2.524835E+00 5.526355E-04 
-2.415617E+01 -3.285472E+00 1.214877E-03 
-1.751281E+01 -1.075130E+00 5.328608E-11 
-2.927317E+01 -1.816006E+00 1.178740E-07 
-3.621743E+01 -2.186108E+00 4.361811E-04 
-2.234373E+01 -3.563784E+00 1.886671E-03 
-2.402944E+01 -3.300781E+00 1.285841E-03 
-1.355167E+01 -3.292704E+00 3.551871E-04 
-3.076567E+01 -2.804265E+00 1.172193E-03 
-3.155792E+01 -2.723176E+00 1.223134E-03 
-2.081964E+01 -3.326422E+00 8.477662E-04 
-2.400986E+01 -2.851408E+00 4.478317E-04 
-2.770892E+01 -2.340460E+00 1.977805E-04 
-2.463909E+01 -3.365374E+00 1.663329E-03 
-1.946707E+01 -1.708314E+00 2.882711E-09 
-2.609335E+01 -2.438021E+00 1.821532E-04 
-1.922777E+01 -3.830570E+00 1.693476E-03 
-1.507287E+01 -2.489921E+00 3.955500E-05 
-2.585899E+01 -2.220037E+00 1.507564E-04 
-2.943655E+01 -2.812364E+00 1.068967E-03 
-2.358483E+01 1.379595E-01 9.354376E-12 
-1.744214E+01 -3.714791E+00 1.094385E-03 
-1.427419E+01 -2.528012E+00 5.668082E-06 
-1.330289E+01 -2.491066E+00 9.176852E-07 
-2.647038E+01 -3.392504E+00 2.481136E-03 
-2.748657E+01 -3.441771E+00 2.669483E-03 
-3.372496E+01 -2.600344E+00 1.037876E-03 
-2.871640E+01 -1.890558E+00 9.166157E-08 
-2.335025E+01 -2.975806E+00 5.371718E-04 
-2.165888E+01 -3.587566E+00 1.660393E-03 
-2.026235E+01 -3.758548E+00 1.841820E-03 
-3.165689E+01 -2.649893E+00 8.887255E-04 
-2.416377E+01 -3.007444E+00 7.772479E-04 
-1.266019E+01 -3.318983E+00 2.719691E-04 
-1.209663E+01 -2.725777E+00 3.436536E-05 
-3.024189E+01 -2.624707E+00 6.377198E-04 
-2.246956E+01 -3.085442E+00 5.915897E-04 
-1.476418E+01 -2.309168E+00 4.871275E-07 
-1.345261E+01 -3.258361E+00 3.233874E-04 
-3.494985E+01 -2.248894E+00 4.816337E-04 
-3.130069E+01 -2.724682E+00 1.055916E-03 
-2.468953E+01 -2.580842E+00 3.108571E-04 
-2.629460E+01 -2.895790E+00 7.784266E-04 
-2.290699E+01 -2.808877E+00 3.104192E-04 
-1.247096E+01 -2.920253E+00 7.213351E-05 
-2.765267E+01 -3.340817E+00 2.397634E-03 
-2.408114E+01 -3.162981E+00 9.960853E-04 
-1.456238E+01 -2.698445E+00 7.539762E-05 
-1.543340E+01 -3.654153E+00 1.072430E-03 
-1.238116E+01 -3.418238E+00 5.406699E-04 
-1.244029E+01 -2.669398E+00 1.130456E-05 
-2.631947E+01 -3.104385E+00 1.373879E-03 
-3.047629E+01 -1.663753E+00 4.064952E-06 
-3.056917E+01 -1.980825E+00 3.300469E-05 
-2.497957E+01 -3.160422E+00 1.237491E-03 
-2.290019E+01 -2.321502E+00 3.806451E-05 
-3.428529E+01 -2.063845E+00 2.762101E-04 
-1.400383E+01 -2.656647E+00 5.840151E-05 
-1.678120E+01 -1.926126E+00 7.793641E-10 
-2.631501E+01 -2.859319E+00 7.623015E-04 
-2.562115E+01 -2.914215E+00 8.281053E-04 
-2.951829E+01 -2.979728E+00 1.421698E-03 
-2.160154E+01 -3.317946E+00 8.766469E-04 
-1.266324E+01 -2.988647E+00 7.273047E-05 
-2.850412E+01 -1.894217E+00 3.997937E-08 
-3.514713E+01 -1.069883E+00 1.351108E-04 
-2.851454E+01 -2.430092E+00 3.429817E-04 
-2.843387E+01 -2.747840E+00 8.423114E-04 
-1.924171E+01 -3.628408E+00 1.410396E-03 
-2.317718E+01 -2.286251E+00 7.371253E-05 
-2.698749E+01 -2.213675E+00 1.139991E-04 
-1.604961E+01 -2.474102E+00 5.918283E-05 
-3.339755E+01 -2.029821E+00 1.991487E-04 
-2.931533E+01 -2.374237E+00 4.336447E-04 
-1.729531E+01 -2.391872E+00 7.544266E-05 
-1.813766E+01 -3.728410E+00 1.178546E-03 
-2.316116E+01 -3.690943E+00 2.303110E-03 
-2.937821E+01 -2.545873E+00 5.618705E-04 
-1.480079E+01 -2.568871E+00 7.129810E-05 
-1.319782E+01 -2.772046E+00 5.789094E-05 
-2.542175E+01 -3.098292E+00 1.257192E-03 
-2.397300E+01 -2.557629E+00 2.124588E-04 
-2.202474E+01 -2.343066E+00 1.104014E-04 
-2.789234E+01 -2.863231E+00 8.821752E-04 
-3.041924E+01 -2.511475E+00 5.297939E-04 
-3.457212E+01 -2.137578E+00 3.191927E-04 
-2.179722E+01 -2.245034E+00 2.287981E-05 
-1.276933E+01 -2.826877E+00 6.650468E-05 
-3.311133E+01 -2.557979E+00 9.043035E-04 
-3.226746E+01 -2.708431E+00 1.136182E-03 
-2.187384E+01 -2.200669E+00 7.879255E-06 
-2.046139E+01 -3.374738E+00 7.494852E-04 
-2.682027E+01 -2.825408E+00 7.839672E-04 
-1.511080E+01 -2.299958E+00 1.096961E-08 
-2.827001E+01 -2.738494E+00 6.883675E-04 
-2.404386E+01 -3.585484E+00 2.051188E-03 
-2.676135E+01 -2.971361E+00 9.918280E-04 
-2.487443E+01 -2.763071E+00 3.899196E-04 
-2.490353E+01 -2.164136E+00 2.229642E-06 
-2.763139E+01 -2.122190E+00 5.725377E-05 
-2.765606E+01 -3.264798E+00 1.865832E-03 
-2.117397E+01 -3.407794E+00 9.104160E-04 
-2.401121E+01 -3.029462E+00 5.830401E-04 
-3.048625E+01 -2.708260E+00 9.672290E-04 
-2.888249E+01 -2.353707E+00 2.588635E-04 
-3.437976E+01 -9.067015E-01 2.901788E-06 
-2.258694E+01 -3.385109E+00 1.326370E-03 
-2.794973E+01 -2.948814E+00 9.398754E-04 
