-3.141245E+01 -2.935749E+00 1.551498E-03 
-2.411974E+01 -2.314959E+00 7.625465E-05 
-1.685966E+01 -3.876298E+00 1.726463E-03 
-3.218236E+01 -2.647379E+00 9.192619E-04 
-2.431660E+01 -3.398677E+00 1.613978E-03 
-3.268849E+01 -3.000022E+00 2.007784E-03 
-1.976111E+01 -3.514045E+00 7.921458E-04 
-2.624430E+01 -3.466923E+00 2.329123E-03 
-3.445252E+01 -2.130159E+00 3.320950E-04 
-2.230935E+01 -1.286055E+00 3.974051E-08 
-1.810521E+01 -1.912279E+00 1.501597E-08 
-2.406858E+01 -3.043190E+00 7.835772E-04 
-1.748793E+01 -3.766541E+00 1.534872E-03 
-2.129325E+01 -3.511606E+00 1.384012E-03 
-2.878479E+01 -3.117197E+00 1.603956E-03 
-8.244279E+00 -3.449029E+00 7.698443E-05 
-2.500969E+01 -3.306053E+00 1.440433E-03 
-1.965226E+01 -3.949672E+00 2.420591E-03 
-1.390729E+01 -2.124434E+00 9.040745E-11 
-2.551098E+01 -3.401882E+00 1.824644E-03 
-3.218768E+01 -1.986413E+00 8.251630E-05 
-3.381523E+01 -2.417273E+00 6.592144E-04 
-2.548063E+01 -3.399517E+00 1.770884E-03 
-1.408873E+01 -2.248558E+00 4.276121E-10 
-3.310268E+01 1.505098E-01 1.094069E-09 
-2.786636E+01 -2.066390E+00 1.215210E-05 
-3.084315E+01 -2.693459E+00 7.898388E-04 
-3.127697E+01 -2.593781E+00 7.300890E-04 
-2.550182E+01 -2.536323E+00 3.099960E-04 
-2.577070E+01 -3.613688E+00 2.411022E-03 
-2.408302E+01 -3.377975E+00 1.277563E-03 
-2.951438E+01 -2.956107E+00 1.131238E-03 
-2.922929E+01 1.468883E-01 2.679429E-11 
-3.299864E+01 -1.051041E+00 2.339057E-05 
-2.812036E+01 -2.359607E+00 2.796849E-04 
-2.919763E+01 -2.209991E+00 8.261020E-05 
-3.197418E+01 -2.265342E+00 2.556613E-04 
-2.092131E+01 -3.440484E+00 9.920161E-04 
-2.923133E+01 -2.833906E+00 9.819495E-04 
-3.064414E+01 -2.996771E+00 1.524083E-03 
-2.957954E+01 -2.630815E+00 6.107775E-04 
-2.567568E+01 -3.423024E+00 2.258270E-03 
-3.414984E+01 -1.979930E+00 1.447425E-04 
-3.175431E+01 -2.974093E+00 1.910242E-03 
-2.296862E+01 -1.128337E+00 1.277149E-08 
-2.417250E+01 -2.621095E+00 1.374448E-04 
-1.201004E+01 -3.306440E+00 2.472501E-04 
-2.486248E+01 -3.422142E+00 1.746536E-03 
-1.645194E+01 -3.792162E+00 1.542723E-03 
-2.714265E+01 -2.824301E+00 6.956909E-04 
-1.664949E+01 -2.270371E+00 3.710088E-06 
-2.227561E+01 -3.464265E+00 1.430982E-03 
-3.088949E+01 -1.907937E+00 1.070203E-05 
-3.310459E+01 -2.460291E+00 7.731284E-04 
-1.293011E+01 -3.485098E+00 6.034985E-04 
-3.138849E+01 -1.958092E+00 2.358954E-05 
-1.563087E+01 -2.161141E+00 1.285820E-08 
-1.316566E+01 -2.371603E+00 6.608182E-07 
-1.603914E+01 -3.831417E+00 1.638436E-03 
-1.675222E+01 -2.073352E+00 1.173079E-06 
-2.838681E+01 -3.189124E+00 1.622254E-03 
-2.262848E+01 -3.283837E+00 8.586274E-04 
-2.689085E+01 -2.657978E+00 4.215589E-04 
-3.038440E+01 -1.960071E+00 2.078766E-05 
-3.189912E+01 -2.693921E+00 9.481828E-04 
-2.818210E+01 -2.871340E+00 1.009672E-03 
-2.876981E+01 -2.701949E+00 4.959381E-04 
-1.928866E+01 -4.056793E+00 2.297708E-03 
-3.180643E+01 -2.184417E+00 1.724355E-04 
-1.149383E+01 -2.756257E+00 5.460924E-06 
-3.225763E+01 -2.084327E+00 8.561699E-05 
-2.308268E+01 -3.354016E+00 1.172972E-03 
-2.447836E+01 -3.475188E+00 2.036987E-03 
-1.562987E+01 -3.621144E+00 9.098584E-04 
-1.926781E+01 -3.933753E+00 2.023016E-03 
-2.798281E+01 -1.950554E+00 1.644267E-05 
-3.204554E+01 -2.838295E+00 1.309759E-03 
-2.459693E+01 -3.082591E+00 1.035286E-03 
-2.339757E+01 -3.585099E+00 1.834817E-03 
-1.260653E+01 -2.366174E+00 5.384858E-10 
-3.133667E+01 -2.739926E+00 1.015542E-03 
-2.049563E+01 -3.522068E+00 1.088067E-03 
-2.736073E+01 -1.898609E+00 1.007282E-06 
-3.217900E+01 -3.096861E+00 2.303608E-03 
-2.811734E+01 -3.263317E+00 1.825489E-03 
-3.108045E+01 -1.646412E+00 8.374137E-08 
-3.297889E+01 -2.380378E+00 4.877041E-04 
-2.680684E+01 -3.276995E+00 1.860239E-03 
-1.520047E+01 -8.604947E-01 8.040365E-13 
-1.954158E+01 -3.922005E+00 2.249083E-03 
-1.141283E+01 -4.889751E+00 8.384952E-03 
-2.498546E+01 -3.029728E+00 6.461842E-04 
-3.045183E+01 -2.775207E+00 9.785780E-04 
-2.204463E+01 -3.839677E+00 2.199672E-03 
-3.092155E+01 -2.355707E+00 3.362488E-04 
-2.939814E+01 -2.819212E+00 8.935789E-04 
-1.714521E+01 -9.044456E-02 9.196966E-12 
-3.323403E+01 -6.275380E-01 3.611964E-07 
-2.497168E+01 -3.255488E+00 1.172137E-03 
-3.419447E+01 -1.135942E-01 1.638212E-06 
-3.446141E+01 -1.957828E+00 1.305434E-04 
-3.153103E+01 -2.497078E+00 6.513388E-04 
-2.336899E+01 -3.402213E+00 1.673047E-03 
-2.511918E+01 -3.543113E+00 2.400366E-03 
-1.885951E+01 -2.373796E+00 5.372585E-05 
-2.333548E+01 -3.611697E+00 1.944647E-03 
-2.312593E+01 -3.146345E+00 7.282713E-04 
-1.986237E+01 -3.309079E+00 6.776759E-04 
-2.778221E+01 -2.902782E+00 8.262289E-04 
-2.500419E+01 -3.183241E+00 1.217845E-03 
-2.717181E+01 -2.227663E+00 1.140330E-04 
-3.382438E+01 -2.275257E+00 4.242171E-04 
-2.766575E+01 -2.557689E+00 3.984683E-04 
-2.228761E+01 -2.968048E+00 3.696625E-04 
-1.702904E+01 -3.245300E+00 8.570477E-05 
-2.862769E+01 -3.295024E+00 2.272645E-03 
-2.565030E+01 -3.424392E+00 1.999947E-03 
-2.375087E+01 -3.222095E+00 9.059788E-04 
-2.620342E+01 -3.373893E+00 1.987453E-03 
-2.467760E+01 -3.692797E+00 2.700697E-03 
-2.113571E+01 -3.656194E+00 1.522414E-03 
-1.886800E+01 -4.006413E+00 1.998873E-03 
-3.191070E+01 -2.816760E+00 1.272096E-03 
-2.586891E+01 -2.680306E+00 3.163319E-04 
-2.199404E+01 -3.868315E+00 2.276240E-03 
-2.233743E+01 -3.145836E+00 6.746791E-04 
-2.049903E+01 -1.570351E+00 1.826486E-09 
-1.511364E+01 -2.441804E+00 2.982911E-05 
-2.378977E+01 -3.497519E+00 1.737006E-03 
-3.302033E+01 -9.805271E-01 1.724561E-06 
-2.111537E+01 -9.571113E-01 8.531114E-10 
-3.298502E+01 -6.837873E-01 1.109437E-06 
-1.942644E+01 -3.664495E+00 1.120875E-03 
-2.185943E+01 -3.478255E+00 1.506077E-03 
-2.426855E+01 -2.954637E+00 6.358158E-04 
-2.282180E+01 -3.640715E+00 1.528563E-03 
-3.124761E+01 -2.711705E+00 8.736574E-04 
-1.929232E+01 -3.144136E+00 3.923783E-04 
-3.356634E+01 -1.053196E+00 2.858942E-05 
-2.773109E+01 -2.132427E+00 4.194559E-05 
-1.953686E+01 -3.820635E+00 2.003265E-03 
-2.474290E+01 -3.359992E+00 1.445579E-03 
-2.543423E+01 -1.083918E+00 1.184271E-08 
-3.294546E+01 -2.096528E+00 1.296997E-04 
-1.977539E+01 -3.847998E+00 2.031914E-03 
-1.329654E+01 -2.559476E+00 1.289954E-05 
-1.861918E+01 -3.411787E+00 4.973031E-04 
-2.171442E+01 -3.696037E+00 1.911251E-03 
-3.356740E+01 -2.653210E+00 1.028013E-03 
-3.386656E+01 -2.560589E+00 8.722649E-04 
-2.569586E+01 -3.483754E+00 2.318355E-03 
-1.806704E+01 -3.581337E+00 8.804699E-04 
-2.596628E+01 -2.883607E+00 6.306867E-04 
-3.045365E+01 -2.371440E+00 3.099437E-04 
-2.787903E+01 -3.287589E+00 1.980758E-03 
-2.260605E+01 -3.051564E+00 5.500009E-04 
-2.867042E+01 -2.348267E+00 1.333376E-04 
-1.171751E+01 -2.650316E+00 1.771214E-07 
-2.997562E+01 -3.104650E+00 1.959671E-03 
-3.376990E+01 -2.335736E+00 5.958976E-04 
-2.473753E+01 -3.509966E+00 2.234519E-03 
-2.255717E+01 -3.641729E+00 1.872126E-03 
-1.984160E+01 -3.112502E+00 3.814675E-04 
-1.134846E+01 -3.109096E+00 7.597765E-05 
-2.738448E+01 -2.993813E+00 9.813593E-04 
-2.937094E+01 -2.365520E+00 3.065969E-04 
-3.281216E+01 -2.731442E+00 1.094214E-03 
-2.747102E+01 -2.588685E+00 4.264363E-04 
-1.319796E+01 -2.667829E+00 3.403886E-05 
-1.618152E+01 -1.953030E+00 1.087327E-08 
-3.094990E+01 -2.872996E+00 1.344491E-03 
-2.883134E+01 -3.010639E+00 1.402525E-03 
-3.306607E+01 -2.240475E+00 2.232911E-04 
-2.919203E+01 -2.758670E+00 8.338073E-04 
-2.740006E+01 -3.343932E+00 1.880009E-03 
-2.037055E+01 -3.565274E+00 1.440841E-03 
-2.143501E+01 -3.485806E+00 1.438171E-03 
-2.703034E+01 -3.241496E+00 1.599281E-03 
-3.111671E+01 -2.996059E+00 1.356378E-03 
-3.132943E+01 -2.882758E+00 1.413010E-03 
-2.682507E+01 -3.069011E+00 1.161163E-03 
-2.297006E+01 -3.416338E+00 1.507978E-03 
-2.528306E+01 -2.926646E+00 5.735204E-04 
-2.822766E+01 -3.131352E+00 1.289740E-03 
-2.312147E+01 -3.712291E+00 2.546581E-03 
-2.015080E+01 -2.288336E+00 1.387641E-05 
-2.403614E+01 -3.552406E+00 1.807466E-03 
-3.136112E+01 -2.279197E+00 2.851088E-04 
-1.710168E+01 -2.431830E+00 2.319370E-05 
-3.092398E+01 -1.012371E+00 1.011816E-08 
-2.736913E+01 -1.064772E+00 3.805973E-08 
-3.437976E+01 -9.067015E-01 2.901788E-06 
-2.193711E+01 -3.163517E+00 4.327118E-04 
-2.376896E+01 -3.338490E+00 1.103694E-03 
-2.510327E+01 -3.425621E+00 1.851989E-03 
-2.980619E+01 -2.636384E+00 6.526950E-04 
-2.903328E+01 -3.270832E+00 2.324090E-03 
-1.835406E+01 -1.839424E+00 3.180055E-08 
-2.211549E+01 -3.472270E+00 1.327539E-03 
-3.234865E+01 -1.637086E+00 1.431841E-07 
-2.548763E+01 -3.060935E+00 9.333170E-04 
-2.643586E+01 -3.342988E+00 1.774697E-03 
-3.389813E+01 -1.834173E+00 1.230331E-04 
-1.931620E+01 -3.405268E+00 7.921232E-04 
-2.955614E+01 -2.698638E+00 7.349097E-04 
-2.684215E+01 -3.529016E+00 2.734384E-03 
-2.672268E+01 -3.313997E+00 1.739021E-03 
-2.839195E+01 -3.037152E+00 1.254199E-03 
-2.020477E+01 -3.782378E+00 2.038111E-03 
-3.872991E+01 -1.131256E+00 5.344705E-04 
-2.604190E+01 -3.299882E+00 1.607717E-03 
-1.431452E+01 -2.375037E+00 7.502578E-06 
-2.860168E+01 -1.939097E+00 3.389027E-06 
-1.602586E+01 -3.804207E+00 1.526987E-03 
-3.365431E+01 1.482306E-01 1.445860E-09 
-2.062523E+01 -3.526394E+00 1.407223E-03 
-2.417242E+01 -3.499804E+00 1.844647E-03 
-3.368254E+01 -1.759722E+00 4.706453E-05 
-1.907271E+01 -3.758963E+00 1.623427E-03 
-3.445256E+01 1.521597E-01 1.905725E-06 
-3.297367E+01 -2.426314E+00 6.342830E-04 
-3.268214E+01 -2.475484E+00 6.576884E-04 
-3.076448E+01 -3.102793E+00 1.797760E-03 
-2.623519E+01 -2.511813E+00 2.234690E-04 
-2.990606E+01 -2.159999E+00 1.187742E-04 
-3.238878E+01 -2.845866E+00 1.431902E-03 
-2.667658E+01 -2.688042E+00 3.209646E-04 
-2.585683E+01 -3.610757E+00 2.777993E-03 
-2.822328E+01 -2.795797E+00 8.785358E-04 
-3.073524E+01 -2.554352E+00 6.390990E-04 
-2.624128E+01 -2.763176E+00 5.265273E-04 
-2.435367E+01 -3.630638E+00 2.226408E-03 
-2.194616E+01 -3.449073E+00 1.121564E-03 
-2.950603E+01 -2.966099E+00 1.352748E-03 
-3.179723E+01 -2.752010E+00 1.186524E-03 
-2.266155E+01 -3.414034E+00 1.224274E-03 
-3.371253E+01 -2.729564E+00 1.306568E-03 
-2.189369E+01 -3.369806E+00 1.076603E-03 
-2.432378E+01 -3.105808E+00 8.427812E-04 
-3.379367E+01 -2.428921E+00 7.633349E-04 
-2.490353E+01 -2.164136E+00 2.229642E-06 
-2.487443E+01 -2.763071E+00 3.899196E-04 
-2.052502E+01 -3.672199E+00 1.523069E-03 
-2.923944E+01 -2.217684E+00 1.128692E-04 
-2.280074E+01 -3.223305E+00 9.386847E-04 
-3.067652E+01 -2.679722E+00 7.697536E-04 
-1.212268E+01 -2.459041E+00 1.175411E-07 
-2.811552E+01 -8.018537E-01 1.463195E-10 
-3.164317E+01 -2.218795E+00 1.848436E-04 
-1.892548E+01 -3.870250E+00 1.804203E-03 
-3.312918E+01 -2.335170E+00 4.783077E-04 
-1.558724E+01 -2.290058E+00 1.056222E-05 
-2.378531E+01 -2.661807E+00 1.818855E-04 
-2.690460E+01 -2.755061E+00 4.447218E-04 
-1.895796E+01 -3.262681E+00 4.772030E-04 
-3.094205E+01 -2.479958E+00 6.401943E-04 
-2.544235E+01 -2.230892E+00 7.822992E-05 
-2.632060E+01 -2.932787E+00 8.522329E-04 
-1.988938E+01 -3.878737E+00 2.176903E-03 
-2.297942E+01 -3.206056E+00 7.382073E-04 
-2.595138E+01 -2.996090E+00 9.195557E-04 
-2.908943E+01 -2.306494E+00 1.473682E-04 
-3.000562E+01 -3.162413E+00 2.204005E-03 
-3.116750E+01 -2.301383E+00 2.971469E-04 
-1.891308E+01 -3.697283E+00 1.007778E-03 
-2.654141E+01 -2.923454E+00 8.679434E-04 
-2.251984E+01 -2.679277E+00 8.529647E-05 
-2.612736E+01 -3.239943E+00 1.428257E-03 
-3.256785E+01 -2.760062E+00 1.225040E-03 
-2.404386E+01 -3.585484E+00 2.051188E-03 
-2.516941E+01 -2.943751E+00 6.228531E-04 
-2.294332E+01 -3.509830E+00 1.639580E-03 
-2.600027E+01 -2.070635E+00 2.167056E-05 
-1.728641E+01 -1.847374E+00 2.253308E-09 
-3.130950E+01 -2.873725E+00 1.405557E-03 
-3.099478E+01 -2.631754E+00 7.676671E-04 
-2.934715E+01 -3.087293E+00 1.717720E-03 
-2.799939E+01 -2.971242E+00 1.122339E-03 
-2.539776E+01 -3.451924E+00 1.916727E-03 
-3.350916E+01 -2.138543E+00 2.473490E-04 
-3.181788E+01 -1.672773E+00 8.488480E-06 
-3.125518E+01 -2.071586E+00 6.785772E-05 
-3.386251E+01 -2.178356E+00 2.530371E-04 
-2.909900E+01 -2.926213E+00 1.069243E-03 
-2.839964E+01 -2.890527E+00 1.024885E-03 
-1.086649E+01 -2.866399E+00 8.042688E-06 
-2.864011E+01 -2.396101E+00 3.353854E-04 
-2.741242E+01 -2.069737E+00 4.164385E-05 
-1.538469E+01 -2.362513E+00 6.283447E-06 
-2.965554E+01 -2.236033E+00 2.198255E-04 
-2.908765E+01 -3.211717E+00 2.058407E-03 
-1.703362E+01 -2.318921E+00 2.178759E-05 
-2.236796E+01 -9.495105E-01 2.089892E-09 
-1.876239E+01 -2.336502E+00 4.824751E-05 
-3.292130E+01 -1.699991E+00 3.426936E-05 
-2.354976E+01 -3.455954E+00 1.712255E-03 
-2.074964E+01 -3.275676E+00 6.564194E-04 
-2.785385E+01 -3.022706E+00 1.070656E-03 
-1.785738E+01 -3.446463E+00 6.163519E-04 
-2.898813E+01 -2.718783E+00 6.436041E-04 
-1.167266E+01 -2.800872E+00 9.487072E-06 
-3.209318E+01 -2.293750E+00 3.614569E-04 
-3.276680E+01 -2.000094E+00 1.174134E-04 
-2.448972E+01 -3.048265E+00 9.306236E-04 
-1.327649E+01 -2.609419E+00 1.730866E-05 
-2.678979E+01 -3.188033E+00 1.437924E-03 
-2.042535E+01 -1.212645E+00 2.348970E-10 
-1.974574E+01 -3.900653E+00 2.504596E-03 
-2.827001E+01 -2.738494E+00 6.883675E-04 
-2.323567E+01 -3.133270E+00 8.369139E-04 
-2.426566E+01 -3.609821E+00 2.104921E-03 
-1.727156E+01 -2.203904E+00 1.043151E-05 
-2.922752E+01 -3.137925E+00 1.712849E-03 
-2.179233E+01 -1.392378E+00 4.699631E-09 
-3.158520E+01 -1.973706E+00 6.146837E-05 
-3.018955E+01 -2.841342E+00 1.207679E-03 
-2.420863E+01 -3.206540E+00 1.051063E-03 
-2.888249E+01 -2.353707E+00 2.588635E-04 
-3.327814E+01 -2.230160E+00 4.142569E-04 
-2.278566E+01 -3.413172E+00 1.472555E-03 
-3.212662E+01 -2.832524E+00 1.334942E-03 
-2.855967E+01 -3.004263E+00 1.303113E-03 
-3.276057E+01 -2.669752E+00 9.611887E-04 
-1.286202E+01 -3.285113E+00 2.684643E-04 
-1.898884E+01 -3.320991E+00 7.291160E-04 
-1.597566E+01 -2.411485E+00 2.204435E-05 
-2.698120E+01 -2.842221E+00 7.805126E-04 
-3.282641E+01 -2.293793E+00 4.003466E-04 
-1.688177E+01 -1.878498E+00 1.863973E-10 
-1.511080E+01 -2.299958E+00 1.096961E-08 
-2.534550E+01 -3.074549E+00 1.018818E-03 
-3.042082E+01 -2.904745E+00 1.289896E-03 
-3.305587E+01 -2.116129E+00 1.551124E-04 
-2.000697E+01 -3.043690E+00 2.363938E-04 
-3.133294E+01 -3.040907E+00 1.600789E-03 
-1.215248E+01 -2.601849E+00 1.263626E-06 
-2.794973E+01 -2.948814E+00 9.398754E-04 
-2.259670E+01 -3.967632E+00 2.694734E-03 
-2.986886E+01 -2.756224E+00 8.679403E-04 
-2.607319E+01 -2.353958E+00 1.698780E-04 
-3.332410E+01 -2.700772E+00 1.083750E-03 
-2.294184E+01 -3.456816E+00 1.511609E-03 
-2.332963E+01 -3.334861E+00 1.094378E-03 
-1.924068E+01 -1.030109E+00 1.012198E-10 
-1.874189E+01 -3.091606E+00 2.030315E-04 
-2.905807E+01 -2.762499E+00 7.394231E-04 
-3.258208E+01 -2.586344E+00 6.544534E-04 
-1.672516E+01 -2.055212E+00 9.645036E-07 
-1.411943E+01 -2.521954E+00 1.349949E-05 
-2.452635E+01 -3.173819E+00 1.127457E-03 
-2.964021E+01 -2.000945E+00 2.140431E-05 
-3.400342E+01 -2.050689E+00 1.534688E-04 
-1.604866E+01 -2.185035E+00 3.563005E-06 
-2.656880E+01 -2.369348E+00 2.378927E-04 
-2.964657E+01 -2.019072E+00 3.245052E-05 
-1.815321E+01 -1.972272E+00 3.233829E-08 
-2.438803E+01 -2.885746E+00 4.113490E-04 
-2.708615E+01 -2.565496E+00 3.499679E-04 
-3.083231E+01 -2.351322E+00 2.251097E-04 
-2.846469E+01 -3.207323E+00 1.818838E-03 
-2.702072E+01 -2.759854E+00 5.194472E-04 
-2.971018E+01 -2.577245E+00 5.997521E-04 
-2.988456E+01 -2.911978E+00 1.172528E-03 
-1.905364E+01 -4.092868E+00 2.927879E-03 
-3.163882E+01 -2.330651E+00 4.202678E-04 
-3.194137E+01 -5.857364E-01 1.451695E-10 
-1.778937E+01 -1.745933E+00 1.269511E-08 
-2.305416E+01 -2.179108E+00 1.913481E-05 
-3.168733E+01 -2.454300E+00 5.495186E-04 
-2.513271E+01 -2.949984E+00 7.758406E-04 
-1.651432E+01 -2.110111E+00 2.596903E-08 
-3.235544E+01 -1.176065E-01 2.175793E-07 
-1.760347E+01 -2.014543E+00 8.011560E-07 
-1.694252E+01 -3.834356E+00 1.734227E-03 
-1.485879E+01 -2.364899E+00 5.865625E-06 
-2.693495E+01 -3.193290E+00 1.567731E-03 
-1.614793E+01 -3.585769E+00 8.562595E-04 
-2.965180E+01 -1.881077E+00 2.578470E-06 
-2.136024E+01 -6.082474E-01 5.747642E-11 
-3.224487E+01 -1.004313E+00 5.262413E-08 
-3.351161E+01 -2.881646E+00 1.481600E-03 
-1.367504E+01 -2.458430E+00 2.628040E-06 
-2.361152E+01 -3.556731E+00 2.032898E-03 
-2.917389E+01 -3.187484E+00 2.127278E-03 
-2.018455E+01 -3.748785E+00 1.448447E-03 
-2.626565E+01 -2.808700E+00 5.270389E-04 
-1.925500E+01 -3.275980E+00 6.111814E-04 
-1.151840E+01 -2.958377E+00 2.689660E-05 
-2.958304E+01 -3.040206E+00 1.420217E-03 
-2.820764E+01 -2.713720E+00 6.316387E-04 
-3.266759E+01 -2.199651E+00 2.127934E-04 
-2.151165E+01 -3.288462E+00 7.273702E-04 
-2.136126E+01 -3.646034E+00 1.818153E-03 
-1.195322E+01 -2.773314E+00 1.244781E-05 
-1.751281E+01 -1.075130E+00 5.328608E-11 
-2.927317E+01 -1.816006E+00 1.178740E-07 
-2.415574E+01 -2.757360E+00 2.535048E-04 
-1.428961E+01 -2.331677E+00 7.707865E-07 
-2.061558E+01 -2.989918E+00 2.087075E-04 
-3.033030E+01 -2.432792E+00 3.418451E-04 
-2.046139E+01 -3.374738E+00 7.494852E-04 
-2.065346E+01 -3.675603E+00 1.664587E-03 
-2.081964E+01 -3.326422E+00 8.477662E-04 
-3.132845E+01 -3.058888E+00 1.795140E-03 
-3.059269E+01 -2.657517E+00 6.531381E-04 
-2.463909E+01 -3.365374E+00 1.663329E-03 
-1.946707E+01 -1.708314E+00 2.882711E-09 
-2.609335E+01 -2.438021E+00 1.821532E-04 
-1.922777E+01 -3.830570E+00 1.693476E-03 
-2.187384E+01 -2.200669E+00 7.879255E-06 
-2.389079E+01 -3.238818E+00 1.153771E-03 
-2.663794E+01 -2.834844E+00 6.110835E-04 
-2.358483E+01 1.379595E-01 9.354376E-12 
-1.744214E+01 -3.714791E+00 1.094385E-03 
-2.749853E+01 -3.335104E+00 2.045054E-03 
-1.330289E+01 -2.491066E+00 9.176852E-07 
-2.647038E+01 -3.392504E+00 2.481136E-03 
-2.748657E+01 -3.441771E+00 2.669483E-03 
-3.372496E+01 -2.600344E+00 1.037876E-03 
-3.423642E+01 -2.171392E+00 3.997260E-04 
-2.335025E+01 -2.975806E+00 5.371718E-04 
-1.664251E+01 -3.457669E+00 3.011648E-04 
-2.026235E+01 -3.758548E+00 1.841820E-03 
-2.646081E+01 -3.160701E+00 1.313327E-03 
-2.748760E+01 -3.032768E+00 1.062393E-03 
-1.266019E+01 -3.318983E+00 2.719691E-04 
-1.554240E+01 -2.220213E+00 9.687992E-10 
-1.758857E+01 -3.480181E+00 4.391574E-04 
-2.246956E+01 -3.085442E+00 5.915897E-04 
-1.951446E+01 -4.016717E+00 2.394682E-03 
-2.117397E+01 -3.407794E+00 9.104160E-04 
-1.860555E+01 -1.997156E+00 1.688726E-06 
-2.618742E+01 -2.391341E+00 2.180058E-04 
-2.468953E+01 -2.580842E+00 3.108571E-04 
-2.629460E+01 -2.895790E+00 7.784266E-04 
-2.290699E+01 -2.808877E+00 3.104192E-04 
-2.585509E+01 -3.125433E+00 1.082423E-03 
-2.765267E+01 -3.340817E+00 2.397634E-03 
-2.408114E+01 -3.162981E+00 9.960853E-04 
-2.179722E+01 -2.245034E+00 2.287981E-05 
-2.174302E+01 -3.465648E+00 1.160389E-03 
-2.765606E+01 -3.264798E+00 1.865832E-03 
-2.821287E+01 -2.629703E+00 4.538240E-04 
-2.545321E+01 -2.418982E+00 9.603934E-05 
-3.047629E+01 -1.663753E+00 4.064952E-06 
-3.056917E+01 -1.980825E+00 3.300469E-05 
-1.921014E+01 -1.939637E+00 2.276542E-07 
-2.290019E+01 -2.321502E+00 3.806451E-05 
-2.128522E+01 -3.662274E+00 1.834213E-03 
-2.217471E+01 -3.662816E+00 1.961427E-03 
-1.678120E+01 -1.926126E+00 7.793641E-10 
-2.631501E+01 -2.859319E+00 7.623015E-04 
-2.562115E+01 -2.914215E+00 8.281053E-04 
-2.072745E+01 -2.464823E+00 8.336896E-05 
-2.160154E+01 -3.317946E+00 8.766469E-04 
-3.304080E+01 -2.622691E+00 7.998783E-04 
-2.850412E+01 -1.894217E+00 3.997937E-08 
-2.616856E+01 -3.209055E+00 1.222659E-03 
-2.401121E+01 -3.029462E+00 5.830401E-04 
-3.138258E+01 -2.819632E+00 1.080705E-03 
-2.691451E+01 -3.142305E+00 1.258598E-03 
-2.317718E+01 -2.286251E+00 7.371253E-05 
-2.565434E+01 -2.331504E+00 1.088711E-04 
-2.789234E+01 -2.863231E+00 8.821752E-04 
-3.291250E+01 -2.448093E+00 4.495187E-04 
-2.488561E+01 -3.478931E+00 2.251846E-03 
-2.754127E+01 -3.238911E+00 1.771421E-03 
-1.813766E+01 -3.728410E+00 1.178546E-03 
-2.316116E+01 -3.690943E+00 2.303110E-03 
-2.937821E+01 -2.545873E+00 5.618705E-04 
-2.638316E+01 -3.155893E+00 1.091037E-03 
-2.599648E+01 -3.342800E+00 1.493886E-03 
-1.855736E+01 -3.071806E+00 3.644183E-05 
-2.170190E+01 -2.762341E+00 1.179136E-04 
-1.981754E+01 -3.215841E+00 6.204243E-04 
-3.009914E+01 -2.751387E+00 9.386791E-04 
-2.937359E+01 -2.579389E+00 5.112094E-04 
-2.407501E+01 -3.304904E+00 1.226434E-03 
-2.724522E+01 -2.768275E+00 6.698719E-04 
-2.403476E+01 -2.193166E+00 4.416758E-05 
-1.174040E+01 -2.562699E+00 1.490522E-07 
-3.088524E+01 -2.130033E+00 9.298742E-05 
-1.872339E+01 -3.757543E+00 1.436250E-03 
-2.316484E+01 -3.386861E+00 1.371968E-03 
-3.054346E+01 -2.166720E+00 1.562229E-04 
-1.487190E+01 -3.595910E+00 7.937455E-04 
-1.255487E+01 -2.697307E+00 1.322917E-05 
-2.208519E+01 -3.720481E+00 2.047148E-03 
-2.510030E+01 -3.307633E+00 1.492175E-03 
-2.825314E+01 -2.777869E+00 7.517305E-04 
-2.719872E+01 -3.099280E+00 1.200208E-03 
-3.123579E+01 -2.222434E+00 1.852981E-04 
-3.030082E+01 -3.073265E+00 1.555401E-03 
-2.890072E+01 -2.509189E+00 3.373748E-04 
-2.278041E+01 -3.270329E+00 1.015939E-03 
-3.071148E+01 -2.538712E+00 3.954247E-04 
-2.413971E+01 -3.333080E+00 1.332801E-03 
-1.883040E+01 -3.566124E+00 6.549052E-04 
-1.466068E+01 -2.421157E+00 1.061076E-05 
-3.325366E+01 -2.549536E+00 7.903987E-04 
