-3.141245E+01 -2.935749E+00 1.551498E-03 
-2.411974E+01 -2.314959E+00 7.625465E-05 
-1.685966E+01 -3.876298E+00 1.726463E-03 
-2.383149E+01 -3.635158E+00 2.141750E-03 
-1.780529E+01 -3.458732E+00 5.761281E-04 
-2.333933E+01 -3.299064E+00 9.717667E-04 
-1.464329E+01 -3.500610E+00 6.306418E-04 
-2.317096E+01 -3.064305E+00 6.566682E-04 
-2.474518E+01 -2.226389E+00 5.062322E-05 
-3.444842E+01 -2.500459E+00 7.795930E-04 
-2.426114E+01 -3.051402E+00 6.228453E-04 
-3.389944E+01 -2.151897E+00 2.441214E-04 
-1.748793E+01 -3.766541E+00 1.534872E-03 
-2.602649E+01 -2.097726E+00 8.950035E-06 
-3.339700E+01 -7.435700E-01 9.321883E-06 
-8.244279E+00 -3.449029E+00 7.698443E-05 
-3.007884E+01 -2.110558E+00 2.247071E-05 
-2.211022E+01 -3.303218E+00 6.839245E-04 
-1.390729E+01 -2.124434E+00 9.040745E-11 
-2.673588E+01 -3.262868E+00 1.583325E-03 
-3.541608E+01 -2.530617E+00 9.947753E-04 
-2.276146E+01 -3.717196E+00 2.421320E-03 
-2.559959E+01 -2.749043E+00 4.108295E-04 
-1.408873E+01 -2.248558E+00 4.276121E-10 
-1.821123E+01 -2.381219E+00 2.732397E-05 
-2.790598E+01 -3.138167E+00 1.446581E-03 
-1.995949E+01 -3.454511E+00 5.607054E-04 
-2.953449E+01 -7.704668E-01 2.460257E-09 
-3.250705E+01 -2.110113E+00 1.753896E-04 
-2.577070E+01 -3.613688E+00 2.411022E-03 
-2.408302E+01 -3.377975E+00 1.277563E-03 
-2.951438E+01 -2.956107E+00 1.131238E-03 
-3.549172E+01 -2.248721E+00 4.688075E-04 
-2.237104E+01 -3.015689E+00 3.694761E-04 
-2.556338E+01 -3.394261E+00 1.718431E-03 
-3.014616E+01 -3.185130E+00 2.113776E-03 
-3.197418E+01 -2.265342E+00 2.556613E-04 
-3.083483E+01 -2.170250E+00 1.252151E-04 
-2.332882E+01 -3.148319E+00 8.081782E-04 
-3.460226E+01 -2.164158E+00 3.111289E-04 
-1.747686E+01 -3.793201E+00 1.271587E-03 
-3.483032E+01 -2.574983E+00 8.742567E-04 
-1.971089E+01 -2.955633E+00 1.473551E-04 
-2.731054E+01 -2.806478E+00 5.571675E-04 
-2.715166E+01 -3.240699E+00 1.485372E-03 
-2.417250E+01 -2.621095E+00 1.374448E-04 
-2.981243E+01 -3.308040E+00 2.388260E-03 
-2.935994E+01 -2.750189E+00 8.265611E-04 
-3.077909E+01 -2.912548E+00 1.100552E-03 
-1.864549E+01 -3.929869E+00 1.893356E-03 
-1.664949E+01 -2.270371E+00 3.710088E-06 
-2.227561E+01 -3.464265E+00 1.430982E-03 
-3.088949E+01 -1.907937E+00 1.070203E-05 
-2.707786E+01 -2.704612E+00 5.294012E-04 
-1.293011E+01 -3.485098E+00 6.034985E-04 
-2.567177E+01 -2.190159E+00 3.300851E-05 
-1.563087E+01 -2.161141E+00 1.285820E-08 
-2.806279E+01 -2.955998E+00 1.125840E-03 
-2.254588E+01 -3.508651E+00 1.516323E-03 
-2.257221E+01 -3.444867E+00 1.179903E-03 
-2.838681E+01 -3.189124E+00 1.622254E-03 
-2.262848E+01 -3.283837E+00 8.586274E-04 
-2.689085E+01 -2.657978E+00 4.215589E-04 
-2.970260E+01 -2.638230E+00 6.355724E-04 
-3.153239E+01 -2.318399E+00 2.762814E-04 
-2.736251E+01 -2.102515E+00 1.053082E-05 
-2.917557E+01 -2.557848E+00 4.328181E-04 
-2.573981E+01 -3.026433E+00 9.649126E-04 
-2.813905E+01 -3.174382E+00 1.585450E-03 
-3.455888E+01 -2.413882E+00 6.661866E-04 
-3.225763E+01 -2.084327E+00 8.561699E-05 
-3.678731E+01 -2.131339E+00 7.940562E-04 
-2.237906E+01 -3.087357E+00 3.966027E-04 
-1.562987E+01 -3.621144E+00 9.098584E-04 
-1.926781E+01 -3.933753E+00 2.023016E-03 
-3.139763E+01 -2.318870E+00 3.430143E-04 
-2.220031E+01 -3.576263E+00 1.474647E-03 
-3.057738E+01 -2.804427E+00 9.938424E-04 
-3.569895E+01 -2.673879E+00 1.434471E-03 
-3.006968E+01 -2.181075E+00 1.663340E-04 
-3.133667E+01 -2.739926E+00 1.015542E-03 
-2.658571E+01 -3.104363E+00 1.063353E-03 
-2.736073E+01 -1.898609E+00 1.007282E-06 
-3.217900E+01 -3.096861E+00 2.303608E-03 
-2.811734E+01 -3.263317E+00 1.825489E-03 
-3.108045E+01 -1.646412E+00 8.374137E-08 
-2.920166E+01 -2.803653E+00 8.107984E-04 
-2.019296E+01 -3.529003E+00 7.452459E-04 
-1.520047E+01 -8.604947E-01 8.040365E-13 
-1.954158E+01 -3.922005E+00 2.249083E-03 
-1.141283E+01 -4.889751E+00 8.384952E-03 
-2.498546E+01 -3.029728E+00 6.461842E-04 
-2.483101E+01 -3.258576E+00 1.368041E-03 
-2.204463E+01 -3.839677E+00 2.199672E-03 
-3.285910E+01 -2.786234E+00 1.189400E-03 
-3.324236E+01 -1.042301E+00 1.915745E-05 
-1.714521E+01 -9.044456E-02 9.196966E-12 
-2.146475E+01 -3.146460E+00 4.291538E-04 
-2.497168E+01 -3.255488E+00 1.172137E-03 
-3.234196E+01 -2.824871E+00 1.218655E-03 
-3.592565E+01 -2.324946E+00 5.686174E-04 
-2.874508E+01 -2.816553E+00 8.288759E-04 
-3.312821E+01 -2.482131E+00 6.164098E-04 
-2.511918E+01 -3.543113E+00 2.400366E-03 
-2.265724E+01 -3.715801E+00 2.246367E-03 
-2.333548E+01 -3.611697E+00 1.944647E-03 
-3.313835E+01 -2.643234E+00 7.992575E-04 
-3.835085E+01 -3.991723E-02 7.103317E-04 
-2.911321E+01 -2.881940E+00 9.258738E-04 
-2.795698E+01 -3.002589E+00 1.124255E-03 
-3.140229E+01 -2.641531E+00 7.893915E-04 
-2.681969E+01 -2.819059E+00 7.554874E-04 
-2.011431E+01 -3.972449E+00 2.383758E-03 
-2.329601E+01 -3.258104E+00 9.026561E-04 
-1.702904E+01 -3.245300E+00 8.570477E-05 
-2.862769E+01 -3.295024E+00 2.272645E-03 
-2.565030E+01 -3.424392E+00 1.999947E-03 
-3.295407E+01 -2.666761E+00 8.732596E-04 
-3.378323E+01 -2.181382E+00 2.410817E-04 
-2.467760E+01 -3.692797E+00 2.700697E-03 
-3.292858E+01 -3.010797E+00 1.754970E-03 
-2.636257E+01 -2.294923E+00 9.052616E-05 
-2.540787E+01 -2.571263E+00 1.764724E-04 
-2.427809E+01 -3.396369E+00 1.307113E-03 
-2.199404E+01 -3.868315E+00 2.276240E-03 
-3.180799E+01 -2.882122E+00 1.373935E-03 
-2.049903E+01 -1.570351E+00 1.826486E-09 
-2.271349E+01 -3.237540E+00 5.970796E-04 
-2.530350E+01 -3.399751E+00 1.626272E-03 
-2.782496E+01 -3.202732E+00 1.411305E-03 
-2.111537E+01 -9.571113E-01 8.531114E-10 
-2.151166E+01 -3.424261E+00 7.365869E-04 
-1.942644E+01 -3.664495E+00 1.120875E-03 
-2.470785E+01 -3.498270E+00 1.700338E-03 
-2.210351E+01 -3.472300E+00 1.323068E-03 
-2.282180E+01 -3.640715E+00 1.528563E-03 
-2.303829E+01 -2.967575E+00 2.685470E-04 
-2.647111E+01 -2.925569E+00 7.426561E-04 
-3.172797E+01 -3.014342E+00 1.938254E-03 
-3.151764E+01 -2.493844E+00 4.867743E-04 
-1.953686E+01 -3.820635E+00 2.003265E-03 
-2.474290E+01 -3.359992E+00 1.445579E-03 
-2.543423E+01 -1.083918E+00 1.184271E-08 
-2.110364E+01 -3.532153E+00 1.469595E-03 
-1.977539E+01 -3.847998E+00 2.031914E-03 
-3.022378E+01 -1.659146E+00 1.748792E-07 
-3.253688E+01 -2.264573E+00 3.748105E-04 
-1.996545E+01 -3.486389E+00 7.336084E-04 
-3.157323E+01 -2.973649E+00 1.754580E-03 
-3.034662E+01 -2.167029E+00 4.982739E-05 
-2.569586E+01 -3.483754E+00 2.318355E-03 
-1.806704E+01 -3.581337E+00 8.804699E-04 
-2.675834E+01 -2.568985E+00 2.408652E-04 
-3.045365E+01 -2.371440E+00 3.099437E-04 
-2.902358E+01 -3.260190E+00 1.887623E-03 
-3.331480E+01 -1.207123E-01 4.870323E-09 
-2.867042E+01 -2.348267E+00 1.333376E-04 
-3.002527E+01 -2.547414E+00 5.912561E-04 
-2.080901E+01 -3.545062E+00 8.432405E-04 
-2.304258E+01 -2.256117E+00 6.688797E-05 
-1.835119E+01 -3.755720E+00 1.014926E-03 
-3.367002E+01 -2.984634E+00 2.044031E-03 
-2.494830E+01 -3.495394E+00 1.845187E-03 
-1.134846E+01 -3.109096E+00 7.597765E-05 
-3.543016E+01 -2.308195E+00 4.338479E-04 
-3.214728E+01 -1.702249E+00 4.942628E-06 
-2.033817E+01 -3.600689E+00 1.230834E-03 
-2.747102E+01 -2.588685E+00 4.264363E-04 
-2.482502E+01 -3.590570E+00 1.904155E-03 
-3.343131E+01 -2.866692E+00 1.612737E-03 
-3.166035E+01 -2.905845E+00 1.543516E-03 
-3.144127E+01 -2.894764E+00 1.305777E-03 
-3.207826E+01 -2.120011E+00 1.285215E-04 
-2.901554E+01 -3.108634E+00 1.459088E-03 
-2.867435E+01 -3.032428E+00 1.299167E-03 
-3.149260E+01 -2.374398E+00 3.862239E-04 
-3.256689E+01 -2.588079E+00 7.652409E-04 
-2.703034E+01 -3.241496E+00 1.599281E-03 
-3.111671E+01 -2.996059E+00 1.356378E-03 
-2.915170E+01 -2.032282E+00 9.334492E-06 
-1.941583E+01 -3.949984E+00 2.266018E-03 
-3.244236E+01 -2.301430E+00 2.784010E-04 
-2.805765E+01 -3.131390E+00 1.288182E-03 
-3.127179E+01 -2.529646E+00 4.770580E-04 
-2.312147E+01 -3.712291E+00 2.546581E-03 
-2.015080E+01 -2.288336E+00 1.387641E-05 
-2.403614E+01 -3.552406E+00 1.807466E-03 
-2.357629E+01 -2.987644E+00 3.248729E-04 
-2.890072E+01 -2.509189E+00 3.373748E-04 
-3.092398E+01 -1.012371E+00 1.011816E-08 
-2.978563E+01 -2.933813E+00 1.109448E-03 
-2.912998E+01 -3.063291E+00 1.337287E-03 
-2.193711E+01 -3.163517E+00 4.327118E-04 
-2.376896E+01 -3.338490E+00 1.103694E-03 
-3.363443E+01 -7.392349E-01 6.596727E-06 
-2.680423E+01 -2.174034E+00 6.733793E-05 
-2.903328E+01 -3.270832E+00 2.324090E-03 
-1.995843E+01 -2.868819E+00 2.939633E-05 
-2.524045E+01 -3.525607E+00 2.267745E-03 
-3.234865E+01 -1.637086E+00 1.431841E-07 
-1.900968E+01 -3.428898E+00 4.209401E-04 
-3.365955E+01 -2.036095E+00 2.227412E-04 
-2.322221E+01 -3.601987E+00 1.776112E-03 
-2.790811E+01 -2.435831E+00 2.469082E-04 
-1.219559E+01 -2.657511E+00 2.180502E-06 
-2.684215E+01 -3.529016E+00 2.734384E-03 
-2.478325E+01 -3.482903E+00 1.743016E-03 
-2.948628E+01 -2.168644E+00 1.101305E-04 
-2.020477E+01 -3.782378E+00 2.038111E-03 
-2.077363E+01 -3.561184E+00 1.321525E-03 
-2.447755E+01 -3.476477E+00 1.589536E-03 
-3.030082E+01 -3.073265E+00 1.555401E-03 
-2.860168E+01 -1.939097E+00 3.389027E-06 
-1.602586E+01 -3.804207E+00 1.526987E-03 
-3.043072E+01 -2.295886E+00 2.037017E-04 
-3.347405E+01 -2.908025E+00 1.710508E-03 
-2.417242E+01 -3.499804E+00 1.844647E-03 
-2.783274E+01 -3.053102E+00 1.104720E-03 
-2.852029E+01 -2.911989E+00 8.977413E-04 
-2.719872E+01 -3.099280E+00 1.200208E-03 
-2.554042E+01 -3.064190E+00 9.526840E-04 
-1.850690E+01 -3.602919E+00 8.835234E-04 
-3.076448E+01 -3.102793E+00 1.797760E-03 
-2.623519E+01 -2.511813E+00 2.234690E-04 
-2.025047E+01 -3.183972E+00 3.455972E-04 
-3.508933E+01 -2.651596E+00 1.150075E-03 
-2.667658E+01 -2.688042E+00 3.209646E-04 
-2.585683E+01 -3.610757E+00 2.777993E-03 
-3.378976E+01 -2.417476E+00 5.427270E-04 
-3.073524E+01 -2.554352E+00 6.390990E-04 
-3.221186E+01 -2.383967E+00 5.011208E-04 
-3.141559E+01 -2.730241E+00 9.845322E-04 
-2.985193E+01 -1.776364E+00 8.922608E-06 
-3.541618E+01 -2.940828E+00 1.925421E-03 
-3.556571E+01 -2.129196E+00 3.384599E-04 
-2.585335E+01 -2.989275E+00 6.572615E-04 
-3.092340E+01 -2.147091E+00 9.587787E-05 
-2.502720E+01 -3.403688E+00 1.736854E-03 
-2.432378E+01 -3.105808E+00 8.427812E-04 
-1.935616E+01 -4.085864E+00 2.338400E-03 
-2.490353E+01 -2.164136E+00 2.229642E-06 
-2.487443E+01 -2.763071E+00 3.899196E-04 
-3.281919E+01 -2.554417E+00 6.921479E-04 
-3.525387E+01 -2.436607E+00 8.745634E-04 
-2.229092E+01 -3.242013E+00 7.705133E-04 
-3.067652E+01 -2.679722E+00 7.697536E-04 
-2.411061E+01 -3.392646E+00 1.289842E-03 
-2.811552E+01 -8.018537E-01 1.463195E-10 
-2.695537E+01 -2.817678E+00 6.516906E-04 
-1.892548E+01 -3.870250E+00 1.804203E-03 
-2.806976E+01 -3.243487E+00 1.664343E-03 
-3.026248E+01 -2.971999E+00 1.218427E-03 
-2.378531E+01 -2.661807E+00 1.818855E-04 
-2.690460E+01 -2.755061E+00 4.447218E-04 
-2.671347E+01 -3.080472E+00 1.145774E-03 
-2.799273E+01 -2.849770E+00 7.736646E-04 
-2.544235E+01 -2.230892E+00 7.822992E-05 
-2.632060E+01 -2.932787E+00 8.522329E-04 
-1.988938E+01 -3.878737E+00 2.176903E-03 
-2.297942E+01 -3.206056E+00 7.382073E-04 
-2.835824E+01 -2.717068E+00 5.771820E-04 
-2.908943E+01 -2.306494E+00 1.473682E-04 
-3.185263E+01 -2.736439E+00 1.019037E-03 
-2.772316E+01 -3.054493E+00 1.232744E-03 
-1.891308E+01 -3.697283E+00 1.007778E-03 
-2.009115E+01 -3.240382E+00 3.067837E-04 
-2.251984E+01 -2.679277E+00 8.529647E-05 
-2.774127E+01 -2.120805E+00 3.451295E-05 
-2.861161E+01 -2.487295E+00 3.151495E-04 
-3.071148E+01 -2.538712E+00 3.954247E-04 
-2.477666E+01 -1.825253E+00 4.294646E-09 
-2.294332E+01 -3.509830E+00 1.639580E-03 
-2.463530E+01 -3.633872E+00 2.360430E-03 
-1.728641E+01 -1.847374E+00 2.253308E-09 
-3.245360E+01 -2.845562E+00 1.309976E-03 
-3.352801E+01 -2.622872E+00 8.769476E-04 
-2.869277E+01 -2.527444E+00 3.539575E-04 
-2.959732E+01 -2.580351E+00 5.066717E-04 
-2.539776E+01 -3.451924E+00 1.916727E-03 
-2.115185E+01 -3.734442E+00 1.745329E-03 
-2.777744E+01 -2.770959E+00 6.653696E-04 
-3.125518E+01 -2.071586E+00 6.785772E-05 
-2.122148E+01 -2.864107E+00 1.783065E-04 
-2.909900E+01 -2.926213E+00 1.069243E-03 
-2.942032E+01 -2.412108E+00 3.363213E-04 
-3.596414E+01 -2.723109E+00 1.595767E-03 
-2.864011E+01 -2.396101E+00 3.353854E-04 
-3.432510E+01 -2.435978E+00 6.934881E-04 
-2.208519E+01 -3.720481E+00 2.047148E-03 
-3.126594E+01 -2.830637E+00 1.170867E-03 
-3.394952E+01 -3.089103E+00 2.240774E-03 
-1.487190E+01 -3.595910E+00 7.937455E-04 
-2.236796E+01 -9.495105E-01 2.089892E-09 
-3.342854E+01 -3.062229E+00 2.219045E-03 
-2.917730E+01 -2.628421E+00 5.764213E-04 
-3.031841E+01 -3.108323E+00 1.835127E-03 
-2.988153E+01 -2.881286E+00 1.068292E-03 
-2.632543E+01 -3.017737E+00 8.805831E-04 
-2.888966E+01 -2.983974E+00 1.193618E-03 
-3.139559E+01 -2.589505E+00 7.427805E-04 
-2.009644E+01 -4.083037E+00 2.415152E-03 
-3.258099E+01 -2.946364E+00 1.566443E-03 
-1.907331E+01 -4.008469E+00 2.014294E-03 
-3.180752E+01 -2.104308E+00 1.217263E-04 
-2.148952E+01 -3.130825E+00 4.149126E-04 
-2.792883E+01 -3.297997E+00 1.715386E-03 
-2.042535E+01 -1.212645E+00 2.348970E-10 
-2.902969E+01 -2.676945E+00 7.200571E-04 
-2.263275E+01 -3.021480E+00 4.626903E-04 
-2.564438E+01 -2.947789E+00 5.980138E-04 
-2.426566E+01 -3.609821E+00 2.104921E-03 
-2.364407E+01 -3.053527E+00 7.107873E-04 
-2.922752E+01 -3.137925E+00 1.712849E-03 
-2.860972E+01 -2.261336E+00 1.013687E-04 
-2.725357E+01 -3.012697E+00 1.050034E-03 
-2.278734E+01 -3.108937E+00 4.904560E-04 
-3.298884E+01 -1.992790E+00 1.176155E-04 
-2.888249E+01 -2.353707E+00 2.588635E-04 
-2.568166E+01 -3.502815E+00 2.074643E-03 
-2.014464E+01 -3.792320E+00 1.579603E-03 
-2.631466E+01 -2.031087E+00 5.003132E-07 
-2.483329E+01 -3.056855E+00 7.244170E-04 
-2.425271E+01 -2.959634E+00 5.980444E-04 
-3.486556E+01 -2.102202E+00 2.919973E-04 
-2.741604E+01 -2.923570E+00 8.886450E-04 
-1.872339E+01 -3.757543E+00 1.436250E-03 
-1.251269E+01 -2.507487E+00 6.365480E-08 
-2.614909E+01 -3.027928E+00 1.005894E-03 
-1.688177E+01 -1.878498E+00 1.863973E-10 
-1.511080E+01 -2.299958E+00 1.096961E-08 
-2.534550E+01 -3.074549E+00 1.018818E-03 
-2.584433E+01 -3.172389E+00 1.102136E-03 
-2.075624E+01 -3.569339E+00 1.419553E-03 
-1.987121E+01 -3.053438E+00 2.977789E-04 
-3.133294E+01 -3.040907E+00 1.600789E-03 
-1.215248E+01 -2.601849E+00 1.263626E-06 
-2.794973E+01 -2.948814E+00 9.398754E-04 
-2.259670E+01 -3.967632E+00 2.694734E-03 
-2.986886E+01 -2.756224E+00 8.679403E-04 
-2.246561E+01 -3.155450E+00 5.177562E-04 
-1.806200E+01 -2.924668E+00 4.616379E-06 
-2.294184E+01 -3.456816E+00 1.511609E-03 
-3.375327E+01 -2.718702E+00 1.130274E-03 
-1.924068E+01 -1.030109E+00 1.012198E-10 
-1.874189E+01 -3.091606E+00 2.030315E-04 
-2.905807E+01 -2.762499E+00 7.394231E-04 
-2.038211E+01 -2.921967E+00 1.222661E-04 
-1.672516E+01 -2.055212E+00 9.645036E-07 
-1.174040E+01 -2.562699E+00 1.490522E-07 
-2.339361E+01 -3.590995E+00 1.919082E-03 
-2.964021E+01 -2.000945E+00 2.140431E-05 
-3.295710E+01 -2.378582E+00 4.029658E-04 
-2.119973E+01 -3.459659E+00 9.576354E-04 
-2.655640E+01 -3.110247E+00 1.186821E-03 
-3.498643E+01 -2.455816E+00 8.973229E-04 
-3.401152E+01 -2.196433E+00 3.605103E-04 
-2.169152E+01 -3.495009E+00 1.420230E-03 
-2.708615E+01 -2.565496E+00 3.499679E-04 
-3.083231E+01 -2.351322E+00 2.251097E-04 
-2.846469E+01 -3.207323E+00 1.818838E-03 
-1.703755E+01 -3.649048E+00 1.003145E-03 
-3.337643E+01 -2.844088E+00 1.277270E-03 
-2.132872E+01 -3.207255E+00 4.859184E-04 
-2.642349E+01 -3.310138E+00 1.427026E-03 
-3.413246E+01 1.477909E-01 2.581223E-07 
-3.194137E+01 -5.857364E-01 1.451695E-10 
-2.188410E+01 -3.435121E+00 9.102615E-04 
-2.305416E+01 -2.179108E+00 1.913481E-05 
-3.168733E+01 -2.454300E+00 5.495186E-04 
-3.047528E+01 -2.366625E+00 3.483069E-04 
-1.651432E+01 -2.110111E+00 2.596903E-08 
-3.200971E+01 -2.706899E+00 8.319342E-04 
-3.177437E+01 -2.047597E+00 6.083007E-05 
-1.694252E+01 -3.834356E+00 1.734227E-03 
-2.403476E+01 -2.193166E+00 4.416758E-05 
-3.486562E+01 -2.800239E+00 1.513964E-03 
-1.614793E+01 -3.585769E+00 8.562595E-04 
-2.965180E+01 -1.881077E+00 2.578470E-06 
-2.136024E+01 -6.082474E-01 5.747642E-11 
-3.224487E+01 -1.004313E+00 5.262413E-08 
-1.311581E+01 -2.364157E+00 6.458275E-09 
-1.367504E+01 -2.458430E+00 2.628040E-06 
-1.997486E+01 -2.942218E+00 7.870418E-05 
-2.917389E+01 -3.187484E+00 2.127278E-03 
-2.018455E+01 -3.748785E+00 1.448447E-03 
-3.095803E+01 -3.142856E+00 1.886116E-03 
-3.043873E+01 -2.588065E+00 6.418925E-04 
-1.151840E+01 -2.958377E+00 2.689660E-05 
-2.603075E+01 -2.902187E+00 6.206121E-04 
-3.343230E+01 -2.432715E+00 5.365546E-04 
-2.502660E+01 -3.229316E+00 1.372901E-03 
-2.669800E+01 -3.174881E+00 1.352141E-03 
-2.491770E+01 -3.035349E+00 8.123268E-04 
-1.778994E+01 -3.389178E+00 1.930879E-04 
-1.751281E+01 -1.075130E+00 5.328608E-11 
-2.927317E+01 -1.816006E+00 1.178740E-07 
-2.415574E+01 -2.757360E+00 2.535048E-04 
-1.428961E+01 -2.331677E+00 7.707865E-07 
-2.061558E+01 -2.989918E+00 2.087075E-04 
-3.033030E+01 -2.432792E+00 3.418451E-04 
-2.514541E+01 -3.202458E+00 1.206955E-03 
-2.065346E+01 -3.675603E+00 1.664587E-03 
-2.961331E+01 -2.870225E+00 9.815074E-04 
-3.132845E+01 -3.058888E+00 1.795140E-03 
-2.537141E+01 -3.329967E+00 1.443313E-03 
-2.835333E+01 -2.768438E+00 7.235323E-04 
-1.946707E+01 -1.708314E+00 2.882711E-09 
-3.404129E+01 -2.492181E+00 7.388033E-04 
-1.922777E+01 -3.830570E+00 1.693476E-03 
-2.187384E+01 -2.200669E+00 7.879255E-06 
-2.408799E+01 -3.435131E+00 1.500217E-03 
-2.535853E+01 -2.000992E+00 9.059056E-09 
-3.284699E+01 -2.238328E+00 1.831421E-04 
-1.883040E+01 -3.566124E+00 6.549052E-04 
-2.749853E+01 -3.335104E+00 2.045054E-03 
-1.330289E+01 -2.491066E+00 9.176852E-07 
-2.647038E+01 -3.392504E+00 2.481136E-03 
-2.748657E+01 -3.441771E+00 2.669483E-03 
-2.902950E+01 -3.122292E+00 1.621377E-03 
-2.987837E+01 -3.100702E+00 1.466617E-03 
-2.673170E+01 -2.229943E+00 7.000998E-05 
-1.664251E+01 -3.457669E+00 3.011648E-04 
-2.026235E+01 -3.758548E+00 1.841820E-03 
-3.006229E+01 -2.834905E+00 9.478005E-04 
-2.336684E+01 -3.181004E+00 8.318333E-04 
-2.836448E+01 -3.042246E+00 1.223627E-03 
-1.554240E+01 -2.220213E+00 9.687992E-10 
-1.758857E+01 -3.480181E+00 4.391574E-04 
-2.069968E+01 -3.742934E+00 2.001575E-03 
-1.951446E+01 -4.016717E+00 2.394682E-03 
-2.122285E+01 -3.767540E+00 2.131983E-03 
-3.667082E+01 -1.775280E+00 2.475370E-05 
-3.307443E+01 -1.699017E+00 2.670690E-07 
-2.468953E+01 -2.580842E+00 3.108571E-04 
-2.334717E+01 -3.111991E+00 7.324561E-04 
-2.424967E+01 -3.309960E+00 1.081661E-03 
-2.585509E+01 -3.125433E+00 1.082423E-03 
-2.765267E+01 -3.340817E+00 2.397634E-03 
-2.408114E+01 -3.162981E+00 9.960853E-04 
-2.179722E+01 -2.245034E+00 2.287981E-05 
-2.174302E+01 -3.465648E+00 1.160389E-03 
-3.133977E+01 -1.960162E+00 2.948776E-05 
-2.821287E+01 -2.629703E+00 4.538240E-04 
-2.545321E+01 -2.418982E+00 9.603934E-05 
-2.673937E+01 -2.801266E+00 5.237201E-04 
-3.056917E+01 -1.980825E+00 3.300469E-05 
-2.633610E+01 -2.002458E+00 1.983950E-07 
-2.290019E+01 -2.321502E+00 3.806451E-05 
-2.128522E+01 -3.662274E+00 1.834213E-03 
-2.217471E+01 -3.662816E+00 1.961427E-03 
-1.678120E+01 -1.926126E+00 7.793641E-10 
-2.102636E+01 -3.296648E+00 5.279125E-04 
-3.664233E+01 -2.257935E+00 6.579665E-04 
-2.072745E+01 -2.464823E+00 8.336896E-05 
-2.160154E+01 -3.317946E+00 8.766469E-04 
-1.663761E+01 -2.208763E+00 4.940211E-07 
-2.850412E+01 -1.894217E+00 3.997937E-08 
-2.616856E+01 -3.209055E+00 1.222659E-03 
-2.401121E+01 -3.029462E+00 5.830401E-04 
-3.138258E+01 -2.819632E+00 1.080705E-03 
-2.691451E+01 -3.142305E+00 1.258598E-03 
-2.317718E+01 -2.286251E+00 7.371253E-05 
-2.565434E+01 -2.331504E+00 1.088711E-04 
-2.789234E+01 -2.863231E+00 8.821752E-04 
-2.495728E+01 -3.009402E+00 6.151003E-04 
-3.333672E+01 -1.975360E+00 9.884353E-05 
-3.650563E+01 -2.209690E+00 4.949189E-04 
-3.422955E+01 -2.223603E+00 3.650899E-04 
-2.316116E+01 -3.690943E+00 2.303110E-03 
-3.148092E+01 -2.245212E+00 1.974148E-04 
-2.638316E+01 -3.155893E+00 1.091037E-03 
-2.599648E+01 -3.342800E+00 1.493886E-03 
-1.855736E+01 -3.071806E+00 3.644183E-05 
-2.170190E+01 -2.762341E+00 1.179136E-04 
-2.694286E+01 -3.005912E+00 8.930423E-04 
-3.107012E+01 -2.966648E+00 1.343529E-03 
-3.492234E+01 -2.761498E+00 1.412705E-03 
-2.459277E+01 -2.957361E+00 3.481812E-04 
-3.546371E+01 -1.081125E-01 6.127693E-06 
-1.857380E+01 -3.733894E+00 1.071481E-03 
-1.313254E+01 -2.472730E+00 8.486827E-09 
-2.836280E+01 -2.820879E+00 7.615091E-04 
-2.476051E+01 -3.305085E+00 1.296132E-03 
-2.395324E+01 -3.200134E+00 9.902620E-04 
-3.570778E+01 -2.361673E+00 8.031011E-04 
-1.938737E+01 -4.106328E+00 2.522218E-03 
-2.494239E+01 -3.153816E+00 1.024866E-03 
-3.344264E+01 -2.092790E+00 1.336496E-04 
-2.971955E+01 -2.710792E+00 7.275167E-04 
-3.621960E+01 -2.277676E+00 8.096302E-04 
-2.569697E+01 -2.809549E+00 4.250013E-04 
-2.744745E+01 -3.392038E+00 1.665504E-03 
-2.345632E+01 -3.409932E+00 1.030155E-03 
-3.162583E+01 -1.957037E+00 3.846380E-05 
-3.091862E+01 -3.246737E+00 2.259243E-03 
-3.166436E+01 -1.328874E-02 1.421318E-13 
-2.769927E+01 -2.447500E+00 1.688239E-04 
-4.243455E+01 -3.889227E-02 2.954824E-07 
-4.257087E+01 -7.261086E-02 7.192027E-04 
-2.295514E+01 -3.429707E+00 1.015527E-03 
