-4.395690E+01 -8.953905E-02 1.663305E-07 
-3.750299E+01 -1.929319E+00 6.069307E-03 
-7.607290E+01 -9.171009E-02 3.750952E-06 
-1.281702E+01 -9.422430E-01 9.506739E-04 
-4.498130E+01 -2.170435E+00 1.137576E-02 
-6.659681E+01 -1.250534E-01 4.872621E-07 
-4.503233E+01 -1.350369E-01 2.515410E-05 
-7.379633E+00 -1.865175E+00 1.245206E-03 
-8.718477E+00 -1.385624E+00 4.641733E-04 
-2.578300E+01 -1.573352E+00 2.258672E-03 
-2.376107E+01 -1.562343E-01 7.617430E-05 
-3.331403E+01 -2.006639E+00 8.285639E-03 
-1.187963E+02 -6.826009E-01 5.089150E-03 
-5.123886E+01 2.326012E-03 3.602932E-08 
-5.501153E+01 -1.268158E-01 3.325267E-07 
-9.860273E+00 -5.719552E-01 1.849354E-04 
-4.076571E+01 -8.832026E-02 3.655657E-08 
-3.372254E+01 3.956556E-03 1.191278E-09 
-1.060777E+01 -1.157253E+00 2.852091E-04 
-8.431228E+01 -1.656704E-01 1.060216E-03 
-7.300184E+00 -1.141602E+00 1.664162E-04 
-6.982354E+01 -1.234374E-01 1.735384E-06 
-4.069083E+01 -1.919676E+00 8.352493E-03 
-4.047727E+01 -1.362429E-01 2.710947E-05 
-1.010940E+01 -1.727282E+00 1.439449E-03 
-5.385341E+01 -2.833221E+00 1.574320E-02 
-7.781271E+01 -1.132878E-01 2.520564E-05 
-2.416424E+01 -1.459749E-01 1.121641E-06 
-4.677709E+01 -1.299620E-01 3.412003E-06 
-5.649824E+00 -4.780835E-01 6.674614E-06 
-1.133441E+01 -3.945395E+00 3.621447E-03 
-1.924309E+01 -1.138569E+00 1.371370E-03 
-1.332470E+01 -7.090671E-01 7.290259E-04 
-3.785121E+01 -1.326323E-01 1.287152E-06 
-7.479253E+00 -1.105371E+00 8.190952E-05 
-2.184699E+01 -6.858158E-01 7.080989E-04 
-6.027645E+01 -1.245637E-01 3.298565E-07 
-7.494812E+00 -1.802027E+00 6.358968E-04 
-7.223756E+01 -1.200356E-01 2.313778E-05 
-3.998806E+01 -2.271222E+00 8.645426E-03 
-3.117700E+01 -1.350343E-01 1.110456E-06 
-3.303133E+01 -1.360193E-01 5.444218E-06 
-1.940737E+01 -1.590997E-01 3.261241E-05 
-2.374961E+01 -1.869404E+00 2.441141E-03 
-4.198843E+01 -1.956654E-02 1.656302E-08 
-9.430371E+00 -1.182523E+00 4.702385E-04 
-3.377831E+01 -1.260288E-01 2.969918E-07 
-4.122406E+01 -1.132283E-01 6.104004E-08 
-4.129652E+01 -1.317627E-01 1.080079E-06 
-2.793971E+01 -5.912275E-01 2.233729E-03 
-8.175397E+01 -1.257224E-01 4.373243E-04 
-6.762349E+01 -1.287289E-01 7.579127E-07 
-2.270862E+01 -2.312446E-02 1.986703E-08 
-3.362525E+01 -1.759443E+00 5.459549E-03 
-4.225976E+01 -2.469426E+00 1.059933E-02 
-8.908681E+01 -1.269929E-01 4.320047E-03 
-4.372438E+01 -9.019423E-02 5.993169E-08 
-8.465464E+01 -1.300898E-01 9.619600E-04 
-4.535269E+01 -1.301849E-01 7.824352E-06 
-1.864435E+01 -1.454060E-01 7.012866E-07 
-1.941246E+01 -2.095781E+00 3.655897E-03 
-4.116689E+01 -1.322265E-01 6.683932E-06 
-1.563954E+01 -3.220129E-01 1.643071E-05 
-8.098284E+01 -2.221045E-01 2.344602E-04 
-6.903024E+01 -1.261635E-01 2.494739E-06 
-2.196896E+01 -1.313643E-01 4.885744E-08 
-8.357225E+01 -1.405630E-01 6.364209E-04 
-5.420757E+01 -1.315577E-01 9.421776E-06 
-2.032957E+01 -1.463854E-01 2.737297E-05 
-8.910987E+01 -1.244454E-01 2.311796E-04 
-3.000159E+01 -1.955940E+00 6.630106E-03 
-4.887748E+01 -8.319546E-01 1.101934E-02 
-1.633072E+02 -1.228235E-01 9.414093E-04 
-5.780308E+01 -1.327176E-01 2.898567E-05 
-8.591543E+01 -1.230927E-01 1.693390E-04 
-1.039125E+01 -1.554147E+00 8.513982E-04 
-3.736040E+01 -1.497900E-01 1.501149E-04 
-3.437542E+01 -1.659977E+00 5.437145E-03 
-1.264834E+01 -3.784214E+00 5.585784E-03 
-6.628034E+01 -2.312827E-01 2.908086E-03 
-8.419650E+00 -4.764570E-01 1.499019E-05 
-1.517213E+01 -1.064868E-01 5.958327E-11 
-3.522737E+01 -1.340052E-01 1.149918E-05 
-7.936770E+01 -1.464888E-01 7.397652E-05 
-3.992033E+01 -1.052573E+00 8.320259E-03 
-3.764753E+01 -2.475325E+00 1.282084E-02 
-2.239924E+01 -2.313492E-01 2.026408E-03 
-8.971718E+01 -1.263266E-01 1.734307E-03 
-9.570229E+00 -9.340189E-01 1.176720E-04 
-5.112618E+00 -1.230760E+00 2.852155E-09 
-1.234818E+01 -7.318699E-01 4.698511E-04 
-8.295878E+00 -5.807821E-01 2.236337E-05 
-1.717960E+01 -1.151555E+00 1.729622E-03 
-3.486694E+01 -1.559803E+00 4.883506E-03 
-4.644055E+01 -1.273082E+00 1.451762E-02 
-2.888340E+01 -1.904663E+00 3.133991E-03 
-7.030961E+00 -1.732125E+00 4.119839E-05 
-7.219771E+01 -1.233869E-01 6.475255E-05 
-3.397159E+01 -8.028126E-02 2.184371E-08 
-8.726606E+01 -1.130052E-01 2.267916E-04 
-3.342774E+01 -1.865541E+00 3.143613E-03 
-7.600621E+01 -1.142440E-01 3.589900E-07 
-5.440542E+00 -1.965879E-01 8.234637E-08 
-1.218916E+01 -4.496365E-01 1.227055E-04 
-1.115644E+01 -7.827487E-01 3.332313E-04 
-7.183287E+01 -1.295222E-01 2.550620E-06 
-1.342811E+01 -3.585184E-01 8.218586E-07 
-3.036956E+01 -1.406643E-01 2.695150E-07 
-1.595581E+01 -2.524986E-01 1.422128E-06 
-1.827725E+01 -1.921008E+00 1.745251E-03 
-7.777961E+00 -1.291971E+00 2.040350E-04 
-1.976025E+01 -1.320552E+00 2.200125E-03 
-1.223722E+01 -7.877681E-01 5.810224E-04 
-8.609979E+01 -1.442232E-01 1.618638E-03 
