-3.175853E+00 -2.347614E-01 1.849619E-04 
-3.607149E+01 -2.538526E+00 2.314808E-02 
-9.566341E+01 -1.249666E-01 1.540343E-02 
-2.974742E+01 -1.400384E+00 3.790576E-03 
-5.648735E+01 -1.284814E-01 1.243303E-03 
-7.668481E+01 -8.003378E-02 4.187076E-04 
-8.462322E+01 -1.177354E-01 2.311444E-03 
-7.431752E+01 -1.856189E-01 1.932999E-02 
-3.833421E+01 -1.458430E-01 8.964688E-04 
-9.469599E+01 -1.137991E-01 1.169462E-02 
-3.066550E+01 -1.629593E+00 1.222838E-02 
-8.864626E+01 -1.173272E-01 5.687330E-03 
-2.088786E+01 -1.441295E-01 5.566368E-04 
-5.123886E+01 2.326012E-03 3.602932E-08 
-1.712884E+01 -1.458856E+00 1.151164E-02 
-2.672835E+01 -1.516075E-01 5.684247E-04 
-7.137951E+01 -1.269741E-01 4.458985E-03 
-6.932645E+01 -1.249232E-01 1.705989E-05 
-6.501402E+01 -1.466310E-01 1.437649E-02 
-1.018315E+02 -1.146040E-01 1.219117E-02 
-7.395207E+01 -8.415890E-02 3.949451E-04 
-3.972455E+00 -8.742390E-01 2.124415E-03 
-1.046886E+02 -1.061625E-01 2.105911E-02 
-9.650883E+01 -8.300924E-02 1.148467E-02 
-4.353453E+01 -1.146255E-01 1.096780E-06 
-6.514902E+01 -1.272686E-01 6.294361E-03 
-9.462744E+01 -1.145568E-01 7.783906E-03 
-4.224401E+00 -2.741865E-01 1.025560E-03 
-6.867563E+01 -1.424246E-01 1.358556E-02 
-4.892751E+01 -1.302290E-01 1.491036E-05 
-1.884475E+01 -1.031881E+00 3.132986E-03 
-9.800768E+00 -1.915131E+00 3.219224E-03 
-9.300626E+01 -7.760096E-02 7.780084E-03 
-7.811780E+00 -1.442914E-01 3.452695E-04 
-8.958204E+01 -1.334138E-01 7.165994E-03 
-1.515775E+01 -1.715538E+00 7.390492E-03 
-4.932643E+01 -1.322675E-01 1.188419E-04 
-6.721523E+00 -1.571114E-01 1.007875E-03 
-2.024980E+01 -1.377234E+00 3.531753E-03 
-7.109101E+01 -1.214175E-01 4.311987E-05 
-3.117700E+01 -1.350343E-01 1.110456E-06 
-1.099217E+02 -9.635830E-02 2.939823E-02 
-8.504837E+01 -1.024151E-01 7.598217E-04 
-5.235605E+00 -3.219811E-01 1.404411E-03 
-2.642328E+01 -1.662612E+00 1.459627E-02 
-7.241329E+01 -1.262083E-01 6.640103E-03 
-6.509206E+01 -1.444235E-01 8.419225E-03 
-6.266642E+00 -3.023182E-01 1.240934E-03 
-4.786516E+01 -2.082496E-01 1.273766E-02 
-6.261688E+01 -1.785591E-01 2.167000E-03 
-8.175397E+01 -1.257224E-01 4.373243E-04 
-5.194110E+01 -1.311231E-01 5.324232E-04 
-2.270862E+01 -2.312446E-02 1.986703E-08 
-6.489243E+01 -1.325016E-01 1.774643E-03 
-1.413852E+01 -1.540695E-01 1.915775E-03 
-3.689086E+01 -1.317189E-01 1.868291E-05 
-4.372438E+01 -9.019423E-02 5.993169E-08 
-1.090850E+02 -7.834911E-02 1.201627E-02 
-7.123060E+01 -1.407604E-01 1.818023E-02 
-5.186370E+01 -1.353533E-01 9.683034E-04 
-1.129353E+01 1.508913E-01 7.397440E-09 
