-1.384236E+01 -4.735298E-01 1.073248E-05 
-4.923805E+01 -2.492042E+00 9.857235E-03 
-2.093687E+01 -1.547842E+00 2.011678E-03 
-5.077868E+01 -7.444961E-01 8.042747E-03 
-4.932714E+01 -1.151559E+00 8.065344E-03 
-6.659681E+01 -1.250534E-01 4.872621E-07 
-1.629920E+01 -1.215768E+00 3.116209E-04 
-2.230267E+01 -1.353856E+00 8.601143E-04 
-4.358343E+01 -2.145666E+00 8.780079E-03 
-2.578300E+01 -1.573352E+00 2.258672E-03 
-5.380767E+01 -2.538274E+00 1.100211E-02 
-3.778282E+01 -2.707354E+00 1.227704E-02 
-1.187963E+02 -6.826009E-01 5.089150E-03 
-3.397803E+01 -1.580256E+00 3.254315E-03 
-3.534315E+01 -1.953254E+00 3.951110E-03 
-6.245284E+01 -1.309304E-01 6.672397E-05 
-8.290368E+00 -8.641567E-01 6.053559E-07 
-1.261790E+01 -2.223270E+00 2.852642E-03 
-8.136803E+00 -2.436864E+00 1.619684E-03 
-8.431228E+01 -1.656704E-01 1.060216E-03 
-7.600715E+01 -1.104031E-01 2.220160E-05 
-6.982354E+01 -1.234374E-01 1.735384E-06 
-6.886219E+01 -2.586231E-01 2.565301E-04 
-1.186735E+01 -1.384822E+00 3.280255E-04 
-3.752202E+01 -1.799688E+00 3.451417E-03 
-5.385341E+01 -2.833221E+00 1.574320E-02 
-7.781271E+01 -1.132878E-01 2.520564E-05 
-2.416424E+01 -1.459749E-01 1.121641E-06 
-1.172894E+01 -1.420984E+00 4.067524E-05 
-1.245480E+01 -7.337676E-01 3.658869E-06 
-1.133441E+01 -3.945395E+00 3.621447E-03 
-4.322777E+01 -1.916362E+00 4.747617E-03 
-1.229904E+01 -1.094208E+00 1.059787E-05 
-6.572803E+00 -6.837578E-01 1.137576E-07 
-1.292332E+01 -3.724480E-01 1.866633E-07 
-3.403078E+01 -5.834653E-01 2.668246E-03 
-6.027645E+01 -1.245637E-01 3.298565E-07 
-3.125416E+01 -1.407294E+00 2.783055E-03 
-7.223756E+01 -1.200356E-01 2.313778E-05 
-3.921946E+01 -1.773496E+00 3.696900E-03 
-3.117700E+01 -1.350343E-01 1.110456E-06 
-2.849091E+01 -1.624159E+00 3.077419E-03 
-1.834523E+01 -2.498570E-01 9.646877E-06 
-2.374961E+01 -1.869404E+00 2.441141E-03 
-8.797788E+01 -1.423659E-01 4.954171E-03 
-8.609979E+01 -1.442232E-01 1.618638E-03 
-1.429928E+01 -1.494212E+00 7.945754E-04 
-4.250286E+01 -2.323921E+00 8.175233E-03 
-4.129652E+01 -1.317627E-01 1.080079E-06 
-3.744376E+01 -2.617631E+00 9.580030E-03 
-8.175397E+01 -1.257224E-01 4.373243E-04 
-6.762349E+01 -1.287289E-01 7.579127E-07 
-5.943256E+01 -1.969370E-01 1.006853E-05 
-8.829261E+01 -1.376591E-01 4.636923E-03 
-2.497273E+01 -1.601512E+00 2.516665E-03 
-8.908681E+01 -1.269929E-01 4.320047E-03 
-2.105406E+01 -1.479993E+00 1.275609E-03 
-8.465464E+01 -1.300898E-01 9.619600E-04 
-1.601457E+01 -1.592940E+00 1.100502E-03 
-1.864435E+01 -1.454060E-01 7.012866E-07 
-2.074472E+01 -1.261749E+00 3.220706E-04 
-9.222717E+00 -1.342469E+00 4.803284E-06 
-1.563954E+01 -3.220129E-01 1.643071E-05 
-8.098284E+01 -2.221045E-01 2.344602E-04 
-6.903024E+01 -1.261635E-01 2.494739E-06 
-4.132606E+01 -1.507518E-01 1.195438E-06 
-8.357225E+01 -1.405630E-01 6.364209E-04 
-5.420757E+01 -1.315577E-01 9.421776E-06 
-8.079332E+01 -1.036243E-01 2.409880E-05 
-8.910987E+01 -1.244454E-01 2.311796E-04 
-2.389852E+01 -2.391736E+00 3.153335E-03 
-7.734366E+01 -1.028223E-01 5.258719E-10 
-1.633072E+02 -1.228235E-01 9.414093E-04 
-5.029745E+01 -1.380715E-01 9.322312E-06 
-8.591543E+01 -1.230927E-01 1.693390E-04 
-1.752999E+01 -1.517236E-01 2.006968E-06 
-1.041506E+01 -1.678536E+00 4.306380E-05 
-3.308091E+01 -2.415755E+00 9.274676E-03 
-1.264834E+01 -3.784214E+00 5.585784E-03 
-9.991292E+00 -1.238528E+00 2.134604E-05 
-1.595581E+01 -2.524986E-01 1.422128E-06 
-1.517213E+01 -1.064868E-01 5.958327E-11 
-1.827725E+01 -1.921008E+00 1.745251E-03 
-7.936770E+01 -1.464888E-01 7.397652E-05 
-2.284323E+01 -1.300909E+00 8.666535E-04 
-1.951482E+01 -1.476580E+00 1.127070E-03 
-3.036956E+01 -1.406643E-01 2.695150E-07 
-8.971718E+01 -1.263266E-01 1.734307E-03 
-7.680026E+00 -2.059938E+00 7.597242E-04 
-5.112618E+00 -1.230760E+00 2.852155E-09 
-1.141283E+01 -4.889751E+00 8.384952E-03 
-2.967350E+01 -1.866931E+00 3.730251E-03 
-1.342811E+01 -3.585184E-01 8.218586E-07 
-2.237281E+01 -1.399612E+00 2.107686E-03 
-5.056748E+01 -2.936879E+00 1.689297E-02 
-2.888340E+01 -1.904663E+00 3.133991E-03 
-7.030961E+00 -1.732125E+00 4.119839E-05 
-7.219771E+01 -1.233869E-01 6.475255E-05 
-7.941846E+01 -1.041493E-01 1.142725E-05 
-8.726606E+01 -1.130052E-01 2.267916E-04 
-3.342774E+01 -1.865541E+00 3.143613E-03 
-7.600621E+01 -1.142440E-01 3.589900E-07 
-5.440542E+00 -1.965879E-01 8.234637E-08 
-3.262094E+01 -6.241632E-01 1.349022E-03 
-5.206732E+00 -5.089016E-01 8.941666E-09 
-7.183287E+01 -1.295222E-01 2.550620E-06 
-5.361351E+01 -1.305270E-01 3.630037E-10 
-1.593585E+01 -4.660521E-01 2.710350E-04 
-5.012606E+01 -2.690198E+00 1.221022E-02 
-1.289790E+01 -1.267158E+00 5.343083E-05 
-1.688234E+01 -2.110443E+00 1.628916E-03 
-5.664491E+01 -1.276877E-01 2.650501E-08 
-6.592091E+01 -1.231008E-01 1.894237E-08 
-2.549208E+01 -1.298717E+00 3.453488E-04 
-3.590800E+01 -1.323278E-01 1.114493E-08 
-5.255631E+01 -2.897958E+00 1.365677E-02 
-1.428547E+01 -5.683905E-01 2.366131E-04 
-1.135101E+01 -1.277688E+00 2.979670E-05 
-3.725656E+01 -2.013902E+00 4.550566E-03 
-4.018191E+01 -2.976604E+00 1.541746E-02 
-2.770837E+01 -1.311381E+00 1.781113E-03 
-4.368039E+01 -1.921126E+00 6.952942E-03 
-2.548057E+01 -1.358213E+00 1.102196E-03 
-2.919956E+01 -1.435077E+00 2.938424E-03 
-1.359891E+01 -1.905536E+00 6.022459E-04 
-4.625051E+01 -2.206022E+00 9.355872E-03 
-5.063661E+01 -3.044113E+00 1.733979E-02 
-4.248141E+01 -2.202321E+00 4.742222E-03 
-7.365056E+01 -1.223836E-01 7.192791E-05 
-1.625270E+01 -2.806914E+00 3.124558E-03 
-1.043502E+01 -1.500449E+00 4.880005E-04 
-3.089438E+01 -2.342036E+00 9.135189E-03 
-1.783058E+01 -3.532914E+00 3.376009E-03 
-3.798972E+01 -2.711236E+00 1.344945E-02 
-2.864889E+01 -1.457799E+00 2.382383E-03 
