-5.941366E+01 -2.596927E+00 8.166042E-03 
-6.026921E+01 -2.801982E+00 1.034560E-02 
-5.859691E+01 -2.417509E+00 7.749800E-03 
-8.997931E+01 -1.198215E-01 7.048261E-04 
-3.329736E+01 -2.567893E+00 4.210560E-03 
-6.659681E+01 -1.250534E-01 4.872621E-07 
-1.642231E+01 -2.034657E+00 3.555098E-04 
-1.928875E+01 -1.915579E+00 7.740959E-04 
-2.248835E+01 -2.142699E+00 8.247227E-04 
-1.531883E+01 -2.420280E+00 5.425511E-04 
-1.690333E+01 -2.439204E-01 2.977173E-06 
-3.301942E+01 -1.418600E+00 1.839056E-03 
-1.187963E+02 -6.826009E-01 5.089150E-03 
-1.963495E+01 -2.838975E+00 2.432114E-03 
-5.073502E+01 -2.704568E+00 7.532101E-03 
-6.245284E+01 -1.309304E-01 6.672397E-05 
-6.259217E+01 -2.595362E+00 1.023652E-02 
-4.368576E+01 -2.471222E+00 5.344929E-03 
-6.221881E+01 -8.770471E-01 7.313538E-03 
-8.431228E+01 -1.656704E-01 1.060216E-03 
-7.600715E+01 -1.104031E-01 2.220160E-05 
-6.982354E+01 -1.234374E-01 1.735384E-06 
-6.886219E+01 -2.586231E-01 2.565301E-04 
-1.752899E+01 -2.005460E+00 3.162960E-04 
-6.035847E+01 -2.508117E+00 8.357643E-03 
-6.053065E+01 -1.251169E+00 9.744469E-03 
-7.781271E+01 -1.132878E-01 2.520564E-05 
-2.416424E+01 -1.459749E-01 1.121641E-06 
-4.675605E+01 -8.112644E-01 3.829992E-03 
-2.952063E+01 -1.751107E+00 8.553453E-04 
-1.133441E+01 -3.945395E+00 3.621447E-03 
-2.888202E+01 -2.290693E+00 1.336267E-03 
-1.783058E+01 -3.532914E+00 3.376009E-03 
-1.432565E+01 -2.065232E+00 1.232003E-04 
-1.345208E+01 -1.828480E+00 7.598211E-05 
-8.120910E+01 -1.275635E-01 2.818834E-04 
-6.027645E+01 -1.245637E-01 3.298565E-07 
-3.592337E+01 -2.387685E+00 4.025663E-03 
-7.223756E+01 -1.200356E-01 2.313778E-05 
-2.344512E+01 -1.490366E+00 2.108214E-05 
-3.117700E+01 -1.350343E-01 1.110456E-06 
-1.355570E+01 -3.509583E+00 3.300554E-03 
-4.080635E+01 -1.086080E+00 1.780756E-03 
-3.103253E+01 -5.303701E-01 4.464850E-04 
-8.797788E+01 -1.423659E-01 4.954171E-03 
-8.609979E+01 -1.442232E-01 1.618638E-03 
-5.510614E+01 -1.187771E+00 7.540849E-03 
-7.380716E+01 -1.158218E-01 2.322797E-05 
-4.129652E+01 -1.317627E-01 1.080079E-06 
-2.512373E+01 -1.288285E+00 1.201986E-05 
-8.175397E+01 -1.257224E-01 4.373243E-04 
-6.762349E+01 -1.287289E-01 7.579127E-07 
-5.943256E+01 -1.969370E-01 1.006853E-05 
-8.829261E+01 -1.376591E-01 4.636923E-03 
-4.248141E+01 -2.202321E+00 4.742222E-03 
-3.852503E+01 -2.040319E+00 1.940367E-03 
-2.015265E+01 -1.603119E-01 3.280212E-06 
-8.465464E+01 -1.300898E-01 9.619600E-04 
-5.343995E+01 -1.189123E+00 6.993972E-03 
-1.864435E+01 -1.454060E-01 7.012866E-07 
-4.700473E+01 -3.231802E+00 1.657770E-02 
-2.295527E+01 -2.204431E+00 9.496931E-04 
-2.732450E+01 -8.218377E-01 1.303272E-04 
-8.098284E+01 -2.221045E-01 2.344602E-04 
-6.903024E+01 -1.261635E-01 2.494739E-06 
-4.132606E+01 -1.507518E-01 1.195438E-06 
-8.357225E+01 -1.405630E-01 6.364209E-04 
-5.420757E+01 -1.315577E-01 9.421776E-06 
-8.079332E+01 -1.036243E-01 2.409880E-05 
-8.910987E+01 -1.244454E-01 2.311796E-04 
-2.389852E+01 -2.391736E+00 3.153335E-03 
-7.734366E+01 -1.028223E-01 5.258719E-10 
-1.633072E+02 -1.228235E-01 9.414093E-04 
-5.029745E+01 -1.380715E-01 9.322312E-06 
-8.591543E+01 -1.230927E-01 1.693390E-04 
-1.752999E+01 -1.517236E-01 2.006968E-06 
-3.777892E+01 -2.163943E+00 4.445099E-03 
-1.690716E+01 -2.269150E+00 7.248259E-04 
-1.264834E+01 -3.784214E+00 5.585784E-03 
-5.113578E+01 -2.601470E+00 8.592826E-03 
-1.519100E+01 -2.916843E+00 1.180388E-03 
-1.517213E+01 -1.064868E-01 5.958327E-11 
-2.940579E+01 -1.897908E+00 3.603985E-04 
-7.936770E+01 -1.464888E-01 7.397652E-05 
-5.099864E+01 -2.295591E+00 6.447398E-03 
-6.039027E+01 -1.379370E+00 1.016251E-02 
-3.036956E+01 -1.406643E-01 2.695150E-07 
-8.971718E+01 -1.263266E-01 1.734307E-03 
-2.241893E+01 -2.774523E+00 9.427153E-04 
-5.112618E+00 -1.230760E+00 2.852155E-09 
-1.141283E+01 -4.889751E+00 8.384952E-03 
-3.027086E+01 -1.720520E+00 1.669009E-03 
-1.396845E+01 -2.602155E+00 2.983153E-04 
-7.365056E+01 -1.223836E-01 7.192791E-05 
-5.063055E+01 -7.391037E-01 3.723223E-03 
-4.668031E+01 -2.148131E+00 2.078927E-03 
-7.030961E+00 -1.732125E+00 4.119839E-05 
-7.219771E+01 -1.233869E-01 6.475255E-05 
-7.941846E+01 -1.041493E-01 1.142725E-05 
-8.726606E+01 -1.130052E-01 2.267916E-04 
-4.793306E+01 -1.960155E+00 5.658420E-03 
-7.600621E+01 -1.142440E-01 3.589900E-07 
-8.994806E+01 -1.293187E-01 3.694078E-03 
-3.262094E+01 -6.241632E-01 1.349022E-03 
-5.206732E+00 -5.089016E-01 8.941666E-09 
-7.183287E+01 -1.295222E-01 2.550620E-06 
-5.361351E+01 -1.305270E-01 3.630037E-10 
-4.784156E+01 -2.135430E+00 5.409205E-03 
-7.476826E+01 -3.005770E+00 1.284811E-02 
-1.886328E+01 -1.146419E+00 9.571449E-06 
-1.553689E+01 -2.019414E+00 1.807217E-04 
-5.664491E+01 -1.276877E-01 2.650501E-08 
-6.592091E+01 -1.231008E-01 1.894237E-08 
-2.549208E+01 -1.298717E+00 3.453488E-04 
-3.590800E+01 -1.323278E-01 1.114493E-08 
-6.372296E+01 -3.208709E+00 1.606646E-02 
-2.468088E+01 -1.499109E+00 9.724400E-05 
-3.020845E+01 -1.546308E+00 1.599767E-03 
-2.084861E+01 -4.458086E-01 7.752120E-06 
-5.051687E+01 -1.117356E+00 4.320552E-03 
-6.680511E+01 -2.817876E+00 1.204346E-02 
-5.902694E+01 -2.804779E+00 9.364528E-03 
-6.242586E+01 -8.573862E-01 8.168642E-03 
-3.159443E+01 -7.238892E-01 1.569998E-03 
-2.991086E+01 -1.507328E+00 3.809011E-04 
-4.338605E+01 -2.194815E+00 4.834274E-03 
-1.335852E+01 -1.680037E+00 4.217646E-05 
-1.677646E+01 -1.659579E+00 3.018993E-07 
-5.160225E+01 -1.169932E+00 4.614383E-03 
-1.272623E+01 -2.541131E+00 1.274857E-04 
-1.532714E+01 -1.014159E+00 9.711020E-09 
-1.403347E+01 -2.093647E+00 3.448215E-04 
-5.010179E+01 -2.670537E+00 5.982971E-03 
-7.332948E+01 -1.209126E-01 6.111700E-05 
-2.557409E+01 -2.050619E+00 7.910237E-04 
