-1.965460E+01 -1.362418E+00 5.751604E-06 
-1.621791E+01 -3.179464E+00 1.194989E-03 
-5.859691E+01 -2.417509E+00 7.749800E-03 
-8.997931E+01 -1.198215E-01 7.048261E-04 
-3.329736E+01 -2.567893E+00 4.210560E-03 
-6.659681E+01 -1.250534E-01 4.872621E-07 
-4.297173E+01 -2.409640E+00 2.371161E-03 
-5.798102E+01 -1.249269E+00 6.269773E-03 
-2.248835E+01 -2.142699E+00 8.247227E-04 
-4.465675E+01 -2.263745E+00 3.895948E-03 
-2.379208E+01 -2.638317E+00 1.560168E-03 
-4.106997E+01 -7.165236E-01 9.972429E-04 
-1.187963E+02 -6.826009E-01 5.089150E-03 
-4.685027E+01 -2.255926E+00 3.443561E-03 
-5.073502E+01 -2.704568E+00 7.532101E-03 
-6.245284E+01 -1.309304E-01 6.672397E-05 
-4.489870E+01 -2.537479E+00 5.175190E-03 
-2.883472E+01 -1.662645E+00 2.496741E-04 
-6.221881E+01 -8.770471E-01 7.313538E-03 
-8.431228E+01 -1.656704E-01 1.060216E-03 
-7.600715E+01 -1.104031E-01 2.220160E-05 
-6.982354E+01 -1.234374E-01 1.735384E-06 
-6.886219E+01 -2.586231E-01 2.565301E-04 
-1.404739E+01 -2.225727E+00 1.676309E-04 
-1.187970E+01 -2.024017E+00 7.065107E-07 
-4.878193E+01 -2.157706E+00 2.756350E-03 
-7.781271E+01 -1.132878E-01 2.520564E-05 
-3.978578E+01 -2.172800E+00 2.285222E-03 
-5.210753E+01 -2.658778E+00 7.755612E-03 
-1.399713E+01 -3.128273E+00 8.935753E-04 
-1.133441E+01 -3.945395E+00 3.621447E-03 
-1.151737E+01 -1.806656E+00 1.378726E-07 
-5.153520E+01 -2.420770E+00 5.038935E-03 
-4.999053E+01 -2.922440E+00 1.090361E-02 
-2.598513E+01 -1.653357E+00 1.121747E-04 
-8.120910E+01 -1.275635E-01 2.818834E-04 
-6.027645E+01 -1.245637E-01 3.298565E-07 
-3.189422E+01 -1.497035E+00 2.808117E-04 
-3.161391E+01 -2.419970E+00 1.217342E-03 
-1.560920E+01 -2.792963E+00 7.860741E-04 
-1.339998E+01 -1.969815E+00 1.236959E-05 
-1.794531E+01 -2.198696E+00 1.770963E-04 
-1.645429E+01 -2.469657E+00 4.830927E-04 
-5.010179E+01 -2.670537E+00 5.982971E-03 
-8.797788E+01 -1.423659E-01 4.954171E-03 
-8.609979E+01 -1.442232E-01 1.618638E-03 
-5.594792E+01 -2.468149E+00 6.447307E-03 
-5.687016E+01 -2.673578E+00 7.929376E-03 
-4.129652E+01 -1.317627E-01 1.080079E-06 
-2.512373E+01 -1.288285E+00 1.201986E-05 
-8.175397E+01 -1.257224E-01 4.373243E-04 
-6.762349E+01 -1.287289E-01 7.579127E-07 
-5.943256E+01 -1.969370E-01 1.006853E-05 
-8.829261E+01 -1.376591E-01 4.636923E-03 
-9.691660E+00 -2.840453E+00 4.666911E-04 
-1.559402E+01 -2.015583E+00 6.343030E-05 
-1.323684E+01 -1.971798E+00 1.604406E-05 
-8.465464E+01 -1.300898E-01 9.619600E-04 
-5.950549E+01 -1.304124E+00 6.889492E-03 
-1.532714E+01 -1.014159E+00 9.711020E-09 
-4.700473E+01 -3.231802E+00 1.657770E-02 
-2.295527E+01 -2.204431E+00 9.496931E-04 
-1.928439E+01 -1.636504E+00 8.248220E-05 
-8.098284E+01 -2.221045E-01 2.344602E-04 
-1.743304E+01 -1.451194E+00 2.181309E-07 
-4.132606E+01 -1.507518E-01 1.195438E-06 
-8.357225E+01 -1.405630E-01 6.364209E-04 
-5.420757E+01 -1.315577E-01 9.421776E-06 
-8.079332E+01 -1.036243E-01 2.409880E-05 
-8.910987E+01 -1.244454E-01 2.311796E-04 
-1.461797E+01 -1.717950E+00 7.349893E-06 
-7.734366E+01 -1.028223E-01 5.258719E-10 
-1.633072E+02 -1.228235E-01 9.414093E-04 
-5.029745E+01 -1.380715E-01 9.322312E-06 
-8.591543E+01 -1.230927E-01 1.693390E-04 
-2.418020E+01 -1.536807E+00 3.811626E-05 
-1.207379E+01 -2.259602E+00 7.231461E-07 
-6.005571E+01 -2.993166E+00 1.215173E-02 
-1.264834E+01 -3.784214E+00 5.585784E-03 
-6.505443E+01 -2.800835E+00 9.192823E-03 
-1.562210E+01 -2.105285E+00 1.414143E-04 
-1.517213E+01 -1.064868E-01 5.958327E-11 
-2.940579E+01 -1.897908E+00 3.603985E-04 
-7.936770E+01 -1.464888E-01 7.397652E-05 
-2.200270E+01 -2.221184E+00 8.715877E-04 
-3.098559E+01 -1.661586E+00 2.961040E-04 
-3.036956E+01 -1.406643E-01 2.695150E-07 
-8.971718E+01 -1.263266E-01 1.734307E-03 
-2.241893E+01 -2.774523E+00 9.427153E-04 
-5.112618E+00 -1.230760E+00 2.852155E-09 
-1.141283E+01 -4.889751E+00 8.384952E-03 
-7.367159E+01 -1.217380E-01 1.466376E-06 
-1.396845E+01 -2.602155E+00 2.983153E-04 
-1.341813E+01 -2.644037E+00 2.404208E-04 
-5.063055E+01 -7.391037E-01 3.723223E-03 
-4.668031E+01 -2.148131E+00 2.078927E-03 
-2.789647E+01 -2.549992E+00 2.576559E-03 
-5.849881E+01 -2.475910E+00 7.537324E-03 
-7.941846E+01 -1.041493E-01 1.142725E-05 
-8.726606E+01 -1.130052E-01 2.267916E-04 
-4.688568E+01 -1.020096E+00 2.297410E-03 
-7.600621E+01 -1.142440E-01 3.589900E-07 
-8.994806E+01 -1.293187E-01 3.694078E-03 
-8.725890E+01 -1.187143E-01 1.011127E-04 
-2.851672E+01 -2.451221E+00 1.104196E-03 
-7.183287E+01 -1.295222E-01 2.550620E-06 
-5.361351E+01 -1.305270E-01 3.630037E-10 
-1.561509E+01 -1.129880E+00 3.906646E-08 
-7.476826E+01 -3.005770E+00 1.284811E-02 
-1.695357E+01 -2.128544E+00 1.634106E-04 
-5.914634E+01 -3.053932E+00 1.522762E-02 
-5.664491E+01 -1.276877E-01 2.650501E-08 
-6.592091E+01 -1.231008E-01 1.894237E-08 
-3.739598E+01 -1.680990E+00 6.736350E-04 
-3.590800E+01 -1.323278E-01 1.114493E-08 
-6.372296E+01 -3.208709E+00 1.606646E-02 
-4.153653E+01 -1.934601E+00 1.293571E-03 
-1.393625E+01 -1.707970E+00 2.138500E-06 
-1.272623E+01 -2.541131E+00 1.274857E-04 
-5.850486E+01 -2.569780E+00 7.788199E-03 
-6.680511E+01 -2.817876E+00 1.204346E-02 
-5.902694E+01 -2.804779E+00 9.364528E-03 
-2.233745E+01 -1.889216E+00 2.193645E-04 
-5.671850E+01 -2.438827E+00 5.667365E-03 
-1.860124E+01 -1.818043E+00 2.130019E-04 
-1.827141E+01 -2.350237E+00 3.268468E-04 
-4.689756E+01 -2.242987E+00 3.163075E-03 
-1.677646E+01 -1.659579E+00 3.018993E-07 
-1.650754E+01 -2.441815E+00 3.225545E-04 
-3.156358E+01 -7.891632E-01 4.652933E-07 
-3.512924E+01 -1.182197E+00 4.891944E-04 
-1.497271E+01 -2.106585E+00 7.796238E-05 
-2.603368E+01 -2.650145E+00 1.680929E-03 
-2.458791E+01 -1.754707E+00 2.665260E-04 
-2.116159E+01 -2.088584E+00 6.437798E-04 
-3.729184E+01 -2.053929E+00 1.270887E-03 
-2.102967E+01 -2.933280E+00 2.115407E-03 
-3.702394E+01 -2.332997E+00 1.486694E-03 
-1.181713E+01 -2.102702E+00 2.667150E-07 
-1.402178E+01 -3.035503E+00 5.727953E-04 
-1.146317E+01 -2.234438E+00 1.626618E-07 
-1.415372E+01 -1.896854E+00 1.375464E-05 
-5.681333E+01 -1.270133E+00 4.103784E-03 
-5.667605E+01 -2.647162E+00 7.623207E-03 
-1.591244E+01 -1.949727E+00 1.345468E-04 
-4.977158E+01 -1.103353E+00 3.198014E-03 
-1.118545E+01 -2.516429E+00 5.191105E-05 
-5.042055E+01 -2.611830E+00 7.137673E-03 
-3.704042E+01 -2.190912E+00 2.142481E-03 
-1.359363E+01 -1.341104E+00 1.893775E-07 
-1.750920E+01 -1.789243E+00 2.927359E-05 
-1.348925E+01 -2.489351E+00 2.979369E-04 
-1.609945E+01 -2.606941E+00 4.574737E-04 
-2.710862E+01 -1.440845E+00 1.522628E-05 
-7.611377E+01 -1.100240E+00 1.505482E-02 
-5.155451E+01 -3.034943E+00 1.346394E-02 
-1.417926E+01 -1.804791E+00 9.731900E-06 
-2.837351E+01 -1.439094E+00 4.660433E-05 
-1.362772E+01 -2.480750E+00 2.863104E-05 
-3.856579E+01 -1.691667E+00 7.269923E-04 
-4.385473E+01 -1.998346E+00 1.763555E-03 
-2.725575E+01 -1.500565E+00 1.700336E-05 
-2.776320E+01 -2.491420E+00 1.022247E-03 
-1.729830E+01 -1.638923E+00 3.996010E-06 
-1.751899E+01 -1.540072E+00 1.268902E-05 
-1.828344E+01 -2.490331E+00 8.583866E-04 
-1.079955E+01 -2.387456E+00 9.121875E-06 
-2.798509E+01 -1.902059E+00 4.880189E-04 
-5.165977E+01 -2.965833E+00 1.214330E-02 
-3.809377E+01 -8.617934E-01 5.240096E-04 
-6.658263E+01 -2.941079E+00 1.114786E-02 
-2.227093E+01 -2.828616E+00 1.627834E-03 
-2.723882E+01 -1.591592E+00 2.405000E-04 
-6.961774E+02 -1.612234E-02 1.381947E-04 
-1.250108E+01 -1.977616E+00 5.245581E-07 
-7.987359E+01 -9.494734E-02 2.182105E-05 
-1.581589E+01 -2.715186E+00 7.253935E-04 
-2.299104E+01 -1.962397E+00 2.488535E-04 
-1.582731E+01 -3.194139E+00 1.346747E-03 
-6.801275E+01 -2.809836E+00 1.091288E-02 
-1.740472E+01 -2.542315E+00 8.472192E-04 
-1.608421E+01 -2.564368E+00 3.187581E-04 
-2.614373E+01 -3.131857E+00 3.084045E-03 
-1.620151E+01 -7.398780E-01 1.649325E-10 
-6.435589E+01 -3.176453E+00 1.902530E-02 
-1.842354E+01 -2.358465E+00 3.558080E-04 
-3.013262E+01 -9.993970E-02 1.616721E-10 
-6.828335E+01 -2.898637E+00 1.279560E-02 
-4.959644E+01 -2.519804E+00 4.152710E-03 
-6.446186E+01 -3.101894E+00 1.529657E-02 
-7.172160E+01 -1.096579E+00 1.111042E-02 
-3.757092E+01 -1.978015E+00 1.581102E-03 
-1.699936E+01 -2.735911E+00 8.169427E-04 
-2.151610E+01 -2.207481E+00 8.062411E-04 
-5.237174E+01 -2.560447E+00 5.634397E-03 
-3.243120E+01 -2.310149E+00 1.219536E-03 
-1.558013E+01 -1.678499E+00 2.594130E-05 
-1.721098E+01 -2.836801E+00 1.283729E-03 
-1.906308E+01 -2.886390E+00 1.530882E-03 
-3.263973E+01 -1.719259E+00 4.441489E-04 
-1.921034E+01 -1.688595E+00 1.297222E-04 
-2.009799E+01 -2.170773E+00 4.648759E-04 
-1.475117E+01 -1.853159E+00 1.040036E-05 
-1.871173E+01 -2.258635E+00 5.583070E-04 
-1.819838E+01 -2.467065E+00 6.784059E-04 
-2.396593E+01 -1.348929E+00 3.913153E-07 
-3.439522E+01 -5.866450E-01 1.064377E-05 
-3.902215E+01 -2.161901E+00 1.756335E-03 
-1.529683E+01 -2.933453E+00 8.282769E-04 
-2.872569E+01 -2.740019E+00 2.978729E-03 
-1.926044E+01 -2.830105E+00 1.317931E-03 
-1.163123E+01 -2.577577E+00 6.741424E-05 
-4.168823E+01 -1.933919E+00 1.016207E-03 
-1.527442E+01 -1.970053E+00 4.711587E-05 
-2.112552E+01 -2.377477E+00 6.401690E-04 
-3.828361E+01 -2.139160E+00 1.702111E-03 
-6.903311E+01 -2.774117E+00 9.652546E-03 
-3.012417E+01 -1.755404E+00 3.840784E-04 
-6.284750E+01 -2.754904E+00 8.053995E-03 
-1.474355E+01 -2.970271E+00 1.060865E-03 
-2.070399E+01 -3.180425E+00 2.199329E-03 
-1.430831E+01 -1.893305E+00 1.211832E-05 
-1.253976E+01 -2.490093E+00 2.687520E-05 
-1.389609E+01 -2.193379E+00 1.835103E-05 
-1.301346E+01 -1.984732E+00 3.205859E-06 
-1.370756E+01 -1.889235E+00 2.038184E-07 
-1.933379E+01 -2.268553E+00 6.040544E-04 
-2.585683E+01 -3.610757E+00 2.777993E-03 
-1.427178E+01 -2.170492E+00 7.627570E-05 
-1.806528E+01 -1.764629E+00 6.503698E-05 
-1.552687E+01 -2.194289E+00 1.452862E-04 
-3.486635E+01 -8.415329E-01 2.520772E-04 
-2.735667E+01 -2.073247E+00 6.920117E-04 
-7.457068E+01 -1.291380E-01 2.255326E-06 
-3.402529E+01 -9.236193E-01 3.307388E-04 
-1.900746E+01 -3.300838E+00 2.284083E-03 
-3.570242E+01 -2.063541E+00 7.778978E-04 
-5.218718E+02 -9.911195E-01 8.652077E-03 
-2.245141E+01 -1.974101E+00 2.586824E-04 
-2.920321E+01 -2.046486E+00 6.249545E-04 
-1.750096E+01 -1.358688E+00 7.250980E-07 
-6.351049E+01 -2.836005E+00 9.614780E-03 
-3.206939E+01 -1.594811E+00 3.173903E-04 
-2.550481E+01 -1.756624E+00 3.565803E-04 
-2.052893E+01 -3.052917E+00 1.917593E-03 
-1.788570E+01 -2.426288E+00 2.831488E-04 
