-3.724944E+01 -2.212434E+00 1.750677E-03 
-1.621791E+01 -3.179464E+00 1.194989E-03 
-1.510147E+01 -2.149822E+00 1.192915E-04 
-8.997931E+01 -1.198215E-01 7.048261E-04 
-3.329736E+01 -2.567893E+00 4.210560E-03 
-6.659681E+01 -1.250534E-01 4.872621E-07 
-4.297173E+01 -2.409640E+00 2.371161E-03 
-5.798102E+01 -1.249269E+00 6.269773E-03 
-2.240420E+01 -2.783900E+00 1.278566E-03 
-2.230935E+01 -1.286055E+00 3.974051E-08 
-1.432295E+01 -2.674830E+00 3.654280E-04 
-4.106997E+01 -7.165236E-01 9.972429E-04 
-1.187963E+02 -6.826009E-01 5.089150E-03 
-1.487162E+01 -2.653152E+00 2.734353E-04 
-5.073502E+01 -2.704568E+00 7.532101E-03 
-6.245284E+01 -1.309304E-01 6.672397E-05 
-4.489870E+01 -2.537479E+00 5.175190E-03 
-2.200251E+01 -1.288045E+00 2.575491E-07 
-6.221881E+01 -8.770471E-01 7.313538E-03 
-8.431228E+01 -1.656704E-01 1.060216E-03 
-7.600715E+01 -1.104031E-01 2.220160E-05 
-6.982354E+01 -1.234374E-01 1.735384E-06 
-6.886219E+01 -2.586231E-01 2.565301E-04 
-4.854520E+01 -7.372700E-01 1.930712E-03 
-3.019089E+01 -2.079587E+00 5.424742E-04 
-2.984578E+01 -1.732541E+00 1.843099E-04 
-7.781271E+01 -1.132878E-01 2.520564E-05 
-5.871017E+01 -2.451905E+00 6.733179E-03 
-3.095552E+01 -1.965608E+00 4.730441E-04 
-1.399713E+01 -3.128273E+00 8.935753E-04 
-1.133441E+01 -3.945395E+00 3.621447E-03 
-5.166854E+01 -2.366345E+00 4.264664E-03 
-1.509535E+01 -2.449601E+00 2.284513E-04 
-2.086294E+01 -2.122676E+00 4.097527E-04 
-2.988613E+01 -2.245899E+00 5.915001E-04 
-8.120910E+01 -1.275635E-01 2.818834E-04 
-6.027645E+01 -1.245637E-01 3.298565E-07 
-4.466551E+01 -2.355921E+00 3.555552E-03 
-3.161391E+01 -2.419970E+00 1.217342E-03 
-2.288074E+01 -2.604321E+00 9.360459E-04 
-2.078145E+01 -1.939770E+00 1.030075E-04 
-1.794531E+01 -2.198696E+00 1.770963E-04 
-5.189594E+01 -2.440936E+00 4.585945E-03 
-5.010179E+01 -2.670537E+00 5.982971E-03 
-8.797788E+01 -1.423659E-01 4.954171E-03 
-8.609979E+01 -1.442232E-01 1.618638E-03 
-1.695042E+01 -2.258121E+00 2.138944E-04 
-3.924127E+01 -1.964695E+00 1.612138E-03 
-4.129652E+01 -1.317627E-01 1.080079E-06 
-1.320846E+01 -1.662808E+00 9.570964E-09 
-8.175397E+01 -1.257224E-01 4.373243E-04 
-6.762349E+01 -1.287289E-01 7.579127E-07 
-5.943256E+01 -1.969370E-01 1.006853E-05 
-8.829261E+01 -1.376591E-01 4.636923E-03 
-1.615064E+01 -3.083104E+00 1.105013E-03 
-1.957081E+01 -2.146111E+00 3.287413E-04 
-5.554706E+01 -1.275968E+00 5.453291E-03 
-8.465464E+01 -1.300898E-01 9.619600E-04 
-5.950549E+01 -1.304124E+00 6.889492E-03 
-1.532714E+01 -1.014159E+00 9.711020E-09 
-1.729633E+01 -1.545736E+00 3.987433E-07 
-1.322512E+01 -3.347027E+00 8.968643E-04 
-1.848686E+01 -2.430818E+00 4.830319E-04 
-8.098284E+01 -2.221045E-01 2.344602E-04 
-1.743304E+01 -1.451194E+00 2.181309E-07 
-4.132606E+01 -1.507518E-01 1.195438E-06 
-8.357225E+01 -1.405630E-01 6.364209E-04 
-5.420757E+01 -1.315577E-01 9.421776E-06 
-8.079332E+01 -1.036243E-01 2.409880E-05 
-8.910987E+01 -1.244454E-01 2.311796E-04 
-1.345950E+01 -2.149978E+00 9.032239E-06 
-7.734366E+01 -1.028223E-01 5.258719E-10 
-1.633072E+02 -1.228235E-01 9.414093E-04 
-5.029745E+01 -1.380715E-01 9.322312E-06 
-8.591543E+01 -1.230927E-01 1.693390E-04 
-2.418020E+01 -1.536807E+00 3.811626E-05 
-1.207379E+01 -2.259602E+00 7.231461E-07 
-6.005571E+01 -2.993166E+00 1.215173E-02 
-1.264834E+01 -3.784214E+00 5.585784E-03 
-6.505443E+01 -2.800835E+00 9.192823E-03 
-2.224496E+01 -2.772421E+00 9.318662E-04 
-1.517213E+01 -1.064868E-01 5.958327E-11 
-2.940579E+01 -1.897908E+00 3.603985E-04 
-7.936770E+01 -1.464888E-01 7.397652E-05 
-2.063067E+01 -2.346828E+00 4.828546E-04 
-1.739697E+01 -1.995184E+00 7.323993E-05 
-3.036956E+01 -1.406643E-01 2.695150E-07 
-8.971718E+01 -1.263266E-01 1.734307E-03 
-2.241893E+01 -2.774523E+00 9.427153E-04 
-5.112618E+00 -1.230760E+00 2.852155E-09 
-1.141283E+01 -4.889751E+00 8.384952E-03 
-7.367159E+01 -1.217380E-01 1.466376E-06 
-2.066661E+01 -2.184689E+00 4.543833E-04 
-1.341813E+01 -2.644037E+00 2.404208E-04 
-5.412890E+01 -8.582608E-01 3.881676E-03 
-4.668031E+01 -2.148131E+00 2.078927E-03 
-1.714521E+01 -9.044456E-02 9.196966E-12 
-1.986145E+01 -2.599753E+00 8.144079E-04 
-7.941846E+01 -1.041493E-01 1.142725E-05 
-8.726606E+01 -1.130052E-01 2.267916E-04 
-2.147725E+01 -2.782274E+00 9.045296E-04 
-7.600621E+01 -1.142440E-01 3.589900E-07 
-8.994806E+01 -1.293187E-01 3.694078E-03 
-8.725890E+01 -1.187143E-01 1.011127E-04 
-2.851672E+01 -2.451221E+00 1.104196E-03 
-7.183287E+01 -1.295222E-01 2.550620E-06 
-5.361351E+01 -1.305270E-01 3.630037E-10 
-1.561509E+01 -1.129880E+00 3.906646E-08 
-7.476826E+01 -3.005770E+00 1.284811E-02 
-3.794708E+01 -1.934743E+00 1.443205E-03 
-1.218622E+01 -2.502820E+00 3.943508E-05 
-5.664491E+01 -1.276877E-01 2.650501E-08 
-6.592091E+01 -1.231008E-01 1.894237E-08 
-3.739598E+01 -1.680990E+00 6.736350E-04 
-3.590800E+01 -1.323278E-01 1.114493E-08 
-4.016735E+01 -2.231056E+00 1.778119E-03 
-4.153653E+01 -1.934601E+00 1.293571E-03 
-5.009755E+01 -2.507794E+00 5.127417E-03 
-1.272623E+01 -2.541131E+00 1.274857E-04 
-1.337608E+01 -3.488799E+00 1.338260E-03 
-2.339820E+01 -2.346598E+00 6.994733E-04 
-2.852393E+01 -1.400782E+00 5.501302E-05 
-3.698642E+01 -5.922925E-01 5.241935E-05 
-5.671850E+01 -2.438827E+00 5.667365E-03 
-3.739459E+01 -1.704899E+00 4.479365E-04 
-1.827141E+01 -2.350237E+00 3.268468E-04 
-1.575292E+01 -2.682460E+00 5.159341E-04 
-1.677646E+01 -1.659579E+00 3.018993E-07 
-1.650754E+01 -2.441815E+00 3.225545E-04 
-3.156358E+01 -7.891632E-01 4.652933E-07 
-5.091560E+01 -1.168083E+00 2.959607E-03 
-1.730660E+01 -1.797932E+00 1.068410E-06 
-2.745029E+01 -1.689379E+00 5.110962E-05 
-3.025240E+01 -2.463339E+00 1.133100E-03 
-2.020086E+01 -2.187850E+00 4.254386E-04 
-3.729184E+01 -2.053929E+00 1.270887E-03 
-7.389279E+01 -3.219768E+00 1.468749E-02 
-3.702394E+01 -2.332997E+00 1.486694E-03 
-1.181713E+01 -2.102702E+00 2.667150E-07 
-5.662706E+01 -2.805760E+00 8.916528E-03 
-1.146317E+01 -2.234438E+00 1.626618E-07 
-1.387216E+01 -2.496535E+00 2.348877E-04 
-5.681333E+01 -1.270133E+00 4.103784E-03 
-1.681446E+01 -2.771839E+00 5.683728E-04 
-3.617655E+01 -2.048109E+00 1.007861E-03 
-1.518578E+01 -2.282310E+00 1.193146E-04 
-1.118545E+01 -2.516429E+00 5.191105E-05 
-3.464564E+01 -1.804325E+00 4.704882E-04 
-5.459934E+01 -2.308339E+00 5.595248E-03 
-1.427621E+01 -2.411550E+00 1.577953E-04 
-3.162872E+01 -1.022108E+00 1.171493E-04 
-1.788570E+01 -2.426288E+00 2.831488E-04 
-1.609945E+01 -2.606941E+00 4.574737E-04 
-2.710862E+01 -1.440845E+00 1.522628E-05 
-1.367864E+01 -2.999830E+00 3.251664E-04 
-3.797906E+01 -2.143871E+00 1.513539E-03 
-1.885673E+01 -2.333247E+00 4.458916E-04 
-2.837351E+01 -1.439094E+00 4.660433E-05 
-1.362772E+01 -2.480750E+00 2.863104E-05 
-3.856579E+01 -1.691667E+00 7.269923E-04 
-2.483142E+01 -1.854724E+00 2.386836E-04 
-2.725575E+01 -1.500565E+00 1.700336E-05 
-2.776320E+01 -2.491420E+00 1.022247E-03 
-8.473374E+01 -3.381956E+00 1.570091E-02 
-1.419112E+01 -3.275443E+00 9.647682E-04 
-3.956353E+01 -6.382686E-01 2.725225E-04 
-1.079955E+01 -2.387456E+00 9.121875E-06 
-3.334607E+01 -2.136322E+00 1.060978E-03 
-5.165977E+01 -2.965833E+00 1.214330E-02 
-3.809377E+01 -8.617934E-01 5.240096E-04 
-1.843015E+01 -2.261830E+00 3.425541E-04 
-2.227093E+01 -2.828616E+00 1.627834E-03 
-5.220983E+01 -2.865054E+00 9.638822E-03 
-6.961774E+02 -1.612234E-02 1.381947E-04 
-1.250108E+01 -1.977616E+00 5.245581E-07 
-7.987359E+01 -9.494734E-02 2.182105E-05 
-1.584606E+01 -1.816252E+00 9.912303E-06 
-2.299104E+01 -1.962397E+00 2.488535E-04 
-1.582731E+01 -3.194139E+00 1.346747E-03 
-3.179944E+01 -2.284234E+00 9.481036E-04 
-6.303122E+01 -3.347419E+00 1.561467E-02 
-1.608421E+01 -2.564368E+00 3.187581E-04 
-2.614373E+01 -3.131857E+00 3.084045E-03 
-1.620151E+01 -7.398780E-01 1.649325E-10 
-4.613482E+01 -7.624071E-01 1.078614E-03 
-1.842354E+01 -2.358465E+00 3.558080E-04 
-3.013262E+01 -9.993970E-02 1.616721E-10 
-1.963750E+01 -2.224288E+00 3.800437E-04 
-4.959644E+01 -2.519804E+00 4.152710E-03 
-2.883792E+01 -1.372309E+00 1.041742E-04 
-6.345361E+01 -2.706933E+00 8.281943E-03 
-3.412151E+01 -2.088714E+00 8.197916E-04 
-2.272665E+01 -3.287758E+00 2.699967E-03 
-6.302082E+01 -3.008165E+00 1.264361E-02 
-5.237174E+01 -2.560447E+00 5.634397E-03 
-3.243120E+01 -2.310149E+00 1.219536E-03 
-1.257866E+01 -2.400396E+00 1.908679E-05 
-1.315673E+01 -2.937496E+00 1.545161E-04 
-3.134696E+01 -1.939872E+00 3.674392E-04 
-3.582209E+01 -2.018902E+00 8.959101E-04 
-5.088921E+01 -2.229243E+00 2.489520E-03 
-5.923897E+01 -2.653848E+00 6.798729E-03 
-1.475117E+01 -1.853159E+00 1.040036E-05 
-2.025487E+01 -1.676532E+00 8.388387E-06 
-4.413493E+01 -2.070456E+00 1.708488E-03 
-2.396593E+01 -1.348929E+00 3.913153E-07 
-3.439522E+01 -5.866450E-01 1.064377E-05 
-3.902215E+01 -2.161901E+00 1.756335E-03 
-1.531358E+01 -2.198441E+00 1.315478E-04 
-1.675097E+01 -1.903232E+00 1.479119E-05 
-3.163200E+01 -7.783742E-01 1.416725E-05 
-1.163123E+01 -2.577577E+00 6.741424E-05 
-4.168823E+01 -1.933919E+00 1.016207E-03 
-6.053800E+01 -8.547943E-01 4.975939E-03 
-3.694366E+01 -1.739418E+00 3.124910E-04 
-3.828361E+01 -2.139160E+00 1.702111E-03 
-6.903311E+01 -2.774117E+00 9.652546E-03 
-2.058954E+01 -2.112410E+00 3.381898E-04 
-6.284750E+01 -2.754904E+00 8.053995E-03 
-1.636541E+01 -1.696635E+00 3.838868E-07 
-2.070399E+01 -3.180425E+00 2.199329E-03 
-2.002607E+01 -2.039142E+00 3.298324E-04 
-1.253976E+01 -2.490093E+00 2.687520E-05 
-1.389609E+01 -2.193379E+00 1.835103E-05 
-1.301346E+01 -1.984732E+00 3.205859E-06 
-1.720387E+01 -2.559461E+00 4.609733E-04 
-4.162384E+01 -2.409969E+00 2.138980E-03 
-2.585683E+01 -3.610757E+00 2.777993E-03 
-1.427178E+01 -2.170492E+00 7.627570E-05 
-5.190474E+01 -1.179994E+00 3.403172E-03 
-5.251944E+01 -8.379220E-01 2.780970E-03 
-2.227307E+01 -1.781951E+00 9.801809E-05 
-2.996274E+01 -1.851738E+00 2.802997E-04 
-7.457068E+01 -1.291380E-01 2.255326E-06 
-2.135893E+01 -2.848066E+00 1.626607E-03 
-1.900746E+01 -3.300838E+00 2.284083E-03 
-3.570242E+01 -2.063541E+00 7.778978E-04 
-5.218718E+02 -9.911195E-01 8.652077E-03 
-2.245141E+01 -1.974101E+00 2.586824E-04 
-1.615462E+01 -2.548500E+00 4.055195E-04 
-2.968995E+01 -2.540694E+00 1.417751E-03 
-6.351049E+01 -2.836005E+00 9.614780E-03 
-5.076487E+01 -2.492521E+00 5.407487E-03 
-2.345622E+01 -3.029501E+00 2.071179E-03 
-2.052893E+01 -3.052917E+00 1.917593E-03 
-1.429635E+01 -2.493162E+00 2.198545E-04 
-2.171437E+01 -1.783118E+00 1.036206E-04 
-2.667346E+01 -5.140957E-01 4.486340E-07 
-1.414161E+01 -2.207464E+00 2.107849E-05 
-3.489699E+01 -1.972285E+00 7.350988E-04 
-2.279524E+01 -2.368767E+00 5.979496E-04 
-2.688717E+01 -1.383229E+00 8.434945E-07 
-2.137245E+01 -1.943012E+00 2.394842E-04 
-5.150117E+01 -2.450556E+00 5.492910E-03 
-2.661016E+01 -2.779001E+00 1.417053E-03 
-1.871081E+01 -2.052653E+00 1.183955E-04 
-4.240408E+01 -2.618326E+00 5.379752E-03 
-2.324829E+01 -1.915247E+00 1.578027E-04 
-2.270896E+01 -2.710510E+00 9.911086E-04 
-3.277707E+01 -2.466840E+00 1.722552E-03 
-1.794752E+01 -3.090605E+00 1.383841E-03 
-3.852282E+01 -6.231686E-01 1.117220E-04 
-2.689995E+01 -2.627127E+00 1.496368E-03 
-3.249782E+01 -1.692135E+00 2.337425E-04 
-2.992676E+01 -2.096962E+00 7.195732E-04 
-4.058744E+01 -9.568379E-01 8.308994E-04 
-1.584172E+01 -2.082221E+00 4.429410E-05 
-1.858922E+01 -2.080397E+00 3.004799E-04 
-2.254334E+01 -2.432531E+00 5.546836E-04 
-1.705596E+01 -2.214424E+00 2.517350E-04 
-1.479855E+01 -2.124110E+00 5.448682E-05 
-4.794724E+01 -2.573606E+00 5.415421E-03 
-7.192596E+01 -3.527975E+00 1.885128E-02 
-1.546330E+01 -8.147838E-01 2.074323E-08 
-3.166088E+01 -2.876457E+00 2.031311E-03 
-2.251773E+01 -2.343746E+00 4.652767E-04 
-6.769209E+01 -2.739986E+00 9.030877E-03 
-4.378798E+01 -2.359346E+00 2.975504E-03 
-7.263522E+01 -2.952655E+00 9.803282E-03 
-1.967426E+01 -2.835615E+00 1.123780E-03 
-1.598716E+01 -3.026809E+00 6.990848E-04 
-3.700084E+01 -1.847742E+00 6.616408E-04 
-5.808862E+01 -2.585775E+00 6.355192E-03 
-1.904172E+01 -2.821375E+00 7.645644E-04 
-4.177345E+01 -7.114367E-01 4.606443E-04 
-5.165429E+01 -2.656107E+00 6.091930E-03 
-1.298329E+01 -1.960789E+00 1.073233E-08 
-1.524552E+01 -1.935258E+00 1.336540E-05 
-3.231688E+01 -1.810707E+00 4.720688E-04 
-1.355767E+01 -3.010767E+00 4.519132E-04 
-3.904577E+01 -6.470925E-01 1.872089E-04 
-4.574736E+01 -6.969129E-01 9.846488E-04 
-1.243764E+01 -2.604605E+00 9.600001E-05 
-1.569041E+01 -1.842778E+00 1.269486E-05 
-1.352880E+01 -2.796936E+00 3.070071E-04 
-1.679012E+01 -2.693992E+00 5.384217E-04 
-7.619857E+01 -3.212955E+00 1.368144E-02 
-4.491193E+01 -2.062888E+00 1.863369E-03 
-1.969131E+01 -2.176837E+00 3.808032E-04 
-3.161535E+01 -1.594371E+00 1.481978E-04 
-2.555586E+01 -2.577883E+00 1.098044E-03 
-4.545125E+01 -1.116169E+00 1.499910E-03 
-1.770923E+01 -1.968054E+00 4.122854E-05 
-1.514423E+01 -2.109110E+00 3.228881E-05 
-1.209716E+01 -2.081813E+00 1.868828E-07 
-1.897591E+01 -2.327493E+00 4.113504E-04 
-1.759445E+01 -2.563208E+00 6.746671E-04 
-3.729034E+01 -1.751922E+00 5.993854E-04 
-3.934603E+01 -6.538001E-01 3.916214E-04 
-1.758735E+01 -2.476403E+00 4.412637E-04 
-1.470823E+01 -1.951523E+00 3.625122E-06 
-5.449877E+01 -1.302184E+00 4.270423E-03 
-4.579076E+01 -2.469990E+00 3.597188E-03 
-1.178145E+01 -2.454908E+00 1.074433E-05 
-1.874858E+01 -2.311058E+00 4.049166E-04 
-2.035474E+01 -2.015230E+00 2.167185E-04 
-1.246629E+01 -1.914544E+00 3.093786E-09 
-1.553749E+01 -3.053447E+00 9.394187E-04 
-5.847338E+01 -2.480142E+00 6.541859E-03 
-7.028341E+01 -3.086347E+00 1.307658E-02 
-1.673448E+01 -2.801923E+00 5.274328E-04 
-3.541756E+01 -6.260411E-01 1.250262E-05 
-1.730526E+01 -2.138695E+00 1.550359E-04 
-3.134105E+01 -1.628553E+00 1.722577E-04 
-1.609468E+01 -2.323341E+00 1.375904E-04 
-1.341951E+01 -2.244753E+00 7.447560E-06 
-2.529514E+01 -2.582696E+00 7.597106E-04 
-6.448575E+01 -2.827078E+00 9.056492E-03 
-2.318785E+01 -2.626842E+00 1.158774E-03 
-1.451186E+01 -2.049015E+00 1.906175E-05 
-1.886644E+01 -2.261266E+00 3.207560E-04 
-1.430122E+01 -3.083081E+00 5.419523E-04 
-2.051809E+01 -1.611836E+00 1.836074E-06 
-3.182400E+01 -2.011956E+00 6.890642E-04 
-1.668458E+01 -2.191698E+00 1.341698E-04 
-1.600964E+01 -1.545535E+00 5.638163E-08 
-6.201968E+01 -9.201922E-01 6.567358E-03 
-2.731524E+01 -2.082719E+00 4.397479E-04 
-3.623668E+01 -8.990414E-01 1.201889E-04 
-1.516752E+01 -1.740676E+00 4.234515E-08 
-2.789921E+01 -1.779542E+00 1.099143E-04 
-4.761563E+01 -1.105376E+00 1.682537E-03 
-2.228971E+01 -2.479330E+00 7.113059E-04 
-1.486904E+01 -2.833277E+00 4.660791E-04 
-4.641386E+01 -2.390887E+00 3.656598E-03 
-2.218884E+01 -2.136257E+00 4.349704E-04 
-3.377811E+01 -2.402746E+00 1.653958E-03 
-1.987551E+01 -1.795055E+00 1.178444E-05 
-2.686945E+01 -1.478795E+00 1.419538E-06 
-2.013341E+01 -3.011124E+00 1.218456E-03 
-4.507013E+01 -2.339886E+00 2.638737E-03 
-1.446034E+01 -2.127149E+00 3.532751E-05 
-1.560668E+01 -1.605625E+00 1.409040E-07 
-6.411934E+01 -3.242017E+00 1.548309E-02 
-4.497119E+01 -2.188016E+00 2.160514E-03 
-5.257029E+01 -2.356262E+00 3.788515E-03 
-2.095758E+01 -1.693660E+00 2.526854E-05 
-5.522819E+01 -2.538221E+00 5.833315E-03 
-1.416473E+01 -2.685221E+00 4.504074E-04 
-1.863456E+01 -2.482247E+00 4.918238E-04 
-1.904543E+01 -1.389378E+00 1.756008E-07 
-2.260583E+01 -2.834871E+00 1.929164E-03 
-2.701350E+01 -2.346455E+00 6.467928E-04 
-1.381726E+01 -1.896020E+00 1.854400E-07 
-1.489402E+01 -3.106724E+00 6.669029E-04 
-2.751404E+01 -2.522918E+00 1.361052E-03 
-3.234354E+01 -1.864970E+00 5.680546E-04 
-3.791060E+01 -1.906895E+00 9.723972E-04 
-1.708704E+01 -1.917369E+00 3.882650E-05 
-5.876327E+01 -2.680466E+00 7.666295E-03 
-5.439845E+01 -2.543051E+00 6.095307E-03 
-4.106963E+01 -2.216759E+00 2.077612E-03 
-1.394064E+01 -2.147042E+00 1.042158E-05 
-2.664554E+01 -2.503757E+00 1.148206E-03 
-1.429302E+01 -1.219813E+00 9.280988E-10 
-3.829957E+01 -1.891762E+00 7.372555E-04 
-5.089615E+01 -2.316731E+00 2.498069E-03 
-1.499780E+01 -2.377297E+00 9.231453E-05 
-1.829330E+01 -2.199310E+00 2.449184E-04 
-3.667128E+01 -2.163287E+00 1.416969E-03 
-1.830746E+01 -2.411086E+00 3.990930E-04 
-1.626580E+01 -2.060183E+00 6.917620E-05 
-5.336704E+01 -3.002692E+00 1.247315E-02 
-3.421907E+01 -1.993697E+00 5.925481E-04 
-3.128664E+01 -2.385596E+00 9.068419E-04 
-4.366992E+01 -2.680962E+00 7.250648E-03 
-3.134318E+01 -1.860673E+00 2.894820E-04 
-1.370742E+01 -1.986973E+00 3.596123E-06 
-5.948062E+01 -2.690055E+00 7.972199E-03 
-1.367595E+01 -2.510831E+00 1.738028E-04 
-2.846345E+01 -2.660853E+00 1.786633E-03 
-4.246463E+01 -2.241812E+00 2.366100E-03 
-1.337568E+01 -2.406350E+00 2.709588E-05 
-3.660903E+01 -1.764486E+00 5.227741E-04 
-1.751252E+01 -3.759863E+00 4.466197E-03 
-2.386056E+01 -2.725057E+00 1.193669E-03 
-2.822011E+01 -2.389487E+00 1.075844E-03 
-4.352430E+01 -1.939828E+00 1.617516E-03 
