1.378374E-01 1.828976E-02 3.854408E-01 1.765153E-01 -1.418885E+00 6.000000E-01 -1.506127E-01 9.763714E-01 3.087491E-02 3.766333E-03 4.143759E+00 1.005684E+01 
1.515342E-01 1.730931E-03 3.625594E-01 1.654781E-01 -1.793615E+00 5.476344E-01 -3.616456E-02 1.060124E+00 3.004282E-02 4.290491E-04 5.024430E+00 7.830459E+00 
1.567697E-01 5.837250E-03 3.545442E-01 1.638691E-01 -1.500820E+00 5.699923E-01 -1.238611E-01 9.016656E-01 2.951318E-02 1.197219E-03 4.840732E+00 1.024553E+01 
1.546710E-01 8.779851E-03 3.555637E-01 1.676954E-01 -1.566069E+00 5.609179E-01 -9.484156E-02 8.753071E-01 2.620588E-02 1.177633E-03 4.773254E+00 8.868133E+00 
1.621020E-01 8.480090E-03 3.452673E-01 1.720681E-01 -1.329695E+00 5.662969E-01 -8.257368E-02 9.033928E-01 2.713815E-02 3.783701E-03 4.641077E+00 9.156639E+00 
1.580429E-01 1.010847E-02 3.636862E-01 1.733468E-01 -1.443163E+00 5.595334E-01 -1.244889E-01 9.337661E-01 2.795458E-02 3.319268E-03 4.508393E+00 1.030956E+01 
1.618098E-01 1.298999E-02 3.402708E-01 1.692615E-01 -1.486788E+00 5.842448E-01 -1.648051E-01 8.198435E-01 2.721887E-02 3.763418E-03 4.645325E+00 9.391603E+00 
1.467181E-01 1.118842E-02 3.731112E-01 1.685962E-01 -1.508582E+00 5.952743E-01 -7.819413E-02 9.745928E-01 3.085216E-02 3.580913E-03 3.343388E+00 7.443205E+00 
1.551683E-01 3.016009E-02 3.592063E-01 1.687972E-01 -1.387171E+00 5.916934E-01 -1.242677E-01 1.100747E+00 2.825131E-02 7.393966E-03 4.235889E+00 8.019217E+00 
1.576456E-01 5.327722E-03 3.628507E-01 1.789917E-01 -1.468192E+00 5.646340E-01 -7.603804E-02 9.260574E-01 2.939488E-02 3.780516E-03 4.255302E+00 8.627503E+00 
1.736613E-01 1.383726E-02 3.687223E-01 1.734241E-01 -1.373989E+00 5.825338E-01 -8.318983E-02 9.449387E-01 3.306453E-02 2.089320E-03 4.283180E+00 9.158253E+00 
1.498419E-01 2.079673E-02 3.130288E-01 1.287155E-01 -1.372007E+00 3.944622E-01 -5.004559E-02 9.222717E-01 2.513110E-02 6.647202E-03 4.775274E+00 8.616617E+00 
1.557655E-01 6.133447E-03 3.949601E-01 1.774024E-01 -1.404323E+00 5.889049E-01 -1.259129E-01 9.496861E-01 2.810049E-02 3.077164E-03 4.308974E+00 1.065455E+01 
1.534076E-01 8.941018E-03 3.568229E-01 1.656267E-01 -1.559880E+00 5.545760E-01 -9.790133E-02 1.143754E+00 2.748608E-02 4.863767E-03 4.025537E+00 6.887092E+00 
1.386193E-01 5.902385E-03 3.544047E-01 1.619650E-01 -1.450405E+00 5.590612E-01 -5.207352E-02 9.791268E-01 2.815859E-02 3.110444E-03 4.447128E+00 9.402735E+00 
1.738079E-01 1.950888E-02 3.481048E-01 1.690699E-01 -1.292553E+00 5.979081E-01 -9.167494E-02 9.002574E-01 2.816065E-02 7.810540E-03 4.404369E+00 6.350753E+00 
1.559615E-01 9.927455E-03 3.552630E-01 1.705413E-01 -1.539704E+00 6.000000E-01 -6.769202E-02 1.060201E+00 2.762873E-02 2.645802E-03 5.076735E+00 7.660644E+00 
1.437929E-01 8.990629E-03 3.790076E-01 1.631862E-01 -1.546094E+00 5.943188E-01 -1.646730E-01 9.985485E-01 3.025258E-02 5.037717E-06 4.413800E+00 8.734444E+00 
1.609314E-01 1.153940E-02 3.639395E-01 1.660896E-01 -1.337916E+00 5.887283E-01 -1.045704E-01 8.539876E-01 2.547053E-02 2.591222E-03 4.074932E+00 7.783185E+00 
1.608167E-01 8.337542E-03 3.523810E-01 1.637074E-01 -1.513616E+00 4.385538E-01 -1.153684E-01 7.678126E-01 3.107569E-02 8.796742E-04 4.366196E+00 9.286176E+00 
1.357992E-01 1.210139E-02 3.611303E-01 1.781888E-01 -1.438645E+00 5.840719E-01 -1.096380E-01 1.042154E+00 2.730244E-02 1.774389E-03 5.088592E+00 6.977137E+00 
1.500764E-01 1.000000E-04 3.581403E-01 1.630593E-01 -1.491554E+00 4.959564E-01 -9.398507E-02 1.074230E+00 1.939877E-02 2.437244E-03 4.242477E+00 8.272791E+00 
1.420457E-01 5.340462E-02 3.503245E-01 1.537280E-01 -1.272214E+00 4.633207E-01 -4.931239E-02 1.000453E+00 3.258139E-02 1.878254E-02 4.079421E+00 1.188683E+01 
1.680216E-01 6.658271E-03 3.686060E-01 1.701768E-01 -1.590079E+00 5.580088E-01 -1.598681E-01 1.024071E+00 2.876955E-02 3.395001E-03 4.625891E+00 7.378671E+00 
1.726733E-01 1.555014E-02 3.774872E-01 1.757280E-01 -1.770490E+00 4.905879E-01 -1.325700E-01 9.849593E-01 2.907633E-02 2.877929E-03 5.449678E+00 9.000767E+00 
1.380958E-01 1.810083E-02 3.700015E-01 1.703370E-01 -1.115477E+00 5.618054E-01 -5.498701E-02 8.998510E-01 3.390719E-02 1.267636E-02 3.795819E+00 8.143620E+00 
1.275182E-01 3.538988E-02 3.318718E-01 1.578645E-01 -1.228141E+00 5.608450E-01 -1.077720E-01 8.126199E-01 3.065726E-02 1.859351E-02 5.494244E+00 5.702982E+00 
9.792319E-02 2.071010E-02 3.380238E-01 1.524332E-01 -3.477228E-01 3.853034E-01 -9.792849E-02 8.506810E-01 2.403586E-02 1.842050E-02 5.363017E+00 3.671313E+00 
1.546796E-01 6.850293E-03 3.657026E-01 1.656753E-01 -1.841255E+00 5.856914E-01 -1.572791E-01 8.361035E-01 2.914033E-02 1.097768E-03 4.435127E+00 9.165337E+00 
1.043345E-01 9.693584E-03 3.247618E-01 1.666525E-01 -1.500101E+00 4.181586E-01 -7.264798E-02 8.798884E-01 2.804119E-02 5.153298E-03 4.124678E+00 1.156989E+01 
1.682517E-01 1.426558E-02 3.592796E-01 1.746586E-01 -1.551936E+00 5.868032E-01 -1.175849E-01 8.802475E-01 3.110739E-02 3.159775E-03 3.745005E+00 8.492349E+00 
1.626304E-01 1.093061E-02 3.593409E-01 1.736285E-01 -1.403930E+00 5.877191E-01 -9.362030E-02 9.454845E-01 2.726623E-02 3.047235E-03 4.604727E+00 9.177810E+00 
1.625111E-01 1.100172E-02 3.540972E-01 1.680284E-01 -1.454211E+00 5.808833E-01 -3.956246E-02 8.973338E-01 2.871414E-02 6.856929E-04 5.260366E+00 9.007111E+00 
1.730635E-01 1.071583E-02 3.705016E-01 1.712866E-01 -1.415895E+00 5.686206E-01 -1.217620E-01 7.596641E-01 2.502760E-02 0.000000E+00 3.991347E+00 1.211247E+01 
9.881501E-02 3.414642E-02 3.808536E-01 1.632045E-01 -1.414613E+00 2.898855E-01 -1.535610E-02 7.577557E-01 3.016131E-02 2.443318E-03 4.420747E+00 1.024477E+01 
8.728918E-02 1.311263E-02 3.481737E-01 1.653731E-01 -1.331574E+00 5.166957E-01 -9.503880E-02 9.080603E-01 2.644955E-02 5.767928E-04 5.073978E+00 1.074934E+01 
1.547146E-01 1.397682E-02 3.477076E-01 1.676939E-01 -1.415896E+00 5.968902E-01 -1.250734E-01 1.034740E+00 3.133774E-02 1.063177E-03 3.895433E+00 1.057343E+01 
1.600296E-01 8.110033E-03 3.768306E-01 1.694775E-01 -1.463943E+00 5.795780E-01 -1.028044E-01 9.369915E-01 2.988163E-02 4.149492E-03 3.673828E+00 8.866461E+00 
4.612969E-02 3.090304E-02 3.493652E-01 1.241010E-01 -1.189725E+00 4.364797E-01 -5.904302E-02 1.056111E+00 2.832361E-02 1.145876E-02 4.371359E+00 6.819699E+00 
6.258549E-02 4.996186E-02 3.550346E-01 1.574802E-01 -1.236073E+00 3.674188E-01 -3.878080E-02 9.157204E-01 3.075020E-02 1.343139E-02 5.468650E+00 8.986343E+00 
1.563447E-01 9.375690E-03 3.601237E-01 1.759578E-01 -1.280255E+00 5.792768E-01 -1.251756E-01 9.498530E-01 3.129547E-02 2.426898E-03 3.670138E+00 7.717632E+00 
1.645482E-01 2.458490E-02 3.516387E-01 1.737963E-01 -1.449163E+00 5.721260E-01 -1.190470E-01 8.688641E-01 3.072930E-02 3.163694E-03 4.103835E+00 9.545159E+00 
1.606391E-01 9.452094E-03 3.599089E-01 1.656700E-01 -1.404175E+00 5.863653E-01 -1.156280E-01 7.892088E-01 3.038381E-02 2.501080E-03 4.084978E+00 9.799863E+00 
1.494803E-01 1.310036E-04 3.688975E-01 1.704297E-01 -1.429364E+00 6.000000E-01 -9.072132E-02 8.698173E-01 3.282035E-02 3.231062E-03 4.505005E+00 1.074357E+01 
1.087638E-01 3.573477E-02 3.418800E-01 1.632183E-01 -1.439512E+00 5.788980E-01 -5.808618E-02 8.661214E-01 3.341929E-02 1.046400E-03 4.114252E+00 1.176266E+01 
1.298892E-01 1.751110E-02 3.669615E-01 1.790117E-01 -1.477792E+00 5.559186E-01 -2.913014E-02 9.780959E-01 2.840926E-02 6.078151E-03 4.536060E+00 8.238382E+00 
1.270448E-01 8.534192E-03 3.510150E-01 1.690715E-01 -1.396865E+00 5.684961E-01 -1.150989E-01 8.780142E-01 2.689450E-02 5.672766E-03 4.349640E+00 1.076749E+01 
1.561566E-01 1.766227E-02 3.307058E-01 1.723677E-01 -1.371732E+00 5.675348E-01 -1.045899E-01 9.340938E-01 3.022343E-02 2.274581E-03 4.631319E+00 7.637895E+00 
1.580056E-01 1.119199E-02 3.768210E-01 1.700505E-01 -1.368687E+00 5.501280E-01 -5.715658E-02 9.972609E-01 3.330578E-02 1.010177E-03 3.985771E+00 9.753898E+00 
1.088631E-01 1.480618E-02 3.544776E-01 1.681390E-01 -1.394690E+00 5.613512E-01 -8.946829E-02 8.580189E-01 2.868422E-02 4.833591E-03 4.375973E+00 7.311854E+00 
1.813427E-01 6.920022E-03 3.180691E-01 1.433642E-01 -1.322731E+00 5.013023E-01 -6.069216E-02 9.139746E-01 2.607434E-02 8.772677E-03 2.771929E+00 8.501346E+00 
1.602379E-01 1.029722E-02 3.505624E-01 1.738170E-01 -1.392240E+00 5.871617E-01 -1.130744E-01 8.882150E-01 2.796857E-02 4.130525E-03 4.594352E+00 1.018206E+01 
1.515592E-01 1.915466E-02 3.390086E-01 1.683318E-01 -1.396770E+00 5.771449E-01 -9.431575E-02 8.806888E-01 2.995636E-02 2.996259E-04 4.685336E+00 8.761022E+00 
1.639970E-01 3.030594E-03 3.573949E-01 1.771722E-01 -1.357978E+00 6.000000E-01 -7.775012E-02 8.858519E-01 2.804203E-02 3.771582E-03 4.175579E+00 8.719439E+00 
1.676874E-01 6.161776E-03 3.364974E-01 1.691599E-01 -1.576664E+00 5.828390E-01 -1.249454E-01 1.016654E+00 2.916731E-02 6.368477E-03 3.731477E+00 1.244321E+01 
1.558895E-01 1.456971E-02 3.885112E-01 1.665618E-01 -1.481317E+00 5.595031E-01 -1.052502E-01 9.124899E-01 2.870287E-02 3.719156E-03 3.605759E+00 6.918525E+00 
7.212400E-02 2.270095E-02 3.446490E-01 1.598512E-01 -1.231947E+00 4.172561E-01 -8.635904E-02 1.050247E+00 3.149657E-02 6.231637E-03 4.083690E+00 8.463517E+00 
1.679509E-01 1.489783E-02 3.724218E-01 1.749263E-01 -1.483782E+00 5.862910E-01 -7.442179E-02 9.591181E-01 2.905613E-02 4.752332E-03 4.657794E+00 6.664599E+00 
1.544702E-01 9.943090E-03 3.617247E-01 1.628478E-01 -1.457698E+00 5.700615E-01 -1.968897E-01 9.396487E-01 2.846576E-02 5.346271E-03 4.476014E+00 9.583179E+00 
1.614171E-01 3.460832E-03 3.385499E-01 1.691610E-01 -1.447307E+00 5.606836E-01 -1.119268E-01 8.829735E-01 2.728817E-02 7.765158E-04 5.472842E+00 9.822011E+00 
1.647733E-01 7.535039E-03 3.730924E-01 1.669965E-01 -1.376692E+00 5.787433E-01 -1.210031E-01 9.426007E-01 2.921845E-02 2.967704E-03 4.546126E+00 1.024852E+01 
1.700132E-01 7.316468E-03 3.655026E-01 1.734885E-01 -1.420791E+00 5.862629E-01 -1.259611E-01 9.602452E-01 2.758335E-02 6.836369E-03 4.977251E+00 9.685405E+00 
1.554445E-01 4.364267E-03 3.545096E-01 1.679967E-01 -1.479471E+00 5.637756E-01 -9.699193E-02 9.547823E-01 3.133580E-02 3.158993E-03 3.820340E+00 8.874541E+00 
1.349453E-01 1.124430E-02 3.669762E-01 1.667377E-01 -1.305871E+00 5.415341E-01 -7.799223E-02 9.791393E-01 3.439078E-02 4.557271E-03 4.882999E+00 9.445457E+00 
1.705788E-01 7.706631E-03 3.473976E-01 1.693108E-01 -1.219635E+00 5.115634E-01 -4.533290E-02 8.012705E-01 2.822393E-02 8.222906E-04 4.240023E+00 9.279834E+00 
1.582022E-01 7.982493E-03 3.589452E-01 1.720522E-01 -1.204312E+00 5.834659E-01 -7.574659E-02 9.299899E-01 3.032951E-02 2.167604E-03 3.359716E+00 1.103343E+01 
1.187964E-01 6.770004E-03 3.614579E-01 1.681893E-01 -1.476157E+00 5.991363E-01 -8.839329E-02 9.767208E-01 2.988178E-02 4.284867E-03 4.391970E+00 9.299406E+00 
1.785479E-01 1.981507E-02 4.002100E-01 1.762666E-01 -9.318069E-01 6.000000E-01 -1.531586E-01 9.383231E-01 2.701675E-02 4.104745E-03 5.240760E+00 1.045582E+01 
1.667138E-01 1.522194E-02 3.734807E-01 1.746453E-01 -1.521515E+00 5.900248E-01 -1.610668E-01 9.750038E-01 2.867478E-02 4.222387E-03 5.085453E+00 1.106112E+01 
1.604748E-01 8.544900E-03 3.424869E-01 1.758139E-01 -1.308346E+00 5.886031E-01 -9.367050E-02 9.316576E-01 2.756892E-02 5.749325E-03 4.138103E+00 1.094587E+01 
1.509067E-01 1.180469E-02 3.587408E-01 1.660950E-01 -1.252786E+00 5.258766E-01 -7.270315E-02 1.027621E+00 3.050331E-02 1.910662E-03 4.338222E+00 1.052965E+01 
1.574590E-01 9.383313E-03 3.515922E-01 1.748664E-01 -1.441116E+00 4.946215E-01 -1.137034E-01 9.926132E-01 2.982749E-02 2.676434E-03 4.682134E+00 9.662718E+00 
1.593915E-01 1.239855E-02 3.637243E-01 1.683091E-01 -1.370521E+00 5.949607E-01 -8.098842E-02 9.767306E-01 2.971231E-02 8.392835E-04 4.292417E+00 8.599956E+00 
1.392073E-01 1.989654E-02 3.656475E-01 1.664795E-01 -1.405635E+00 4.776393E-01 -1.088637E-01 8.099944E-01 3.062270E-02 7.920571E-04 4.236988E+00 1.055173E+01 
1.582844E-01 3.677863E-03 3.505790E-01 1.666033E-01 -1.531594E+00 5.521969E-01 -1.078282E-01 9.216280E-01 2.689083E-02 2.910200E-03 4.056212E+00 1.039731E+01 
1.658789E-01 9.299719E-03 3.647998E-01 1.728772E-01 -1.340694E+00 5.475518E-01 -5.412758E-02 9.189435E-01 3.118039E-02 1.530748E-03 3.916239E+00 8.265831E+00 
1.673846E-01 1.827223E-02 3.736313E-01 1.703617E-01 -1.432981E+00 5.494932E-01 -1.932216E-01 9.581061E-01 3.005970E-02 1.212899E-02 3.794241E+00 9.471348E+00 
1.013685E-01 2.386472E-02 3.503538E-01 1.448561E-01 -1.218492E+00 3.683808E-01 -1.000000E-02 9.133083E-01 2.909118E-02 1.783640E-02 3.936359E+00 4.971016E+00 
1.592280E-01 5.585198E-03 3.650067E-01 1.760201E-01 -1.444359E+00 5.161730E-01 -1.069234E-01 9.579147E-01 3.163077E-02 2.201483E-03 3.898260E+00 7.983704E+00 
1.447246E-01 1.071269E-02 3.676463E-01 1.707702E-01 -1.390942E+00 5.689933E-01 -1.241859E-01 8.455528E-01 2.758443E-02 2.109643E-03 4.586032E+00 7.829003E+00 
7.505177E-02 1.861689E-02 3.316273E-01 1.516255E-01 -1.460249E+00 4.945817E-01 -7.930475E-02 7.627907E-01 2.918661E-02 7.054747E-03 3.480875E+00 9.734919E+00 
1.541682E-01 3.960420E-02 3.413549E-01 1.680897E-01 -1.315969E+00 4.708230E-01 -5.822700E-02 1.013570E+00 3.596000E-02 1.496482E-02 5.052593E+00 8.263053E+00 
1.461393E-01 1.008780E-02 3.453562E-01 1.697637E-01 -1.718535E+00 5.855698E-01 -1.440491E-01 9.115997E-01 3.045582E-02 0.000000E+00 5.632085E+00 9.715317E+00 
1.654652E-01 8.201229E-03 3.745063E-01 1.740270E-01 -1.515714E+00 5.808870E-01 -9.036531E-02 7.662150E-01 2.831785E-02 1.365449E-03 4.033897E+00 8.560505E+00 
1.490117E-01 5.099322E-03 3.196051E-01 1.551194E-01 -1.406047E+00 5.361996E-01 -1.208003E-01 9.101936E-01 3.137325E-02 2.880300E-03 4.496069E+00 8.167938E+00 
1.569245E-01 8.840180E-03 3.793531E-01 1.769590E-01 -1.669778E+00 4.851424E-01 -1.095362E-01 6.724472E-01 2.996606E-02 2.036112E-03 4.104699E+00 9.963580E+00 
1.548141E-01 9.169494E-03 3.701606E-01 1.663228E-01 -1.345933E+00 5.830112E-01 -1.408526E-01 9.009582E-01 2.748009E-02 2.427246E-03 4.591272E+00 9.362241E+00 
1.498099E-01 1.002089E-02 3.406305E-01 1.867144E-01 -1.230144E+00 5.948879E-01 -1.189184E-01 9.076154E-01 2.887525E-02 1.280717E-03 5.341400E+00 8.504624E+00 
1.363603E-01 6.005214E-03 3.578489E-01 1.611337E-01 -1.376360E+00 5.472012E-01 -1.127529E-01 1.003236E+00 2.850819E-02 5.888801E-03 5.140977E+00 9.575254E+00 
1.639119E-01 6.109090E-03 3.654435E-01 1.723007E-01 -1.304265E+00 5.762511E-01 -1.409322E-01 9.603622E-01 2.724426E-02 7.793864E-04 3.917778E+00 8.940523E+00 
1.465974E-01 9.698983E-03 3.489799E-01 1.677398E-01 -1.344047E+00 6.000000E-01 -1.282764E-01 9.480372E-01 2.413702E-02 1.515515E-03 4.024081E+00 9.573811E+00 
1.469310E-01 1.155515E-02 3.799008E-01 1.650652E-01 -1.272608E+00 5.519662E-01 -7.688415E-02 8.244216E-01 2.876836E-02 1.647002E-03 4.518120E+00 9.266370E+00 
2.000000E-01 6.728851E-03 3.568274E-01 1.589063E-01 -1.263707E+00 5.685613E-01 -8.171369E-02 8.562527E-01 2.974845E-02 2.442877E-03 5.534795E+00 1.066653E+01 
1.398349E-02 7.860566E-02 3.837486E-01 1.648519E-01 -1.270857E+00 4.090266E-01 -2.954615E-02 1.037255E+00 3.380252E-02 1.691131E-02 4.624628E+00 1.033466E+01 
1.495750E-01 1.361008E-02 3.553257E-01 1.651169E-01 -1.241342E+00 5.326690E-01 -9.873415E-02 9.860316E-01 3.337111E-02 4.690575E-03 4.479226E+00 9.775523E+00 
1.530837E-01 1.058490E-02 3.624926E-01 1.661684E-01 -1.307389E+00 5.866966E-01 -1.116980E-01 9.035341E-01 2.923641E-02 2.624722E-03 4.396603E+00 1.001962E+01 
1.319876E-01 4.988293E-03 3.347807E-01 1.610734E-01 -1.501866E+00 5.735196E-01 -1.521328E-01 9.552760E-01 2.963814E-02 3.655751E-03 4.672874E+00 1.168018E+01 
1.560322E-01 1.133605E-02 3.440136E-01 1.651611E-01 -1.255296E+00 5.621837E-01 -1.451115E-01 9.609422E-01 3.598437E-02 5.610029E-04 4.186390E+00 1.057915E+01 
8.709434E-02 3.372315E-02 3.321999E-01 1.563620E-01 -1.417583E+00 4.546327E-01 -5.500939E-02 8.780638E-01 3.113500E-02 5.777969E-03 3.611343E+00 9.844483E+00 
1.606164E-01 1.083211E-02 3.734126E-01 1.747396E-01 -1.244410E+00 5.640322E-01 -7.781936E-02 8.191496E-01 3.067199E-02 2.908890E-03 5.030568E+00 8.575116E+00 
1.498748E-01 1.519375E-02 3.592885E-01 1.737829E-01 -1.501078E+00 5.734281E-01 -1.505167E-01 1.015754E+00 2.715325E-02 1.539608E-03 4.509490E+00 8.454362E+00 
1.570097E-01 8.299584E-03 3.556858E-01 1.611417E-01 -1.346290E+00 5.745228E-01 -1.365061E-01 7.939656E-01 2.958598E-02 1.227335E-03 4.638883E+00 1.010004E+01 
1.583481E-01 7.223211E-03 3.661449E-01 1.702887E-01 -1.495801E+00 5.900299E-01 -1.152019E-01 8.719726E-01 2.989351E-02 3.237420E-03 4.294809E+00 5.039809E+00 
1.618422E-01 6.953115E-03 3.178040E-01 1.621066E-01 -1.126431E+00 5.503130E-01 -9.776613E-02 1.010335E+00 3.126825E-02 2.276555E-03 4.795985E+00 1.107122E+01 
1.672707E-01 8.684641E-03 3.676613E-01 1.766768E-01 -1.137694E+00 3.969784E-01 -1.429683E-01 9.055026E-01 2.857142E-02 1.675432E-02 4.047435E+00 9.955672E+00 
8.404888E-02 1.497242E-02 3.601130E-01 1.710920E-01 -1.318550E+00 4.289077E-01 -1.046919E-01 9.621151E-01 3.172972E-02 2.454305E-03 4.219453E+00 9.392348E+00 
1.815582E-01 3.672865E-03 3.565629E-01 1.716542E-01 -1.418530E+00 5.916503E-01 -1.326794E-01 8.756576E-01 2.751530E-02 1.186110E-03 4.220971E+00 8.491821E+00 
2.000000E-01 1.000000E-04 3.523018E-01 1.679687E-01 -1.312237E+00 6.000000E-01 -1.165944E-01 8.557188E-01 3.126449E-02 0.000000E+00 5.029538E+00 8.737012E+00 
1.466198E-01 7.270978E-03 3.621694E-01 1.722788E-01 -1.466163E+00 6.000000E-01 -5.673823E-02 8.891137E-01 3.035592E-02 2.622801E-03 4.699713E+00 9.259350E+00 
1.587460E-01 6.774293E-03 3.679564E-01 1.702135E-01 -1.419841E+00 5.706048E-01 -9.267373E-02 8.389318E-01 2.840302E-02 2.514775E-03 3.692827E+00 9.127127E+00 
1.610589E-01 1.227043E-02 3.488140E-01 1.760294E-01 -1.562024E+00 5.959777E-01 -1.572082E-01 9.033345E-01 3.270203E-02 3.445575E-04 4.301454E+00 8.523576E+00 
1.793497E-01 1.796346E-03 3.521882E-01 1.666943E-01 -1.601125E+00 5.354136E-01 -5.787391E-02 8.706349E-01 2.801451E-02 1.758173E-03 4.230291E+00 1.041079E+01 
1.597938E-01 4.693785E-03 3.576715E-01 1.694869E-01 -1.442953E+00 5.849872E-01 -7.828323E-02 9.735785E-01 2.974585E-02 2.467446E-03 4.318801E+00 9.614708E+00 
1.495173E-01 3.893248E-02 3.535443E-01 1.718543E-01 -1.471139E+00 6.000000E-01 -1.192971E-01 9.789314E-01 2.862594E-02 1.319040E-03 4.459704E+00 2.396775E+00 
1.263249E-01 1.445793E-02 3.643285E-01 1.514073E-01 -1.291477E+00 5.070448E-01 -3.978004E-02 8.899855E-01 3.518617E-02 0.000000E+00 3.656997E+00 1.017847E+01 
1.537190E-01 8.821302E-03 3.623145E-01 1.636714E-01 -1.505077E+00 5.748141E-01 -8.970978E-02 9.299516E-01 2.976186E-02 1.278565E-03 4.313976E+00 8.357265E+00 
1.317182E-01 1.235047E-02 3.749212E-01 1.752320E-01 -1.608309E+00 3.771475E-01 -7.466402E-02 9.217784E-01 2.769647E-02 8.164374E-03 4.106752E+00 8.030860E+00 
1.554943E-01 2.800699E-03 3.655450E-01 1.675793E-01 -1.338648E+00 5.782887E-01 -1.422587E-01 8.289729E-01 2.965138E-02 2.810178E-03 3.485181E+00 8.620024E+00 
1.473095E-01 3.602291E-02 3.506616E-01 1.723287E-01 -1.383979E+00 4.079837E-01 -6.596084E-02 9.745640E-01 3.054901E-02 1.416041E-02 4.990798E+00 8.901586E+00 
1.359166E-01 2.848800E-02 3.504309E-01 1.702678E-01 -1.464731E+00 5.236153E-01 -1.465482E-01 9.185722E-01 2.865778E-02 8.341543E-03 4.401643E+00 9.640656E+00 
1.532884E-01 8.436350E-03 3.798979E-01 1.694629E-01 -1.528310E+00 5.555019E-01 -8.894239E-02 9.276792E-01 3.117801E-02 1.412174E-03 3.634100E+00 7.941000E+00 
8.282342E-02 2.741898E-02 3.568661E-01 1.720281E-01 -1.452799E+00 5.377293E-01 -3.903196E-02 8.515770E-01 2.866835E-02 3.307717E-03 2.966240E+00 9.643996E+00 
1.531072E-01 2.402114E-02 3.757995E-01 1.603608E-01 -1.310905E+00 2.417240E-01 -8.689100E-02 5.269501E-01 2.792817E-02 4.488797E-03 4.288446E+00 1.209737E+01 
1.424932E-01 2.143511E-02 3.744840E-01 1.705835E-01 -1.385200E+00 5.945701E-01 -1.407158E-01 1.066095E+00 2.985631E-02 8.725070E-04 4.894275E+00 7.618704E+00 
6.181708E-02 4.268116E-02 2.802125E-01 1.314695E-01 -1.169234E+00 5.034204E-01 -5.435703E-02 9.444781E-01 3.232710E-02 6.687678E-03 3.058517E+00 1.498917E+01 
1.875601E-01 2.883719E-02 3.548045E-01 1.671825E-01 -1.408094E+00 5.951553E-01 -9.009008E-02 1.016002E+00 2.856450E-02 3.082069E-03 4.234547E+00 9.536481E+00 
1.387126E-01 8.921330E-03 3.516029E-01 1.625593E-01 -1.343287E+00 4.846715E-01 -9.570357E-02 9.409526E-01 3.008174E-02 4.273609E-04 4.558811E+00 1.232146E+01 
1.536603E-01 8.596780E-03 3.599878E-01 1.714645E-01 -1.292556E+00 5.772578E-01 -1.127279E-01 9.557253E-01 2.842984E-02 2.805534E-03 4.356005E+00 7.495290E+00 
1.806524E-01 5.795145E-03 3.670050E-01 1.689315E-01 -1.476785E+00 5.545878E-01 -1.461264E-01 9.559483E-01 2.792577E-02 2.868986E-03 3.854262E+00 9.457993E+00 
1.474704E-01 3.946080E-02 3.783886E-01 1.668506E-01 -1.350619E+00 4.479111E-01 -3.912698E-02 9.573997E-01 3.820210E-02 1.420676E-03 3.685235E+00 1.111718E+01 
1.698652E-01 9.437612E-03 3.647838E-01 1.724754E-01 -1.495620E+00 5.977089E-01 -8.940296E-02 1.038464E+00 2.981469E-02 2.260384E-03 4.020625E+00 9.987178E+00 
1.613394E-01 6.265179E-03 3.608237E-01 1.697346E-01 -1.481015E+00 5.556498E-01 -8.868747E-02 9.971056E-01 2.856737E-02 5.262364E-03 3.640842E+00 1.042580E+01 
1.800986E-01 1.000000E-04 3.271485E-01 1.637603E-01 -1.394406E+00 2.982709E-01 -1.403128E-01 9.145952E-01 2.642423E-02 5.989322E-03 4.815452E+00 9.871560E+00 
1.778015E-01 1.184790E-02 3.550460E-01 1.666537E-01 -1.415192E+00 5.925465E-01 -1.544259E-01 7.640647E-01 2.611524E-02 3.151441E-03 4.636705E+00 9.453345E+00 
1.180710E-01 1.201640E-02 3.324744E-01 1.996496E-01 -1.377582E+00 6.000000E-01 -7.951879E-02 1.037439E+00 2.652326E-02 5.374059E-03 3.640360E+00 9.495710E+00 
1.378951E-01 5.270822E-03 3.635153E-01 1.661802E-01 -1.366742E+00 2.495667E-01 -5.552651E-02 1.003722E+00 3.371744E-02 3.580061E-03 3.634659E+00 9.879942E+00 
1.407631E-01 6.647833E-02 3.518131E-01 1.616658E-01 -1.433856E+00 5.664106E-01 -5.804881E-02 8.485840E-01 3.038972E-02 1.884955E-03 4.362647E+00 9.545403E+00 
1.311814E-01 5.868382E-03 3.497112E-01 1.624172E-01 -1.520805E+00 5.860746E-01 -7.627492E-02 9.344121E-01 3.001047E-02 2.041903E-03 4.732885E+00 9.989073E+00 
1.667496E-01 5.202999E-03 3.668473E-01 1.806641E-01 -1.467712E+00 5.985243E-01 -8.674531E-02 7.418023E-01 2.909534E-02 3.424586E-03 4.267385E+00 8.969517E+00 
7.480153E-02 2.418702E-02 3.432091E-01 1.484067E-01 -1.321665E+00 5.687681E-01 -8.581868E-02 8.665255E-01 2.811732E-02 3.207892E-03 4.153138E+00 9.198827E+00 
1.159290E-01 2.247121E-02 3.502842E-01 1.674075E-01 -1.655483E+00 5.134333E-01 -6.522953E-02 9.290748E-01 2.968892E-02 1.509123E-03 4.717048E+00 9.005399E+00 
1.137220E-01 2.321166E-02 3.400941E-01 1.464937E-01 -1.144690E+00 4.752088E-01 -8.907808E-02 8.970941E-01 3.121849E-02 5.791973E-03 3.961278E+00 1.077639E+01 
1.459088E-01 1.378486E-02 3.602993E-01 1.742861E-01 -1.445237E+00 5.717996E-01 -1.104165E-01 8.894140E-01 3.015543E-02 4.302976E-03 3.824569E+00 9.324837E+00 
1.461450E-01 1.237015E-02 3.660413E-01 1.633438E-01 -1.390699E+00 5.679303E-01 -8.217561E-02 8.875474E-01 2.410453E-02 2.263725E-03 4.459103E+00 9.216143E+00 
1.357152E-01 2.643566E-03 3.401069E-01 1.714734E-01 -1.554368E+00 5.557514E-01 -6.802340E-02 9.438617E-01 2.844291E-02 1.199790E-03 4.174515E+00 9.667693E+00 
2.000000E-01 3.609957E-03 3.329097E-01 1.903644E-01 -1.868748E+00 5.810437E-01 -1.763385E-01 9.320218E-01 2.681692E-02 1.298313E-02 5.171524E+00 7.970236E+00 
1.318370E-01 1.265832E-03 3.471545E-01 1.715364E-01 -1.637866E+00 5.832742E-01 -7.451550E-02 9.304830E-01 2.773942E-02 7.713014E-04 3.935272E+00 1.126000E+01 
1.486509E-01 4.017125E-03 3.621645E-01 1.718884E-01 -1.501419E+00 5.523138E-01 -6.667749E-02 8.991074E-01 2.973841E-02 2.296806E-03 3.745102E+00 8.464443E+00 
1.647047E-01 1.245917E-02 3.842240E-01 1.680073E-01 -1.355848E+00 5.964408E-01 -1.550246E-01 1.020028E+00 2.920968E-02 1.471927E-03 4.512994E+00 8.945943E+00 
1.678791E-01 1.968899E-02 3.625324E-01 1.740075E-01 -1.514609E+00 5.856614E-01 -1.040969E-01 9.283337E-01 2.936138E-02 0.000000E+00 3.954432E+00 9.510261E+00 
1.590116E-01 9.351017E-03 3.949869E-01 1.626022E-01 -1.451724E+00 5.564209E-01 -1.290359E-01 9.062820E-01 2.601149E-02 4.772233E-03 4.474661E+00 8.853532E+00 
1.507239E-01 2.445165E-02 3.689960E-01 1.634156E-01 -1.460261E+00 5.935408E-01 -1.204424E-01 8.837763E-01 3.062313E-02 1.739750E-04 3.956157E+00 1.148833E+01 
1.471914E-01 1.566319E-02 3.692867E-01 1.671435E-01 -1.449255E+00 4.929469E-01 -2.783099E-02 9.748590E-01 2.747889E-02 4.797248E-03 4.246580E+00 9.944271E+00 
1.794455E-01 1.107598E-02 3.601377E-01 1.659867E-01 -1.477721E+00 6.000000E-01 -1.826433E-01 1.004030E+00 2.963674E-02 5.784051E-03 3.433273E+00 7.435604E+00 
1.734099E-01 1.837555E-02 3.372477E-01 1.653437E-01 -1.345157E+00 5.828663E-01 -1.267229E-01 9.045412E-01 3.374005E-02 1.177308E-05 3.842928E+00 9.974103E+00 
1.489378E-01 7.341148E-03 3.574159E-01 1.680591E-01 -1.207446E+00 5.849353E-01 -8.682629E-02 9.493203E-01 2.927066E-02 0.000000E+00 4.743311E+00 9.323572E+00 
1.579534E-01 2.709655E-02 3.362490E-01 1.740606E-01 -1.342441E+00 5.734497E-01 -1.249759E-01 9.260943E-01 2.610460E-02 1.769706E-03 4.547817E+00 9.721722E+00 
1.103627E-01 2.553136E-02 3.607825E-01 1.651779E-01 -1.497392E+00 5.146878E-01 -8.832244E-02 1.057913E+00 5.474088E-02 1.525640E-02 4.613432E+00 6.740285E+00 
1.515739E-01 1.227504E-02 3.392266E-01 1.675078E-01 -1.638804E+00 5.737546E-01 -1.274477E-01 9.502855E-01 2.789131E-02 3.638585E-03 4.454386E+00 9.917727E+00 
1.592429E-01 9.849201E-03 3.590452E-01 1.791573E-01 -1.344448E+00 5.634298E-01 -1.973198E-01 9.024570E-01 2.782969E-02 4.986548E-03 4.439892E+00 9.298210E+00 
1.487604E-01 1.468071E-02 3.557456E-01 1.671833E-01 -1.818241E+00 5.417832E-01 -3.593451E-02 1.009390E+00 3.055256E-02 4.961939E-04 3.742891E+00 1.313918E+01 
1.141164E-01 6.281832E-03 3.349460E-01 1.707614E-01 -1.604120E+00 5.692692E-01 -7.731979E-02 9.636346E-01 3.001899E-02 5.405074E-03 4.187791E+00 1.167783E+01 
1.643744E-01 9.456501E-03 3.475971E-01 1.645505E-01 -1.505387E+00 6.000000E-01 -1.036202E-01 9.218232E-01 3.202530E-02 1.845016E-03 4.215091E+00 8.307358E+00 
1.430866E-01 1.154594E-02 3.595715E-01 1.694457E-01 -1.604463E+00 5.708643E-01 -1.001279E-01 9.950053E-01 2.723344E-02 2.882272E-03 4.742179E+00 4.914466E+00 
1.788370E-01 1.031060E-02 3.721057E-01 1.730109E-01 -1.457881E+00 5.748565E-01 -1.469346E-01 1.004033E+00 3.036597E-02 2.736290E-03 3.848543E+00 7.637552E+00 
1.574725E-01 1.084769E-02 3.695345E-01 1.691839E-01 -1.196343E+00 5.933917E-01 -7.873795E-02 9.203089E-01 2.954331E-02 2.518267E-03 3.688715E+00 9.007517E+00 
1.359061E-01 8.299367E-03 3.520259E-01 1.680305E-01 -1.201656E+00 5.263604E-01 -1.159850E-01 9.695060E-01 2.872372E-02 1.416617E-03 6.340166E+00 9.723239E+00 
2.000000E-01 4.081021E-02 3.664212E-01 1.674521E-01 -1.533666E+00 5.277559E-01 -1.186260E-01 1.162445E+00 2.761054E-02 1.199934E-03 4.655284E+00 9.317010E+00 
1.498501E-01 7.379973E-03 3.578519E-01 1.764606E-01 -1.540604E+00 5.795406E-01 -1.112098E-01 9.325885E-01 3.134740E-02 2.708273E-03 3.776267E+00 9.474426E+00 
1.555708E-01 8.998405E-03 3.591335E-01 1.703386E-01 -1.629369E+00 5.362557E-01 -9.310119E-02 1.010282E+00 3.539807E-02 1.744746E-03 4.735424E+00 8.525795E+00 
1.340990E-01 2.275283E-02 3.634855E-01 1.697755E-01 -1.359458E+00 5.696316E-01 -8.963734E-02 8.978917E-01 2.955861E-02 2.681134E-03 4.902924E+00 8.208897E+00 
6.761380E-02 1.000000E-04 3.474942E-01 1.744447E-01 -1.430098E+00 4.604724E-01 -4.886764E-02 1.018167E+00 2.584493E-02 5.979028E-03 4.909801E+00 8.758357E+00 
1.630693E-01 7.022206E-03 3.652666E-01 1.741622E-01 -1.296103E+00 6.000000E-01 -1.360605E-01 8.837252E-01 2.941128E-02 3.648320E-03 4.410277E+00 8.758708E+00 
1.674251E-01 1.282614E-02 3.757217E-01 1.795690E-01 -1.394904E+00 5.852559E-01 -5.619423E-02 9.130304E-01 2.811296E-02 5.318040E-03 4.622949E+00 6.333029E+00 
1.359160E-01 1.862233E-02 3.357644E-01 1.654504E-01 -1.425431E+00 5.106207E-01 -9.501089E-02 8.049577E-01 3.042201E-02 1.739847E-03 4.614338E+00 1.448623E+01 
1.777157E-01 1.143554E-02 3.505879E-01 1.748727E-01 -1.514926E+00 5.525855E-01 -1.014355E-01 8.985048E-01 3.236728E-02 3.086395E-03 4.759612E+00 7.612753E+00 
1.416239E-01 7.382863E-03 3.820745E-01 1.640496E-01 -1.325583E+00 5.843959E-01 -6.073668E-02 9.080419E-01 2.424325E-02 1.305468E-03 4.482122E+00 9.211998E+00 
1.652910E-01 1.129991E-02 3.945678E-01 1.659431E-01 -1.481438E+00 5.810489E-01 -1.598870E-01 9.160919E-01 3.071925E-02 5.042299E-03 4.629378E+00 9.496000E+00 
1.721273E-01 8.887449E-03 3.707944E-01 1.695093E-01 -1.452213E+00 5.712660E-01 -1.451333E-01 9.343568E-01 2.736355E-02 2.837934E-03 4.271520E+00 8.592173E+00 
1.523317E-01 5.706011E-03 3.618268E-01 1.643687E-01 -1.493351E+00 5.480867E-01 -9.027813E-02 1.023921E+00 2.961490E-02 8.491529E-04 5.131273E+00 9.776072E+00 
1.583297E-01 1.053732E-02 3.706621E-01 1.710435E-01 -1.299600E+00 5.584645E-01 -1.215928E-01 8.831762E-01 2.612107E-02 2.377790E-03 4.671954E+00 1.049985E+01 
1.663410E-01 1.129140E-02 3.451844E-01 1.517621E-01 -1.200393E+00 4.466581E-01 -7.535878E-02 1.242528E+00 3.271906E-02 1.649909E-03 4.954664E+00 1.036754E+01 
1.843519E-01 6.897615E-03 3.718217E-01 1.738245E-01 -1.405601E+00 5.954689E-01 -9.901086E-02 8.784097E-01 2.852233E-02 4.193625E-03 4.519399E+00 9.436943E+00 
1.615009E-01 7.039676E-03 3.701570E-01 1.700779E-01 -1.442560E+00 5.144889E-01 -1.098247E-01 1.210496E+00 2.858770E-02 4.846569E-03 4.223900E+00 9.137718E+00 
1.499189E-01 6.112530E-03 3.514748E-01 1.683225E-01 -1.462235E+00 5.272372E-01 -4.183416E-02 7.964552E-01 2.974689E-02 4.017672E-03 3.972118E+00 1.060054E+01 
1.622704E-01 7.152226E-03 3.523164E-01 1.700263E-01 -1.443639E+00 5.369352E-01 -1.097462E-01 9.921708E-01 3.199007E-02 0.000000E+00 4.628775E+00 1.564038E+01 
1.823640E-01 1.000000E-04 3.585618E-01 1.800075E-01 -1.419714E+00 5.730472E-01 -9.441344E-02 8.407386E-01 3.008956E-02 4.233528E-03 4.632950E+00 1.024501E+01 
1.135645E-01 1.000000E-04 3.370505E-01 1.670874E-01 -1.293726E+00 5.852139E-01 -1.357502E-01 9.334823E-01 2.965595E-02 1.633874E-03 4.593566E+00 1.020036E+01 
1.641292E-01 8.765569E-03 3.653124E-01 1.806221E-01 -1.391843E+00 5.815017E-01 -1.091131E-01 8.343692E-01 2.632590E-02 4.260793E-03 4.123463E+00 7.860333E+00 
1.251506E-01 3.917385E-02 3.552636E-01 1.577759E-01 -1.191228E+00 4.197598E-01 -5.117604E-02 1.006195E+00 3.766289E-02 2.413674E-03 4.719615E+00 5.381424E+00 
1.770501E-01 1.131475E-02 3.441468E-01 1.629148E-01 -1.447268E+00 5.658512E-01 -8.304617E-02 1.011002E+00 3.464809E-02 1.402613E-03 5.244939E+00 6.572387E+00 
1.573275E-01 3.425559E-03 3.616932E-01 1.721849E-01 -1.454924E+00 5.687189E-01 -9.611803E-02 9.440450E-01 2.794026E-02 2.322960E-03 4.414139E+00 8.907482E+00 
1.671782E-01 4.636315E-03 3.569195E-01 1.816341E-01 -1.574650E+00 4.981259E-01 -1.101819E-01 9.030548E-01 3.200633E-02 2.476414E-03 3.892161E+00 8.685838E+00 
1.687356E-01 9.271930E-03 3.758984E-01 1.720910E-01 -1.460713E+00 5.894887E-01 -1.411196E-01 1.108107E+00 2.783707E-02 1.712852E-03 4.583913E+00 8.410641E+00 
1.316722E-01 1.374780E-03 3.505493E-01 1.750982E-01 -1.520933E+00 5.842578E-01 -1.094854E-01 9.309455E-01 3.062870E-02 1.382407E-03 3.732340E+00 7.306649E+00 
1.740365E-01 6.905727E-03 3.458775E-01 1.697981E-01 -1.380798E+00 5.818001E-01 -9.594446E-02 9.332739E-01 2.997601E-02 2.227120E-03 3.924438E+00 6.446182E+00 
1.368490E-01 3.002670E-02 3.722541E-01 1.623677E-01 -1.407512E+00 6.000000E-01 -1.459549E-01 8.664470E-01 2.742657E-02 3.344143E-03 4.986466E+00 5.753362E+00 
5.671871E-02 2.065882E-02 3.286807E-01 1.442801E-01 -1.419391E+00 2.951130E-01 -1.000000E-02 1.045210E+00 2.814616E-02 4.265585E-03 3.550915E+00 1.364584E+01 
1.570200E-01 6.379365E-03 3.599065E-01 1.639754E-01 -1.488215E+00 5.814493E-01 -1.113783E-01 8.752184E-01 2.963024E-02 4.168985E-04 5.269856E+00 9.303581E+00 
1.574786E-01 3.759190E-03 3.422042E-01 1.680897E-01 -1.484576E+00 5.918134E-01 -1.196879E-01 9.026198E-01 2.881519E-02 8.172162E-04 4.759136E+00 7.503717E+00 
1.595317E-01 1.405240E-02 3.452242E-01 1.725032E-01 -1.563694E+00 5.681856E-01 -1.152862E-01 9.248580E-01 2.792577E-02 3.128742E-03 4.303569E+00 8.896147E+00 
1.634916E-01 6.913638E-03 3.675877E-01 1.650870E-01 -1.452857E+00 5.617253E-01 -8.947085E-02 8.822973E-01 2.847740E-02 5.831352E-03 4.460210E+00 8.440436E+00 
1.589239E-01 1.125390E-02 3.485586E-01 1.685054E-01 -1.379338E+00 5.930428E-01 -1.511350E-01 9.668865E-01 2.732590E-02 3.785744E-03 4.941753E+00 8.878755E+00 
1.732000E-01 1.594665E-02 3.705850E-01 1.844885E-01 -1.507626E+00 5.875845E-01 -1.479487E-01 9.288408E-01 2.448429E-02 3.005217E-04 4.514991E+00 8.724041E+00 
7.341758E-02 8.437789E-03 2.832951E-01 1.691221E-01 -1.353174E+00 5.087391E-01 -9.376582E-02 9.499920E-01 2.406558E-02 7.286672E-03 4.973543E+00 7.509126E+00 
1.688971E-01 6.402781E-03 3.645595E-01 1.745605E-01 -1.474390E+00 5.978308E-01 -6.709251E-02 9.674044E-01 2.890825E-02 3.293532E-03 4.718071E+00 9.459408E+00 
1.573663E-01 1.898679E-02 3.531216E-01 1.721117E-01 -1.014228E+00 5.873964E-01 -1.639204E-01 9.809280E-01 2.902038E-02 3.403781E-03 4.870184E+00 1.032940E+01 
1.497627E-01 7.729467E-03 3.705781E-01 1.648941E-01 -1.476255E+00 5.979335E-01 -4.024407E-02 9.524729E-01 2.921372E-02 2.161565E-03 3.948413E+00 4.795342E+00 
1.632121E-01 7.039590E-03 3.754885E-01 1.765038E-01 -1.009232E+00 5.814354E-01 -1.553305E-01 9.513198E-01 2.761906E-02 4.000566E-03 4.850028E+00 1.021442E+01 
1.659041E-01 2.059328E-02 3.694096E-01 1.761138E-01 -1.453794E+00 5.905574E-01 -1.281622E-01 9.467683E-01 2.637382E-02 4.573563E-03 4.873219E+00 8.397164E+00 
1.090296E-01 3.433352E-02 3.823269E-01 1.601615E-01 -1.214940E+00 5.376556E-01 -4.395938E-02 8.859583E-01 3.045164E-02 5.836929E-03 3.904800E+00 9.381520E+00 
1.401490E-01 2.795605E-03 3.442067E-01 1.610511E-01 -1.411746E+00 5.925757E-01 -9.737119E-02 9.793243E-01 2.751607E-02 1.926952E-03 3.831102E+00 9.085736E+00 
7.524942E-02 7.929044E-03 3.649803E-01 1.689275E-01 -1.344028E+00 5.735329E-01 -9.100442E-02 9.973789E-01 3.378805E-02 1.459219E-02 3.596723E+00 9.723304E+00 
1.242513E-01 4.217786E-03 3.894566E-01 1.621559E-01 -1.233794E+00 4.734096E-01 -7.401487E-02 9.970262E-01 3.335041E-02 6.925514E-03 4.733547E+00 9.471788E+00 
1.528143E-01 1.285845E-02 3.679227E-01 1.738972E-01 -1.289572E+00 5.668997E-01 -1.266271E-01 8.432799E-01 2.880283E-02 3.898281E-03 4.129395E+00 1.005484E+01 
1.676367E-01 1.133547E-02 3.502065E-01 1.756418E-01 -1.441707E+00 5.904294E-01 -9.490244E-02 9.559956E-01 3.302128E-02 2.760569E-03 4.423384E+00 1.028325E+01 
1.703514E-01 3.623793E-03 3.539690E-01 1.670406E-01 -1.521181E+00 5.970259E-01 -1.114271E-01 9.180754E-01 2.860125E-02 1.901123E-03 4.972011E+00 6.520431E+00 
1.041459E-01 5.731151E-02 3.374739E-01 1.689053E-01 -1.069768E+00 5.612983E-01 -1.658720E-01 8.277731E-01 2.655304E-02 1.468145E-02 4.661246E+00 1.022540E+01 
1.483876E-01 2.084495E-02 3.723444E-01 1.677857E-01 -1.383805E+00 6.000000E-01 -7.149396E-02 1.034759E+00 2.875261E-02 6.859350E-03 4.500941E+00 1.050144E+01 
1.627663E-01 1.240379E-02 3.509094E-01 1.781654E-01 -1.391972E+00 5.971542E-01 -7.179250E-02 9.134625E-01 2.780680E-02 1.134113E-03 4.775719E+00 1.084161E+01 
1.572798E-01 8.391125E-03 3.522945E-01 1.653552E-01 -1.339303E+00 5.892176E-01 -1.969956E-01 8.769223E-01 2.793199E-02 3.033182E-03 4.934955E+00 1.014264E+01 
1.730633E-01 5.517744E-03 3.747596E-01 1.748955E-01 -1.277319E+00 5.935048E-01 -8.785633E-02 9.225015E-01 2.659297E-02 2.135143E-03 4.363274E+00 9.343215E+00 
1.772110E-01 1.122553E-02 3.672323E-01 1.704279E-01 -1.353031E+00 5.764717E-01 -8.367018E-02 1.005154E+00 2.634288E-02 6.207318E-03 4.669381E+00 1.009705E+01 
1.590815E-01 1.475578E-02 3.660278E-01 1.703055E-01 -1.435073E+00 5.344449E-01 -7.940775E-02 1.039230E+00 3.084263E-02 4.471905E-03 4.284642E+00 7.107344E+00 
1.610356E-01 9.661141E-03 3.543674E-01 1.663164E-01 -1.377377E+00 5.965316E-01 -8.518373E-02 9.276689E-01 2.380541E-02 3.316612E-03 4.149159E+00 9.131359E+00 
1.461421E-01 7.269974E-03 3.332833E-01 1.674259E-01 -1.471531E+00 5.024250E-01 -6.997410E-02 9.552682E-01 2.784530E-02 2.636777E-03 4.584770E+00 9.736524E+00 
1.682273E-01 9.735469E-03 3.662138E-01 1.791700E-01 -1.671437E+00 5.872274E-01 -1.409353E-01 9.364753E-01 3.181576E-02 3.619599E-03 4.191117E+00 9.209033E+00 
1.360499E-01 2.399429E-02 3.338208E-01 1.630878E-01 -1.529490E+00 5.245395E-01 -3.883382E-02 1.042655E+00 3.354151E-02 1.404925E-03 4.032362E+00 9.586278E+00 
1.589523E-01 5.213115E-02 3.580149E-01 1.695517E-01 -1.333962E+00 4.922091E-01 -2.243133E-02 9.936174E-01 3.064910E-02 1.121648E-02 4.447502E+00 9.367473E+00 
1.782247E-01 1.021730E-02 3.259318E-01 1.784828E-01 -1.560199E+00 5.536653E-01 -1.086289E-01 9.682415E-01 2.918554E-02 0.000000E+00 4.054499E+00 8.381119E+00 
1.404445E-01 2.261115E-02 3.581890E-01 1.714649E-01 -1.604573E+00 5.821254E-01 -1.084262E-01 1.020892E+00 2.956650E-02 3.354512E-03 3.967927E+00 9.074880E+00 
1.880597E-01 1.098519E-02 3.644166E-01 1.676950E-01 -1.317911E+00 5.196255E-01 -1.377494E-01 9.415344E-01 2.817700E-02 4.171763E-03 4.378106E+00 1.056525E+01 
1.326213E-01 2.230884E-02 3.534191E-01 1.488326E-01 -1.410363E+00 5.685945E-01 -6.730647E-02 9.816027E-01 2.568557E-02 3.137624E-03 3.077265E+00 8.721514E+00 
1.315280E-01 3.174442E-02 3.667546E-01 1.721598E-01 -9.501454E-01 4.817899E-01 -9.038891E-02 8.653886E-01 2.768689E-02 5.518820E-03 3.969697E+00 1.117671E+01 
1.604998E-01 1.367031E-02 3.528995E-01 1.730902E-01 -1.561102E+00 5.809839E-01 -1.093215E-01 9.402685E-01 2.727451E-02 2.321194E-03 4.977883E+00 8.037428E+00 
1.441766E-01 7.333391E-03 3.756838E-01 1.634481E-01 -1.289132E+00 4.405187E-01 -8.194631E-02 1.064493E+00 2.494410E-02 4.588354E-03 3.675831E+00 9.382498E+00 
1.610559E-01 6.333091E-03 3.555298E-01 1.635146E-01 -1.523479E+00 5.759965E-01 -1.182199E-01 9.677894E-01 3.033156E-02 2.902827E-03 4.923773E+00 9.380736E+00 
1.575860E-01 1.310205E-02 3.591115E-01 1.627244E-01 -1.211328E+00 5.405073E-01 -1.598756E-01 9.963518E-01 2.932647E-02 3.241593E-03 4.737652E+00 9.163127E+00 
1.185430E-01 6.511069E-02 3.466750E-01 1.538436E-01 -1.216328E+00 5.069632E-01 -2.355260E-02 9.879484E-01 2.862570E-02 1.766218E-02 4.076576E+00 7.917458E+00 
1.398881E-01 4.792861E-02 3.642755E-01 1.498905E-01 -1.047921E+00 3.488207E-01 -9.856768E-02 1.011017E+00 3.448363E-02 3.751406E-03 4.728990E+00 8.594102E+00 
1.514925E-01 1.499451E-02 3.655033E-01 1.679786E-01 -1.447715E+00 5.778298E-01 -8.645167E-02 9.168309E-01 3.007078E-02 2.457615E-03 4.645719E+00 9.254880E+00 
1.534378E-01 6.917716E-03 3.663885E-01 1.713966E-01 -1.362786E+00 5.650031E-01 -8.315830E-02 9.663667E-01 2.569757E-02 2.502806E-03 4.418829E+00 9.798939E+00 
1.492304E-01 9.676618E-03 3.476417E-01 1.689075E-01 -1.484933E+00 5.474358E-01 -7.367615E-02 9.641443E-01 3.216741E-02 2.783701E-03 3.055399E+00 1.203191E+01 
1.563270E-01 1.188195E-02 3.509565E-01 1.735443E-01 -1.378770E+00 5.874707E-01 -1.267569E-01 9.014498E-01 3.027629E-02 3.276768E-03 4.402402E+00 9.042842E+00 
8.224029E-02 6.711542E-02 3.645726E-01 1.712830E-01 -1.640748E+00 4.477703E-01 -6.793235E-02 9.757998E-01 4.203750E-02 1.335488E-03 4.713572E+00 5.490053E+00 
1.865951E-01 1.000000E-04 3.808541E-01 1.717641E-01 -1.409167E+00 6.000000E-01 -9.238412E-02 7.288796E-01 3.723130E-02 1.676218E-03 4.465732E+00 1.069161E+01 
1.360794E-01 1.535360E-02 3.359403E-01 1.605472E-01 -7.875786E-01 5.481195E-01 -5.483585E-02 9.285488E-01 3.001408E-02 3.961372E-03 4.459939E+00 7.962379E+00 
1.487895E-01 3.498321E-02 4.226356E-01 1.491620E-01 -1.277333E+00 4.032309E-01 -1.280329E-01 5.432480E-02 2.722670E-02 3.967495E-03 4.250322E+00 1.140759E+01 
7.477525E-02 6.147373E-02 3.232952E-01 1.545207E-01 -1.486416E+00 4.392947E-01 -4.465936E-02 8.267441E-01 3.090140E-02 5.828151E-03 4.787917E+00 5.743747E+00 
1.775470E-01 9.949614E-03 3.618962E-01 1.675932E-01 -1.302075E+00 5.610035E-01 -1.403012E-01 9.477639E-01 2.749590E-02 4.659304E-03 4.827936E+00 9.857457E+00 
1.534251E-01 1.104713E-02 3.307208E-01 1.688229E-01 -1.509361E+00 5.710250E-01 -1.349000E-01 9.810715E-01 3.087971E-02 2.911659E-03 4.510936E+00 9.219342E+00 
1.574561E-01 1.093605E-02 3.527626E-01 1.704404E-01 -1.415523E+00 5.967479E-01 -1.229773E-01 9.615972E-01 2.950074E-02 2.579523E-03 4.542290E+00 8.797137E+00 
1.302114E-01 8.211667E-03 3.531003E-01 1.654570E-01 -1.646844E+00 5.874039E-01 -2.160590E-02 1.064920E+00 2.877431E-02 5.887853E-03 5.296480E+00 6.918449E+00 
1.427510E-01 6.697738E-03 3.343233E-01 1.686325E-01 -1.561038E+00 5.714009E-01 -8.314692E-02 1.046955E+00 2.746450E-02 5.727345E-04 4.438880E+00 9.559494E+00 
1.496038E-01 1.782764E-02 3.399864E-01 1.715508E-01 -1.610545E+00 5.616960E-01 -6.241913E-02 9.336810E-01 2.717116E-02 1.388010E-03 4.442245E+00 1.122270E+01 
1.474460E-01 2.102594E-02 3.581490E-01 1.669584E-01 -1.230682E+00 5.527014E-01 -8.520330E-02 1.017359E+00 3.164909E-02 1.159112E-02 4.586950E+00 2.514453E+00 
1.343512E-01 9.540532E-03 3.688415E-01 1.716434E-01 -1.442364E+00 5.344963E-01 -9.803386E-02 9.061011E-01 3.144344E-02 5.945297E-03 4.604521E+00 1.268177E+01 
1.715074E-01 3.325297E-02 3.564096E-01 1.639687E-01 -1.157156E+00 5.600447E-01 -8.315259E-02 1.030503E+00 2.548443E-02 4.729893E-03 4.604509E+00 7.837832E+00 
1.696199E-01 1.289588E-02 3.744035E-01 1.703016E-01 -1.316329E+00 5.533762E-01 -1.210855E-01 7.366301E-01 2.822924E-02 2.223770E-03 4.381017E+00 1.043161E+01 
1.649003E-01 4.263935E-03 3.563339E-01 1.658130E-01 -1.699313E+00 6.000000E-01 -2.000000E-01 9.063875E-01 2.647669E-02 2.763143E-03 3.865429E+00 8.946562E+00 
1.496859E-01 3.750521E-03 3.732784E-01 1.712342E-01 -1.567081E+00 5.622455E-01 -6.010236E-02 9.243421E-01 2.811506E-02 4.077140E-03 3.841775E+00 8.110271E+00 
1.505090E-01 4.636545E-02 3.589314E-01 1.650962E-01 -1.234654E+00 5.384870E-01 -1.222944E-01 8.329224E-01 2.663428E-02 1.504740E-03 4.168812E+00 9.831202E+00 
1.692529E-01 9.472144E-03 3.600279E-01 1.608648E-01 -1.761678E+00 5.303529E-01 -1.472198E-01 8.649392E-01 3.485220E-02 1.132317E-02 4.208807E+00 1.139125E+01 
1.774099E-01 1.000000E-04 3.777419E-01 1.738756E-01 -1.318811E+00 5.740374E-01 -1.346409E-01 9.197153E-01 2.945064E-02 4.976098E-03 4.181217E+00 9.795435E+00 
1.606190E-01 1.490604E-02 3.823124E-01 1.645719E-01 -1.407729E+00 5.818477E-01 -1.371040E-01 9.318751E-01 2.625275E-02 1.758189E-03 4.291068E+00 7.837253E+00 
1.818252E-01 1.789210E-02 3.506614E-01 1.713692E-01 -1.547085E+00 5.928760E-01 -7.042995E-02 8.656361E-01 2.971612E-02 1.588260E-03 3.955215E+00 8.990174E+00 
1.575964E-01 6.107669E-03 3.827552E-01 1.692584E-01 -1.709452E+00 5.871406E-01 -1.196564E-01 1.073856E+00 3.179759E-02 1.701737E-03 4.825617E+00 5.165884E+00 
1.628264E-01 1.554355E-02 3.518652E-01 1.671838E-01 -1.311194E+00 5.845972E-01 -1.270984E-01 8.930177E-01 2.872909E-02 4.521395E-03 5.028822E+00 6.340988E+00 
3.012772E-02 2.341081E-02 3.483733E-01 1.453002E-01 -1.342187E+00 3.989407E-01 -9.261988E-02 8.790468E-01 2.980342E-02 1.125678E-02 3.937255E+00 1.199681E+01 
1.489498E-01 9.004294E-03 3.537572E-01 1.651328E-01 -1.435584E+00 4.060622E-01 -7.679515E-02 9.785153E-01 3.197767E-02 3.730330E-03 4.089846E+00 1.028189E+01 
1.638305E-01 4.940309E-03 3.637150E-01 1.615706E-01 -1.404955E+00 5.601219E-01 -1.113725E-01 8.458484E-01 2.987184E-02 1.596088E-03 3.594446E+00 9.130952E+00 
1.485104E-01 9.031590E-03 3.528449E-01 1.663830E-01 -1.337001E+00 5.931010E-01 -6.746825E-02 8.881845E-01 3.197820E-02 1.863036E-03 4.402451E+00 9.883474E+00 
1.720798E-01 1.114592E-02 3.749708E-01 1.691162E-01 -1.270756E+00 5.441530E-01 -3.217143E-02 9.889246E-01 3.042223E-02 2.439120E-03 4.536709E+00 1.049537E+01 
1.512432E-01 1.095410E-02 3.615956E-01 1.667167E-01 -1.378789E+00 5.691183E-01 -3.945875E-02 8.815946E-01 3.139914E-02 2.082239E-03 4.209718E+00 9.098516E+00 
1.961856E-01 3.035594E-02 3.614949E-01 1.510210E-01 -1.162636E+00 4.730499E-01 -9.109135E-02 9.170031E-01 3.246526E-02 6.358296E-03 3.743504E+00 3.526708E+00 
1.467089E-01 6.442271E-03 3.715907E-01 1.743779E-01 -1.762555E+00 5.541088E-01 -1.092512E-01 9.958358E-01 2.958781E-02 7.064974E-03 5.096089E+00 9.109650E+00 
1.734228E-01 1.095671E-02 3.618808E-01 1.713979E-01 -1.338697E+00 6.000000E-01 -1.149970E-01 8.812144E-01 3.114979E-02 1.822130E-03 4.260407E+00 9.841949E+00 
1.526082E-01 4.573512E-03 3.403169E-01 1.686947E-01 -1.352644E+00 6.000000E-01 -1.092247E-01 9.311119E-01 3.051570E-02 4.040454E-03 4.625854E+00 1.029770E+01 
1.347258E-01 2.676618E-02 3.913645E-01 1.710560E-01 -1.420675E+00 5.594331E-01 -1.375380E-01 8.410302E-01 2.948073E-02 9.206071E-03 3.892316E+00 5.677361E+00 
1.722254E-01 1.314626E-02 3.720313E-01 1.715998E-01 -1.551089E+00 5.847523E-01 -1.395654E-01 1.009774E+00 3.026728E-02 2.155032E-03 4.692676E+00 8.722103E+00 
1.485380E-01 6.970334E-03 3.551837E-01 1.721023E-01 -1.486902E+00 5.708943E-01 -9.790829E-02 8.721611E-01 2.851319E-02 2.553449E-03 4.684669E+00 9.659894E+00 
1.555244E-01 1.184033E-02 3.419973E-01 1.690537E-01 -1.470886E+00 3.734960E-01 -6.349798E-02 8.725238E-01 2.904361E-02 1.001143E-03 3.994983E+00 1.291650E+01 
1.616137E-01 3.937356E-03 3.698937E-01 1.761597E-01 -1.360758E+00 6.000000E-01 -1.204457E-01 8.014086E-01 2.699221E-02 0.000000E+00 3.829080E+00 9.704695E+00 
1.113142E-01 6.229400E-03 3.576930E-01 1.720981E-01 -1.615437E+00 5.195765E-01 -4.838641E-02 9.527779E-01 2.619550E-02 2.956629E-03 4.468652E+00 9.474583E+00 
1.624900E-01 6.553363E-03 3.587655E-01 1.751337E-01 -1.658164E+00 5.915120E-01 -1.004371E-01 9.741613E-01 2.885145E-02 3.813468E-03 4.131798E+00 6.794752E+00 
1.151953E-01 2.078394E-02 3.449358E-01 1.556582E-01 -1.454529E+00 3.950662E-01 -5.190417E-02 9.594727E-01 3.803395E-02 2.245104E-02 5.442024E+00 8.215384E+00 
1.423554E-01 9.599400E-03 3.519219E-01 1.660200E-01 -1.408605E+00 5.784496E-01 -1.022249E-01 8.928994E-01 3.219531E-02 3.096072E-03 4.153947E+00 1.022985E+01 
1.476319E-01 1.072566E-02 3.641015E-01 1.707865E-01 -1.377969E+00 5.891122E-01 -1.598649E-01 9.173583E-01 2.639314E-02 3.475798E-03 3.922118E+00 9.742034E+00 
1.626865E-01 8.773518E-03 3.444834E-01 1.663796E-01 -1.519371E+00 5.802381E-01 -2.000000E-01 1.057011E+00 2.543535E-02 5.440388E-03 4.835313E+00 8.921452E+00 
1.690066E-01 1.483964E-02 3.500785E-01 1.725462E-01 -1.501172E+00 5.933611E-01 -1.179767E-01 9.437847E-01 2.971264E-02 2.434123E-03 4.067891E+00 6.423049E+00 
1.406112E-01 9.219991E-03 3.341225E-01 1.721374E-01 -1.395410E+00 5.606744E-01 -1.109022E-01 8.903108E-01 2.834882E-02 2.863699E-03 4.157835E+00 9.321273E+00 
1.825190E-01 6.399438E-03 3.765595E-01 1.689269E-01 -1.508226E+00 5.866275E-01 -1.679123E-01 9.222180E-01 3.020069E-02 2.755814E-03 4.149554E+00 1.117217E+01 
1.285053E-01 9.483833E-03 3.512856E-01 1.853950E-01 -1.331345E+00 5.706929E-01 -1.171972E-01 9.103311E-01 3.003747E-02 2.243554E-03 4.566300E+00 8.041272E+00 
1.577573E-01 1.562931E-02 3.700075E-01 1.709195E-01 -1.308354E+00 4.684161E-01 -8.203587E-02 8.226349E-01 3.047452E-02 2.558563E-03 4.815175E+00 8.957545E+00 
1.536738E-01 1.115084E-02 3.519013E-01 1.697638E-01 -1.586089E+00 5.454218E-01 -8.947903E-02 8.654028E-01 3.101946E-02 2.400746E-03 4.784335E+00 8.860959E+00 
1.189011E-01 5.554242E-02 3.762682E-01 1.634157E-01 -1.239868E+00 4.998008E-01 -1.302118E-01 8.485261E-01 2.975480E-02 8.328174E-03 4.417969E+00 6.990232E+00 
1.637563E-01 1.179156E-02 3.601434E-01 1.662409E-01 -1.401519E+00 5.969466E-01 -8.644049E-02 1.114161E+00 2.603492E-02 2.228662E-03 3.216231E+00 8.695120E+00 
1.477018E-01 1.159493E-02 3.556994E-01 1.671755E-01 -1.600376E+00 5.616370E-01 -7.038767E-02 1.017999E+00 2.986495E-02 3.181064E-03 4.227786E+00 9.359354E+00 
1.594895E-01 9.735217E-03 3.969555E-01 1.639496E-01 -1.608830E+00 5.866160E-01 -8.394623E-02 9.329088E-01 2.678286E-02 4.094700E-04 4.106656E+00 1.182958E+01 
1.444204E-01 1.551517E-02 3.458827E-01 1.847089E-01 -1.260265E+00 5.836449E-01 -1.417125E-01 9.202611E-01 2.973312E-02 8.487854E-03 4.302066E+00 8.720105E+00 
1.382046E-01 1.408852E-02 3.422812E-01 1.708954E-01 -1.561741E+00 5.579785E-01 -5.769659E-02 9.629491E-01 2.700421E-02 7.894624E-04 4.940476E+00 1.017167E+01 
1.085810E-01 3.524917E-02 3.331505E-01 1.696947E-01 -1.502043E+00 5.321981E-01 -1.724686E-02 9.514940E-01 4.493266E-02 5.653694E-03 4.357606E+00 7.939362E+00 
1.332466E-01 6.534720E-03 3.506393E-01 1.623678E-01 -1.553665E+00 5.562724E-01 -5.470428E-02 1.137185E+00 2.839789E-02 8.345627E-03 5.024678E+00 4.642272E+00 
1.535168E-01 1.383540E-02 3.634920E-01 1.708124E-01 -1.417651E+00 5.436150E-01 -6.773822E-02 9.632041E-01 2.813581E-02 5.354502E-03 4.570784E+00 8.126489E+00 
8.670453E-02 3.522571E-02 3.524319E-01 1.507918E-01 -1.433635E+00 4.279192E-01 -6.049538E-02 9.435410E-01 3.502120E-02 1.002080E-02 4.026866E+00 6.598777E+00 
1.589935E-01 5.329681E-03 3.311388E-01 1.667758E-01 -1.546766E+00 6.000000E-01 -1.444342E-01 8.880441E-01 2.857686E-02 1.669550E-03 4.789755E+00 9.539255E+00 
1.598067E-01 1.124596E-02 3.558150E-01 1.703783E-01 -1.578442E+00 5.228340E-01 -1.007210E-01 9.161303E-01 3.033488E-02 2.976527E-03 4.006422E+00 8.678426E+00 
1.461244E-01 4.539625E-03 3.627865E-01 1.656340E-01 -1.460970E+00 6.000000E-01 -1.338294E-01 8.609744E-01 3.035998E-02 4.205247E-03 4.562499E+00 1.021013E+01 
1.435941E-01 8.973346E-03 3.670308E-01 1.722114E-01 -1.667124E+00 5.663780E-01 -8.552229E-02 9.356622E-01 2.831494E-02 2.962731E-03 3.911842E+00 9.148520E+00 
1.539127E-01 1.721669E-02 3.653445E-01 1.737061E-01 -1.532765E+00 5.864960E-01 -1.266170E-01 9.994522E-01 3.721393E-02 6.538851E-03 4.550825E+00 8.154942E+00 
1.433750E-01 1.574721E-02 3.792078E-01 1.592445E-01 -1.402752E+00 5.464650E-01 -5.433431E-02 5.450027E-01 2.630861E-02 4.862200E-03 3.244710E+00 8.267138E+00 
1.582683E-01 1.073128E-02 3.699031E-01 1.731387E-01 -1.581561E+00 5.176847E-01 -7.888962E-02 8.963608E-01 3.187674E-02 2.804341E-03 4.236708E+00 8.515843E+00 
1.732178E-01 1.031824E-02 3.639745E-01 1.764308E-01 -1.311037E+00 4.517859E-01 -1.028798E-01 8.959409E-01 2.816734E-02 1.350860E-03 4.527771E+00 9.428728E+00 
1.542050E-01 1.338486E-02 3.599044E-01 1.679224E-01 -1.275916E+00 5.968568E-01 -1.044671E-01 8.609259E-01 3.109104E-02 1.699090E-03 4.201591E+00 1.313457E+01 
1.125459E-01 2.174080E-02 4.319101E-01 1.617135E-01 -9.752050E-01 4.901841E-01 -4.845741E-02 9.495305E-01 2.937261E-02 1.099688E-02 4.031370E+00 8.078959E+00 
1.713282E-01 1.368081E-02 3.705070E-01 1.698865E-01 -1.379911E+00 5.727426E-01 -1.432568E-01 9.443643E-01 2.673726E-02 2.055437E-03 4.357965E+00 9.592260E+00 
1.274949E-01 1.585399E-02 3.251184E-01 1.650111E-01 -1.218730E+00 5.846963E-01 -8.816170E-02 9.983155E-01 3.220158E-02 5.154124E-03 4.197515E+00 9.410262E+00 
3.423033E-02 4.889439E-02 3.350608E-01 1.687435E-01 -7.162773E-01 4.769218E-01 -1.740970E-01 9.303892E-01 3.124001E-02 3.066734E-03 5.165335E+00 1.086186E+01 
1.567142E-01 1.758037E-02 3.637982E-01 1.751904E-01 -1.450879E+00 6.000000E-01 -1.379861E-01 9.545232E-01 3.059224E-02 1.090109E-02 4.763257E+00 9.687653E+00 
1.668112E-01 8.032344E-03 3.884176E-01 1.705688E-01 -1.537361E+00 5.922869E-01 -6.066996E-02 8.915918E-01 2.789725E-02 2.054854E-04 3.805234E+00 7.797733E+00 
3.490389E-02 1.437926E-02 3.747279E-01 1.308060E-01 -1.324705E+00 5.582892E-01 -1.084415E-01 1.085282E+00 2.699146E-02 8.115617E-03 4.805524E+00 8.235804E+00 
1.730313E-01 7.467625E-03 3.490311E-01 1.729840E-01 -1.459804E+00 5.593583E-01 -9.990269E-02 9.941648E-01 2.730741E-02 3.470360E-03 4.117834E+00 9.470185E+00 
4.432808E-02 5.888905E-02 3.217862E-01 1.481844E-01 -1.286846E+00 4.374898E-01 -6.250480E-02 1.058145E+00 2.599864E-02 5.462961E-03 4.383163E+00 1.052680E+01 
1.714244E-01 9.723817E-03 3.654910E-01 1.717445E-01 -1.351405E+00 5.751492E-01 -7.057678E-02 9.792663E-01 2.974964E-02 2.525243E-03 4.195668E+00 9.164985E+00 
1.765921E-01 1.378242E-02 3.588398E-01 1.703400E-01 -1.464762E+00 5.180834E-01 -1.052669E-01 8.878367E-01 2.959904E-02 1.028591E-02 4.400804E+00 9.232381E+00 
8.347968E-02 2.491516E-02 3.282400E-01 1.676869E-01 -1.349722E+00 3.226368E-01 -1.159290E-01 8.245246E-01 3.127243E-02 1.182717E-02 4.539392E+00 7.567580E+00 
1.418473E-01 3.993728E-03 3.411317E-01 1.703923E-01 -1.428071E+00 5.667154E-01 -1.095391E-01 9.248405E-01 3.388915E-02 2.193852E-03 3.836291E+00 9.177392E+00 
1.256683E-01 8.906590E-03 3.528139E-01 1.757367E-01 -1.521572E+00 5.537069E-01 -1.306909E-01 1.121076E+00 2.872597E-02 4.017221E-03 4.262477E+00 6.369523E+00 
1.570683E-01 1.038118E-02 3.674194E-01 1.716256E-01 -1.448853E+00 5.901700E-01 -1.150614E-01 1.017934E+00 3.500035E-02 4.029194E-03 4.369523E+00 1.121772E+01 
1.625981E-01 5.797473E-03 3.651241E-01 1.705022E-01 -1.639441E+00 5.567911E-01 -7.674799E-02 1.023507E+00 3.179980E-02 1.466734E-03 4.328664E+00 8.676245E+00 
1.843954E-01 1.642938E-02 3.576471E-01 1.685978E-01 -1.213487E+00 5.506409E-01 -1.677635E-01 9.197459E-01 2.849225E-02 2.723296E-03 4.862338E+00 9.622114E+00 
1.935252E-01 4.256212E-03 3.822776E-01 1.723742E-01 -1.479619E+00 5.612395E-01 -1.489621E-01 9.452603E-01 2.841140E-02 1.763099E-03 4.356148E+00 7.690464E+00 
1.404864E-01 2.581053E-03 3.408732E-01 1.713077E-01 -1.490173E+00 5.826520E-01 -7.173820E-02 8.163767E-01 2.974228E-02 2.450870E-03 3.909401E+00 9.590271E+00 
1.627379E-01 2.408947E-02 3.648051E-01 1.755786E-01 -1.327125E+00 5.931196E-01 -7.133325E-02 9.861253E-01 2.932469E-02 5.360140E-03 4.034674E+00 7.313038E+00 
1.143642E-01 1.096356E-02 3.520758E-01 1.678276E-01 -1.618608E+00 4.911620E-01 -6.524652E-02 9.200443E-01 2.911369E-02 1.463836E-03 3.861211E+00 1.028409E+01 
1.604320E-01 2.149055E-02 3.488390E-01 1.693469E-01 -1.606458E+00 5.714555E-01 -1.305532E-01 1.002354E+00 2.893191E-02 8.104577E-03 5.021135E+00 1.161442E+01 
1.441717E-01 7.135214E-03 3.597212E-01 1.696361E-01 -1.323906E+00 5.645529E-01 -1.035386E-01 9.236017E-01 2.788477E-02 6.337426E-04 4.717042E+00 1.105010E+01 
1.373797E-01 1.025097E-02 3.514787E-01 1.676451E-01 -1.408622E+00 5.463128E-01 -9.152761E-02 9.564308E-01 2.594608E-02 3.724457E-03 4.825036E+00 1.010915E+01 
1.375518E-01 5.960048E-03 3.501088E-01 1.633393E-01 -1.247811E+00 5.778100E-01 -5.590700E-02 9.778416E-01 2.909887E-02 2.248124E-03 3.508499E+00 8.703747E+00 
1.481729E-01 2.719182E-03 3.620764E-01 1.669742E-01 -1.462270E+00 5.739211E-01 -8.149758E-02 8.927925E-01 3.029876E-02 1.556075E-03 4.817288E+00 9.839891E+00 
1.710978E-01 4.974261E-03 3.577601E-01 1.800505E-01 -1.378768E+00 5.481716E-01 -1.011702E-01 7.903287E-01 3.187304E-02 2.665635E-03 4.186488E+00 9.597571E+00 
1.581519E-01 9.342424E-03 3.544554E-01 1.746371E-01 -1.508433E+00 5.624306E-01 -6.231228E-02 7.967785E-01 3.131537E-02 0.000000E+00 4.386996E+00 8.101743E+00 
1.599652E-01 1.030877E-02 3.713686E-01 1.728621E-01 -1.506620E+00 5.968232E-01 -1.486572E-01 9.479534E-01 3.531186E-02 7.133509E-04 3.951879E+00 7.695700E+00 
1.808546E-01 1.065020E-02 3.560812E-01 1.751161E-01 -1.305101E+00 5.766747E-01 -9.782014E-02 9.380982E-01 2.670203E-02 4.636850E-03 4.198235E+00 8.687678E+00 
1.695331E-01 4.472828E-03 3.518887E-01 1.670658E-01 -1.353135E+00 5.710293E-01 -1.465296E-01 9.041059E-01 2.984820E-02 2.900421E-03 3.980972E+00 7.491192E+00 
1.320173E-01 4.986048E-02 3.522124E-01 1.543463E-01 -1.236831E+00 4.217720E-01 -7.739911E-02 9.831818E-01 3.298787E-02 1.418002E-02 4.382014E+00 1.371924E+01 
1.595804E-01 2.652809E-03 3.592764E-01 1.669446E-01 -1.468765E+00 5.240786E-01 -8.611904E-02 8.270984E-01 2.794026E-02 1.839795E-03 4.049402E+00 8.824090E+00 
1.634958E-01 7.262267E-03 3.687271E-01 1.703855E-01 -1.394963E+00 5.492415E-01 -8.949737E-02 9.890531E-01 3.343714E-02 2.231927E-03 4.252920E+00 9.556388E+00 
1.448665E-01 3.778424E-03 3.697968E-01 1.628892E-01 -1.232450E+00 4.728272E-01 -2.358537E-02 9.296796E-01 2.921627E-02 1.388303E-02 4.785466E+00 1.065139E+01 
1.623142E-01 1.049542E-02 3.640263E-01 1.733265E-01 -1.617079E+00 5.632240E-01 -7.813077E-02 8.553148E-01 2.774898E-02 3.394648E-03 4.777381E+00 9.463052E+00 
1.391525E-01 5.259598E-02 3.608927E-01 1.757448E-01 -1.573472E+00 4.400341E-01 -9.892028E-02 9.585427E-01 3.498147E-02 1.425560E-02 5.171294E+00 5.868023E+00 
1.613164E-01 4.634472E-03 3.530119E-01 1.729089E-01 -1.388834E+00 5.361041E-01 -1.399106E-01 8.688695E-01 3.311697E-02 2.403163E-03 3.914154E+00 8.350119E+00 
1.563902E-01 7.139632E-03 3.518364E-01 1.599176E-01 -1.348333E+00 5.836921E-01 -8.107235E-02 8.919441E-01 2.940604E-02 4.024548E-04 3.813254E+00 1.150381E+01 
1.499451E-01 1.037789E-02 3.713396E-01 1.671048E-01 -1.567846E+00 5.876027E-01 -1.329404E-01 8.953918E-01 3.039438E-02 4.504612E-03 3.871027E+00 8.708203E+00 
1.744484E-01 6.581067E-03 3.669752E-01 1.692912E-01 -1.388395E+00 5.897017E-01 -1.320992E-01 1.009825E+00 3.219518E-02 3.028879E-03 4.287040E+00 7.257292E+00 
1.578294E-01 9.029175E-03 3.341844E-01 1.683723E-01 -1.369934E+00 5.568419E-01 -1.160294E-01 9.295390E-01 2.654584E-02 2.984614E-03 5.032540E+00 9.364429E+00 
1.429093E-01 1.945464E-02 3.563686E-01 1.718850E-01 -1.558472E+00 5.756047E-01 -1.137062E-01 9.358623E-01 2.806855E-02 2.239953E-03 5.197665E+00 9.081369E+00 
1.708597E-01 1.038309E-02 3.473130E-01 1.692933E-01 -1.495662E+00 5.679415E-01 -1.564837E-01 8.476037E-01 3.002211E-02 1.887369E-03 4.503095E+00 8.643419E+00 
1.967635E-01 6.071776E-03 3.756626E-01 1.718452E-01 -1.443429E+00 5.817684E-01 -1.677213E-01 9.963600E-01 3.067175E-02 1.885138E-03 4.139194E+00 8.850759E+00 
1.507828E-01 1.769589E-02 3.626525E-01 1.737378E-01 -1.462719E+00 5.986314E-01 -1.368807E-01 8.806830E-01 2.614018E-02 3.060141E-03 3.753854E+00 9.739288E+00 
1.678816E-01 1.054595E-02 3.380320E-01 1.670250E-01 -1.569052E+00 4.936447E-01 -1.000000E-02 9.816319E-01 2.738271E-02 5.171691E-03 4.205676E+00 6.986805E+00 
1.052240E-01 4.170947E-02 3.545818E-01 1.665458E-01 -1.197070E+00 4.935364E-01 -7.565541E-02 1.098610E+00 2.857114E-02 5.168500E-03 5.137643E+00 9.205364E+00 
1.610372E-01 4.946169E-03 3.354439E-01 1.607282E-01 -1.407502E+00 5.484046E-01 -5.866741E-02 9.208622E-01 3.725019E-02 2.519764E-03 3.831562E+00 8.841405E+00 
1.532553E-01 1.290573E-02 3.662337E-01 1.687343E-01 -1.431282E+00 5.371658E-01 -7.789244E-02 1.065128E+00 3.195018E-02 1.314308E-03 4.241472E+00 8.736902E+00 
1.350888E-01 1.468268E-02 3.558643E-01 1.639963E-01 -1.153770E+00 5.396481E-01 -3.004268E-02 9.358694E-01 3.117120E-02 5.797267E-03 4.273616E+00 1.002339E+01 
1.207377E-01 4.635957E-02 4.180739E-01 1.689789E-01 -1.105071E+00 3.339989E-01 -2.455243E-02 9.486399E-01 3.427258E-02 1.331914E-03 4.380738E+00 9.882543E+00 
1.570514E-01 1.373805E-02 3.558804E-01 1.755393E-01 -1.441555E+00 4.678876E-01 -1.027077E-01 9.347639E-01 2.955109E-02 1.953288E-03 4.585536E+00 1.010925E+01 
1.625119E-01 5.395210E-03 3.602860E-01 1.706288E-01 -1.301130E+00 5.716907E-01 -1.192094E-01 8.990778E-01 3.136016E-02 2.996320E-03 3.976147E+00 9.325432E+00 
1.759499E-01 3.687217E-02 3.369247E-01 1.665057E-01 -1.368265E+00 5.785597E-01 -1.307100E-01 9.804931E-01 2.976182E-02 6.433423E-03 5.439503E+00 5.566446E+00 
1.833648E-01 1.131757E-02 3.877042E-01 1.742733E-01 -1.516956E+00 5.741777E-01 -1.832494E-01 8.001218E-01 2.927960E-02 3.348332E-03 3.954189E+00 7.992675E+00 
1.730644E-01 9.930500E-03 3.604119E-01 1.537219E-01 -1.429066E+00 5.685408E-01 -1.173209E-01 9.013561E-01 3.037495E-02 3.072634E-03 4.611246E+00 9.453870E+00 
1.200778E-01 6.811154E-03 3.510907E-01 1.484927E-01 -1.366859E+00 6.000000E-01 -1.037562E-01 9.081572E-01 3.020974E-02 2.341554E-03 3.810899E+00 1.124258E+01 
1.596307E-01 6.174431E-03 3.666256E-01 1.686505E-01 -1.312476E+00 5.931335E-01 -8.029330E-02 9.008098E-01 2.889960E-02 2.509113E-03 4.295789E+00 1.104837E+01 
1.598183E-01 3.944635E-03 3.723425E-01 1.710760E-01 -1.467973E+00 5.576177E-01 -7.962121E-02 8.898121E-01 3.311587E-02 6.214067E-03 3.830037E+00 1.098385E+01 
1.273320E-01 1.091146E-02 3.621553E-01 1.688035E-01 -1.554044E+00 5.673188E-01 -1.189531E-01 9.859579E-01 2.993417E-02 2.091275E-03 4.218938E+00 6.242112E+00 
1.055928E-01 1.787083E-02 3.620677E-01 1.569965E-01 -1.259096E+00 5.022983E-01 -4.261680E-02 9.312540E-01 2.389541E-02 7.046681E-03 4.211489E+00 5.744331E+00 
1.354611E-01 1.696011E-02 3.679535E-01 1.747392E-01 -1.452184E+00 4.773756E-01 -8.465114E-02 9.244672E-01 2.546258E-02 0.000000E+00 3.801080E+00 1.002454E+01 
1.622526E-01 4.976551E-03 3.891466E-01 1.671746E-01 -1.286338E+00 5.716370E-01 -1.220935E-01 1.083485E+00 2.898481E-02 1.638782E-03 4.430922E+00 9.035185E+00 
1.822824E-01 3.563327E-03 3.782614E-01 1.791984E-01 -1.423517E+00 5.989606E-01 -1.443415E-01 9.620611E-01 2.772319E-02 2.059053E-03 4.923365E+00 6.390104E+00 
1.504583E-01 4.480676E-02 3.756554E-01 1.610195E-01 -8.765211E-01 3.792047E-01 -7.934406E-02 1.144839E+00 3.497388E-02 5.581506E-03 4.650960E+00 7.701689E+00 
1.816143E-01 7.522781E-03 3.674131E-01 1.663893E-01 -1.343461E+00 5.918352E-01 -1.724191E-01 8.721168E-01 2.916310E-02 6.550117E-04 4.357926E+00 9.948023E+00 
1.519604E-01 1.743375E-02 3.579577E-01 1.683571E-01 -1.347234E+00 5.378251E-01 -1.082267E-01 7.722055E-01 2.802324E-02 4.556003E-03 3.592810E+00 8.789786E+00 
1.390781E-01 9.307222E-03 3.488440E-01 1.581413E-01 -1.253394E+00 5.777698E-01 -1.373575E-01 1.049785E+00 2.875919E-02 7.297911E-03 3.454619E+00 1.046619E+01 
1.312626E-01 1.476315E-02 3.691822E-01 1.686310E-01 -1.433310E+00 5.132783E-01 -1.492727E-01 9.724152E-01 2.934312E-02 2.445558E-03 4.587647E+00 1.049384E+01 
3.897007E-02 1.345656E-02 3.524737E-01 1.667396E-01 -1.441992E+00 5.483716E-01 -1.189543E-01 9.281781E-01 2.955142E-02 6.573470E-03 3.988410E+00 8.487770E+00 
1.496173E-01 6.328719E-03 3.700194E-01 1.705514E-01 -1.440119E+00 5.859436E-01 -7.913421E-02 9.030326E-01 3.112551E-02 3.626100E-03 4.261096E+00 8.773710E+00 
1.566497E-01 8.518401E-03 3.632725E-01 1.717752E-01 -1.559006E+00 5.656165E-01 -9.315961E-02 9.523468E-01 2.554593E-02 3.895691E-03 4.696742E+00 8.472061E+00 
1.571607E-01 1.151496E-02 3.455009E-01 1.689249E-01 -1.264621E+00 5.579122E-01 -7.003657E-02 1.039702E+00 2.597236E-02 3.462279E-03 3.862464E+00 8.924476E+00 
1.585857E-01 3.877675E-03 3.696677E-01 1.671351E-01 -1.376609E+00 5.927295E-01 -1.014834E-01 9.744020E-01 2.983373E-02 1.790023E-03 4.225384E+00 8.496716E+00 
1.488310E-01 5.977045E-03 3.633555E-01 1.630337E-01 -1.405784E+00 5.764570E-01 -1.049902E-01 8.741139E-01 2.905648E-02 2.873891E-03 4.153054E+00 9.122992E+00 
1.570600E-01 1.078105E-02 3.539120E-01 1.607422E-01 -1.383814E+00 5.891411E-01 -1.462343E-01 9.582754E-01 3.155144E-02 1.419219E-03 4.590828E+00 1.055016E+01 
1.548157E-01 7.037146E-03 3.947994E-01 1.862167E-01 -1.233869E+00 5.784311E-01 -1.345166E-01 9.503710E-01 3.063281E-02 0.000000E+00 4.302171E+00 9.779910E+00 
1.346904E-01 1.684528E-03 3.548786E-01 1.640885E-01 -1.200489E+00 5.784870E-01 -1.515990E-01 9.519289E-01 2.690453E-02 5.735601E-03 5.913856E+00 1.024824E+01 
1.368324E-01 5.668130E-03 3.503461E-01 1.663422E-01 -1.497924E+00 4.803559E-01 -7.567046E-02 8.754261E-01 2.844911E-02 1.420045E-03 4.875924E+00 1.040311E+01 
1.683426E-01 5.257060E-03 3.673403E-01 1.657173E-01 -1.228385E+00 5.467053E-01 -5.394101E-02 9.182398E-01 2.359923E-02 4.687916E-03 4.020049E+00 1.034153E+01 
1.715333E-01 7.567358E-03 3.683725E-01 1.715304E-01 -1.379588E+00 5.969998E-01 -1.963697E-01 1.055859E+00 2.248363E-02 3.726669E-03 4.123466E+00 1.066106E+01 
1.714270E-01 9.228207E-03 3.665203E-01 1.614428E-01 -1.258337E+00 5.799508E-01 -1.687270E-01 8.706653E-01 3.270152E-02 8.435806E-04 4.661523E+00 9.305023E+00 
1.465760E-01 1.919770E-02 3.157410E-01 1.496069E-01 -1.303962E+00 3.962370E-01 -1.115623E-01 9.185732E-01 3.359994E-02 3.780633E-03 3.955022E+00 9.261097E+00 
1.586941E-01 4.894590E-02 3.406871E-01 1.744769E-01 -1.506603E+00 5.855917E-01 -1.156186E-01 1.021269E+00 2.856607E-02 2.928833E-03 4.392594E+00 1.060336E+01 
1.493970E-01 9.122254E-03 3.527303E-01 1.779316E-01 -1.390524E+00 5.800374E-01 -1.436410E-01 9.031480E-01 3.101816E-02 2.666646E-03 4.499245E+00 9.829349E+00 
1.543322E-01 1.012455E-02 3.791213E-01 1.702684E-01 -1.516937E+00 5.886474E-01 -1.373770E-01 8.745602E-01 2.886020E-02 5.493289E-03 4.075959E+00 9.845042E+00 
4.525271E-02 3.572304E-02 3.415418E-01 1.573512E-01 -1.197653E+00 5.789751E-01 -1.038676E-01 1.010543E+00 3.113062E-02 5.479212E-03 4.135304E+00 1.290098E+01 
1.664405E-01 1.050720E-02 3.794619E-01 1.723789E-01 -1.481270E+00 6.000000E-01 -8.184663E-02 8.504923E-01 2.897730E-02 3.055331E-03 4.347337E+00 9.471539E+00 
1.557354E-01 1.100624E-02 3.476530E-01 1.673253E-01 -1.568325E+00 5.731508E-01 -1.195855E-01 7.257745E-01 2.883086E-02 4.162978E-05 4.746046E+00 9.064145E+00 
1.585619E-01 8.713260E-03 3.595246E-01 1.721129E-01 -1.444221E+00 5.714392E-01 -7.074688E-02 1.000060E+00 2.905290E-02 2.667992E-03 4.443132E+00 8.290159E+00 
1.580876E-01 2.802793E-03 3.355080E-01 1.693258E-01 -1.443726E+00 5.849238E-01 -1.192471E-01 8.778911E-01 3.098085E-02 1.894377E-03 3.812144E+00 1.100517E+01 
1.847650E-01 2.086765E-02 3.725940E-01 1.714793E-01 -1.169364E+00 5.753599E-01 -1.906844E-01 9.696609E-01 3.261226E-02 4.952547E-03 4.648327E+00 9.820490E+00 
1.683000E-01 1.272684E-02 3.821236E-01 1.733363E-01 -1.579686E+00 5.688619E-01 -2.059380E-02 8.603086E-01 3.215289E-02 8.023747E-03 4.808095E+00 6.466736E+00 
1.720382E-01 3.526072E-03 3.720991E-01 1.728753E-01 -1.411515E+00 5.933110E-01 -1.083572E-01 1.017190E+00 2.854917E-02 2.961117E-03 3.700402E+00 8.941887E+00 
1.607514E-01 4.497907E-03 3.772466E-01 1.632922E-01 -1.551783E+00 5.591531E-01 -8.084865E-02 9.831429E-01 2.707349E-02 4.508521E-03 4.011534E+00 1.076822E+01 
1.487075E-01 9.132368E-03 3.493640E-01 1.736683E-01 -1.251909E+00 5.827970E-01 -8.623075E-02 9.849127E-01 3.009676E-02 4.554612E-03 3.599703E+00 9.874395E+00 
1.640925E-01 4.125957E-02 3.320527E-01 1.391112E-01 -1.239093E+00 5.136682E-01 -7.512929E-02 9.177580E-01 3.022883E-02 6.268526E-03 4.485909E+00 6.315129E+00 
1.482493E-01 1.265882E-02 3.501235E-01 1.673705E-01 -1.434241E+00 5.365319E-01 -8.926026E-02 9.556794E-01 2.618583E-02 3.253567E-03 4.273366E+00 9.672738E+00 
1.663540E-01 9.032112E-03 3.665402E-01 1.757615E-01 -1.419191E+00 5.794557E-01 -1.168942E-01 9.692502E-01 2.788082E-02 4.157237E-03 4.076248E+00 8.372034E+00 
1.559870E-01 6.001935E-03 3.521431E-01 1.742452E-01 -1.445430E+00 5.827921E-01 -1.173764E-01 9.527779E-01 2.742935E-02 1.664800E-03 3.339284E+00 6.680005E+00 
1.520589E-01 1.750204E-02 3.505829E-01 1.740060E-01 -1.362306E+00 5.227867E-01 -1.351369E-01 9.432155E-01 2.795804E-02 1.465561E-02 4.283842E+00 9.012853E+00 
1.547536E-01 4.450497E-03 3.646741E-01 1.707744E-01 -1.351230E+00 5.370723E-01 -4.182906E-02 1.050767E+00 2.752283E-02 3.432871E-03 4.791996E+00 7.733136E+00 
1.885703E-01 1.579367E-02 3.534136E-01 1.777344E-01 -1.475940E+00 5.633118E-01 -7.717636E-02 8.847372E-01 3.058535E-02 5.273926E-03 4.937861E+00 8.921499E+00 
1.666199E-01 2.173447E-02 3.409121E-01 1.755847E-01 -1.639480E+00 5.980912E-01 -1.582591E-01 1.046114E+00 3.284080E-02 3.287673E-03 4.324904E+00 1.006283E+01 
1.737346E-01 4.289942E-03 3.594567E-01 1.688337E-01 -1.455583E+00 5.791429E-01 -1.326148E-01 9.605396E-01 3.157230E-02 2.973544E-03 4.022109E+00 9.184263E+00 
1.491008E-01 9.984928E-03 3.664845E-01 1.715612E-01 -1.466458E+00 5.726915E-01 -1.227864E-01 9.757619E-01 2.741717E-02 3.175500E-03 4.166202E+00 1.033163E+01 
1.500787E-01 7.445181E-03 3.723442E-01 1.705276E-01 -1.635576E+00 5.492667E-01 -1.017844E-01 8.261302E-01 2.728448E-02 0.000000E+00 4.697301E+00 1.104525E+01 
1.454044E-01 1.333538E-02 3.617781E-01 1.701646E-01 -1.572137E+00 5.359788E-01 -1.410504E-01 1.025958E+00 2.551382E-02 2.649643E-03 5.018051E+00 6.700564E+00 
1.003791E-01 1.984738E-02 3.377064E-01 1.572982E-01 -1.064849E+00 5.219774E-01 -5.965977E-02 9.938507E-01 2.929333E-02 8.049787E-03 4.093355E+00 1.150091E+01 
1.588632E-01 1.253137E-02 3.403892E-01 1.675427E-01 -1.735647E+00 4.244911E-01 -7.396148E-02 8.982204E-01 3.395836E-02 1.397740E-03 3.926240E+00 7.830357E+00 
2.000000E-01 1.820102E-02 3.517483E-01 1.856550E-01 -1.286529E+00 4.622946E-01 -1.246530E-01 8.628078E-01 2.832542E-02 0.000000E+00 4.695907E+00 8.392228E+00 
1.681556E-01 7.530675E-03 3.547666E-01 1.692353E-01 -1.674598E+00 5.876469E-01 -1.514815E-01 9.921445E-01 2.673464E-02 3.674544E-03 3.988330E+00 9.966896E+00 
1.420105E-01 7.595363E-03 3.559520E-01 1.625227E-01 -1.360070E+00 5.915985E-01 -1.214299E-01 9.492659E-01 2.981615E-02 4.027477E-03 4.711019E+00 1.025186E+01 
1.608925E-01 8.342471E-03 3.620739E-01 1.710266E-01 -1.541061E+00 4.246808E-01 -8.939626E-02 9.668094E-01 2.718518E-02 0.000000E+00 4.445995E+00 9.822211E+00 
1.523141E-01 7.679522E-03 3.722186E-01 1.688877E-01 -1.197594E+00 5.805817E-01 -9.503014E-02 9.192241E-01 3.064156E-02 2.673107E-03 3.737365E+00 1.055644E+01 
1.629857E-01 8.582250E-03 3.626291E-01 1.750372E-01 -1.556563E+00 5.688979E-01 -1.387972E-01 9.521386E-01 3.119017E-02 1.120275E-03 4.042948E+00 8.712371E+00 
1.711939E-01 4.150269E-03 3.542442E-01 1.736384E-01 -1.579741E+00 5.740716E-01 -1.519418E-01 9.891547E-01 2.696107E-02 1.148884E-03 4.252222E+00 8.908069E+00 
8.602965E-02 1.502434E-02 3.715254E-01 1.586445E-01 -1.377977E+00 3.266902E-01 -8.102570E-02 5.517415E-01 3.207336E-02 2.737604E-03 4.099035E+00 1.133110E+01 
1.668315E-01 9.263596E-03 3.922195E-01 1.708780E-01 -1.571895E+00 5.870030E-01 -1.072395E-01 9.036665E-01 3.036313E-02 3.109975E-03 4.241898E+00 9.384095E+00 
1.611045E-01 1.255942E-02 3.394239E-01 1.689586E-01 -1.385381E+00 5.170119E-01 -1.040690E-01 1.045237E+00 2.826251E-02 1.253431E-02 4.809357E+00 8.678819E+00 
1.524215E-01 1.052031E-02 3.493199E-01 1.670657E-01 -1.338073E+00 5.711099E-01 -9.679147E-02 8.988933E-01 2.865810E-02 3.434661E-03 3.833880E+00 7.246868E+00 
1.742006E-01 1.146308E-02 3.469031E-01 1.611401E-01 -1.398786E+00 5.576781E-01 -8.193775E-02 9.172410E-01 2.911787E-02 4.208335E-04 3.310358E+00 9.384057E+00 
1.292958E-01 3.538193E-02 4.264428E-01 1.618983E-01 -1.234896E+00 3.301195E-01 -1.000889E-01 9.613280E-01 2.888536E-02 1.614377E-02 4.606695E+00 9.242516E+00 
1.997499E-01 9.627290E-03 3.485381E-01 1.756485E-01 -1.279042E+00 5.263939E-01 -1.265392E-01 8.740494E-01 3.331242E-02 4.102320E-03 4.172329E+00 9.488171E+00 
1.596485E-01 7.462573E-03 3.566054E-01 1.752614E-01 -1.457891E+00 5.653797E-01 -1.327888E-01 9.583571E-01 3.248869E-02 4.548824E-03 4.958836E+00 8.353009E+00 
1.640708E-01 1.130984E-02 3.442485E-01 1.734279E-01 -1.346027E+00 5.718223E-01 -2.312584E-02 8.871679E-01 2.498840E-02 1.036537E-03 4.167592E+00 1.019249E+01 
1.688754E-01 1.128876E-02 3.495219E-01 1.652555E-01 -1.588474E+00 5.352015E-01 -3.160582E-02 9.330739E-01 2.733932E-02 2.369904E-03 4.073987E+00 9.982346E+00 
1.510696E-01 9.080228E-03 3.690966E-01 1.701100E-01 -1.398110E+00 5.696037E-01 -6.278443E-02 8.538915E-01 3.508205E-02 2.661720E-04 3.782230E+00 8.029691E+00 
6.298736E-02 2.452163E-02 3.545418E-01 1.569997E-01 -1.745372E+00 5.525478E-01 -3.101093E-02 9.956001E-01 2.921075E-02 5.751121E-03 4.334385E+00 9.521878E+00 
1.145195E-01 7.282612E-03 3.496056E-01 1.725363E-01 -1.481661E+00 5.809563E-01 -8.977009E-02 9.839908E-01 2.067524E-02 6.319427E-04 3.364939E+00 8.991550E+00 
1.570427E-01 1.247626E-02 3.745880E-01 1.694969E-01 -1.419743E+00 5.312591E-01 -1.633661E-01 9.479072E-01 2.784757E-02 2.449233E-03 3.879483E+00 9.739414E+00 
1.365693E-01 4.009210E-02 3.614007E-01 1.615125E-01 -1.189782E+00 4.350329E-01 -1.677415E-01 1.009224E+00 3.170897E-02 3.247352E-04 4.184287E+00 1.513334E+01 
1.643775E-01 5.006902E-03 3.663326E-01 1.663454E-01 -1.351252E+00 5.761365E-01 -1.313177E-01 8.521120E-01 3.209242E-02 2.707106E-03 4.772568E+00 1.020804E+01 
1.228677E-01 8.891518E-03 3.559746E-01 1.485410E-01 -1.460931E+00 5.567202E-01 -9.029600E-02 9.277598E-01 3.362899E-02 7.814226E-03 5.139877E+00 1.141041E+01 
1.495660E-01 7.256943E-03 3.721278E-01 1.659272E-01 -1.407326E+00 5.539916E-01 -1.061771E-02 9.351930E-01 3.022059E-02 3.563215E-03 3.885647E+00 1.017211E+01 
1.301348E-01 7.665178E-03 3.513470E-01 1.787955E-01 -1.544721E+00 5.516414E-01 -6.222925E-02 8.790367E-01 2.973822E-02 1.897678E-03 4.467715E+00 9.460480E+00 
1.590611E-01 9.723940E-03 3.622147E-01 1.649975E-01 -1.249016E+00 5.827388E-01 -1.340376E-01 9.348263E-01 2.786527E-02 5.948984E-04 4.147822E+00 1.016631E+01 
1.501877E-01 1.706014E-02 3.814467E-01 1.730806E-01 -1.582769E+00 6.000000E-01 -8.598506E-02 1.007889E+00 2.945110E-02 2.602446E-03 2.600124E+00 7.385513E+00 
1.512812E-01 1.271875E-02 3.393721E-01 1.720656E-01 -1.432265E+00 5.743148E-01 -6.811854E-02 9.475768E-01 2.711243E-02 1.209823E-03 4.379996E+00 1.087445E+01 
1.493759E-01 1.622433E-02 3.751903E-01 1.684370E-01 -1.383279E+00 3.859165E-01 -1.142847E-01 1.130629E+00 3.238487E-02 4.989358E-03 5.019974E+00 7.626276E+00 
3.200113E-02 5.770651E-02 2.716018E-01 1.572395E-01 -7.284286E-01 3.934747E-01 -5.462411E-02 9.967461E-01 2.708203E-02 1.273413E-02 4.690563E+00 1.127325E+01 
1.357109E-01 1.338938E-02 3.713993E-01 1.676691E-01 -1.368562E+00 5.887541E-01 -1.136127E-01 9.967165E-01 3.090218E-02 4.117452E-03 4.901668E+00 8.654633E+00 
1.325903E-01 3.172800E-02 3.690951E-01 1.682998E-01 -1.213485E+00 5.313945E-01 -5.897697E-02 8.969755E-01 2.632127E-02 1.711520E-03 4.528595E+00 9.216710E+00 
1.461888E-01 9.880837E-03 3.685639E-01 1.634577E-01 -1.537658E+00 5.654041E-01 -9.137782E-02 8.133132E-01 2.615836E-02 5.247868E-03 4.285435E+00 8.536134E+00 
1.442888E-01 1.082681E-02 3.516176E-01 1.735326E-01 -1.371167E+00 5.096551E-01 -7.006678E-02 8.195371E-01 2.998492E-02 9.141318E-03 4.411815E+00 7.636387E+00 
1.466347E-01 1.142897E-02 3.408637E-01 1.683151E-01 -1.252133E+00 6.000000E-01 -7.949485E-02 8.422342E-01 2.873723E-02 1.869819E-03 4.506671E+00 9.611093E+00 
1.397056E-01 1.054225E-02 3.538777E-01 1.631790E-01 -1.353000E+00 5.630002E-01 -6.527537E-02 9.804369E-01 2.869955E-02 3.973250E-03 4.049994E+00 9.666778E+00 
1.050089E-01 1.500627E-02 3.621072E-01 1.709484E-01 -1.276990E+00 5.562629E-01 -1.121902E-01 9.218177E-01 3.587278E-02 3.332260E-03 5.034954E+00 9.583380E+00 
1.738048E-01 1.067033E-02 3.444688E-01 1.822494E-01 -1.416317E+00 6.000000E-01 -9.359804E-02 9.642998E-01 2.751655E-02 3.865644E-03 4.304075E+00 7.997710E+00 
1.914801E-01 5.666073E-03 3.525741E-01 1.683326E-01 -1.430126E+00 5.573061E-01 -9.225157E-02 8.958405E-01 2.424112E-02 4.348893E-03 4.250178E+00 1.226176E+01 
1.503085E-01 1.200464E-02 3.573091E-01 1.675618E-01 -1.462154E+00 5.617884E-01 -1.180688E-01 9.143776E-01 2.863070E-02 2.279064E-03 4.456901E+00 8.561310E+00 
1.398215E-01 6.348353E-03 3.817109E-01 1.665978E-01 -1.311670E+00 5.799705E-01 -1.749294E-01 9.683466E-01 2.850204E-02 4.729960E-03 3.679177E+00 9.063519E+00 
3.056411E-02 5.209619E-02 3.198714E-01 1.512497E-01 -1.222149E+00 3.584056E-01 -6.137993E-02 1.035625E+00 3.090125E-02 4.821634E-03 3.613338E+00 1.406497E+01 
1.585567E-01 1.458862E-02 3.338478E-01 1.653622E-01 -1.466593E+00 6.000000E-01 -1.159475E-01 1.000596E+00 3.363233E-02 2.493274E-03 4.498991E+00 9.791675E+00 
1.506375E-01 9.158887E-03 3.418604E-01 1.788567E-01 -1.457105E+00 5.696097E-01 -1.530332E-01 9.630760E-01 3.014681E-02 2.189069E-03 4.490037E+00 1.022457E+01 
1.649804E-01 1.548193E-02 3.834130E-01 1.713528E-01 -1.346404E+00 5.883680E-01 -1.435220E-01 9.754979E-01 3.782776E-02 1.384817E-03 4.228324E+00 7.997230E+00 
