1.529745E-01 9.261542E-03 3.651955E-01 1.722885E-01 -1.414869E+00 5.817161E-01 -1.523855E-01 8.664209E-01 3.015518E-02 8.169733E-04 4.128322E+00 9.365995E+00 
1.639841E-01 1.095279E-02 3.667003E-01 1.754902E-01 -1.378060E+00 5.661954E-01 -1.056700E-01 9.801657E-01 2.781263E-02 3.012128E-03 4.644496E+00 9.776437E+00 
1.659246E-01 7.022630E-03 3.576891E-01 1.668095E-01 -1.330065E+00 5.476663E-01 -7.684626E-02 9.356314E-01 2.761559E-02 1.170596E-03 4.213697E+00 1.080832E+01 
1.334867E-01 4.791368E-03 3.446167E-01 1.605753E-01 -1.248036E+00 4.698556E-01 -1.431450E-01 9.601352E-01 2.790550E-02 2.670555E-03 4.335669E+00 9.155296E+00 
1.706539E-01 1.487408E-02 3.370007E-01 1.748193E-01 -1.562361E+00 5.826585E-01 -9.528221E-02 9.059306E-01 2.858098E-02 3.090362E-03 4.571773E+00 6.289288E+00 
1.611842E-01 6.236774E-03 3.705356E-01 1.702564E-01 -1.342593E+00 5.835469E-01 -1.198753E-01 9.102437E-01 3.434605E-02 1.171473E-03 4.046660E+00 7.140084E+00 
1.569470E-01 7.592123E-03 3.711474E-01 1.699707E-01 -1.349892E+00 5.091016E-01 -1.176904E-01 1.010293E+00 2.788817E-02 1.688040E-03 4.195331E+00 8.753954E+00 
1.639272E-01 1.354256E-02 3.619454E-01 1.703159E-01 -1.467827E+00 5.093859E-01 -8.922589E-02 7.932916E-01 2.747515E-02 4.217111E-03 4.123010E+00 1.016481E+01 
1.743877E-01 9.263947E-03 3.774210E-01 1.764504E-01 -1.314689E+00 5.748998E-01 -1.575700E-01 9.128846E-01 2.763323E-02 1.487936E-03 4.766437E+00 8.948693E+00 
1.507056E-01 4.673354E-04 3.655492E-01 1.639704E-01 -1.421191E+00 5.836142E-01 -1.448451E-01 9.748055E-01 2.819754E-02 6.820244E-03 4.140015E+00 8.399480E+00 
1.630645E-01 9.818517E-03 3.564731E-01 1.619138E-01 -1.501881E+00 5.232720E-01 -1.492218E-01 8.990273E-01 2.918643E-02 1.172916E-03 4.461999E+00 9.788152E+00 
3.653399E-02 2.933534E-02 3.401170E-01 1.452510E-01 -1.340146E+00 4.068415E-01 -1.075197E-01 8.957980E-01 3.312118E-02 2.705471E-03 2.264768E+00 1.239698E+01 
1.567412E-01 1.463604E-02 3.968893E-01 1.726750E-01 -1.413332E+00 5.948769E-01 -1.315012E-01 9.245787E-01 2.801596E-02 3.771156E-03 4.830568E+00 9.533682E+00 
1.574594E-01 2.510425E-02 3.440060E-01 1.319042E-01 -1.322390E+00 5.620504E-01 -9.653866E-02 9.198554E-01 2.990695E-02 3.843912E-03 4.345311E+00 9.939030E+00 
1.376092E-01 1.093518E-03 3.056162E-01 1.763890E-01 -1.434980E+00 5.519509E-01 -1.236996E-01 8.813121E-01 3.085591E-02 2.633064E-03 4.573834E+00 7.909567E+00 
1.580565E-01 8.743533E-03 3.540745E-01 1.636384E-01 -1.376420E+00 5.817693E-01 -1.059082E-01 9.362336E-01 2.780734E-02 1.617464E-03 4.080072E+00 8.269906E+00 
1.577776E-01 5.406932E-03 3.611435E-01 1.610597E-01 -1.454838E+00 6.000000E-01 -1.838412E-01 9.200712E-01 3.108755E-02 0.000000E+00 4.462670E+00 9.238736E+00 
1.342528E-01 3.375097E-02 3.305583E-01 1.608656E-01 -1.329357E+00 3.987626E-01 -6.576158E-02 9.259468E-01 2.223272E-02 7.669881E-03 4.322817E+00 8.503289E+00 
1.584521E-01 7.864109E-03 3.536243E-01 1.725235E-01 -1.564192E+00 5.897472E-01 -6.455660E-02 1.041215E+00 2.603024E-02 3.978790E-03 5.359316E+00 8.629160E+00 
1.701725E-01 8.016046E-03 3.685769E-01 1.723843E-01 -1.501061E+00 5.619441E-01 -1.564231E-01 8.732753E-01 3.047506E-02 5.009131E-03 4.267379E+00 1.252784E+01 
1.394417E-01 5.380476E-03 3.657365E-01 1.666140E-01 -1.373281E+00 5.578751E-01 -6.007325E-02 1.004716E+00 3.031836E-02 2.830229E-03 5.011716E+00 1.114471E+01 
1.678065E-01 1.000000E-04 3.678432E-01 1.854601E-01 -1.711685E+00 5.569855E-01 -1.136617E-01 9.771788E-01 2.819294E-02 1.768487E-03 5.665665E+00 8.310005E+00 
1.390368E-01 1.133698E-02 4.009660E-01 1.732935E-01 -1.467696E+00 5.995368E-01 -1.308886E-01 9.830792E-01 2.862181E-02 3.332281E-03 4.432081E+00 9.608912E+00 
1.412287E-01 2.329454E-02 3.685684E-01 1.580140E-01 -1.528610E+00 3.802587E-01 -6.824416E-02 9.741014E-01 2.439233E-02 6.871660E-03 5.112405E+00 8.648634E+00 
1.633603E-01 1.690966E-02 3.771564E-01 1.678211E-01 -1.313244E+00 6.000000E-01 -8.919482E-02 9.395544E-01 2.744326E-02 2.029088E-03 4.380900E+00 8.609726E+00 
1.252759E-01 5.919241E-02 3.290926E-01 1.827665E-01 -1.778082E+00 5.322608E-01 -9.395378E-02 1.085812E+00 5.415817E-02 1.251630E-02 5.469367E+00 6.432807E+00 
1.487989E-01 1.359017E-02 3.665947E-01 1.666892E-01 -1.515247E+00 5.836439E-01 -1.172936E-01 9.093340E-01 2.476676E-02 3.037241E-03 4.763456E+00 8.641572E+00 
1.423918E-01 6.517929E-03 3.454112E-01 1.652827E-01 -1.193970E+00 4.828437E-01 -5.167489E-02 1.025946E+00 2.816506E-02 2.806306E-03 4.055615E+00 9.825254E+00 
1.542001E-01 3.127779E-02 3.528421E-01 1.691942E-01 -1.272819E+00 5.260120E-01 -6.738855E-02 1.026857E+00 3.276467E-02 4.304357E-03 5.144280E+00 8.932702E+00 
1.858893E-01 3.519342E-03 3.509291E-01 1.808775E-01 -1.473981E+00 6.000000E-01 -1.069160E-01 9.648759E-01 2.755207E-02 4.967633E-03 4.859686E+00 9.573192E+00 
1.318956E-01 1.372947E-02 3.411580E-01 1.698910E-01 -1.437096E+00 5.158327E-01 -5.762554E-02 7.389223E-01 2.931082E-02 9.276032E-04 2.609151E+00 1.350910E+01 
1.243286E-01 4.594109E-02 3.802050E-01 1.660901E-01 -1.364182E+00 5.732864E-01 -1.220425E-01 2.776124E-01 2.957379E-02 4.907086E-03 3.438253E+00 1.111508E+01 
1.490123E-01 4.757966E-03 3.598734E-01 1.652127E-01 -1.434242E+00 5.728588E-01 -1.081532E-01 9.297347E-01 2.950831E-02 3.349075E-03 4.858661E+00 1.001713E+01 
1.632446E-01 4.355264E-03 3.750086E-01 1.732587E-01 -1.682262E+00 5.018880E-01 -1.198820E-01 9.255333E-01 3.161426E-02 3.262847E-03 4.207200E+00 8.718768E+00 
7.943857E-02 6.665510E-02 3.224986E-01 1.683165E-01 -1.826194E+00 4.645983E-01 -7.953668E-02 9.702158E-01 2.805199E-02 7.550807E-03 4.276160E+00 5.419774E+00 
1.488445E-01 5.398810E-03 3.564704E-01 1.708624E-01 -1.679239E+00 5.759776E-01 -8.898414E-02 9.374785E-01 3.106391E-02 2.725343E-03 4.733339E+00 9.742926E+00 
1.684804E-01 7.864193E-03 3.674459E-01 1.789294E-01 -1.410476E+00 5.683741E-01 -9.846822E-02 9.241448E-01 2.752702E-02 3.079456E-03 3.601590E+00 9.067412E+00 
1.599463E-01 8.854136E-03 3.680148E-01 1.713823E-01 -1.338004E+00 5.928928E-01 -9.432306E-02 9.307529E-01 2.894648E-02 1.877753E-03 4.221401E+00 9.881380E+00 
1.594570E-01 5.253913E-03 3.682678E-01 1.672526E-01 -1.317377E+00 5.790552E-01 -3.543181E-02 9.973962E-01 3.096550E-02 3.379754E-03 4.223527E+00 9.472213E+00 
1.712274E-01 1.168198E-02 3.541724E-01 1.682010E-01 -1.230152E+00 5.179654E-01 -1.063399E-01 9.611117E-01 2.941577E-02 9.822556E-04 4.836483E+00 9.910485E+00 
1.720678E-01 9.194225E-03 3.985110E-01 1.720852E-01 -1.549308E+00 5.641007E-01 -1.063115E-01 1.104841E+00 2.683999E-02 3.097795E-03 4.732076E+00 8.293358E+00 
1.692948E-01 7.931527E-03 3.665582E-01 1.702207E-01 -1.418973E+00 5.840958E-01 -1.067408E-01 1.047038E+00 2.665707E-02 4.875433E-03 4.447463E+00 7.773793E+00 
1.647908E-01 7.098812E-03 3.685550E-01 1.733447E-01 -1.231493E+00 5.497152E-01 -6.343809E-02 1.021982E+00 2.822449E-02 2.571595E-03 4.447796E+00 8.965865E+00 
1.581849E-01 1.238004E-02 3.496456E-01 1.757792E-01 -1.483564E+00 5.999448E-01 -1.443838E-01 9.459757E-01 2.958863E-02 2.169157E-03 4.189934E+00 9.383630E+00 
1.549315E-01 9.506059E-03 3.632654E-01 1.789723E-01 -1.360588E+00 5.828864E-01 -1.327385E-01 8.170416E-01 2.604900E-02 4.704476E-04 4.536134E+00 9.763573E+00 
1.489543E-01 2.401435E-02 3.641136E-01 1.736405E-01 -1.340982E+00 5.922738E-01 -1.572207E-01 9.482730E-01 2.863359E-02 2.431763E-03 3.828330E+00 4.632783E+00 
6.037869E-02 4.337552E-02 3.012695E-01 1.458001E-01 -1.018391E+00 4.172396E-01 -4.326386E-02 9.249816E-01 3.095582E-02 6.395273E-03 4.316522E+00 1.301520E+01 
1.471258E-01 9.895380E-03 3.577061E-01 1.644079E-01 -1.411971E+00 5.930404E-01 -1.176836E-01 9.073752E-01 3.179409E-02 5.364029E-03 3.624219E+00 6.176587E+00 
1.091560E-01 1.494524E-02 2.998788E-01 1.426142E-01 -1.415352E+00 5.771039E-01 -6.123091E-02 8.736346E-01 2.873434E-02 5.702631E-03 4.274244E+00 9.779143E+00 
1.508928E-01 5.644928E-03 3.590252E-01 1.757052E-01 -1.357991E+00 5.861630E-01 -9.667535E-02 8.354785E-01 2.676686E-02 3.474147E-04 4.679444E+00 8.495114E+00 
8.563557E-02 2.227785E-02 3.363920E-01 1.666219E-01 -1.464768E+00 4.408019E-01 -9.318815E-02 9.620014E-01 3.095187E-02 0.000000E+00 4.202857E+00 1.032019E+01 
2.000000E-01 3.041101E-02 3.566076E-01 1.760610E-01 -1.467171E+00 5.027067E-01 -1.173502E-01 9.205567E-01 3.160909E-02 7.655950E-03 3.891219E+00 1.050236E+01 
9.951736E-02 3.188461E-02 3.481470E-01 1.642364E-01 -1.393977E+00 5.613242E-01 -1.734204E-01 8.110807E-01 2.884301E-02 1.395582E-02 3.870771E+00 7.381972E+00 
1.497474E-01 8.444280E-03 3.533100E-01 1.667389E-01 -1.488298E+00 5.907311E-01 -1.001436E-01 9.396440E-01 3.012009E-02 2.710299E-03 4.376895E+00 9.692283E+00 
1.510695E-01 5.175161E-04 3.575641E-01 1.712709E-01 -1.491154E+00 5.931453E-01 -5.978439E-02 8.415054E-01 2.984599E-02 3.066649E-03 4.136491E+00 9.667803E+00 
1.546245E-01 1.183609E-02 3.579279E-01 1.709224E-01 -1.426694E+00 5.841075E-01 -9.585091E-02 9.699665E-01 2.993898E-02 3.715672E-03 4.192864E+00 9.974628E+00 
1.874774E-01 6.695650E-03 3.628939E-01 1.756967E-01 -1.394842E+00 5.529629E-01 -1.175398E-01 9.012427E-01 2.939800E-02 4.136400E-03 3.587970E+00 9.368961E+00 
1.596923E-01 7.849316E-03 3.501724E-01 1.741736E-01 -1.475259E+00 5.926255E-01 -7.622548E-02 9.333756E-01 2.873510E-02 1.395639E-03 4.167808E+00 9.733189E+00 
1.841711E-01 1.000000E-04 3.723075E-01 1.728339E-01 -1.482062E+00 5.580337E-01 -1.206938E-01 9.330280E-01 2.752262E-02 4.506981E-03 4.540466E+00 1.027092E+01 
1.558240E-01 1.405673E-02 3.258411E-01 1.685127E-01 -1.490914E+00 5.745679E-01 -1.136472E-01 9.895981E-01 2.513126E-02 1.804805E-03 3.652140E+00 9.969816E+00 
1.587405E-01 6.306301E-03 3.632675E-01 1.700388E-01 -1.485268E+00 5.811200E-01 -9.853354E-02 9.112911E-01 2.896742E-02 4.959983E-03 3.809357E+00 1.061551E+01 
1.656275E-01 1.199905E-02 3.570970E-01 1.720728E-01 -1.360624E+00 5.838037E-01 -1.013487E-01 9.815800E-01 2.875615E-02 3.387154E-03 4.687718E+00 8.199705E+00 
1.422809E-01 6.500302E-03 3.611566E-01 1.805055E-01 -1.371964E+00 5.837712E-01 -8.584839E-02 8.153070E-01 2.990854E-02 1.185052E-03 3.927850E+00 6.933856E+00 
1.729783E-01 4.767804E-03 3.450855E-01 1.612028E-01 -1.498684E+00 5.942358E-01 -9.450434E-02 9.545287E-01 2.964774E-02 3.874286E-03 4.481595E+00 1.038473E+01 
1.702844E-01 7.073526E-03 3.386812E-01 1.820886E-01 -1.565247E+00 5.691869E-01 -1.024290E-01 8.741057E-01 2.769904E-02 2.296334E-03 4.142218E+00 9.760903E+00 
1.786197E-01 4.130146E-03 3.493590E-01 1.756492E-01 -1.881217E+00 5.749721E-01 -8.278173E-02 1.056401E+00 2.961000E-02 1.354733E-03 3.893222E+00 1.118449E+01 
1.576657E-01 1.627891E-02 3.583993E-01 1.701573E-01 -1.425850E+00 5.815099E-01 -7.347581E-02 9.452155E-01 3.255711E-02 2.461291E-03 4.181934E+00 9.720443E+00 
1.492602E-01 1.144687E-02 3.736834E-01 1.688706E-01 -1.324724E+00 5.787284E-01 -9.908526E-02 9.470352E-01 2.831614E-02 9.860779E-04 4.579611E+00 1.031880E+01 
1.766292E-01 1.709463E-02 3.705789E-01 1.712278E-01 -1.465868E+00 6.000000E-01 -1.178242E-01 8.951308E-01 2.598486E-02 1.807190E-04 4.368605E+00 9.607554E+00 
1.561896E-01 5.693866E-03 3.427395E-01 1.733282E-01 -1.412230E+00 5.784869E-01 -7.120576E-02 9.250821E-01 3.195474E-02 1.928815E-03 4.088057E+00 1.024641E+01 
1.524979E-01 4.331771E-03 3.521112E-01 1.668618E-01 -1.383954E+00 5.761067E-01 -6.906811E-02 9.980673E-01 2.992879E-02 2.838419E-03 3.932210E+00 1.105092E+01 
1.649497E-01 7.702284E-03 3.511322E-01 1.730253E-01 -1.492935E+00 5.911898E-01 -1.024213E-02 8.277492E-01 3.108641E-02 2.114201E-03 3.736102E+00 1.034880E+01 
1.719668E-01 9.529703E-03 3.585412E-01 1.764384E-01 -1.342800E+00 5.812330E-01 -9.770152E-02 8.950995E-01 2.818446E-02 2.641059E-03 4.495128E+00 6.890283E+00 
1.615620E-01 1.159738E-02 3.644417E-01 1.696545E-01 -1.385136E+00 5.254264E-01 -7.161682E-02 9.447869E-01 3.084971E-02 4.862426E-03 4.461027E+00 8.599078E+00 
1.444334E-01 9.693614E-03 3.812698E-01 1.637996E-01 -1.787807E+00 5.921919E-01 -1.713384E-01 9.221860E-01 2.943555E-02 5.232571E-03 4.408179E+00 7.909728E+00 
1.616414E-01 1.315263E-02 3.621075E-01 1.709032E-01 -1.365118E+00 3.970798E-01 -1.432502E-02 8.530488E-01 2.846333E-02 4.374848E-03 4.437300E+00 1.090062E+01 
1.601438E-01 5.458620E-03 3.482558E-01 1.769649E-01 -1.402914E+00 5.796184E-01 -1.186565E-01 8.594893E-01 2.857915E-02 2.629654E-03 5.643791E+00 9.044782E+00 
1.500839E-01 2.048421E-02 3.671062E-01 1.662414E-01 -1.515420E+00 5.787542E-01 -1.219570E-01 9.946148E-01 3.003201E-02 4.006512E-03 4.640757E+00 9.144335E+00 
1.552678E-01 1.237447E-02 3.630392E-01 1.723686E-01 -1.384307E+00 5.690317E-01 -6.381073E-02 8.179533E-01 2.960417E-02 2.408677E-03 4.274392E+00 9.686266E+00 
6.448934E-02 1.246051E-02 3.499810E-01 1.723219E-01 -1.297310E+00 5.514310E-01 -8.600620E-02 1.022415E+00 4.531682E-02 2.228767E-02 4.419721E+00 3.535893E+00 
1.393248E-01 1.145306E-02 3.632647E-01 1.687126E-01 -1.305004E+00 5.599824E-01 -1.649122E-01 8.920457E-01 2.849964E-02 1.014829E-02 3.734041E+00 9.443180E+00 
1.545763E-01 1.693789E-02 3.580188E-01 1.675610E-01 -1.012450E+00 5.536082E-01 -1.206470E-01 9.383909E-01 2.756210E-02 4.054696E-03 4.280595E+00 9.460031E+00 
1.595939E-01 8.483467E-03 3.314156E-01 1.683346E-01 -1.828112E+00 5.741914E-01 -7.310598E-02 9.422855E-01 2.911209E-02 4.093991E-03 4.894751E+00 9.103715E+00 
1.608772E-01 1.130848E-02 3.639373E-01 1.704217E-01 -1.628372E+00 5.905322E-01 -4.443018E-02 1.023591E+00 2.784907E-02 3.058047E-03 4.240051E+00 7.128080E+00 
1.629610E-01 1.292354E-02 3.706368E-01 1.766048E-01 -1.433340E+00 3.937353E-01 -4.629512E-02 9.895343E-01 2.847845E-02 2.116808E-03 4.640391E+00 1.143483E+01 
1.590365E-01 9.690324E-03 3.477255E-01 1.778196E-01 -1.505552E+00 5.952997E-01 -1.670701E-01 1.026844E+00 2.320150E-02 1.269326E-03 4.243990E+00 9.752706E+00 
1.682385E-01 9.613631E-03 3.633559E-01 1.742166E-01 -1.483917E+00 5.898964E-01 -5.358502E-02 9.031840E-01 3.150998E-02 4.354953E-03 3.718435E+00 9.396246E+00 
1.067232E-01 5.344183E-03 3.423192E-01 1.637933E-01 -1.414734E+00 5.668876E-01 -1.159624E-01 9.457027E-01 2.766704E-02 2.630229E-03 4.948945E+00 1.087443E+01 
1.418068E-01 5.612898E-03 3.564539E-01 1.705683E-01 -1.531128E+00 5.688283E-01 -1.460602E-01 1.120196E+00 2.742105E-02 7.298352E-03 4.384971E+00 5.699029E+00 
1.642316E-01 9.379526E-03 3.638190E-01 1.802853E-01 -1.663283E+00 5.314382E-01 -1.204741E-01 9.443124E-01 2.734561E-02 3.342440E-03 4.690452E+00 8.805965E+00 
1.055298E-01 1.718471E-02 3.563779E-01 1.603158E-01 -1.346674E+00 5.526049E-01 -5.231416E-02 8.957696E-01 3.366034E-02 8.984431E-03 4.494298E+00 8.547638E+00 
1.395829E-01 7.813176E-03 3.437851E-01 1.820541E-01 -1.461157E+00 6.000000E-01 -1.133769E-01 1.054406E+00 2.859842E-02 9.079400E-03 4.393174E+00 1.010767E+01 
1.726497E-01 1.107728E-02 3.729095E-01 1.725364E-01 -1.653826E+00 4.677564E-01 -5.286503E-02 9.620245E-01 2.892528E-02 7.766970E-04 4.201071E+00 1.042760E+01 
1.206866E-01 7.127738E-02 3.653686E-01 1.603524E-01 -9.636814E-01 5.086394E-01 -1.602551E-01 9.151371E-01 1.979268E-02 1.149223E-02 3.514457E+00 8.070922E+00 
1.505920E-01 8.086608E-03 3.803074E-01 1.853604E-01 -1.535378E+00 5.221584E-01 -1.273835E-01 7.624901E-01 2.761915E-02 7.836207E-04 4.143635E+00 9.049690E+00 
1.584399E-01 7.387659E-03 3.455922E-01 1.715582E-01 -1.459873E+00 5.073271E-01 -9.079173E-02 9.555842E-01 2.941526E-02 3.686060E-03 4.379394E+00 8.482905E+00 
1.179645E-01 6.851065E-03 3.627570E-01 1.685314E-01 -1.621364E+00 5.580346E-01 -1.156132E-01 9.124338E-01 3.059958E-02 1.351099E-03 4.761355E+00 9.410620E+00 
1.668482E-01 4.339127E-03 3.415493E-01 1.798956E-01 -1.468367E+00 5.280569E-01 -4.074767E-02 1.156747E+00 2.912472E-02 3.577586E-03 3.649834E+00 9.044379E+00 
9.468108E-02 3.096721E-02 3.271623E-01 1.600581E-01 -1.455293E+00 5.715374E-01 -9.235740E-02 1.105539E+00 2.709334E-02 0.000000E+00 4.177514E+00 3.128798E+00 
1.409332E-01 1.303629E-02 3.418661E-01 1.684442E-01 -1.266086E+00 5.574926E-01 -7.338033E-02 8.978995E-01 3.954877E-02 1.330146E-02 5.395049E+00 1.051277E+01 
1.351496E-01 1.600002E-02 3.475523E-01 1.595407E-01 -1.483851E+00 4.935876E-01 -8.130646E-02 8.587422E-01 3.466164E-02 3.445295E-03 4.027561E+00 7.420323E+00 
1.300658E-01 1.795697E-02 3.941989E-01 1.548600E-01 -1.838317E+00 5.016827E-01 -3.802160E-02 1.007256E+00 3.020395E-02 3.498004E-03 4.074162E+00 8.029720E+00 
1.671766E-01 9.584784E-03 3.507377E-01 1.849292E-01 -1.484596E+00 5.857779E-01 -1.105156E-01 9.290908E-01 2.910957E-02 2.276658E-03 4.806313E+00 8.523596E+00 
1.521411E-01 8.208716E-03 3.558280E-01 1.685141E-01 -1.504867E+00 5.726227E-01 -1.289512E-01 9.325647E-01 3.158033E-02 1.656153E-03 4.203258E+00 9.109919E+00 
1.605902E-01 8.069493E-03 3.583516E-01 1.717572E-01 -1.638256E+00 5.709300E-01 -5.081331E-02 9.401181E-01 2.853821E-02 2.823574E-03 3.873749E+00 9.040212E+00 
1.489484E-01 1.110585E-02 3.517422E-01 1.703001E-01 -1.533733E+00 5.780039E-01 -9.983521E-02 9.592438E-01 3.203071E-02 1.659584E-03 4.126454E+00 9.753533E+00 
1.491701E-01 8.519546E-03 3.605555E-01 1.667204E-01 -1.468853E+00 5.883114E-01 -7.622631E-02 9.554044E-01 3.031555E-02 3.061762E-03 4.265657E+00 9.714173E+00 
1.413479E-01 1.036313E-02 3.487531E-01 1.624641E-01 -1.427083E+00 5.856765E-01 -1.188202E-01 8.932047E-01 3.767228E-02 2.471020E-03 4.942608E+00 9.650623E+00 
1.240334E-01 3.354680E-02 3.563006E-01 1.576843E-01 -1.321131E+00 5.559169E-01 -8.270738E-02 9.724612E-01 2.674274E-02 2.123287E-03 5.189050E+00 1.007634E+01 
1.577613E-01 8.880216E-03 3.783205E-01 1.756190E-01 -1.558623E+00 5.756530E-01 -7.476991E-02 8.864052E-01 3.186515E-02 1.531344E-03 3.927356E+00 9.049980E+00 
1.140791E-01 1.191122E-02 3.554151E-01 1.632010E-01 -1.286429E+00 5.391308E-01 -1.024879E-01 9.436873E-01 2.966552E-02 5.522151E-03 5.058454E+00 1.025972E+01 
1.661798E-01 4.207040E-03 3.700885E-01 1.696124E-01 -1.782005E+00 5.534628E-01 -8.905996E-02 1.016496E+00 3.269608E-02 1.154330E-03 4.521080E+00 9.405832E+00 
6.458672E-02 1.096306E-02 3.589832E-01 1.584508E-01 -1.285436E+00 5.540615E-01 -2.009183E-02 9.088319E-01 2.936307E-02 9.357642E-03 3.330675E+00 1.578101E+01 
1.629042E-01 2.439921E-02 3.972048E-01 1.709316E-01 -1.173908E+00 5.812331E-01 -1.247733E-01 9.742781E-01 2.920499E-02 2.134518E-03 4.105271E+00 9.576193E+00 
1.477393E-01 5.549799E-03 3.576550E-01 1.736190E-01 -1.463221E+00 5.869965E-01 -7.160991E-02 9.259021E-01 2.591086E-02 1.377801E-03 3.792054E+00 9.885659E+00 
1.435273E-01 7.411056E-03 4.172860E-01 1.743339E-01 -1.476742E+00 6.000000E-01 -1.097310E-01 9.320065E-01 3.051867E-02 1.240020E-06 4.595666E+00 8.092071E+00 
2.898997E-02 2.782867E-02 3.214073E-01 1.266082E-01 -1.447999E+00 3.703640E-01 -1.419182E-01 9.415611E-01 2.895075E-02 3.686535E-03 3.148528E+00 7.281912E+00 
6.947858E-02 8.767881E-03 3.575673E-01 1.514547E-01 -1.281632E+00 5.611097E-01 -9.779199E-02 9.966868E-01 2.618223E-02 4.408850E-03 4.214638E+00 1.336169E+01 
3.888788E-02 1.492349E-02 3.385199E-01 1.489523E-01 -1.327531E+00 4.999971E-01 -8.182581E-02 8.592510E-01 3.334065E-02 2.003671E-03 3.859965E+00 1.382105E+01 
1.582560E-01 1.675453E-02 3.641183E-01 1.777857E-01 -1.451319E+00 5.854459E-01 -1.643472E-01 8.878055E-01 2.893627E-02 5.256614E-03 3.850776E+00 1.138466E+01 
1.350293E-01 6.968484E-03 3.621593E-01 1.668163E-01 -1.458561E+00 5.323716E-01 -5.125939E-02 9.743622E-01 2.818046E-02 1.634138E-03 4.167819E+00 9.573819E+00 
9.248641E-02 5.471513E-02 3.447124E-01 1.723921E-01 -1.445146E+00 3.327386E-01 -1.351382E-01 9.472585E-01 2.645891E-02 2.005145E-02 4.445319E+00 7.137369E+00 
1.505310E-01 1.139207E-02 3.337603E-01 1.727193E-01 -1.556006E+00 5.937571E-01 -1.414263E-01 9.710503E-01 2.643629E-02 3.601163E-03 4.108865E+00 8.881416E+00 
1.613874E-01 1.031740E-02 3.575268E-01 1.751525E-01 -1.442965E+00 5.716623E-01 -6.587076E-02 8.746219E-01 3.051711E-02 2.674170E-03 4.285740E+00 9.420084E+00 
1.481005E-01 1.045116E-02 3.354072E-01 1.647244E-01 -1.594581E+00 5.658413E-01 -6.116718E-02 1.012282E+00 3.285337E-02 5.877487E-05 4.121652E+00 1.010652E+01 
1.627620E-01 1.025393E-02 3.571092E-01 1.760995E-01 -1.364802E+00 5.909234E-01 -1.096501E-01 8.792682E-01 2.731616E-02 8.356501E-03 2.950810E+00 1.025895E+01 
1.501477E-01 1.311678E-02 3.742803E-01 1.662495E-01 -1.690725E+00 5.671942E-01 -6.112294E-02 1.027422E+00 2.619122E-02 4.670537E-03 4.335268E+00 8.157821E+00 
1.812667E-01 9.580320E-03 3.636169E-01 1.705389E-01 -1.441210E+00 5.768570E-01 -1.187299E-01 9.696220E-01 2.594625E-02 1.219197E-03 4.391909E+00 8.285623E+00 
1.666730E-01 3.561431E-03 3.670842E-01 1.702413E-01 -1.433204E+00 5.772319E-01 -1.579989E-01 9.639714E-01 3.066736E-02 9.362217E-04 4.087362E+00 8.966576E+00 
1.722541E-01 3.505530E-03 3.643524E-01 1.682330E-01 -1.289637E+00 5.804901E-01 -1.006204E-01 8.882866E-01 3.025746E-02 2.352082E-03 4.272562E+00 8.897102E+00 
1.501181E-01 9.386866E-03 3.399011E-01 1.674122E-01 -1.582328E+00 5.957640E-01 -1.058883E-01 9.355682E-01 2.403427E-02 2.967895E-03 3.970502E+00 8.968772E+00 
1.363783E-01 3.921035E-02 3.560186E-01 1.536678E-01 -1.312212E+00 2.366591E-01 -6.632200E-02 1.104976E+00 3.449484E-02 9.147125E-03 6.219534E+00 1.117602E+01 
1.057742E-01 2.648878E-02 3.625814E-01 1.775190E-01 -1.065957E+00 4.735103E-01 -6.795188E-02 9.405247E-01 2.699876E-02 6.704966E-03 4.039715E+00 1.039230E+01 
1.704356E-01 1.256785E-02 3.571322E-01 1.777131E-01 -1.748583E+00 6.000000E-01 -1.554749E-01 8.899145E-01 2.565130E-02 1.832358E-03 3.762993E+00 9.098487E+00 
1.613508E-01 1.811286E-02 3.740999E-01 1.767595E-01 -1.378891E+00 5.655554E-01 -1.266667E-01 1.002386E+00 2.939888E-02 4.164278E-03 3.880790E+00 6.974358E+00 
1.422594E-01 2.769843E-02 3.558860E-01 1.693947E-01 -1.612208E+00 5.909744E-01 -9.720763E-02 9.173082E-01 3.129115E-02 1.078952E-03 4.450375E+00 8.611667E+00 
1.346230E-01 6.181003E-03 3.347023E-01 1.651072E-01 -1.605962E+00 5.402592E-01 -1.097997E-01 8.638021E-01 2.912709E-02 2.038502E-03 4.914568E+00 1.013715E+01 
1.432012E-01 5.850291E-03 3.588099E-01 1.695110E-01 -1.479816E+00 5.737431E-01 -9.034671E-02 9.490875E-01 2.936118E-02 1.730141E-03 4.094007E+00 9.462504E+00 
1.754517E-01 6.092988E-02 3.339674E-01 1.613642E-01 -1.221343E+00 5.189562E-01 -1.315017E-01 1.178106E+00 3.741634E-02 5.615505E-03 4.105382E+00 9.725198E+00 
1.541122E-01 5.837197E-03 3.525943E-01 1.699414E-01 -1.385443E+00 5.918912E-01 -1.005670E-01 9.804400E-01 3.163853E-02 2.479636E-03 4.358900E+00 1.013146E+01 
1.860309E-01 1.116563E-02 3.379254E-01 1.810778E-01 -1.642643E+00 5.491777E-01 -1.017631E-01 9.075157E-01 2.193252E-02 1.557070E-03 4.731806E+00 1.094900E+01 
1.425557E-01 9.301170E-03 3.275526E-01 1.659108E-01 -1.431645E+00 5.916092E-01 -7.472813E-02 8.968072E-01 2.617661E-02 5.245884E-03 3.827866E+00 9.707516E+00 
1.641124E-01 1.458633E-02 3.433084E-01 1.616229E-01 -1.539288E+00 5.323418E-01 -8.093789E-02 9.625192E-01 2.787298E-02 3.034570E-03 3.495884E+00 9.878215E+00 
1.521927E-01 8.460955E-03 3.471160E-01 1.689112E-01 -1.405883E+00 5.791978E-01 -8.344295E-02 9.622195E-01 2.827960E-02 3.517376E-03 3.629165E+00 9.299398E+00 
1.471379E-01 4.330868E-02 3.569198E-01 1.691933E-01 -1.092030E+00 4.832341E-01 -1.195525E-01 1.124013E+00 3.278784E-02 7.955066E-03 4.150271E+00 8.868075E+00 
1.540063E-01 1.000000E-04 3.629741E-01 1.696434E-01 -1.776570E+00 5.762829E-01 -1.201760E-01 9.276584E-01 3.011428E-02 3.801847E-03 3.216717E+00 8.817555E+00 
1.505506E-01 1.703353E-02 3.593334E-01 1.641668E-01 -1.477764E+00 5.517521E-01 -5.721296E-02 1.020704E+00 2.716644E-02 4.802142E-03 4.361798E+00 8.339290E+00 
1.105930E-01 4.608527E-02 2.557776E-01 1.471517E-01 -1.324099E+00 4.363983E-01 -4.011502E-02 8.952059E-01 2.804600E-02 6.961291E-03 3.207211E+00 9.444713E+00 
1.300592E-01 9.016501E-03 3.457551E-01 1.638255E-01 -1.341082E+00 5.726463E-01 -1.105156E-01 1.022405E+00 2.649027E-02 2.339451E-03 5.195440E+00 6.873777E+00 
1.447492E-01 8.160070E-03 3.615329E-01 1.714161E-01 -1.754244E+00 6.000000E-01 -9.945551E-02 9.754902E-01 2.966208E-02 1.485467E-03 4.230230E+00 8.366149E+00 
1.922882E-01 3.164092E-02 3.918719E-01 1.752922E-01 -1.522837E+00 5.879115E-01 -1.571118E-01 9.443929E-01 2.699750E-02 8.220223E-03 3.499911E+00 9.426638E+00 
1.083847E-01 1.393108E-02 3.402577E-01 1.635626E-01 -1.386259E+00 5.811025E-01 -4.368147E-02 1.005174E+00 2.969554E-02 9.845798E-03 3.411917E+00 4.884565E+00 
1.500620E-01 1.073384E-02 3.728357E-01 1.599396E-01 -1.620046E+00 5.604798E-01 -1.489078E-01 8.374131E-01 3.039834E-02 6.889316E-03 4.259160E+00 8.001241E+00 
1.568508E-01 9.215879E-03 3.684206E-01 1.620175E-01 -1.470041E+00 5.763415E-01 -1.628498E-01 1.051465E+00 2.729161E-02 5.327716E-03 3.807146E+00 9.788296E+00 
1.476786E-01 1.111086E-02 3.515211E-01 1.708518E-01 -1.585054E+00 5.847420E-01 -9.742502E-02 9.341669E-01 2.628218E-02 4.952944E-04 4.288222E+00 8.746118E+00 
1.152047E-01 1.904340E-02 3.602393E-01 1.771570E-01 -1.235431E+00 5.729046E-01 -1.652640E-01 1.006601E+00 3.048304E-02 5.067182E-03 4.335145E+00 9.712516E+00 
1.579819E-01 1.303243E-02 3.460969E-01 1.736993E-01 -1.634817E+00 5.690729E-01 -1.210294E-01 8.789763E-01 2.956636E-02 2.092500E-03 4.625438E+00 8.420937E+00 
1.543196E-01 8.131597E-03 3.439576E-01 1.671583E-01 -1.436158E+00 5.659397E-01 -2.030042E-02 7.804367E-01 2.879024E-02 1.961486E-03 4.033214E+00 1.004714E+01 
1.295096E-01 2.723803E-02 3.599111E-01 1.528171E-01 -1.313419E+00 5.431967E-01 -7.662224E-02 9.092357E-01 2.633730E-02 4.346496E-03 5.060407E+00 1.080403E+01 
1.233406E-01 7.407006E-03 3.593690E-01 1.590279E-01 -1.303081E+00 4.441231E-01 -6.396090E-02 8.190735E-01 2.772925E-02 5.994981E-03 3.692062E+00 9.875414E+00 
8.164796E-02 1.050848E-02 3.687056E-01 1.647634E-01 -1.192131E+00 4.901349E-01 -4.463458E-02 7.372774E-01 2.865854E-02 9.543136E-03 4.497084E+00 8.642030E+00 
1.470904E-01 2.242123E-02 3.341365E-01 1.716958E-01 -1.592268E+00 5.606594E-01 -3.569372E-02 9.920140E-01 3.188929E-02 4.314335E-03 4.248412E+00 1.067149E+01 
1.472143E-01 1.490753E-02 3.586846E-01 1.707739E-01 -1.411173E+00 5.431372E-01 -1.586929E-01 9.012927E-01 2.889072E-02 5.725550E-03 4.561177E+00 9.079924E+00 
1.089039E-01 2.158141E-03 3.314328E-01 1.371656E-01 -1.304749E+00 5.604281E-01 -7.756782E-02 9.265940E-01 2.826551E-02 6.610576E-03 4.024089E+00 1.031272E+01 
1.494448E-01 1.085155E-02 3.516980E-01 1.669574E-01 -1.410451E+00 5.800140E-01 -1.073668E-01 8.556905E-01 2.608879E-02 3.326373E-03 3.634025E+00 9.096321E+00 
2.703874E-02 6.032476E-02 3.472253E-01 1.493694E-01 -1.080057E+00 4.172900E-01 -4.572643E-02 9.806692E-01 3.421668E-02 1.233418E-02 4.342368E+00 5.577672E+00 
1.743099E-01 4.853011E-03 3.795479E-01 1.691111E-01 -1.318737E+00 6.000000E-01 -1.472850E-01 9.914134E-01 3.120000E-02 7.107350E-04 4.397704E+00 7.561771E+00 
1.608704E-01 1.286910E-02 3.579845E-01 1.664164E-01 -1.562605E+00 5.832377E-01 -1.425234E-01 1.018624E+00 3.008653E-02 4.075142E-03 4.098811E+00 9.740228E+00 
1.668430E-01 2.648567E-02 3.839087E-01 1.662283E-01 -1.373914E+00 5.923297E-01 -7.081421E-02 9.679407E-01 2.754573E-02 7.536884E-03 3.670265E+00 8.754523E+00 
1.541585E-01 1.466376E-02 4.074653E-01 1.647399E-01 -1.341774E+00 5.997218E-01 -1.202663E-01 9.374966E-01 2.901219E-02 6.453113E-03 4.627130E+00 9.268764E+00 
1.935364E-01 3.632508E-03 3.564380E-01 1.723711E-01 -1.394001E+00 5.838544E-01 -1.195572E-01 8.495135E-01 2.629434E-02 3.434679E-03 4.739165E+00 1.020559E+01 
1.646846E-01 7.973512E-03 3.710051E-01 1.683799E-01 -1.309519E+00 5.965805E-01 -1.174525E-01 9.788014E-01 3.007942E-02 1.608249E-04 3.777382E+00 8.568633E+00 
1.759810E-01 2.242431E-02 3.656173E-01 1.598018E-01 -1.277477E+00 5.836002E-01 -1.057427E-01 8.917643E-01 2.938162E-02 4.085534E-03 3.959585E+00 7.834964E+00 
1.207878E-01 3.108030E-02 3.433565E-01 1.802112E-01 -1.405574E+00 6.000000E-01 -1.744218E-01 8.925317E-01 3.024627E-02 1.604193E-03 4.437553E+00 6.497066E+00 
1.575115E-01 1.041134E-02 3.479600E-01 1.703746E-01 -1.362328E+00 5.842625E-01 -1.127101E-01 1.010511E+00 2.892716E-02 6.210459E-03 3.927127E+00 8.136872E+00 
1.561697E-01 8.445009E-03 3.560142E-01 1.695192E-01 -1.431520E+00 5.345881E-01 -7.951669E-02 9.377680E-01 2.705820E-02 4.864343E-03 4.827960E+00 8.437966E+00 
1.561428E-01 2.727199E-03 3.909431E-01 1.750497E-01 -1.470306E+00 5.882862E-01 -1.359864E-01 8.875573E-01 2.854730E-02 1.845779E-03 4.195825E+00 8.572404E+00 
1.713469E-01 8.866016E-03 3.628127E-01 1.810786E-01 -1.472328E+00 5.992901E-01 -1.335025E-01 9.010882E-01 2.968628E-02 2.354734E-03 3.867508E+00 7.071611E+00 
1.574220E-01 1.132606E-02 3.606117E-01 1.605865E-01 -1.422890E+00 5.731560E-01 -1.244500E-01 8.827003E-01 2.969497E-02 7.102357E-03 3.588146E+00 9.916122E+00 
1.638070E-01 7.667597E-03 3.810679E-01 1.713409E-01 -1.413905E+00 6.000000E-01 -1.888245E-01 9.989863E-01 2.924410E-02 3.014742E-03 4.089597E+00 9.296850E+00 
1.644686E-01 7.040097E-03 3.597452E-01 1.679112E-01 -1.579568E+00 5.658823E-01 -1.155714E-01 9.282853E-01 3.013956E-02 2.717697E-03 4.159746E+00 8.978554E+00 
1.589263E-01 1.180938E-02 3.184239E-01 1.721359E-01 -1.496909E+00 5.592859E-01 -1.005837E-01 9.604768E-01 2.827327E-02 1.374374E-03 4.635161E+00 8.522452E+00 
1.455685E-01 7.944109E-03 3.545384E-01 1.742067E-01 -1.515254E+00 5.728511E-01 -7.429341E-02 9.492601E-01 2.914600E-02 3.282085E-03 4.286836E+00 8.794318E+00 
1.582901E-01 1.593770E-02 3.723493E-01 1.746618E-01 -1.474007E+00 5.996664E-01 -1.048679E-01 9.565199E-01 2.495750E-02 2.997039E-03 3.586032E+00 9.529334E+00 
1.609440E-01 3.351876E-03 3.749992E-01 1.718163E-01 -1.409393E+00 6.000000E-01 -1.301981E-01 9.715979E-01 2.922892E-02 0.000000E+00 4.477237E+00 9.094396E+00 
1.552437E-01 3.958825E-03 3.656107E-01 1.707157E-01 -1.297118E+00 5.685556E-01 -6.279225E-02 9.163754E-01 2.938815E-02 2.096648E-03 4.286278E+00 8.550699E+00 
1.644889E-01 7.333777E-03 3.550979E-01 1.724294E-01 -1.488312E+00 5.453262E-01 -8.996140E-02 9.515882E-01 2.803800E-02 6.812683E-03 4.469708E+00 1.172191E+01 
1.671512E-01 1.160340E-02 3.517608E-01 1.655981E-01 -1.381396E+00 5.760457E-01 -1.081817E-01 7.812607E-01 2.688114E-02 3.338133E-03 4.766588E+00 1.012890E+01 
1.579274E-01 1.000000E-04 3.472638E-01 1.471342E-01 -1.289067E+00 5.001806E-01 -1.299938E-01 9.344402E-01 2.823337E-02 5.518792E-03 4.278477E+00 9.552546E+00 
1.596881E-01 9.606162E-03 3.669545E-01 1.738396E-01 -1.245519E+00 5.548703E-01 -1.050872E-01 9.311697E-01 2.786359E-02 3.546735E-03 4.373194E+00 8.580135E+00 
1.680266E-01 1.009675E-02 3.532486E-01 1.708722E-01 -1.448501E+00 5.665869E-01 -1.405961E-01 9.166533E-01 3.157818E-02 2.760893E-03 4.581910E+00 9.423921E+00 
1.548648E-01 7.850576E-03 3.683992E-01 1.651540E-01 -1.379290E+00 5.830587E-01 -1.190911E-01 9.799204E-01 3.299991E-02 2.593525E-03 4.426558E+00 8.487224E+00 
2.092914E-02 3.818720E-02 3.184683E-01 1.641451E-01 -1.295340E+00 5.161560E-01 -8.953477E-02 9.202213E-01 2.695811E-02 1.344486E-03 3.689135E+00 1.416623E+01 
1.629023E-01 9.191537E-03 3.656859E-01 1.712869E-01 -1.348952E+00 5.719485E-01 -8.443080E-02 9.720439E-01 2.727861E-02 2.396343E-03 4.124494E+00 9.208261E+00 
1.600790E-01 3.295360E-03 3.318193E-01 1.761239E-01 -1.474866E+00 5.787328E-01 -1.045800E-01 1.026657E+00 2.744257E-02 3.484203E-03 3.676891E+00 9.206948E+00 
6.331613E-02 1.415287E-02 3.598404E-01 1.625118E-01 -1.421537E+00 5.045629E-01 -1.603140E-01 8.835760E-01 2.677263E-02 6.287788E-03 3.608230E+00 1.149410E+01 
1.682336E-01 3.483571E-03 3.648582E-01 1.695911E-01 -1.471567E+00 4.557446E-01 -1.324252E-01 9.065980E-01 2.721862E-02 1.803367E-03 4.123919E+00 6.039530E+00 
1.571270E-01 9.876589E-03 3.554541E-01 1.691313E-01 -1.503058E+00 5.735648E-01 -7.501024E-02 1.013659E+00 3.176868E-02 1.406668E-03 4.124828E+00 9.089042E+00 
1.633031E-01 9.628909E-03 3.564402E-01 1.705188E-01 -1.488717E+00 5.887646E-01 -1.102332E-01 1.021733E+00 2.869869E-02 3.146516E-03 4.324405E+00 9.493044E+00 
1.552918E-01 1.000000E-04 3.504165E-01 1.855299E-01 -1.631047E+00 5.283069E-01 -1.700713E-02 9.602369E-01 2.990973E-02 2.053363E-03 4.136214E+00 1.060453E+01 
1.619308E-01 1.000000E-04 3.627074E-01 1.660047E-01 -1.423338E+00 5.562678E-01 -9.732791E-02 8.892160E-01 3.013865E-02 2.203220E-03 4.227498E+00 9.674223E+00 
1.550889E-01 6.628618E-03 3.479736E-01 1.654373E-01 -1.441572E+00 5.944882E-01 -1.897732E-01 9.539655E-01 2.663840E-02 3.819993E-03 4.226998E+00 8.188368E+00 
1.584700E-01 2.646043E-03 3.431801E-01 1.627581E-01 -1.472761E+00 5.965511E-01 -1.043248E-01 7.728180E-01 2.866003E-02 1.786428E-03 3.987579E+00 1.053413E+01 
1.590366E-01 1.613966E-02 3.635260E-01 1.687447E-01 -1.446203E+00 5.937884E-01 -1.367508E-01 9.800529E-01 3.348297E-02 3.388103E-03 4.030651E+00 9.364204E+00 
1.754336E-01 1.632889E-02 3.539355E-01 1.803065E-01 -1.347925E+00 4.774957E-01 -8.200714E-02 9.746441E-01 2.580792E-02 7.058840E-03 3.967374E+00 1.051059E+01 
1.626660E-01 1.046611E-02 3.677489E-01 1.771906E-01 -1.274787E+00 5.756122E-01 -1.038095E-01 8.517033E-01 2.864438E-02 5.403856E-03 4.199505E+00 9.125214E+00 
1.652426E-01 6.285889E-03 3.631053E-01 1.743671E-01 -1.483073E+00 5.792771E-01 -1.269121E-01 9.704501E-01 2.794877E-02 5.086950E-03 4.312741E+00 9.866524E+00 
1.812907E-01 9.751073E-03 3.640263E-01 1.623001E-01 -1.278081E+00 6.000000E-01 -6.918891E-02 8.926016E-01 2.839141E-02 3.385338E-05 4.218200E+00 8.385312E+00 
1.630024E-01 3.272355E-03 3.704036E-01 1.700810E-01 -1.388997E+00 5.597124E-01 -1.399523E-01 8.276041E-01 2.888407E-02 2.619105E-03 3.749544E+00 8.730479E+00 
1.265643E-01 1.842018E-02 3.646130E-01 1.720479E-01 -1.262979E+00 5.085773E-01 -1.455321E-01 8.783515E-01 2.678412E-02 3.295791E-03 4.176890E+00 1.044176E+01 
1.643760E-01 1.069627E-02 3.611375E-01 1.742570E-01 -1.449459E+00 6.000000E-01 -1.412166E-01 1.049544E+00 2.828915E-02 2.515060E-03 4.227580E+00 9.549039E+00 
1.376630E-01 3.544945E-02 3.455398E-01 1.607309E-01 -1.296995E+00 5.590393E-01 -4.827440E-02 9.257912E-01 2.842466E-02 7.625402E-03 4.224259E+00 9.389055E+00 
1.483856E-01 1.267931E-02 3.757996E-01 1.697989E-01 -1.361449E+00 5.838598E-01 -1.010820E-01 9.100647E-01 2.879301E-02 1.931687E-03 4.356381E+00 9.134652E+00 
1.838294E-01 5.038202E-03 3.908697E-01 1.602679E-01 -8.579017E-01 5.889623E-01 -1.133663E-01 1.019570E+00 2.655879E-02 1.612125E-03 4.675077E+00 9.543936E+00 
1.001123E-01 1.314022E-02 3.557363E-01 1.671571E-01 -1.348797E+00 5.995806E-01 -1.280829E-01 9.105737E-01 2.934884E-02 4.595547E-03 4.809979E+00 1.117818E+01 
1.692426E-01 7.705336E-03 3.928058E-01 1.650581E-01 -1.327200E+00 5.972978E-01 -1.848138E-01 9.666064E-01 2.873124E-02 3.787345E-03 4.710650E+00 1.055676E+01 
1.562082E-01 3.799597E-03 3.610763E-01 1.729532E-01 -1.630498E+00 5.763890E-01 -1.157734E-01 1.233130E+00 2.946695E-02 6.915877E-03 4.014885E+00 9.261231E+00 
8.760016E-02 4.780275E-02 3.212893E-01 1.553178E-01 -1.440258E+00 4.015791E-01 -7.427767E-02 1.030877E+00 4.858220E-02 5.785556E-03 5.276593E+00 3.488372E+00 
1.015510E-01 1.038214E-02 3.192268E-01 1.519721E-01 -1.369857E+00 6.000000E-01 -1.322794E-01 7.973829E-01 3.067034E-02 1.781823E-03 4.173940E+00 1.237061E+01 
1.596970E-01 8.755693E-03 3.759238E-01 1.710681E-01 -1.412351E+00 5.913971E-01 -1.127714E-01 9.448051E-01 2.794809E-02 2.727779E-03 4.374560E+00 7.844169E+00 
1.722662E-01 1.292923E-02 3.611099E-01 1.696599E-01 -1.261359E+00 5.759247E-01 -1.261886E-01 8.955661E-01 2.641546E-02 5.695565E-04 3.934781E+00 8.320172E+00 
1.754280E-01 7.684102E-03 3.705959E-01 1.771835E-01 -1.353621E+00 5.857068E-01 -1.766926E-01 1.000588E+00 2.844746E-02 1.756655E-03 4.697469E+00 1.028150E+01 
1.527779E-01 1.660224E-02 3.325447E-01 1.800158E-01 -1.515397E+00 5.115484E-01 -2.364934E-02 9.289740E-01 2.811860E-02 0.000000E+00 4.397000E+00 7.237459E+00 
1.659710E-01 5.931486E-03 3.723651E-01 1.718449E-01 -1.390183E+00 5.723185E-01 -1.516746E-01 7.996933E-01 2.725087E-02 1.503821E-03 4.129206E+00 1.016327E+01 
1.918800E-01 5.429098E-03 3.515695E-01 1.714521E-01 -1.467898E+00 5.524067E-01 -6.745177E-02 8.630703E-01 3.091974E-02 4.203343E-03 4.375581E+00 7.777419E+00 
1.522147E-01 7.206466E-03 3.486795E-01 1.695846E-01 -1.331965E+00 5.827079E-01 -5.709491E-02 8.100736E-01 2.998682E-02 2.365781E-03 3.600489E+00 9.224262E+00 
1.459997E-01 1.154299E-02 3.375766E-01 1.693565E-01 -1.350350E+00 5.624603E-01 -1.038374E-01 8.922510E-01 2.629532E-02 1.940851E-03 3.926365E+00 1.029652E+01 
1.523539E-01 1.008794E-02 3.414952E-01 1.731496E-01 -1.485901E+00 5.706832E-01 -7.669767E-02 1.012240E+00 3.145604E-02 2.840845E-03 4.766083E+00 8.088765E+00 
1.583007E-01 9.795276E-03 3.632781E-01 1.694626E-01 -1.533917E+00 5.568051E-01 -1.462948E-01 9.052503E-01 2.773793E-02 7.355856E-03 4.639148E+00 8.329940E+00 
1.771666E-01 8.880288E-03 3.516030E-01 1.748038E-01 -1.381002E+00 5.724523E-01 -1.375333E-01 9.759274E-01 2.784726E-02 2.324987E-03 4.328784E+00 8.890060E+00 
1.371368E-01 2.997702E-02 3.490557E-01 1.640680E-01 -1.536131E+00 6.000000E-01 -1.107446E-01 9.767384E-01 2.791578E-02 0.000000E+00 3.455255E+00 8.711054E+00 
1.534945E-01 1.637421E-02 3.428449E-01 1.708264E-01 -1.340677E+00 5.403793E-01 -1.376252E-01 9.557332E-01 2.766343E-02 6.978093E-03 4.663442E+00 8.178459E+00 
1.769423E-01 1.058323E-02 3.522623E-01 1.744690E-01 -1.093443E+00 5.924083E-01 -1.321733E-01 1.064311E+00 2.989262E-02 2.103266E-03 4.200458E+00 1.058078E+01 
1.272384E-01 4.202063E-02 3.289849E-01 1.665133E-01 -1.272900E+00 5.715179E-01 -6.210089E-02 9.952364E-01 3.013784E-02 4.939971E-03 4.717151E+00 1.026140E+01 
1.605506E-01 7.898427E-03 3.571020E-01 1.761058E-01 -1.323228E+00 5.869323E-01 -9.953268E-02 9.760811E-01 3.159197E-02 4.791198E-03 4.268783E+00 9.171087E+00 
1.591899E-01 1.130304E-02 3.501710E-01 1.659389E-01 -1.280628E+00 5.887884E-01 -1.520089E-01 9.989178E-01 2.987531E-02 1.741201E-03 4.135853E+00 1.147849E+01 
1.573237E-01 1.053026E-02 3.598665E-01 1.646687E-01 -1.402346E+00 5.198012E-01 -1.270715E-01 7.113991E-01 2.925273E-02 1.505755E-03 3.798993E+00 1.159419E+01 
1.686217E-01 5.863789E-03 3.652430E-01 1.753892E-01 -1.607697E+00 5.892938E-01 -8.246735E-02 9.084923E-01 3.006166E-02 2.853301E-03 4.386093E+00 9.757106E+00 
1.543475E-01 1.178923E-02 3.868417E-01 1.670185E-01 -1.488755E+00 5.618495E-01 -2.000000E-01 8.930563E-01 3.063080E-02 1.101143E-03 3.653555E+00 9.350122E+00 
1.316784E-01 1.993018E-02 3.585003E-01 1.688392E-01 -1.545268E+00 4.988651E-01 -6.015041E-02 9.343411E-01 3.076905E-02 7.069222E-03 3.858526E+00 1.000562E+01 
1.468472E-01 4.954222E-03 3.440808E-01 1.673051E-01 -1.379281E+00 5.782364E-01 -9.367372E-02 9.376064E-01 2.885283E-02 1.670331E-03 4.272882E+00 9.003907E+00 
1.471691E-01 1.961149E-02 3.292173E-01 1.338127E-01 -1.334446E+00 5.553718E-01 -8.147227E-02 9.430807E-01 3.138104E-02 4.052630E-03 3.936671E+00 1.335363E+01 
1.637618E-01 9.538944E-03 3.670946E-01 1.727678E-01 -1.385798E+00 5.887084E-01 -1.304629E-01 9.677302E-01 2.866735E-02 2.365107E-03 3.881871E+00 8.551798E+00 
1.758174E-01 5.010653E-03 3.604342E-01 1.694177E-01 -1.347962E+00 6.000000E-01 -1.168782E-01 9.843963E-01 2.799933E-02 5.564513E-03 4.316332E+00 7.622035E+00 
1.155204E-01 3.927229E-02 3.666367E-01 1.683715E-01 -1.485370E+00 5.329267E-01 -4.717408E-02 9.181227E-01 3.017697E-02 5.987474E-03 4.593801E+00 9.038619E+00 
1.436045E-01 8.414500E-03 3.516307E-01 1.686668E-01 -1.371238E+00 5.403469E-01 -5.011326E-02 9.449398E-01 3.058952E-02 3.438096E-03 3.533090E+00 8.724832E+00 
1.648438E-01 1.018245E-02 3.594236E-01 1.775846E-01 -1.357560E+00 5.610308E-01 -8.476423E-02 8.814294E-01 2.752252E-02 3.480360E-03 4.276460E+00 9.218678E+00 
1.809808E-01 1.133741E-02 3.016943E-01 1.800375E-01 -1.860506E+00 5.774049E-01 -4.041397E-02 8.517845E-01 2.498517E-02 2.731168E-03 3.591233E+00 1.014937E+01 
1.614374E-01 6.317956E-02 3.268277E-01 1.576875E-01 -1.418232E+00 5.278761E-01 -8.173798E-02 9.428907E-01 2.918430E-02 1.163375E-02 3.748976E+00 8.417888E+00 
1.536171E-01 1.320250E-02 3.529130E-01 1.742735E-01 -1.224697E+00 5.639088E-01 -1.203678E-01 9.448535E-01 2.883757E-02 3.105206E-03 4.840711E+00 9.085454E+00 
1.325421E-01 1.000000E-04 3.311217E-01 1.729296E-01 -1.391143E+00 3.478881E-01 -1.090551E-01 9.692243E-01 2.792621E-02 4.730486E-04 4.456834E+00 1.024943E+01 
1.690545E-01 6.497245E-03 3.634876E-01 1.708775E-01 -1.429319E+00 5.923049E-01 -1.345825E-01 9.826047E-01 2.836387E-02 3.412542E-03 3.801112E+00 8.701719E+00 
1.489949E-01 2.770622E-03 3.487101E-01 1.666339E-01 -1.387830E+00 5.647319E-01 -1.000000E-02 1.019447E+00 2.833121E-02 2.678646E-03 4.386288E+00 8.463000E+00 
1.703720E-01 3.794788E-03 3.588716E-01 1.788595E-01 -1.404229E+00 5.535741E-01 -1.127479E-01 9.466937E-01 3.033321E-02 2.707940E-03 4.415012E+00 9.709693E+00 
1.405840E-01 1.246521E-02 3.576555E-01 1.690442E-01 -1.234052E+00 5.455760E-01 -8.312891E-02 1.082277E+00 3.033626E-02 4.308519E-03 5.506606E+00 8.396323E+00 
1.351954E-01 7.263698E-03 3.640802E-01 1.672702E-01 -1.670966E+00 6.000000E-01 -8.456437E-02 9.356874E-01 2.653610E-02 6.197391E-03 3.383732E+00 1.208115E+01 
1.668171E-01 8.292475E-03 3.637830E-01 1.725073E-01 -1.628408E+00 5.923302E-01 -1.730251E-01 1.001346E+00 2.365929E-02 2.306661E-03 4.660117E+00 1.042079E+01 
1.335967E-01 2.333218E-02 2.686069E-01 1.639444E-01 -1.388915E+00 5.675063E-01 -5.921443E-02 9.897723E-01 3.020212E-02 8.426721E-03 4.207439E+00 8.928098E+00 
1.202264E-01 1.269290E-02 3.285230E-01 1.381543E-01 -1.350841E+00 4.475995E-01 -6.368392E-02 1.018874E+00 3.315792E-02 1.886766E-03 3.830326E+00 1.239428E+01 
1.873219E-01 6.551149E-03 3.528686E-01 1.726821E-01 -1.598511E+00 5.740678E-01 -1.141469E-01 9.368922E-01 2.976692E-02 1.249891E-03 4.285146E+00 8.573024E+00 
8.912439E-02 2.753064E-02 3.540425E-01 1.454578E-01 -1.253704E+00 4.457473E-01 -3.722840E-02 8.412895E-01 3.369498E-02 1.889413E-03 4.207475E+00 7.336634E+00 
1.637729E-01 1.086602E-02 3.568135E-01 1.750298E-01 -1.417754E+00 5.701479E-01 -9.808539E-02 9.384650E-01 2.782232E-02 2.516709E-03 4.549528E+00 9.929818E+00 
1.596676E-01 7.497040E-03 3.600781E-01 1.780628E-01 -1.533543E+00 5.737469E-01 -9.863204E-02 9.283844E-01 3.028388E-02 4.208931E-03 4.173720E+00 9.704657E+00 
1.561693E-01 1.420681E-02 3.539368E-01 1.705850E-01 -1.270037E+00 5.901681E-01 -3.566839E-02 1.012497E+00 3.196075E-02 1.226227E-03 4.228688E+00 9.066820E+00 
1.513378E-01 1.250214E-02 3.692305E-01 1.716354E-01 -1.484905E+00 5.917329E-01 -8.120665E-02 9.504816E-01 2.730294E-02 2.152872E-03 4.280970E+00 7.977684E+00 
1.719578E-01 1.005788E-02 3.570751E-01 1.660661E-01 -1.450035E+00 5.660031E-01 -1.094930E-01 1.003034E+00 2.620167E-02 5.120375E-03 4.070021E+00 8.560989E+00 
1.481716E-01 1.486992E-02 3.573453E-01 1.713276E-01 -1.277707E+00 5.719298E-01 -8.905069E-02 9.538646E-01 3.028561E-02 2.573355E-03 4.110782E+00 9.435589E+00 
1.982174E-02 1.021610E-02 3.323923E-01 1.595970E-01 -1.307874E+00 5.673636E-01 -5.167217E-02 8.843958E-01 2.847593E-02 7.661738E-03 3.884946E+00 8.031068E+00 
1.632715E-01 9.376258E-03 3.611213E-01 1.710279E-01 -1.270467E+00 5.762993E-01 -1.431127E-01 9.523034E-01 2.595933E-02 2.059879E-03 4.371801E+00 8.952769E+00 
1.499498E-01 2.006356E-02 3.308590E-01 1.753468E-01 -1.525964E+00 5.056084E-01 -1.511416E-01 9.464751E-01 2.917613E-02 4.114806E-03 4.626328E+00 7.013677E+00 
1.653926E-01 4.610482E-03 3.474948E-01 1.753284E-01 -1.338827E+00 5.856572E-01 -8.908645E-02 8.677604E-01 2.770793E-02 1.478978E-03 4.839829E+00 1.007991E+01 
8.776477E-02 4.126379E-02 2.991761E-01 1.702889E-01 -1.735761E+00 3.330535E-01 -2.812566E-02 1.003438E+00 2.819063E-02 5.899223E-03 4.769349E+00 6.900378E+00 
1.690035E-01 1.664886E-02 3.681303E-01 1.780488E-01 -1.398053E+00 5.700366E-01 -8.939891E-02 9.291957E-01 2.924661E-02 2.250760E-03 4.089065E+00 8.881953E+00 
9.716218E-02 1.968317E-02 3.573368E-01 1.693944E-01 -1.388901E+00 5.008027E-01 -7.103311E-02 8.646159E-01 3.181968E-02 4.045244E-03 4.408063E+00 6.846912E+00 
1.651318E-01 3.337958E-02 3.581547E-01 1.616174E-01 -1.310124E+00 5.371811E-01 -6.473012E-02 9.518233E-01 3.163595E-02 6.575624E-03 4.296466E+00 7.906279E+00 
1.085185E-01 6.362555E-03 3.620680E-01 1.621899E-01 -1.246980E+00 5.833792E-01 -7.306568E-02 1.047363E+00 2.854080E-02 4.694060E-03 3.568566E+00 9.299026E+00 
5.550939E-02 3.435030E-02 3.367829E-01 1.382334E-01 -1.343304E+00 4.573550E-01 -7.864888E-02 1.005078E+00 3.789135E-02 6.512591E-03 3.384394E+00 1.231475E+01 
1.587018E-01 7.827392E-03 3.699228E-01 1.678396E-01 -1.295324E+00 5.288359E-01 -9.294973E-02 9.312687E-01 2.800634E-02 2.804925E-03 4.033701E+00 8.792558E+00 
1.606533E-01 2.528258E-02 3.604672E-01 1.739105E-01 -1.293181E+00 5.785796E-01 -1.422046E-01 9.643896E-01 2.834269E-02 2.066359E-03 4.022799E+00 9.433340E+00 
1.572849E-01 8.159730E-03 3.470755E-01 1.651908E-01 -1.438135E+00 5.792479E-01 -8.650332E-02 1.065915E+00 3.216143E-02 4.655310E-03 3.920584E+00 1.067624E+01 
1.714390E-01 6.495281E-03 3.672392E-01 1.731795E-01 -1.451362E+00 6.000000E-01 -1.124128E-01 8.995518E-01 2.835994E-02 1.336533E-03 4.730006E+00 9.510077E+00 
1.554094E-01 2.430586E-02 3.159141E-01 1.599421E-01 -1.395402E+00 5.263473E-01 -8.747522E-02 9.731951E-01 2.755802E-02 4.331755E-03 3.892378E+00 9.119441E+00 
1.507596E-01 4.656183E-03 3.555498E-01 1.678750E-01 -1.449813E+00 5.787176E-01 -9.245739E-02 9.301575E-01 2.993477E-02 2.534829E-03 4.671903E+00 9.590522E+00 
9.994925E-02 3.932974E-02 3.460750E-01 1.603534E-01 -1.397506E+00 5.067979E-01 -1.000000E-02 9.362846E-01 3.703387E-02 1.744930E-03 3.413557E+00 1.011509E+01 
1.341960E-01 1.317060E-02 3.367710E-01 1.709227E-01 -1.424237E+00 5.820303E-01 -6.940447E-02 1.042577E+00 2.673502E-02 1.771647E-04 4.808874E+00 8.743018E+00 
1.571220E-01 4.995385E-03 3.707630E-01 1.710602E-01 -1.505909E+00 5.815658E-01 -1.379639E-01 9.204858E-01 2.744079E-02 1.077003E-03 3.999288E+00 9.585172E+00 
1.755539E-01 9.683600E-03 3.491326E-01 1.722922E-01 -1.425590E+00 5.722045E-01 -1.771946E-01 7.453313E-01 2.611413E-02 3.375173E-03 4.315553E+00 9.312706E+00 
1.448021E-01 7.057657E-03 3.455752E-01 1.623404E-01 -1.402262E+00 5.892349E-01 -1.086423E-01 8.346397E-01 2.753891E-02 9.277661E-04 4.701268E+00 1.151883E+01 
1.931132E-01 1.476689E-02 3.426740E-01 1.818529E-01 -1.487308E+00 5.348761E-01 -7.484577E-02 9.702590E-01 2.558382E-02 0.000000E+00 5.921662E+00 9.340122E+00 
1.442933E-01 1.393437E-02 3.462442E-01 1.758095E-01 -1.452283E+00 5.807187E-01 -6.301007E-02 8.309463E-01 2.675939E-02 4.147805E-04 4.148162E+00 8.335248E+00 
1.513432E-01 3.829101E-03 3.650865E-01 1.645268E-01 -1.540598E+00 5.877839E-01 -8.695719E-02 9.514360E-01 2.832561E-02 4.537033E-03 4.400764E+00 1.065849E+01 
1.620611E-01 7.146322E-03 3.463519E-01 1.751320E-01 -1.595552E+00 5.778451E-01 -1.384406E-01 1.005406E+00 2.783667E-02 4.964930E-03 4.039702E+00 8.639785E+00 
1.111796E-01 5.751007E-03 3.319393E-01 1.767506E-01 -1.419372E+00 5.636545E-01 -7.464471E-02 1.124381E+00 3.148836E-02 1.819272E-02 3.235368E+00 8.719332E+00 
1.707591E-01 9.353664E-03 3.500787E-01 1.789064E-01 -1.342060E+00 5.894393E-01 -1.389604E-01 9.595854E-01 2.699342E-02 2.362554E-03 5.398539E+00 9.238194E+00 
1.784060E-01 1.418700E-02 3.632394E-01 1.631783E-01 -1.523166E+00 5.719523E-01 -1.960605E-01 1.020813E+00 2.574058E-02 3.069161E-03 4.402991E+00 9.059478E+00 
1.810761E-01 1.000000E-04 3.639562E-01 1.747172E-01 -1.497055E+00 5.782557E-01 -1.370921E-01 9.469653E-01 2.950077E-02 0.000000E+00 4.446906E+00 1.143532E+01 
1.562219E-01 8.709395E-03 3.521157E-01 1.720518E-01 -1.410971E+00 5.716792E-01 -1.316377E-01 9.438659E-01 2.948892E-02 0.000000E+00 3.593125E+00 9.333728E+00 
1.596647E-01 4.897285E-03 3.569454E-01 1.716774E-01 -1.421904E+00 5.857838E-01 -1.516123E-01 9.212335E-01 3.177858E-02 3.460063E-03 4.483183E+00 9.462435E+00 
1.547947E-01 7.346594E-03 3.683975E-01 1.646841E-01 -1.550840E+00 5.899002E-01 -1.290028E-01 8.237697E-01 2.594400E-02 8.158642E-04 4.700229E+00 9.902058E+00 
1.330747E-01 8.111651E-03 3.557087E-01 1.654801E-01 -1.363206E+00 5.973672E-01 -1.880067E-01 1.050476E+00 2.818346E-02 5.452817E-03 4.356200E+00 1.080259E+01 
1.636626E-01 4.024991E-03 3.797003E-01 1.718516E-01 -1.523286E+00 5.812874E-01 -8.883082E-02 9.085276E-01 2.625686E-02 1.580815E-03 3.689976E+00 7.593026E+00 
1.090819E-01 1.165773E-02 3.383468E-01 1.536845E-01 -1.357360E+00 5.059458E-01 -1.206613E-01 9.347919E-01 3.218694E-02 4.576399E-03 3.675279E+00 1.196179E+01 
1.814358E-01 9.764678E-03 3.548105E-01 1.776414E-01 -1.597437E+00 5.388230E-01 -8.416757E-02 9.522974E-01 2.757092E-02 1.816419E-04 4.513217E+00 9.359009E+00 
1.647048E-01 3.604282E-03 3.557307E-01 1.729722E-01 -1.406244E+00 5.962024E-01 -1.540552E-01 9.383797E-01 3.127151E-02 3.492693E-03 4.505094E+00 8.944531E+00 
1.506053E-01 4.447984E-03 3.375253E-01 1.708429E-01 -1.530079E+00 5.328849E-01 -1.158754E-01 8.180367E-01 2.909785E-02 4.185710E-03 4.335173E+00 1.039954E+01 
1.534078E-01 1.092256E-02 3.660243E-01 1.735840E-01 -1.599475E+00 5.110628E-01 -7.951799E-02 8.214830E-01 2.617372E-02 2.521366E-03 3.978549E+00 1.266440E+01 
1.505588E-01 6.314493E-03 3.515684E-01 1.810617E-01 -1.356220E+00 6.000000E-01 -1.017563E-01 9.075086E-01 3.121981E-02 2.639654E-03 4.735222E+00 1.051650E+01 
1.589055E-01 1.099363E-02 3.717943E-01 1.815531E-01 -1.525940E+00 5.881625E-01 -5.196625E-02 8.525798E-01 3.153285E-02 2.161585E-03 4.656799E+00 8.344696E+00 
2.000000E-01 3.071135E-03 3.935505E-01 1.762613E-01 -1.644739E+00 5.877225E-01 -8.331134E-02 9.261094E-01 2.926465E-02 0.000000E+00 4.079078E+00 6.499550E+00 
1.745381E-01 4.053498E-02 3.500078E-01 1.693662E-01 -1.444715E+00 5.729115E-01 -9.398436E-02 8.202692E-01 2.880829E-02 3.168477E-03 4.333349E+00 7.685865E+00 
1.683497E-01 7.970317E-03 3.408184E-01 1.888908E-01 -1.538411E+00 6.000000E-01 -8.983599E-02 1.050655E+00 2.735030E-02 2.950393E-03 3.845310E+00 8.649215E+00 
1.473090E-01 1.527762E-02 3.528778E-01 1.596329E-01 -1.126042E+00 5.155450E-01 -3.230998E-02 9.345045E-01 2.947158E-02 4.575607E-03 2.654611E+00 1.288016E+01 
1.507038E-01 9.066703E-03 3.637158E-01 1.676196E-01 -1.480080E+00 5.910854E-01 -1.084539E-01 9.875589E-01 2.988674E-02 6.500532E-03 4.589918E+00 9.818949E+00 
1.527367E-01 4.160400E-02 3.313996E-01 1.521591E-01 -1.282674E+00 3.376398E-01 -7.787725E-02 1.008125E+00 3.043005E-02 6.009429E-03 6.051410E+00 1.295412E+01 
4.208717E-02 4.529201E-02 3.853480E-01 1.459210E-01 -9.784943E-01 3.328010E-01 -1.666479E-01 9.381214E-01 3.033734E-02 2.282113E-02 4.564079E+00 4.493716E+00 
1.639315E-01 1.230544E-02 3.527601E-01 1.720353E-01 -1.560769E+00 5.286215E-01 -9.695722E-02 9.207686E-01 2.636737E-02 2.945824E-03 3.932991E+00 8.386672E+00 
1.573932E-01 1.341388E-02 3.362238E-01 1.728172E-01 -1.503737E+00 5.315502E-01 -8.254078E-02 8.902326E-01 2.926110E-02 8.162454E-03 4.457212E+00 1.059645E+01 
1.675255E-01 1.865651E-02 3.491124E-01 1.681977E-01 -1.478928E+00 5.233062E-01 -1.123208E-01 1.000681E+00 3.059239E-02 3.414425E-03 5.431985E+00 9.242765E+00 
9.539083E-02 9.169805E-03 3.534650E-01 1.708566E-01 -1.227878E+00 5.489757E-01 -1.043301E-01 9.537935E-01 2.834040E-02 1.406394E-02 3.905763E+00 1.115391E+01 
8.002586E-02 7.121836E-03 3.340802E-01 1.616736E-01 -1.177816E+00 6.000000E-01 -1.115542E-01 9.400342E-01 2.948936E-02 4.488969E-03 5.389634E+00 1.119052E+01 
1.622515E-01 1.067316E-02 3.359239E-01 1.713290E-01 -1.313397E+00 4.706998E-01 -1.008675E-01 9.528513E-01 3.251421E-02 3.063696E-03 4.142259E+00 6.943285E+00 
1.241108E-01 3.484631E-02 3.475038E-01 1.534932E-01 -1.451176E+00 5.003010E-01 -7.352264E-02 1.137996E+00 2.591899E-02 8.355469E-03 2.567493E+00 9.200383E+00 
1.653511E-01 1.539207E-02 3.518078E-01 1.701948E-01 -1.419928E+00 5.882898E-01 -9.481046E-02 9.499983E-01 2.716308E-02 3.069334E-03 4.552724E+00 9.061356E+00 
1.038921E-01 5.341204E-02 3.433634E-01 1.533160E-01 -1.059713E+00 5.607556E-01 -8.222375E-02 1.046625E+00 2.726206E-02 7.166993E-03 4.988884E+00 8.842361E+00 
1.220155E-01 1.542237E-02 3.542280E-01 1.632595E-01 -1.449176E+00 5.849744E-01 -9.242636E-02 9.628352E-01 3.118193E-02 4.666512E-03 3.569610E+00 7.149262E+00 
7.502266E-02 1.784915E-02 3.742762E-01 1.688719E-01 -1.326381E+00 5.405093E-01 -1.354423E-01 1.069544E+00 2.899965E-02 1.115077E-02 4.720652E+00 1.109362E+01 
1.796666E-01 1.215379E-02 3.440562E-01 1.753336E-01 -1.347455E+00 5.856048E-01 -1.136731E-01 8.706934E-01 2.846503E-02 2.883392E-03 3.367242E+00 9.446045E+00 
1.454058E-01 9.290023E-03 3.406230E-01 1.719224E-01 -1.473346E+00 5.856914E-01 -1.343020E-01 9.553410E-01 2.766629E-02 1.830072E-03 4.023370E+00 8.879371E+00 
4.654291E-02 1.483055E-02 3.583166E-01 1.714258E-01 -1.533075E+00 5.641072E-01 -5.229570E-02 9.501649E-01 3.137178E-02 6.263424E-04 4.331057E+00 1.014547E+01 
1.531266E-01 7.394913E-03 3.339907E-01 1.646207E-01 -1.441430E+00 5.793825E-01 -1.153979E-01 1.017203E+00 3.439124E-02 3.356297E-03 4.011309E+00 8.688824E+00 
1.684377E-01 1.913493E-02 3.574802E-01 1.705818E-01 -1.523460E+00 4.922499E-01 -1.349815E-01 9.051430E-01 2.895267E-02 2.995800E-03 3.867559E+00 6.376791E+00 
6.766324E-02 4.893732E-02 4.096716E-01 1.532251E-01 -1.206257E+00 2.856583E-01 -3.593461E-02 3.083938E-01 3.084474E-02 5.890808E-03 4.073951E+00 1.300370E+01 
1.726757E-01 5.961731E-03 3.568981E-01 1.629899E-01 -1.404409E+00 5.895868E-01 -1.362680E-01 9.624458E-01 3.135357E-02 2.653822E-03 4.344889E+00 9.855802E+00 
1.488834E-01 1.296396E-02 3.617757E-01 1.715716E-01 -1.625213E+00 5.717943E-01 -1.580353E-01 1.044367E+00 2.570533E-02 2.218418E-03 4.166199E+00 8.092035E+00 
1.565076E-01 4.360001E-02 3.393619E-01 1.671688E-01 -1.247608E+00 4.195087E-01 -1.163874E-01 9.917648E-01 2.341678E-02 7.579839E-03 4.859692E+00 7.961513E+00 
1.690800E-01 6.292724E-03 3.707870E-01 1.673678E-01 -1.333555E+00 5.927755E-01 -8.413605E-02 9.716555E-01 2.809020E-02 1.485798E-03 3.917596E+00 7.065318E+00 
1.749754E-01 1.304880E-02 3.764229E-01 1.696352E-01 -1.437168E+00 5.956700E-01 -1.660496E-01 8.198518E-01 3.021181E-02 2.978044E-03 4.487487E+00 8.211145E+00 
1.112719E-01 1.323286E-02 3.779208E-01 1.699318E-01 -1.546932E+00 5.373121E-01 -1.597210E-01 8.402978E-01 3.045974E-02 1.868987E-03 4.090379E+00 1.035056E+01 
1.914442E-01 1.286875E-02 3.379025E-01 1.911800E-01 -1.315069E+00 5.940314E-01 -1.386399E-01 9.378260E-01 2.960384E-02 3.074637E-03 4.586729E+00 8.166637E+00 
1.529614E-01 1.808437E-02 3.392278E-01 1.581626E-01 -1.289529E+00 4.893228E-01 -6.139595E-02 9.857234E-01 3.309871E-02 2.274524E-03 4.334355E+00 7.118100E+00 
5.206201E-02 3.067563E-02 3.557341E-01 1.326839E-01 -1.184981E+00 4.914302E-01 -7.126998E-02 9.993202E-01 3.142895E-02 4.433361E-03 3.232028E+00 1.412470E+01 
1.389971E-01 2.748325E-02 3.212226E-01 1.687254E-01 -1.368382E+00 5.992725E-01 -6.088603E-02 8.959768E-01 3.036353E-02 6.520787E-04 4.076075E+00 1.111974E+01 
1.574629E-01 7.172926E-03 3.696280E-01 1.697501E-01 -1.445485E+00 5.841152E-01 -8.230712E-02 9.032699E-01 2.867480E-02 1.966799E-03 4.556308E+00 9.745548E+00 
1.515053E-01 9.400995E-03 3.314395E-01 1.697093E-01 -1.491173E+00 5.643126E-01 -1.281700E-01 1.020159E+00 2.811843E-02 2.530718E-03 4.136526E+00 9.045280E+00 
1.541403E-01 7.983246E-03 3.652586E-01 1.870745E-01 -1.484820E+00 6.000000E-01 -2.000000E-01 1.081724E+00 2.869816E-02 2.780792E-03 3.881056E+00 1.091660E+01 
1.494357E-01 1.876542E-02 3.348142E-01 1.680733E-01 -1.496363E+00 5.784157E-01 -1.103143E-01 9.252701E-01 2.687313E-02 3.742913E-03 3.917644E+00 8.868363E+00 
1.670205E-01 8.662733E-03 3.623264E-01 1.652768E-01 -1.265253E+00 5.615176E-01 -1.465395E-01 1.103120E+00 2.861320E-02 3.631123E-03 4.340909E+00 9.827429E+00 
1.689802E-01 9.754283E-03 3.650420E-01 1.766155E-01 -1.392774E+00 5.689960E-01 -1.316350E-01 9.015008E-01 2.841952E-02 3.434996E-03 4.515756E+00 8.237471E+00 
1.936824E-01 7.557969E-03 3.535497E-01 1.777547E-01 -1.526688E+00 5.790659E-01 -1.174694E-01 1.060650E+00 3.093728E-02 8.387413E-05 4.280304E+00 8.558654E+00 
1.572709E-01 5.470237E-03 3.626300E-01 1.644977E-01 -1.536026E+00 5.638496E-01 -8.162854E-02 1.010512E+00 2.819520E-02 2.616114E-03 3.780658E+00 8.141993E+00 
1.757165E-01 7.353725E-03 3.587538E-01 1.692722E-01 -1.510225E+00 6.000000E-01 -1.586952E-01 8.610301E-01 3.080611E-02 3.679848E-03 4.018260E+00 1.083836E+01 
1.563000E-01 7.842558E-03 3.698538E-01 1.736446E-01 -1.405990E+00 5.858247E-01 -9.400315E-02 8.231073E-01 2.941436E-02 2.340500E-03 4.226153E+00 8.958486E+00 
9.963225E-02 8.640454E-03 3.397528E-01 1.691990E-01 -1.256935E+00 5.144380E-01 -4.175515E-02 1.062222E+00 3.052080E-02 2.700306E-03 4.555153E+00 8.807615E+00 
1.639786E-01 5.513777E-03 3.566310E-01 1.645212E-01 -1.573405E+00 5.955158E-01 -1.737881E-01 9.365154E-01 2.880921E-02 1.609960E-03 4.438067E+00 9.319703E+00 
1.468245E-01 5.351432E-03 3.543362E-01 1.656997E-01 -1.406590E+00 5.846228E-01 -1.124914E-01 8.016549E-01 2.673950E-02 6.162117E-03 4.248107E+00 9.081348E+00 
1.869199E-01 1.000000E-04 3.634458E-01 1.772277E-01 -1.388012E+00 5.618876E-01 -7.148053E-02 9.334316E-01 3.124144E-02 0.000000E+00 4.117867E+00 6.787099E+00 
1.550737E-01 5.372863E-03 3.426232E-01 1.735380E-01 -1.424742E+00 5.952452E-01 -1.231733E-01 9.637184E-01 2.844978E-02 2.516575E-03 4.409694E+00 8.061843E+00 
1.532940E-01 1.116291E-02 3.744362E-01 1.677929E-01 -1.709582E+00 5.351713E-01 -1.867663E-01 9.044884E-01 3.130322E-02 0.000000E+00 5.011087E+00 8.539451E+00 
1.561525E-01 2.424729E-02 3.575839E-01 1.696258E-01 -1.868461E+00 6.000000E-01 -1.030929E-01 9.536556E-01 3.086886E-02 3.184395E-03 4.102409E+00 7.771676E+00 
1.787643E-01 8.912490E-03 3.476623E-01 1.702373E-01 -1.400445E+00 5.766215E-01 -9.712005E-02 9.160270E-01 2.753002E-02 1.829787E-03 4.194486E+00 8.536161E+00 
1.741312E-01 6.954391E-03 3.397231E-01 1.831197E-01 -1.548377E+00 6.000000E-01 -1.093100E-01 1.135877E+00 2.911690E-02 1.549122E-03 4.035147E+00 7.733457E+00 
9.222530E-02 1.991810E-02 3.493306E-01 1.560004E-01 -1.176345E+00 5.366557E-01 -7.273717E-02 8.619091E-01 3.468284E-02 0.000000E+00 3.528990E+00 9.914244E+00 
1.787324E-01 1.038010E-02 3.293434E-01 1.814117E-01 -1.617104E+00 5.823006E-01 -1.143115E-01 7.895227E-01 2.951045E-02 5.523774E-03 3.343928E+00 7.857993E+00 
1.543277E-01 8.621518E-03 3.513309E-01 1.691481E-01 -1.290432E+00 5.963666E-01 -1.254100E-01 8.909683E-01 2.877846E-02 2.479348E-03 4.290901E+00 9.132591E+00 
1.458450E-01 6.421645E-03 3.786069E-01 1.616381E-01 -1.342264E+00 4.368654E-01 -2.695386E-02 8.294649E-01 2.733811E-02 2.125233E-03 4.095305E+00 8.778286E+00 
1.509162E-01 1.547213E-02 3.593337E-01 1.682691E-01 -1.319118E+00 5.940656E-01 -9.254470E-02 8.483162E-01 3.154303E-02 6.834012E-04 3.984997E+00 8.526303E+00 
1.556084E-01 7.905262E-03 3.600596E-01 1.696188E-01 -1.477115E+00 5.586353E-01 -1.160468E-01 1.006937E+00 2.717250E-02 1.663806E-03 4.466536E+00 8.541547E+00 
1.787220E-01 9.943258E-03 3.766647E-01 1.729719E-01 -1.370166E+00 6.000000E-01 -1.021234E-01 9.292381E-01 2.730121E-02 3.717968E-03 5.160972E+00 9.053514E+00 
1.379370E-01 8.597933E-03 3.808666E-01 1.709007E-01 -1.356873E+00 5.890468E-01 -1.758931E-01 9.543655E-01 3.177885E-02 3.914533E-03 4.177240E+00 1.001156E+01 
1.522941E-01 5.562273E-03 3.729927E-01 1.719116E-01 -1.471502E+00 5.911615E-01 -8.189811E-02 4.964798E-01 3.119091E-02 7.149705E-04 3.440713E+00 7.590514E+00 
1.771450E-01 7.368976E-03 3.649018E-01 1.779028E-01 -1.456964E+00 5.859234E-01 -1.133428E-01 9.566781E-01 2.982739E-02 1.190259E-03 4.371405E+00 8.441618E+00 
1.581574E-01 6.416601E-03 3.637911E-01 1.711653E-01 -1.474595E+00 5.752429E-01 -9.153293E-02 9.671766E-01 2.688081E-02 3.648656E-03 4.865465E+00 1.045915E+01 
1.560945E-01 7.407799E-03 3.627966E-01 1.678359E-01 -1.393848E+00 6.000000E-01 -1.024092E-01 9.527733E-01 2.277600E-02 2.042009E-04 4.504870E+00 1.199075E+01 
1.605608E-01 3.666754E-02 3.570283E-01 1.708840E-01 -1.671768E+00 5.187677E-01 -7.819816E-02 9.277310E-01 2.854542E-02 3.026747E-04 4.844816E+00 9.022160E+00 
1.626815E-01 1.024284E-02 3.542209E-01 1.708444E-01 -1.414994E+00 5.951138E-01 -1.306111E-01 9.733335E-01 3.006640E-02 1.317280E-03 4.237117E+00 1.032461E+01 
1.647787E-01 1.944660E-03 3.622449E-01 1.740434E-01 -1.435546E+00 5.942199E-01 -1.332229E-01 9.249765E-01 3.102017E-02 2.936258E-03 3.817864E+00 9.386491E+00 
8.383626E-02 3.800876E-02 3.439762E-01 1.718797E-01 -1.185008E+00 5.056033E-01 -5.568782E-02 9.984773E-01 2.878564E-02 1.710853E-02 3.734909E+00 7.503294E+00 
2.845469E-02 7.611185E-02 3.627228E-01 1.357937E-01 -9.260353E-01 3.109001E-01 -1.000000E-02 9.805838E-01 3.206669E-02 1.620328E-02 4.847003E+00 9.365509E+00 
1.614345E-01 1.587309E-03 3.514338E-01 1.690357E-01 -1.627291E+00 5.963075E-01 -4.328149E-02 1.030927E+00 2.895299E-02 1.220613E-03 4.006895E+00 9.874835E+00 
1.379807E-01 1.460950E-02 3.502041E-01 1.659907E-01 -1.442207E+00 5.575286E-01 -1.227797E-01 9.007409E-01 2.483785E-02 2.358889E-03 4.273363E+00 3.088207E+00 
1.616180E-01 1.000000E-04 3.601704E-01 1.719207E-01 -1.417734E+00 5.681140E-01 -7.167150E-02 8.466835E-01 3.294041E-02 4.170512E-03 4.261667E+00 6.398396E+00 
1.586453E-01 2.804362E-02 3.939855E-01 1.615857E-01 -1.376712E+00 5.595400E-01 -1.547380E-01 9.929966E-01 2.881261E-02 4.898022E-03 4.759365E+00 8.054029E+00 
1.474020E-01 4.188733E-03 3.528110E-01 1.728107E-01 -1.499318E+00 5.868531E-01 -1.017566E-01 9.711677E-01 2.887133E-02 2.008066E-03 4.512183E+00 9.798689E+00 
1.653185E-01 1.417738E-02 3.685281E-01 1.755636E-01 -1.514438E+00 6.000000E-01 -1.309559E-01 1.019270E+00 2.921397E-02 2.814943E-03 4.287754E+00 8.838903E+00 
1.475115E-01 1.406416E-02 3.647588E-01 1.678545E-01 -1.505745E+00 5.788182E-01 -9.734592E-02 9.293271E-01 3.088243E-02 4.088318E-03 4.163152E+00 7.791479E+00 
1.520235E-01 6.691674E-03 3.414033E-01 1.685813E-01 -1.413403E+00 5.724683E-01 -1.000123E-01 8.989628E-01 2.488788E-02 1.356949E-03 5.227586E+00 1.047076E+01 
1.607446E-01 1.366151E-02 3.635308E-01 1.773411E-01 -1.491888E+00 5.437537E-01 -5.466234E-02 9.810308E-01 2.610443E-02 7.042891E-05 4.353204E+00 9.787198E+00 
1.665428E-01 8.111191E-03 3.312322E-01 1.777577E-01 -1.411770E+00 5.903578E-01 -7.349455E-02 9.297852E-01 3.014163E-02 3.198997E-03 3.917101E+00 9.309803E+00 
1.632242E-01 1.834697E-03 3.472462E-01 1.686751E-01 -1.540836E+00 5.483718E-01 -9.958903E-02 1.188098E+00 2.980617E-02 8.254378E-04 4.908214E+00 9.772422E+00 
1.600157E-01 1.135136E-02 3.777711E-01 1.729603E-01 -1.474530E+00 5.856359E-01 -1.208779E-01 9.515623E-01 2.512971E-02 4.811459E-03 4.112306E+00 9.120520E+00 
1.704992E-01 7.739626E-03 3.561123E-01 1.739172E-01 -1.566017E+00 5.216496E-01 -1.687845E-01 9.068672E-01 2.941850E-02 2.775443E-03 4.425555E+00 1.069592E+01 
1.514793E-01 6.775557E-03 3.657117E-01 1.638806E-01 -1.486570E+00 5.777635E-01 -7.140744E-02 1.109500E+00 3.094929E-02 3.664127E-03 4.426012E+00 7.274485E+00 
1.591252E-01 3.180108E-02 3.408872E-01 1.798880E-01 -1.529290E+00 4.736042E-01 -1.011990E-01 8.682701E-01 2.691956E-02 4.384009E-03 4.378501E+00 9.412790E+00 
1.642698E-01 8.450319E-03 3.614092E-01 1.763754E-01 -1.527463E+00 5.161724E-01 -1.185031E-01 9.389832E-01 2.757765E-02 1.691923E-04 3.479290E+00 8.960905E+00 
1.658776E-01 5.995549E-03 3.714884E-01 1.673606E-01 -1.218175E+00 5.752301E-01 -1.340198E-01 1.001607E+00 2.774477E-02 2.868477E-03 4.393014E+00 8.591123E+00 
1.649113E-01 4.770930E-03 3.739261E-01 1.711194E-01 -1.461274E+00 6.000000E-01 -9.333349E-02 9.404985E-01 3.025813E-02 4.853178E-03 3.618853E+00 1.163749E+01 
1.425926E-01 1.240845E-02 3.459312E-01 1.716981E-01 -1.467162E+00 5.654376E-01 -9.456345E-02 9.545867E-01 3.168780E-02 8.742483E-04 4.577933E+00 9.249186E+00 
1.068728E-01 6.102708E-02 3.525916E-01 1.623876E-01 -1.446202E+00 5.194153E-01 -1.452529E-01 8.667987E-01 2.233186E-02 7.887650E-03 4.412366E+00 8.282591E+00 
1.598190E-01 1.336037E-02 3.419161E-01 1.701812E-01 -1.355833E+00 5.619534E-01 -9.278802E-02 9.836890E-01 2.644356E-02 9.607140E-04 4.946770E+00 8.992482E+00 
5.494300E-02 1.826452E-02 3.630195E-01 1.655055E-01 -1.308228E+00 5.625636E-01 -1.072316E-01 1.083513E+00 2.924614E-02 1.232742E-02 4.044271E+00 5.003514E+00 
1.449925E-01 1.766444E-02 3.596007E-01 1.708604E-01 -1.370396E+00 3.650988E-01 -1.944032E-02 1.089055E+00 2.917232E-02 6.167478E-03 5.214572E+00 9.412060E+00 
1.261236E-01 5.672345E-02 3.384482E-01 1.487078E-01 -1.242049E+00 5.415708E-01 -1.697935E-02 8.865571E-01 3.039367E-02 5.579611E-03 3.813860E+00 6.716276E+00 
1.757156E-01 8.045901E-03 3.563315E-01 1.770068E-01 -1.411890E+00 5.596776E-01 -6.227411E-02 8.627009E-01 2.815856E-02 5.505336E-03 3.919976E+00 9.427726E+00 
1.573439E-01 6.577790E-03 3.564306E-01 1.713707E-01 -1.346919E+00 5.805041E-01 -8.681911E-02 1.018901E+00 2.914094E-02 5.149221E-03 4.127997E+00 9.413489E+00 
1.586884E-01 5.283082E-03 3.720499E-01 1.648584E-01 -1.524917E+00 5.714776E-01 -6.465520E-02 8.447874E-01 3.005790E-02 1.200038E-03 4.128765E+00 8.984509E+00 
1.599252E-01 6.178251E-04 3.924699E-01 1.775511E-01 -1.606036E+00 5.291771E-01 -1.037467E-01 8.549088E-01 3.288266E-02 1.163397E-03 4.711768E+00 8.740369E+00 
1.325063E-01 1.332503E-03 3.836756E-01 1.693258E-01 -1.674789E+00 5.389026E-01 -1.734916E-01 9.038375E-01 2.971844E-02 2.475255E-03 3.382618E+00 9.265155E+00 
1.967759E-01 8.248861E-03 3.603517E-01 1.713148E-01 -1.436878E+00 5.832070E-01 -5.241258E-02 9.308986E-01 2.796789E-02 3.795510E-03 4.374956E+00 1.065495E+01 
1.507498E-01 1.355336E-02 3.660572E-01 1.791998E-01 -1.552662E+00 5.964733E-01 -7.217160E-02 9.380694E-01 2.860818E-02 5.431297E-04 4.617313E+00 1.013766E+01 
1.574162E-01 7.979973E-03 3.128327E-01 1.796561E-01 -1.534971E+00 5.700067E-01 -1.047849E-01 1.229905E+00 3.023568E-02 2.147603E-04 3.876063E+00 1.044054E+01 
1.423095E-01 6.562945E-03 3.423808E-01 1.607819E-01 -1.437550E+00 4.117017E-01 -6.674335E-02 9.821715E-01 2.843373E-02 5.033249E-03 4.315983E+00 9.475824E+00 
1.522882E-01 1.368555E-02 3.228898E-01 1.729746E-01 -1.454470E+00 5.751271E-01 -7.828808E-02 9.473524E-01 2.999100E-02 2.686134E-03 4.652645E+00 8.171261E+00 
1.536733E-01 2.320975E-02 3.437097E-01 1.704804E-01 -1.290322E+00 5.284225E-01 -9.758207E-02 1.007271E+00 3.246051E-02 0.000000E+00 4.011288E+00 1.033399E+01 
1.305996E-01 3.360441E-03 3.404705E-01 1.643430E-01 -1.501415E+00 5.080259E-01 -1.239836E-01 9.548159E-01 4.088718E-02 7.873817E-03 3.559543E+00 6.034127E+00 
1.754228E-01 6.142633E-03 3.639609E-01 1.708063E-01 -1.548875E+00 5.790245E-01 -1.488538E-01 8.569370E-01 2.905459E-02 4.482629E-03 4.275572E+00 1.034445E+01 
1.431551E-01 1.480356E-02 3.568523E-01 1.695221E-01 -1.502726E+00 5.573608E-01 -1.127610E-01 9.149208E-01 2.844862E-02 3.772685E-03 4.281703E+00 8.855833E+00 
1.707302E-01 9.562450E-03 3.576514E-01 1.697330E-01 -1.575786E+00 5.902933E-01 -1.777384E-01 9.529612E-01 2.925919E-02 4.398688E-03 3.996476E+00 1.027999E+01 
1.256248E-01 1.603649E-02 3.483592E-01 1.666475E-01 -1.454368E+00 5.661930E-01 -4.502591E-02 8.415992E-01 3.188676E-02 1.534465E-02 3.324068E+00 1.010132E+01 
1.455973E-01 4.970561E-03 3.404766E-01 1.709969E-01 -1.359889E+00 5.393793E-01 -1.010113E-01 8.917892E-01 2.833050E-02 9.887631E-04 4.338069E+00 1.006094E+01 
1.661356E-01 9.741002E-03 3.699971E-01 1.711164E-01 -1.364452E+00 5.572107E-01 -3.552794E-02 9.791149E-01 3.220156E-02 2.124861E-03 4.164861E+00 8.942712E+00 
1.307206E-01 2.791072E-02 3.427871E-01 1.627716E-01 -1.283220E+00 5.864407E-01 -9.873394E-02 9.021602E-01 3.125398E-02 1.060674E-02 3.535608E+00 5.430390E-01 
1.598751E-01 1.401842E-02 3.642016E-01 1.714053E-01 -1.383377E+00 5.138456E-01 -4.713855E-02 7.964780E-01 3.139038E-02 3.573198E-03 3.716569E+00 9.000444E+00 
1.649225E-01 7.800190E-03 3.684826E-01 1.696978E-01 -1.364792E+00 5.888633E-01 -1.024098E-01 9.504404E-01 2.971315E-02 3.372013E-03 4.715687E+00 9.364509E+00 
1.122198E-01 1.345959E-02 3.406805E-01 1.593777E-01 -1.393901E+00 5.179407E-01 -1.034275E-01 9.505518E-01 3.153526E-02 7.847090E-03 3.353215E+00 7.643905E+00 
8.051892E-02 1.958560E-02 3.489574E-01 1.397819E-01 -1.080918E+00 4.607517E-01 -9.207405E-02 1.007571E+00 3.455644E-02 1.442129E-03 3.331208E+00 1.066390E+01 
1.451621E-01 1.126811E-02 3.384208E-01 1.604895E-01 -1.379971E+00 4.245766E-01 -4.885147E-02 1.018114E+00 2.980737E-02 9.528477E-03 4.609701E+00 8.968732E+00 
1.571365E-01 8.199130E-03 3.711459E-01 1.726002E-01 -1.417936E+00 4.737240E-01 -5.594766E-02 6.822415E-01 2.769252E-02 2.385288E-03 4.222582E+00 9.796145E+00 
1.580280E-01 8.226442E-03 3.454166E-01 1.737753E-01 -1.414650E+00 5.806917E-01 -1.010778E-01 9.113649E-01 3.134937E-02 7.693618E-04 4.674693E+00 9.554857E+00 
1.550399E-01 5.963812E-03 3.593365E-01 1.635972E-01 -1.192859E+00 5.846728E-01 -1.661411E-01 9.529180E-01 3.063719E-02 2.906563E-03 4.397252E+00 7.689999E+00 
1.684227E-01 1.426410E-02 3.523704E-01 1.752423E-01 -1.705461E+00 5.769926E-01 -8.162783E-02 9.186816E-01 3.516264E-02 3.239599E-03 3.737405E+00 8.801528E+00 
1.548902E-01 6.143871E-03 3.542061E-01 1.713571E-01 -1.458914E+00 5.599183E-01 -1.043824E-01 9.548339E-01 2.694150E-02 2.719379E-03 4.728711E+00 9.063151E+00 
1.541786E-01 5.502065E-03 3.616896E-01 1.765314E-01 -1.406071E+00 5.812520E-01 -7.958771E-02 9.840154E-01 3.336988E-02 3.143090E-03 3.892328E+00 1.040723E+01 
1.655266E-01 1.553878E-02 3.572310E-01 1.502815E-01 -1.313349E+00 5.562744E-01 -1.583541E-01 8.226976E-01 2.917704E-02 7.596571E-03 4.478483E+00 9.441641E+00 
1.575296E-01 7.328261E-03 3.501704E-01 1.690067E-01 -1.331902E+00 5.841361E-01 -1.110220E-01 9.619194E-01 3.379710E-02 2.250972E-03 4.501032E+00 1.016960E+01 
1.578625E-01 1.402627E-03 3.842340E-01 1.680826E-01 -1.265057E+00 5.682786E-01 -1.414333E-01 1.042850E+00 2.962359E-02 2.037410E-03 4.477335E+00 9.546870E+00 
1.215326E-01 1.332256E-02 2.841441E-01 1.692639E-01 -1.322090E+00 4.464159E-01 -3.161498E-02 1.048965E+00 2.482879E-02 6.352181E-03 4.680758E+00 7.689738E+00 
1.612833E-01 1.181342E-02 3.705928E-01 1.738362E-01 -1.442470E+00 5.828615E-01 -1.117604E-01 8.825505E-01 3.034185E-02 2.015219E-03 4.058202E+00 7.832346E+00 
1.609755E-01 9.848171E-03 3.578680E-01 1.735699E-01 -1.487122E+00 5.611566E-01 -9.417216E-02 9.130819E-01 2.948161E-02 2.987442E-03 4.920848E+00 8.203194E+00 
1.573234E-01 1.129379E-02 3.702644E-01 1.659949E-01 -1.499174E+00 5.898122E-01 -1.440517E-01 9.665739E-01 3.372073E-02 3.011306E-03 3.838564E+00 8.906135E+00 
1.616135E-01 1.812894E-03 3.700128E-01 1.746184E-01 -1.363583E+00 5.876426E-01 -9.041582E-02 9.896349E-01 2.814137E-02 2.310488E-03 4.017554E+00 9.511057E+00 
1.634852E-01 7.944451E-03 3.625693E-01 1.676324E-01 -1.557948E+00 5.911516E-01 -9.574786E-02 1.050521E+00 2.817668E-02 3.624356E-03 4.400763E+00 1.126927E+01 
1.467773E-01 4.481718E-03 3.463461E-01 1.679747E-01 -1.358763E+00 5.757564E-01 -1.291601E-01 9.437270E-01 3.201908E-02 3.405056E-03 4.317173E+00 8.477666E+00 
1.630290E-01 6.594122E-03 3.757366E-01 1.748723E-01 -1.556464E+00 5.899698E-01 -7.157852E-02 9.564094E-01 3.493499E-02 1.503108E-03 4.370373E+00 8.890659E+00 
1.617528E-01 1.541107E-02 3.679528E-01 1.734293E-01 -1.354122E+00 4.573062E-01 -3.392956E-02 9.835626E-01 2.732986E-02 1.826712E-03 4.765775E+00 9.494157E+00 
1.573225E-01 1.087085E-02 3.760133E-01 1.662607E-01 -1.392396E+00 5.724185E-01 -1.504054E-01 9.358001E-01 2.252736E-02 3.673745E-03 4.430785E+00 1.005236E+01 
1.542538E-01 1.537458E-02 3.398675E-01 1.722588E-01 -1.245385E+00 5.772252E-01 -9.971220E-02 9.203942E-01 2.989856E-02 4.373096E-03 4.681609E+00 6.132792E+00 
1.500374E-01 2.742498E-02 3.486881E-01 1.326488E-01 -1.358477E+00 4.158048E-01 -7.370044E-02 9.468450E-01 2.760857E-02 4.087030E-03 4.040933E+00 9.752790E+00 
1.439619E-01 1.462581E-02 3.571283E-01 1.711621E-01 -1.485463E+00 5.885488E-01 -7.410233E-02 9.169878E-01 2.890993E-02 4.578804E-03 4.848596E+00 8.532999E+00 
1.881909E-01 4.743769E-02 3.091358E-01 1.592417E-01 -1.390170E+00 4.188871E-01 -7.777295E-02 1.090334E+00 3.105161E-02 2.606337E-04 3.820879E+00 8.795203E+00 
1.610377E-01 7.783390E-03 3.543758E-01 1.656125E-01 -1.090027E+00 5.934691E-01 -1.178190E-01 8.896165E-01 2.629014E-02 5.140853E-03 4.076642E+00 7.986139E+00 
1.324878E-01 3.206003E-02 3.502958E-01 1.632285E-01 -1.607546E+00 5.099953E-01 -3.281367E-02 8.754372E-01 3.071468E-02 4.396538E-03 4.248161E+00 9.500744E+00 
1.644686E-01 1.440599E-02 3.768858E-01 1.708483E-01 -1.628428E+00 5.716188E-01 -1.550633E-01 8.942557E-01 3.151462E-02 9.769952E-04 4.040347E+00 1.058266E+01 
9.303247E-02 1.138650E-02 3.056372E-01 1.433737E-01 -1.316758E+00 5.627730E-01 -6.098632E-02 9.773630E-01 3.483795E-02 1.329595E-02 3.143797E+00 1.026937E+01 
1.491718E-01 5.326319E-03 3.564789E-01 1.661877E-01 -1.771685E+00 5.773843E-01 -1.371934E-01 8.992661E-01 3.009102E-02 2.116372E-03 4.236340E+00 8.940491E+00 
1.137958E-01 1.000000E-04 3.630668E-01 1.657962E-01 -1.394534E+00 5.871314E-01 -1.083451E-01 8.449071E-01 2.761264E-02 3.805253E-03 3.990071E+00 1.215114E+01 
1.417770E-01 1.000000E-04 3.363884E-01 1.815516E-01 -1.532787E+00 5.858522E-01 -1.326059E-01 9.508404E-01 3.156620E-02 2.198908E-04 5.798975E+00 9.570822E+00 
1.356827E-01 3.373823E-02 3.685654E-01 1.661069E-01 -1.522836E+00 5.165579E-01 -9.704423E-02 9.728041E-01 2.999457E-02 5.869298E-03 4.339128E+00 6.933911E+00 
1.573595E-01 6.719340E-03 3.801779E-01 1.663093E-01 -1.285133E+00 5.935068E-01 -1.399622E-01 1.013463E+00 2.781344E-02 1.789182E-03 4.218477E+00 9.181550E+00 
1.764324E-01 7.241178E-03 3.635672E-01 1.791444E-01 -1.426117E+00 5.822791E-01 -8.237878E-02 9.409413E-01 2.785843E-02 3.449787E-03 4.354610E+00 9.096125E+00 
1.420298E-01 6.784691E-03 3.568526E-01 1.623504E-01 -1.488054E+00 5.604822E-01 -1.016722E-01 9.833596E-01 3.020208E-02 2.502758E-03 4.067475E+00 8.582512E+00 
1.609000E-01 8.489085E-03 3.316597E-01 1.764641E-01 -1.463616E+00 5.929871E-01 -1.166222E-01 9.535712E-01 2.968024E-02 3.151454E-03 3.962341E+00 8.711081E+00 
1.595951E-01 1.020488E-02 3.526941E-01 1.801126E-01 -1.538383E+00 5.817199E-01 -9.457634E-02 9.924635E-01 3.110751E-02 4.525737E-03 4.468914E+00 6.279400E+00 
1.562463E-01 1.034846E-02 3.431354E-01 1.673860E-01 -1.318236E+00 4.131417E-01 -8.740493E-02 8.950854E-01 2.791306E-02 2.918994E-03 5.240761E+00 9.293783E+00 
9.125909E-02 7.357183E-03 3.575999E-01 1.527065E-01 -1.707992E+00 5.232933E-01 -1.500276E-01 9.925941E-01 3.183967E-02 1.249661E-03 4.506866E+00 8.511196E+00 
1.555552E-01 6.379655E-03 3.458814E-01 1.719755E-01 -1.390696E+00 5.756631E-01 -9.945848E-02 9.506713E-01 2.941921E-02 2.385849E-03 4.361970E+00 9.276794E+00 
1.414660E-01 1.011705E-02 3.375018E-01 1.743501E-01 -1.406605E+00 5.446862E-01 -7.462312E-02 9.175198E-01 2.580959E-02 2.592690E-03 4.814785E+00 1.184521E+01 
1.549684E-01 5.053894E-03 3.554050E-01 1.740453E-01 -1.623927E+00 5.761422E-01 -8.240016E-02 1.016654E+00 2.784634E-02 4.180769E-03 4.006233E+00 1.018318E+01 
1.567260E-01 3.622620E-03 3.485359E-01 1.660810E-01 -1.779079E+00 5.975027E-01 -1.186181E-01 8.458347E-01 2.874306E-02 3.968682E-03 4.198001E+00 8.085775E+00 
1.717232E-01 1.476270E-02 3.678036E-01 1.745434E-01 -1.314298E+00 5.825865E-01 -9.594847E-02 8.971600E-01 3.338517E-02 4.270217E-03 4.756106E+00 1.083772E+01 
1.689221E-01 1.233889E-02 3.581895E-01 1.737853E-01 -1.434552E+00 5.921011E-01 -1.292485E-01 9.841452E-01 3.155165E-02 8.284562E-04 3.901473E+00 1.022406E+01 
1.687423E-01 3.767651E-03 3.653072E-01 1.723116E-01 -1.531890E+00 5.844145E-01 -1.327567E-01 9.383798E-01 2.856368E-02 3.038587E-03 4.455004E+00 9.278910E+00 
1.052214E-01 5.807237E-02 3.354728E-01 1.622665E-01 -1.179693E+00 3.870430E-01 -2.728501E-02 9.801076E-01 4.378234E-02 1.986021E-02 4.438285E+00 8.761002E+00 
1.448179E-01 1.789443E-02 3.826351E-01 1.740448E-01 -1.381731E+00 6.000000E-01 -1.054298E-01 9.340903E-01 2.894016E-02 5.348563E-05 4.540611E+00 9.652941E+00 
1.530928E-01 7.210675E-03 3.499418E-01 1.615808E-01 -1.325654E+00 5.465286E-01 -3.829900E-02 8.677566E-01 2.802595E-02 4.971766E-03 4.200911E+00 9.751992E+00 
7.114243E-02 1.487131E-02 3.725769E-01 1.753919E-01 -1.584057E+00 5.844584E-01 -1.374558E-01 8.950181E-01 2.838531E-02 1.408175E-03 3.976862E+00 6.457174E+00 
1.577404E-01 7.914129E-03 3.733323E-01 1.698259E-01 -1.498379E+00 5.997539E-01 -1.008882E-01 8.918945E-01 3.038744E-02 1.726625E-03 4.316698E+00 9.196401E+00 
1.932128E-01 1.427574E-02 3.791452E-01 1.806210E-01 -1.494130E+00 5.966299E-01 -1.412045E-01 9.320253E-01 2.827647E-02 2.368438E-03 4.637046E+00 9.795321E+00 
1.343710E-01 5.824888E-03 3.083519E-01 1.750916E-01 -1.294840E+00 5.833823E-01 -1.047980E-01 8.721768E-01 2.978872E-02 3.269307E-03 4.076706E+00 7.118483E+00 
1.428838E-01 9.562816E-03 3.794811E-01 1.735989E-01 -1.497772E+00 5.931976E-01 -7.686318E-02 9.446938E-01 2.823529E-02 1.385988E-03 3.388032E+00 7.213752E+00 
1.584807E-01 1.262150E-02 3.559781E-01 1.663918E-01 -1.396796E+00 5.931580E-01 -1.333577E-01 9.436787E-01 2.539468E-02 0.000000E+00 4.434484E+00 9.395551E+00 
1.406859E-01 1.236754E-02 3.330315E-01 1.546239E-01 -1.137903E+00 4.923142E-01 -3.222532E-02 9.258391E-01 3.805958E-02 3.443245E-03 2.513571E+00 1.401981E+01 
1.531851E-01 1.309043E-02 3.621206E-01 1.645748E-01 -1.256277E+00 5.449753E-01 -1.360675E-01 8.827433E-01 2.720008E-02 9.176965E-03 4.741512E+00 8.241779E+00 
1.546316E-01 9.156170E-03 3.679787E-01 1.666162E-01 -1.367982E+00 5.760166E-01 -1.169074E-01 9.393194E-01 2.764830E-02 1.513180E-03 4.034256E+00 8.176674E+00 
1.473641E-01 2.371399E-02 3.147699E-01 1.658106E-01 -1.432741E+00 5.543329E-01 -1.051287E-01 1.013426E+00 3.350725E-02 0.000000E+00 3.219824E+00 1.029821E+01 
1.473601E-01 6.449519E-03 3.363544E-01 1.652991E-01 -1.765495E+00 5.580205E-01 -1.114301E-01 1.058987E+00 3.193553E-02 8.361754E-04 4.297517E+00 8.530500E+00 
1.543110E-01 1.215124E-02 2.922265E-01 1.718339E-01 -1.428909E+00 5.772425E-01 -1.401682E-01 8.653583E-01 2.747794E-02 1.241224E-03 3.817093E+00 9.954360E+00 
1.016593E-01 2.698514E-02 3.409168E-01 1.566503E-01 -1.298401E+00 4.558629E-01 -7.346457E-02 1.059536E+00 2.520305E-02 5.091390E-03 4.887288E+00 7.865644E+00 
1.695709E-01 1.582174E-02 3.512595E-01 1.683770E-01 -1.480254E+00 5.886304E-01 -1.416570E-01 1.141796E+00 2.969827E-02 2.385126E-03 4.550563E+00 8.896919E+00 
1.605183E-01 1.139156E-02 3.452515E-01 1.700190E-01 -1.467972E+00 5.837903E-01 -1.867781E-01 9.558901E-01 2.943805E-02 8.429318E-04 4.697308E+00 8.923036E+00 
1.353120E-01 5.220735E-02 3.488661E-01 1.607514E-01 -1.167194E+00 5.346254E-01 -1.133998E-01 9.355229E-01 2.870514E-02 4.353951E-03 4.679145E+00 9.667342E+00 
1.438609E-01 7.700423E-03 3.541593E-01 1.693667E-01 -1.542314E+00 4.556514E-01 -1.325219E-01 9.621899E-01 2.808577E-02 2.607488E-04 4.485526E+00 1.019994E+01 
1.458845E-01 8.993819E-03 3.491060E-01 1.696585E-01 -1.491960E+00 5.791773E-01 -9.890873E-02 9.313193E-01 2.882174E-02 2.518303E-03 4.024124E+00 8.883692E+00 
1.410875E-01 1.882462E-02 3.369353E-01 1.692249E-01 -1.243292E+00 4.582393E-01 -1.527121E-01 9.964764E-01 3.077748E-02 9.372728E-03 4.179305E+00 1.156934E+01 
1.678578E-01 3.004685E-03 3.700523E-01 1.785664E-01 -1.273515E+00 4.643373E-01 -1.196600E-01 9.181971E-01 2.942590E-02 2.262679E-03 4.640674E+00 8.390409E+00 
1.470854E-01 8.455239E-03 3.242663E-01 1.642497E-01 -1.551106E+00 5.133836E-01 -1.467622E-01 9.669554E-01 3.851493E-02 3.061545E-03 4.307518E+00 1.068457E+01 
3.177814E-02 6.248153E-02 3.516494E-01 1.565246E-01 -1.207589E+00 3.574644E-01 -4.695969E-02 1.112637E+00 2.975131E-02 5.201150E-03 6.011997E+00 9.202450E+00 
1.676631E-01 6.535604E-03 3.476359E-01 1.758987E-01 -1.468362E+00 5.781227E-01 -8.037050E-02 9.349734E-01 2.889249E-02 4.550652E-03 4.300831E+00 9.510501E+00 
1.581614E-01 1.048096E-02 3.433075E-01 1.791644E-01 -1.399904E+00 5.986525E-01 -1.313094E-01 1.077747E+00 2.983309E-02 3.306903E-03 3.966775E+00 9.647526E+00 
1.272425E-01 5.865151E-03 3.409694E-01 1.676591E-01 -1.619746E+00 5.468175E-01 -6.614937E-02 9.433549E-01 2.859006E-02 3.812567E-04 2.987170E+00 8.976818E+00 
1.804182E-01 9.883745E-03 3.795287E-01 1.741740E-01 -1.498127E+00 5.490158E-01 -1.254056E-01 9.713100E-01 2.751803E-02 1.646490E-03 3.848904E+00 8.372338E+00 
