1.723315E-01 2.664176E-03 3.694355E-01 1.725545E-01 -1.267859E+00 6.000000E-01 -9.776753E-02 9.031889E-01 2.778520E-02 2.498100E-03 4.295559E+00 9.729419E+00 
1.653186E-01 5.204752E-03 3.586754E-01 1.686051E-01 -1.527273E+00 5.739711E-01 -1.323579E-01 9.713670E-01 2.983585E-02 2.258718E-03 4.373686E+00 1.099137E+01 
1.686048E-01 6.363766E-03 3.735954E-01 1.718612E-01 -1.434189E+00 5.949913E-01 -1.185761E-01 9.562994E-01 2.682977E-02 2.882767E-03 4.369903E+00 7.286235E+00 
1.624715E-01 2.175710E-03 3.500563E-01 1.717583E-01 -1.486233E+00 5.758800E-01 -1.722497E-01 9.879458E-01 2.545252E-02 3.961593E-03 3.732162E+00 1.087613E+01 
1.658611E-01 7.915281E-03 3.360710E-01 1.796781E-01 -1.806260E+00 5.853626E-01 -1.114236E-01 8.234645E-01 2.863702E-02 1.191125E-03 4.146424E+00 8.599959E+00 
1.576315E-01 8.208560E-03 3.609953E-01 1.741950E-01 -1.422384E+00 5.937607E-01 -1.146969E-01 9.659616E-01 3.145729E-02 2.909083E-03 4.054691E+00 8.341062E+00 
1.610064E-01 6.460636E-03 3.569384E-01 1.698936E-01 -1.447250E+00 5.825002E-01 -1.537556E-01 1.036536E+00 3.021550E-02 1.946343E-03 4.484943E+00 9.456273E+00 
1.750996E-01 4.792818E-03 3.329816E-01 1.687684E-01 -1.624907E+00 5.773747E-01 -1.237695E-01 9.550284E-01 2.924605E-02 2.458317E-03 3.902479E+00 8.175684E+00 
1.618511E-01 1.490405E-02 3.521800E-01 1.703329E-01 -1.366854E+00 6.000000E-01 -1.567298E-01 8.405554E-01 2.788368E-02 2.357195E-03 5.298550E+00 8.172960E+00 
1.370059E-01 5.424048E-02 3.583229E-01 1.666171E-01 -8.824124E-01 5.096146E-01 -6.321359E-02 9.267028E-01 3.208271E-02 2.134327E-02 4.864212E+00 1.106310E+01 
1.538487E-01 4.249603E-03 3.718872E-01 1.729478E-01 -1.332591E+00 5.726713E-01 -8.356900E-02 8.462469E-01 3.200738E-02 1.371543E-03 3.599201E+00 1.032326E+01 
1.504706E-01 4.445015E-03 3.581749E-01 1.668832E-01 -1.481647E+00 5.440718E-01 -1.047492E-01 7.595184E-01 2.917660E-02 4.559580E-03 4.036994E+00 8.400055E+00 
1.782899E-01 8.842874E-03 3.620651E-01 1.745512E-01 -1.490220E+00 5.688867E-01 -1.285473E-01 1.010663E+00 2.888595E-02 8.503012E-04 4.184052E+00 9.310023E+00 
1.691922E-01 1.647326E-02 3.607893E-01 1.710621E-01 -1.298807E+00 5.714085E-01 -1.167642E-01 9.723791E-01 2.077505E-02 2.428680E-03 3.333425E+00 9.059790E+00 
1.000000E-04 8.115150E-02 3.567886E-01 1.421754E-01 -1.212561E+00 3.970652E-01 -1.100794E-01 9.792361E-01 3.042039E-02 8.012092E-03 4.951236E+00 1.141629E+01 
1.540060E-01 8.010710E-03 3.705828E-01 1.693097E-01 -1.322052E+00 5.830250E-01 -9.686630E-02 8.423061E-01 2.807774E-02 1.564440E-03 4.471730E+00 1.072602E+01 
1.258292E-01 9.339509E-03 3.602173E-01 1.627914E-01 -1.297513E+00 5.608145E-01 -1.153466E-01 8.500399E-01 2.891262E-02 1.411320E-03 4.736026E+00 8.716323E+00 
1.425630E-01 1.197358E-03 3.509827E-01 1.685716E-01 -1.523025E+00 5.276441E-01 -8.894433E-02 8.903035E-01 3.187519E-02 2.785773E-03 4.022810E+00 9.038370E+00 
1.524151E-01 1.000000E-04 3.545378E-01 1.676020E-01 -1.733522E+00 6.000000E-01 -1.032903E-01 9.137972E-01 2.763549E-02 2.622639E-03 4.813484E+00 9.336299E+00 
1.676571E-01 6.522777E-03 3.629186E-01 1.720225E-01 -1.418448E+00 5.564601E-01 -9.513095E-02 9.981840E-01 2.863069E-02 2.255948E-03 4.226711E+00 9.795931E+00 
1.389673E-01 9.314698E-03 3.580809E-01 1.734140E-01 -1.433095E+00 5.654348E-01 -8.351371E-02 1.015531E+00 2.928415E-02 2.072337E-03 4.297475E+00 9.699846E+00 
1.605960E-01 9.791698E-03 3.483142E-01 1.724508E-01 -1.660160E+00 5.960237E-01 -1.592825E-01 9.879143E-01 2.957711E-02 2.850919E-03 4.820963E+00 9.376748E+00 
1.632464E-01 4.476026E-03 3.409917E-01 1.818880E-01 -1.383427E+00 5.684789E-01 -1.069936E-01 9.138119E-01 2.551072E-02 1.636040E-03 3.624480E+00 9.144430E+00 
4.187857E-02 5.870591E-02 3.117321E-01 1.634175E-01 -1.220301E+00 3.105603E-01 -1.000000E-02 9.450703E-01 4.564614E-02 1.082237E-02 2.656445E+00 9.137256E+00 
1.657469E-01 4.986842E-03 3.308416E-01 1.702034E-01 -1.497801E+00 5.852529E-01 -1.299182E-01 1.050427E+00 3.105070E-02 2.457420E-03 4.227526E+00 8.641648E+00 
1.686748E-01 7.149483E-03 3.700685E-01 1.708460E-01 -1.480287E+00 5.589471E-01 -1.125632E-01 8.768249E-01 2.895838E-02 2.509465E-03 4.165085E+00 9.479567E+00 
1.811938E-01 2.041381E-02 3.727044E-01 1.726921E-01 -1.479879E+00 5.596284E-01 -1.243883E-01 9.215553E-01 3.014409E-02 4.595647E-03 4.777760E+00 7.506474E+00 
1.704120E-01 7.398081E-03 3.802654E-01 1.708576E-01 -1.457210E+00 5.768065E-01 -1.339669E-01 9.681311E-01 2.896349E-02 2.171649E-03 4.285222E+00 7.079860E+00 
1.196177E-01 1.516140E-02 3.670241E-01 1.669380E-01 -1.457991E+00 6.000000E-01 -1.685269E-01 1.005115E+00 2.792428E-02 1.952828E-03 4.901076E+00 1.099401E+01 
1.110502E-01 5.719848E-03 3.460751E-01 1.723239E-01 -1.457019E+00 5.826135E-01 -6.418430E-02 9.596021E-01 3.246796E-02 4.166185E-03 3.666322E+00 1.003072E+01 
1.533921E-01 2.400261E-02 3.611321E-01 1.817418E-01 -9.026518E-01 4.608817E-01 -9.210929E-02 1.038923E+00 3.516721E-02 9.102379E-03 3.776834E+00 9.262062E+00 
1.501560E-01 1.767231E-02 3.637546E-01 1.670565E-01 -1.297491E+00 5.762326E-01 -7.139206E-02 1.016868E+00 3.011449E-02 1.564495E-03 4.007623E+00 9.986963E+00 
1.522078E-01 6.749688E-03 3.749739E-01 1.712782E-01 -1.424144E+00 4.695784E-01 -1.017360E-01 8.536049E-01 2.777685E-02 1.159394E-03 4.230784E+00 9.410547E+00 
9.464711E-02 4.526107E-02 3.801590E-01 1.466422E-01 -1.577577E+00 5.011996E-01 -4.062687E-02 9.743481E-01 2.823925E-02 7.530147E-04 3.840166E+00 1.252352E+01 
1.312237E-01 7.643074E-03 3.830655E-01 1.668693E-01 -1.388355E+00 5.835786E-01 -6.681314E-02 1.049719E+00 3.083893E-02 5.452991E-03 4.591949E+00 7.023114E+00 
1.656243E-01 5.197878E-03 3.447197E-01 1.791402E-01 -1.670576E+00 5.743331E-01 -9.547752E-02 8.949638E-01 3.044122E-02 2.814840E-03 4.026011E+00 1.010046E+01 
1.178744E-01 1.460043E-02 3.684792E-01 1.578361E-01 -1.264179E+00 5.620180E-01 -1.127122E-01 9.022891E-01 2.574024E-02 1.217395E-02 4.217075E+00 3.795845E+00 
1.457527E-01 4.213932E-03 3.548793E-01 1.721770E-01 -1.476461E+00 5.635508E-01 -9.825056E-02 9.881369E-01 2.650898E-02 3.248590E-03 4.320364E+00 7.023790E+00 
1.596511E-01 5.515422E-03 3.559037E-01 1.696149E-01 -1.557097E+00 5.240046E-01 -9.514722E-02 9.832992E-01 2.917903E-02 1.594312E-03 4.857644E+00 1.036801E+01 
1.681984E-01 7.273586E-03 3.506915E-01 1.775090E-01 -1.401342E+00 5.759494E-01 -2.201413E-02 9.736174E-01 2.953302E-02 2.653987E-03 4.366413E+00 9.086372E+00 
1.406871E-01 2.828765E-02 3.186463E-01 1.503521E-01 -1.220797E+00 5.477874E-01 -5.020076E-02 9.089810E-01 2.984291E-02 0.000000E+00 4.027643E+00 1.147944E+01 
1.804812E-01 1.371115E-02 3.849311E-01 1.692717E-01 -1.227645E+00 5.668382E-01 -1.561970E-01 9.265407E-01 2.989388E-02 0.000000E+00 4.007646E+00 8.445371E+00 
1.590352E-01 8.154989E-03 3.560431E-01 1.644711E-01 -1.468460E+00 5.863612E-01 -1.666223E-01 9.410197E-01 3.302454E-02 2.659908E-03 4.188934E+00 8.343403E+00 
1.564026E-01 7.372068E-03 3.643385E-01 1.714912E-01 -1.587620E+00 5.865802E-01 -1.352333E-01 8.975647E-01 3.071396E-02 2.360832E-03 4.706109E+00 9.620629E+00 
1.748410E-01 3.940769E-03 3.622219E-01 1.758446E-01 -1.367167E+00 5.600728E-01 -1.023600E-01 9.018132E-01 3.039501E-02 2.039711E-03 4.827375E+00 9.921030E+00 
1.255071E-01 6.832778E-03 3.639110E-01 1.638293E-01 -1.472448E+00 5.488883E-01 -5.071211E-02 8.378718E-01 2.700981E-02 7.033543E-03 4.381944E+00 8.521801E+00 
1.615004E-01 1.751671E-02 3.741470E-01 1.756515E-01 -1.397360E+00 5.989910E-01 -1.180912E-01 8.949522E-01 2.467597E-02 2.490577E-03 4.751075E+00 9.852311E+00 
1.584543E-01 9.616638E-03 3.601355E-01 1.705419E-01 -1.283363E+00 5.588549E-01 -1.152994E-01 9.899022E-01 2.708772E-02 1.430777E-03 4.312884E+00 7.768360E+00 
1.627482E-01 1.287967E-02 3.498143E-01 1.744992E-01 -1.472275E+00 5.798861E-01 -1.164905E-01 9.100712E-01 2.572022E-02 2.936600E-03 4.070495E+00 8.724430E+00 
1.611899E-01 6.955724E-03 3.436911E-01 1.773116E-01 -1.590089E+00 5.552629E-01 -6.173748E-02 9.293664E-01 2.826563E-02 1.878195E-03 4.035449E+00 1.034481E+01 
8.818472E-02 5.248923E-02 3.263986E-01 1.681941E-01 -1.581137E+00 5.227919E-01 -2.144435E-02 9.392622E-01 2.400667E-02 8.076154E-03 4.438004E+00 9.989254E+00 
1.400142E-01 6.000411E-03 3.654212E-01 1.651160E-01 -1.345198E+00 5.757808E-01 -1.206294E-01 8.580028E-01 2.838372E-02 4.347821E-03 4.604528E+00 9.510365E+00 
1.554002E-01 8.469586E-03 3.528002E-01 1.770617E-01 -1.502470E+00 5.563233E-01 -1.305709E-01 1.011130E+00 3.028367E-02 2.133130E-03 3.484164E+00 1.066865E+01 
1.590094E-01 1.222761E-02 3.501230E-01 1.706916E-01 -1.582525E+00 5.783001E-01 -7.103311E-02 9.785269E-01 2.986492E-02 3.859156E-03 4.250584E+00 6.158706E+00 
1.386073E-01 1.074361E-02 3.402371E-01 1.725473E-01 -1.364320E+00 5.824475E-01 -3.651395E-02 9.628997E-01 2.791804E-02 1.375683E-02 4.299448E+00 9.026591E+00 
1.419223E-01 9.088065E-03 3.464815E-01 1.717631E-01 -1.581029E+00 5.873712E-01 -9.163711E-02 9.050733E-01 2.754050E-02 3.368669E-03 4.306451E+00 1.025412E+01 
4.986127E-02 3.763533E-02 3.661153E-01 1.466002E-01 -1.153239E+00 4.190922E-01 -8.174304E-02 1.106676E+00 2.939391E-02 1.297054E-02 4.239864E+00 6.369032E+00 
1.632922E-01 3.699763E-03 3.614266E-01 1.693233E-01 -1.337138E+00 5.872762E-01 -1.547306E-01 9.886694E-01 3.067076E-02 3.436748E-03 4.458012E+00 1.104066E+01 
1.737450E-01 4.163609E-03 3.602569E-01 1.740840E-01 -1.481546E+00 5.914440E-01 -7.432207E-02 9.173015E-01 3.023078E-02 3.011952E-03 4.217487E+00 9.799944E+00 
1.423279E-01 6.082830E-03 3.626251E-01 1.781022E-01 -1.527464E+00 5.847240E-01 -9.771844E-02 9.935759E-01 2.943729E-02 3.401168E-03 4.269652E+00 8.849550E+00 
1.513677E-01 5.527282E-03 3.561061E-01 1.714647E-01 -1.456311E+00 5.865072E-01 -1.121334E-01 9.177859E-01 2.942621E-02 2.044121E-03 4.986019E+00 9.752049E+00 
4.593691E-02 2.143802E-02 3.783623E-01 1.672726E-01 -1.645610E+00 5.463477E-01 -7.438237E-02 8.566185E-01 2.857623E-02 5.382394E-03 4.498925E+00 8.678238E+00 
1.738390E-01 7.022565E-03 3.520089E-01 1.714265E-01 -1.386123E+00 5.756368E-01 -1.057035E-01 9.494501E-01 2.686516E-02 2.046540E-03 3.935633E+00 9.499725E+00 
1.693314E-01 8.173335E-03 3.576279E-01 1.623055E-01 -1.570436E+00 5.926537E-01 -1.231599E-01 9.698249E-01 2.866368E-02 5.505431E-04 4.374103E+00 8.797003E+00 
1.580337E-01 4.932331E-03 3.585035E-01 1.703866E-01 -1.410494E+00 5.713101E-01 -8.743316E-02 8.895294E-01 2.962542E-02 3.937642E-03 4.006377E+00 1.182448E+01 
1.616682E-01 8.300659E-03 3.332971E-01 1.687514E-01 -1.389670E+00 5.869201E-01 -8.130862E-02 1.032729E+00 2.545878E-02 2.121715E-03 4.517751E+00 7.851108E+00 
1.690083E-01 9.742054E-03 3.538204E-01 1.714186E-01 -1.410612E+00 5.816510E-01 -1.617881E-01 9.525106E-01 2.763650E-02 3.475478E-03 3.826239E+00 1.059716E+01 
1.703817E-01 8.555433E-03 3.444399E-01 1.689289E-01 -1.590041E+00 5.942597E-01 -1.067776E-01 9.262353E-01 3.109360E-02 2.387095E-03 4.426072E+00 9.208963E+00 
1.458046E-01 1.091054E-02 3.493586E-01 1.731824E-01 -1.476929E+00 5.698948E-01 -9.288461E-02 9.482728E-01 2.715843E-02 3.456833E-03 4.277170E+00 9.051780E+00 
1.689640E-01 8.375210E-03 3.409876E-01 1.728100E-01 -1.796257E+00 5.922242E-01 -9.706857E-02 9.443546E-01 2.974690E-02 1.277568E-04 4.604608E+00 1.014033E+01 
1.364800E-01 2.941949E-02 3.447951E-01 1.679120E-01 -1.456046E+00 5.567852E-01 -1.002540E-01 9.198766E-01 2.578856E-02 6.862194E-03 4.098716E+00 9.172844E+00 
1.167772E-01 2.503792E-02 3.651311E-01 1.720626E-01 -1.802785E+00 5.491128E-01 -1.004733E-01 9.608090E-01 2.764292E-02 0.000000E+00 3.633622E+00 9.635303E+00 
1.621187E-01 7.017531E-03 3.626732E-01 1.731605E-01 -1.432856E+00 5.500022E-01 -7.530757E-02 9.398698E-01 2.882064E-02 1.290669E-03 3.467737E+00 9.441326E+00 
1.352631E-01 7.055657E-03 3.814163E-01 1.703346E-01 -1.495265E+00 5.368351E-01 -4.752565E-02 1.033095E+00 2.984312E-02 1.852769E-03 4.305728E+00 8.632867E+00 
1.469340E-01 7.920118E-02 3.391814E-01 1.628023E-01 -1.316532E+00 5.888775E-01 -1.130532E-01 9.161015E-01 2.318686E-02 9.481111E-03 5.302712E+00 1.140748E+01 
1.543992E-01 2.164320E-02 3.712532E-01 1.548324E-01 -1.186953E+00 2.904907E-01 -9.774795E-02 9.788127E-01 2.939935E-02 5.076341E-03 4.616011E+00 9.322624E+00 
1.664618E-01 9.045921E-03 3.429939E-01 1.717779E-01 -1.255325E+00 5.724088E-01 -4.957185E-02 8.396138E-01 2.976869E-02 1.006252E-03 3.993568E+00 9.627089E+00 
1.641935E-01 1.703401E-02 3.439373E-01 1.678398E-01 -1.276094E+00 6.000000E-01 -1.267317E-01 9.276831E-01 3.028184E-02 4.868628E-03 4.224289E+00 9.355507E+00 
1.255280E-01 7.283013E-03 3.510795E-01 1.673652E-01 -1.547677E+00 4.860179E-01 -1.204681E-01 1.036003E+00 3.081581E-02 7.262506E-04 4.285570E+00 9.030058E+00 
1.557144E-01 7.816675E-03 3.494541E-01 1.681759E-01 -1.526999E+00 5.867789E-01 -1.284141E-01 1.094828E+00 2.928353E-02 5.508507E-03 3.996537E+00 9.666739E+00 
1.408556E-01 6.755871E-03 3.676784E-01 1.667297E-01 -1.277664E+00 5.799387E-01 -1.294635E-01 1.003848E+00 2.843673E-02 8.169485E-04 4.452357E+00 9.025413E+00 
1.567834E-01 8.859654E-03 3.461574E-01 1.726140E-01 -1.477528E+00 5.937455E-01 -1.176835E-01 1.146782E+00 2.796029E-02 2.716314E-03 3.802147E+00 9.389687E+00 
1.538572E-01 9.031162E-03 3.391343E-01 1.718399E-01 -1.529280E+00 5.787951E-01 -9.172314E-02 9.404554E-01 2.898029E-02 1.326021E-03 4.359256E+00 8.493378E+00 
1.530262E-01 7.111941E-03 3.606192E-01 1.701475E-01 -1.375292E+00 5.902651E-01 -1.332040E-01 8.637651E-01 3.003782E-02 1.954968E-03 4.272914E+00 8.589121E+00 
1.450187E-01 5.231297E-03 3.655737E-01 1.499438E-01 -1.343679E+00 5.508772E-01 -1.295357E-01 9.752555E-01 2.819135E-02 3.130286E-03 4.068318E+00 1.030143E+01 
1.137229E-01 2.630127E-02 3.376267E-01 1.540376E-01 -1.351649E+00 6.000000E-01 -9.272374E-02 8.455751E-01 3.109330E-02 1.410731E-03 2.904653E+00 1.201160E+01 
1.720972E-01 6.035477E-03 3.361326E-01 1.893615E-01 -1.443474E+00 6.000000E-01 -1.222343E-01 9.420255E-01 2.778793E-02 4.801816E-03 3.602735E+00 8.348557E+00 
1.585763E-01 4.933592E-03 3.475128E-01 1.748067E-01 -1.527468E+00 5.566434E-01 -1.219655E-01 9.010100E-01 2.673083E-02 1.219215E-03 3.781307E+00 8.485010E+00 
1.442626E-01 7.860997E-03 3.246779E-01 1.785743E-01 -1.539126E+00 5.621991E-01 -2.010045E-02 8.993799E-01 3.051360E-02 2.081268E-03 4.155311E+00 8.800127E+00 
1.634845E-01 6.510594E-03 3.654771E-01 1.666769E-01 -1.655287E+00 5.826424E-01 -1.551810E-01 9.901575E-01 2.904934E-02 6.628211E-04 4.078589E+00 7.315455E+00 
1.373838E-01 6.546063E-03 3.501777E-01 1.719801E-01 -1.434436E+00 5.837800E-01 -1.240187E-01 8.651025E-01 2.943619E-02 1.325335E-03 4.265736E+00 9.554780E+00 
1.957215E-01 3.902819E-03 3.766839E-01 1.742879E-01 -1.457702E+00 5.774028E-01 -1.312910E-01 9.898699E-01 2.766050E-02 2.678469E-03 3.690584E+00 8.808192E+00 
1.456284E-01 4.332770E-03 3.579533E-01 1.649041E-01 -1.448553E+00 5.926122E-01 -1.034066E-01 9.906471E-01 2.850711E-02 1.502447E-03 4.899845E+00 9.916039E+00 
1.001655E-01 5.097594E-03 3.713076E-01 1.765821E-01 -1.415205E+00 5.315910E-01 -7.390484E-02 9.896618E-01 2.807461E-02 5.070226E-03 3.797454E+00 8.630410E+00 
1.421493E-01 2.314530E-03 3.685666E-01 1.673076E-01 -1.330125E+00 6.000000E-01 -1.275522E-01 8.950139E-01 2.911112E-02 1.999710E-03 4.443016E+00 7.800232E+00 
1.546309E-01 9.563054E-03 3.492330E-01 1.680686E-01 -1.368643E+00 5.488424E-01 -9.256097E-02 8.933534E-01 3.052717E-02 8.073987E-04 4.416204E+00 9.569444E+00 
1.741415E-01 6.240065E-03 3.528616E-01 1.678189E-01 -1.475451E+00 5.892878E-01 -1.453612E-01 1.003104E+00 2.829555E-02 3.780333E-03 3.512779E+00 1.143743E+01 
1.621425E-01 8.625542E-03 3.670756E-01 1.719533E-01 -1.230552E+00 5.912800E-01 -1.007356E-01 9.505874E-01 3.069640E-02 1.329708E-03 3.144287E+00 1.045209E+01 
1.746467E-01 6.072541E-03 3.502028E-01 1.707450E-01 -1.377561E+00 5.051257E-01 -1.164283E-01 8.280964E-01 2.909982E-02 2.984976E-03 4.575883E+00 8.824068E+00 
1.458035E-01 9.639693E-03 3.544405E-01 1.731980E-01 -1.795213E+00 5.662017E-01 -7.722940E-02 9.209246E-01 2.941309E-02 1.019281E-03 4.197372E+00 8.462558E+00 
1.674537E-01 9.569279E-03 3.586745E-01 1.767073E-01 -1.378341E+00 5.778092E-01 -1.258207E-01 8.646938E-01 2.873767E-02 1.129288E-03 4.967653E+00 9.047480E+00 
1.521760E-01 9.296802E-03 3.485046E-01 1.747321E-01 -1.504441E+00 5.886682E-01 -1.300809E-01 8.929713E-01 2.920528E-02 3.313203E-03 4.203618E+00 8.477172E+00 
1.561534E-01 9.533274E-03 3.774052E-01 1.704504E-01 -1.604124E+00 5.740085E-01 -1.192988E-01 9.168223E-01 3.115970E-02 8.400655E-04 4.183322E+00 8.854143E+00 
1.677782E-01 3.300414E-03 3.642840E-01 1.708484E-01 -1.462174E+00 5.836069E-01 -8.644716E-02 8.967733E-01 2.708348E-02 2.758501E-03 4.062392E+00 9.432301E+00 
1.523221E-01 1.357266E-02 3.514587E-01 1.506778E-01 -1.616229E+00 5.835642E-01 -1.467213E-01 1.003356E+00 2.788354E-02 5.625411E-03 4.269683E+00 8.977807E+00 
7.114264E-02 4.506458E-02 3.669445E-01 1.628192E-01 -1.405978E+00 4.759183E-01 -6.101564E-02 1.111851E+00 3.162389E-02 5.369022E-03 6.089081E+00 8.513908E+00 
1.588416E-01 5.296676E-03 3.249982E-01 1.683695E-01 -1.396959E+00 5.899782E-01 -7.060210E-02 9.363328E-01 2.900729E-02 1.967923E-03 4.132053E+00 1.002190E+01 
9.852506E-02 1.417488E-02 3.270448E-01 1.351091E-01 -1.491272E+00 5.513991E-01 -4.654131E-02 1.164301E+00 2.868579E-02 1.042655E-02 2.364591E+00 1.150830E+01 
2.000000E-01 1.168889E-02 3.465617E-01 1.834352E-01 -1.573916E+00 5.191751E-01 -1.378987E-01 9.365252E-01 2.982543E-02 1.220962E-03 4.788164E+00 7.938141E+00 
1.552410E-01 1.850936E-02 3.236987E-01 1.718186E-01 -1.290652E+00 5.431887E-01 -1.406526E-02 9.328240E-01 2.820041E-02 2.005811E-04 4.366913E+00 1.007165E+01 
1.410799E-01 2.747373E-02 3.519069E-01 1.652973E-01 -1.406366E+00 4.398508E-01 -1.604077E-01 8.170076E-01 2.649658E-02 6.300340E-03 4.237136E+00 8.310694E+00 
1.628864E-01 4.722971E-03 3.571914E-01 1.722128E-01 -1.513567E+00 5.759761E-01 -5.554338E-02 8.715128E-01 3.497866E-02 2.722921E-03 4.405486E+00 9.361469E+00 
1.670602E-01 9.008110E-03 3.487243E-01 1.722711E-01 -1.485704E+00 5.818034E-01 -1.590424E-01 7.885667E-01 2.842255E-02 8.075180E-04 4.546982E+00 9.060079E+00 
1.321080E-01 2.756100E-02 3.444651E-01 1.634110E-01 -1.451786E+00 5.028641E-01 -1.039007E-01 9.021395E-01 2.943095E-02 3.761423E-03 4.167224E+00 8.701515E+00 
1.620775E-01 1.663281E-02 3.648599E-01 1.687179E-01 -1.414302E+00 5.886425E-01 -1.220055E-01 9.894277E-01 2.872854E-02 2.965699E-03 4.585136E+00 5.863484E+00 
1.528724E-01 8.749832E-03 3.249851E-01 1.707230E-01 -1.587379E+00 5.878851E-01 -9.321945E-02 9.262518E-01 2.991558E-02 1.525703E-03 4.425528E+00 9.921587E+00 
1.735901E-01 1.645882E-02 3.597940E-01 1.672744E-01 -1.363474E+00 5.610190E-01 -6.674952E-02 1.019951E+00 2.514167E-02 4.287348E-03 4.022913E+00 7.345538E+00 
1.259574E-01 2.397223E-02 3.598306E-01 1.648466E-01 -1.418966E+00 5.602252E-01 -5.688188E-02 9.281661E-01 3.035576E-02 2.108290E-03 4.118137E+00 6.284454E+00 
1.789428E-01 1.327086E-03 3.648426E-01 1.812803E-01 -1.379426E+00 6.000000E-01 -1.368247E-01 9.354545E-01 2.719998E-02 2.038776E-03 4.562462E+00 8.814780E+00 
1.760560E-01 6.977307E-03 3.424006E-01 1.692233E-01 -1.601894E+00 5.893007E-01 -1.101272E-01 7.697561E-01 2.895073E-02 3.707868E-03 4.322472E+00 1.012864E+01 
1.599249E-01 7.775293E-03 3.670815E-01 1.750278E-01 -1.333088E+00 5.977978E-01 -1.771524E-01 9.419316E-01 3.013219E-02 5.047111E-03 3.845928E+00 9.638539E+00 
2.000000E-01 1.000000E-04 3.762084E-01 1.733219E-01 -1.342840E+00 4.934661E-01 -2.000000E-01 1.062807E+00 2.849164E-02 4.459836E-03 4.615209E+00 1.164167E+01 
1.705666E-01 1.945415E-02 3.292496E-01 1.624584E-01 -1.310696E+00 3.857370E-01 -1.197502E-01 9.263174E-01 2.645551E-02 0.000000E+00 3.948989E+00 7.382799E+00 
1.584484E-01 4.595471E-03 3.621041E-01 1.695036E-01 -1.388064E+00 6.000000E-01 -1.425172E-01 9.956148E-01 2.523078E-02 2.386202E-03 4.280849E+00 8.131461E+00 
1.688980E-01 1.054196E-02 3.176335E-01 1.774231E-01 -1.526263E+00 5.860583E-01 -1.760938E-01 1.048341E+00 2.841463E-02 3.497578E-03 4.325684E+00 9.676436E+00 
1.216677E-01 1.226444E-02 3.734579E-01 1.700018E-01 -1.407574E+00 5.867378E-01 -1.339970E-01 9.196378E-01 2.847781E-02 5.133114E-03 4.504135E+00 1.031657E+01 
1.568907E-01 7.467342E-03 3.677582E-01 1.672353E-01 -1.518396E+00 5.675191E-01 -1.227685E-01 8.951171E-01 2.979851E-02 2.071947E-03 4.250188E+00 9.304041E+00 
1.548937E-01 1.286697E-02 3.468364E-01 1.746786E-01 -1.720572E+00 5.943070E-01 -7.981140E-02 1.014153E+00 2.680724E-02 3.181162E-03 5.141625E+00 8.160852E+00 
1.552350E-01 9.225725E-03 3.645595E-01 1.678772E-01 -1.449592E+00 5.971654E-01 -1.529114E-01 7.700719E-01 2.818316E-02 3.935410E-03 4.130326E+00 8.920638E+00 
1.063419E-01 8.068764E-03 3.500941E-01 1.694401E-01 -1.168275E+00 4.966341E-01 -1.004238E-01 9.008925E-01 2.766115E-02 7.748348E-04 3.925909E+00 9.551024E+00 
1.837278E-01 9.789436E-03 3.416698E-01 1.747380E-01 -1.491395E+00 5.771035E-01 -1.265396E-01 9.335164E-01 3.065948E-02 2.980982E-03 4.194557E+00 8.378165E+00 
1.562906E-01 1.497581E-02 3.514533E-01 1.674240E-01 -1.437159E+00 5.644656E-01 -1.390061E-01 9.720827E-01 2.901784E-02 3.511090E-03 4.582816E+00 9.086575E+00 
7.390797E-02 3.825154E-02 3.240188E-01 1.715613E-01 -1.268354E+00 4.751923E-01 -6.841689E-02 8.654828E-01 3.343246E-02 1.837726E-02 4.085073E+00 1.000401E+01 
1.512466E-01 8.410722E-03 3.342697E-01 1.723872E-01 -1.496191E+00 5.707244E-01 -1.015406E-01 9.607429E-01 2.952863E-02 1.434493E-03 4.280412E+00 9.866147E+00 
1.355522E-01 8.890900E-03 3.611385E-01 1.734001E-01 -1.560760E+00 5.695021E-01 -9.734178E-02 9.681889E-01 2.904593E-02 1.807326E-03 4.856560E+00 9.579527E+00 
1.602226E-01 5.848473E-03 3.507668E-01 1.650256E-01 -1.424075E+00 4.763524E-01 -1.071597E-01 8.921176E-01 3.164255E-02 0.000000E+00 4.706321E+00 6.503976E+00 
1.581380E-01 4.008217E-03 3.615051E-01 1.759298E-01 -1.460458E+00 5.701952E-01 -1.178381E-01 1.002588E+00 2.908943E-02 2.708016E-03 4.635788E+00 9.132221E+00 
1.445327E-01 1.237717E-02 3.452399E-01 1.622924E-01 -1.262326E+00 5.689690E-01 -1.285976E-01 9.160957E-01 2.879046E-02 2.193121E-03 4.474660E+00 1.010709E+01 
1.647446E-01 8.453255E-03 3.459857E-01 1.727681E-01 -1.420189E+00 6.000000E-01 -8.440215E-02 8.755633E-01 2.840087E-02 1.959928E-03 4.080154E+00 8.989166E+00 
1.616454E-01 2.994878E-03 3.585662E-01 1.764701E-01 -1.613503E+00 5.825214E-01 -1.092483E-01 1.027047E+00 2.920030E-02 3.226268E-03 4.315521E+00 9.718147E+00 
1.550929E-01 1.108643E-02 3.646590E-01 1.675552E-01 -1.467057E+00 5.232580E-01 -8.121624E-02 9.055703E-01 3.298268E-02 3.531262E-03 4.006770E+00 9.453686E+00 
1.393628E-01 7.039301E-03 3.620529E-01 1.729120E-01 -1.610382E+00 5.862444E-01 -1.454562E-01 8.931080E-01 2.868508E-02 1.174228E-03 4.245159E+00 9.247838E+00 
1.823658E-01 1.177245E-02 3.563254E-01 1.710191E-01 -1.588125E+00 5.868666E-01 -1.167624E-01 9.418523E-01 2.539728E-02 0.000000E+00 4.536043E+00 9.537630E+00 
1.568857E-01 8.268726E-03 3.752977E-01 1.664129E-01 -1.260278E+00 5.556209E-01 -1.408770E-01 9.671451E-01 2.968118E-02 5.504918E-03 4.761810E+00 8.954706E+00 
1.800245E-01 1.980700E-02 3.281523E-01 1.744213E-01 -1.380917E+00 5.886280E-01 -1.339760E-01 8.520747E-01 2.572678E-02 5.249345E-04 4.028272E+00 8.991944E+00 
1.563993E-01 5.520035E-03 3.565115E-01 1.726379E-01 -1.466163E+00 5.696869E-01 -1.000000E-02 8.547551E-01 2.923883E-02 2.367681E-03 5.037813E+00 1.047700E+01 
1.668343E-01 5.151809E-03 3.524316E-01 1.728429E-01 -1.452822E+00 5.794967E-01 -1.264939E-01 1.021777E+00 2.827337E-02 2.855110E-03 4.235756E+00 9.379917E+00 
1.013414E-01 3.208735E-02 3.581680E-01 1.607451E-01 -1.255464E+00 5.673728E-01 -1.009010E-01 9.322881E-01 2.762344E-02 3.754458E-03 4.082095E+00 5.685241E+00 
1.492939E-01 5.927959E-03 3.355802E-01 1.695477E-01 -1.512269E+00 5.592153E-01 -1.448382E-01 9.793709E-01 2.943237E-02 2.534325E-03 4.330945E+00 9.502123E+00 
1.593749E-01 4.291840E-03 3.608055E-01 1.704231E-01 -1.430055E+00 5.892416E-01 -1.278212E-01 8.782626E-01 2.988968E-02 2.140054E-03 3.791914E+00 7.416830E+00 
1.593096E-01 4.032036E-03 3.767616E-01 1.717391E-01 -1.460149E+00 5.984922E-01 -1.155833E-01 9.250017E-01 2.908124E-02 2.709085E-03 4.902623E+00 1.054703E+01 
1.784459E-01 6.429251E-03 3.665688E-01 1.764031E-01 -1.458344E+00 5.904085E-01 -1.505721E-01 8.844105E-01 2.830637E-02 8.400480E-04 4.762267E+00 8.507822E+00 
1.656580E-01 7.674653E-03 3.541999E-01 1.735397E-01 -1.383046E+00 5.705570E-01 -1.744986E-01 9.674590E-01 2.832773E-02 3.532124E-03 3.585942E+00 9.343556E+00 
1.723693E-01 1.884305E-02 3.501360E-01 1.746396E-01 -1.371720E+00 5.434927E-01 -1.284358E-01 9.737563E-01 2.978707E-02 5.451426E-03 4.224811E+00 9.284959E+00 
1.262217E-01 2.167974E-02 3.428380E-01 1.758005E-01 -1.332352E+00 4.362602E-01 -4.540675E-02 9.272234E-01 2.893273E-02 3.485214E-03 3.803571E+00 1.031843E+01 
1.659392E-01 6.367280E-03 3.538532E-01 1.683314E-01 -1.374545E+00 5.850823E-01 -7.238913E-02 8.899877E-01 3.003141E-02 2.150886E-03 4.056322E+00 8.977488E+00 
1.645398E-01 6.152386E-03 3.595778E-01 1.761055E-01 -1.433373E+00 5.852805E-01 -8.139090E-02 8.702258E-01 2.856253E-02 3.535473E-03 3.325278E+00 9.061910E+00 
1.443215E-01 2.706246E-02 3.624998E-01 1.709088E-01 -1.295935E+00 4.374102E-01 -1.505497E-01 1.044605E+00 3.057919E-02 3.307593E-03 4.840777E+00 9.570545E+00 
1.676161E-01 6.025842E-03 3.596994E-01 1.713418E-01 -1.415765E+00 5.686657E-01 -9.642150E-02 9.269172E-01 3.144889E-02 2.704374E-03 4.069189E+00 9.230461E+00 
1.615878E-01 1.008296E-02 3.443091E-01 1.671026E-01 -1.571598E+00 5.398984E-01 -1.186036E-01 9.594091E-01 3.322456E-02 2.008444E-03 4.160824E+00 8.104309E+00 
1.621604E-01 7.523372E-03 3.482076E-01 1.685456E-01 -1.467114E+00 5.640806E-01 -1.055117E-01 9.842048E-01 2.839786E-02 4.816273E-03 4.104939E+00 8.653768E+00 
1.697271E-01 1.000000E-04 3.445905E-01 1.732556E-01 -1.294844E+00 5.407431E-01 -1.314676E-01 8.774200E-01 3.169552E-02 2.557974E-03 4.305250E+00 8.427398E+00 
1.652669E-01 6.811459E-03 3.727244E-01 1.734851E-01 -1.387585E+00 5.940980E-01 -1.774555E-01 9.940548E-01 2.798873E-02 2.552717E-03 4.455573E+00 9.737191E+00 
1.106120E-01 1.703362E-02 3.630931E-01 1.656135E-01 -1.641153E+00 5.516269E-01 -1.024246E-01 8.769692E-01 3.019337E-02 1.021719E-03 3.952237E+00 1.029279E+01 
1.691291E-01 7.094463E-03 3.816194E-01 1.691643E-01 -1.513944E+00 5.833064E-01 -1.489166E-01 1.008535E+00 2.867957E-02 2.608292E-03 4.711924E+00 1.161689E+01 
1.548828E-01 6.542833E-03 3.583684E-01 1.691640E-01 -1.512251E+00 5.572662E-01 -1.032749E-01 9.254753E-01 2.972011E-02 2.188766E-03 4.788192E+00 8.059275E+00 
1.066741E-01 3.371218E-02 3.636717E-01 1.559174E-01 -1.355238E+00 4.223566E-01 -5.528116E-02 9.768054E-01 2.998681E-02 2.361081E-03 3.890142E+00 8.833704E+00 
1.679633E-01 2.266672E-02 3.585648E-01 1.680686E-01 -1.453934E+00 5.981906E-01 -1.051400E-01 9.459044E-01 2.733482E-02 2.893655E-03 4.527219E+00 1.073389E+01 
1.475103E-01 2.827428E-02 3.725986E-01 1.578991E-01 -1.455124E+00 5.601619E-01 -8.608786E-02 9.603181E-01 3.731300E-02 9.660612E-04 4.297747E+00 9.465580E+00 
1.477644E-01 2.048948E-02 3.510472E-01 1.674655E-01 -1.425464E+00 5.866516E-01 -9.869278E-02 9.395795E-01 3.440115E-02 3.461375E-03 4.821949E+00 9.328604E+00 
1.640878E-01 4.029482E-03 3.654935E-01 1.720376E-01 -1.202818E+00 5.793123E-01 -5.808450E-02 8.884652E-01 2.803350E-02 1.479402E-03 4.686804E+00 1.168383E+01 
1.775242E-01 2.546184E-03 3.632749E-01 1.739520E-01 -1.555923E+00 5.596143E-01 -1.160622E-01 9.061673E-01 3.066491E-02 7.961614E-03 4.235516E+00 9.715202E+00 
1.217125E-01 1.779142E-02 3.275853E-01 1.646843E-01 -1.232812E+00 5.974060E-01 -1.147098E-01 1.034569E+00 2.471601E-02 3.113679E-03 4.715130E+00 7.430852E+00 
1.552578E-01 1.613576E-02 3.602882E-01 1.718744E-01 -1.359043E+00 5.873506E-01 -1.545705E-01 9.873686E-01 3.034611E-02 2.033642E-03 4.218880E+00 8.563151E+00 
1.650132E-01 1.318166E-02 3.497015E-01 1.670157E-01 -1.479768E+00 5.611746E-01 -9.949134E-02 8.727047E-01 2.632874E-02 3.412271E-03 4.422865E+00 8.991683E+00 
1.051719E-01 1.662578E-02 3.601007E-01 1.572205E-01 -1.114253E+00 5.875595E-01 -1.283449E-01 9.328580E-01 2.744410E-02 1.277538E-02 4.365688E+00 6.665706E+00 
1.301590E-01 1.032384E-02 3.292923E-01 1.618086E-01 -1.414023E+00 6.000000E-01 -8.460800E-02 9.937681E-01 2.866468E-02 2.121099E-03 4.685459E+00 9.173107E+00 
1.615051E-01 7.731648E-03 3.511726E-01 1.702991E-01 -1.426795E+00 5.776313E-01 -1.081151E-01 9.617834E-01 3.104143E-02 1.800406E-03 4.197489E+00 8.033533E+00 
1.463917E-01 8.196048E-03 3.595331E-01 1.766320E-01 -1.395672E+00 4.387821E-01 -9.285840E-02 1.059277E+00 2.674511E-02 5.739992E-04 5.136354E+00 8.653611E+00 
9.755849E-02 5.026148E-02 3.097511E-01 1.279876E-01 -1.327631E+00 5.012587E-01 -7.005369E-02 1.112044E+00 2.944484E-02 5.143960E-03 3.548458E+00 1.138145E+01 
1.711940E-01 1.265689E-02 3.739843E-01 1.760016E-01 -1.692239E+00 5.864911E-01 -5.054315E-02 1.042907E+00 3.067594E-02 4.572896E-03 4.093387E+00 9.473672E+00 
1.496553E-01 3.508026E-03 3.654916E-01 1.724740E-01 -1.305598E+00 5.805290E-01 -1.021934E-01 9.459179E-01 2.703846E-02 2.489688E-03 4.077829E+00 9.752083E+00 
1.471473E-01 7.413318E-03 3.809219E-01 1.634996E-01 -1.450012E+00 5.703897E-01 -1.219442E-01 1.096704E+00 2.970453E-02 1.941515E-03 5.166908E+00 9.439172E+00 
1.716392E-01 5.969828E-03 3.504499E-01 1.750863E-01 -1.297639E+00 5.813258E-01 -8.549629E-02 9.383670E-01 2.925128E-02 2.784010E-03 4.109425E+00 8.664155E+00 
1.173052E-01 1.119224E-02 3.430428E-01 1.603857E-01 -1.444966E+00 5.379222E-01 -6.636013E-02 9.640767E-01 2.924707E-02 3.546406E-03 3.959244E+00 9.860461E+00 
1.395718E-01 3.296744E-03 3.520644E-01 1.687881E-01 -1.418833E+00 5.474934E-01 -3.854892E-02 9.639837E-01 2.910322E-02 2.894885E-03 3.442581E+00 1.063725E+01 
1.612537E-01 7.327042E-03 3.439441E-01 1.713713E-01 -1.597887E+00 5.875543E-01 -1.185773E-01 9.464131E-01 2.987701E-02 1.778569E-03 3.973343E+00 1.059002E+01 
1.611298E-01 7.652056E-03 3.609198E-01 1.738314E-01 -1.385776E+00 5.636863E-01 -6.407145E-02 9.082059E-01 2.511913E-02 1.487297E-03 4.408490E+00 9.801409E+00 
1.578561E-01 6.885289E-03 3.703665E-01 1.781618E-01 -1.454472E+00 5.954241E-01 -7.264091E-02 9.055473E-01 3.317744E-02 2.184184E-03 4.194389E+00 9.436797E+00 
1.629763E-01 8.198313E-03 3.269772E-01 1.748298E-01 -1.555075E+00 5.892109E-01 -1.000280E-01 9.405655E-01 2.962760E-02 2.387507E-03 4.610501E+00 8.890670E+00 
1.822570E-01 1.210785E-02 3.486362E-01 1.597802E-01 -1.255784E+00 4.969326E-01 -6.056460E-02 9.877744E-01 2.849860E-02 1.519822E-02 4.389356E+00 8.792738E+00 
1.166931E-01 3.977185E-02 3.425256E-01 1.522859E-01 -1.404391E+00 4.349785E-01 -1.030566E-01 9.817973E-01 2.945823E-02 3.357585E-03 3.644022E+00 1.062454E+01 
1.029688E-01 1.184774E-02 3.623842E-01 1.578187E-01 -1.304028E+00 5.722519E-01 -6.779754E-02 8.295817E-01 2.693719E-02 3.211997E-03 4.620973E+00 9.801673E+00 
1.588577E-01 7.898086E-03 3.757154E-01 1.744167E-01 -1.421313E+00 5.729536E-01 -9.161505E-02 9.584917E-01 3.174626E-02 2.214121E-03 4.439604E+00 8.889774E+00 
1.594237E-01 4.487364E-03 3.517636E-01 1.840586E-01 -1.505979E+00 6.000000E-01 -6.065842E-02 1.143464E+00 3.005986E-02 5.997276E-03 3.882810E+00 8.872974E+00 
1.535755E-01 9.559311E-03 3.576063E-01 1.685099E-01 -1.447171E+00 5.721609E-01 -1.182117E-01 9.334504E-01 3.128507E-02 3.112665E-03 4.287096E+00 9.975509E+00 
1.586787E-01 5.762743E-03 3.548977E-01 1.786030E-01 -1.448304E+00 5.730228E-01 -8.818380E-02 9.502434E-01 3.045773E-02 1.731538E-03 4.162935E+00 7.196246E+00 
1.277343E-01 1.313940E-02 3.581536E-01 1.725990E-01 -1.483704E+00 5.024133E-01 -1.713830E-01 9.385066E-01 3.109673E-02 2.273037E-03 4.262362E+00 8.624860E+00 
1.601865E-01 7.181988E-03 3.503225E-01 1.713104E-01 -1.459332E+00 5.832788E-01 -1.153941E-01 9.855121E-01 2.919886E-02 2.529001E-03 3.773797E+00 8.979883E+00 
1.726318E-01 8.184712E-03 3.378326E-01 1.783652E-01 -1.459436E+00 6.000000E-01 -1.139030E-01 9.698165E-01 2.680412E-02 3.701011E-04 4.125597E+00 9.650984E+00 
1.661836E-01 5.055764E-03 3.535510E-01 1.768997E-01 -1.550183E+00 5.996741E-01 -8.398563E-02 9.664786E-01 2.698068E-02 2.651298E-03 3.883794E+00 7.213339E+00 
1.450735E-01 3.778225E-03 3.555534E-01 1.713495E-01 -1.566903E+00 5.760258E-01 -5.085846E-02 8.223334E-01 3.044350E-02 3.270090E-03 3.888634E+00 8.596347E+00 
1.701140E-01 1.114080E-02 3.660888E-01 1.688933E-01 -1.473546E+00 5.967534E-01 -9.332772E-02 9.147035E-01 2.841380E-02 2.575429E-03 4.112102E+00 9.937870E+00 
1.503173E-01 4.886593E-02 3.445192E-01 1.650508E-01 -1.364767E+00 4.934562E-01 -7.120294E-02 9.619958E-01 3.521476E-02 2.594586E-03 2.989008E+00 1.564940E+01 
1.559645E-01 8.581921E-03 3.392291E-01 1.644184E-01 -1.503762E+00 5.690381E-01 -1.307228E-01 9.409558E-01 2.943773E-02 4.056667E-03 4.324673E+00 9.520024E+00 
1.676554E-01 1.088723E-02 3.713853E-01 1.742086E-01 -1.503108E+00 5.760890E-01 -1.275505E-01 7.184842E-01 3.422184E-02 1.497151E-03 3.960979E+00 8.274197E+00 
1.665277E-01 3.486532E-03 3.468915E-01 1.699412E-01 -1.392605E+00 5.916191E-01 -1.043416E-01 9.331681E-01 3.014803E-02 7.350556E-05 4.588960E+00 8.816087E+00 
1.694669E-01 9.850038E-03 3.573495E-01 1.758173E-01 -1.396633E+00 5.728960E-01 -1.559920E-01 1.016286E+00 2.611077E-02 3.912974E-03 4.124013E+00 9.294435E+00 
1.296022E-01 6.900386E-03 3.634725E-01 1.649916E-01 -1.318681E+00 5.791503E-01 -1.094019E-01 8.650644E-01 2.800652E-02 2.330023E-03 4.164686E+00 1.162233E+01 
1.587410E-01 4.717604E-03 3.352250E-01 1.747463E-01 -1.514303E+00 5.960384E-01 -8.075179E-02 9.465784E-01 2.610627E-02 1.267364E-03 3.988434E+00 8.814395E+00 
1.571975E-01 7.173439E-03 3.539256E-01 1.674351E-01 -1.402623E+00 6.000000E-01 -4.098512E-02 8.112422E-01 3.040005E-02 2.160031E-03 4.514007E+00 1.077404E+01 
1.592875E-01 4.804112E-03 3.521895E-01 1.637952E-01 -1.440153E+00 5.909698E-01 -1.686586E-01 9.215044E-01 2.864722E-02 3.211323E-03 3.651101E+00 9.200850E+00 
1.412329E-01 4.674940E-03 3.294470E-01 1.683657E-01 -1.554032E+00 4.639413E-01 -1.132287E-01 9.498936E-01 2.962894E-02 1.166137E-04 4.631688E+00 9.720204E+00 
1.781983E-01 8.030096E-03 3.702197E-01 1.805426E-01 -1.483349E+00 5.980622E-01 -1.096651E-01 9.581143E-01 3.241389E-02 1.937186E-03 3.940264E+00 8.471055E+00 
1.077280E-01 4.100201E-02 3.202759E-01 1.586331E-01 -1.507841E+00 5.462105E-01 -1.038453E-01 9.375524E-01 3.363429E-02 4.230947E-03 4.093647E+00 7.336331E+00 
1.418155E-01 9.461303E-03 3.584375E-01 1.705328E-01 -1.385430E+00 5.816536E-01 -1.217872E-01 8.864133E-01 2.955213E-02 5.543981E-04 4.273075E+00 1.110781E+01 
1.565673E-01 7.073923E-03 3.579153E-01 1.772181E-01 -1.389829E+00 5.868658E-01 -8.537815E-02 8.710907E-01 2.639562E-02 1.893023E-03 4.546841E+00 8.774728E+00 
1.667714E-01 4.832687E-03 3.732609E-01 1.793907E-01 -1.327940E+00 5.653290E-01 -8.326074E-02 9.335536E-01 2.806932E-02 2.861100E-03 3.982364E+00 8.192431E+00 
1.759331E-01 8.617055E-03 3.330032E-01 1.701823E-01 -1.588928E+00 5.914816E-01 -9.525195E-02 8.849357E-01 2.790150E-02 2.033671E-03 4.150760E+00 7.004957E+00 
1.634636E-01 8.889087E-03 3.441070E-01 1.802693E-01 -1.413155E+00 5.952985E-01 -1.551638E-01 8.539855E-01 2.833972E-02 5.144401E-03 3.538951E+00 8.964743E+00 
1.651220E-01 6.016458E-03 3.617953E-01 1.693353E-01 -1.533101E+00 5.490888E-01 -8.902563E-02 9.737107E-01 2.870984E-02 1.948172E-03 4.275498E+00 9.120993E+00 
7.353643E-02 2.177213E-02 3.442949E-01 1.270525E-01 -1.275440E+00 5.244265E-01 -5.778688E-02 1.009194E+00 2.826907E-02 7.953976E-03 2.978088E+00 9.856737E+00 
1.134796E-01 3.378837E-02 3.044849E-01 1.662813E-01 -1.294515E+00 4.498128E-01 -1.360509E-01 9.902814E-01 2.833799E-02 3.138169E-03 4.484292E+00 9.750512E+00 
1.781776E-01 9.420108E-03 3.527468E-01 1.696171E-01 -1.415540E+00 5.863420E-01 -1.499746E-01 9.440773E-01 2.944577E-02 3.339942E-04 4.024926E+00 9.234463E+00 
1.495167E-01 6.905457E-03 3.697165E-01 1.701916E-01 -1.362833E+00 5.974066E-01 -4.509885E-02 9.192754E-01 3.128241E-02 2.372104E-03 4.548468E+00 9.759131E+00 
5.612938E-02 2.045792E-02 3.276584E-01 1.701005E-01 -1.661327E+00 6.000000E-01 -1.000141E-01 1.052587E+00 3.067100E-02 3.271850E-03 3.727503E+00 9.176764E+00 
1.592548E-01 3.929819E-03 3.741927E-01 1.731530E-01 -1.526733E+00 5.991820E-01 -8.493200E-02 9.132894E-01 3.129979E-02 2.666523E-03 4.304122E+00 9.380683E+00 
1.604558E-01 6.809032E-03 3.412303E-01 1.680157E-01 -1.702362E+00 5.929364E-01 -1.320054E-01 9.388914E-01 2.804205E-02 2.268612E-03 4.163429E+00 1.019229E+01 
1.570827E-01 5.700737E-03 3.531427E-01 1.699388E-01 -1.365445E+00 5.737137E-01 -9.955501E-02 1.007620E+00 3.035795E-02 4.068888E-03 4.203025E+00 8.722892E+00 
1.697085E-01 8.346020E-03 3.594214E-01 1.722820E-01 -1.415298E+00 5.772066E-01 -9.481893E-02 1.003766E+00 2.757866E-02 1.538507E-03 4.518156E+00 9.332733E+00 
1.638911E-01 1.316127E-02 3.499240E-01 1.774543E-01 -1.516897E+00 6.000000E-01 -1.758956E-01 9.362436E-01 2.419386E-02 3.496091E-03 3.478263E+00 1.082545E+01 
1.663504E-01 1.130951E-02 3.661888E-01 1.677876E-01 -1.597564E+00 5.810040E-01 -8.187062E-02 8.500462E-01 2.863910E-02 2.356723E-03 4.046660E+00 1.073218E+01 
1.668459E-01 8.568659E-03 3.607239E-01 1.747918E-01 -1.377269E+00 5.848376E-01 -9.681551E-02 9.618352E-01 2.689240E-02 2.202880E-03 3.817290E+00 9.684680E+00 
1.661224E-01 8.128866E-03 3.817688E-01 1.758414E-01 -1.446683E+00 5.750672E-01 -1.519209E-01 6.671831E-01 2.926362E-02 1.295098E-03 4.229329E+00 1.001749E+01 
1.609405E-01 1.702838E-02 3.303599E-01 1.740562E-01 -1.456494E+00 5.597430E-01 -1.003294E-01 9.048326E-01 2.827380E-02 4.559561E-03 2.975436E+00 7.342938E+00 
1.420533E-01 3.888096E-03 3.489224E-01 1.780351E-01 -1.423967E+00 5.856086E-01 -1.414231E-01 8.954396E-01 3.079018E-02 1.788490E-03 4.159260E+00 1.080978E+01 
1.480087E-01 2.026310E-03 3.550523E-01 1.777336E-01 -1.515538E+00 5.773484E-01 -1.263918E-01 8.509681E-01 2.764159E-02 3.020867E-03 4.363684E+00 8.266617E+00 
1.733624E-01 2.433917E-03 3.400398E-01 1.738761E-01 -1.343864E+00 5.754685E-01 -7.361235E-02 9.004620E-01 2.821179E-02 3.923664E-03 3.463347E+00 8.591498E+00 
1.899676E-01 4.539345E-03 3.593333E-01 1.676104E-01 -1.545762E+00 5.595528E-01 -1.730708E-01 9.150258E-01 2.507209E-02 7.126193E-04 4.240880E+00 1.130212E+01 
4.721335E-02 8.229322E-03 3.198347E-01 1.607507E-01 -1.233376E+00 4.225393E-01 -9.946960E-02 8.352602E-01 3.104697E-02 8.308067E-03 3.722402E+00 9.778567E+00 
1.569814E-01 2.316557E-02 3.397779E-01 1.718292E-01 -1.431275E+00 5.924301E-01 -1.195111E-01 9.763643E-01 2.896504E-02 1.622096E-03 4.008852E+00 8.618456E+00 
1.796035E-02 4.013406E-02 3.677907E-01 1.660577E-01 -1.495648E+00 5.455506E-01 -1.288526E-02 1.199523E+00 2.908912E-02 6.650535E-03 4.579400E+00 8.236686E+00 
1.663503E-01 1.008553E-02 3.578125E-01 1.823652E-01 -1.525079E+00 5.802959E-01 -1.058550E-01 9.252909E-01 2.988251E-02 1.332889E-03 4.235961E+00 1.011026E+01 
1.672279E-01 6.779505E-03 3.421721E-01 1.684785E-01 -1.554711E+00 5.767933E-01 -1.341502E-01 8.758654E-01 3.097138E-02 2.496208E-04 4.453169E+00 7.944598E+00 
1.584939E-01 4.194433E-03 3.616510E-01 1.682416E-01 -1.368558E+00 5.636419E-01 -6.257746E-02 9.759915E-01 2.699756E-02 1.838388E-03 4.330722E+00 9.251310E+00 
1.437020E-01 5.223953E-03 3.587109E-01 1.449350E-01 -1.401269E+00 5.548633E-01 -4.818386E-02 9.209269E-01 2.923389E-02 5.695274E-03 4.540616E+00 9.504522E+00 
1.623302E-01 3.742607E-03 3.760598E-01 1.622942E-01 -1.485235E+00 5.942106E-01 -5.385711E-02 3.805670E-01 2.850806E-02 1.643278E-03 4.140159E+00 8.383839E+00 
1.280479E-01 2.835356E-03 3.480745E-01 1.731409E-01 -1.611874E+00 5.729925E-01 -7.040333E-02 8.717684E-01 3.007216E-02 3.232587E-03 4.258427E+00 8.854511E+00 
1.770579E-01 5.455223E-03 3.829866E-01 1.741439E-01 -1.539472E+00 5.890520E-01 -1.978286E-01 8.955741E-01 3.284384E-02 0.000000E+00 4.082525E+00 8.683482E+00 
1.557917E-01 6.871050E-03 3.484249E-01 1.735006E-01 -1.458361E+00 5.828106E-01 -8.799258E-02 9.870772E-01 2.957532E-02 1.375092E-03 4.470295E+00 9.382865E+00 
1.524479E-01 5.689458E-03 3.484897E-01 1.691958E-01 -1.487876E+00 4.571631E-01 -8.116679E-02 9.755086E-01 2.631040E-02 1.884639E-03 4.666386E+00 8.708621E+00 
1.488392E-01 8.539953E-03 3.525352E-01 1.724904E-01 -1.425327E+00 5.436292E-01 -7.036223E-02 8.513862E-01 2.986090E-02 2.883482E-03 4.271918E+00 9.555176E+00 
1.551908E-01 9.391779E-03 3.590260E-01 1.732282E-01 -1.437998E+00 5.725627E-01 -8.760817E-02 8.836843E-01 2.857568E-02 4.696771E-03 4.361820E+00 9.247337E+00 
1.314297E-01 1.751785E-02 3.906205E-01 1.619254E-01 -1.151089E+00 5.847865E-01 -1.064837E-01 8.683827E-01 2.545526E-02 1.781590E-03 4.462526E+00 1.107441E+01 
1.466718E-01 6.835625E-03 3.628281E-01 1.662276E-01 -1.409975E+00 5.658144E-01 -1.015054E-01 1.018443E+00 3.149200E-02 4.068500E-03 4.451021E+00 8.264810E+00 
1.550339E-01 6.449340E-03 3.765683E-01 1.706124E-01 -1.515607E+00 5.409654E-01 -8.938479E-02 9.168672E-01 2.719022E-02 1.026770E-02 4.065650E+00 9.186568E+00 
9.657121E-02 8.540877E-03 3.626697E-01 1.789864E-01 -1.417077E+00 5.756342E-01 -1.209123E-01 8.102992E-01 2.847596E-02 5.064286E-03 4.236221E+00 9.474246E+00 
1.611435E-01 7.424114E-03 3.844767E-01 1.721025E-01 -1.365989E+00 5.200251E-01 -3.005639E-02 9.363212E-01 3.123722E-02 4.751799E-03 3.914934E+00 9.604281E+00 
1.592308E-01 7.026688E-03 3.514223E-01 1.590381E-01 -1.271623E+00 5.657082E-01 -1.014706E-01 8.363890E-01 2.788593E-02 7.007585E-03 4.249149E+00 8.988933E+00 
1.440502E-01 3.792720E-03 3.516771E-01 1.726694E-01 -1.453790E+00 5.101584E-01 -7.125875E-02 9.594027E-01 2.943883E-02 2.362279E-03 4.847183E+00 8.740869E+00 
1.544595E-01 8.612221E-03 3.695668E-01 1.788736E-01 -1.560531E+00 5.893975E-01 -1.263238E-01 8.681939E-01 2.962036E-02 2.198546E-03 4.355768E+00 9.008696E+00 
1.499731E-01 6.863347E-03 3.717272E-01 1.727186E-01 -1.439904E+00 5.702997E-01 -1.280253E-01 9.226919E-01 2.718948E-02 1.525066E-03 4.239342E+00 9.096992E+00 
1.582851E-01 9.700105E-03 3.528566E-01 1.570297E-01 -1.212928E+00 5.511329E-01 -1.538362E-01 9.538809E-01 3.138834E-02 9.067752E-04 4.956326E+00 1.080629E+01 
1.664549E-01 8.308070E-03 3.695604E-01 1.719846E-01 -1.401440E+00 5.884749E-01 -1.678955E-01 1.007925E+00 2.899397E-02 1.549732E-03 4.494962E+00 1.004257E+01 
1.527336E-01 7.679504E-04 3.337328E-01 1.690530E-01 -1.449444E+00 5.152417E-01 -1.029796E-01 9.822252E-01 2.793676E-02 6.081186E-04 4.268623E+00 7.348317E+00 
1.374283E-01 1.356578E-02 3.546012E-01 1.608944E-01 -1.378405E+00 5.927193E-01 -1.621618E-01 9.585179E-01 2.855222E-02 1.272232E-02 4.390834E+00 7.373252E+00 
1.706056E-01 7.731223E-03 3.627813E-01 1.805855E-01 -1.458968E+00 6.000000E-01 -1.994554E-01 1.023371E+00 3.360223E-02 1.439662E-03 4.313692E+00 7.914277E+00 
1.575139E-01 9.179027E-03 3.484724E-01 1.768290E-01 -1.393771E+00 5.388983E-01 -1.134351E-01 9.625907E-01 3.147020E-02 5.010370E-03 3.987198E+00 8.955810E+00 
3.906947E-02 2.927576E-02 3.387346E-01 1.575585E-01 -1.329549E+00 5.422778E-01 -7.135218E-02 1.155853E+00 2.368751E-02 5.999549E-03 4.756842E+00 7.866315E+00 
1.454181E-01 4.014715E-02 3.382707E-01 1.643604E-01 -1.438923E+00 4.017510E-01 -6.398905E-02 9.258669E-01 3.229794E-02 6.309928E-03 5.164182E+00 3.594494E+00 
1.600917E-01 1.150468E-02 3.323040E-01 1.837861E-01 -1.585646E+00 5.884330E-01 -1.090075E-01 1.028246E+00 2.939321E-02 2.699875E-03 4.159767E+00 8.254283E+00 
1.693562E-01 1.245775E-02 3.687886E-01 1.751151E-01 -1.479290E+00 4.573913E-01 -1.314558E-01 9.519920E-01 3.103531E-02 2.963859E-03 4.229279E+00 9.001443E+00 
1.559027E-01 3.706753E-03 4.171723E-01 1.684435E-01 -1.586195E+00 5.592428E-01 -1.329569E-01 1.091890E+00 2.733230E-02 2.421459E-03 3.449525E+00 9.937761E+00 
1.481795E-01 2.786907E-02 3.395818E-01 1.650946E-01 -1.351694E+00 5.587218E-01 -1.338315E-01 8.167206E-01 3.390383E-02 1.643280E-03 5.350212E+00 1.324429E+01 
1.477966E-01 5.351049E-03 3.544935E-01 1.712543E-01 -1.561220E+00 5.761813E-01 -3.783170E-02 8.859804E-01 3.046460E-02 1.589065E-03 4.266457E+00 9.046066E+00 
1.487236E-01 8.758236E-03 3.671230E-01 1.697185E-01 -1.436385E+00 5.855565E-01 -9.391271E-02 1.000194E+00 2.568585E-02 2.816392E-03 4.047538E+00 9.592047E+00 
1.266481E-01 1.000000E-04 3.396481E-01 1.683553E-01 -1.365969E+00 4.898835E-01 -1.149233E-01 7.303353E-01 2.930930E-02 4.669369E-03 3.876687E+00 1.005770E+01 
9.073741E-02 3.602734E-02 3.563336E-01 1.424491E-01 -1.471501E+00 3.699734E-01 -1.143222E-01 9.280899E-01 2.477772E-02 2.790181E-03 4.994193E+00 1.075792E+01 
1.579073E-01 5.004535E-03 3.607630E-01 1.696657E-01 -1.685444E+00 5.807471E-01 -1.164650E-01 1.007192E+00 2.863785E-02 5.384435E-03 3.468814E+00 9.135049E+00 
1.607583E-01 2.067947E-02 3.538329E-01 1.784464E-01 -1.655262E+00 6.000000E-01 -1.272974E-01 1.049149E+00 2.253257E-02 1.241654E-03 4.178556E+00 9.072724E+00 
1.535693E-01 1.037622E-02 3.460515E-01 1.744005E-01 -1.542613E+00 5.914792E-01 -1.380075E-01 9.569019E-01 3.129944E-02 3.535668E-03 4.011149E+00 9.280710E+00 
1.824057E-01 1.183349E-02 3.556982E-01 1.734572E-01 -1.489735E+00 6.000000E-01 -1.625666E-01 9.100355E-01 2.952059E-02 2.451269E-03 4.070792E+00 8.877523E+00 
8.371668E-02 4.612646E-02 3.919195E-01 1.847439E-01 -1.220773E+00 3.254046E-01 -1.096593E-01 5.317746E-01 2.251584E-02 1.539030E-02 4.015231E+00 1.234572E+01 
1.461628E-01 2.286320E-02 3.415920E-01 1.640039E-01 -1.286863E+00 5.333520E-01 -1.873271E-01 6.121894E-01 2.384442E-02 6.012290E-03 4.033578E+00 1.103370E+01 
1.204506E-01 1.413708E-02 3.502729E-01 1.725325E-01 -1.449932E+00 5.476372E-01 -1.055190E-01 8.487582E-01 2.977588E-02 1.300689E-02 4.568849E+00 9.564974E+00 
1.596863E-01 5.605379E-03 3.513573E-01 1.770679E-01 -1.458504E+00 5.832779E-01 -1.924699E-01 1.006778E+00 3.066466E-02 3.871879E-03 3.987109E+00 9.767974E+00 
1.586434E-01 2.865038E-02 3.990884E-01 1.770338E-01 -1.374941E+00 5.981504E-01 -1.346614E-01 1.000459E+00 2.819587E-02 4.200684E-03 4.047320E+00 1.099084E+01 
1.603634E-01 8.104160E-03 3.413881E-01 1.727035E-01 -1.538513E+00 5.802554E-01 -1.071613E-01 9.123301E-01 2.742269E-02 9.326958E-04 4.319092E+00 8.787509E+00 
1.614371E-01 5.218858E-03 3.446454E-01 1.695041E-01 -1.419675E+00 5.774444E-01 -9.205646E-02 9.956894E-01 2.972182E-02 4.367586E-03 3.713316E+00 8.154845E+00 
1.643237E-01 1.005058E-02 3.424839E-01 1.643830E-01 -1.540406E+00 6.000000E-01 -1.107242E-01 9.455358E-01 2.988616E-02 4.975572E-03 3.600039E+00 8.107655E+00 
1.579296E-01 7.856118E-03 3.427089E-01 1.682229E-01 -1.682435E+00 5.810666E-01 -1.188529E-01 9.241197E-01 2.801748E-02 1.626698E-03 4.129385E+00 1.004869E+01 
1.439560E-01 1.000000E-04 3.581962E-01 1.726156E-01 -1.365042E+00 5.857808E-01 -6.772618E-02 9.853747E-01 2.989503E-02 3.352420E-03 4.501264E+00 9.754860E+00 
1.461372E-01 6.013561E-03 3.585071E-01 1.749685E-01 -1.673310E+00 5.730821E-01 -1.266079E-01 9.415119E-01 2.927477E-02 2.330862E-03 4.935234E+00 9.396573E+00 
1.512331E-01 1.217767E-02 3.647715E-01 1.698119E-01 -1.420854E+00 5.769795E-01 -1.258874E-01 1.031210E+00 3.411449E-02 1.184625E-03 4.066808E+00 8.279451E+00 
1.617725E-01 9.978345E-03 3.693934E-01 1.682905E-01 -1.511907E+00 5.958914E-01 -1.899180E-01 8.939440E-01 2.826091E-02 2.953695E-03 4.171273E+00 9.220528E+00 
1.704312E-01 4.381444E-03 3.662009E-01 1.676457E-01 -1.383524E+00 6.000000E-01 -1.664839E-01 8.956092E-01 2.865297E-02 4.413501E-03 4.655878E+00 9.513366E+00 
1.396922E-01 2.130345E-02 3.545473E-01 1.679863E-01 -1.368479E+00 5.747509E-01 -1.773507E-01 9.492320E-01 3.269491E-02 5.385436E-03 4.169961E+00 4.918888E+00 
1.696655E-01 6.727403E-03 3.619170E-01 1.752526E-01 -1.548624E+00 5.803930E-01 -7.439313E-02 9.335427E-01 2.975439E-02 1.097305E-03 3.688476E+00 9.078712E+00 
1.552399E-01 3.889342E-04 3.598800E-01 1.743747E-01 -1.498824E+00 5.962396E-01 -1.246873E-01 8.861996E-01 3.224322E-02 1.323030E-03 4.203767E+00 1.098299E+01 
1.725087E-01 1.700335E-02 3.561524E-01 1.654677E-01 -1.331085E+00 5.941760E-01 -9.480257E-02 9.704029E-01 2.743767E-02 4.635434E-03 5.738330E+00 1.120991E+01 
1.617307E-01 5.374625E-03 3.625920E-01 1.655848E-01 -1.618542E+00 4.966388E-01 -9.687481E-02 1.295648E+00 2.787965E-02 4.061234E-03 4.195270E+00 8.839094E+00 
1.503990E-01 1.176655E-02 3.494182E-01 1.735269E-01 -1.569325E+00 5.745736E-01 -3.649969E-02 9.159684E-01 3.023323E-02 1.001616E-02 4.535391E+00 1.002552E+01 
9.482381E-02 2.351516E-03 3.496351E-01 1.717087E-01 -1.524085E+00 5.780894E-01 -1.131012E-01 8.589669E-01 2.905351E-02 2.269583E-03 4.300205E+00 8.947048E+00 
1.433755E-01 4.385584E-03 3.513310E-01 1.680855E-01 -1.290401E+00 5.839721E-01 -1.604918E-01 8.201514E-01 2.964223E-02 2.933661E-03 3.918122E+00 9.434373E+00 
1.569856E-01 1.275334E-03 3.573731E-01 1.716825E-01 -1.632867E+00 5.746094E-01 -7.895061E-02 1.115075E+00 2.831713E-02 3.001946E-03 3.688376E+00 1.185611E+01 
2.000000E-01 2.142407E-02 3.523927E-01 1.721818E-01 -1.531779E+00 6.000000E-01 -1.625361E-01 9.571340E-01 3.021075E-02 1.177367E-02 3.983150E+00 1.021626E+01 
8.876272E-03 1.239358E-02 3.522465E-01 1.492411E-01 -1.305920E+00 5.010825E-01 -2.108372E-02 9.663963E-01 2.905347E-02 5.801273E-03 2.850324E+00 1.061608E+01 
1.641924E-01 5.801749E-03 3.713139E-01 1.758138E-01 -1.254863E+00 5.860077E-01 -6.713237E-02 8.645857E-01 2.830502E-02 5.497993E-03 4.383558E+00 8.504963E+00 
2.917177E-02 4.850321E-02 3.534279E-01 1.756020E-01 -1.249974E+00 3.425266E-01 -1.246024E-01 9.136515E-01 3.119804E-02 1.494141E-02 4.377447E+00 7.070206E+00 
1.540108E-01 1.360252E-02 3.474647E-01 1.699259E-01 -1.436113E+00 5.605409E-01 -7.869822E-02 9.061529E-01 2.740566E-02 2.745956E-03 3.374426E+00 9.583601E+00 
1.716369E-01 2.885949E-03 3.564972E-01 1.760185E-01 -1.416077E+00 5.912184E-01 -1.713937E-01 9.228464E-01 2.955285E-02 7.612201E-04 4.809842E+00 8.363597E+00 
1.515155E-01 8.314184E-03 3.651420E-01 1.706995E-01 -1.246183E+00 2.681447E-01 -1.106596E-01 9.035277E-01 2.952001E-02 3.313254E-03 4.080328E+00 1.094757E+01 
1.421660E-01 7.056343E-03 3.453512E-01 1.626242E-01 -1.211788E+00 3.727805E-01 -1.061788E-01 7.769257E-01 2.971337E-02 1.732768E-03 4.848210E+00 9.032503E+00 
1.762700E-01 5.958187E-03 3.481663E-01 1.808895E-01 -1.456322E+00 5.916263E-01 -1.260223E-01 8.985635E-01 3.124230E-02 1.457146E-03 4.295174E+00 9.609031E+00 
7.667550E-02 4.780235E-02 3.441680E-01 1.318799E-01 -1.486721E+00 3.408175E-01 -7.816411E-02 1.015727E+00 2.759233E-02 8.979671E-03 4.970412E+00 7.918051E+00 
1.753135E-01 1.159353E-02 3.641501E-01 1.710797E-01 -1.636207E+00 5.729018E-01 -1.519650E-01 8.735855E-01 2.832009E-02 3.588816E-03 3.923573E+00 9.321469E+00 
1.633619E-01 6.236462E-03 3.417438E-01 1.699876E-01 -1.375885E+00 5.843505E-01 -9.351439E-02 9.251237E-01 2.920061E-02 4.840129E-03 4.483559E+00 8.859761E+00 
1.387077E-01 2.828578E-02 3.766855E-01 1.673317E-01 -1.256692E+00 5.218683E-01 -1.558397E-01 8.256047E-01 3.094308E-02 1.960562E-02 5.440558E+00 1.289952E+01 
1.491679E-01 9.868327E-03 3.267081E-01 1.699997E-01 -1.252087E+00 5.727709E-01 -9.479911E-02 1.006586E+00 2.785544E-02 1.949711E-03 4.116582E+00 8.795691E+00 
1.554681E-01 5.457045E-03 3.735472E-01 1.724311E-01 -1.363697E+00 5.867824E-01 -1.086330E-01 8.095521E-01 3.053029E-02 2.177977E-03 3.830672E+00 1.044402E+01 
1.567852E-01 4.536570E-03 3.296525E-01 1.775898E-01 -1.729211E+00 5.540714E-01 -6.659868E-02 9.201598E-01 2.957937E-02 6.636369E-04 4.281512E+00 9.590786E+00 
1.772422E-01 1.712650E-02 3.529510E-01 1.716137E-01 -1.510270E+00 5.843256E-01 -1.715328E-01 8.967396E-01 2.768273E-02 2.579786E-04 4.988998E+00 1.055926E+01 
1.746204E-01 6.911236E-03 3.508805E-01 1.763030E-01 -1.492746E+00 5.574291E-01 -1.082512E-01 9.633261E-01 2.955096E-02 2.879743E-03 4.281131E+00 9.575411E+00 
1.332709E-01 9.037609E-03 3.422191E-01 1.636266E-01 -1.437733E+00 5.281433E-01 -4.896615E-02 8.919022E-01 2.998952E-02 2.859390E-03 3.112678E+00 7.367760E+00 
1.472588E-01 1.011444E-02 3.567803E-01 1.732132E-01 -1.381780E+00 5.607555E-01 -8.067670E-02 8.757767E-01 2.905611E-02 1.476580E-03 4.055111E+00 8.788978E+00 
1.913243E-01 4.170020E-03 3.727812E-01 1.697364E-01 -1.454069E+00 5.823019E-01 -1.313300E-01 9.144190E-01 2.960196E-02 1.813034E-03 4.169170E+00 7.416333E+00 
1.624383E-01 1.089605E-02 3.752362E-01 1.731755E-01 -1.443231E+00 5.793947E-01 -1.250561E-01 9.757023E-01 2.519937E-02 2.740142E-03 4.377545E+00 8.692042E+00 
1.714932E-01 3.521494E-03 3.408630E-01 1.728400E-01 -1.572919E+00 5.741551E-01 -1.505161E-01 8.425301E-01 3.058397E-02 3.149171E-03 4.077755E+00 1.029361E+01 
1.557281E-01 1.318531E-02 3.622558E-01 1.781189E-01 -1.567054E+00 5.782981E-01 -6.146651E-02 9.309413E-01 3.322600E-02 2.754592E-03 4.127596E+00 8.525320E+00 
1.616530E-01 1.359501E-02 3.251269E-01 1.731835E-01 -1.430389E+00 5.955600E-01 -1.368100E-01 8.775790E-01 2.184669E-02 1.354053E-03 3.629726E+00 9.150410E+00 
1.494077E-01 8.399103E-03 3.570008E-01 1.673239E-01 -1.313784E+00 5.976928E-01 -1.186921E-01 8.681465E-01 2.828321E-02 1.794035E-03 4.240207E+00 9.669649E+00 
1.651283E-01 9.824550E-03 3.703861E-01 1.744058E-01 -1.379319E+00 5.865553E-01 -1.390866E-01 8.562047E-01 2.720610E-02 2.193281E-03 4.360737E+00 9.752218E+00 
1.594967E-01 1.319953E-02 3.651333E-01 1.722270E-01 -1.375238E+00 5.886388E-01 -9.051437E-02 9.126066E-01 3.241262E-02 3.408709E-04 3.977882E+00 7.913686E+00 
1.614623E-01 8.390430E-03 3.486050E-01 1.758117E-01 -1.526988E+00 5.958215E-01 -1.494314E-01 9.690712E-01 2.900330E-02 2.879779E-03 4.213871E+00 9.215868E+00 
1.544083E-01 7.290097E-03 3.361690E-01 1.700327E-01 -1.473580E+00 5.209666E-01 -1.128976E-01 1.026811E+00 2.945171E-02 1.810725E-03 5.268027E+00 9.336377E+00 
1.610148E-01 3.117667E-03 3.529672E-01 1.648456E-01 -1.351870E+00 6.000000E-01 -9.894021E-02 9.243150E-01 2.912610E-02 1.874667E-03 4.282937E+00 8.088464E+00 
1.647829E-01 9.551528E-03 3.369313E-01 1.691017E-01 -1.451472E+00 5.694931E-01 -7.422214E-02 9.120431E-01 2.744419E-02 2.979115E-03 4.101651E+00 9.090196E+00 
1.464544E-01 2.761735E-03 3.710700E-01 1.738374E-01 -1.446231E+00 5.957020E-01 -8.311637E-02 9.324636E-01 2.882813E-02 1.857672E-03 3.818042E+00 1.010114E+01 
1.356244E-01 5.179080E-02 2.841083E-01 1.345607E-01 -1.430784E+00 5.426398E-01 -7.153426E-02 8.481067E-01 2.487550E-02 2.567582E-03 4.460015E+00 9.371355E+00 
1.539786E-01 1.340438E-02 3.641259E-01 1.683023E-01 -1.455405E+00 5.670578E-01 -1.020297E-01 9.540430E-01 3.012953E-02 5.156398E-03 4.328312E+00 9.417796E+00 
1.626964E-01 5.081678E-03 3.556219E-01 1.701412E-01 -1.434244E+00 5.821483E-01 -1.167307E-01 9.446133E-01 3.005562E-02 3.408988E-03 4.154188E+00 8.534708E+00 
1.639033E-01 1.054190E-02 3.658997E-01 1.760913E-01 -1.402143E+00 5.778817E-01 -1.363916E-01 9.385386E-01 2.811580E-02 3.649932E-03 4.338305E+00 8.176172E+00 
1.730395E-01 3.338817E-02 3.826668E-01 1.674613E-01 -1.425593E+00 4.561230E-01 -1.678024E-01 4.260476E-01 2.870687E-02 4.073299E-03 4.300208E+00 9.588869E+00 
1.700329E-01 1.051743E-02 3.459578E-01 1.702264E-01 -1.524274E+00 5.777191E-01 -1.409902E-01 9.606875E-01 2.937940E-02 4.220805E-03 4.331758E+00 7.686662E+00 
1.385852E-01 9.118992E-03 3.522428E-01 1.722356E-01 -1.404402E+00 5.419073E-01 -8.692377E-02 7.426333E-01 2.950035E-02 3.751965E-03 4.121302E+00 8.334414E+00 
1.566677E-01 7.194135E-03 3.724614E-01 1.668306E-01 -1.349790E+00 5.708863E-01 -1.062345E-01 8.794301E-01 2.974122E-02 1.478563E-03 5.376740E+00 1.032370E+01 
1.953047E-01 1.599567E-02 3.558766E-01 1.676952E-01 -1.437297E+00 5.835879E-01 -9.441742E-02 9.128915E-01 2.955881E-02 2.795829E-03 2.990545E+00 9.072832E+00 
1.466882E-01 1.173764E-02 3.602957E-01 1.702547E-01 -1.529431E+00 5.381452E-01 -8.744349E-02 1.083982E+00 2.827055E-02 3.296798E-03 4.952070E+00 8.388007E+00 
1.564325E-01 3.923519E-03 3.515711E-01 1.748901E-01 -1.422504E+00 5.808595E-01 -1.098080E-01 9.144046E-01 2.542644E-02 0.000000E+00 4.662094E+00 8.834586E+00 
4.781226E-02 4.272898E-02 3.175001E-01 1.483477E-01 -1.356190E+00 4.477868E-01 -7.163106E-02 6.640001E-01 3.113395E-02 5.831563E-03 3.229745E+00 1.052314E+01 
1.150692E-01 2.229190E-02 3.357196E-01 1.665036E-01 -1.406436E+00 4.866233E-01 -5.304043E-02 1.048045E+00 2.974904E-02 6.520429E-03 3.839656E+00 1.069015E+01 
1.733512E-01 7.009806E-03 3.678364E-01 1.725417E-01 -1.295873E+00 5.617816E-01 -3.899197E-02 8.957684E-01 2.894607E-02 2.066321E-03 4.387122E+00 7.508863E+00 
1.495176E-01 6.081406E-03 3.433471E-01 1.723927E-01 -1.521433E+00 5.704345E-01 -4.857101E-02 9.610286E-01 2.808827E-02 1.229703E-03 4.253214E+00 9.253996E+00 
1.764710E-01 4.652525E-03 3.630693E-01 1.700028E-01 -1.452049E+00 5.717766E-01 -1.330809E-01 1.046276E+00 2.852515E-02 1.958561E-03 4.362762E+00 8.347280E+00 
1.351385E-01 1.000000E-04 3.585144E-01 1.666488E-01 -1.289309E+00 5.600250E-01 -1.046148E-01 9.720922E-01 2.787297E-02 1.670858E-03 3.874578E+00 8.925655E+00 
1.090735E-01 1.052494E-02 3.388281E-01 1.432350E-01 -1.078919E+00 5.743517E-01 -1.883565E-01 1.014474E+00 3.038431E-02 1.533750E-03 4.391097E+00 8.315994E+00 
1.667659E-01 5.315752E-03 3.617252E-01 1.680961E-01 -1.309331E+00 5.918306E-01 -9.008633E-02 1.010377E+00 2.919089E-02 1.256393E-03 4.519177E+00 8.718743E+00 
1.710532E-01 6.641937E-03 3.731255E-01 1.687736E-01 -1.333857E+00 5.424920E-01 -1.111638E-01 9.301689E-01 2.934711E-02 3.401303E-03 4.678784E+00 7.607373E+00 
1.578644E-01 7.786642E-03 3.645853E-01 1.727975E-01 -1.586115E+00 5.980754E-01 -7.444774E-02 7.906516E-01 2.484210E-02 8.252487E-04 4.093715E+00 1.020872E+01 
1.643151E-01 2.100583E-02 3.379531E-01 1.751462E-01 -1.392782E+00 4.277688E-01 -4.490266E-02 9.865166E-01 3.022914E-02 1.071798E-03 4.345497E+00 8.086644E+00 
1.534289E-01 8.717509E-03 3.563728E-01 1.700480E-01 -1.446515E+00 5.102925E-01 -8.946486E-02 9.121985E-01 2.728894E-02 2.149862E-03 4.331182E+00 8.907773E+00 
1.068120E-01 9.118108E-03 3.522154E-01 1.740032E-01 -1.465670E+00 5.113649E-01 -6.468084E-02 9.346934E-01 2.904985E-02 5.766007E-03 4.244534E+00 7.483264E+00 
1.698754E-01 7.409786E-03 3.503082E-01 1.766735E-01 -1.401361E+00 5.679974E-01 -9.706476E-02 9.183460E-01 2.915356E-02 3.630175E-03 3.764213E+00 9.037901E+00 
1.403980E-01 2.817013E-02 3.535464E-01 1.373056E-01 -1.368488E+00 4.127259E-01 -5.741226E-02 9.698271E-01 2.918208E-02 4.849537E-03 4.458562E+00 1.042512E+01 
1.598851E-01 1.336350E-02 3.512914E-01 1.584166E-01 -1.441456E+00 5.695706E-01 -1.025570E-01 1.161643E+00 2.725938E-02 5.845068E-03 4.091944E+00 9.666060E+00 
1.404306E-01 4.272414E-03 3.546104E-01 1.712944E-01 -1.510120E+00 5.791487E-01 -1.027753E-01 9.069838E-01 2.800608E-02 1.672651E-03 3.885401E+00 1.056235E+01 
1.612553E-01 6.353119E-03 3.642877E-01 1.801894E-01 -1.394686E+00 5.763311E-01 -1.201851E-01 8.413615E-01 3.194421E-02 2.534342E-03 5.287688E+00 8.843329E+00 
1.589853E-01 8.717338E-03 3.496768E-01 1.751813E-01 -1.650890E+00 5.448407E-01 -6.205760E-02 1.032226E+00 2.737107E-02 2.309997E-03 4.415650E+00 1.000794E+01 
1.464988E-01 2.270132E-02 3.347583E-01 1.617286E-01 -1.249311E+00 6.000000E-01 -1.746852E-01 8.747482E-01 2.965231E-02 7.714403E-03 4.120163E+00 1.117604E+01 
1.981539E-01 1.962361E-02 3.680011E-01 1.701754E-01 -1.584507E+00 5.620005E-01 -1.409499E-01 8.622704E-01 3.030798E-02 7.091074E-03 5.304648E+00 8.180827E+00 
1.501320E-01 9.590829E-03 3.726493E-01 1.726120E-01 -1.445458E+00 6.000000E-01 -6.567382E-02 8.691031E-01 2.876588E-02 7.943856E-03 4.233256E+00 9.264349E+00 
1.581269E-01 9.538152E-03 3.583453E-01 1.719074E-01 -1.464949E+00 6.000000E-01 -1.677229E-01 1.111326E+00 2.798641E-02 2.823093E-03 4.446826E+00 9.503358E+00 
1.481675E-01 5.118198E-03 3.551277E-01 1.656057E-01 -1.533206E+00 5.714750E-01 -1.037074E-01 9.373860E-01 2.598216E-02 9.679466E-04 4.321001E+00 9.246430E+00 
1.159466E-01 4.948827E-04 3.519320E-01 1.666266E-01 -1.517483E+00 5.638522E-01 -1.033701E-02 9.660072E-01 2.890743E-02 3.767786E-03 3.827901E+00 9.333991E+00 
1.419753E-01 1.000000E-04 3.396643E-01 1.697795E-01 -1.510395E+00 3.910118E-01 -4.036453E-02 9.620444E-01 2.984280E-02 0.000000E+00 4.874663E+00 8.925436E+00 
1.574431E-01 3.263737E-03 3.427465E-01 1.649701E-01 -1.524536E+00 5.538588E-01 -9.444036E-02 8.639722E-01 2.638766E-02 5.985407E-03 3.935200E+00 1.081410E+01 
1.614597E-01 5.087891E-03 3.698224E-01 1.786007E-01 -1.355908E+00 5.298799E-01 -1.493906E-01 9.305166E-01 2.782836E-02 3.541456E-03 4.021202E+00 8.772362E+00 
1.383136E-01 9.968801E-03 3.750493E-01 1.669009E-01 -1.399308E+00 4.903813E-01 -1.380143E-01 8.169454E-01 2.883670E-02 4.630042E-03 4.465606E+00 9.816886E+00 
1.609539E-01 5.655230E-03 3.564954E-01 1.655615E-01 -1.595154E+00 5.794773E-01 -1.030919E-01 9.651444E-01 2.918570E-02 2.391495E-03 4.398983E+00 1.146758E+01 
1.646775E-01 1.406233E-02 3.469264E-01 1.743047E-01 -1.527187E+00 5.733336E-01 -5.798845E-02 8.852939E-01 2.555631E-02 2.255836E-03 4.248950E+00 8.952908E+00 
1.680347E-01 8.446504E-03 3.617644E-01 1.772693E-01 -1.370915E+00 5.727835E-01 -8.230205E-02 1.008909E+00 2.789012E-02 2.881239E-03 4.207029E+00 9.983420E+00 
1.540500E-01 6.219827E-03 3.698665E-01 1.663005E-01 -1.402184E+00 5.820844E-01 -8.799882E-02 9.274578E-01 2.906412E-02 3.904248E-03 4.124219E+00 1.050571E+01 
1.456030E-01 7.021098E-03 3.215757E-01 1.714802E-01 -1.425633E+00 5.698320E-01 -1.772114E-01 9.903885E-01 2.957546E-02 3.934378E-03 4.377605E+00 1.080090E+01 
1.656262E-01 1.034275E-02 3.941795E-01 1.685513E-01 -1.349756E+00 4.593307E-01 -1.383314E-01 7.372381E-01 2.980022E-02 6.182139E-03 4.185054E+00 1.048021E+01 
1.615331E-01 3.600337E-03 3.373693E-01 1.693412E-01 -1.444938E+00 5.823045E-01 -1.178804E-01 9.028168E-01 2.685057E-02 4.642005E-04 4.445058E+00 1.040701E+01 
1.479814E-01 8.528798E-03 3.626322E-01 1.604479E-01 -1.135307E+00 3.664923E-01 -1.259645E-01 8.743939E-01 2.735921E-02 1.330330E-03 4.442629E+00 1.029600E+01 
4.247968E-02 7.841144E-02 3.314273E-01 1.489482E-01 -1.217690E+00 4.278983E-01 -7.879098E-02 1.029214E+00 3.081875E-02 1.071102E-02 3.895868E+00 9.181738E+00 
1.747322E-01 1.000000E-04 3.437306E-01 1.725665E-01 -1.434732E+00 6.000000E-01 -2.862151E-02 9.033184E-01 2.859304E-02 0.000000E+00 4.092852E+00 8.457387E+00 
1.292774E-01 4.111406E-03 3.538460E-01 1.749783E-01 -1.481377E+00 5.929336E-01 -1.160503E-01 9.217131E-01 2.999836E-02 1.317743E-03 3.452736E+00 8.990077E+00 
1.209238E-02 3.557770E-02 3.227730E-01 1.334259E-01 -8.423461E-01 4.788978E-01 -1.207880E-01 8.510732E-01 3.275280E-02 2.701214E-03 3.722571E+00 6.152564E+00 
1.554244E-01 7.846479E-03 3.566240E-01 1.715435E-01 -1.374526E+00 5.895656E-01 -6.453749E-02 9.509002E-01 2.893531E-02 1.704141E-03 3.462879E+00 9.364625E+00 
1.659625E-01 5.883300E-02 3.438374E-01 1.667171E-01 -1.353942E+00 5.890898E-01 -1.119609E-01 9.436260E-01 2.863700E-02 5.000514E-03 5.003408E+00 8.827247E+00 
1.551956E-01 1.074841E-02 3.572536E-01 1.736377E-01 -1.608588E+00 6.000000E-01 -1.237370E-01 8.463221E-01 2.798093E-02 1.973881E-03 3.592785E+00 5.975302E+00 
1.696529E-01 9.675251E-03 3.556238E-01 1.787134E-01 -1.587354E+00 5.738680E-01 -1.115484E-01 1.077359E+00 3.109048E-02 2.284704E-03 4.417560E+00 9.540312E+00 
1.645352E-01 5.149368E-03 3.693471E-01 1.758099E-01 -1.458286E+00 5.764587E-01 -1.076532E-01 9.573704E-01 2.558206E-02 9.735152E-04 3.901046E+00 9.449423E+00 
1.483413E-01 6.398215E-03 3.620946E-01 1.855565E-01 -1.652223E+00 5.466366E-01 -1.122544E-01 8.860710E-01 2.935117E-02 9.433663E-04 4.333623E+00 9.465231E+00 
1.621831E-01 5.785397E-03 3.516513E-01 1.750914E-01 -1.482318E+00 5.875620E-01 -6.225910E-02 9.218350E-01 2.882855E-02 3.167903E-03 3.729430E+00 1.008180E+01 
1.628624E-01 5.315060E-03 3.546086E-01 1.680056E-01 -1.579743E+00 5.861836E-01 -1.593621E-01 8.573210E-01 2.986253E-02 1.101635E-03 4.225988E+00 8.163818E+00 
1.599206E-01 1.468546E-02 3.726949E-01 1.774404E-01 -1.550300E+00 5.779775E-01 -1.068468E-01 9.377928E-01 2.364452E-02 2.229314E-03 3.806773E+00 9.016894E+00 
1.733667E-01 2.339513E-02 3.591201E-01 1.461192E-01 -1.300043E+00 5.305293E-01 -1.001147E-01 1.081839E+00 2.283877E-02 2.621042E-03 4.826085E+00 1.032898E+01 
9.412786E-02 6.662601E-03 3.338352E-01 1.676713E-01 -1.538458E+00 5.908390E-01 -6.692779E-02 9.740853E-01 2.929965E-02 3.716771E-03 4.079728E+00 1.237205E+01 
1.694974E-01 2.382687E-02 3.471441E-01 1.583174E-01 -1.348305E+00 5.876903E-01 -1.452238E-01 9.653781E-01 2.986353E-02 5.134523E-03 4.002632E+00 1.036032E+01 
1.603244E-01 7.818637E-03 3.522896E-01 1.705639E-01 -1.462447E+00 5.773587E-01 -1.174394E-01 9.287155E-01 2.858328E-02 2.624962E-03 4.620251E+00 9.318135E+00 
1.629348E-01 6.826365E-03 3.476351E-01 1.683216E-01 -1.444430E+00 5.953820E-01 -1.570488E-01 9.186383E-01 2.700024E-02 1.822711E-03 3.965301E+00 9.628846E+00 
1.663492E-01 4.199685E-03 3.543141E-01 1.712786E-01 -1.474048E+00 6.000000E-01 -9.210821E-02 9.568825E-01 2.907986E-02 3.490902E-03 4.587529E+00 8.739590E+00 
1.555689E-01 9.304422E-03 3.783554E-01 1.698374E-01 -1.390570E+00 5.956194E-01 -1.066913E-01 9.302757E-01 2.978333E-02 1.920515E-03 4.468872E+00 9.559874E+00 
1.488015E-01 4.395140E-02 3.323813E-01 1.728552E-01 -1.398410E+00 5.224106E-01 -5.984312E-02 9.439658E-01 2.767732E-02 5.580387E-03 4.304384E+00 1.072431E+01 
1.508354E-01 9.944714E-03 3.392131E-01 1.762511E-01 -1.666813E+00 5.785208E-01 -1.130249E-01 9.446193E-01 2.960565E-02 1.679791E-03 4.161559E+00 7.952344E+00 
9.832917E-02 5.242130E-02 3.590381E-01 1.540773E-01 -1.113562E+00 3.888124E-01 -6.187773E-02 1.093463E+00 2.700411E-02 2.450642E-02 3.758580E+00 7.711427E+00 
1.293320E-01 3.038963E-02 3.212052E-01 1.371395E-01 -1.480542E+00 5.115458E-01 -1.015887E-02 1.014808E+00 3.204837E-02 5.643112E-04 2.938351E+00 1.355128E+01 
1.584348E-01 1.328882E-02 3.632784E-01 1.722408E-01 -1.504697E+00 5.577159E-01 -9.212703E-02 9.214764E-01 2.681400E-02 3.777378E-03 5.482040E+00 9.223287E+00 
1.647482E-01 1.394284E-02 3.552690E-01 1.701530E-01 -1.184268E+00 5.980547E-01 -7.711695E-02 7.971637E-01 3.376713E-02 2.164478E-03 4.478666E+00 1.003442E+01 
3.169538E-03 4.134231E-02 3.469176E-01 1.384585E-01 -1.281790E+00 5.668387E-01 -9.592514E-02 9.217145E-01 2.675725E-02 1.995501E-03 3.720003E+00 9.872367E+00 
1.740912E-01 9.178513E-03 3.452833E-01 1.686438E-01 -1.406267E+00 5.938710E-01 -1.191135E-01 8.768266E-01 2.845327E-02 2.898540E-03 4.421795E+00 9.012083E+00 
1.678706E-01 1.201526E-02 3.585213E-01 1.710061E-01 -1.368600E+00 4.519292E-01 -1.000000E-02 3.361595E-01 2.903425E-02 4.521830E-03 4.382761E+00 1.141553E+01 
1.506640E-01 4.313751E-02 3.611093E-01 1.630392E-01 -1.392618E+00 5.098411E-01 -9.572729E-02 1.011070E+00 3.003662E-02 1.463066E-03 4.600008E+00 7.794519E+00 
1.324881E-01 4.297142E-02 3.377453E-01 1.739437E-01 -1.559980E+00 5.562427E-01 -6.554560E-02 9.770028E-01 2.741980E-02 3.438973E-03 4.220994E+00 7.408003E+00 
4.871974E-02 2.179490E-02 3.255391E-01 1.380943E-01 -1.299868E+00 4.070620E-01 -9.063183E-02 9.210875E-01 2.966049E-02 7.834906E-03 2.300323E+00 9.150769E+00 
1.551432E-01 9.533793E-03 3.778732E-01 1.797917E-01 -1.395876E+00 5.873933E-01 -1.440869E-01 8.338398E-01 3.011139E-02 2.800655E-03 4.307605E+00 6.717548E+00 
1.505955E-01 7.482268E-03 3.672531E-01 1.677297E-01 -1.427580E+00 5.463191E-01 -4.015663E-02 9.412028E-01 2.832248E-02 1.008167E-03 4.556520E+00 9.092809E+00 
1.661675E-01 6.874297E-03 3.438772E-01 1.776494E-01 -1.657287E+00 5.861853E-01 -9.400015E-02 1.033748E+00 2.901951E-02 4.467895E-03 4.280339E+00 9.527174E+00 
1.511578E-01 1.208596E-02 3.541417E-01 1.699444E-01 -1.646662E+00 5.229918E-01 -1.105738E-01 8.743839E-01 2.823799E-02 8.646588E-04 4.495388E+00 1.057142E+01 
1.460605E-01 6.255747E-03 3.724032E-01 1.688224E-01 -1.266650E+00 5.595371E-01 -1.447228E-01 9.484775E-01 3.474643E-02 3.595270E-03 4.231252E+00 6.535763E+00 
1.717519E-01 5.578142E-03 3.342020E-01 1.750262E-01 -1.622368E+00 5.682989E-01 -9.801227E-02 9.097438E-01 3.045995E-02 6.492889E-04 4.885335E+00 8.356880E+00 
1.438750E-01 7.918858E-03 3.326596E-01 1.662357E-01 -1.296950E+00 5.804945E-01 -9.106294E-02 9.314309E-01 2.823916E-02 2.184336E-03 4.139932E+00 8.791751E+00 
1.306208E-01 7.654415E-02 3.649746E-01 1.661368E-01 -1.216820E+00 5.262955E-01 -1.037682E-01 9.431003E-01 2.744395E-02 6.736460E-03 5.041322E+00 1.210001E+01 
1.587697E-01 6.349252E-03 3.411584E-01 1.745305E-01 -1.403080E+00 5.914526E-01 -1.418121E-01 9.659051E-01 2.691789E-02 4.705902E-03 4.397260E+00 7.691912E+00 
8.333210E-02 1.232818E-02 3.541711E-01 1.621415E-01 -1.460127E+00 4.916973E-01 -1.722635E-01 9.217761E-01 3.216591E-02 1.009182E-03 4.700092E+00 8.307195E+00 
1.460216E-01 8.109282E-03 3.734824E-01 1.738619E-01 -1.386787E+00 6.000000E-01 -9.961191E-02 9.896360E-01 2.855613E-02 4.469352E-03 4.787280E+00 8.149549E+00 
1.681212E-01 7.609535E-03 3.506919E-01 1.669839E-01 -1.395051E+00 5.781438E-01 -8.526572E-02 8.489670E-01 3.050554E-02 3.735773E-03 4.349149E+00 1.053317E+01 
1.540587E-01 9.936655E-03 3.358663E-01 1.656673E-01 -1.495017E+00 4.997049E-01 -1.000000E-02 9.578773E-01 3.052897E-02 8.322379E-03 4.385825E+00 8.339702E+00 
1.587354E-01 7.247327E-03 3.499295E-01 1.747888E-01 -1.446366E+00 5.807536E-01 -1.053007E-01 1.018419E+00 2.725158E-02 1.767552E-03 4.707524E+00 9.561992E+00 
1.625789E-01 1.330985E-02 3.279442E-01 1.729570E-01 -1.653962E+00 5.584864E-01 -1.683864E-01 8.729256E-01 2.851132E-02 1.300092E-03 4.395093E+00 8.289567E+00 
1.817352E-01 1.560949E-04 3.841546E-01 1.688852E-01 -1.239470E+00 5.805177E-01 -1.326319E-01 9.831452E-01 3.070511E-02 3.773504E-03 4.640759E+00 1.138502E+01 
1.114438E-01 1.963766E-02 3.079973E-01 1.418143E-01 -1.381325E+00 4.715573E-01 -7.233869E-02 9.446826E-01 3.128397E-02 4.147706E-03 3.422902E+00 1.179248E+01 
1.863555E-01 8.172951E-03 3.574538E-01 1.747645E-01 -1.449094E+00 5.803938E-01 -1.034365E-01 9.514750E-01 2.900232E-02 1.400478E-03 4.739211E+00 9.703562E+00 
1.592441E-01 8.474563E-03 3.632484E-01 1.647709E-01 -1.375956E+00 5.731788E-01 -6.100114E-02 1.080335E+00 2.737534E-02 3.633958E-03 4.090153E+00 9.984782E+00 
1.464275E-01 1.128766E-02 3.579422E-01 1.633579E-01 -1.251578E+00 6.000000E-01 -7.779998E-02 9.118874E-01 2.792596E-02 1.572827E-03 4.190377E+00 1.068392E+01 
1.664957E-01 1.235238E-02 3.590579E-01 1.717026E-01 -1.383339E+00 5.879448E-01 -1.414216E-01 9.347212E-01 2.890842E-02 4.230554E-03 4.229236E+00 9.290127E+00 
1.629236E-01 6.956032E-03 3.401252E-01 1.671023E-01 -1.545968E+00 5.754867E-01 -1.934657E-01 8.932030E-01 2.696109E-02 1.681530E-03 4.327303E+00 1.129346E+01 
1.584696E-01 4.900017E-03 3.353867E-01 1.741180E-01 -1.403747E+00 5.888255E-01 -1.265383E-01 8.326065E-01 2.941225E-02 8.491690E-04 4.422203E+00 9.487287E+00 
1.495048E-01 7.610833E-03 3.637209E-01 1.696038E-01 -1.349231E+00 5.952747E-01 -1.106230E-01 9.615509E-01 3.003138E-02 1.922173E-03 4.043153E+00 9.289285E+00 
1.464811E-01 9.269527E-03 3.678786E-01 1.651582E-01 -1.367065E+00 5.796279E-01 -1.185384E-01 9.236371E-01 2.947353E-02 1.655185E-03 4.578964E+00 1.008310E+01 
1.406358E-01 8.258177E-03 3.399711E-01 1.590702E-01 -1.401626E+00 3.613743E-01 -6.087700E-02 9.754491E-01 2.306393E-02 6.214491E-03 4.545247E+00 8.138189E+00 
1.499489E-01 4.603723E-03 3.473856E-01 1.653433E-01 -1.337754E+00 5.852903E-01 -1.387580E-01 8.980711E-01 2.537209E-02 2.349486E-03 4.365920E+00 8.612852E+00 
1.601255E-01 5.861692E-03 3.562405E-01 1.730033E-01 -1.435229E+00 5.906111E-01 -1.415203E-01 9.565350E-01 2.560973E-02 3.115750E-03 4.100829E+00 9.538335E+00 
1.586055E-01 4.731328E-03 3.418294E-01 1.724114E-01 -1.520399E+00 5.811652E-01 -8.567749E-02 9.251905E-01 3.035996E-02 2.614271E-03 4.371301E+00 9.055393E+00 
1.437561E-01 8.131423E-03 3.480836E-01 1.748931E-01 -1.525594E+00 5.274613E-01 -9.503037E-02 8.416626E-01 3.015876E-02 3.896452E-03 3.374715E+00 9.020890E+00 
1.690156E-01 7.293935E-03 3.615185E-01 1.719193E-01 -1.415259E+00 5.948659E-01 -1.813000E-01 1.006956E+00 2.859819E-02 3.117097E-03 4.248639E+00 1.001026E+01 
1.670038E-01 5.898534E-03 3.547216E-01 1.720666E-01 -1.530005E+00 5.790672E-01 -1.153426E-01 9.420203E-01 2.940497E-02 3.734547E-03 3.761351E+00 9.332528E+00 
1.624156E-01 1.216797E-02 3.447758E-01 1.745801E-01 -1.511932E+00 5.837577E-01 -1.496061E-01 1.048604E+00 3.026474E-02 2.542013E-03 5.606303E+00 8.511182E+00 
1.581081E-01 8.595617E-03 3.657221E-01 1.717960E-01 -1.467716E+00 5.884848E-01 -1.553091E-01 1.115092E+00 2.942288E-02 1.082775E-03 4.211957E+00 8.163152E+00 
1.899275E-01 2.092159E-02 3.530966E-01 1.701012E-01 -1.602208E+00 5.155950E-01 -1.782664E-01 9.822276E-01 2.839074E-02 2.072727E-03 4.438631E+00 9.522059E+00 
1.543216E-01 1.042315E-02 3.748316E-01 1.724420E-01 -1.495304E+00 5.697794E-01 -6.838807E-02 8.838342E-01 2.838918E-02 2.699652E-03 4.347706E+00 1.048332E+01 
1.512172E-01 8.962125E-03 3.670410E-01 1.764362E-01 -1.574098E+00 5.891706E-01 -1.509905E-01 9.302694E-01 2.939936E-02 9.801376E-04 3.954570E+00 8.187436E+00 
8.603390E-02 8.725998E-03 3.730019E-01 1.696654E-01 -1.354930E+00 5.107718E-01 -1.963781E-01 1.051414E+00 2.910549E-02 5.202992E-03 5.362769E+00 1.106676E+01 
1.696876E-01 7.729846E-03 3.671179E-01 1.714874E-01 -1.482156E+00 5.772404E-01 -3.997614E-02 9.084163E-01 3.014475E-02 3.131832E-03 4.194832E+00 7.776023E+00 
1.458473E-01 2.316591E-02 3.513803E-01 1.702354E-01 -1.396227E+00 5.933749E-01 -1.254179E-01 9.236724E-01 2.852783E-02 6.809576E-03 4.307923E+00 3.600875E+00 
1.631856E-01 6.558173E-03 3.488420E-01 1.710567E-01 -1.317523E+00 5.744023E-01 -1.155495E-01 9.340279E-01 2.636830E-02 5.632440E-03 3.824767E+00 9.574998E+00 
1.815017E-01 1.739164E-02 3.594700E-01 1.542851E-01 -1.322751E+00 5.653350E-01 -1.336641E-01 9.950411E-01 2.747133E-02 0.000000E+00 3.945379E+00 9.931760E+00 
1.690120E-01 7.488731E-03 3.688058E-01 1.737617E-01 -1.477932E+00 5.723658E-01 -1.551819E-01 8.858792E-01 2.835828E-02 2.076967E-03 4.273240E+00 8.995243E+00 
1.522937E-01 7.467734E-03 3.559940E-01 1.693658E-01 -1.358552E+00 5.904126E-01 -1.722943E-01 9.204482E-01 2.674955E-02 1.568428E-03 4.110510E+00 9.752955E+00 
1.587050E-01 3.218721E-03 3.581937E-01 1.725684E-01 -1.450103E+00 5.718172E-01 -9.077838E-02 9.497993E-01 3.122002E-02 3.602115E-03 3.934808E+00 9.451499E+00 
1.567839E-01 6.597357E-03 3.790343E-01 1.709967E-01 -1.369389E+00 5.678194E-01 -1.214004E-01 9.325756E-01 2.883107E-02 1.658240E-03 4.381652E+00 7.171964E+00 
1.361027E-01 2.532519E-02 3.599940E-01 1.679972E-01 -1.342227E+00 5.046182E-01 -7.956181E-02 9.500152E-01 3.190600E-02 2.407323E-03 3.849814E+00 9.524835E+00 
1.708746E-01 1.026905E-02 3.483028E-01 1.758608E-01 -1.252635E+00 5.942494E-01 -9.990224E-02 9.734702E-01 2.415987E-02 2.108625E-03 3.766366E+00 9.104124E+00 
1.519712E-01 7.513896E-03 3.338785E-01 1.659226E-01 -1.426783E+00 5.811972E-01 -1.067290E-01 8.568069E-01 2.658292E-02 3.332204E-03 3.980199E+00 9.132590E+00 
1.453741E-01 4.532242E-03 3.390962E-01 1.831377E-01 -1.302388E+00 5.604179E-01 -1.813705E-01 8.897591E-01 2.813266E-02 4.224974E-03 4.462456E+00 8.772194E+00 
3.173861E-02 3.588535E-02 3.238774E-01 1.706651E-01 -1.259106E+00 5.422691E-01 -3.798680E-02 9.476449E-01 3.025989E-02 0.000000E+00 3.386169E+00 1.302323E+01 
1.415080E-01 7.186132E-03 3.743903E-01 1.710540E-01 -1.319137E+00 5.869362E-01 -1.049940E-01 9.018384E-01 3.079495E-02 2.363385E-03 4.643730E+00 9.489580E+00 
1.276119E-01 9.731863E-03 3.462557E-01 1.699383E-01 -1.442121E+00 4.808094E-01 -7.892323E-02 9.644289E-01 2.928041E-02 3.599700E-03 4.579968E+00 9.821930E+00 
1.510891E-01 1.301532E-02 3.639520E-01 1.611436E-01 -1.351353E+00 3.679170E-01 -9.638239E-02 9.854764E-01 3.113501E-02 2.523419E-03 4.537636E+00 1.023410E+01 
1.053470E-01 1.371983E-02 3.800198E-01 1.752427E-01 -1.040687E+00 4.459327E-01 -1.207300E-01 9.773360E-01 3.410150E-02 3.671498E-03 4.568115E+00 9.464680E+00 
1.463431E-01 4.013565E-03 3.380444E-01 1.675138E-01 -1.524663E+00 5.427120E-01 -8.670551E-02 8.636904E-01 2.812449E-02 1.697471E-03 3.725967E+00 8.762390E+00 
1.454161E-01 5.249354E-03 3.235346E-01 1.614698E-01 -1.523940E+00 4.633313E-01 -9.022985E-02 8.778890E-01 2.733901E-02 3.653070E-04 4.628010E+00 1.127561E+01 
1.060301E-01 6.167298E-03 3.570295E-01 1.665264E-01 -1.416891E+00 4.807621E-01 -4.753770E-02 9.788979E-01 3.290427E-02 1.739641E-02 3.695846E+00 6.237587E+00 
1.807927E-01 6.326922E-03 3.368652E-01 1.750180E-01 -1.424384E+00 5.712729E-01 -1.294604E-01 8.752307E-01 3.066459E-02 2.043142E-03 3.910570E+00 8.605555E+00 
1.296257E-01 4.533154E-03 3.421506E-01 1.739088E-01 -1.538868E+00 5.789709E-01 -1.052503E-01 9.722984E-01 3.060720E-02 4.599846E-03 3.302107E+00 9.441608E+00 
1.564763E-01 1.712488E-02 3.507371E-01 1.704744E-01 -1.351081E+00 5.638872E-01 -3.503123E-02 8.784694E-01 2.942333E-02 2.963546E-03 4.235712E+00 7.056181E+00 
1.739567E-01 1.420342E-02 3.335513E-01 1.750100E-01 -1.476050E+00 5.933545E-01 -1.716465E-01 9.948908E-01 2.831384E-02 1.641723E-02 4.854854E+00 8.811624E+00 
1.591333E-01 8.418757E-03 3.426601E-01 1.562333E-01 -1.372306E+00 4.942828E-01 -9.482085E-02 9.635541E-01 2.617323E-02 3.247116E-03 4.369634E+00 1.012018E+01 
1.510633E-01 3.506101E-03 3.644978E-01 1.729826E-01 -1.161496E+00 5.209610E-01 -8.672556E-02 9.310821E-01 2.994509E-02 3.201239E-03 4.052041E+00 9.126676E+00 
1.198712E-01 1.098188E-02 3.587789E-01 1.879716E-01 -1.509034E+00 5.995030E-01 -1.166363E-01 8.729965E-01 3.300170E-02 1.919623E-03 4.093415E+00 1.063725E+01 
1.243861E-01 3.574958E-02 3.289786E-01 1.705699E-01 -1.414873E+00 4.723188E-01 -3.192483E-02 9.145932E-01 4.928348E-02 4.972560E-03 5.768886E+00 6.185578E+00 
1.015888E-01 1.310036E-02 3.392070E-01 1.524253E-01 -1.374496E+00 5.704406E-01 -1.217649E-01 8.806284E-01 2.782544E-02 3.891974E-03 3.944449E+00 1.006201E+01 
1.870161E-01 5.444792E-03 3.341676E-01 1.577287E-01 -1.319944E+00 5.595340E-01 -8.989524E-02 9.827506E-01 3.027190E-02 2.565042E-03 2.402574E+00 8.874068E+00 
1.579185E-01 1.967698E-02 3.505017E-01 1.762008E-01 -1.398796E+00 5.446077E-01 -1.127839E-01 9.324133E-01 3.346201E-02 3.299388E-03 4.090367E+00 9.873780E+00 
1.765229E-01 5.195870E-03 3.530277E-01 1.774098E-01 -1.631810E+00 5.508814E-01 -8.059833E-02 1.062631E+00 3.105394E-02 7.808803E-04 4.133818E+00 8.191099E+00 
2.000000E-01 8.766246E-04 3.323648E-01 1.872212E-01 -1.400135E+00 5.486165E-01 -1.022470E-01 9.577842E-01 2.793441E-02 0.000000E+00 5.123969E+00 8.346718E+00 
1.680093E-01 1.146846E-02 3.685896E-01 1.705798E-01 -1.446193E+00 5.885057E-01 -1.989238E-01 1.070484E+00 2.701585E-02 1.591898E-03 4.209967E+00 7.224010E+00 
1.635493E-01 3.347954E-02 3.589817E-01 1.715837E-01 -1.399842E+00 5.678773E-01 -4.217562E-02 1.008951E+00 3.099614E-02 1.922081E-03 4.206845E+00 9.612417E+00 
1.570622E-01 8.525078E-03 3.545875E-01 1.741978E-01 -1.493347E+00 5.973147E-01 -1.503351E-01 1.132159E+00 2.729056E-02 2.939167E-03 4.314094E+00 9.182729E+00 
1.704805E-01 1.311138E-02 3.738472E-01 1.671262E-01 -1.472430E+00 5.770573E-01 -1.172185E-01 9.037663E-01 2.891011E-02 3.930745E-03 5.305534E+00 9.652972E+00 
1.488651E-01 5.072699E-03 3.592500E-01 1.804969E-01 -1.482372E+00 5.787499E-01 -1.206263E-01 9.324413E-01 3.006101E-02 1.934699E-03 3.792775E+00 9.866966E+00 
1.806049E-01 8.613448E-03 3.737694E-01 1.747290E-01 -1.542964E+00 5.916937E-01 -1.761702E-01 8.694789E-01 2.778302E-02 1.654914E-03 4.393621E+00 9.903804E+00 
1.653581E-01 7.556369E-03 3.878893E-01 1.671493E-01 -1.414133E+00 5.728632E-01 -5.781331E-02 1.000488E+00 2.964273E-02 8.061940E-04 4.172411E+00 8.894075E+00 
1.517805E-01 6.877603E-03 3.624184E-01 1.653937E-01 -1.243916E+00 5.981008E-01 -1.223583E-01 1.033478E+00 2.816013E-02 2.272974E-03 4.822073E+00 7.932279E+00 
1.504730E-01 2.921939E-03 3.627532E-01 1.681163E-01 -1.235547E+00 5.831922E-01 -1.277904E-01 9.829580E-01 2.960177E-02 2.767706E-03 4.480538E+00 9.738906E+00 
1.600695E-01 6.184326E-03 3.658113E-01 1.694005E-01 -1.536757E+00 5.881811E-01 -1.760893E-01 9.298667E-01 2.899656E-02 2.785639E-03 4.526665E+00 7.460974E+00 
