1.519534E-01 8.737511E-03 3.424083E-01 1.589881E-01 -1.354936E+00 5.450817E-01 -1.010065E-01 1.032224E+00 2.958468E-02 1.447100E-03 4.349544E+00 9.959815E+00 
1.629350E-01 7.173439E-03 3.688134E-01 1.768736E-01 -1.334167E+00 5.844639E-01 -1.159071E-01 9.164393E-01 2.878496E-02 4.022919E-03 4.525664E+00 8.045137E+00 
1.517073E-01 4.917884E-03 3.576139E-01 1.731390E-01 -1.402918E+00 5.647550E-01 -1.158705E-01 9.517509E-01 2.706326E-02 3.914455E-03 4.461050E+00 7.712537E+00 
1.663543E-01 9.362047E-03 3.567953E-01 1.694590E-01 -1.421885E+00 5.762951E-01 -1.092421E-01 9.118908E-01 2.805142E-02 1.002149E-03 3.760671E+00 1.013698E+01 
1.641170E-01 7.829889E-03 3.528957E-01 1.760105E-01 -1.508191E+00 5.837046E-01 -7.415903E-02 9.688151E-01 2.818120E-02 1.452233E-03 3.901479E+00 9.094678E+00 
1.727827E-01 7.765680E-03 3.532935E-01 1.690461E-01 -1.405087E+00 5.939178E-01 -1.710130E-01 1.016597E+00 2.834945E-02 2.570653E-03 3.727736E+00 1.000222E+01 
1.372183E-01 6.003411E-03 3.717062E-01 1.709844E-01 -1.424549E+00 5.661054E-01 -1.310804E-01 1.046246E+00 3.086189E-02 2.259670E-03 4.459602E+00 8.415035E+00 
7.659112E-02 4.006049E-02 3.349315E-01 1.352901E-01 -1.312889E+00 5.490946E-01 -5.755990E-02 9.545706E-01 3.704763E-02 8.597293E-03 3.301921E+00 1.143288E+01 
1.939358E-01 9.374483E-03 3.691489E-01 1.763045E-01 -1.450775E+00 4.851070E-01 -9.404845E-02 9.883634E-01 2.835184E-02 1.098907E-03 4.155912E+00 8.916554E+00 
1.067647E-01 5.121907E-02 3.633021E-01 1.451611E-01 -9.465909E-01 5.144340E-01 -4.534607E-02 1.023572E+00 3.025371E-02 1.630880E-02 4.305740E+00 6.891065E+00 
2.000000E-01 3.852150E-02 3.625788E-01 1.539440E-01 -1.445039E+00 5.485538E-01 -1.695184E-01 8.878995E-01 2.930972E-02 4.164085E-03 4.592507E+00 9.735518E+00 
1.550533E-01 2.842159E-02 4.138843E-01 1.504958E-01 -1.254838E+00 2.436943E-01 -1.027824E-01 4.505891E-01 2.984645E-02 3.693983E-03 3.955308E+00 1.160032E+01 
1.668329E-01 2.024267E-02 3.780053E-01 1.701518E-01 -1.407320E+00 5.926556E-01 -1.239260E-01 1.092238E+00 3.204028E-02 6.205029E-04 4.593121E+00 8.448766E+00 
1.663149E-01 9.131597E-03 3.467117E-01 1.624309E-01 -1.976664E+00 5.862898E-01 -1.177257E-01 9.312420E-01 2.680205E-02 1.897513E-03 3.900930E+00 9.442098E+00 
1.152215E-01 2.071052E-02 3.602892E-01 1.701449E-01 -1.474190E+00 5.148191E-01 -4.159347E-02 9.664110E-01 2.916849E-02 3.423427E-03 4.768506E+00 9.951720E+00 
1.658927E-01 5.223536E-03 3.589521E-01 1.772048E-01 -1.516040E+00 5.976640E-01 -1.005480E-01 9.355791E-01 2.856897E-02 2.371402E-03 4.216169E+00 8.542400E+00 
1.707532E-01 8.760508E-03 3.705314E-01 1.748941E-01 -1.509302E+00 5.837855E-01 -1.350107E-01 9.734782E-01 2.823977E-02 4.477442E-03 4.894709E+00 9.052774E+00 
6.471787E-02 8.765611E-03 3.411447E-01 1.605557E-01 -1.425690E+00 4.576571E-01 -5.761709E-02 9.325512E-01 2.956913E-02 4.497494E-03 4.261744E+00 8.985267E+00 
1.525368E-01 1.689950E-02 3.717631E-01 1.741526E-01 -1.454716E+00 5.895989E-01 -1.259497E-01 9.435820E-01 2.984334E-02 2.636594E-03 4.927935E+00 1.032502E+01 
1.626473E-01 3.096552E-03 3.551633E-01 1.712830E-01 -1.384520E+00 5.651483E-01 -7.695772E-02 9.732453E-01 3.126326E-02 2.229462E-03 4.316028E+00 1.039735E+01 
1.855516E-01 1.000000E-04 3.589012E-01 1.695648E-01 -1.437025E+00 5.183220E-01 -3.930218E-02 8.837660E-01 3.104251E-02 2.177056E-04 4.197038E+00 8.850783E+00 
1.726330E-01 2.927932E-02 3.390183E-01 1.737725E-01 -1.697416E+00 5.668740E-01 -6.863710E-02 1.034589E+00 3.037627E-02 5.249970E-03 3.886858E+00 9.336603E+00 
1.320779E-01 1.527860E-02 3.532912E-01 1.832426E-01 -1.392174E+00 5.106856E-01 -1.132919E-01 1.012321E+00 2.806104E-02 2.772957E-03 4.683405E+00 8.616069E+00 
1.551678E-01 2.714060E-03 3.442005E-01 1.670854E-01 -1.509475E+00 6.000000E-01 -1.617994E-01 8.342111E-01 3.021711E-02 3.479087E-03 4.358584E+00 8.886748E+00 
1.640305E-01 6.487554E-03 3.286169E-01 1.672177E-01 -1.574540E+00 5.936297E-01 -1.156543E-01 9.317588E-01 3.069609E-02 1.275872E-03 4.145167E+00 8.769990E+00 
1.635731E-01 9.159444E-03 3.755325E-01 1.679507E-01 -1.546053E+00 5.866675E-01 -1.336423E-01 8.429009E-01 2.521687E-02 1.390688E-03 4.140143E+00 1.042365E+01 
1.552138E-01 5.367257E-03 3.608626E-01 1.695257E-01 -1.548586E+00 5.571411E-01 -9.265212E-02 9.183703E-01 2.676187E-02 1.808282E-03 4.671191E+00 1.087348E+01 
1.643770E-01 5.944755E-03 3.632128E-01 1.694210E-01 -1.487052E+00 5.376649E-01 -1.024332E-01 8.980142E-01 2.780231E-02 2.371765E-03 4.107401E+00 1.070051E+01 
1.394789E-01 1.533083E-02 3.593436E-01 1.726828E-01 -1.544464E+00 6.000000E-01 -1.826589E-01 1.108405E+00 2.859162E-02 2.115921E-03 4.907036E+00 9.301441E+00 
1.005046E-01 3.070315E-03 3.681035E-01 1.704196E-01 -1.437388E+00 5.643176E-01 -6.213469E-02 9.181326E-01 3.596689E-02 1.067549E-02 2.848957E+00 8.985041E+00 
1.336661E-01 8.298266E-03 3.507133E-01 1.706808E-01 -1.548004E+00 4.567188E-01 -3.668578E-02 7.982402E-01 3.138259E-02 2.747931E-03 3.426234E+00 1.079939E+01 
1.490044E-01 1.728463E-02 3.596428E-01 1.669828E-01 -1.325657E+00 5.898624E-01 -7.775916E-02 9.486959E-01 3.023909E-02 3.255247E-03 4.062605E+00 7.596120E+00 
1.565496E-01 6.570440E-03 3.438240E-01 1.703349E-01 -1.396675E+00 5.822124E-01 -1.326066E-01 7.357485E-01 2.994372E-02 2.280533E-03 4.278020E+00 9.702595E+00 
1.601674E-01 9.764180E-03 3.836521E-01 1.678330E-01 -1.401151E+00 5.841659E-01 -1.246899E-01 9.938746E-01 2.851254E-02 1.614953E-03 3.851192E+00 9.121752E+00 
1.739294E-01 5.500772E-03 3.560706E-01 1.743212E-01 -1.387340E+00 5.638993E-01 -1.020802E-01 1.036952E+00 2.871154E-02 2.479768E-03 4.442387E+00 9.908824E+00 
1.675015E-01 5.685287E-03 3.479847E-01 1.782915E-01 -1.421052E+00 5.894191E-01 -9.325599E-02 8.956292E-01 3.141995E-02 2.010259E-03 4.364872E+00 1.022629E+01 
1.521387E-01 1.617350E-02 3.349646E-01 1.731016E-01 -1.187315E+00 5.497872E-01 -9.433718E-02 9.997459E-01 2.809367E-02 2.453284E-02 3.780370E+00 7.099253E+00 
1.549207E-01 8.638362E-03 3.679890E-01 1.713452E-01 -1.450660E+00 5.922854E-01 -1.149778E-01 1.064833E+00 2.654293E-02 1.147091E-03 4.188714E+00 8.649159E+00 
1.165402E-01 4.645720E-03 3.566699E-01 1.653943E-01 -1.868686E+00 5.933760E-01 -1.160121E-01 9.658685E-01 2.935620E-02 2.697794E-03 5.048776E+00 9.500767E+00 
1.486584E-01 3.995203E-03 3.628575E-01 1.666442E-01 -1.542214E+00 5.646902E-01 -1.064185E-01 9.230076E-01 2.807094E-02 9.506708E-04 4.414955E+00 9.888084E+00 
1.626611E-01 7.644112E-03 3.443916E-01 1.763317E-01 -1.460768E+00 5.887899E-01 -8.432040E-02 9.448855E-01 3.145717E-02 4.128723E-03 3.808937E+00 9.303548E+00 
1.708721E-01 1.000000E-04 3.638720E-01 1.646942E-01 -1.241552E+00 6.000000E-01 -5.190994E-02 8.107308E-01 2.790105E-02 1.291862E-03 3.775738E+00 1.171338E+01 
1.532656E-01 4.327517E-03 3.526511E-01 1.700147E-01 -1.429950E+00 5.590892E-01 -1.062961E-01 8.937524E-01 2.562716E-02 3.450973E-03 4.183635E+00 9.814238E+00 
1.681679E-01 6.245102E-03 3.629631E-01 1.798488E-01 -1.527665E+00 5.828043E-01 -1.365604E-01 9.172294E-01 3.532161E-02 2.815848E-03 4.173739E+00 8.247299E+00 
9.134240E-02 3.456087E-02 3.437555E-01 1.672080E-01 -1.263927E+00 5.612868E-01 -9.659393E-02 1.004557E+00 3.046544E-02 2.971574E-03 4.344258E+00 9.356851E+00 
2.407893E-02 2.945805E-02 3.513098E-01 1.694959E-01 -1.325660E+00 5.664432E-01 -9.178324E-02 9.078510E-01 3.039226E-02 8.576426E-03 4.460357E+00 8.868948E+00 
1.521580E-01 4.271278E-03 3.475656E-01 1.686016E-01 -1.456512E+00 5.968047E-01 -1.039822E-01 1.012051E+00 2.847276E-02 1.222739E-03 4.058027E+00 9.199684E+00 
1.708998E-01 1.672272E-02 3.617526E-01 1.716756E-01 -1.473929E+00 4.862676E-01 -7.078290E-02 8.530831E-01 2.782319E-02 0.000000E+00 3.803051E+00 8.456461E+00 
1.498947E-01 1.252112E-02 3.547880E-01 1.713669E-01 -1.429897E+00 5.904593E-01 -1.339343E-01 9.729868E-01 2.868137E-02 1.621875E-03 4.759835E+00 9.787296E+00 
1.497610E-01 6.687439E-03 3.633502E-01 1.711848E-01 -1.469884E+00 5.975334E-01 -7.357475E-02 9.266959E-01 2.809294E-02 2.963184E-03 4.982215E+00 9.934132E+00 
1.203617E-01 2.749123E-02 3.445710E-01 1.761310E-01 -1.714787E+00 5.569727E-01 -1.538305E-01 9.651779E-01 3.283315E-02 3.089279E-03 4.527216E+00 8.538001E+00 
1.913944E-01 6.098526E-03 3.265139E-01 1.701256E-01 -1.516656E+00 5.201170E-01 -7.590932E-02 9.521832E-01 3.039705E-02 1.516558E-03 4.330108E+00 1.057599E+01 
1.609934E-01 6.858298E-03 3.720250E-01 1.837463E-01 -1.532182E+00 6.000000E-01 -1.450207E-01 8.340055E-01 2.886259E-02 6.362339E-03 3.823495E+00 8.764763E+00 
1.562139E-01 1.132231E-02 3.685975E-01 1.715346E-01 -1.339729E+00 5.766397E-01 -8.710133E-02 1.163911E+00 3.116970E-02 4.334912E-03 4.544826E+00 7.399941E+00 
1.444225E-01 5.897037E-03 3.544238E-01 1.698967E-01 -1.471398E+00 5.756044E-01 -7.598922E-02 9.290430E-01 3.095104E-02 2.055484E-03 4.397662E+00 9.238598E+00 
1.642620E-01 8.956413E-03 3.636779E-01 1.727094E-01 -1.497229E+00 5.949622E-01 -7.430545E-02 9.387947E-01 2.934119E-02 2.510649E-03 4.100069E+00 8.694195E+00 
1.713137E-01 9.012878E-03 3.489260E-01 1.740351E-01 -1.572207E+00 6.000000E-01 -1.360669E-01 9.396008E-01 3.135290E-02 1.587671E-03 3.609981E+00 8.414736E+00 
1.510921E-01 7.740571E-03 3.474364E-01 1.552605E-01 -1.438983E+00 6.000000E-01 -1.942343E-01 1.060956E+00 2.983395E-02 2.473921E-03 4.479913E+00 1.024589E+01 
1.475558E-01 6.615071E-03 3.609230E-01 1.658978E-01 -1.543019E+00 5.913758E-01 -1.300574E-01 9.285229E-01 2.914547E-02 3.862633E-03 3.729860E+00 8.523632E+00 
5.676681E-02 9.691267E-03 3.313929E-01 1.696889E-01 -1.493386E+00 6.000000E-01 -1.062844E-01 1.023879E+00 2.673868E-02 1.006421E-02 3.817139E+00 9.339867E+00 
1.706752E-01 6.219517E-03 3.711820E-01 1.731143E-01 -1.512536E+00 5.850160E-01 -1.753806E-01 9.879750E-01 2.775774E-02 3.141082E-03 4.098902E+00 8.640326E+00 
1.168266E-01 4.052695E-02 2.937651E-01 1.330863E-01 -1.397537E+00 3.957095E-01 -3.072513E-02 1.014725E+00 2.404785E-02 8.529249E-03 4.625668E+00 8.419044E+00 
1.487557E-01 7.406752E-03 3.878631E-01 1.702237E-01 -1.455765E+00 5.861214E-01 -1.302173E-01 1.038897E+00 3.107288E-02 2.627716E-03 4.762367E+00 8.772290E+00 
1.543837E-01 9.463246E-03 3.661637E-01 1.679155E-01 -1.463793E+00 5.837743E-01 -1.691527E-01 9.609019E-01 2.887152E-02 2.466025E-03 3.978588E+00 8.832308E+00 
1.621237E-01 7.868101E-03 3.725227E-01 1.697383E-01 -1.544539E+00 5.854600E-01 -8.312267E-02 8.406406E-01 2.600792E-02 4.176052E-03 4.168488E+00 1.179967E+01 
1.671436E-01 6.626338E-03 3.674608E-01 1.742046E-01 -1.584219E+00 5.701073E-01 -1.355961E-01 1.021837E+00 2.788166E-02 2.229917E-03 4.324247E+00 1.009255E+01 
1.562482E-01 9.462102E-03 3.478869E-01 1.688738E-01 -1.512362E+00 5.839516E-01 -6.220046E-02 9.375675E-01 3.050174E-02 1.139332E-03 4.692128E+00 1.209994E+01 
1.116482E-01 3.418080E-02 3.584175E-01 1.669462E-01 -1.489087E+00 5.185566E-01 -1.244923E-01 8.379764E-01 2.484000E-02 1.395915E-02 4.625798E+00 6.853495E+00 
1.609282E-01 1.737489E-03 3.702789E-01 1.692775E-01 -1.524274E+00 4.285064E-01 -1.439400E-01 1.025162E+00 2.760854E-02 2.167452E-03 4.091150E+00 8.362694E+00 
1.554886E-01 5.881412E-03 3.495615E-01 1.708895E-01 -1.692887E+00 5.919015E-01 -1.119935E-01 9.558801E-01 2.883543E-02 9.543982E-04 4.234287E+00 1.018463E+01 
1.513666E-01 1.094892E-02 3.821342E-01 1.807486E-01 -1.426733E+00 6.000000E-01 -1.126866E-01 9.631061E-01 2.738931E-02 1.625832E-03 3.628665E+00 9.122620E+00 
1.668763E-01 7.643278E-03 3.621859E-01 1.686022E-01 -1.526557E+00 5.914606E-01 -8.900038E-02 8.250267E-01 2.818647E-02 2.578241E-03 4.200238E+00 8.428710E+00 
1.888660E-01 3.413355E-03 3.577415E-01 1.814529E-01 -1.511878E+00 6.000000E-01 -1.976920E-01 9.400502E-01 2.657336E-02 2.906034E-03 4.366857E+00 8.670732E+00 
4.437894E-02 5.034805E-02 3.762638E-01 1.685333E-01 -1.280167E+00 4.833526E-01 -3.322117E-02 9.454919E-01 3.155297E-02 5.008934E-03 4.186537E+00 8.541571E+00 
1.462235E-01 2.885737E-03 3.389715E-01 1.699678E-01 -1.387476E+00 5.888158E-01 -1.168937E-01 9.849103E-01 2.979975E-02 1.430378E-03 4.163959E+00 1.141737E+01 
1.591379E-01 7.609120E-03 3.628985E-01 1.406157E-01 -1.428952E+00 5.669665E-01 -1.132398E-01 9.143916E-01 2.819986E-02 3.481013E-03 4.236799E+00 9.767832E+00 
1.008733E-01 5.230200E-02 3.479960E-01 1.557485E-01 -1.149143E+00 5.280450E-01 -7.539962E-02 8.693570E-01 3.105150E-02 9.416444E-03 4.140895E+00 1.221247E+01 
1.766100E-01 2.157470E-02 3.466757E-01 1.663734E-01 -1.260501E+00 6.000000E-01 -1.051159E-01 1.006094E+00 2.979445E-02 7.125780E-03 3.663401E+00 9.586631E+00 
1.699169E-01 9.736463E-03 3.453615E-01 1.778969E-01 -1.397715E+00 5.964648E-01 -8.877264E-02 9.090849E-01 2.993240E-02 2.009049E-03 4.206593E+00 9.100984E+00 
1.462994E-01 7.717700E-03 3.354992E-01 1.829350E-01 -1.430138E+00 5.734840E-01 -1.554447E-01 9.156195E-01 2.900009E-02 0.000000E+00 4.763614E+00 7.617295E+00 
1.449215E-01 6.464391E-03 3.495619E-01 1.655036E-01 -1.347738E+00 6.000000E-01 -1.204469E-01 8.635740E-01 2.731949E-02 0.000000E+00 4.012949E+00 1.006091E+01 
1.311082E-01 2.190788E-02 3.613914E-01 1.551689E-01 -1.383287E+00 5.885717E-01 -7.311679E-02 8.926674E-01 2.995265E-02 2.331487E-03 4.802390E+00 9.322786E+00 
1.777769E-01 6.773054E-03 3.589239E-01 1.653663E-01 -1.376517E+00 5.498984E-01 -9.043932E-02 9.105787E-01 2.854596E-02 1.288062E-03 4.567858E+00 7.786046E+00 
1.537836E-01 7.191440E-03 3.764538E-01 1.704069E-01 -1.283049E+00 5.452298E-01 -7.871667E-02 9.215198E-01 2.968073E-02 4.353485E-03 4.369669E+00 1.065251E+01 
7.816725E-02 6.491972E-03 3.613415E-01 1.456423E-01 -1.272204E+00 4.869709E-01 -9.688803E-02 6.310690E-01 2.963227E-02 5.956262E-04 3.762966E+00 1.184176E+01 
1.660315E-01 9.063328E-03 3.756023E-01 1.635923E-01 -1.332900E+00 5.914056E-01 -1.496507E-01 1.051954E+00 2.852168E-02 2.856583E-03 4.485168E+00 7.938778E+00 
1.568230E-01 6.350498E-03 3.497934E-01 1.740552E-01 -1.488179E+00 5.627751E-01 -1.149891E-01 9.041990E-01 2.893125E-02 7.247288E-03 4.036140E+00 7.474132E+00 
1.075572E-01 1.242814E-02 3.301169E-01 1.650264E-01 -1.413059E+00 5.165511E-01 -1.429673E-01 8.922482E-01 2.342466E-02 3.570040E-03 4.840886E+00 9.272299E+00 
1.607385E-01 3.454819E-03 3.660800E-01 1.651831E-01 -1.464704E+00 5.897763E-01 -6.017464E-02 9.010299E-01 2.724262E-02 1.842500E-03 4.413400E+00 7.386429E+00 
1.478514E-01 4.845570E-03 3.408505E-01 1.762800E-01 -1.332917E+00 5.506768E-01 -8.152304E-02 9.907279E-01 2.868933E-02 3.608354E-03 4.398806E+00 9.972188E+00 
1.899492E-01 7.483110E-03 3.468291E-01 1.724065E-01 -1.397390E+00 5.728763E-01 -1.221022E-01 9.695726E-01 2.808862E-02 7.223683E-03 4.580361E+00 9.012936E+00 
1.502818E-01 2.635723E-03 3.842025E-01 1.754139E-01 -1.524539E+00 5.975080E-01 -1.745817E-02 9.216007E-01 2.745449E-02 5.078353E-03 4.359498E+00 1.063395E+01 
1.519137E-01 6.805063E-03 3.507029E-01 1.667441E-01 -1.253848E+00 5.952328E-01 -8.484157E-02 9.427750E-01 2.739558E-02 1.340404E-03 4.124723E+00 9.362504E+00 
1.439715E-01 1.378185E-03 3.461300E-01 1.794729E-01 -1.381227E+00 5.820816E-01 -8.345950E-02 1.005305E+00 2.765192E-02 0.000000E+00 4.383506E+00 7.277510E+00 
3.931667E-02 4.621933E-03 3.852182E-01 1.774161E-01 -1.321046E+00 5.641042E-01 -1.408976E-01 8.483607E-01 3.021961E-02 2.941374E-03 5.088136E+00 1.287099E+01 
1.615998E-01 1.000000E-04 3.561444E-01 1.795301E-01 -1.617683E+00 5.927419E-01 -1.765769E-01 9.489990E-01 2.969662E-02 2.021387E-03 3.777840E+00 9.362578E+00 
1.530370E-01 5.199929E-03 3.701826E-01 1.733181E-01 -1.406044E+00 5.876557E-01 -7.335974E-02 9.247628E-01 3.033734E-02 9.868832E-04 4.681250E+00 9.609904E+00 
1.612067E-01 4.657113E-03 3.571631E-01 1.736803E-01 -1.435811E+00 5.862630E-01 -1.476314E-01 9.369905E-01 2.938428E-02 4.893438E-03 4.541032E+00 9.219199E+00 
1.532784E-01 6.675073E-03 3.460425E-01 1.759293E-01 -1.450410E+00 5.833852E-01 -1.127489E-01 8.973405E-01 2.716119E-02 2.323380E-03 4.175303E+00 8.966960E+00 
1.643612E-01 9.765781E-03 3.574137E-01 1.673632E-01 -1.410386E+00 5.619076E-01 -1.346088E-01 9.901097E-01 2.722479E-02 6.492896E-03 4.290353E+00 8.235154E+00 
1.189508E-01 1.828161E-02 3.475687E-01 1.666320E-01 -1.502431E+00 5.740300E-01 -9.925339E-02 9.766024E-01 3.233471E-02 1.595035E-03 4.320657E+00 7.933829E+00 
1.496969E-01 1.027954E-02 3.635434E-01 1.606986E-01 -1.227670E+00 6.000000E-01 -1.257851E-01 9.774976E-01 2.504541E-02 2.713726E-03 3.730108E+00 1.070773E+01 
1.494876E-01 1.443101E-02 3.179934E-01 1.758361E-01 -1.273771E+00 5.548005E-01 -1.082763E-01 9.425809E-01 2.723916E-02 4.467914E-03 3.687552E+00 8.235713E+00 
1.535841E-01 6.937240E-04 3.540418E-01 1.789675E-01 -1.342188E+00 5.799942E-01 -1.339010E-01 9.048158E-01 2.714270E-02 3.879014E-03 3.622777E+00 8.569153E+00 
1.624182E-01 4.711070E-03 3.452098E-01 1.792117E-01 -1.464545E+00 5.705962E-01 -1.007059E-01 9.793806E-01 3.017795E-02 3.139368E-03 4.463304E+00 9.776154E+00 
1.547217E-01 3.000410E-03 3.628551E-01 1.647912E-01 -1.383058E+00 5.681644E-01 -1.188005E-01 1.038059E+00 3.085701E-02 3.643218E-03 4.258718E+00 7.709202E+00 
1.532537E-01 6.530013E-03 3.665120E-01 1.731461E-01 -1.370663E+00 5.774302E-01 -1.049522E-01 1.147544E+00 2.828172E-02 2.903572E-03 4.557573E+00 6.759749E+00 
8.746393E-02 4.016885E-02 3.418742E-01 1.593435E-01 -9.472553E-01 4.998707E-01 -1.033964E-01 9.376794E-01 3.152421E-02 4.209792E-03 4.760365E+00 1.031461E+01 
1.794495E-01 3.431135E-04 3.647565E-01 1.703795E-01 -1.380597E+00 5.714587E-01 -1.020233E-01 1.057566E+00 2.866766E-02 1.949032E-03 4.328576E+00 9.242465E+00 
1.477234E-01 9.634924E-03 3.601942E-01 1.682036E-01 -1.388324E+00 4.769622E-01 -1.029327E-01 9.646409E-01 2.693373E-02 2.152556E-03 3.748742E+00 1.075381E+01 
1.532405E-01 1.089760E-02 3.719605E-01 1.633676E-01 -1.490516E+00 6.000000E-01 -1.432772E-01 9.557037E-01 3.383612E-02 4.121386E-05 4.462919E+00 8.180824E+00 
1.700263E-01 4.188923E-03 3.638969E-01 1.681606E-01 -1.758013E+00 5.784494E-01 -1.050459E-01 8.782050E-01 3.172511E-02 9.425380E-04 4.105240E+00 1.109385E+01 
1.340311E-01 7.526521E-03 3.580788E-01 1.703572E-01 -1.608041E+00 5.675555E-01 -2.467335E-02 9.385504E-01 3.023106E-02 2.807528E-03 2.793481E+00 1.207243E+01 
8.507603E-02 4.920710E-02 3.336996E-01 1.510343E-01 -1.340885E+00 3.828580E-01 -7.723029E-02 8.034105E-01 3.062168E-02 4.532778E-06 4.319681E+00 1.197265E+01 
1.390524E-01 8.574081E-03 3.431635E-01 1.730184E-01 -1.512154E+00 5.662688E-01 -1.384712E-01 1.129427E+00 2.786507E-02 2.194117E-03 4.152452E+00 7.329250E+00 
1.589250E-01 4.513723E-03 3.494035E-01 1.660939E-01 -1.617441E+00 5.951210E-01 -1.314065E-01 9.712491E-01 2.795547E-02 1.549785E-03 4.186153E+00 8.000154E+00 
1.618999E-01 2.167412E-02 3.465601E-01 1.593967E-01 -1.462983E+00 5.314790E-01 -8.352217E-02 8.270622E-01 3.068337E-02 3.335470E-03 4.353955E+00 9.421492E+00 
1.156546E-01 2.450724E-02 3.479509E-01 1.588146E-01 -7.547096E-01 4.856189E-01 -1.545645E-01 1.007623E+00 2.506490E-02 1.127618E-02 4.017456E+00 6.177538E+00 
1.630558E-01 4.024681E-03 3.677008E-01 1.715228E-01 -1.331139E+00 5.773903E-01 -7.418931E-02 9.679635E-01 2.634441E-02 1.507638E-03 4.190486E+00 8.259241E+00 
1.594695E-01 1.712667E-02 3.508337E-01 1.743068E-01 -1.456843E+00 5.873892E-01 -1.174182E-01 1.122655E+00 2.864826E-02 2.662523E-03 4.390564E+00 9.257307E+00 
1.576164E-01 5.137855E-03 3.697839E-01 1.695519E-01 -1.512917E+00 5.910086E-01 -1.414498E-01 1.018309E+00 3.013040E-02 3.221164E-03 4.460247E+00 9.973101E+00 
1.603541E-01 1.039155E-02 3.667091E-01 1.630964E-01 -1.204574E+00 5.756541E-01 -9.519026E-02 8.108133E-01 2.869189E-02 4.590126E-03 4.502457E+00 1.058628E+01 
1.155858E-01 2.228231E-02 3.594326E-01 1.585873E-01 -1.343135E+00 5.439139E-01 -1.065136E-01 9.365773E-01 2.807396E-02 1.237967E-02 3.947507E+00 8.750100E+00 
1.228984E-01 1.747414E-02 3.619938E-01 1.883922E-01 -1.403353E+00 4.795008E-01 -8.480570E-02 1.017961E+00 2.888189E-02 3.949780E-03 3.620484E+00 9.141170E+00 
1.631038E-01 9.384076E-03 3.539195E-01 1.695999E-01 -1.509181E+00 5.871721E-01 -6.281213E-02 9.125278E-01 3.056844E-02 3.264663E-03 4.174943E+00 9.483181E+00 
1.280329E-01 1.433283E-02 3.668621E-01 1.697728E-01 -1.432305E+00 5.733681E-01 -1.113352E-01 1.025253E+00 2.915709E-02 6.508987E-03 3.946982E+00 9.791384E+00 
1.488022E-01 1.191928E-02 3.941186E-01 1.700217E-01 -1.397067E+00 5.738514E-01 -1.618040E-01 1.038752E+00 2.847342E-02 3.296207E-03 4.153646E+00 7.284468E+00 
1.791074E-01 1.235333E-02 3.694835E-01 1.760221E-01 -1.409131E+00 6.000000E-01 -1.375719E-01 8.468301E-01 3.310972E-02 3.205956E-03 3.559457E+00 8.175527E+00 
1.788920E-01 1.186709E-02 3.384269E-01 1.757879E-01 -1.526318E+00 5.965018E-01 -1.038966E-01 1.011705E+00 2.818340E-02 1.226071E-03 4.898969E+00 6.566906E+00 
1.367936E-01 8.019309E-03 3.420798E-01 1.589898E-01 -1.253901E+00 4.833077E-01 -2.569360E-02 8.848081E-01 2.886176E-02 1.822514E-03 4.043885E+00 8.795591E+00 
1.709205E-01 4.710368E-03 3.568608E-01 1.758208E-01 -1.498027E+00 6.000000E-01 -1.124955E-01 9.030667E-01 2.993474E-02 2.815735E-03 4.308224E+00 6.962659E+00 
9.907186E-02 4.355810E-02 3.189063E-01 1.675446E-01 -1.061387E+00 4.494191E-01 -1.022697E-01 9.728220E-01 2.923214E-02 3.473061E-03 4.118526E+00 1.073524E+01 
1.026255E-01 1.139404E-02 3.248388E-01 1.375508E-01 -1.525887E+00 5.227180E-01 -9.201180E-02 9.202859E-01 3.058020E-02 2.091110E-03 3.601443E+00 9.133319E+00 
1.722961E-01 2.822347E-03 3.611255E-01 1.700865E-01 -1.558955E+00 5.756301E-01 -1.541997E-01 9.924870E-01 3.265411E-02 2.924155E-03 4.488638E+00 6.115562E+00 
7.056175E-02 1.898668E-02 3.010276E-01 1.695109E-01 -1.420458E+00 5.311919E-01 -9.337399E-02 9.211934E-01 3.370792E-02 1.113730E-02 4.830462E+00 1.062737E+01 
1.548296E-01 1.158148E-02 3.437355E-01 1.694698E-01 -1.545811E+00 5.635230E-01 -8.755708E-02 9.506908E-01 2.962935E-02 1.104470E-03 4.321893E+00 8.993861E+00 
1.440051E-01 3.630302E-03 3.461678E-01 1.652770E-01 -1.552810E+00 5.517694E-01 -1.041713E-01 8.579473E-01 2.956852E-02 3.536467E-03 4.595164E+00 9.989564E+00 
1.573763E-01 6.010476E-03 3.396609E-01 1.633433E-01 -1.491261E+00 5.719675E-01 -1.035307E-01 9.858484E-01 2.962296E-02 1.276464E-03 3.784170E+00 8.761696E+00 
1.563213E-01 1.302046E-04 3.442298E-01 1.714642E-01 -1.487368E+00 5.819237E-01 -3.359268E-02 8.912151E-01 2.740564E-02 0.000000E+00 4.247095E+00 9.868585E+00 
1.528720E-01 5.891247E-03 3.551887E-01 1.695302E-01 -1.578889E+00 5.903453E-01 -8.273573E-02 9.326984E-01 2.999502E-02 1.351329E-03 4.097694E+00 8.410165E+00 
1.890816E-01 6.443955E-03 3.815033E-01 1.704340E-01 -1.559994E+00 5.708693E-01 -1.025678E-01 8.530927E-01 2.933287E-02 2.028443E-03 3.665512E+00 8.472001E+00 
1.398587E-01 5.880407E-03 3.555309E-01 1.652451E-01 -1.395573E+00 5.948788E-01 -1.490639E-01 8.297415E-01 3.077825E-02 1.199362E-03 4.280029E+00 1.038205E+01 
1.554091E-01 4.452456E-03 3.629299E-01 1.755214E-01 -1.480727E+00 5.070946E-01 -7.073375E-02 1.143743E+00 3.383487E-02 1.066264E-02 2.729095E+00 8.587244E+00 
1.567069E-01 1.787378E-03 3.509224E-01 1.712439E-01 -1.377959E+00 5.616501E-01 -6.985899E-02 8.941624E-01 3.010137E-02 6.775245E-03 4.180333E+00 9.381263E+00 
9.786926E-02 8.537678E-03 3.442992E-01 1.628648E-01 -1.348739E+00 5.835006E-01 -1.297580E-01 9.608239E-01 2.743266E-02 4.437483E-03 3.305755E+00 8.888635E+00 
1.472357E-01 5.659540E-03 3.407703E-01 1.736225E-01 -1.453661E+00 5.849461E-01 -1.096450E-01 1.043337E+00 2.930549E-02 1.114154E-03 4.471389E+00 7.213995E+00 
1.517309E-01 6.406707E-03 3.536314E-01 1.696291E-01 -1.554625E+00 5.697591E-01 -9.013468E-02 9.455049E-01 2.856962E-02 2.988755E-03 4.699529E+00 9.255765E+00 
1.515214E-01 1.554835E-02 3.553918E-01 1.676797E-01 -1.507822E+00 5.684195E-01 -1.036084E-01 9.036108E-01 2.857343E-02 4.698345E-03 4.180646E+00 8.717599E+00 
1.766728E-01 7.763053E-03 3.447808E-01 1.761163E-01 -1.656771E+00 5.649840E-01 -6.904836E-02 9.473292E-01 2.995841E-02 3.425958E-03 3.920071E+00 8.378738E+00 
1.545582E-01 5.242619E-03 3.601216E-01 1.729002E-01 -1.544407E+00 5.691200E-01 -1.102813E-01 8.854652E-01 2.975727E-02 1.853558E-03 3.949903E+00 8.586192E+00 
1.623843E-01 1.436637E-02 3.693250E-01 1.713569E-01 -1.444659E+00 5.859746E-01 -1.570985E-01 9.259124E-01 2.941255E-02 5.620113E-04 4.189366E+00 6.535020E+00 
1.301780E-01 6.354395E-03 3.095866E-01 1.702321E-01 -1.414452E+00 5.475086E-01 -8.763464E-02 9.704982E-01 2.826411E-02 5.997015E-03 4.051117E+00 9.404916E+00 
1.635340E-01 7.909930E-03 3.572311E-01 1.758280E-01 -1.502771E+00 5.920679E-01 -1.376637E-01 9.116640E-01 3.090633E-02 3.164297E-03 4.325866E+00 1.083462E+01 
1.536558E-01 4.175359E-03 3.645627E-01 1.722944E-01 -1.586110E+00 5.774328E-01 -8.306370E-02 9.216695E-01 3.257472E-02 1.347262E-03 4.318144E+00 9.025869E+00 
1.857502E-01 9.072276E-03 3.724917E-01 1.781911E-01 -1.496507E+00 5.404776E-01 -1.261224E-01 1.089912E+00 2.712623E-02 9.554413E-04 4.510353E+00 6.962709E+00 
1.573492E-01 9.445764E-03 3.552333E-01 1.678997E-01 -1.472444E+00 5.950863E-01 -9.333804E-02 9.449628E-01 2.971261E-02 9.436711E-04 4.329180E+00 8.552955E+00 
1.604313E-01 6.072150E-03 3.557551E-01 1.719689E-01 -1.372861E+00 5.787835E-01 -1.004908E-01 9.136833E-01 2.698992E-02 1.627700E-03 4.016850E+00 9.498738E+00 
1.646708E-01 4.988437E-03 3.343709E-01 1.707078E-01 -1.262875E+00 5.703416E-01 -8.911894E-02 9.705052E-01 2.711662E-02 3.594711E-03 4.400423E+00 8.522076E+00 
1.408548E-01 1.589502E-02 3.245462E-01 1.648843E-01 -1.452499E+00 5.367470E-01 -1.016159E-01 8.797901E-01 2.825016E-02 2.685403E-04 4.196960E+00 1.111437E+01 
1.648873E-01 9.266680E-03 3.740957E-01 1.671917E-01 -1.240735E+00 5.590462E-01 -1.086626E-01 1.045936E+00 2.825374E-02 3.667410E-03 4.374040E+00 1.013575E+01 
1.671917E-01 8.647151E-03 3.659012E-01 1.766959E-01 -1.408597E+00 5.835271E-01 -9.082123E-02 8.950092E-01 2.916712E-02 4.662431E-03 4.135922E+00 9.935120E+00 
9.600721E-02 1.767975E-02 3.521517E-01 1.681612E-01 -1.411920E+00 4.999546E-01 -1.476267E-01 9.655045E-01 2.748745E-02 6.884059E-03 5.231494E+00 9.160397E+00 
1.549370E-01 4.715103E-03 3.660472E-01 1.710949E-01 -1.409240E+00 5.717414E-01 -4.118445E-02 8.984671E-01 2.966523E-02 1.657024E-03 4.813018E+00 8.532032E+00 
1.386653E-01 2.099118E-02 3.808207E-01 1.767402E-01 -1.304069E+00 5.737598E-01 -1.084828E-01 1.067172E+00 3.012816E-02 0.000000E+00 4.882519E+00 8.753051E+00 
1.677976E-01 7.769724E-03 3.790788E-01 1.773119E-01 -1.599671E+00 5.869961E-01 -1.845693E-01 9.344365E-01 2.710421E-02 2.037910E-03 4.291666E+00 1.192243E+01 
1.473305E-01 1.273809E-02 3.491279E-01 1.744580E-01 -1.730681E+00 5.879340E-01 -7.291257E-02 9.015169E-01 2.895810E-02 6.891298E-03 4.104352E+00 8.532899E+00 
1.459255E-01 1.002411E-02 3.665684E-01 1.664254E-01 -1.452212E+00 5.743519E-01 -1.152332E-01 9.215792E-01 3.313194E-02 2.460157E-03 3.962577E+00 1.016742E+01 
1.687232E-01 8.002100E-03 3.617912E-01 1.690312E-01 -1.343931E+00 5.773855E-01 -1.187678E-01 9.112227E-01 2.722318E-02 3.247826E-03 4.257262E+00 9.305105E+00 
7.410504E-02 1.788652E-02 3.854098E-01 1.586449E-01 -1.373541E+00 5.895942E-01 -9.242919E-02 9.787200E-01 2.955526E-02 9.630190E-03 3.448257E+00 9.102287E+00 
1.403524E-01 2.842435E-02 3.907824E-01 1.588877E-01 -1.134647E+00 5.395081E-01 -6.672178E-02 9.070266E-01 2.781729E-02 8.689255E-03 4.972117E+00 5.498404E+00 
1.635246E-01 7.881849E-03 3.678464E-01 1.682438E-01 -1.572346E+00 5.916677E-01 -1.598505E-01 1.094382E+00 2.881247E-02 2.938027E-03 4.467414E+00 1.223182E+01 
1.535461E-01 6.833174E-03 3.694933E-01 1.661654E-01 -1.487410E+00 6.000000E-01 -1.416268E-01 9.420643E-01 2.952114E-02 2.815202E-03 4.217951E+00 7.060077E+00 
1.577691E-01 1.389790E-02 3.479966E-01 1.673884E-01 -1.456129E+00 3.959554E-01 -9.691873E-02 9.420764E-01 3.352491E-02 2.907026E-03 6.618784E+00 9.412411E+00 
1.436782E-01 8.165262E-03 3.623856E-01 1.706948E-01 -1.458813E+00 5.658317E-01 -4.719522E-02 9.900469E-01 2.957772E-02 1.479510E-03 4.232041E+00 8.239544E+00 
3.946219E-02 3.728194E-02 3.640256E-01 1.576263E-01 -1.475011E+00 5.485429E-01 -9.513352E-02 9.201238E-01 2.496020E-02 6.124634E-03 4.290983E+00 8.645881E+00 
1.578251E-01 2.162632E-03 3.650427E-01 1.709268E-01 -1.399972E+00 5.771177E-01 -8.680170E-02 9.882725E-01 3.022339E-02 1.897038E-03 5.101349E+00 8.294837E+00 
1.451927E-01 7.416247E-03 3.485330E-01 1.585768E-01 -1.416581E+00 5.696303E-01 -7.279443E-02 9.602814E-01 2.850858E-02 2.697390E-03 4.237551E+00 9.565393E+00 
1.667334E-01 4.778609E-03 3.505600E-01 1.742296E-01 -1.584178E+00 5.705486E-01 -1.928207E-01 9.369669E-01 3.163817E-02 1.161481E-03 4.107711E+00 9.504277E+00 
1.410821E-01 5.533412E-03 3.581918E-01 1.694581E-01 -1.507719E+00 5.757903E-01 -4.316983E-02 7.982621E-01 2.778458E-02 2.080194E-03 3.236642E+00 9.458347E+00 
1.484553E-01 3.143453E-02 3.316394E-01 1.483678E-01 -1.318359E+00 4.986520E-01 -9.657327E-02 9.492281E-01 2.898207E-02 2.718154E-03 4.173149E+00 8.958272E+00 
1.481055E-01 4.338988E-02 3.439215E-01 1.812277E-01 -1.551135E+00 5.891201E-01 -9.322201E-02 1.006138E+00 2.758528E-02 3.272479E-03 4.319481E+00 9.459913E+00 
1.644699E-01 9.805068E-03 3.527063E-01 1.657554E-01 -1.438946E+00 5.792141E-01 -9.815883E-02 9.626127E-01 3.028007E-02 2.725016E-03 4.185665E+00 9.955741E+00 
1.645578E-01 7.900144E-03 3.399403E-01 1.767890E-01 -1.526036E+00 5.750341E-01 -1.057857E-01 9.085158E-01 2.902794E-02 3.611107E-03 4.488425E+00 8.610627E+00 
1.564598E-01 8.419543E-03 3.555834E-01 1.713191E-01 -1.497523E+00 5.637843E-01 -8.103594E-02 9.901046E-01 3.019231E-02 4.654387E-03 4.555875E+00 9.279237E+00 
1.916744E-01 1.137767E-02 3.537750E-01 1.664573E-01 -1.491439E+00 5.872582E-01 -7.039185E-02 9.808081E-01 2.864711E-02 1.813165E-03 4.052384E+00 8.961460E+00 
1.546533E-01 7.085427E-03 3.705616E-01 1.707273E-01 -1.479568E+00 5.341149E-01 -1.286059E-01 8.621171E-01 3.036285E-02 2.326324E-03 4.166332E+00 9.276656E+00 
1.863675E-01 9.587117E-03 3.835347E-01 1.648173E-01 -1.636094E+00 5.928106E-01 -2.000000E-01 9.594104E-01 2.674179E-02 1.926888E-03 4.569878E+00 8.703498E+00 
1.586570E-01 5.411609E-03 3.456655E-01 1.703754E-01 -1.351852E+00 5.818197E-01 -8.820270E-02 8.033089E-01 2.724000E-02 2.489215E-03 4.180947E+00 1.118589E+01 
1.762073E-01 6.943931E-03 3.519914E-01 1.727938E-01 -1.481929E+00 5.644738E-01 -1.000994E-01 9.074188E-01 3.020398E-02 0.000000E+00 4.094099E+00 1.062375E+01 
1.519555E-01 1.142164E-02 3.351471E-01 1.675256E-01 -1.628884E+00 5.721755E-01 -6.238163E-02 9.665020E-01 3.247323E-02 1.351154E-03 4.087293E+00 9.561669E+00 
1.180077E-01 1.260485E-02 3.373688E-01 1.719117E-01 -1.031098E+00 4.404202E-01 -1.191942E-02 1.006780E+00 3.395498E-02 9.346609E-03 4.126178E+00 8.967035E+00 
1.489312E-01 1.123468E-02 3.375055E-01 1.704022E-01 -1.516366E+00 5.666016E-01 -8.521628E-02 9.624935E-01 3.040749E-02 6.383789E-04 5.475561E+00 9.675555E+00 
1.421439E-01 1.095860E-02 3.973731E-01 1.668004E-01 -1.517298E+00 5.767520E-01 -9.873369E-02 7.110063E-01 2.780570E-02 5.191870E-04 4.168073E+00 8.845849E+00 
1.613973E-01 5.314347E-03 3.644016E-01 1.707783E-01 -1.494649E+00 5.840918E-01 -1.340774E-01 1.101249E+00 2.908546E-02 3.296738E-03 4.005198E+00 7.997429E+00 
1.699813E-01 1.110207E-02 3.708629E-01 1.714542E-01 -1.440002E+00 5.758955E-01 -1.794567E-01 9.509373E-01 2.934559E-02 2.363674E-03 4.391501E+00 1.035237E+01 
1.515057E-01 9.829055E-03 3.657634E-01 1.744204E-01 -1.732986E+00 5.522528E-01 -6.550220E-02 9.379784E-01 2.525077E-02 4.803324E-03 4.486939E+00 1.028734E+01 
1.544674E-01 8.258285E-03 3.547199E-01 1.761722E-01 -1.497631E+00 5.726530E-01 -1.025734E-01 9.164527E-01 2.946631E-02 2.273793E-03 4.558880E+00 7.310318E+00 
1.719968E-01 1.257512E-02 3.340138E-01 1.817393E-01 -1.702779E+00 5.771114E-01 -1.315122E-01 9.834425E-01 3.075858E-02 1.303718E-03 4.001974E+00 8.727678E+00 
1.460844E-01 5.978171E-03 3.562567E-01 1.688296E-01 -1.565251E+00 5.857217E-01 -7.143521E-02 9.977960E-01 2.848886E-02 2.702435E-03 4.143787E+00 8.514183E+00 
1.504561E-01 7.329366E-03 3.286611E-01 1.705429E-01 -1.477287E+00 5.605656E-01 -1.019370E-01 9.394615E-01 2.968647E-02 3.030042E-03 4.231921E+00 9.755552E+00 
1.458758E-01 6.678614E-03 3.325174E-01 1.654155E-01 -1.408240E+00 4.963435E-01 -6.167137E-02 9.264892E-01 2.757022E-02 7.056524E-04 4.263183E+00 9.739529E+00 
1.231053E-01 7.030653E-03 3.545060E-01 1.662967E-01 -1.445600E+00 6.000000E-01 -1.294473E-01 8.372000E-01 3.030842E-02 6.655333E-04 3.572805E+00 8.179688E+00 
1.301160E-01 1.000000E-04 3.508796E-01 1.682934E-01 -1.360088E+00 5.996568E-01 -1.182711E-01 8.620061E-01 2.781663E-02 1.323930E-03 4.989565E+00 9.598381E+00 
1.358398E-01 3.084659E-03 3.530434E-01 1.729350E-01 -1.451519E+00 4.745767E-01 -7.904746E-02 1.174649E+00 3.027422E-02 1.468250E-02 2.185466E+00 9.153229E+00 
1.667799E-01 8.563410E-03 3.503924E-01 1.697119E-01 -1.717947E+00 5.703959E-01 -1.008065E-01 9.841950E-01 2.666443E-02 4.418836E-03 4.203197E+00 9.278010E+00 
1.641272E-01 5.470159E-03 3.604900E-01 1.687572E-01 -1.457593E+00 5.763338E-01 -1.222203E-01 7.000988E-01 3.134116E-02 3.124600E-03 4.232303E+00 8.326330E+00 
1.558643E-01 1.221684E-02 3.654868E-01 1.695275E-01 -1.350632E+00 5.567417E-01 -1.165905E-01 9.187698E-01 2.927248E-02 0.000000E+00 4.383523E+00 9.420736E+00 
1.525538E-01 6.584612E-03 3.647415E-01 1.748180E-01 -1.504980E+00 5.499822E-01 -1.335689E-01 9.810908E-01 2.769033E-02 3.781055E-03 3.586403E+00 8.543681E+00 
1.755239E-01 6.620355E-03 3.673909E-01 1.739164E-01 -1.363881E+00 5.958262E-01 -1.432520E-01 9.643461E-01 2.780679E-02 2.839582E-03 4.475465E+00 8.749645E+00 
1.809753E-01 1.494074E-03 3.540879E-01 1.842050E-01 -1.302277E+00 5.736582E-01 -1.219407E-01 9.137371E-01 2.956242E-02 3.568304E-03 4.562676E+00 8.921259E+00 
1.553457E-01 7.813827E-03 3.582441E-01 1.718278E-01 -1.633129E+00 5.915137E-01 -1.127571E-01 8.721250E-01 2.877426E-02 6.181994E-04 4.216078E+00 9.259349E+00 
1.628211E-01 5.032700E-03 3.531008E-01 1.619200E-01 -1.493227E+00 6.000000E-01 -1.498837E-01 8.463885E-01 2.790776E-02 3.109625E-03 4.759714E+00 9.291365E+00 
1.662005E-01 8.260201E-03 3.741961E-01 1.718641E-01 -1.393219E+00 5.455431E-01 -1.122555E-01 9.365603E-01 2.751621E-02 3.099589E-03 4.007465E+00 9.239182E+00 
1.641743E-01 9.197516E-03 3.488563E-01 1.670415E-01 -1.577288E+00 5.716565E-01 -1.652691E-01 8.962890E-01 2.792159E-02 2.167104E-03 3.608147E+00 1.034555E+01 
1.337517E-01 1.380192E-02 3.512505E-01 1.754800E-01 -2.000000E+00 5.518787E-01 -1.011615E-01 8.792610E-01 2.797251E-02 2.268490E-03 3.735295E+00 8.189827E+00 
1.703300E-01 5.759573E-03 3.676324E-01 1.699262E-01 -1.472167E+00 5.923223E-01 -8.072694E-02 1.032753E+00 2.724604E-02 1.987975E-03 3.949808E+00 1.136010E+01 
1.684894E-01 5.989989E-03 3.467994E-01 1.766611E-01 -1.471680E+00 5.932023E-01 -1.574119E-01 9.142467E-01 3.013981E-02 1.474331E-03 4.536826E+00 1.024920E+01 
1.722745E-01 9.263558E-03 3.681107E-01 1.770162E-01 -1.365700E+00 5.801172E-01 -1.336258E-01 8.936233E-01 2.739594E-02 1.567936E-03 4.439709E+00 9.597687E+00 
1.462568E-01 2.967357E-03 3.342939E-01 1.648774E-01 -1.258946E+00 5.843789E-01 -1.395855E-01 8.880673E-01 2.934953E-02 4.595944E-03 4.494909E+00 9.133102E+00 
1.590888E-01 2.544334E-02 3.412544E-01 1.720167E-01 -1.410843E+00 5.680517E-01 -9.629618E-02 9.714486E-01 2.955256E-02 0.000000E+00 4.178536E+00 8.885308E+00 
1.513193E-01 1.161022E-02 3.585000E-01 1.764731E-01 -1.530147E+00 5.670469E-01 -1.119523E-01 9.738378E-01 3.009663E-02 2.089656E-03 4.569719E+00 7.203096E+00 
1.658870E-01 1.215504E-02 3.536293E-01 1.718684E-01 -1.655602E+00 5.449479E-01 -1.864213E-01 9.578384E-01 2.885157E-02 5.647077E-04 4.033578E+00 9.005030E+00 
1.459911E-01 3.583452E-03 3.351746E-01 1.628681E-01 -1.459509E+00 5.757482E-01 -1.203971E-01 1.021183E+00 2.841616E-02 1.290450E-03 4.112140E+00 9.271251E+00 
1.643685E-01 8.344404E-03 3.587684E-01 1.722561E-01 -1.502482E+00 5.893237E-01 -1.203749E-01 8.200944E-01 2.686416E-02 1.089043E-03 4.079243E+00 9.811413E+00 
1.809177E-01 9.345267E-03 3.650923E-01 1.705989E-01 -1.417711E+00 5.805168E-01 -4.422526E-02 9.202901E-01 2.697434E-02 5.769838E-03 4.626058E+00 6.290687E+00 
1.606889E-01 8.441327E-03 3.562787E-01 1.705694E-01 -1.331584E+00 5.658262E-01 -1.117742E-01 1.086381E+00 3.049957E-02 2.052924E-03 4.776383E+00 1.023656E+01 
1.475268E-01 5.845598E-03 3.442883E-01 1.681705E-01 -1.419406E+00 5.657319E-01 -1.440824E-01 9.208722E-01 2.867825E-02 2.018387E-03 4.546965E+00 8.803182E+00 
1.581651E-01 6.482734E-03 3.565948E-01 1.721044E-01 -1.341181E+00 5.617476E-01 -9.895727E-02 9.329985E-01 2.445734E-02 1.572623E-03 3.952825E+00 8.831312E+00 
1.520257E-01 6.816313E-03 3.491461E-01 1.767506E-01 -1.534782E+00 5.087190E-01 -1.310628E-01 9.532975E-01 3.177520E-02 5.218103E-03 3.678421E+00 8.166648E+00 
1.427575E-01 7.697993E-03 3.514240E-01 1.789840E-01 -1.416503E+00 5.816063E-01 -1.400080E-01 7.707957E-01 2.937401E-02 3.880809E-03 3.611501E+00 8.024055E+00 
1.624232E-01 7.304163E-03 3.824717E-01 1.656705E-01 -1.467892E+00 5.098242E-01 -9.298903E-02 1.024685E+00 2.809521E-02 7.933573E-03 4.681678E+00 7.855832E+00 
1.678594E-01 1.316774E-03 3.693519E-01 1.783786E-01 -1.540383E+00 5.916691E-01 -7.851759E-02 8.152334E-01 3.050613E-02 0.000000E+00 3.772623E+00 9.063315E+00 
1.459253E-01 7.033510E-03 3.463937E-01 1.713500E-01 -1.430786E+00 6.000000E-01 -6.321062E-02 8.455107E-01 3.023855E-02 1.363364E-03 4.037307E+00 1.046846E+01 
1.719460E-01 8.298225E-03 3.608661E-01 1.722651E-01 -1.450948E+00 5.967773E-01 -1.166484E-01 9.275054E-01 2.569306E-02 2.874237E-03 5.141570E+00 8.400044E+00 
4.435835E-02 1.702992E-02 3.487056E-01 1.615395E-01 -1.285032E+00 5.538749E-01 -3.203106E-02 8.785923E-01 3.207753E-02 2.623382E-03 3.483597E+00 1.312375E+01 
1.491346E-01 1.201544E-02 3.492391E-01 1.690061E-01 -1.377050E+00 5.474191E-01 -1.615526E-01 9.615518E-01 3.108588E-02 2.843027E-03 4.893347E+00 7.810638E+00 
1.530474E-01 8.085245E-03 3.587916E-01 1.739096E-01 -1.465056E+00 5.874120E-01 -1.498376E-01 8.513079E-01 2.892401E-02 1.465403E-03 4.195899E+00 9.703903E+00 
1.633497E-01 8.529675E-03 3.614856E-01 1.692830E-01 -1.409839E+00 5.861950E-01 -1.329369E-01 8.947599E-01 2.934752E-02 1.750757E-03 4.072541E+00 8.641049E+00 
1.825154E-01 8.153794E-03 3.590947E-01 1.760196E-01 -1.450657E+00 5.942868E-01 -1.142083E-01 8.981070E-01 2.730083E-02 3.707079E-03 4.762671E+00 8.662386E+00 
1.415211E-01 9.760873E-03 3.510634E-01 1.724406E-01 -1.324063E+00 5.787860E-01 -5.028220E-02 9.335605E-01 2.996081E-02 2.442660E-03 4.325272E+00 9.543156E+00 
1.596418E-01 9.164680E-03 3.445262E-01 1.715672E-01 -1.452892E+00 5.954001E-01 -8.577999E-02 8.987407E-01 2.801070E-02 9.665036E-04 4.225205E+00 9.352303E+00 
1.426016E-01 6.299885E-03 3.433850E-01 1.492679E-01 -1.340605E+00 5.455340E-01 -1.444138E-01 9.084292E-01 2.746744E-02 6.048449E-04 4.503558E+00 9.654460E+00 
1.655462E-01 8.609606E-03 3.562063E-01 1.602970E-01 -1.429611E+00 5.890685E-01 -6.420134E-02 9.117372E-01 2.865844E-02 8.763016E-03 5.211921E+00 1.051054E+01 
1.568750E-01 1.269834E-02 3.693280E-01 1.652851E-01 -1.234162E+00 5.734881E-01 -1.234058E-01 9.750652E-01 3.053285E-02 2.505485E-03 4.210358E+00 9.682754E+00 
1.401717E-01 1.660756E-02 3.572534E-01 1.746544E-01 -1.333288E+00 5.652975E-01 -1.200104E-01 9.368968E-01 2.852273E-02 3.210589E-03 5.043255E+00 1.029720E+01 
1.470485E-01 4.680719E-03 3.475991E-01 1.702780E-01 -1.380400E+00 5.973726E-01 -8.524761E-02 9.201759E-01 2.988457E-02 2.888306E-03 3.600393E+00 1.043593E+01 
1.620306E-01 7.165438E-03 3.171534E-01 1.726030E-01 -1.498814E+00 6.000000E-01 -1.485825E-01 1.112124E+00 2.778779E-02 7.466236E-04 4.460162E+00 7.837259E+00 
1.523550E-01 8.959156E-03 3.602878E-01 1.727917E-01 -1.445467E+00 5.865470E-01 -1.153211E-01 9.145312E-01 2.880393E-02 1.403244E-03 5.059394E+00 8.259675E+00 
1.582316E-01 1.338308E-02 3.355896E-01 1.745978E-01 -1.530373E+00 5.636179E-01 -6.361850E-02 8.964797E-01 2.770551E-02 1.788761E-03 3.938010E+00 6.845907E+00 
1.618611E-01 4.978124E-03 3.673413E-01 1.685597E-01 -1.658337E+00 5.595162E-01 -1.388711E-01 8.867509E-01 2.852103E-02 9.774865E-04 4.683079E+00 9.783174E+00 
1.473369E-01 2.275449E-02 3.569832E-01 1.763460E-01 -1.611096E+00 5.465783E-01 -8.877767E-02 9.965504E-01 2.867573E-02 3.119454E-03 3.916474E+00 8.987242E+00 
1.788515E-01 8.680855E-03 3.603184E-01 1.809153E-01 -1.531683E+00 5.386811E-01 -1.993368E-01 1.054778E+00 2.824653E-02 7.240465E-04 3.963607E+00 9.218949E+00 
1.463057E-01 9.462400E-03 3.538235E-01 1.745801E-01 -1.420701E+00 5.724405E-01 -9.572770E-02 8.880979E-01 2.811954E-02 4.868057E-03 4.324535E+00 1.005276E+01 
1.150785E-01 3.701741E-02 3.669482E-01 1.687495E-01 -1.395095E+00 5.235756E-01 -1.521823E-01 9.121341E-01 2.949191E-02 4.374121E-04 4.089876E+00 9.339092E+00 
1.497588E-01 1.376603E-02 3.735497E-01 1.844559E-01 -1.478977E+00 5.589403E-01 -8.618360E-02 1.000672E+00 2.996074E-02 1.013613E-03 4.694262E+00 8.544738E+00 
1.493965E-01 5.797834E-03 3.605090E-01 1.698915E-01 -1.428605E+00 4.826957E-01 -4.520400E-02 9.145011E-01 2.722922E-02 9.783786E-03 3.945969E+00 1.025406E+01 
1.829880E-01 1.627639E-02 3.662396E-01 1.670519E-01 -1.436655E+00 5.923975E-01 -1.907369E-01 9.077776E-01 2.625667E-02 5.682181E-03 4.546911E+00 8.775395E+00 
1.659905E-01 7.226213E-03 3.864668E-01 1.744729E-01 -1.339985E+00 4.973545E-01 -5.051580E-02 9.398095E-01 3.275924E-02 8.751679E-03 3.318277E+00 9.658551E+00 
1.873384E-01 1.502450E-02 3.484989E-01 1.606810E-01 -1.109882E+00 3.651496E-01 -1.742220E-01 7.870563E-01 2.779220E-02 1.358887E-02 4.060210E+00 9.152127E+00 
5.133259E-02 2.835417E-02 3.397749E-01 1.578003E-01 -1.229328E+00 4.586833E-01 -6.202811E-02 8.812115E-01 2.862602E-02 7.407928E-03 3.487872E+00 9.866155E+00 
1.512206E-01 1.211931E-02 3.640337E-01 1.694143E-01 -1.430689E+00 5.822986E-01 -1.035842E-01 1.069361E+00 3.028609E-02 9.265007E-04 4.526802E+00 8.666754E+00 
1.917299E-01 1.247110E-02 3.770138E-01 1.664904E-01 -1.453795E+00 6.000000E-01 -1.710360E-01 1.017127E+00 3.102360E-02 1.315985E-03 4.666091E+00 8.371281E+00 
1.690904E-01 1.337453E-02 3.107717E-01 1.618181E-01 -1.327434E+00 5.146056E-01 -1.878136E-01 1.038830E+00 3.178141E-02 1.938600E-03 4.476175E+00 1.066174E+01 
1.605242E-01 6.340360E-03 3.693139E-01 1.739759E-01 -1.604360E+00 5.761778E-01 -9.406842E-02 9.116471E-01 2.722758E-02 3.028093E-03 3.949217E+00 1.023919E+01 
1.668730E-01 5.472803E-03 3.485910E-01 1.682645E-01 -1.396761E+00 5.770148E-01 -1.386308E-01 9.234750E-01 2.851208E-02 1.070631E-03 4.270960E+00 9.873376E+00 
1.634907E-01 1.159846E-02 3.580386E-01 1.666900E-01 -1.600147E+00 5.907897E-01 -1.180441E-01 9.078878E-01 2.861589E-02 3.349356E-03 4.319421E+00 8.411971E+00 
1.421391E-01 1.062401E-02 3.770242E-01 1.697302E-01 -1.455066E+00 5.371324E-01 -1.099160E-01 8.877563E-01 2.858571E-02 1.954317E-03 3.959156E+00 9.924778E+00 
1.517741E-01 1.878449E-03 3.513313E-01 1.731626E-01 -1.412458E+00 5.727232E-01 -1.422229E-01 9.474310E-01 3.072146E-02 4.259239E-03 4.142559E+00 9.093326E+00 
1.552167E-01 6.753745E-03 3.555936E-01 1.713855E-01 -1.370466E+00 5.854495E-01 -1.717289E-01 9.370329E-01 3.042158E-02 2.919827E-03 4.289279E+00 8.752748E+00 
1.453573E-01 9.580846E-03 3.602322E-01 1.720461E-01 -1.412074E+00 5.732578E-01 -1.404003E-01 9.137391E-01 2.891804E-02 3.153659E-03 3.854392E+00 8.829829E+00 
1.568097E-01 5.702090E-03 3.457314E-01 1.675643E-01 -1.483499E+00 5.702916E-01 -1.463863E-01 1.008936E+00 2.904793E-02 1.204922E-03 4.112141E+00 7.860805E+00 
1.435667E-01 1.073116E-02 3.558680E-01 1.633169E-01 -1.387609E+00 4.198930E-01 -4.667867E-02 9.521637E-01 2.928837E-02 4.558081E-03 4.084227E+00 9.107241E+00 
1.533083E-01 4.525707E-03 3.532839E-01 1.692641E-01 -1.467826E+00 5.479301E-01 -2.783072E-02 1.063711E+00 3.000605E-02 2.370988E-03 3.714184E+00 9.396028E+00 
1.783227E-01 5.765446E-03 3.580044E-01 1.711074E-01 -1.343057E+00 5.477066E-01 -5.817844E-02 8.390741E-01 2.899219E-02 3.196134E-03 4.315831E+00 9.390324E+00 
1.525874E-01 4.131090E-03 3.384183E-01 1.731438E-01 -1.637394E+00 5.577110E-01 -3.653876E-02 9.333274E-01 3.150681E-02 1.371962E-03 4.184581E+00 9.544402E+00 
1.415036E-01 1.846183E-02 3.522898E-01 1.726555E-01 -1.413297E+00 5.696592E-01 -1.008812E-01 1.107736E+00 2.954447E-02 4.208800E-03 4.283362E+00 9.437969E+00 
1.449803E-01 7.453164E-03 3.626649E-01 1.670112E-01 -1.498943E+00 5.475335E-01 -1.023341E-01 9.572597E-01 3.167885E-02 2.923804E-03 4.302986E+00 8.425973E+00 
1.613367E-01 9.443952E-03 3.574773E-01 1.697737E-01 -1.362190E+00 5.823462E-01 -1.096488E-01 9.233195E-01 2.974032E-02 0.000000E+00 4.655855E+00 9.449490E+00 
1.657366E-01 1.116576E-02 3.552957E-01 1.705727E-01 -1.838305E+00 5.742650E-01 -9.370517E-02 9.347518E-01 3.020072E-02 1.361539E-03 3.636924E+00 9.406502E+00 
1.550320E-01 3.275015E-02 3.631613E-01 1.590165E-01 -1.255502E+00 5.653143E-01 -7.590310E-02 1.039173E+00 2.922632E-02 3.444232E-03 4.596239E+00 1.146816E+01 
1.759188E-01 3.349685E-03 3.542709E-01 1.724839E-01 -1.381113E+00 5.541943E-01 -8.871963E-02 9.880876E-01 2.576276E-02 1.345047E-02 4.392113E+00 9.828307E+00 
1.602235E-01 1.266914E-02 3.600093E-01 1.747673E-01 -1.409237E+00 5.721005E-01 -1.466847E-01 9.020412E-01 3.191403E-02 1.632362E-03 4.137473E+00 9.661031E+00 
1.596318E-01 2.108563E-02 4.043501E-01 1.560123E-01 -1.556943E+00 4.882761E-01 -5.350895E-02 9.877012E-01 2.994404E-02 2.452504E-03 4.245761E+00 1.066908E+01 
1.660005E-01 1.094734E-02 3.518101E-01 1.769224E-01 -1.131577E+00 4.972911E-01 -5.449595E-02 1.127912E+00 3.191792E-02 6.395886E-03 4.202795E+00 9.362304E+00 
1.037502E-01 1.248113E-02 3.505028E-01 1.612986E-01 -1.123559E+00 5.591016E-01 -1.433834E-01 9.404865E-01 2.679056E-02 2.187702E-02 4.955661E+00 8.370805E+00 
1.552199E-01 7.207345E-03 3.616456E-01 1.707530E-01 -1.507437E+00 5.691667E-01 -1.022798E-01 9.644673E-01 3.092138E-02 8.459857E-04 3.799623E+00 9.200312E+00 
1.405274E-01 5.519954E-02 3.463820E-01 1.640163E-01 -1.124011E+00 5.342761E-01 -1.464474E-01 8.473575E-01 2.657746E-02 1.944263E-02 4.620805E+00 7.848018E+00 
1.483956E-01 4.875460E-03 3.606680E-01 1.675358E-01 -1.437443E+00 5.718714E-01 -1.079020E-01 9.690898E-01 2.960303E-02 1.767119E-03 4.231775E+00 8.970262E+00 
1.651603E-01 8.787662E-03 3.512243E-01 1.697814E-01 -1.424816E+00 5.658869E-01 -1.296677E-01 1.135767E+00 2.664850E-02 2.876907E-03 4.480064E+00 7.636088E+00 
9.310750E-02 2.289143E-02 3.348556E-01 1.764626E-01 -1.409034E+00 4.915242E-01 -7.029737E-02 1.030840E+00 3.010638E-02 3.732109E-03 3.825377E+00 7.159644E+00 
1.626824E-01 1.335581E-02 3.440057E-01 1.717565E-01 -1.485427E+00 5.834870E-01 -1.405115E-01 9.668581E-01 2.798749E-02 1.283493E-03 4.204829E+00 9.521352E+00 
1.757856E-01 3.771117E-02 3.413366E-01 1.560393E-01 -1.184464E+00 4.978719E-01 -1.153896E-01 8.285191E-01 2.132980E-02 2.102940E-02 4.581558E+00 8.818129E+00 
1.553684E-01 7.155496E-03 3.378249E-01 1.699175E-01 -1.460461E+00 5.728915E-01 -4.441760E-02 9.030165E-01 2.887326E-02 1.123720E-03 4.791078E+00 8.374710E+00 
1.664233E-01 7.522211E-03 3.612444E-01 1.752515E-01 -1.421904E+00 5.886718E-01 -9.132512E-02 9.532797E-01 2.881073E-02 2.586105E-03 5.013430E+00 9.334715E+00 
1.635093E-01 1.262615E-02 3.782588E-01 1.782523E-01 -1.401382E+00 6.000000E-01 -1.601833E-01 1.024795E+00 2.803396E-02 1.172054E-03 4.267191E+00 8.773039E+00 
1.361445E-01 1.000000E-04 3.543027E-01 1.669044E-01 -1.282579E+00 4.073469E-01 -1.207261E-01 8.010942E-01 3.098851E-02 7.774564E-03 4.717964E+00 9.369079E+00 
1.309224E-01 4.140355E-02 3.558193E-01 1.677172E-01 -1.372210E+00 5.532641E-01 -1.105633E-01 9.531608E-01 3.365559E-02 1.156291E-02 4.126577E+00 2.111515E+00 
1.753676E-01 6.998443E-03 3.550567E-01 1.701416E-01 -1.448845E+00 5.720818E-01 -1.794189E-01 9.077308E-01 2.789348E-02 4.271829E-03 4.606390E+00 8.529872E+00 
1.249926E-01 3.885105E-02 3.239223E-01 1.633821E-01 -1.385820E+00 5.262666E-01 -8.828411E-02 8.795522E-01 2.677508E-02 2.056540E-03 3.868448E+00 1.151830E+01 
1.203397E-01 2.146090E-02 3.575117E-01 1.671388E-01 -1.394855E+00 5.189527E-01 -7.242363E-02 9.650944E-01 2.821897E-02 3.362227E-03 4.825542E+00 9.284319E+00 
1.381705E-01 2.632855E-03 3.601739E-01 1.683819E-01 -1.422687E+00 5.761117E-01 -1.061362E-01 9.394666E-01 3.330090E-02 3.281800E-03 5.480419E+00 8.786369E+00 
1.519305E-01 9.199038E-03 3.377792E-01 1.696134E-01 -1.370002E+00 5.781199E-01 -5.114869E-02 8.771195E-01 3.083028E-02 2.023608E-03 4.512911E+00 9.639752E+00 
1.780005E-01 8.927828E-03 3.709068E-01 1.745960E-01 -1.477060E+00 5.856583E-01 -1.275749E-01 8.854528E-01 2.918150E-02 2.754920E-03 3.594526E+00 9.752124E+00 
1.557358E-01 1.025777E-02 3.380707E-01 1.715493E-01 -1.473585E+00 5.603838E-01 -1.421831E-01 9.344274E-01 2.833384E-02 1.567576E-03 4.201126E+00 1.019694E+01 
1.602814E-01 8.292067E-03 3.385064E-01 1.745417E-01 -1.347719E+00 4.982506E-01 -8.592040E-02 8.590062E-01 3.018844E-02 2.640562E-03 4.079584E+00 1.031909E+01 
1.766384E-01 9.364492E-03 3.654641E-01 1.704344E-01 -1.456043E+00 5.801259E-01 -1.812789E-01 1.031020E+00 2.815767E-02 4.476989E-03 4.951264E+00 8.899297E+00 
1.587452E-01 7.639977E-03 3.661795E-01 1.705789E-01 -1.364490E+00 5.812467E-01 -1.361581E-01 9.244637E-01 2.930910E-02 1.945901E-03 4.768037E+00 1.020083E+01 
1.070868E-01 4.028660E-02 3.329054E-01 1.700392E-01 -1.346274E+00 4.586016E-01 -8.022998E-02 9.966114E-01 3.025124E-02 2.707488E-03 3.871957E+00 1.041830E+01 
1.461105E-01 8.613590E-03 3.489480E-01 1.512493E-01 -1.451920E+00 5.051567E-01 -6.846116E-02 1.125266E+00 2.788224E-02 5.558545E-03 5.024484E+00 1.073773E+01 
1.751189E-01 3.125819E-02 3.660484E-01 1.692460E-01 -1.327729E+00 5.826049E-01 -1.609240E-01 9.096678E-01 2.679127E-02 2.497460E-03 4.407549E+00 8.612238E+00 
1.035862E-01 4.594297E-02 3.465541E-01 1.645101E-01 -1.147913E+00 5.500533E-01 -4.790680E-02 1.023067E+00 2.654854E-02 6.684962E-03 4.760639E+00 1.395170E+01 
1.847757E-01 1.021236E-03 3.471293E-01 1.716758E-01 -1.415949E+00 5.428661E-01 -1.738908E-01 8.705214E-01 2.863305E-02 2.030350E-03 4.442225E+00 9.291269E+00 
1.613052E-01 3.667074E-03 3.375250E-01 1.734286E-01 -1.594700E+00 5.777059E-01 -1.077470E-01 9.768725E-01 2.910629E-02 1.824059E-03 4.280819E+00 9.267454E+00 
1.874627E-01 6.348766E-03 3.389129E-01 1.807497E-01 -1.419931E+00 5.959816E-01 -9.433580E-02 8.875172E-01 3.079889E-02 1.508648E-03 4.268900E+00 9.739651E+00 
4.305774E-02 7.843712E-03 3.265750E-01 1.333124E-01 -1.480489E+00 4.039127E-01 -7.897673E-02 9.804817E-01 2.072477E-02 2.299309E-03 4.218993E+00 8.652927E+00 
1.429617E-01 1.179504E-02 3.510889E-01 1.700480E-01 -1.651859E+00 5.692940E-01 -6.110975E-02 9.314761E-01 2.966064E-02 0.000000E+00 4.076300E+00 8.883456E+00 
1.648256E-01 4.250037E-03 3.694536E-01 1.722630E-01 -1.365250E+00 5.878643E-01 -1.380365E-01 1.072519E+00 3.617913E-02 3.294737E-04 4.481844E+00 8.731568E+00 
1.473364E-01 1.875085E-02 3.612006E-01 1.503395E-01 -1.307327E+00 5.112198E-01 -7.406992E-02 8.109540E-01 3.221320E-02 4.798506E-03 5.927013E+00 1.079189E+01 
1.602142E-01 4.793074E-03 3.673589E-01 1.612566E-01 -1.306266E+00 5.565100E-01 -7.317121E-02 1.045384E+00 3.218340E-02 3.834669E-03 5.019296E+00 1.127418E+01 
9.040260E-02 1.381127E-02 3.558424E-01 1.537650E-01 -1.321998E+00 5.383884E-01 -1.068464E-01 8.725120E-01 2.506453E-02 1.521462E-02 3.586958E+00 7.710952E+00 
1.520946E-01 7.985110E-03 3.646631E-01 1.716191E-01 -1.601400E+00 5.330680E-01 -8.800004E-02 9.307655E-01 3.119267E-02 2.304475E-03 3.535898E+00 7.825087E+00 
1.510849E-01 2.544904E-02 3.454729E-01 1.675794E-01 -1.426742E+00 5.806448E-01 -7.355044E-02 9.418129E-01 3.013086E-02 2.759631E-03 3.112681E+00 9.891049E+00 
9.209764E-02 6.441759E-03 3.555078E-01 1.728936E-01 -1.623105E+00 5.474810E-01 -5.846987E-02 9.902193E-01 2.554922E-02 2.907042E-03 4.629405E+00 9.259062E+00 
1.186296E-01 1.525626E-02 3.446133E-01 1.683511E-01 -1.388418E+00 5.656291E-01 -4.993835E-02 8.569860E-01 2.815353E-02 3.978231E-03 3.801757E+00 8.314804E+00 
1.525958E-01 1.114492E-02 3.382805E-01 1.672803E-01 -1.288384E+00 5.555164E-01 -1.479359E-01 9.721956E-01 2.780447E-02 3.250540E-03 4.120908E+00 9.757896E+00 
1.530279E-01 1.086962E-02 3.553199E-01 1.680465E-01 -1.422796E+00 5.776878E-01 -1.313925E-01 1.004969E+00 2.753814E-02 2.392440E-03 4.394285E+00 8.345565E+00 
1.583777E-01 1.084090E-02 3.921096E-01 1.620818E-01 -1.473057E+00 5.822771E-01 -1.837642E-01 9.681948E-01 2.909478E-02 7.658463E-04 4.669182E+00 7.962490E+00 
1.735654E-01 9.526250E-03 3.757965E-01 1.789724E-01 -1.525307E+00 5.959536E-01 -1.567382E-01 1.045322E+00 2.931484E-02 2.227935E-03 4.743581E+00 4.893459E+00 
1.331209E-01 1.381713E-02 3.464546E-01 1.688908E-01 -1.462760E+00 5.470014E-01 -1.369472E-01 9.655658E-01 2.865618E-02 3.679513E-03 4.306531E+00 7.978933E+00 
1.553624E-01 7.261767E-03 3.684454E-01 1.716670E-01 -1.385951E+00 5.778402E-01 -1.036498E-01 9.520268E-01 2.592223E-02 2.703627E-03 4.348546E+00 7.887028E+00 
1.581193E-01 1.162187E-02 3.644312E-01 1.751712E-01 -1.570521E+00 5.905184E-01 -1.159579E-01 9.249969E-01 2.827044E-02 1.075173E-04 4.182311E+00 8.160001E+00 
1.810546E-01 2.270516E-02 3.566025E-01 1.793166E-01 -1.916443E+00 5.527569E-01 -8.560209E-02 9.991734E-01 2.949812E-02 0.000000E+00 4.342035E+00 9.061378E+00 
1.650169E-01 3.009621E-03 3.578449E-01 1.733440E-01 -1.358488E+00 5.811339E-01 -1.113831E-01 9.683264E-01 3.074032E-02 1.070813E-03 4.060419E+00 9.598191E+00 
1.614150E-01 6.454688E-03 3.470023E-01 1.741832E-01 -1.672817E+00 5.950467E-01 -1.234394E-01 8.704476E-01 3.127744E-02 2.572543E-03 4.989561E+00 8.881859E+00 
1.512063E-01 5.262918E-03 3.574859E-01 1.652050E-01 -1.340477E+00 5.755563E-01 -9.321124E-02 8.925031E-01 3.189036E-02 8.177190E-04 4.597945E+00 9.194525E+00 
1.639680E-01 8.324244E-03 3.744666E-01 1.652597E-01 -1.468496E+00 6.000000E-01 -1.265599E-01 9.742671E-01 2.819640E-02 1.666851E-03 3.918565E+00 6.468181E+00 
1.307376E-01 8.574309E-03 3.700476E-01 1.684944E-01 -1.484792E+00 5.908980E-01 -1.110327E-01 9.381146E-01 3.430842E-02 5.125864E-04 4.206002E+00 1.150671E+01 
1.057050E-01 8.039542E-03 3.557636E-01 1.818946E-01 -1.400872E+00 6.000000E-01 -1.678110E-01 8.798614E-01 2.783329E-02 2.902058E-03 4.462454E+00 9.713425E+00 
1.638589E-01 1.085929E-02 3.603570E-01 1.688364E-01 -1.175493E+00 5.952785E-01 -1.518226E-01 8.670532E-01 3.312821E-02 3.274567E-03 3.745704E+00 9.277899E+00 
9.207241E-02 3.963286E-02 3.650478E-01 1.666926E-01 -1.262212E+00 5.651719E-01 -1.006977E-01 9.553265E-01 3.033791E-02 1.075635E-02 4.445876E+00 6.830540E+00 
1.598634E-01 1.133188E-02 3.506477E-01 1.831508E-01 -1.557593E+00 4.820309E-01 -9.922784E-02 1.179056E+00 2.737620E-02 3.074223E-03 3.798194E+00 1.112138E+01 
1.644744E-01 8.696663E-03 3.541232E-01 1.680788E-01 -1.298001E+00 5.951736E-01 -1.688311E-01 8.871939E-01 2.791464E-02 8.813324E-04 4.230000E+00 9.708331E+00 
1.458057E-01 7.887822E-03 3.440802E-01 1.695916E-01 -1.363381E+00 5.779132E-01 -6.604658E-02 8.482280E-01 2.998038E-02 2.157091E-03 4.176680E+00 1.004074E+01 
1.613396E-01 1.056353E-02 3.543911E-01 1.711296E-01 -1.398777E+00 5.607242E-01 -9.925727E-02 8.962873E-01 2.637798E-02 2.892148E-03 4.240625E+00 8.886827E+00 
1.290042E-01 1.022678E-02 3.414841E-01 1.750472E-01 -1.437046E+00 5.119641E-01 -6.544454E-02 1.030642E+00 3.183164E-02 7.597487E-03 4.884330E+00 9.434980E+00 
1.527341E-01 1.012310E-02 3.637942E-01 1.654197E-01 -1.440563E+00 5.776136E-01 -1.084171E-01 9.232089E-01 2.462548E-02 1.382394E-03 4.475189E+00 9.285815E+00 
6.951860E-02 4.127147E-02 3.629623E-01 1.372154E-01 -1.168439E+00 3.415018E-01 -1.000000E-02 1.022601E+00 2.793033E-02 7.647655E-03 5.249786E+00 1.272488E+01 
1.474958E-01 7.716890E-03 3.249364E-01 1.661072E-01 -1.467875E+00 5.448638E-01 -1.601547E-01 9.480943E-01 2.851672E-02 1.128869E-04 4.315159E+00 9.774532E+00 
1.699985E-01 2.833119E-03 3.532588E-01 1.708842E-01 -1.415902E+00 5.780736E-01 -1.446899E-01 1.038379E+00 3.030487E-02 2.462228E-03 4.312290E+00 7.881714E+00 
6.498440E-02 5.334509E-02 3.311263E-01 1.616378E-01 -1.361490E+00 5.308224E-01 -8.014260E-02 1.027576E+00 2.723822E-02 6.184871E-03 4.267651E+00 9.430997E+00 
8.153535E-02 2.540877E-02 3.189764E-01 1.542994E-01 -1.293222E+00 4.835427E-01 -1.450105E-01 9.531120E-01 3.066922E-02 1.030150E-02 4.030330E+00 1.259232E+01 
9.583140E-02 2.357001E-02 3.685113E-01 1.815716E-01 -1.330065E+00 4.651628E-01 -2.639615E-02 1.017033E+00 3.315549E-02 5.823047E-03 4.633997E+00 8.959841E+00 
1.414749E-01 4.725038E-03 3.560001E-01 1.629382E-01 -1.201791E+00 4.916627E-01 -6.454161E-02 9.820422E-01 3.250433E-02 5.147959E-03 4.024218E+00 9.885073E+00 
1.709060E-01 6.090579E-03 3.710791E-01 1.736318E-01 -1.448973E+00 5.788438E-01 -9.790928E-02 9.486017E-01 2.793561E-02 1.282347E-03 4.534184E+00 8.642268E+00 
1.076789E-01 3.975830E-02 3.523663E-01 1.527718E-01 -1.401252E+00 4.176943E-01 -5.987688E-02 1.019286E+00 3.005121E-02 3.128440E-02 5.274065E+00 7.557956E+00 
1.582350E-01 7.321163E-03 3.490858E-01 1.622138E-01 -1.588786E+00 5.906246E-01 -1.599601E-01 1.063451E+00 2.957423E-02 2.344015E-03 4.312876E+00 8.345101E+00 
1.644676E-01 1.307838E-02 3.545235E-01 1.749420E-01 -1.532086E+00 5.769697E-01 -9.062459E-02 8.868235E-01 2.943247E-02 1.698026E-03 3.389514E+00 1.069014E+01 
1.426531E-01 5.463419E-03 3.368884E-01 1.698932E-01 -1.422967E+00 5.737041E-01 -9.014132E-02 9.398058E-01 2.847440E-02 2.342304E-03 4.102182E+00 8.133995E+00 
1.569632E-01 8.771786E-03 3.572994E-01 1.683389E-01 -1.227471E+00 5.400124E-01 -1.314574E-01 1.025333E+00 3.119893E-02 6.060003E-03 3.657363E+00 8.977309E+00 
1.572381E-01 1.768950E-02 3.885708E-01 1.734002E-01 -1.285004E+00 6.000000E-01 -1.543404E-01 9.830931E-01 2.573684E-02 3.576248E-03 3.764737E+00 8.752593E+00 
1.510224E-01 6.517365E-03 3.389632E-01 1.804563E-01 -1.552562E+00 3.999935E-01 -6.460484E-02 9.320584E-01 2.690697E-02 0.000000E+00 4.355564E+00 9.528606E+00 
1.116814E-01 6.046040E-02 3.691990E-01 1.555540E-01 -1.184524E+00 5.107122E-01 -1.260554E-01 9.040060E-01 2.582292E-02 4.282680E-03 4.316667E+00 8.944674E+00 
9.288196E-02 1.964196E-02 3.850328E-01 1.606358E-01 -1.306259E+00 3.923243E-01 -2.420176E-02 8.222436E-01 2.852650E-02 4.935141E-03 3.805095E+00 9.088357E+00 
1.408050E-01 5.710529E-03 3.462238E-01 1.678649E-01 -1.485735E+00 5.803375E-01 -6.656232E-02 8.892871E-01 2.953540E-02 2.485110E-03 4.160843E+00 9.466845E+00 
1.068265E-01 4.693169E-03 3.432224E-01 1.706080E-01 -1.229145E+00 5.250230E-01 -1.170074E-01 9.566912E-01 2.979721E-02 1.836865E-03 3.835806E+00 9.748564E+00 
1.611404E-01 3.030758E-03 3.637761E-01 1.701212E-01 -1.333096E+00 5.744628E-01 -1.036701E-01 9.151012E-01 2.871654E-02 2.827576E-03 3.876054E+00 1.022008E+01 
1.528625E-01 9.569213E-03 3.612235E-01 1.675275E-01 -1.344261E+00 5.778044E-01 -1.214619E-01 8.467796E-01 2.782588E-02 2.683538E-03 4.335696E+00 9.279053E+00 
1.638375E-01 1.476170E-02 3.609429E-01 1.710201E-01 -1.480570E+00 5.706030E-01 -3.779860E-02 9.184330E-01 2.909923E-02 5.702936E-04 4.519174E+00 1.038069E+01 
1.239227E-01 2.420003E-02 3.523487E-01 1.647301E-01 -1.305071E+00 5.737544E-01 -1.503333E-01 9.376739E-01 2.929735E-02 7.034619E-03 4.129998E+00 1.104797E+01 
1.660221E-01 8.395578E-03 3.578482E-01 1.726597E-01 -1.437743E+00 5.789237E-01 -1.440198E-01 9.461521E-01 2.974015E-02 2.574983E-03 4.286530E+00 7.525453E+00 
1.801001E-01 2.865250E-02 3.086769E-01 1.764547E-01 -1.460258E+00 5.411575E-01 -1.432008E-01 9.731075E-01 2.550847E-02 7.498406E-03 4.023109E+00 8.625171E+00 
1.666494E-01 8.319045E-03 3.507697E-01 1.742607E-01 -1.452852E+00 5.924204E-01 -1.066997E-01 8.022018E-01 2.647926E-02 4.349223E-03 4.246558E+00 1.132735E+01 
1.691472E-01 7.877331E-03 3.581808E-01 1.783231E-01 -1.615179E+00 5.694347E-01 -9.899595E-02 9.535379E-01 2.280203E-02 1.088148E-03 4.255383E+00 1.001706E+01 
1.751750E-01 1.035959E-02 3.715042E-01 1.739260E-01 -1.377682E+00 5.919816E-01 -1.726010E-01 1.027984E+00 2.636902E-02 1.603759E-03 5.128616E+00 9.841117E+00 
9.348272E-02 3.869869E-02 3.316784E-01 1.477036E-01 -1.515466E+00 4.291548E-01 -2.525652E-02 9.364384E-01 3.220126E-02 7.809529E-04 3.960786E+00 8.805908E+00 
1.614456E-01 6.914267E-03 3.430285E-01 1.747845E-01 -1.531614E+00 5.936410E-01 -1.385281E-01 9.462841E-01 2.907648E-02 1.049015E-03 3.951973E+00 8.830723E+00 
1.466782E-01 8.688816E-03 3.729202E-01 1.532651E-01 -1.431410E+00 5.334315E-01 -1.224920E-01 1.084285E+00 2.684161E-02 2.993337E-03 4.198059E+00 9.160500E+00 
1.208246E-01 1.181939E-02 3.708333E-01 1.702437E-01 -1.432711E+00 5.091634E-01 -1.405786E-01 9.051556E-01 2.921522E-02 3.790438E-03 4.374730E+00 9.013400E+00 
1.559278E-01 1.641466E-02 3.817875E-01 1.626525E-01 -1.466633E+00 5.997492E-01 -2.880717E-02 6.741307E-01 3.013465E-02 2.762811E-03 3.791858E+00 1.354210E+01 
1.634920E-01 1.334003E-02 3.494790E-01 1.722011E-01 -1.562481E+00 5.631120E-01 -1.038378E-01 9.476932E-01 2.803676E-02 1.090790E-03 4.652451E+00 7.954973E+00 
1.508684E-01 1.163909E-02 3.617487E-01 1.656410E-01 -1.311405E+00 5.879189E-01 -1.201916E-01 9.097834E-01 3.023913E-02 2.691090E-03 4.207173E+00 8.840893E+00 
1.559310E-01 9.167434E-03 3.524077E-01 1.639167E-01 -1.337784E+00 5.828023E-01 -1.004122E-01 1.034854E+00 2.996074E-02 3.814598E-03 4.600072E+00 8.132304E+00 
1.527456E-01 7.577084E-03 3.666984E-01 1.646196E-01 -1.465994E+00 5.960392E-01 -8.374986E-02 9.596292E-01 2.853559E-02 1.673344E-03 4.526016E+00 9.945483E+00 
1.604437E-01 1.199618E-02 3.650587E-01 1.721640E-01 -1.306298E+00 5.872414E-01 -1.807136E-01 9.107486E-01 2.763413E-02 3.068988E-03 4.435399E+00 8.117750E+00 
1.647103E-01 9.443599E-03 3.717296E-01 1.743039E-01 -1.376565E+00 5.951991E-01 -1.226746E-01 8.758311E-01 2.936368E-02 2.516347E-03 4.149196E+00 9.211765E+00 
9.030974E-02 9.986641E-03 3.674834E-01 1.561549E-01 -1.161639E+00 3.805656E-01 -4.462283E-02 1.066853E+00 3.086674E-02 4.137137E-03 5.408111E+00 9.489165E+00 
1.414590E-01 3.033899E-02 3.430084E-01 1.617373E-01 -1.327953E+00 5.612818E-01 -7.252549E-02 9.817369E-01 3.074007E-02 1.076097E-02 3.909918E+00 9.920975E+00 
1.398473E-01 6.435308E-03 3.539744E-01 1.627097E-01 -1.619172E+00 5.550866E-01 -4.084285E-02 9.483540E-01 2.965702E-02 1.469429E-03 4.135273E+00 8.654358E+00 
1.389943E-01 9.386052E-03 3.636826E-01 1.649181E-01 -1.402914E+00 5.847560E-01 -1.338091E-01 9.821676E-01 3.349162E-02 3.013748E-03 3.272170E+00 9.220176E+00 
1.697407E-01 7.926478E-03 3.786755E-01 1.715542E-01 -1.419495E+00 5.922098E-01 -1.240019E-01 8.448078E-01 2.893693E-02 1.785187E-03 3.697480E+00 7.593904E+00 
1.525736E-01 5.173191E-03 3.654448E-01 1.707743E-01 -1.308489E+00 5.813172E-01 -7.287322E-02 9.713958E-01 3.080930E-02 3.527722E-03 4.505259E+00 9.467358E+00 
1.523547E-01 4.885757E-03 3.589893E-01 1.645985E-01 -1.421637E+00 5.531161E-01 -4.591156E-02 9.761744E-01 3.305096E-02 2.737674E-03 3.917892E+00 8.076698E+00 
1.527829E-01 1.835994E-02 3.076391E-01 1.740831E-01 -1.677666E+00 5.429951E-01 -1.385983E-01 1.084619E+00 2.980264E-02 3.257461E-04 5.358862E+00 1.018141E+01 
1.605546E-01 6.731682E-03 3.687684E-01 1.674259E-01 -1.283171E+00 5.365591E-01 -1.445482E-01 9.766107E-01 2.686373E-02 0.000000E+00 3.437011E+00 9.941171E+00 
1.503892E-01 1.024668E-02 3.641766E-01 1.636441E-01 -1.449809E+00 5.792028E-01 -1.215359E-01 8.743211E-01 2.758885E-02 1.139251E-03 4.230251E+00 1.014310E+01 
1.258884E-01 8.905701E-03 3.651825E-01 1.947859E-01 -1.586464E+00 5.917023E-01 -1.124747E-01 9.174177E-01 3.117047E-02 9.351741E-04 4.279403E+00 1.089061E+01 
1.593809E-01 9.796610E-03 3.759614E-01 1.714809E-01 -1.459577E+00 5.927894E-01 -1.081353E-01 9.557745E-01 3.398007E-02 3.033776E-03 4.492223E+00 9.273969E+00 
1.630750E-01 1.049899E-02 3.643467E-01 1.665818E-01 -1.442378E+00 5.984731E-01 -1.874730E-01 1.020985E+00 2.722792E-02 2.326868E-03 4.363572E+00 1.021952E+01 
1.577210E-01 9.245759E-03 3.576607E-01 1.702441E-01 -1.448972E+00 5.862579E-01 -1.193418E-01 9.725091E-01 2.734864E-02 1.471618E-03 4.952273E+00 1.029443E+01 
1.508139E-01 3.103203E-02 3.486863E-01 1.804958E-01 -1.461413E+00 5.636318E-01 -1.172072E-01 1.066898E+00 2.961938E-02 8.516771E-03 5.101908E+00 9.474136E+00 
1.306159E-01 1.425365E-02 3.555851E-01 1.604515E-01 -1.499566E+00 5.930389E-01 -6.141743E-02 8.865428E-01 2.921888E-02 1.106115E-03 4.333004E+00 9.540913E+00 
1.439511E-01 2.777763E-02 3.381527E-01 1.470112E-01 -1.187286E+00 5.305717E-01 -8.117911E-02 9.675142E-01 3.099858E-02 6.969505E-03 4.046561E+00 1.344952E+01 
1.650152E-01 4.510718E-03 3.691075E-01 1.654186E-01 -1.311005E+00 5.419322E-01 -1.390914E-01 8.841892E-01 3.058350E-02 1.340386E-03 4.596036E+00 8.967593E+00 
1.584119E-01 9.019184E-03 3.801166E-01 1.711665E-01 -1.528212E+00 5.725506E-01 -1.536254E-02 8.794739E-01 3.174907E-02 3.344890E-03 4.462040E+00 8.763529E+00 
1.657538E-01 6.397461E-03 3.515253E-01 1.738199E-01 -1.441896E+00 5.612190E-01 -1.210963E-01 9.766809E-01 2.736575E-02 4.863675E-03 5.200921E+00 7.748044E+00 
1.545808E-01 8.700555E-03 3.694185E-01 1.755591E-01 -1.439038E+00 5.887138E-01 -5.540853E-02 8.344257E-01 2.943827E-02 3.510362E-03 4.720835E+00 9.775681E+00 
1.594101E-01 1.544593E-02 3.488321E-01 1.780114E-01 -1.601847E+00 5.670076E-01 -9.631492E-02 9.396808E-01 2.669178E-02 1.223198E-03 4.108681E+00 9.444618E+00 
1.433188E-01 6.203169E-03 3.803254E-01 1.686064E-01 -1.296100E+00 5.627180E-01 -1.425372E-01 9.779026E-01 2.636611E-02 0.000000E+00 4.059807E+00 9.846766E+00 
1.387268E-01 3.152591E-02 3.384624E-01 1.799920E-01 -1.316800E+00 5.353396E-01 -1.400230E-01 9.328444E-01 3.171812E-02 2.602221E-03 4.133302E+00 6.476696E+00 
1.433981E-01 1.540880E-02 3.363669E-01 1.678397E-01 -1.463477E+00 5.905437E-01 -1.447921E-01 8.861916E-01 2.866256E-02 1.846909E-03 4.842864E+00 8.612586E+00 
1.373290E-01 8.404008E-03 3.581310E-01 1.643424E-01 -1.297779E+00 5.650356E-01 -1.118608E-01 8.827740E-01 2.804171E-02 2.837713E-03 4.098148E+00 1.058989E+01 
1.710814E-01 9.140321E-03 3.454635E-01 1.719660E-01 -1.368811E+00 5.841950E-01 -1.739104E-01 9.480979E-01 2.755880E-02 2.317734E-03 4.072777E+00 9.074945E+00 
1.383514E-01 1.675970E-02 3.650900E-01 1.720608E-01 -1.293644E+00 5.435538E-01 -8.473470E-02 9.382679E-01 2.525680E-02 1.551428E-03 4.177338E+00 8.878425E+00 
1.709751E-01 5.652715E-03 3.704242E-01 1.698936E-01 -1.242017E+00 5.771626E-01 -1.400365E-01 7.819480E-01 2.954459E-02 2.615877E-03 3.685146E+00 9.655814E+00 
1.204446E-01 4.688000E-02 3.414643E-01 1.404131E-01 -1.188021E+00 3.956723E-01 -5.377561E-02 9.801944E-01 3.803085E-02 1.858324E-02 4.586298E+00 1.141649E+01 
1.017848E-01 5.629964E-02 3.534997E-01 1.546708E-01 -1.454499E+00 4.677546E-01 -5.756688E-02 1.050502E+00 2.806989E-02 8.950078E-03 4.622687E+00 8.537857E+00 
8.599181E-02 1.099124E-01 3.249390E-01 1.674768E-01 -1.431575E+00 5.029988E-01 -3.802651E-02 9.962989E-01 3.273807E-02 8.395147E-03 4.488369E+00 6.639411E+00 
1.370320E-01 2.034514E-02 3.382682E-01 1.642984E-01 -1.351398E+00 4.489254E-01 -1.450916E-01 9.005437E-01 4.194950E-02 1.706225E-02 4.574101E+00 4.537570E+00 
1.685887E-01 7.457420E-03 3.880743E-01 1.642018E-01 -1.508022E+00 5.817587E-01 -1.783961E-01 9.148071E-01 2.820854E-02 5.019324E-03 4.256590E+00 8.378015E+00 
1.501874E-01 2.956730E-02 2.992295E-01 1.679548E-01 -1.599433E+00 5.375447E-01 -1.140222E-01 9.166221E-01 2.945098E-02 5.982610E-03 4.373039E+00 9.681557E+00 
1.317577E-01 9.643985E-04 3.473377E-01 1.683440E-01 -1.404507E+00 5.614376E-01 -1.383708E-01 9.826063E-01 3.435316E-02 4.679880E-03 4.565375E+00 6.228341E+00 
1.796918E-01 6.617409E-02 3.417445E-01 1.704484E-01 -1.389822E+00 3.316570E-01 -1.426613E-01 9.999302E-01 3.730014E-02 4.335714E-03 4.133182E+00 6.235206E+00 
1.379174E-01 1.846674E-02 3.479696E-01 1.448159E-01 -1.264280E+00 5.778132E-01 -8.042379E-02 8.728134E-01 2.887380E-02 1.770221E-02 3.588330E+00 9.816128E+00 
1.655269E-01 9.283147E-03 3.776538E-01 1.740552E-01 -1.418859E+00 5.921783E-01 -1.181789E-01 9.749730E-01 2.843064E-02 3.131159E-03 4.439392E+00 1.039242E+01 
1.537889E-01 8.241516E-03 3.481096E-01 1.782533E-01 -1.397500E+00 5.858873E-01 -9.485508E-02 9.141141E-01 2.877815E-02 2.287163E-03 4.011711E+00 1.100708E+01 
1.516609E-01 9.352405E-03 3.725086E-01 1.713612E-01 -1.375675E+00 5.212928E-01 -1.679216E-01 9.834778E-01 2.800473E-02 1.125666E-03 3.970312E+00 9.026025E+00 
1.446315E-01 7.289083E-03 3.437776E-01 1.731413E-01 -1.527671E+00 5.771725E-01 -7.888235E-02 9.293684E-01 2.948060E-02 2.706169E-03 4.171559E+00 9.186779E+00 
9.990122E-02 2.097618E-02 3.670443E-01 1.577442E-01 -1.340095E+00 5.483179E-01 -1.165244E-01 7.812253E-01 3.076622E-02 3.569303E-03 4.301295E+00 9.070996E+00 
1.570557E-01 6.793340E-03 3.629920E-01 1.673911E-01 -1.434120E+00 5.571617E-01 -1.460198E-01 9.368434E-01 3.055474E-02 3.570664E-03 4.338515E+00 9.044312E+00 
1.889666E-01 5.589207E-03 3.475259E-01 1.693308E-01 -1.428899E+00 5.866939E-01 -8.870271E-02 8.596435E-01 2.991701E-02 2.260269E-03 4.482254E+00 8.976116E+00 
1.000000E-04 4.619549E-02 3.649857E-01 1.444644E-01 -1.029301E+00 4.761122E-01 -5.064526E-02 1.150047E+00 3.235900E-02 1.499892E-02 4.549404E+00 7.448672E+00 
1.607167E-01 1.068173E-02 3.319820E-01 1.787991E-01 -1.513219E+00 5.749046E-01 -7.319924E-02 9.242775E-01 2.980673E-02 2.089637E-03 4.238883E+00 7.945087E+00 
1.600229E-01 8.947843E-03 3.489813E-01 1.778497E-01 -1.451908E+00 5.700805E-01 -1.697409E-02 8.770700E-01 2.906586E-02 6.446449E-03 4.106359E+00 9.249099E+00 
1.181758E-01 2.365069E-02 3.436630E-01 1.578076E-01 -1.334828E+00 4.965168E-01 -5.400999E-02 1.001730E+00 2.376325E-02 6.109740E-03 4.830563E+00 5.746121E+00 
1.522754E-01 7.553324E-03 3.006875E-01 1.751891E-01 -1.368017E+00 5.248849E-01 -7.483646E-02 1.007168E+00 2.858349E-02 9.781106E-04 4.660807E+00 9.351934E+00 
1.291928E-01 5.150496E-03 3.702419E-01 1.779003E-01 -1.406689E+00 5.647089E-01 -1.170085E-01 9.586322E-01 2.791975E-02 6.818200E-03 3.914875E+00 8.313930E+00 
1.594915E-01 2.724012E-03 3.423334E-01 1.700579E-01 -1.426500E+00 5.901439E-01 -1.809423E-01 9.568805E-01 3.147955E-02 0.000000E+00 4.120893E+00 1.098106E+01 
1.034985E-01 1.962503E-02 3.639442E-01 1.623951E-01 -1.250901E+00 5.387008E-01 -7.931812E-02 9.046552E-01 3.006344E-02 1.536709E-03 3.552016E+00 1.105192E+01 
1.590584E-01 3.518150E-03 3.415676E-01 1.783241E-01 -1.270817E+00 5.724462E-01 -2.507350E-02 9.735631E-01 2.630758E-02 2.788433E-03 3.923935E+00 8.530751E+00 
1.730306E-01 1.076230E-02 3.728260E-01 1.743632E-01 -1.329879E+00 5.758975E-01 -8.093154E-02 8.789556E-01 3.008671E-02 0.000000E+00 4.238520E+00 9.286392E+00 
1.577920E-01 6.576808E-03 3.662102E-01 1.689682E-01 -1.505884E+00 5.587189E-01 -7.715010E-02 9.185814E-01 2.939700E-02 9.761932E-04 3.709357E+00 8.739811E+00 
1.395948E-01 1.021074E-02 3.670893E-01 1.697395E-01 -1.434583E+00 5.819286E-01 -1.782512E-01 9.089586E-01 3.060082E-02 1.681873E-03 4.019212E+00 1.216369E+01 
1.733316E-01 6.659206E-03 3.709056E-01 1.767768E-01 -1.446722E+00 5.678720E-01 -6.942669E-02 5.118416E-01 3.110436E-02 1.441615E-03 4.214291E+00 9.737132E+00 
1.612343E-01 8.396652E-03 3.713401E-01 1.656873E-01 -1.439322E+00 4.845089E-01 -5.558518E-02 1.012501E+00 2.402935E-02 3.143454E-03 4.328365E+00 7.442771E+00 
1.562028E-01 8.847524E-03 3.498996E-01 1.729915E-01 -1.349017E+00 5.766015E-01 -1.587847E-01 9.565633E-01 2.875731E-02 2.553879E-03 4.575974E+00 8.762012E+00 
1.600970E-01 5.973388E-03 3.702520E-01 1.751883E-01 -1.354220E+00 5.531622E-01 -9.948457E-02 8.910368E-01 2.939777E-02 4.602224E-03 4.520288E+00 1.063716E+01 
1.699902E-01 8.203554E-03 3.605562E-01 1.705353E-01 -1.520446E+00 5.672345E-01 -1.553481E-01 9.464926E-01 2.683387E-02 1.863646E-03 4.163075E+00 8.464356E+00 
1.632796E-01 1.191621E-02 3.721362E-01 1.706483E-01 -1.310066E+00 5.891146E-01 -1.309009E-01 9.054985E-01 3.415341E-02 2.196863E-03 3.941256E+00 1.060699E+01 
1.586231E-01 1.492549E-02 3.463805E-01 1.738350E-01 -1.403441E+00 5.793977E-01 -1.925110E-01 9.961129E-01 3.106058E-02 1.999868E-03 4.432558E+00 8.838595E+00 
1.677698E-01 7.649374E-03 3.584600E-01 1.754592E-01 -1.417457E+00 5.814449E-01 -9.728903E-02 8.998802E-01 2.751133E-02 1.864787E-03 4.501396E+00 9.746860E+00 
1.697668E-01 6.370039E-03 3.528828E-01 1.722985E-01 -1.485048E+00 5.753954E-01 -8.457205E-02 9.486603E-01 2.829232E-02 4.184831E-03 5.167196E+00 8.573732E+00 
1.367103E-01 1.579151E-02 3.820545E-01 1.777933E-01 -1.395588E+00 6.000000E-01 -1.776725E-01 9.930200E-01 2.800266E-02 3.226758E-03 3.399518E+00 7.181188E+00 
1.692160E-01 1.704978E-02 3.512725E-01 1.765075E-01 -1.397046E+00 6.000000E-01 -1.505966E-01 9.648802E-01 2.779186E-02 3.053983E-03 3.920417E+00 7.816908E+00 
1.570316E-01 1.038728E-02 3.702836E-01 1.728652E-01 -1.627300E+00 5.700127E-01 -9.339203E-02 9.070618E-01 2.571433E-02 2.469340E-03 3.648658E+00 9.099077E+00 
1.536893E-01 3.584700E-03 3.470714E-01 1.677778E-01 -1.378325E+00 5.647062E-01 -8.960552E-02 9.030128E-01 2.952566E-02 6.561929E-03 4.189249E+00 8.952508E+00 
1.404593E-01 4.103755E-03 3.605946E-01 1.701120E-01 -1.359453E+00 5.874333E-01 -7.934228E-02 9.682938E-01 2.944081E-02 5.278937E-04 4.563845E+00 1.050677E+01 
1.582156E-01 1.972328E-02 3.684397E-01 1.706093E-01 -1.509239E+00 6.000000E-01 -1.151232E-01 9.509026E-01 2.993716E-02 8.075849E-04 4.157468E+00 6.364229E+00 
1.598539E-01 1.202786E-02 3.574018E-01 1.695751E-01 -1.465698E+00 6.000000E-01 -1.629905E-01 1.084464E+00 3.157825E-02 2.834821E-04 4.098227E+00 1.095416E+01 
1.807644E-01 1.251469E-02 3.321333E-01 1.810386E-01 -1.504567E+00 5.706214E-01 -1.094650E-01 9.471044E-01 2.729945E-02 2.555690E-03 4.195450E+00 9.043492E+00 
6.460929E-02 2.783794E-02 3.345728E-01 1.656349E-01 -1.371104E+00 4.320270E-01 -6.594516E-02 1.008574E+00 4.702993E-02 1.245525E-02 4.427145E+00 3.001671E+00 
1.796971E-01 7.182847E-03 3.850086E-01 1.798594E-01 -1.658527E+00 4.975024E-01 -1.680830E-01 8.987963E-01 2.923429E-02 0.000000E+00 3.918536E+00 7.554591E+00 
1.998503E-01 3.418139E-03 3.506089E-01 1.767149E-01 -1.521321E+00 5.909408E-01 -1.507722E-01 9.959524E-01 2.737228E-02 1.892082E-03 4.286210E+00 9.725323E+00 
1.683374E-01 4.285020E-03 3.674278E-01 1.724499E-01 -1.332834E+00 5.445682E-01 -9.449008E-02 9.634976E-01 3.353671E-02 2.022692E-05 4.258792E+00 8.856289E+00 
1.518611E-01 6.271388E-03 3.411587E-01 1.750666E-01 -1.550494E+00 5.646915E-01 -8.883703E-02 9.099315E-01 3.221123E-02 1.230403E-03 5.594761E+00 9.119664E+00 
1.527175E-01 7.857845E-03 3.427405E-01 1.661535E-01 -1.382310E+00 5.586434E-01 -1.118184E-01 9.070659E-01 2.947212E-02 2.563059E-03 3.906081E+00 1.040655E+01 
1.684805E-01 5.770933E-03 3.522153E-01 1.707516E-01 -1.457975E+00 5.560366E-01 -7.773722E-02 8.848066E-01 2.692962E-02 2.285241E-03 4.252365E+00 9.567684E+00 
1.510698E-01 1.394106E-02 3.675197E-01 1.766774E-01 -1.601756E+00 6.000000E-01 -8.633041E-02 7.379149E-01 2.872243E-02 1.793702E-03 3.259307E+00 1.069834E+01 
8.887998E-02 4.217825E-02 3.605910E-01 1.432104E-01 -1.457115E+00 4.770801E-01 -3.209441E-02 9.157574E-01 2.879976E-02 7.860482E-03 3.777782E+00 6.878271E+00 
1.662172E-01 1.587757E-02 3.511390E-01 1.648406E-01 -1.247465E+00 5.136118E-01 -1.761686E-01 9.244137E-01 2.365094E-02 1.132623E-02 4.569538E+00 8.198294E+00 
1.546538E-01 7.040166E-03 3.510231E-01 1.702763E-01 -1.462056E+00 5.889128E-01 -3.168995E-02 1.073271E+00 3.086608E-02 1.636604E-03 4.173050E+00 9.790097E+00 
4.278916E-02 1.717749E-02 3.493627E-01 1.782097E-01 -1.434113E+00 2.897342E-01 -7.412842E-02 7.499810E-01 2.992843E-02 3.436786E-03 4.768618E+00 1.114494E+01 
1.362091E-01 9.046273E-03 3.377892E-01 1.700115E-01 -1.461504E+00 5.415009E-01 -1.127541E-01 1.008917E+00 3.073076E-02 7.910630E-03 4.296527E+00 9.334191E+00 
1.684224E-01 7.466974E-03 3.653804E-01 1.711545E-01 -1.481448E+00 5.843494E-01 -1.401424E-01 8.311246E-01 3.297446E-02 1.941450E-03 4.339316E+00 8.963138E+00 
1.775730E-01 9.975074E-03 3.623412E-01 1.774436E-01 -1.421071E+00 6.000000E-01 -1.416773E-01 8.918928E-01 2.887366E-02 3.195783E-03 4.924106E+00 8.687808E+00 
1.358471E-01 1.360185E-02 3.669492E-01 1.740250E-01 -1.417859E+00 5.667060E-01 -5.607872E-02 8.831352E-01 2.888479E-02 1.892391E-03 4.364050E+00 7.535755E+00 
1.728878E-01 5.992206E-02 3.390498E-01 1.748051E-01 -1.344053E+00 4.854942E-01 -6.682256E-02 9.393291E-01 2.870110E-02 9.213339E-03 3.887828E+00 9.769399E+00 
1.388721E-01 9.546228E-03 3.550494E-01 1.704248E-01 -1.463033E+00 6.000000E-01 -1.148467E-01 9.511408E-01 2.507907E-02 1.324864E-03 4.219468E+00 9.034045E+00 
1.627490E-01 1.000000E-04 3.524773E-01 1.735221E-01 -1.373082E+00 5.750446E-01 -6.275778E-02 8.958382E-01 3.343078E-02 1.668043E-03 3.524008E+00 1.021725E+01 
1.239862E-01 7.131217E-03 3.833898E-01 1.781567E-01 -1.454063E+00 5.881631E-01 -5.212651E-02 8.862367E-01 2.825210E-02 2.689179E-03 3.991511E+00 1.229272E+01 
1.740506E-01 6.125045E-03 3.645360E-01 1.676446E-01 -1.515165E+00 5.885124E-01 -1.404152E-01 8.909629E-01 3.051230E-02 3.638405E-03 3.956453E+00 9.296537E+00 
1.569061E-01 2.204685E-02 3.613319E-01 1.776903E-01 -1.583348E+00 5.743454E-01 -1.076002E-01 8.159683E-01 2.081974E-02 0.000000E+00 3.920339E+00 7.328344E+00 
1.248251E-01 1.412595E-02 3.244558E-01 1.429553E-01 -1.281339E+00 4.646742E-01 -5.673974E-02 1.017389E+00 3.131234E-02 7.547235E-03 3.223011E+00 8.169139E+00 
1.546597E-01 9.932095E-03 3.459578E-01 1.685519E-01 -1.302277E+00 5.863171E-01 -9.523749E-02 9.004093E-01 3.080753E-02 1.395950E-03 4.273456E+00 7.615312E+00 
1.610579E-01 1.702072E-02 3.586594E-01 1.657169E-01 -1.430129E+00 6.000000E-01 -1.474357E-01 9.060207E-01 3.078261E-02 3.135915E-03 4.239348E+00 9.243634E+00 
1.649099E-01 3.772249E-03 3.606903E-01 1.702846E-01 -1.539172E+00 5.553836E-01 -1.058422E-01 9.310121E-01 3.178832E-02 1.360445E-03 4.662936E+00 8.497938E+00 
4.035828E-02 1.053370E-03 3.251758E-01 1.702468E-01 -1.361934E+00 4.798241E-01 -1.171630E-01 1.071100E+00 2.725579E-02 1.814987E-03 3.783897E+00 1.052091E+01 
1.672074E-01 9.878181E-03 3.549619E-01 1.624984E-01 -1.349136E+00 5.894828E-01 -1.468920E-01 8.558465E-01 2.508155E-02 6.048903E-04 4.685346E+00 9.782183E+00 
1.511598E-01 1.124456E-02 3.655541E-01 1.802216E-01 -1.548754E+00 5.891679E-01 -7.321454E-02 8.942381E-01 2.895343E-02 2.302924E-03 4.166026E+00 9.850071E+00 
1.687448E-01 9.361824E-03 3.653203E-01 1.730724E-01 -1.530133E+00 5.696877E-01 -1.191115E-01 8.760521E-01 3.209302E-02 1.803077E-03 4.222736E+00 1.048603E+01 
1.766644E-01 1.123112E-03 3.482888E-01 1.832084E-01 -1.379440E+00 5.916887E-01 -6.381341E-02 8.759409E-01 2.609962E-02 2.556603E-03 4.898971E+00 9.629123E+00 
1.495908E-01 1.153833E-02 3.564727E-01 1.645430E-01 -1.506470E+00 5.551440E-01 -9.665609E-02 9.499116E-01 3.053627E-02 2.113014E-03 4.050220E+00 1.011154E+01 
1.527794E-01 4.756275E-03 3.545876E-01 1.730140E-01 -1.451711E+00 5.784329E-01 -1.151197E-01 8.648375E-01 2.877192E-02 1.848585E-03 4.499390E+00 8.586312E+00 
1.565459E-01 1.200511E-02 3.350466E-01 1.703600E-01 -1.290578E+00 5.696618E-01 -9.692621E-02 8.690531E-01 2.845849E-02 3.635988E-03 3.983542E+00 9.638009E+00 
1.422184E-01 1.159338E-02 3.142663E-01 1.330442E-01 -1.388811E+00 5.153386E-01 -9.950456E-02 8.121401E-01 3.055475E-02 5.707084E-03 4.265031E+00 9.927458E+00 
1.969030E-01 7.568740E-03 3.828733E-01 1.822290E-01 -1.497890E+00 5.719648E-01 -1.816423E-01 9.044656E-01 2.999303E-02 4.298286E-03 4.374898E+00 9.644236E+00 
1.589988E-01 1.000000E-04 3.475780E-01 1.795171E-01 -1.516056E+00 5.676662E-01 -1.075738E-01 9.714033E-01 2.982916E-02 5.976840E-04 4.538870E+00 8.177546E+00 
1.581266E-01 7.412872E-03 3.607150E-01 1.714296E-01 -1.349463E+00 5.747215E-01 -3.325923E-02 9.759770E-01 2.977963E-02 2.090524E-03 4.099641E+00 8.025743E+00 
1.530425E-01 7.841440E-03 3.422393E-01 1.699962E-01 -1.399141E+00 5.668690E-01 -6.365835E-02 1.024371E+00 3.307513E-02 2.599318E-03 3.812686E+00 8.937817E+00 
1.661123E-01 7.077346E-03 3.396357E-01 1.704003E-01 -1.390573E+00 5.803873E-01 -1.269504E-01 8.562606E-01 2.863922E-02 2.976106E-03 4.975369E+00 8.820427E+00 
1.521886E-01 9.400878E-03 3.583500E-01 1.710007E-01 -1.491553E+00 5.407813E-01 -1.320301E-01 8.146819E-01 2.933003E-02 9.322201E-04 4.543661E+00 9.162985E+00 
