4.109786E-02 4.084190E-02 3.450360E-01 1.414783E-01 -1.432326E+00 5.331628E-01 -1.385447E-01 1.017629E+00 2.830676E-02 2.630534E-02 7.470890E+00 5.711927E+00 
1.033106E-01 3.175562E-02 4.034164E-01 1.666667E-01 -1.302805E+00 4.996205E-01 -5.227752E-02 8.731420E-01 4.228538E-02 3.083958E-02 3.068437E+00 1.210972E+01 
4.905804E-02 4.477474E-02 2.700588E-01 1.530950E-01 -1.176409E+00 5.221380E-01 -6.214236E-02 6.301693E-01 1.596507E-02 3.353112E-02 4.990877E+00 6.001166E+00 
8.054791E-02 4.695007E-02 3.139697E-01 1.202617E-01 -8.239530E-01 3.472956E-01 -4.396820E-02 8.232744E-01 4.452249E-02 1.874360E-02 3.621301E+00 6.081200E+00 
9.681855E-02 6.004360E-02 4.062989E-01 1.580814E-01 -1.191938E+00 3.331259E-01 -3.256773E-02 1.203681E+00 2.692991E-02 3.344522E-02 3.293053E+00 7.347887E+00 
4.715298E-02 7.505406E-02 4.284640E-01 1.539584E-01 -1.434094E+00 3.991815E-01 -7.249449E-02 3.720915E-01 4.074532E-02 2.582689E-02 2.055162E+00 8.233194E+00 
6.534245E-02 3.345654E-02 4.094203E-01 1.468493E-01 -9.912255E-01 3.657065E-01 -4.171445E-02 1.021401E+00 4.081575E-02 1.126816E-02 5.721793E+00 9.814267E+00 
3.831085E-02 4.437289E-02 4.212286E-01 1.311692E-01 -7.769976E-01 4.053831E-01 -4.811925E-02 9.811206E-01 2.048904E-02 1.727163E-02 4.592525E+00 9.464736E+00 
4.542841E-02 3.411882E-02 3.718661E-01 1.309589E-01 -9.151373E-01 2.524163E-01 -4.555326E-02 9.816284E-01 4.164932E-02 1.550462E-02 4.953614E+00 6.576136E+00 
5.502155E-02 5.866573E-02 2.950868E-01 1.412873E-01 -1.296869E+00 4.273014E-01 -6.708984E-02 9.208637E-01 4.251935E-02 1.452727E-02 4.903218E+00 1.437630E+01 
1.106586E-01 4.901261E-02 4.720294E-01 1.687783E-01 -1.070441E+00 6.000000E-01 -1.000000E-02 1.099024E+00 2.891609E-02 1.211655E-02 5.186565E+00 1.208980E+01 
7.146818E-02 1.200124E-02 3.676500E-01 1.361542E-01 -1.092616E+00 3.935077E-01 -5.448495E-02 9.398419E-01 4.848539E-02 1.418535E-02 4.456001E+00 9.976924E+00 
6.745837E-02 3.332267E-02 2.770839E-01 1.828326E-01 -7.357488E-01 4.027376E-01 -8.388817E-02 1.243721E+00 6.193612E-02 3.773170E-02 5.776401E+00 8.253457E+00 
8.450740E-02 5.209745E-02 3.614773E-01 1.296916E-01 -1.287619E+00 3.862003E-01 -7.545039E-02 7.512525E-01 3.748603E-02 8.400889E-03 3.899389E+00 7.373885E+00 
4.233470E-02 1.019389E-01 3.131895E-01 1.514126E-01 -1.053056E+00 3.500879E-01 -4.955378E-02 9.480167E-01 5.178536E-02 3.238664E-02 5.373101E+00 1.265075E+01 
1.423192E-01 6.029920E-02 3.197949E-01 1.711479E-01 -1.399913E+00 5.391946E-01 -7.199376E-02 6.567158E-01 2.391915E-02 2.309759E-02 6.087809E+00 8.483761E+00 
7.575361E-02 8.069274E-02 3.401533E-01 1.449119E-01 -9.282656E-01 4.092991E-01 -1.282427E-01 7.848218E-01 2.681270E-02 2.533509E-02 5.371057E+00 4.868764E+00 
7.165604E-02 9.550470E-02 3.429930E-01 1.232152E-01 -1.078513E+00 4.249806E-01 -9.289049E-02 9.881322E-01 3.462308E-02 3.219689E-02 4.257986E+00 1.237365E+01 
5.542169E-02 2.942998E-02 4.713382E-01 1.558024E-01 -1.322373E+00 4.218207E-01 -1.698173E-02 4.865005E-01 4.170832E-02 2.969286E-02 3.198546E+00 1.373485E+01 
6.796684E-02 5.424151E-02 3.973606E-01 1.293037E-01 -1.296025E+00 3.571564E-01 -8.163574E-02 1.140219E+00 2.678448E-02 1.663775E-02 5.310433E+00 1.265081E+01 
2.628073E-02 3.491733E-03 4.622638E-01 1.604269E-01 -1.049675E+00 4.876122E-01 -1.000000E-02 1.187187E+00 3.000706E-02 1.223222E-02 4.099871E+00 8.655266E+00 
8.517821E-02 8.586116E-02 4.123222E-01 1.418392E-01 -5.532313E-01 3.825585E-01 -6.466939E-02 1.182651E+00 4.537318E-02 1.577117E-02 4.225098E+00 6.786730E+00 
5.391229E-02 7.870311E-02 3.826939E-01 1.449154E-01 -7.718774E-01 4.082569E-01 -1.607214E-02 9.787427E-01 3.027036E-02 1.315016E-02 5.436252E+00 3.031307E+00 
4.419896E-02 1.092366E-02 3.293967E-01 1.657371E-01 -1.292351E+00 4.044899E-01 -6.607629E-02 9.827675E-01 4.384049E-02 7.254317E-03 4.932798E+00 1.049300E+01 
9.804640E-02 3.523069E-02 3.956310E-01 1.516095E-01 -8.148947E-01 5.464510E-01 -4.407888E-02 7.219898E-01 3.387010E-02 3.773368E-02 5.953904E+00 1.471872E+01 
7.226959E-02 8.401108E-02 4.116151E-01 1.426666E-01 -1.317845E+00 4.611692E-01 -1.197648E-01 8.844673E-01 3.865935E-02 1.846477E-02 5.861987E+00 4.433972E+00 
7.196785E-02 4.850045E-02 3.956729E-01 1.862411E-01 -1.643842E+00 4.034996E-01 -9.393690E-02 1.602667E+00 3.902007E-02 9.098852E-03 3.149157E+00 5.835646E+00 
3.294553E-02 7.923245E-03 3.366808E-01 1.478062E-01 -1.145525E+00 4.257957E-01 -5.646657E-02 6.680166E-01 4.098106E-02 4.751030E-03 3.589463E+00 8.450407E+00 
4.654895E-02 2.466505E-02 3.864521E-01 1.392293E-01 -1.242752E+00 3.662377E-01 -5.302429E-02 1.034120E+00 3.921023E-02 2.234900E-02 3.799480E+00 1.023800E+01 
5.833451E-02 7.444992E-02 4.138654E-01 1.517304E-01 -1.309136E+00 2.255573E-01 -4.796157E-02 1.338812E+00 4.211892E-02 1.649691E-02 4.136832E+00 1.515605E+01 
1.117547E-01 2.313232E-02 3.406118E-01 1.749299E-01 -1.139892E+00 5.228820E-01 -1.267002E-01 1.230538E+00 6.210615E-02 2.132068E-02 6.712627E+00 9.100508E+00 
8.504474E-02 8.991324E-02 3.866672E-01 1.353136E-01 -9.454496E-01 3.441011E-01 -7.242678E-02 8.645811E-01 3.474827E-02 7.504428E-03 7.387937E+00 7.090241E+00 
8.605939E-02 2.528058E-02 3.683230E-01 1.698580E-01 -6.320940E-01 5.040115E-01 -1.344736E-01 1.169962E+00 2.572002E-02 2.408137E-02 3.965455E+00 9.152883E+00 
2.970831E-02 1.577968E-02 5.688055E-01 1.498514E-01 -1.311139E+00 4.165428E-01 -7.859430E-02 8.020674E-01 3.577049E-02 3.115302E-02 3.192252E+00 1.484169E+01 
3.761664E-02 4.458300E-02 3.913668E-01 1.410666E-01 -1.162446E+00 4.546376E-01 -3.254538E-02 7.136421E-01 2.500868E-02 3.187854E-02 3.629670E+00 1.712219E+01 
4.486194E-02 5.456808E-02 3.713997E-01 1.590982E-01 -1.169425E+00 5.332562E-01 -4.940299E-02 7.637464E-01 5.288734E-02 3.248751E-02 5.033029E+00 4.956940E+00 
5.234663E-02 8.678054E-02 3.078598E-01 1.736903E-01 -1.141862E+00 5.502677E-01 -3.273019E-02 1.472825E+00 4.059622E-02 2.008910E-02 2.285315E+00 6.571669E+00 
2.973538E-02 2.744191E-02 3.234623E-01 1.486975E-01 -1.192415E+00 4.823009E-01 -6.578380E-02 8.430807E-01 3.190244E-02 8.033548E-03 2.999603E+00 1.448549E+01 
1.139499E-01 6.737665E-02 4.218030E-01 1.479250E-01 -5.578462E-01 5.453830E-01 -1.728446E-01 9.374145E-01 3.367310E-02 3.483677E-02 6.280555E+00 6.943028E+00 
1.458809E-01 1.528496E-02 3.939320E-01 1.613992E-01 -9.768404E-01 5.380129E-01 -1.938747E-02 7.959881E-01 5.612168E-02 1.680021E-02 2.329800E+00 7.564854E+00 
4.120659E-02 3.433603E-02 3.906235E-01 1.469403E-01 -8.612291E-01 3.329914E-01 -5.507829E-02 8.598376E-01 3.381973E-02 2.909779E-02 4.344888E+00 1.029140E+01 
6.444408E-02 2.014895E-02 3.421577E-01 1.380352E-01 -7.405338E-01 4.456761E-01 -3.115946E-02 1.119726E+00 2.700091E-02 1.197153E-02 4.440125E+00 5.044087E+00 
7.587215E-02 7.727655E-03 4.359725E-01 1.490516E-01 -1.185609E+00 3.593189E-01 -2.875632E-02 9.417756E-01 3.034353E-02 1.819624E-02 5.511602E+00 8.671441E+00 
4.649232E-02 6.290350E-02 3.570543E-01 1.484170E-01 -1.263827E+00 3.907400E-01 -8.461795E-02 6.403990E-01 2.162747E-02 1.512281E-02 5.045086E+00 1.400457E+01 
7.526402E-02 4.914054E-02 3.982950E-01 1.319832E-01 -1.338311E+00 5.268989E-01 -1.064643E-01 9.886932E-01 3.296397E-02 1.641126E-02 5.331163E+00 1.583428E+01 
8.153919E-02 1.606459E-02 3.849968E-01 1.573325E-01 -1.483926E+00 3.676965E-01 -5.548235E-02 6.126451E-01 2.935073E-02 1.981014E-02 4.990460E+00 1.513124E+01 
6.205302E-02 7.897000E-02 4.093281E-01 1.173331E-01 -9.959065E-01 6.000000E-01 -5.451343E-02 9.981350E-01 3.433694E-02 2.417354E-02 6.388293E+00 1.511545E+00 
5.040441E-02 4.669933E-02 3.894399E-01 1.482098E-01 -1.178660E+00 3.931756E-01 -4.435017E-02 1.146591E+00 1.781462E-02 1.467626E-02 5.176424E+00 8.851925E+00 
8.490413E-02 2.913994E-02 5.169090E-01 1.489149E-01 -1.438041E+00 4.462062E-01 -6.847508E-02 1.212934E+00 4.676657E-02 6.824347E-03 5.647505E+00 5.536934E+00 
1.794919E-02 1.000000E-04 3.700727E-01 1.469229E-01 -1.250716E+00 3.995552E-01 -6.241008E-02 5.231749E-01 3.927294E-02 8.474007E-03 2.866405E+00 1.590742E+01 
6.476832E-02 8.258435E-02 2.776661E-01 1.755529E-01 -9.114018E-01 4.215565E-01 -7.016967E-02 1.153941E+00 7.430344E-02 1.405529E-02 7.616368E+00 8.825624E+00 
4.544988E-02 3.484534E-02 4.449914E-01 1.623824E-01 -1.286066E+00 4.473031E-01 -5.988585E-02 8.166942E-01 4.048866E-02 1.131054E-02 2.574270E+00 9.381908E+00 
6.452105E-02 1.877522E-02 4.011238E-01 1.476452E-01 -1.413491E+00 4.989100E-01 -6.842900E-02 8.042274E-01 3.210569E-02 1.392138E-02 2.577801E+00 5.261188E+00 
2.746887E-02 2.323046E-02 2.538107E-01 1.305302E-01 -6.880393E-01 4.821211E-01 -1.502858E-02 7.160112E-01 0.000000E+00 9.232746E-03 4.224809E+00 7.563401E+00 
4.427486E-03 6.957540E-02 3.239520E-01 1.396779E-01 -1.256691E+00 3.066929E-01 -1.002929E-01 6.935041E-01 3.325385E-02 1.932938E-02 4.621728E+00 8.076932E+00 
5.311344E-02 5.181620E-02 3.808929E-01 1.641391E-01 -1.779213E+00 4.048079E-01 -3.615466E-02 1.052441E+00 3.974427E-02 3.436691E-02 4.874147E+00 5.459415E+00 
1.106915E-01 1.018115E-01 3.566875E-01 1.758773E-01 -1.301894E+00 5.009413E-01 -2.929694E-02 1.155656E+00 7.696742E-02 1.727453E-02 4.830006E+00 1.210847E+01 
6.364155E-02 3.382574E-02 3.889196E-01 1.687848E-01 -1.124345E+00 5.253498E-01 -7.117786E-02 9.035455E-01 5.643189E-02 1.576879E-02 6.634110E+00 7.659771E+00 
4.919729E-02 2.815619E-02 3.843209E-01 1.267269E-01 -9.266017E-01 4.335738E-01 -5.355001E-02 5.019666E-01 2.918723E-02 1.406807E-02 4.361838E+00 9.960266E+00 
2.527230E-02 1.791410E-02 4.320313E-01 1.358555E-01 -1.317979E+00 5.153425E-01 -3.062058E-02 6.423743E-01 1.178841E-02 2.680123E-02 4.834355E+00 1.711163E+01 
5.959625E-02 1.167953E-01 3.892334E-01 1.143456E-01 -4.244519E-01 4.198434E-01 -1.082529E-01 1.345920E+00 3.808093E-02 2.979886E-03 3.326148E+00 9.530577E+00 
8.125539E-02 4.641615E-02 3.319088E-01 1.553195E-01 -4.428798E-01 4.799643E-01 -8.334169E-02 8.922171E-01 4.665471E-02 2.280870E-02 3.392578E+00 1.042982E+01 
8.711386E-02 6.113301E-02 2.780583E-01 1.625507E-01 -1.001376E+00 4.497005E-01 -8.284379E-02 9.026050E-01 2.345525E-02 2.532253E-02 5.718048E+00 1.162355E+01 
1.145631E-01 6.308533E-02 3.535507E-01 1.240830E-01 -1.141607E+00 3.308574E-01 -8.406133E-02 7.306469E-01 2.935526E-02 1.093033E-03 3.845681E+00 1.615927E+01 
4.446367E-02 1.605918E-02 3.043937E-01 1.619208E-01 -1.214972E+00 4.494109E-01 -3.974970E-02 8.717539E-01 1.001575E-02 9.370281E-03 3.617502E+00 3.595607E+00 
7.770487E-02 1.054379E-02 3.448506E-01 1.411318E-01 -1.444690E+00 3.989056E-01 -4.043583E-02 7.695350E-01 4.446166E-02 8.209422E-03 3.199505E+00 1.246118E+01 
6.008142E-02 2.992833E-02 2.616327E-01 1.467094E-01 -1.040166E+00 4.134788E-01 -2.780019E-02 6.346768E-01 2.695771E-02 1.941205E-02 4.189377E+00 8.822904E+00 
7.538747E-02 1.000000E-04 4.334354E-01 1.862131E-01 -1.568637E+00 3.768985E-01 -1.126457E-01 6.109836E-01 5.433709E-02 2.790782E-02 4.155825E+00 1.301538E+01 
6.137792E-02 3.768481E-02 4.570155E-01 1.746736E-01 -1.497077E+00 3.196333E-01 -4.116319E-02 3.670498E-01 3.466705E-02 1.750179E-02 5.537486E+00 5.683376E+00 
8.375493E-02 6.952715E-02 3.741751E-01 1.706719E-01 -1.337183E+00 4.556580E-01 -2.044227E-02 1.047701E+00 7.052798E-02 1.576724E-02 5.563462E+00 1.039626E+01 
5.567526E-02 6.531814E-02 3.411157E-01 1.522099E-01 -8.545243E-01 4.305225E-01 -3.385165E-02 7.978742E-01 3.910753E-02 1.823122E-02 3.201419E+00 1.098178E+01 
8.189523E-02 2.943485E-02 3.709961E-01 1.640316E-01 -1.329323E+00 3.391311E-01 -1.174118E-01 8.171226E-01 4.264621E-02 1.263269E-02 4.191350E+00 9.385864E+00 
5.166757E-02 1.797009E-02 2.997379E-01 1.538420E-01 -1.071782E+00 5.047326E-01 -1.000000E-02 7.336270E-01 3.095848E-02 4.233277E-02 4.378852E+00 6.398535E+00 
3.900430E-02 1.352666E-02 3.381015E-01 1.432396E-01 -1.112668E+00 3.939783E-01 -2.653065E-02 7.065738E-01 2.214211E-02 1.723308E-02 1.000160E+00 7.675798E+00 
6.442306E-02 3.226446E-02 4.253130E-01 1.534395E-01 -8.931810E-01 4.036692E-01 -2.254034E-02 8.274176E-01 4.643844E-02 2.891346E-02 4.161699E+00 6.773916E+00 
3.289354E-02 6.434317E-02 3.742715E-01 1.473584E-01 -8.277442E-01 3.384913E-01 -4.344489E-02 9.103911E-01 3.353139E-02 2.448236E-02 3.323730E+00 6.191741E+00 
9.480742E-02 4.191556E-02 4.075259E-01 1.857862E-01 -1.444061E+00 5.134696E-01 -3.931697E-02 9.695161E-01 2.965305E-02 1.149049E-02 4.501123E+00 1.239341E+01 
4.134926E-02 3.751012E-02 3.804732E-01 1.512816E-01 -7.892376E-01 4.006718E-01 -3.479964E-02 6.178507E-01 2.740301E-02 1.947127E-02 4.027012E+00 1.176173E+01 
7.283419E-02 6.366209E-02 4.063411E-01 1.419905E-01 -1.303272E+00 3.275737E-01 -5.993868E-02 1.307511E+00 3.463966E-02 8.655128E-03 4.831738E+00 1.301821E+01 
6.488800E-02 4.148686E-02 3.358956E-01 1.608787E-01 -6.826936E-01 4.419992E-01 -5.190369E-02 6.480473E-01 2.333769E-02 2.834366E-02 5.197478E-01 6.858386E+00 
4.443893E-02 7.569101E-02 2.616273E-01 1.187614E-01 -1.093840E+00 5.217004E-01 -1.486878E-01 4.431033E-01 3.321211E-02 4.318385E-02 5.831885E+00 7.265548E+00 
6.809028E-02 1.797716E-02 3.835444E-01 1.332935E-01 -7.831144E-01 4.126627E-01 -6.073645E-02 8.964073E-01 4.243539E-02 8.417134E-03 1.849837E+00 3.978252E+00 
4.931203E-02 3.721761E-02 3.488954E-01 1.631641E-01 -1.008023E+00 3.822442E-01 -4.450526E-02 8.390975E-01 3.433943E-02 7.318207E-03 2.211910E+00 7.577710E+00 
8.405121E-02 1.722630E-02 3.487904E-01 1.584631E-01 -1.278559E+00 4.997657E-01 -4.511465E-02 7.219863E-01 3.730248E-02 3.919827E-03 3.166516E+00 8.082842E+00 
6.056622E-02 1.014188E-01 4.114389E-01 1.234871E-01 -1.103882E+00 3.630415E-01 -6.024509E-02 9.061046E-01 5.283296E-02 7.260233E-03 5.272127E+00 9.980971E+00 
8.437733E-02 5.183961E-02 4.146134E-01 1.329056E-01 -1.067692E+00 3.283864E-01 -2.328974E-02 5.535824E-01 7.584217E-02 2.437637E-02 4.997373E+00 1.542676E+01 
5.868031E-02 1.538568E-02 4.039899E-01 1.419983E-01 -6.870567E-01 3.912628E-01 -2.764256E-02 5.307171E-01 2.998784E-02 4.062288E-02 5.336423E+00 1.656479E+01 
1.853344E-02 1.646738E-02 3.158857E-01 1.426540E-01 -1.022238E+00 4.238401E-01 -4.920894E-02 1.048891E+00 3.712888E-02 1.422122E-02 2.542287E+00 1.164120E+01 
4.670405E-02 6.556393E-02 3.631411E-01 1.639092E-01 -8.868056E-01 3.619358E-01 -8.586399E-02 9.664921E-01 6.447536E-02 1.098876E-02 4.567726E+00 4.750317E+00 
7.260201E-02 3.110769E-02 4.224644E-01 1.973305E-01 -1.495288E+00 5.196451E-01 -8.223027E-02 1.538943E+00 4.000240E-02 2.961960E-02 8.204356E-01 7.746570E+00 
1.926290E-02 1.895045E-02 3.626114E-01 1.411315E-01 -9.157020E-01 3.848939E-01 -4.156341E-02 2.169061E-01 3.917156E-02 1.469601E-02 2.740532E+00 8.883239E+00 
7.189596E-02 3.294413E-02 3.781817E-01 1.332001E-01 -1.008734E+00 2.847133E-01 -3.622756E-02 6.887627E-01 6.062753E-02 1.746407E-02 4.811816E+00 7.712507E+00 
7.009859E-02 5.458806E-02 3.567021E-01 1.434414E-01 -1.274292E+00 4.325573E-01 -8.866886E-02 8.285172E-01 5.923221E-02 2.033912E-02 5.549391E+00 6.653938E+00 
6.153529E-02 3.842369E-02 3.022562E-01 1.799484E-01 -1.485241E+00 3.579935E-01 -4.544432E-02 8.769831E-01 1.640134E-02 1.378013E-02 5.297412E+00 1.265578E+01 
9.389951E-02 2.230778E-02 3.506465E-01 1.575071E-01 -1.265798E+00 4.887465E-01 -1.722288E-01 6.492595E-01 3.649512E-02 3.514023E-02 5.458284E+00 1.041455E+01 
7.642769E-02 1.261130E-02 4.019987E-01 1.525320E-01 -1.147228E+00 4.030666E-01 -7.358885E-02 4.262395E-01 3.179496E-02 1.454609E-02 1.106980E+00 1.070224E+01 
