1.774681E-01 1.076222E-02 3.618768E-01 1.706003E-01 -1.368243E+00 5.701317E-01 -1.003729E-01 7.870397E-01 2.853527E-02 1.929965E-03 4.146242E+00 1.022307E+01 
1.617860E-01 9.218350E-03 3.491722E-01 1.717501E-01 -1.438074E+00 5.707401E-01 -1.653074E-01 9.437634E-01 2.753965E-02 2.297029E-03 4.178468E+00 9.300468E+00 
1.623797E-01 7.936233E-03 3.814397E-01 1.715752E-01 -1.610317E+00 5.067196E-01 -1.690529E-02 9.448040E-01 2.833660E-02 3.182096E-03 4.579258E+00 8.785203E+00 
1.652016E-01 7.338639E-03 3.788895E-01 1.746646E-01 -1.558655E+00 5.675890E-01 -1.086788E-01 9.019225E-01 2.847950E-02 2.649474E-03 4.287447E+00 8.422143E+00 
1.550065E-01 7.641871E-03 3.342528E-01 1.734344E-01 -1.470469E+00 5.616656E-01 -1.389976E-01 8.208804E-01 2.783603E-02 1.728987E-03 4.504617E+00 8.693038E+00 
1.600084E-01 8.124041E-03 3.657849E-01 1.724244E-01 -1.430330E+00 5.780035E-01 -9.174929E-02 9.777490E-01 2.688607E-02 2.422325E-03 4.192962E+00 8.969108E+00 
1.427298E-01 1.340053E-03 3.386817E-01 1.741731E-01 -1.457442E+00 5.873290E-01 -9.271006E-02 9.408009E-01 2.721737E-02 2.289307E-03 4.072406E+00 8.451530E+00 
1.509053E-01 1.200383E-02 3.530648E-01 1.799590E-01 -1.669634E+00 5.952866E-01 -1.023159E-01 1.002317E+00 2.933136E-02 2.632894E-03 4.248627E+00 8.749701E+00 
1.499552E-01 4.153353E-03 3.624490E-01 1.657854E-01 -1.602767E+00 5.881987E-01 -9.437671E-02 9.407638E-01 2.938927E-02 9.213785E-04 4.380707E+00 9.346994E+00 
2.664509E-02 6.360783E-02 3.573162E-01 1.528559E-01 -1.262840E+00 4.554567E-01 -4.170789E-02 9.007714E-01 2.791539E-02 8.067936E-03 4.634891E+00 8.038447E+00 
1.856725E-01 6.352034E-03 3.665522E-01 1.747447E-01 -1.537244E+00 5.815481E-01 -1.207124E-01 8.618640E-01 2.841988E-02 8.211740E-04 3.864250E+00 1.052594E+01 
3.969749E-02 4.499765E-02 3.267059E-01 1.505255E-01 -1.315325E+00 4.653563E-01 -9.325981E-02 9.382738E-01 2.853997E-02 2.962725E-03 3.978571E+00 9.780335E+00 
1.420159E-01 1.624788E-02 3.514188E-01 1.732464E-01 -1.736393E+00 5.699958E-01 -8.206596E-02 1.056506E+00 2.832337E-02 7.017558E-03 4.182630E+00 6.766275E+00 
1.255459E-01 2.100572E-02 3.365359E-01 1.556954E-01 -1.282808E+00 4.819472E-01 -3.713290E-02 8.512701E-01 3.040442E-02 3.758960E-04 3.905183E+00 1.315574E+01 
7.828747E-02 2.117595E-02 3.555604E-01 1.477025E-01 -1.108557E+00 5.207212E-01 -1.156389E-01 9.882135E-01 2.879580E-02 4.638057E-03 4.687901E+00 1.130984E+01 
1.685203E-01 5.289279E-03 3.553721E-01 1.700100E-01 -1.472867E+00 5.705870E-01 -9.472076E-02 1.000906E+00 2.329888E-02 2.143370E-03 4.289463E+00 8.650377E+00 
1.384497E-01 6.309364E-03 3.493516E-01 1.669047E-01 -1.377106E+00 5.689913E-01 -5.900110E-02 8.358336E-01 2.825843E-02 1.656955E-03 4.311401E+00 1.107891E+01 
1.444204E-01 2.193603E-02 3.488015E-01 1.667636E-01 -1.359406E+00 4.545247E-01 -7.143120E-02 9.475954E-01 2.759458E-02 2.379825E-03 3.730787E+00 1.023712E+01 
1.532307E-01 6.837189E-03 3.473360E-01 1.727554E-01 -1.374445E+00 5.782615E-01 -1.394638E-01 9.207439E-01 2.841419E-02 6.408537E-03 3.600871E+00 9.651922E+00 
1.660185E-01 8.074352E-03 3.677584E-01 1.685273E-01 -1.603315E+00 5.940535E-01 -1.111443E-01 8.976486E-01 3.040684E-02 3.741552E-03 4.625364E+00 9.346703E+00 
1.011680E-01 5.107259E-03 3.673110E-01 1.521315E-01 -1.341562E+00 5.607071E-01 -1.084052E-01 1.013312E+00 3.026914E-02 3.121722E-03 3.869881E+00 8.976551E+00 
1.621775E-01 8.031602E-03 3.663819E-01 1.722378E-01 -1.523086E+00 5.838032E-01 -1.405759E-01 9.118220E-01 2.886916E-02 2.229884E-03 4.288212E+00 8.973205E+00 
4.158532E-02 1.724836E-02 3.660905E-01 1.623126E-01 -1.076100E+00 4.368932E-01 -5.126112E-02 9.665699E-01 3.464255E-02 1.645114E-02 4.884653E+00 5.180589E+00 
7.123120E-02 1.954565E-02 3.509618E-01 1.598621E-01 -1.525881E+00 5.311688E-01 -1.104351E-01 7.196729E-01 2.948027E-02 7.208629E-03 3.993856E+00 9.342018E+00 
1.383221E-01 6.968215E-03 3.405711E-01 1.765845E-01 -1.552354E+00 5.591406E-01 -9.226219E-02 9.021685E-01 2.836993E-02 4.187788E-03 4.010805E+00 8.927695E+00 
1.597478E-01 1.302786E-02 3.732596E-01 1.741483E-01 -1.508854E+00 5.888230E-01 -1.651937E-01 8.850551E-01 3.105065E-02 2.347340E-03 4.336070E+00 8.810092E+00 
1.653824E-01 1.784043E-02 3.625412E-01 1.744392E-01 -1.341066E+00 5.786740E-01 -1.457009E-01 1.068241E+00 2.712275E-02 1.436320E-03 4.911004E+00 6.179706E+00 
1.626430E-01 4.848062E-03 3.600586E-01 1.745904E-01 -1.316757E+00 5.750179E-01 -5.018606E-02 8.947699E-01 2.774153E-02 2.611601E-03 4.673907E+00 9.728020E+00 
1.468126E-01 6.164765E-03 3.614519E-01 1.705336E-01 -1.401934E+00 5.974300E-01 -1.467139E-01 9.777681E-01 2.697539E-02 2.923358E-03 4.452540E+00 1.099141E+01 
1.800552E-01 6.747407E-03 3.606238E-01 1.663203E-01 -1.541144E+00 5.889141E-01 -1.760053E-01 9.014981E-01 3.145829E-02 3.951928E-03 4.398146E+00 8.433492E+00 
1.630368E-01 5.283369E-03 3.815706E-01 1.682911E-01 -1.484260E+00 5.850006E-01 -1.384171E-01 9.181683E-01 3.181158E-02 1.053203E-03 4.148144E+00 8.989476E+00 
1.050152E-01 4.043320E-03 3.701832E-01 1.881282E-01 -1.368840E+00 5.133553E-01 -6.295014E-02 8.521233E-01 2.924593E-02 5.877579E-04 3.773283E+00 7.693048E+00 
1.522179E-01 4.901167E-03 3.661257E-01 1.717570E-01 -1.516817E+00 5.767423E-01 -6.274241E-02 9.160022E-01 2.509191E-02 1.055913E-03 4.433842E+00 8.614864E+00 
1.706571E-01 4.381426E-03 3.326973E-01 1.677601E-01 -1.145921E+00 5.845712E-01 -1.583642E-01 9.120553E-01 2.792388E-02 1.397043E-03 3.789841E+00 9.665259E+00 
1.639313E-01 1.000000E-04 3.369360E-01 1.770008E-01 -1.593023E+00 5.921993E-01 -1.417786E-01 9.409546E-01 2.886158E-02 0.000000E+00 4.148739E+00 8.269007E+00 
1.568648E-01 7.688771E-03 3.227747E-01 1.714397E-01 -1.602137E+00 5.283535E-01 -6.813271E-02 8.856752E-01 2.772101E-02 7.571855E-04 4.445029E+00 9.964029E+00 
1.874036E-01 6.725202E-03 3.631033E-01 1.670846E-01 -1.322138E+00 6.000000E-01 -1.614508E-01 1.083652E+00 2.932555E-02 3.576175E-03 4.455529E+00 9.437889E+00 
1.452865E-01 1.748383E-02 3.671794E-01 1.656120E-01 -1.210506E+00 6.000000E-01 -9.225025E-02 9.683051E-01 2.848745E-02 3.502690E-03 4.370778E+00 1.193078E+01 
1.647702E-01 8.325870E-03 3.582102E-01 1.793288E-01 -1.616689E+00 5.871661E-01 -1.346053E-01 9.559875E-01 2.994344E-02 8.112508E-04 4.425800E+00 8.342529E+00 
1.576540E-01 8.751167E-03 3.471186E-01 1.728632E-01 -1.303273E+00 5.946439E-01 -1.187486E-01 8.253839E-01 2.948761E-02 1.686274E-03 3.881091E+00 9.741778E+00 
1.247770E-01 7.795847E-02 3.334479E-01 1.607505E-01 -7.077358E-01 4.958101E-01 -1.250576E-01 8.585349E-01 2.273149E-02 1.853653E-02 4.571452E+00 7.015746E+00 
7.815040E-02 1.367328E-02 3.361969E-01 1.477020E-01 -1.286711E+00 5.593591E-01 -7.384821E-02 8.716534E-01 2.574599E-02 6.278458E-03 4.147779E+00 9.040798E+00 
1.597038E-01 3.281362E-03 3.465930E-01 1.620658E-01 -1.348396E+00 5.589467E-01 -1.168142E-01 8.954177E-01 2.437036E-02 1.183988E-03 4.251821E+00 7.745751E+00 
1.609795E-01 6.377679E-03 3.526986E-01 1.745770E-01 -1.375319E+00 5.875533E-01 -1.136822E-01 8.976684E-01 2.940091E-02 3.026261E-03 4.121966E+00 9.051608E+00 
1.552587E-01 5.022215E-03 3.646884E-01 1.716067E-01 -1.318606E+00 5.721851E-01 -1.115663E-01 9.946909E-01 2.872089E-02 2.289723E-03 4.102519E+00 9.527118E+00 
1.709188E-01 9.059698E-03 3.689055E-01 1.749003E-01 -1.348690E+00 5.690167E-01 -1.338750E-01 9.406587E-01 3.441161E-02 2.927453E-03 4.326463E+00 9.747636E+00 
1.819844E-01 2.560453E-02 3.405569E-01 1.762921E-01 -1.399657E+00 5.832573E-01 -1.135444E-01 1.016483E+00 2.818027E-02 1.859968E-03 4.186452E+00 6.569389E+00 
1.647568E-01 7.990103E-03 3.593357E-01 1.744131E-01 -1.500359E+00 5.744067E-01 -1.217312E-01 8.951335E-01 2.597428E-02 1.024674E-04 3.701060E+00 8.699321E+00 
1.710598E-01 9.888106E-03 3.556443E-01 1.742836E-01 -1.338778E+00 5.689110E-01 -6.611478E-02 9.624317E-01 2.491918E-02 2.850015E-03 3.667659E+00 9.303522E+00 
1.027945E-01 4.451745E-02 3.438387E-01 1.739807E-01 -1.324042E+00 3.914181E-01 -8.415114E-02 9.387892E-01 2.922984E-02 1.879872E-02 4.147925E+00 9.233271E+00 
1.160707E-01 7.182195E-02 3.533761E-01 1.605141E-01 -1.245771E+00 5.376769E-01 -1.140398E-01 9.309027E-01 3.136104E-02 1.263719E-02 4.350981E+00 7.729810E+00 
1.597346E-01 1.251162E-02 3.436095E-01 1.683286E-01 -1.523287E+00 5.813159E-01 -1.151599E-01 9.080052E-01 3.018234E-02 8.874738E-04 4.607716E+00 7.817896E+00 
1.610687E-01 1.041604E-02 3.611876E-01 1.764798E-01 -1.502828E+00 5.678147E-01 -1.200423E-01 1.053756E+00 2.889374E-02 2.115285E-03 4.680204E+00 6.656121E+00 
1.602364E-01 1.768617E-02 3.806038E-01 1.639171E-01 -1.492467E+00 5.540127E-01 -1.162035E-01 8.784983E-01 3.130730E-02 3.027389E-03 4.412461E+00 1.117417E+01 
1.588467E-01 7.530092E-03 3.548175E-01 1.727502E-01 -1.477434E+00 5.392785E-01 -3.231742E-02 8.562383E-01 2.213542E-02 2.803668E-03 4.298613E+00 1.000328E+01 
1.374097E-01 1.318721E-02 3.471012E-01 1.734355E-01 -1.366885E+00 5.360402E-01 -1.146699E-01 8.955513E-01 2.965947E-02 3.381852E-03 3.457029E+00 1.038535E+01 
1.225536E-01 1.336810E-02 3.651318E-01 1.746642E-01 -1.514057E+00 4.736687E-01 -5.017443E-02 9.664653E-01 3.159215E-02 2.111113E-03 3.892232E+00 7.529021E+00 
1.504192E-01 7.148203E-03 3.390094E-01 1.602716E-01 -1.558878E+00 5.975507E-01 -1.029260E-01 1.077701E+00 2.886043E-02 4.554355E-03 4.323733E+00 1.126298E+01 
1.437584E-01 4.403047E-02 3.944266E-01 1.684049E-01 -1.273693E+00 2.567960E-01 -3.710553E-02 3.209639E-01 2.783687E-02 2.244526E-03 3.722971E+00 1.222576E+01 
1.549632E-01 7.997569E-03 3.523385E-01 1.717799E-01 -1.552562E+00 5.831189E-01 -1.295963E-01 7.974631E-01 2.971645E-02 1.496332E-03 4.536119E+00 1.139629E+01 
1.580723E-01 5.670328E-03 3.458557E-01 1.738903E-01 -1.353783E+00 5.676947E-01 -1.004577E-01 9.405418E-01 2.939231E-02 1.959967E-03 4.331880E+00 9.393673E+00 
1.799034E-01 1.249473E-02 3.461736E-01 1.700791E-01 -1.475447E+00 5.619270E-01 -1.001906E-01 8.816186E-01 2.812337E-02 3.413121E-03 4.309592E+00 8.986133E+00 
1.816509E-01 2.437639E-04 3.578306E-01 1.675241E-01 -1.466723E+00 4.862991E-01 -1.600402E-01 9.972861E-01 2.940984E-02 3.497249E-03 4.275034E+00 8.334474E+00 
1.663411E-01 4.036574E-03 3.449487E-01 1.724799E-01 -1.249798E+00 5.464811E-01 -8.986004E-02 1.009000E+00 3.273408E-02 7.923772E-06 4.127058E+00 9.396993E+00 
1.657307E-01 9.260353E-03 3.526631E-01 1.819190E-01 -1.673525E+00 5.786869E-01 -1.234084E-01 8.417000E-01 2.776504E-02 2.743735E-03 4.675825E+00 7.536514E+00 
1.666370E-01 5.829597E-03 3.753456E-01 1.659776E-01 -1.459327E+00 5.716376E-01 -1.204188E-01 8.521513E-01 2.948224E-02 2.782116E-03 3.964241E+00 9.191354E+00 
1.524601E-01 8.504039E-03 3.695948E-01 1.633903E-01 -1.507584E+00 5.722497E-01 -1.576554E-01 8.508360E-01 2.735863E-02 1.281676E-03 4.390473E+00 1.025984E+01 
1.584670E-01 2.385657E-03 3.572264E-01 1.714069E-01 -1.594251E+00 6.000000E-01 -9.704984E-02 9.393859E-01 2.971893E-02 2.126168E-03 4.124003E+00 8.552336E+00 
1.592797E-01 7.050907E-03 3.606672E-01 1.711279E-01 -1.299422E+00 5.863836E-01 -1.034724E-01 9.933868E-01 2.526578E-02 6.526289E-04 5.200599E+00 8.795701E+00 
1.582936E-01 5.224378E-03 3.578630E-01 1.708612E-01 -1.447238E+00 5.754537E-01 -9.230229E-02 9.347379E-01 2.983824E-02 2.518633E-04 4.331858E+00 9.413723E+00 
1.205185E-01 7.146809E-03 3.442193E-01 1.675058E-01 -1.587342E+00 5.809042E-01 -6.087156E-02 9.355746E-01 2.817680E-02 1.752867E-03 3.973325E+00 1.259516E+01 
1.367946E-01 1.026914E-02 3.566570E-01 1.678565E-01 -1.541798E+00 5.799552E-01 -1.115284E-01 9.076480E-01 2.848832E-02 1.911431E-03 3.842606E+00 9.532628E+00 
1.549474E-01 7.226396E-03 3.455436E-01 1.677476E-01 -1.527102E+00 6.000000E-01 -1.160568E-01 1.055630E+00 2.717557E-02 3.645755E-03 4.787310E+00 1.095260E+01 
1.410367E-01 3.360927E-03 3.563000E-01 1.704655E-01 -1.396889E+00 5.881768E-01 -1.146975E-01 9.703262E-01 2.824868E-02 2.924223E-03 4.187083E+00 9.481418E+00 
1.607012E-01 3.993888E-02 3.314234E-01 1.700179E-01 -1.409625E+00 3.919743E-01 -9.505899E-02 9.962272E-01 3.143948E-02 1.527346E-03 4.853063E+00 8.394899E+00 
1.554243E-01 3.772225E-03 3.706226E-01 1.695176E-01 -1.354590E+00 5.548504E-01 -1.480365E-01 9.787734E-01 2.849435E-02 5.700103E-03 4.703762E+00 8.956519E+00 
1.608378E-01 1.627482E-02 3.378194E-01 1.684757E-01 -1.660547E+00 5.863921E-01 -1.015451E-01 9.061450E-01 2.971298E-02 1.364016E-03 4.359245E+00 9.759981E+00 
1.680431E-01 8.408569E-03 3.509094E-01 1.721135E-01 -1.376455E+00 5.785651E-01 -9.054953E-02 9.030182E-01 2.703244E-02 1.689348E-03 4.270118E+00 9.352733E+00 
1.758356E-01 5.726319E-03 3.364419E-01 1.748795E-01 -1.425730E+00 5.717609E-01 -1.343410E-01 9.007689E-01 3.318786E-02 2.681153E-03 4.335866E+00 8.465685E+00 
1.809973E-01 6.434561E-03 3.681949E-01 1.726681E-01 -1.278202E+00 5.904343E-01 -1.656954E-01 9.154056E-01 2.656260E-02 2.143995E-03 4.338145E+00 1.020336E+01 
1.625646E-01 8.526287E-03 3.386647E-01 1.714173E-01 -1.612281E+00 5.752671E-01 -9.479195E-02 9.415797E-01 2.920868E-02 2.104430E-03 4.078038E+00 9.240708E+00 
1.156111E-01 2.966838E-02 3.624814E-01 1.540356E-01 -9.488795E-01 5.669454E-01 -1.024085E-01 1.157453E+00 3.371027E-02 2.339417E-03 4.322588E+00 5.158314E+00 
1.487431E-01 1.773817E-02 3.746569E-01 1.698155E-01 -1.294002E+00 3.977556E-01 -7.220692E-02 9.226453E-01 3.506491E-02 4.885787E-03 5.148770E+00 9.341785E+00 
1.877555E-01 1.000000E-04 3.336437E-01 1.878927E-01 -1.554984E+00 5.786203E-01 -9.404993E-02 9.604950E-01 2.967956E-02 0.000000E+00 4.580825E+00 7.858303E+00 
1.699414E-01 5.425485E-03 3.589460E-01 1.649966E-01 -1.384951E+00 5.476378E-01 -1.399611E-01 9.345241E-01 2.994744E-02 1.937347E-03 3.904635E+00 1.005159E+01 
1.798894E-01 4.799089E-03 3.578627E-01 1.703243E-01 -1.654879E+00 5.905987E-01 -1.017627E-01 8.736273E-01 3.158608E-02 2.039410E-03 4.295400E+00 8.800867E+00 
1.593731E-01 7.000780E-03 3.565809E-01 1.731655E-01 -1.470193E+00 5.852480E-01 -8.791453E-02 8.884968E-01 2.064957E-02 4.917588E-03 3.368565E+00 1.036290E+01 
1.534751E-01 2.344528E-02 3.572065E-01 1.619314E-01 -1.304457E+00 5.816011E-01 -1.754226E-01 1.022149E+00 2.505779E-02 2.286239E-02 4.227372E+00 8.890502E+00 
1.244073E-01 5.633920E-03 3.350911E-01 1.797810E-01 -1.362736E+00 5.983182E-01 -7.979319E-02 8.938501E-01 2.975664E-02 1.262762E-03 4.386096E+00 8.664012E+00 
1.529524E-01 2.166007E-02 3.345592E-01 1.588763E-01 -1.297036E+00 5.157355E-01 -1.438396E-01 8.230125E-01 3.052983E-02 2.152122E-03 3.298747E+00 8.421790E+00 
1.406828E-01 8.120252E-03 3.619722E-01 1.702543E-01 -1.349884E+00 5.822203E-01 -1.201951E-01 1.131358E+00 2.550722E-02 3.507062E-03 4.125521E+00 9.253010E+00 
1.386893E-01 5.835359E-03 3.483779E-01 1.653829E-01 -1.664949E+00 5.895826E-01 -5.765884E-02 9.522362E-01 2.805678E-02 2.005765E-03 4.127256E+00 1.195658E+01 
1.517400E-01 5.635192E-03 3.382097E-01 1.721825E-01 -1.440127E+00 5.867423E-01 -9.595428E-02 1.000961E+00 2.708599E-02 4.591035E-03 4.004212E+00 1.005860E+01 
1.522203E-01 7.480974E-03 3.530355E-01 1.737722E-01 -1.424222E+00 5.698154E-01 -3.198785E-02 9.256848E-01 2.900759E-02 3.021552E-03 4.406232E+00 9.345522E+00 
1.602682E-01 4.246686E-03 3.749359E-01 1.745316E-01 -1.230866E+00 5.542694E-01 -1.168404E-01 1.030816E+00 2.828034E-02 3.669087E-03 4.276300E+00 8.841794E+00 
1.758484E-01 1.193896E-02 3.571269E-01 1.721823E-01 -1.541932E+00 5.747652E-01 -1.440883E-01 9.268675E-01 3.188791E-02 4.699299E-05 4.255354E+00 8.972013E+00 
1.783723E-01 2.079564E-02 3.643027E-01 1.701496E-01 -1.377496E+00 5.733491E-01 -1.576657E-01 9.784714E-01 2.897320E-02 3.317636E-03 5.040176E+00 9.840915E+00 
1.603301E-01 7.840992E-03 3.674296E-01 1.740792E-01 -1.456829E+00 5.826426E-01 -1.068081E-01 9.059960E-01 2.980042E-02 2.143255E-03 3.993623E+00 9.244757E+00 
1.576835E-01 7.258813E-03 3.531730E-01 1.692229E-01 -1.302894E+00 5.801330E-01 -9.555072E-02 8.705924E-01 3.129507E-02 0.000000E+00 4.046770E+00 8.811683E+00 
1.474510E-01 8.414206E-03 3.772808E-01 1.715613E-01 -1.250217E+00 5.269724E-01 -2.000000E-01 1.004482E+00 2.578251E-02 5.763064E-04 4.162772E+00 8.958137E+00 
1.560329E-01 8.463443E-03 3.699429E-01 1.676091E-01 -1.429861E+00 5.537202E-01 -1.452099E-01 8.819387E-01 2.913467E-02 2.845239E-03 4.711523E+00 9.444536E+00 
1.591093E-01 1.371032E-02 3.305549E-01 1.795565E-01 -1.501080E+00 5.951302E-01 -9.951020E-02 9.889616E-01 2.866874E-02 1.027154E-03 4.745593E+00 8.471799E+00 
1.593897E-01 1.837823E-02 3.458968E-01 1.730225E-01 -1.441433E+00 5.792472E-01 -8.919702E-02 1.013872E+00 2.203096E-02 7.315530E-04 4.475365E+00 9.346412E+00 
1.361663E-01 1.046628E-02 3.592191E-01 1.583638E-01 -1.363427E+00 5.876857E-01 -1.152215E-01 9.774501E-01 2.938638E-02 2.955167E-03 4.483049E+00 8.307267E+00 
1.565875E-01 7.073836E-03 3.675366E-01 1.633046E-01 -1.499855E+00 5.712993E-01 -8.776167E-02 9.059428E-01 2.710155E-02 6.720657E-03 4.117576E+00 8.024018E+00 
1.311448E-01 1.038564E-02 3.621896E-01 1.764822E-01 -1.350000E+00 5.452502E-01 -1.368542E-01 9.078829E-01 3.247007E-02 1.826451E-04 4.069186E+00 8.162503E+00 
4.583076E-02 8.384585E-02 3.402040E-01 1.380614E-01 -1.309472E+00 3.446297E-01 -3.065741E-02 1.079806E+00 3.443348E-02 0.000000E+00 3.692299E+00 1.771141E+01 
1.541210E-01 1.146914E-02 3.518709E-01 1.567537E-01 -1.493041E+00 5.835901E-01 -1.264133E-01 8.679157E-01 2.926576E-02 5.646593E-03 3.114617E+00 9.649250E+00 
1.657802E-01 4.591223E-03 3.655814E-01 1.665228E-01 -1.390116E+00 5.675601E-01 -1.363158E-01 9.290244E-01 2.761511E-02 2.906495E-03 4.334304E+00 8.932909E+00 
1.586531E-01 1.170535E-02 3.092310E-01 1.553382E-01 -1.505934E+00 6.000000E-01 -1.266777E-01 1.053680E+00 3.243967E-02 3.567561E-03 4.128931E+00 9.796236E+00 
1.602596E-01 2.713634E-03 3.684141E-01 1.711557E-01 -1.397110E+00 5.762579E-01 -1.038911E-01 9.231097E-01 2.716435E-02 4.847958E-03 4.208734E+00 8.999766E+00 
1.570138E-01 9.164327E-03 3.677225E-01 1.790360E-01 -1.500977E+00 6.000000E-01 -9.888428E-02 7.898569E-01 2.972669E-02 2.215464E-04 4.207785E+00 9.324619E+00 
1.524973E-01 4.354203E-03 3.457921E-01 1.769525E-01 -1.459413E+00 5.771200E-01 -7.170810E-02 9.759516E-01 2.924238E-02 6.545554E-03 3.469359E+00 1.121458E+01 
1.216875E-01 4.162026E-02 3.162469E-01 1.625092E-01 -1.346567E+00 5.972154E-01 -9.602011E-02 9.461490E-01 3.127746E-02 7.601096E-03 4.504359E+00 7.991346E+00 
1.540416E-01 1.997374E-02 3.652480E-01 1.672804E-01 -1.422770E+00 5.841758E-01 -9.597748E-02 8.810312E-01 3.175597E-02 1.173880E-02 4.025410E+00 7.239547E+00 
1.569039E-01 5.691720E-03 3.475419E-01 1.754368E-01 -1.408932E+00 6.000000E-01 -1.224070E-01 9.726003E-01 2.639177E-02 3.032767E-03 4.466877E+00 9.726169E+00 
1.691017E-01 9.918643E-03 3.485716E-01 1.716084E-01 -1.539677E+00 5.994370E-01 -1.443383E-01 9.024421E-01 3.085476E-02 2.263079E-03 4.363940E+00 1.029827E+01 
1.500860E-01 3.759018E-03 3.525811E-01 1.698178E-01 -1.450458E+00 5.692322E-01 -1.284010E-01 8.872497E-01 3.244881E-02 1.487597E-03 3.967661E+00 8.568822E+00 
1.688148E-01 5.435755E-03 3.238956E-01 1.769228E-01 -1.718140E+00 5.791401E-01 -1.373168E-01 9.482859E-01 2.757854E-02 1.524206E-03 4.493235E+00 9.701589E+00 
1.643539E-01 8.307527E-03 3.647310E-01 1.705728E-01 -1.316654E+00 5.910338E-01 -1.234736E-01 1.038426E+00 2.882900E-02 3.486532E-03 4.743070E+00 8.900470E+00 
1.651624E-01 4.837694E-03 3.657725E-01 1.746604E-01 -1.354615E+00 5.834825E-01 -1.334276E-01 9.157439E-01 2.764450E-02 5.223315E-03 4.057651E+00 1.033710E+01 
1.678481E-01 6.973238E-03 3.552855E-01 1.709261E-01 -1.392547E+00 5.759704E-01 -1.081096E-01 9.764100E-01 3.094850E-02 3.020114E-03 4.260804E+00 9.704934E+00 
1.137242E-01 5.204377E-02 3.741910E-01 1.492147E-01 -1.178386E+00 2.761446E-01 -6.247983E-02 9.731180E-01 3.376871E-02 1.381301E-02 4.762997E+00 1.211070E+01 
1.507816E-01 1.148999E-02 3.669483E-01 1.725726E-01 -1.471181E+00 5.776135E-01 -9.178809E-02 9.219828E-01 3.057783E-02 2.341989E-03 4.097183E+00 9.947350E+00 
1.609241E-01 9.213886E-03 3.933307E-01 1.682192E-01 -1.519279E+00 5.792071E-01 -1.391119E-01 8.585904E-01 2.806090E-02 1.829505E-03 4.499031E+00 7.648874E+00 
1.625623E-01 5.514428E-03 3.697423E-01 1.746799E-01 -1.385041E+00 5.652354E-01 -7.015800E-02 9.083951E-01 3.239618E-02 3.116564E-03 3.613847E+00 8.554730E+00 
1.560804E-01 7.874747E-03 3.728529E-01 1.677138E-01 -1.342282E+00 5.599735E-01 -1.099312E-01 8.982911E-01 2.938394E-02 2.418802E-03 4.477933E+00 9.783120E+00 
1.262327E-01 1.305364E-02 3.477741E-01 1.635527E-01 -1.272467E+00 5.395893E-01 -8.421419E-02 1.067119E+00 3.590453E-02 1.691324E-03 4.240385E+00 1.055441E+01 
1.517592E-01 1.804698E-02 3.598756E-01 1.668244E-01 -1.107515E+00 5.701448E-01 -1.467159E-01 8.952999E-01 2.593403E-02 6.426571E-03 4.899835E+00 8.317366E+00 
1.570126E-01 8.658809E-03 3.278817E-01 1.687324E-01 -1.345253E+00 4.835839E-01 -4.432925E-02 9.419816E-01 2.952320E-02 1.638430E-03 3.745728E+00 8.818011E+00 
1.685891E-01 1.047039E-02 3.503984E-01 1.673441E-01 -1.235438E+00 4.557334E-01 -8.181917E-02 8.884778E-01 2.895742E-02 2.497166E-03 4.402549E+00 9.666379E+00 
1.526438E-01 5.157988E-03 3.528016E-01 1.713364E-01 -1.300826E+00 5.662722E-01 -8.891255E-02 9.139743E-01 2.975234E-02 4.263281E-03 4.335758E+00 8.934351E+00 
1.903773E-01 7.272382E-03 3.940379E-01 1.702465E-01 -1.359072E+00 6.000000E-01 -1.826547E-01 9.505299E-01 2.899199E-02 1.010962E-03 4.248640E+00 7.980906E+00 
1.770096E-01 6.517938E-03 3.420763E-01 1.613352E-01 -1.758515E+00 6.000000E-01 -6.417658E-02 8.943172E-01 3.241438E-02 0.000000E+00 3.569964E+00 1.130956E+01 
1.412795E-01 1.246526E-02 3.477697E-01 1.796788E-01 -1.550157E+00 5.771240E-01 -1.218246E-01 9.939727E-01 3.041252E-02 1.091776E-03 4.317184E+00 9.275909E+00 
1.468795E-01 8.189074E-03 3.559262E-01 1.695758E-01 -1.359226E+00 5.962785E-01 -1.063607E-01 9.367828E-01 2.727994E-02 3.999133E-03 4.869971E+00 8.678617E+00 
1.628864E-01 8.272866E-03 3.696996E-01 1.654727E-01 -1.577470E+00 5.763626E-01 -9.325460E-02 9.589380E-01 3.275539E-02 5.249720E-03 4.375852E+00 9.695692E+00 
1.449233E-01 5.059887E-03 3.579674E-01 1.689085E-01 -1.238164E+00 5.839457E-01 -1.061397E-01 9.135359E-01 2.839971E-02 2.989217E-03 5.227435E+00 1.088280E+01 
1.352667E-01 3.062307E-03 3.228962E-01 1.625657E-01 -1.421075E+00 4.087132E-01 -5.946212E-02 9.552479E-01 2.792634E-02 3.217346E-05 4.087493E+00 1.072888E+01 
9.358447E-02 5.535365E-02 3.387121E-01 1.680716E-01 -1.264809E+00 3.269382E-01 -8.411105E-02 8.748852E-01 2.817456E-02 5.144347E-03 3.321706E+00 1.016168E+01 
1.571448E-01 9.095176E-03 3.725733E-01 1.672044E-01 -1.376845E+00 5.402841E-01 -1.569041E-01 1.068437E+00 2.743451E-02 1.787756E-03 4.296296E+00 1.060058E+01 
1.565634E-01 9.167710E-03 3.604798E-01 1.714242E-01 -1.509117E+00 5.611108E-01 -1.108133E-01 8.779837E-01 2.781294E-02 3.154638E-03 3.801422E+00 9.692060E+00 
1.689245E-01 2.065226E-03 3.473764E-01 1.698594E-01 -1.529973E+00 5.935862E-01 -1.082343E-01 9.276853E-01 2.531402E-02 2.852750E-04 4.552679E+00 9.619197E+00 
1.584654E-01 1.461705E-02 3.606928E-01 1.731413E-01 -1.436265E+00 5.300985E-01 -1.329905E-01 1.090032E+00 2.913000E-02 1.278968E-03 5.299846E+00 8.305007E+00 
1.472022E-01 5.541193E-03 3.496868E-01 1.730946E-01 -1.560539E+00 5.779776E-01 -1.163030E-01 9.076492E-01 3.042958E-02 2.008721E-03 3.904301E+00 1.042661E+01 
7.372342E-02 7.637492E-02 3.438601E-01 1.570004E-01 -1.093137E+00 5.542130E-01 -7.449501E-02 9.654438E-01 2.980003E-02 1.576516E-02 5.311487E+00 9.674705E+00 
1.461845E-01 5.183818E-03 3.992917E-01 1.713682E-01 -1.455967E+00 5.434732E-01 -6.764057E-02 9.295694E-01 3.063270E-02 3.196868E-03 3.493126E+00 9.582907E+00 
6.854339E-02 7.666090E-03 3.271896E-01 1.378606E-01 -1.284539E+00 5.011491E-01 -1.433584E-01 8.493453E-01 2.403444E-02 5.789309E-03 5.322020E+00 9.534369E+00 
1.762304E-01 9.182665E-03 3.467835E-01 1.792680E-01 -1.381095E+00 5.555827E-01 -1.079760E-01 8.755049E-01 2.925539E-02 2.307500E-03 3.602294E+00 8.168278E+00 
1.522793E-01 6.005810E-03 3.460662E-01 1.669890E-01 -1.369745E+00 5.782169E-01 -7.412359E-02 9.368472E-01 2.928807E-02 3.359966E-03 4.534589E+00 1.200784E+01 
1.674178E-01 3.736475E-03 3.654670E-01 1.775450E-01 -1.409164E+00 5.966251E-01 -1.168758E-01 9.048816E-01 2.741650E-02 2.045695E-03 4.851566E+00 1.071960E+01 
1.612311E-01 1.420606E-02 3.499227E-01 1.791340E-01 -1.589981E+00 5.955294E-01 -5.210895E-02 9.370924E-01 2.610520E-02 1.171042E-03 5.008814E+00 9.463978E+00 
1.409577E-01 1.000000E-04 3.401051E-01 1.751551E-01 -1.340766E+00 5.801220E-01 -9.351521E-02 8.125073E-01 3.020421E-02 2.740224E-03 3.980900E+00 1.008490E+01 
1.559484E-01 5.268083E-03 3.523514E-01 1.685067E-01 -1.506009E+00 5.850901E-01 -4.414299E-02 7.637753E-01 2.906879E-02 2.809570E-03 4.446291E+00 9.684157E+00 
1.374586E-01 2.271600E-02 3.493352E-01 1.722626E-01 -1.373801E+00 4.569254E-01 -5.538791E-02 9.323111E-01 2.700766E-02 2.726366E-03 4.037416E+00 9.967823E+00 
1.696720E-01 6.605235E-03 3.430672E-01 1.791892E-01 -1.407942E+00 5.813946E-01 -9.194536E-02 9.300865E-01 2.710452E-02 1.705377E-03 4.232875E+00 9.900587E+00 
1.574623E-01 6.311184E-03 3.352355E-01 1.696186E-01 -1.357220E+00 5.897679E-01 -1.405455E-01 9.209031E-01 3.101024E-02 1.893303E-03 4.848997E+00 8.571486E+00 
1.423032E-01 6.716674E-03 3.465730E-01 1.683823E-01 -1.399800E+00 5.342918E-01 -9.484185E-02 9.497149E-01 3.029483E-02 1.781148E-03 4.759739E+00 7.780686E+00 
1.602748E-01 9.639137E-03 3.497939E-01 1.707822E-01 -1.381679E+00 5.567932E-01 -1.217451E-01 9.599037E-01 2.699096E-02 2.511195E-03 3.937713E+00 8.532264E+00 
1.570200E-01 4.191112E-03 3.291680E-01 1.781242E-01 -1.647047E+00 5.693451E-01 -1.276291E-01 9.024973E-01 3.046899E-02 1.414960E-03 4.433223E+00 8.363018E+00 
1.472277E-01 3.024209E-02 3.218030E-01 1.655759E-01 -1.339700E+00 4.907692E-01 -1.258082E-01 8.895180E-01 2.753925E-02 3.008324E-03 4.312388E+00 9.282001E+00 
1.567833E-01 6.230017E-03 3.488833E-01 1.741702E-01 -1.667487E+00 5.510973E-01 -7.549486E-02 1.000595E+00 3.071185E-02 1.101431E-03 4.048310E+00 9.281017E+00 
1.680924E-01 6.002956E-03 3.667005E-01 1.749699E-01 -1.386653E+00 5.684187E-01 -8.098482E-02 8.975817E-01 2.755546E-02 2.772032E-03 4.258477E+00 8.708809E+00 
1.641432E-01 8.671896E-03 3.554160E-01 1.740883E-01 -1.324510E+00 5.752530E-01 -1.481314E-01 1.013118E+00 2.762470E-02 2.283877E-03 4.281203E+00 9.175510E+00 
1.552934E-01 1.188707E-02 3.671805E-01 1.720803E-01 -1.359951E+00 5.803942E-01 -9.827800E-02 8.894955E-01 2.959479E-02 3.072318E-03 3.769899E+00 8.328876E+00 
1.687038E-01 5.450436E-03 3.520301E-01 1.804902E-01 -1.472431E+00 5.703624E-01 -1.296984E-01 1.043499E+00 3.019858E-02 2.807121E-03 4.030764E+00 8.574857E+00 
1.632108E-01 1.172267E-02 3.496538E-01 1.657635E-01 -1.338703E+00 5.184147E-01 -6.927693E-02 8.726867E-01 2.896119E-02 2.241838E-03 4.084270E+00 9.013621E+00 
1.433710E-01 6.814300E-03 3.731203E-01 1.797091E-01 -1.490656E+00 5.713878E-01 -1.362639E-01 9.037771E-01 2.951049E-02 4.329610E-03 4.483824E+00 8.246281E+00 
1.520885E-01 3.251179E-03 3.546404E-01 1.680735E-01 -1.357309E+00 5.841926E-01 -8.882393E-02 9.554872E-01 2.877900E-02 2.356107E-03 3.799641E+00 8.322894E+00 
1.590705E-01 9.749045E-03 3.461524E-01 1.814783E-01 -1.441284E+00 5.933001E-01 -1.156050E-01 9.443664E-01 3.032476E-02 1.761297E-03 4.920282E+00 7.790756E+00 
1.851438E-01 9.772675E-03 3.501575E-01 1.748626E-01 -1.402683E+00 5.695460E-01 -1.106806E-01 9.042734E-01 2.844581E-02 0.000000E+00 4.589137E+00 1.073039E+01 
1.526077E-01 5.361556E-02 3.645522E-01 1.594509E-01 -1.041487E+00 3.718891E-01 -9.108334E-02 9.865064E-01 3.256472E-02 1.090529E-02 4.543871E+00 9.534363E+00 
1.779472E-01 7.992980E-03 3.678202E-01 1.708841E-01 -1.395505E+00 5.123942E-01 -1.345421E-01 7.687374E-01 2.581815E-02 5.528236E-03 4.453962E+00 8.943923E+00 
1.633300E-01 7.056323E-03 3.444364E-01 1.698018E-01 -1.464309E+00 5.897519E-01 -1.487344E-01 9.058237E-01 2.839531E-02 2.714751E-03 4.054788E+00 8.942133E+00 
1.596879E-01 1.633191E-04 3.536238E-01 1.722010E-01 -1.509731E+00 5.939619E-01 -1.451306E-01 1.040835E+00 2.820851E-02 2.354674E-03 3.649417E+00 9.610829E+00 
1.762506E-01 1.176163E-02 3.805952E-01 1.744039E-01 -1.535643E+00 5.681936E-01 -1.331656E-01 8.920435E-01 2.280113E-02 4.423690E-03 4.076916E+00 9.883726E+00 
1.300362E-01 1.434628E-02 3.447883E-01 1.647198E-01 -1.382207E+00 5.936699E-01 -8.508610E-02 9.782013E-01 2.901562E-02 1.900710E-03 4.295343E+00 9.569339E+00 
1.460479E-01 8.044179E-03 3.530912E-01 1.709183E-01 -1.395490E+00 5.757154E-01 -1.054709E-01 1.026895E+00 2.989073E-02 2.122560E-03 4.410040E+00 9.590594E+00 
1.667212E-01 1.373132E-02 3.428792E-01 1.787787E-01 -1.416799E+00 5.632220E-01 -1.332854E-01 9.796438E-01 2.582947E-02 1.982878E-03 3.374933E+00 9.052040E+00 
1.444194E-01 2.247632E-02 3.603059E-01 1.666823E-01 -1.336555E+00 5.381020E-01 -1.727670E-01 9.896628E-01 2.953721E-02 2.114113E-03 3.999804E+00 9.206026E+00 
6.613523E-02 4.604816E-02 3.282304E-01 1.640277E-01 -1.277138E+00 3.186974E-01 -5.620935E-02 9.695298E-01 3.127001E-02 5.823073E-03 4.657356E+00 8.329396E+00 
1.590638E-01 7.599895E-03 3.545223E-01 1.729476E-01 -1.489205E+00 4.936035E-01 -7.014779E-02 8.906388E-01 2.794468E-02 0.000000E+00 4.388638E+00 1.063129E+01 
1.330551E-01 2.861977E-02 3.601764E-01 1.662043E-01 -1.423174E+00 5.381914E-01 -5.162884E-02 9.383487E-01 2.931181E-02 2.113984E-03 4.471828E+00 8.810820E+00 
1.732767E-01 5.601425E-03 3.549720E-01 1.720242E-01 -1.304604E+00 5.978168E-01 -1.568577E-01 9.619263E-01 3.048839E-02 2.185806E-03 3.923346E+00 8.921695E+00 
1.525238E-01 1.185198E-02 3.462418E-01 1.635984E-01 -1.464599E+00 5.642627E-01 -1.607594E-01 1.015078E+00 3.082828E-02 3.713077E-03 4.325528E+00 8.588460E+00 
1.699177E-01 4.330250E-03 3.699615E-01 1.705096E-01 -1.375745E+00 5.717341E-01 -1.089269E-01 9.431007E-01 2.810966E-02 9.861661E-04 4.573866E+00 1.068933E+01 
1.559595E-01 5.438076E-03 3.613280E-01 1.730308E-01 -1.433937E+00 5.911523E-01 -8.477929E-02 8.641310E-01 3.146051E-02 1.656840E-03 4.227057E+00 8.785085E+00 
1.652380E-01 4.417344E-03 3.464830E-01 1.730529E-01 -1.591301E+00 5.665410E-01 -1.723223E-01 8.633916E-01 2.646529E-02 2.353839E-03 4.218791E+00 1.075865E+01 
1.428637E-01 9.930713E-03 3.636125E-01 1.704205E-01 -1.457415E+00 5.750659E-01 -8.105699E-02 7.276868E-01 3.153399E-02 1.330053E-03 4.724602E+00 1.011385E+01 
1.506779E-01 1.065715E-02 3.545635E-01 1.722378E-01 -1.572033E+00 4.755135E-01 -3.638491E-02 9.108261E-01 2.611053E-02 9.316390E-04 4.071630E+00 8.823868E+00 
1.787973E-01 2.056791E-03 3.430142E-01 1.756054E-01 -1.242706E+00 5.754551E-01 -1.013463E-01 9.531746E-01 2.774758E-02 4.846902E-03 4.628552E+00 6.563587E+00 
1.689413E-01 5.103426E-03 3.698274E-01 1.751035E-01 -1.505152E+00 5.994971E-01 -1.009425E-01 9.323555E-01 2.789881E-02 2.512181E-03 3.929987E+00 9.023248E+00 
1.672210E-01 7.290779E-03 3.384550E-01 1.754845E-01 -1.412420E+00 5.884219E-01 -1.678978E-01 9.443946E-01 2.486257E-02 9.332565E-04 4.804174E+00 8.746969E+00 
1.573415E-01 5.835805E-03 3.506102E-01 1.665524E-01 -1.520360E+00 5.293166E-01 -7.452211E-02 1.084879E+00 2.879974E-02 9.668187E-04 3.906717E+00 9.981110E+00 
1.417188E-01 3.537331E-03 3.397206E-01 1.709928E-01 -1.491686E+00 5.722629E-01 -9.231355E-02 8.942115E-01 2.818552E-02 8.157097E-04 3.975994E+00 1.109860E+01 
1.590262E-01 9.603766E-03 3.832873E-01 1.716524E-01 -1.396612E+00 5.879343E-01 -9.304325E-02 9.749058E-01 3.302036E-02 2.454280E-03 4.279340E+00 7.764199E+00 
1.808816E-01 6.086252E-03 3.486609E-01 1.786019E-01 -1.442095E+00 5.862150E-01 -1.016164E-01 9.321767E-01 3.070579E-02 4.088959E-04 4.459445E+00 7.740259E+00 
1.607759E-01 9.132693E-03 3.495073E-01 1.726909E-01 -1.412150E+00 5.792834E-01 -1.476227E-01 9.821810E-01 2.919706E-02 2.008578E-03 4.267364E+00 9.030554E+00 
1.428256E-01 1.985639E-02 3.552985E-01 1.707172E-01 -1.165501E+00 5.817156E-01 -1.360798E-01 9.515436E-01 2.869837E-02 4.304364E-03 4.311691E+00 9.173803E+00 
1.424814E-01 8.407115E-03 3.572883E-01 1.659257E-01 -1.517760E+00 5.754105E-01 -8.489719E-02 9.105372E-01 2.725120E-02 2.518013E-03 4.016058E+00 8.908714E+00 
1.698942E-01 5.271398E-03 3.570239E-01 1.764648E-01 -1.469384E+00 5.892378E-01 -1.540757E-01 9.589856E-01 2.487088E-02 2.172159E-03 3.512889E+00 8.123650E+00 
9.631646E-02 2.426022E-02 3.640773E-01 1.590409E-01 -1.153285E+00 5.645623E-01 -1.733632E-01 1.003567E+00 2.796332E-02 3.283990E-03 4.045164E+00 9.698059E+00 
1.580333E-01 5.952380E-03 3.542781E-01 1.761411E-01 -1.496841E+00 5.201388E-01 -1.221498E-01 1.156733E+00 2.944293E-02 1.031811E-03 4.090482E+00 8.430042E+00 
1.585616E-01 5.844880E-03 3.490683E-01 1.745980E-01 -1.422791E+00 5.313427E-01 -8.011815E-02 9.179424E-01 3.046779E-02 5.410069E-03 3.771855E+00 9.623246E+00 
1.566078E-01 8.756005E-03 3.722636E-01 1.741018E-01 -1.509224E+00 5.781410E-01 -9.561080E-02 9.261547E-01 2.713341E-02 9.769467E-04 4.289193E+00 8.557657E+00 
1.474450E-01 4.220781E-03 3.504529E-01 1.754118E-01 -1.373932E+00 5.664463E-01 -1.215208E-01 7.772661E-01 3.288376E-02 5.093304E-03 4.151770E+00 8.360353E+00 
1.542656E-01 9.563170E-03 3.303610E-01 1.725503E-01 -1.382483E+00 5.748710E-01 -1.124969E-01 9.283802E-01 2.616475E-02 1.998591E-03 4.523348E+00 9.261625E+00 
1.598539E-01 5.898822E-03 3.276653E-01 1.752830E-01 -1.632258E+00 5.711313E-01 -1.138403E-01 9.904039E-01 2.770671E-02 2.825388E-03 4.185905E+00 9.685974E+00 
1.600239E-01 5.006078E-03 3.640820E-01 1.710639E-01 -1.514293E+00 5.747455E-01 -1.007989E-01 9.386914E-01 2.818386E-02 1.443066E-03 4.408742E+00 8.521239E+00 
1.564538E-01 7.648762E-03 3.536909E-01 1.709206E-01 -1.345703E+00 5.956195E-01 -1.212407E-01 9.573557E-01 2.367107E-02 1.313386E-04 4.096189E+00 8.789866E+00 
1.687184E-01 7.263890E-03 3.507142E-01 1.715049E-01 -1.444465E+00 5.862922E-01 -1.288337E-01 8.020666E-01 2.768601E-02 1.111170E-03 4.399825E+00 7.284198E+00 
1.668870E-01 3.194276E-03 3.538565E-01 1.688986E-01 -1.388533E+00 5.767993E-01 -1.391975E-01 9.326290E-01 2.231865E-02 2.291392E-03 4.036074E+00 9.514374E+00 
1.651769E-01 9.611692E-03 3.595981E-01 1.701460E-01 -1.471771E+00 6.000000E-01 -6.481989E-02 8.733519E-01 2.985361E-02 2.075075E-03 4.219273E+00 9.754934E+00 
1.578974E-01 7.143974E-03 3.437555E-01 1.726582E-01 -1.379577E+00 5.764484E-01 -1.108623E-01 8.821406E-01 2.979266E-02 1.142366E-03 4.425325E+00 8.709416E+00 
1.813714E-01 1.000000E-04 3.409443E-01 1.814310E-01 -1.414471E+00 5.499674E-01 -9.583118E-02 8.830733E-01 2.885254E-02 2.539220E-03 4.375204E+00 8.917623E+00 
1.510309E-01 4.812192E-03 3.645825E-01 1.850626E-01 -1.389749E+00 5.707619E-01 -1.370092E-01 7.884150E-01 2.575205E-02 3.016078E-03 4.594325E+00 8.694961E+00 
1.584225E-01 6.141463E-03 3.732894E-01 1.717413E-01 -1.422874E+00 5.828199E-01 -8.073897E-02 9.506186E-01 2.638263E-02 1.826864E-03 4.042915E+00 7.868188E+00 
1.589734E-01 5.140178E-03 3.583146E-01 1.703476E-01 -1.538107E+00 5.662538E-01 -7.825703E-02 9.495913E-01 2.796962E-02 4.357183E-03 4.828428E+00 9.169989E+00 
1.636101E-01 1.473570E-02 3.914734E-01 1.643212E-01 -1.336054E+00 5.613472E-01 -9.439168E-02 9.115548E-01 3.036956E-02 6.068975E-03 4.280018E+00 1.145107E+01 
1.606362E-01 1.347069E-02 3.495228E-01 1.753991E-01 -1.432022E+00 6.000000E-01 -1.385640E-01 9.004406E-01 2.583297E-02 4.023669E-03 4.072144E+00 8.697605E+00 
1.671872E-01 9.415049E-03 3.387197E-01 1.739160E-01 -1.270400E+00 5.442398E-01 -1.131801E-01 9.345265E-01 2.890218E-02 2.048499E-03 4.037133E+00 9.755636E+00 
1.213082E-01 1.774312E-02 3.531488E-01 1.371332E-01 -1.502249E+00 5.577851E-01 -7.113067E-02 9.816265E-01 2.823766E-02 4.549031E-03 3.486094E+00 1.046707E+01 
1.562904E-01 8.614368E-03 3.482467E-01 1.798269E-01 -1.486475E+00 5.896269E-01 -1.123460E-01 9.539466E-01 3.009361E-02 2.208498E-03 4.229033E+00 9.242358E+00 
1.625705E-01 5.810462E-02 3.347857E-01 1.811765E-01 -1.417809E+00 5.805531E-01 -5.866191E-02 1.002556E+00 4.545068E-02 1.245262E-02 4.062110E+00 8.369061E+00 
1.669235E-01 8.254621E-03 3.432611E-01 1.762791E-01 -1.330481E+00 5.971838E-01 -9.632756E-02 9.757564E-01 2.896024E-02 1.603255E-03 3.541335E+00 8.865593E+00 
1.039343E-01 4.056125E-02 3.073605E-01 1.599489E-01 -1.122964E+00 3.806621E-01 -6.942323E-02 1.083435E+00 2.518318E-02 4.320479E-03 4.033453E+00 9.284203E+00 
1.611707E-01 5.779202E-03 3.647768E-01 1.718999E-01 -1.219926E+00 5.597230E-01 -6.506438E-02 9.445968E-01 2.830141E-02 1.000408E-03 4.176872E+00 9.141663E+00 
1.652796E-01 5.377632E-03 3.478590E-01 1.733844E-01 -1.484327E+00 5.989872E-01 -1.071256E-01 1.018048E+00 2.845080E-02 1.858472E-03 5.351866E+00 9.373330E+00 
1.662316E-01 1.053104E-02 3.550285E-01 1.726058E-01 -1.526829E+00 5.973554E-01 -1.548260E-01 1.092065E+00 2.186203E-02 1.225141E-03 4.354550E+00 9.567313E+00 
1.600346E-01 6.251329E-03 3.507799E-01 1.711061E-01 -1.377141E+00 5.909919E-01 -9.054221E-02 9.405345E-01 2.783491E-02 1.539282E-03 4.566133E+00 9.420660E+00 
1.653537E-01 5.089618E-03 3.802440E-01 1.751753E-01 -1.552172E+00 5.471631E-01 -8.040040E-02 8.770424E-01 3.333641E-02 9.658312E-04 3.989649E+00 1.004140E+01 
1.612865E-01 9.491277E-03 3.602273E-01 1.782026E-01 -1.547000E+00 5.768908E-01 -7.242823E-02 8.098447E-01 2.716655E-02 2.698305E-03 4.063967E+00 1.032640E+01 
1.554602E-01 4.544778E-03 3.560670E-01 1.725559E-01 -1.293721E+00 5.703916E-01 -8.720931E-02 9.309530E-01 3.103856E-02 5.536436E-03 4.126364E+00 9.129382E+00 
1.653563E-01 1.040949E-02 3.293054E-01 1.728775E-01 -1.437681E+00 5.891013E-01 -7.550837E-02 8.421174E-01 2.855997E-02 2.100530E-03 4.001418E+00 8.534339E+00 
1.497920E-01 1.016482E-02 3.629465E-01 1.647175E-01 -1.436270E+00 5.504464E-01 -7.510123E-02 1.026465E+00 2.657097E-02 3.529182E-03 3.672764E+00 8.559546E+00 
1.641812E-01 7.819107E-03 3.505160E-01 1.735297E-01 -1.710260E+00 5.672348E-01 -8.835358E-02 9.398594E-01 2.714807E-02 1.050691E-03 4.259786E+00 9.618468E+00 
1.652974E-01 6.297605E-03 3.518003E-01 1.664219E-01 -1.418446E+00 5.710288E-01 -1.750218E-02 9.042572E-01 2.872621E-02 1.825621E-03 4.232961E+00 1.104591E+01 
1.613323E-01 3.598373E-02 3.491810E-01 1.570454E-01 -1.448641E+00 4.403591E-01 -6.457423E-02 8.990043E-01 2.759612E-02 3.073460E-03 4.228443E+00 8.516612E+00 
1.534751E-01 6.638812E-03 3.486750E-01 1.695505E-01 -1.635789E+00 5.731150E-01 -1.443530E-01 9.430090E-01 3.123357E-02 4.345899E-03 4.322930E+00 7.786229E+00 
1.450654E-01 3.579077E-03 3.990018E-01 1.663345E-01 -1.416029E+00 5.540348E-01 -1.814661E-01 9.568139E-01 2.724166E-02 4.580723E-03 3.778677E+00 7.029261E+00 
1.551573E-01 8.148350E-03 3.430182E-01 1.735092E-01 -1.387367E+00 5.975391E-01 -1.023536E-01 8.999276E-01 2.953249E-02 2.535883E-03 4.149990E+00 9.523670E+00 
1.891925E-01 4.983440E-03 3.701590E-01 1.717321E-01 -1.707365E+00 5.123297E-01 -8.738222E-02 9.540748E-01 2.615043E-02 5.626792E-03 4.131282E+00 7.833413E+00 
1.173098E-01 3.911127E-02 3.355604E-01 1.729976E-01 -1.360191E+00 4.793867E-01 -2.484297E-02 9.401648E-01 3.398008E-02 5.189270E-03 4.634245E+00 1.180807E+01 
1.621479E-01 7.750561E-03 3.539670E-01 1.785893E-01 -1.489091E+00 5.894773E-01 -1.549639E-01 1.081146E+00 2.804616E-02 3.753751E-03 4.072952E+00 8.759663E+00 
1.550456E-01 4.953102E-03 3.493421E-01 1.702345E-01 -1.528713E+00 5.377332E-01 -9.665556E-02 8.669128E-01 3.060155E-02 2.105489E-03 4.028678E+00 9.434681E+00 
1.649378E-01 7.157898E-03 3.615140E-01 1.646038E-01 -1.462996E+00 5.762548E-01 -7.749275E-02 9.504279E-01 2.820332E-02 2.491303E-03 4.224244E+00 8.876017E+00 
1.703963E-01 9.179767E-03 3.231401E-01 1.759173E-01 -1.493467E+00 5.816743E-01 -1.366526E-01 6.946436E-01 3.166876E-02 3.716983E-03 4.111885E+00 1.052296E+01 
1.438735E-01 1.103601E-02 3.488645E-01 1.801822E-01 -1.630527E+00 5.696413E-01 -1.367986E-01 9.364873E-01 2.795598E-02 6.086006E-04 4.811733E+00 8.987980E+00 
1.660555E-01 5.343514E-03 3.803077E-01 1.706878E-01 -1.444292E+00 5.952599E-01 -1.588135E-01 8.751301E-01 3.224171E-02 1.781226E-03 3.290745E+00 8.470446E+00 
1.531732E-01 7.712213E-03 3.452851E-01 1.716646E-01 -1.583768E+00 5.942393E-01 -5.322605E-02 9.405449E-01 2.759102E-02 2.472455E-03 4.817146E+00 8.742954E+00 
1.578741E-01 1.343727E-02 3.659730E-01 1.615453E-01 -1.490980E+00 5.657769E-01 -4.014578E-02 1.048765E+00 2.713113E-02 4.702951E-03 4.063932E+00 9.335307E+00 
1.396938E-01 8.268799E-03 3.554892E-01 1.623985E-01 -1.297476E+00 5.889347E-01 -1.307105E-01 9.546105E-01 2.674373E-02 2.650022E-03 4.211313E+00 8.778800E+00 
1.567309E-01 8.298886E-03 3.514138E-01 1.737590E-01 -1.647898E+00 5.533425E-01 -6.812854E-02 9.332103E-01 3.133217E-02 8.098589E-04 4.059211E+00 1.017007E+01 
1.585651E-01 7.221742E-03 3.393487E-01 1.703445E-01 -1.479882E+00 5.834123E-01 -2.336279E-02 9.251250E-01 2.800425E-02 2.618200E-03 4.189227E+00 9.878317E+00 
1.643598E-01 6.331547E-03 3.612167E-01 1.745667E-01 -1.475011E+00 5.798870E-01 -8.694896E-02 8.621900E-01 2.825582E-02 8.421485E-04 4.362259E+00 8.644735E+00 
1.574173E-01 7.499970E-03 3.570363E-01 1.736643E-01 -1.745521E+00 5.468011E-01 -7.872824E-02 1.000574E+00 2.733306E-02 7.171896E-03 3.633848E+00 9.134791E+00 
1.318914E-01 2.242393E-02 3.531991E-01 1.449724E-01 -1.357673E+00 5.467702E-01 -5.911303E-02 9.547239E-01 2.768523E-02 5.649605E-03 2.414926E+00 1.007576E+01 
1.556923E-01 1.155484E-02 3.500548E-01 1.716082E-01 -1.631174E+00 5.617628E-01 -1.150240E-01 9.046971E-01 2.772320E-02 3.187897E-03 3.748651E+00 9.466112E+00 
1.598625E-01 7.188268E-03 3.509864E-01 1.699172E-01 -1.286276E+00 5.889064E-01 -7.935894E-02 1.039600E+00 2.810679E-02 1.549134E-03 3.924565E+00 7.716305E+00 
1.550018E-01 6.380089E-03 3.671943E-01 1.740243E-01 -1.393421E+00 5.433263E-01 -9.265388E-02 8.680138E-01 2.934811E-02 3.169040E-03 4.171118E+00 8.791416E+00 
9.538271E-02 4.608081E-03 3.559297E-01 1.692442E-01 -1.416467E+00 5.696181E-01 -7.469578E-02 9.146680E-01 3.159900E-02 6.495719E-04 4.892190E+00 9.659757E+00 
1.597603E-01 6.810478E-03 3.461924E-01 1.738496E-01 -1.449818E+00 5.867714E-01 -1.113932E-01 9.713448E-01 2.790867E-02 1.341738E-03 4.194305E+00 9.503159E+00 
1.708262E-01 1.217490E-02 3.303174E-01 1.846909E-01 -1.328980E+00 5.571105E-01 -1.432357E-01 9.444632E-01 2.923616E-02 1.022577E-03 5.306939E+00 9.399677E+00 
1.607221E-01 1.204037E-02 3.730378E-01 1.705374E-01 -1.304210E+00 6.000000E-01 -1.142848E-01 8.710206E-01 2.869096E-02 2.117683E-03 4.542383E+00 1.079134E+01 
1.312444E-01 4.419490E-02 3.198272E-01 1.480784E-01 -1.320479E+00 4.915684E-01 -1.011634E-01 1.030022E+00 3.692778E-02 1.715288E-04 3.839057E+00 1.000305E+01 
1.579997E-01 9.048502E-03 3.526725E-01 1.709774E-01 -1.398771E+00 5.872166E-01 -1.065377E-01 9.370593E-01 2.861549E-02 1.749364E-03 4.138810E+00 7.530845E+00 
1.460506E-01 7.876535E-03 3.472676E-01 1.669689E-01 -1.357429E+00 5.885252E-01 -1.465694E-02 9.897843E-01 2.197309E-02 2.652803E-03 4.033212E+00 8.463087E+00 
1.958275E-01 7.859805E-03 3.615341E-01 1.763160E-01 -1.470336E+00 5.777855E-01 -1.397129E-01 9.478450E-01 3.195642E-02 1.793877E-03 4.423764E+00 1.039860E+01 
1.661347E-01 1.593271E-03 3.619130E-01 1.634713E-01 -1.553996E+00 5.827961E-01 -1.322863E-01 9.597946E-01 3.267473E-02 4.598262E-03 4.663731E+00 9.752221E+00 
1.712025E-01 1.321525E-02 3.469608E-01 1.739462E-01 -1.396166E+00 5.151948E-01 -1.257874E-01 9.300694E-01 2.890324E-02 3.378789E-03 4.254153E+00 8.939942E+00 
1.810470E-01 9.102108E-03 3.269525E-01 1.738264E-01 -1.390797E+00 5.887707E-01 -4.248340E-02 8.862277E-01 3.034638E-02 0.000000E+00 4.750070E+00 8.141994E+00 
1.647267E-01 2.530657E-03 3.635034E-01 1.766457E-01 -1.490821E+00 5.822165E-01 -1.257451E-01 8.390485E-01 3.164535E-02 3.067881E-03 3.987999E+00 8.349661E+00 
1.594997E-01 6.831142E-03 3.700231E-01 1.669747E-01 -1.511751E+00 5.663170E-01 -3.146490E-02 1.006408E+00 2.995257E-02 9.580389E-04 4.415226E+00 1.092483E+01 
1.609907E-01 1.154575E-02 3.547819E-01 1.754082E-01 -1.562513E+00 5.910593E-01 -1.172852E-01 9.819301E-01 2.821904E-02 2.257708E-03 4.201809E+00 9.253366E+00 
1.599991E-01 9.007306E-03 3.587701E-01 1.723413E-01 -1.530846E+00 6.000000E-01 -1.653318E-01 1.278357E+00 2.873794E-02 1.833197E-03 4.378910E+00 8.743504E+00 
1.100538E-01 3.838497E-03 3.680155E-01 1.721996E-01 -1.565785E+00 6.000000E-01 -1.943121E-01 9.348535E-01 2.278049E-02 0.000000E+00 4.326156E+00 1.101227E+01 
1.309005E-01 1.000000E-04 3.433889E-01 1.689894E-01 -1.354492E+00 5.669237E-01 -1.310794E-01 8.878181E-01 2.986882E-02 4.632272E-03 4.765110E+00 8.557709E+00 
1.867904E-01 8.626660E-03 3.373914E-01 1.725031E-01 -1.538662E+00 5.167658E-01 -1.012298E-01 8.238241E-01 3.095461E-02 2.201429E-03 4.230828E+00 9.150903E+00 
1.659449E-01 1.342343E-02 3.688753E-01 1.721577E-01 -1.461483E+00 5.692186E-01 -1.125053E-01 8.878239E-01 2.779427E-02 3.973225E-03 3.886919E+00 8.988938E+00 
1.253816E-01 8.401539E-03 3.570870E-01 1.662605E-01 -1.483097E+00 5.947970E-01 -1.252067E-01 9.436739E-01 2.822202E-02 2.481031E-03 4.173227E+00 9.991419E+00 
1.273962E-01 6.710186E-03 3.363060E-01 1.733458E-01 -1.270442E+00 6.000000E-01 -1.213376E-01 1.034322E+00 3.029293E-02 6.720659E-03 3.592372E+00 9.016062E+00 
1.553505E-01 1.124200E-02 3.562096E-01 1.753901E-01 -1.575088E+00 5.758749E-01 -1.375875E-01 9.913498E-01 2.890417E-02 2.321038E-03 4.156308E+00 7.805637E+00 
1.717366E-01 1.000000E-04 3.688487E-01 1.552321E-01 -1.288481E+00 5.680412E-01 -1.945236E-01 9.219271E-01 2.866706E-02 1.561853E-03 4.555934E+00 9.940688E+00 
1.286126E-01 1.827998E-02 3.142373E-01 1.802074E-01 -1.394822E+00 5.760807E-01 -1.134615E-01 8.568449E-01 2.743285E-02 2.344716E-03 4.239238E+00 9.763317E+00 
1.100642E-01 2.014747E-02 3.691324E-01 1.750049E-01 -1.487376E+00 4.896229E-01 -1.318987E-01 9.305223E-01 2.887794E-02 1.156693E-02 4.358353E+00 9.240049E+00 
1.557500E-01 1.372621E-02 3.418340E-01 1.708386E-01 -1.156327E+00 5.526148E-01 -8.846864E-02 9.915621E-01 2.702413E-02 1.998381E-03 4.409183E+00 8.090802E+00 
9.725344E-02 5.126002E-02 3.640828E-01 1.472997E-01 -1.217529E+00 3.618267E-01 -5.808981E-02 9.043111E-01 3.206162E-02 1.309180E-02 4.460508E+00 5.362997E+00 
1.480681E-01 4.788156E-02 3.368712E-01 1.832531E-01 -1.325010E+00 5.635127E-01 -9.550203E-02 9.421316E-01 2.810435E-02 2.370829E-03 4.733511E+00 8.715118E+00 
1.607572E-01 8.307808E-03 3.782433E-01 1.740614E-01 -1.383741E+00 5.833804E-01 -1.173477E-01 9.267058E-01 2.782086E-02 2.764547E-03 3.997299E+00 8.905581E+00 
1.546328E-01 6.374601E-03 3.609327E-01 1.754170E-01 -1.290500E+00 5.820086E-01 -1.736373E-01 9.044784E-01 2.652885E-02 1.528091E-03 4.198439E+00 9.587524E+00 
1.672400E-01 8.781425E-03 3.606446E-01 1.751149E-01 -1.509074E+00 5.869132E-01 -1.083024E-01 9.717480E-01 2.974621E-02 2.185588E-03 4.798625E+00 8.609940E+00 
1.588773E-01 7.905257E-03 3.578677E-01 1.698438E-01 -1.343582E+00 5.488137E-01 -1.053232E-01 8.100383E-01 3.136651E-02 2.419927E-03 4.072061E+00 1.014115E+01 
1.657046E-01 8.653795E-03 3.483614E-01 1.778734E-01 -1.512885E+00 5.760564E-01 -1.147538E-01 9.404222E-01 3.178982E-02 1.963657E-03 3.896647E+00 7.991201E+00 
1.765854E-01 3.469810E-03 3.650124E-01 1.706642E-01 -1.444156E+00 5.957669E-01 -1.635837E-01 1.011314E+00 2.853593E-02 1.770127E-03 4.126831E+00 9.575278E+00 
1.616898E-01 6.396032E-03 3.587840E-01 1.719931E-01 -1.441881E+00 5.684671E-01 -7.700444E-02 8.889153E-01 2.792699E-02 8.287030E-04 4.531375E+00 9.312597E+00 
1.650816E-01 1.000000E-04 3.727710E-01 1.737578E-01 -1.277540E+00 5.905624E-01 -1.202144E-01 8.427177E-01 2.809877E-02 0.000000E+00 4.452458E+00 1.242818E+01 
1.429712E-01 2.127308E-02 3.407648E-01 1.728212E-01 -1.347769E+00 6.000000E-01 -1.519451E-01 9.861147E-01 2.981125E-02 6.644459E-04 3.684217E+00 8.382967E+00 
1.688082E-01 5.117464E-03 3.489292E-01 1.763205E-01 -1.500094E+00 5.903204E-01 -1.244174E-01 9.375950E-01 2.914254E-02 3.449631E-03 4.407891E+00 9.498134E+00 
1.526782E-01 1.152316E-02 3.798837E-01 1.745725E-01 -1.382562E+00 5.755607E-01 -1.025291E-01 9.442982E-01 2.983864E-02 2.060022E-03 4.180038E+00 1.092607E+01 
1.499788E-01 1.548498E-02 3.696527E-01 1.680364E-01 -1.386509E+00 5.740734E-01 -1.000000E-02 9.658990E-01 2.626047E-02 1.637657E-03 3.698445E+00 1.132013E+01 
1.572159E-01 1.000000E-04 3.563461E-01 1.660075E-01 -1.542042E+00 5.543868E-01 -6.594012E-02 1.065542E+00 2.971577E-02 1.350263E-03 4.756875E+00 1.033272E+01 
1.285037E-01 4.849491E-03 3.591724E-01 1.756906E-01 -1.380876E+00 5.623417E-01 -1.261535E-01 9.463946E-01 2.966229E-02 3.624954E-03 4.236267E+00 9.537658E+00 
1.741090E-01 4.680842E-03 3.492490E-01 1.741877E-01 -1.376480E+00 5.703810E-01 -1.307777E-01 9.977181E-01 3.017197E-02 4.867350E-03 4.529424E+00 9.161956E+00 
1.398493E-01 5.689345E-03 3.439497E-01 1.616785E-01 -1.402661E+00 5.242830E-01 -8.051787E-02 9.540677E-01 2.524277E-02 1.236806E-03 4.696333E+00 7.904085E+00 
1.314898E-01 2.589772E-02 3.495386E-01 1.544635E-01 -8.211598E-01 5.653018E-01 -1.444681E-01 8.154172E-01 2.342178E-02 2.372666E-02 4.939125E+00 8.018395E+00 
1.501315E-01 8.034186E-03 3.784906E-01 1.639636E-01 -1.503570E+00 5.934995E-01 -1.742522E-01 9.157266E-01 2.802327E-02 5.317553E-03 4.454171E+00 1.037111E+01 
1.387137E-01 1.132488E-02 3.668783E-01 1.709015E-01 -1.428407E+00 5.883635E-01 -1.476988E-01 9.656745E-01 2.832136E-02 1.585805E-03 4.802268E+00 9.394338E+00 
1.314034E-01 1.327248E-02 3.511340E-01 1.613986E-01 -1.313925E+00 5.038551E-01 -6.509560E-02 1.011097E+00 3.004733E-02 3.311724E-03 4.262416E+00 1.315912E+01 
1.316980E-01 4.269658E-02 3.008919E-01 1.683499E-01 -1.447642E+00 4.254725E-01 -3.179803E-02 8.412186E-01 3.062866E-02 6.792232E-03 4.278271E+00 1.020499E+01 
1.350632E-01 1.415076E-02 3.569479E-01 1.604713E-01 -1.408174E+00 5.687984E-01 -1.408956E-01 9.422542E-01 3.019151E-02 3.854114E-03 4.216304E+00 8.864656E+00 
1.550983E-01 5.301096E-03 3.612631E-01 1.672271E-01 -1.435000E+00 5.831421E-01 -1.706243E-01 8.633056E-01 3.343497E-02 2.525453E-03 4.622379E+00 9.959173E+00 
1.076235E-01 1.853699E-02 3.483537E-01 1.621493E-01 -1.351525E+00 5.336935E-01 -7.976664E-02 9.635996E-01 3.218384E-02 9.760613E-03 3.621718E+00 1.344303E+01 
1.727696E-01 4.076293E-03 3.498007E-01 1.748929E-01 -1.488174E+00 5.611765E-01 -1.051110E-01 9.853139E-01 2.853491E-02 2.089291E-03 3.752492E+00 9.877827E+00 
1.622570E-01 8.066779E-03 3.420382E-01 1.782082E-01 -1.430952E+00 5.842030E-01 -9.990399E-02 9.299733E-01 3.026443E-02 9.763131E-04 4.270063E+00 8.579065E+00 
1.617271E-01 2.060366E-02 3.607007E-01 1.676921E-01 -1.474331E+00 5.540384E-01 -1.483322E-01 8.451774E-01 2.780789E-02 2.325911E-03 4.791538E+00 8.812146E+00 
1.337436E-01 8.790718E-03 3.409999E-01 1.628876E-01 -1.345607E+00 5.344724E-01 -1.145604E-01 8.911992E-01 2.861529E-02 4.345996E-03 4.432969E+00 1.020018E+01 
1.458425E-01 4.751764E-03 3.407434E-01 1.842171E-01 -1.394638E+00 6.000000E-01 -8.072395E-02 9.089530E-01 2.689500E-02 1.341187E-03 4.346401E+00 7.353339E+00 
1.760143E-01 8.062195E-03 3.657363E-01 1.809684E-01 -1.524437E+00 5.818328E-01 -1.026189E-01 8.686104E-01 2.934450E-02 0.000000E+00 3.545635E+00 8.524841E+00 
1.733041E-01 6.387509E-03 3.598844E-01 1.753992E-01 -1.512250E+00 5.873871E-01 -1.105937E-01 1.008549E+00 3.015867E-02 4.103604E-03 4.137752E+00 8.101658E+00 
1.406275E-01 6.729134E-03 3.418685E-01 1.656361E-01 -1.486447E+00 5.751378E-01 -1.081292E-01 9.112708E-01 2.981569E-02 3.767449E-03 4.096795E+00 9.321946E+00 
1.575205E-01 5.940554E-03 3.504155E-01 1.746818E-01 -1.487963E+00 5.421620E-01 -1.055090E-01 8.938697E-01 3.573201E-02 4.122017E-03 4.427014E+00 9.854418E+00 
9.243091E-02 2.591012E-02 3.581685E-01 1.689733E-01 -1.320181E+00 2.248496E-01 -3.329523E-02 9.972540E-01 2.755495E-02 3.461959E-03 3.589975E+00 8.510710E+00 
1.730086E-01 8.423716E-03 3.305371E-01 1.723888E-01 -1.505048E+00 5.820457E-01 -1.666290E-01 1.023066E+00 2.724214E-02 1.835307E-03 4.461469E+00 8.236933E+00 
1.360514E-01 4.898653E-03 3.409329E-01 1.645948E-01 -1.492134E+00 5.112933E-01 -4.240868E-02 9.582896E-01 2.898884E-02 3.645850E-03 2.870405E+00 8.528312E+00 
1.708080E-01 2.478784E-03 3.790105E-01 1.726799E-01 -1.409799E+00 5.779150E-01 -1.166640E-01 9.331534E-01 2.662352E-02 3.455215E-03 3.744231E+00 8.837065E+00 
1.591827E-01 8.609606E-03 3.363275E-01 1.733945E-01 -1.644312E+00 5.854138E-01 -9.651295E-02 9.107354E-01 2.778959E-02 0.000000E+00 4.648690E+00 1.078458E+01 
1.160626E-01 1.088690E-02 3.578623E-01 1.566397E-01 -1.337528E+00 3.297872E-01 -6.777652E-02 1.112721E+00 2.992768E-02 1.588693E-02 5.507757E+00 7.249685E+00 
1.596650E-01 5.835669E-03 3.814936E-01 1.768785E-01 -1.553519E+00 5.637641E-01 -1.478617E-01 9.753499E-01 2.616888E-02 2.012256E-03 4.313864E+00 1.226111E+01 
1.691136E-01 4.401092E-03 3.682748E-01 1.736033E-01 -1.355408E+00 5.882120E-01 -1.026496E-01 1.013071E+00 2.874000E-02 1.346004E-03 4.225583E+00 8.465287E+00 
1.732656E-01 3.276207E-03 3.763219E-01 1.759908E-01 -1.345786E+00 5.925867E-01 -1.322024E-01 9.396614E-01 3.220667E-02 2.243583E-03 3.924764E+00 9.651655E+00 
1.604577E-01 5.933211E-03 3.510803E-01 1.679078E-01 -1.610446E+00 5.981573E-01 -1.347049E-01 9.128935E-01 3.111423E-02 1.704117E-03 4.514273E+00 9.545266E+00 
1.597717E-01 1.106279E-02 3.710950E-01 1.637164E-01 -1.278183E+00 5.888266E-01 -1.133059E-01 8.087093E-01 2.418278E-02 0.000000E+00 5.363734E+00 9.388400E+00 
1.644833E-01 8.235810E-03 3.540111E-01 1.790881E-01 -1.400264E+00 5.752610E-01 -1.061201E-01 9.759641E-01 3.046510E-02 1.207075E-03 3.922502E+00 8.789414E+00 
1.554080E-01 1.081320E-02 3.535158E-01 1.662195E-01 -1.461467E+00 5.913191E-01 -1.099347E-01 9.322858E-01 2.879151E-02 4.525950E-03 4.579343E+00 1.042003E+01 
1.636536E-01 1.348304E-02 3.702409E-01 1.755702E-01 -1.431898E+00 5.815697E-01 -1.163415E-01 9.862688E-01 2.623364E-02 1.797412E-03 4.840487E+00 8.537781E+00 
1.611111E-01 8.132332E-03 3.617291E-01 1.650412E-01 -1.394129E+00 5.731414E-01 -1.346187E-01 9.694123E-01 2.929256E-02 3.277925E-03 3.996081E+00 1.048584E+01 
1.637768E-01 6.124970E-03 3.390805E-01 1.745778E-01 -1.262529E+00 5.769000E-01 -1.127860E-01 9.553982E-01 2.981448E-02 2.494700E-03 4.254400E+00 9.299863E+00 
1.635634E-01 1.792190E-02 3.610209E-01 1.771308E-01 -1.536025E+00 5.818637E-01 -1.530096E-01 9.683807E-01 2.938553E-02 1.763961E-03 3.870373E+00 8.858996E+00 
1.595304E-01 5.079039E-03 3.696976E-01 1.368400E-01 -1.213021E+00 5.726883E-01 -1.266950E-01 7.983739E-01 2.783568E-02 6.153765E-04 5.193494E+00 1.070679E+01 
1.753929E-01 7.100456E-03 3.600213E-01 1.697039E-01 -1.367206E+00 5.961685E-01 -1.174479E-01 9.578298E-01 3.057742E-02 2.548693E-04 4.059541E+00 8.584236E+00 
1.636622E-01 6.840115E-03 3.780286E-01 1.709669E-01 -1.228080E+00 5.502172E-01 -1.222225E-01 9.538672E-01 3.096067E-02 3.500234E-03 4.328426E+00 9.246249E+00 
1.564506E-01 1.408844E-02 3.610864E-01 1.771610E-01 -1.439813E+00 5.866135E-01 -8.452325E-02 9.396589E-01 2.796129E-02 3.420088E-03 3.816534E+00 9.327216E+00 
1.666739E-01 6.469854E-03 3.514271E-01 1.724139E-01 -1.210685E+00 5.804831E-01 -6.755971E-02 9.492274E-01 2.433786E-02 1.243884E-03 4.287219E+00 1.028409E+01 
1.586813E-01 4.529645E-03 3.557035E-01 1.682493E-01 -1.461553E+00 5.746615E-01 -1.552008E-01 8.572548E-01 2.901737E-02 2.280807E-03 4.207495E+00 8.781821E+00 
1.492085E-01 5.901833E-03 3.846346E-01 1.716829E-01 -1.492594E+00 5.893619E-01 -1.764140E-01 9.078501E-01 2.890553E-02 1.226422E-03 3.890264E+00 8.343680E+00 
1.544397E-01 6.234918E-03 3.613813E-01 1.722617E-01 -1.515163E+00 5.817482E-01 -1.227850E-01 1.082979E+00 2.474055E-02 7.782332E-04 5.216010E+00 8.323121E+00 
1.460777E-01 7.523644E-03 3.852519E-01 1.723674E-01 -1.447348E+00 5.800082E-01 -1.000000E-02 1.105453E+00 2.722817E-02 2.893842E-03 4.396901E+00 9.032409E+00 
1.704925E-01 6.810669E-03 3.568250E-01 1.757154E-01 -1.264345E+00 5.619693E-01 -1.076261E-01 1.013386E+00 2.435099E-02 9.590142E-04 4.191690E+00 9.037187E+00 
1.498610E-01 9.543779E-03 3.451649E-01 1.712052E-01 -1.372786E+00 5.824244E-01 -1.078100E-01 1.051495E+00 2.558612E-02 1.976527E-03 4.559174E+00 9.655412E+00 
9.481343E-02 2.324583E-03 3.453613E-01 1.770794E-01 -1.414991E+00 5.694268E-01 -2.000000E-01 8.448825E-01 2.291321E-02 3.707238E-03 3.654071E+00 9.452558E+00 
1.187597E-02 4.958796E-02 3.489618E-01 1.607685E-01 -1.309636E+00 2.194357E-01 -1.659981E-02 9.777231E-01 2.751767E-02 8.690715E-03 3.005938E+00 1.159289E+01 
1.638169E-01 7.289088E-03 3.557736E-01 1.753610E-01 -1.523825E+00 5.787138E-01 -1.215173E-01 9.760475E-01 2.936770E-02 2.423589E-03 4.231863E+00 8.082976E+00 
1.641670E-01 1.531006E-03 3.418840E-01 1.751112E-01 -1.596005E+00 5.678117E-01 -6.102948E-02 9.094976E-01 3.196930E-02 1.211257E-03 4.129331E+00 8.533095E+00 
1.548684E-01 4.948443E-03 3.701343E-01 1.692248E-01 -1.504337E+00 5.299165E-01 -9.758668E-02 1.043728E+00 2.789154E-02 1.942336E-03 5.043762E+00 8.791437E+00 
1.719048E-01 2.930427E-03 3.580341E-01 1.662877E-01 -1.529527E+00 5.799958E-01 -1.689810E-01 9.733004E-01 3.259556E-02 2.182358E-03 4.479383E+00 8.691529E+00 
1.302537E-01 1.335426E-02 3.646288E-01 1.413958E-01 -1.463293E+00 5.739041E-01 -1.726461E-01 1.066150E+00 2.855417E-02 8.591266E-04 4.736079E+00 8.241560E+00 
1.595025E-01 8.382065E-03 3.409586E-01 1.747006E-01 -1.436907E+00 5.736192E-01 -1.104669E-01 9.223032E-01 2.759727E-02 1.119120E-03 4.522764E+00 1.007880E+01 
7.605070E-02 1.591615E-02 3.340593E-01 1.371285E-01 -1.389694E+00 5.395609E-01 -3.443647E-02 9.423877E-01 2.859892E-02 4.263723E-03 4.312458E+00 1.090396E+01 
1.682926E-01 9.935126E-03 3.544083E-01 1.712737E-01 -1.528902E+00 5.724730E-01 -8.612579E-02 9.407558E-01 2.730545E-02 1.971279E-03 3.644661E+00 9.318003E+00 
1.406169E-01 3.952498E-02 4.107987E-01 1.566625E-01 -1.384872E+00 5.935080E-01 -1.224959E-01 8.708099E-01 2.974519E-02 3.239562E-03 3.968109E+00 1.010686E+01 
1.437858E-01 1.049153E-02 3.407699E-01 1.642539E-01 -1.341234E+00 5.557761E-01 -1.158048E-01 9.702463E-01 2.404737E-02 1.334075E-03 4.250216E+00 9.336418E+00 
1.786540E-01 6.486129E-03 3.647850E-01 1.753340E-01 -1.422758E+00 5.595105E-01 -9.236560E-02 9.536047E-01 3.012364E-02 1.166120E-03 3.867322E+00 1.020591E+01 
1.610867E-01 8.946886E-03 3.403267E-01 1.746089E-01 -1.378513E+00 5.835183E-01 -8.544891E-02 9.838535E-01 2.762673E-02 2.258690E-03 4.261921E+00 9.032289E+00 
9.274635E-02 1.601346E-02 2.884260E-01 1.665801E-01 -1.413566E+00 6.000000E-01 -4.440013E-02 7.305722E-01 3.327151E-02 6.175304E-03 3.398733E+00 9.485055E+00 
1.398182E-01 8.246124E-03 3.659312E-01 1.363645E-01 -1.445599E+00 4.654926E-01 -1.106657E-01 9.077998E-01 2.814626E-02 2.125025E-03 4.652884E+00 9.607324E+00 
1.544397E-01 4.835620E-03 3.614469E-01 1.708073E-01 -1.416577E+00 5.900299E-01 -9.140105E-02 8.304596E-01 3.003790E-02 1.126432E-03 3.665593E+00 9.423835E+00 
1.359786E-01 1.023828E-02 3.576348E-01 1.603982E-01 -1.341588E+00 5.895660E-01 -9.862611E-02 9.824081E-01 2.903753E-02 2.228223E-03 4.397263E+00 1.041096E+01 
1.676515E-01 4.950594E-03 3.772428E-01 1.720849E-01 -1.473212E+00 5.925831E-01 -1.644288E-01 8.775220E-01 3.145258E-02 1.878640E-03 4.051016E+00 9.782057E+00 
1.594622E-01 9.429638E-03 3.580552E-01 1.719131E-01 -1.139672E+00 4.987294E-01 -1.082823E-01 8.410150E-01 2.983283E-02 2.223613E-03 4.527105E+00 1.147021E+01 
1.697480E-01 6.249320E-03 3.700469E-01 1.667994E-01 -1.510712E+00 5.966250E-01 -6.785598E-02 9.277109E-01 2.804151E-02 1.626910E-03 4.316216E+00 9.468478E+00 
1.689822E-01 8.574344E-03 3.578706E-01 1.730126E-01 -1.494539E+00 5.786067E-01 -8.101977E-02 8.583376E-01 3.083129E-02 5.672565E-03 4.373907E+00 8.966898E+00 
1.553899E-01 6.270040E-03 3.610066E-01 1.788910E-01 -1.413132E+00 5.715333E-01 -1.564455E-01 9.568628E-01 3.151049E-02 3.808831E-03 4.411678E+00 9.304024E+00 
1.387522E-01 2.779295E-02 3.106705E-01 1.525439E-01 -1.305266E+00 5.022152E-01 -8.521371E-02 8.317458E-01 2.912215E-02 2.070987E-03 3.536645E+00 9.189366E+00 
1.914848E-01 8.157614E-03 3.689812E-01 1.694929E-01 -1.450703E+00 6.000000E-01 -8.745628E-02 9.792152E-01 2.882916E-02 3.380365E-03 4.946119E+00 9.324052E+00 
1.680124E-01 4.976644E-03 3.415025E-01 1.667791E-01 -1.550017E+00 4.006513E-01 -6.392215E-02 1.266323E+00 2.859196E-02 0.000000E+00 3.857223E+00 1.081676E+01 
1.431902E-01 2.749035E-02 3.584417E-01 1.700836E-01 -1.365510E+00 6.000000E-01 -1.706579E-01 1.003741E+00 3.010578E-02 3.806261E-03 3.721365E+00 1.122031E+01 
1.243941E-01 7.609970E-03 3.287976E-01 1.663580E-01 -1.453754E+00 6.000000E-01 -2.536009E-02 9.653479E-01 3.016005E-02 1.874440E-03 3.861918E+00 1.018653E+01 
1.627160E-01 1.005471E-02 3.516765E-01 1.695310E-01 -1.438710E+00 5.091293E-01 -3.556418E-02 8.318311E-01 3.021065E-02 4.274149E-03 4.262411E+00 8.831241E+00 
1.511632E-01 2.721356E-02 4.035105E-01 1.761988E-01 -1.361748E+00 5.981996E-01 -9.997109E-02 9.311743E-01 3.035987E-02 6.824046E-04 4.531033E+00 9.109831E+00 
1.602511E-01 2.527378E-03 3.572991E-01 1.760407E-01 -1.468428E+00 5.691910E-01 -7.991336E-02 1.006545E+00 3.055552E-02 1.395857E-03 4.159128E+00 9.901798E+00 
8.158251E-02 7.590809E-02 3.380698E-01 1.659589E-01 -1.625849E+00 4.496215E-01 -4.437654E-02 9.890907E-01 3.030464E-02 5.218201E-03 4.058464E+00 8.839942E+00 
1.532040E-01 7.834947E-03 3.552502E-01 1.704593E-01 -1.435341E+00 5.793579E-01 -1.729223E-01 8.371839E-01 2.865269E-02 2.985454E-03 4.315402E+00 9.140202E+00 
1.509571E-01 8.147697E-03 4.137042E-01 1.680074E-01 -1.492582E+00 5.511534E-01 -8.441415E-02 9.964799E-01 2.851779E-02 1.322558E-03 3.713285E+00 1.007621E+01 
1.456719E-01 9.332836E-03 3.593491E-01 1.630198E-01 -1.493577E+00 5.013848E-01 -1.052599E-01 8.657739E-01 3.136961E-02 2.282769E-03 4.255278E+00 9.184077E+00 
1.717356E-01 5.361455E-03 3.469414E-01 1.801654E-01 -1.307671E+00 5.274209E-01 -1.132568E-01 9.172880E-01 2.556992E-02 1.277698E-03 4.026153E+00 1.089246E+01 
1.649052E-01 7.587918E-03 3.525486E-01 1.672441E-01 -1.250737E+00 4.700462E-01 -1.326370E-01 9.448092E-01 2.918280E-02 2.743485E-03 4.911354E+00 9.101487E+00 
1.586506E-01 1.721500E-02 3.041633E-01 1.474791E-01 -1.509627E+00 4.202618E-01 -8.886685E-02 9.646952E-01 2.420408E-02 5.039802E-03 4.838618E+00 1.009140E+01 
1.558917E-01 4.621645E-03 3.410053E-01 1.900447E-01 -1.427859E+00 5.831126E-01 -1.160628E-01 9.820260E-01 2.670646E-02 1.884194E-03 4.277703E+00 9.164274E+00 
1.479340E-01 8.141712E-03 3.661682E-01 1.691847E-01 -1.673585E+00 5.805925E-01 -9.677257E-02 8.615384E-01 2.984554E-02 2.283866E-03 4.531995E+00 9.187807E+00 
1.031337E-01 1.132453E-02 3.258569E-01 1.791246E-01 -1.705204E+00 5.792866E-01 -1.624781E-01 9.615589E-01 2.791027E-02 1.447801E-03 4.449495E+00 9.371931E+00 
1.324481E-01 3.955881E-03 3.508016E-01 1.874312E-01 -1.448086E+00 6.000000E-01 -5.771006E-02 9.268986E-01 2.958234E-02 6.809183E-04 3.308106E+00 9.343714E+00 
1.408815E-01 1.694310E-02 3.563506E-01 1.759093E-01 -1.347477E+00 5.542116E-01 -1.062176E-01 1.080456E+00 3.068227E-02 3.708798E-03 4.155739E+00 9.189554E+00 
1.766759E-01 1.022841E-02 3.646162E-01 1.768232E-01 -1.209930E+00 5.920826E-01 -3.634040E-02 8.443492E-01 2.898999E-02 5.697099E-04 4.377074E+00 7.984293E+00 
2.000000E-01 9.186484E-03 3.543795E-01 1.847949E-01 -1.578429E+00 5.179359E-01 -1.371769E-01 9.785017E-01 2.836068E-02 0.000000E+00 4.282380E+00 9.712288E+00 
1.510117E-01 5.595321E-03 3.503800E-01 1.763994E-01 -1.455402E+00 5.764826E-01 -1.366261E-01 9.040525E-01 2.863197E-02 8.486935E-04 5.460542E+00 9.220045E+00 
1.583867E-01 4.995977E-03 3.506025E-01 1.698119E-01 -1.555839E+00 5.807769E-01 -7.264272E-02 9.355999E-01 2.653457E-02 4.451253E-04 4.994912E+00 1.009657E+01 
1.765090E-01 6.470024E-03 3.655720E-01 1.699007E-01 -1.291865E+00 5.946134E-01 -1.535771E-01 9.546699E-01 2.776150E-02 9.063054E-04 4.529427E+00 8.581547E+00 
1.707625E-01 7.136027E-03 3.522846E-01 1.653200E-01 -1.330132E+00 5.754805E-01 -1.579338E-01 8.739598E-01 2.887991E-02 3.698188E-03 3.843651E+00 8.396745E+00 
9.461644E-02 5.821053E-02 3.438431E-01 1.731770E-01 -1.457139E+00 3.692584E-01 -7.926994E-02 9.605965E-01 3.809767E-02 1.143116E-02 4.895135E+00 5.198828E+00 
1.450214E-01 1.431888E-02 3.803345E-01 1.696532E-01 -1.526248E+00 5.009992E-01 -1.272311E-01 9.594583E-01 2.994111E-02 1.020011E-03 4.153970E+00 9.297445E+00 
1.527801E-01 2.682806E-03 3.546735E-01 1.714981E-01 -1.373669E+00 5.813706E-01 -1.604320E-01 9.173186E-01 3.151209E-02 7.586290E-04 4.214467E+00 8.735627E+00 
1.494327E-01 1.207363E-03 3.390994E-01 1.596065E-01 -1.465010E+00 5.766805E-01 -5.283526E-02 8.591111E-01 2.837745E-02 9.237205E-04 4.340232E+00 8.750013E+00 
8.327617E-02 1.378382E-02 3.501880E-01 1.605115E-01 -1.417960E+00 5.593658E-01 -7.612181E-02 1.043203E+00 2.914797E-02 5.454522E-03 4.263568E+00 7.752094E+00 
8.507843E-02 5.306890E-02 3.431791E-01 1.696198E-01 -1.097640E+00 5.386869E-01 -1.560602E-01 8.621632E-01 2.654642E-02 1.695853E-02 3.891599E+00 9.147233E+00 
1.761452E-01 1.139111E-02 3.646096E-01 1.723378E-01 -1.471350E+00 5.426167E-01 -1.170292E-01 9.134830E-01 2.801060E-02 8.244284E-04 4.171058E+00 9.488977E+00 
1.541981E-01 8.720565E-03 3.578599E-01 1.711525E-01 -1.456251E+00 5.908532E-01 -1.177810E-01 9.709063E-01 2.926910E-02 8.501212E-04 4.358777E+00 1.043051E+01 
1.650360E-01 4.694014E-02 3.541706E-01 1.677154E-01 -1.452869E+00 5.742460E-01 -1.039022E-01 9.498172E-01 2.925074E-02 5.587494E-03 4.617104E+00 9.317130E+00 
1.694585E-01 7.396678E-03 3.523684E-01 1.713944E-01 -1.295624E+00 5.756468E-01 -7.127633E-02 9.663815E-01 2.685682E-02 2.730557E-03 4.183778E+00 8.993977E+00 
1.382047E-01 1.400135E-02 3.622744E-01 1.817394E-01 -1.333419E+00 6.000000E-01 -1.451912E-01 8.810433E-01 2.884557E-02 4.697712E-03 3.940644E+00 8.320690E+00 
1.552440E-01 5.116177E-03 3.594181E-01 1.759356E-01 -1.233995E+00 5.793805E-01 -6.785239E-02 1.045634E+00 2.584761E-02 2.024839E-03 4.131591E+00 9.598779E+00 
1.606214E-01 7.123680E-03 3.613007E-01 1.718563E-01 -1.484617E+00 5.366307E-01 -9.464158E-02 9.837343E-01 3.616452E-02 1.668960E-03 4.818450E+00 9.095752E+00 
1.634234E-01 7.646325E-03 3.533117E-01 1.699742E-01 -1.495799E+00 5.742557E-01 -1.384555E-01 9.531483E-01 3.046598E-02 1.062067E-03 4.548146E+00 1.008447E+01 
1.602458E-01 6.808570E-03 3.497589E-01 1.658208E-01 -1.585418E+00 5.699827E-01 -1.387863E-01 9.286041E-01 2.836822E-02 4.206798E-03 3.629467E+00 9.459954E+00 
1.150174E-01 6.414083E-02 3.555292E-01 1.584714E-01 -1.317933E+00 3.381197E-01 -2.642652E-02 1.169685E+00 3.133210E-02 1.331701E-02 4.509451E+00 1.062809E+01 
1.807210E-01 3.101055E-03 3.495934E-01 1.656809E-01 -1.319477E+00 4.448199E-01 -3.795009E-02 7.063091E-01 2.908273E-02 3.859291E-03 4.208834E+00 1.076739E+01 
1.491204E-01 4.711487E-03 3.504790E-01 1.611346E-01 -1.486942E+00 5.266696E-01 -1.131336E-01 9.585557E-01 3.087125E-02 3.888182E-03 4.440028E+00 9.974481E+00 
1.618777E-01 1.026247E-02 3.534120E-01 1.786604E-01 -1.420051E+00 6.000000E-01 -1.310764E-01 9.791397E-01 2.988470E-02 2.751410E-03 4.219528E+00 9.095360E+00 
1.666040E-01 7.224547E-03 3.382649E-01 1.692006E-01 -1.453373E+00 4.969353E-01 -1.153495E-01 9.345301E-01 2.926260E-02 1.776978E-03 3.806626E+00 9.150772E+00 
1.369594E-01 8.153055E-03 3.631711E-01 1.349907E-01 -1.565190E+00 5.248846E-01 -1.235129E-01 8.771756E-01 2.974132E-02 2.261873E-03 2.390074E+00 7.598082E+00 
8.764245E-02 3.823817E-02 3.418361E-01 1.387507E-01 -1.300149E+00 4.215495E-01 -8.050680E-02 1.195687E+00 4.811063E-02 2.681481E-03 3.469556E+00 9.899979E+00 
1.466748E-01 7.215451E-03 3.445203E-01 1.654269E-01 -1.460956E+00 5.988257E-01 -1.594862E-01 9.703060E-01 2.805011E-02 3.959245E-03 4.484443E+00 9.388416E+00 
1.570411E-01 5.808633E-03 3.444661E-01 1.722422E-01 -1.511515E+00 5.819678E-01 -6.554854E-02 9.097855E-01 2.752520E-02 2.251368E-03 4.193639E+00 9.579383E+00 
1.494933E-01 6.313553E-03 3.422458E-01 1.711380E-01 -1.305071E+00 5.484853E-01 -2.462752E-02 9.626281E-01 2.867867E-02 4.525263E-03 4.224526E+00 8.329031E+00 
1.626159E-01 7.663256E-03 3.502161E-01 1.699565E-01 -1.537435E+00 5.728988E-01 -1.095876E-01 8.786911E-01 3.141959E-02 3.552233E-03 4.193637E+00 1.104380E+01 
1.677717E-01 9.156677E-03 3.756658E-01 1.719137E-01 -1.259822E+00 5.662497E-01 -1.213521E-01 1.029808E+00 2.783781E-02 1.483318E-03 4.375368E+00 8.901015E+00 
1.458731E-01 1.000000E-04 3.441558E-01 1.667566E-01 -1.304691E+00 5.760450E-01 -1.032964E-01 9.170408E-01 2.921069E-02 8.978441E-04 4.022340E+00 1.073304E+01 
1.672049E-01 3.339261E-03 3.552385E-01 1.785743E-01 -1.453864E+00 5.762064E-01 -1.015114E-01 8.647187E-01 3.390588E-02 1.900805E-03 4.087340E+00 9.834947E+00 
1.546729E-01 1.480281E-02 3.314392E-01 1.812941E-01 -1.503917E+00 5.567663E-01 -7.022031E-02 9.449400E-01 2.860272E-02 4.154111E-03 4.210583E+00 1.003859E+01 
1.564197E-01 7.180859E-03 3.362038E-01 1.718435E-01 -1.443683E+00 5.774550E-01 -1.107592E-01 8.587187E-01 2.888286E-02 2.160342E-03 4.581438E+00 8.616528E+00 
1.670433E-01 7.492442E-03 3.452998E-01 1.731961E-01 -1.464227E+00 5.894566E-01 -1.118262E-01 9.036468E-01 2.923200E-02 3.675153E-03 3.975595E+00 1.053712E+01 
1.611318E-01 5.277089E-03 3.520954E-01 1.721785E-01 -1.484976E+00 6.000000E-01 -8.968389E-02 8.872527E-01 3.153487E-02 3.291609E-03 4.112180E+00 9.234665E+00 
1.566772E-01 5.054511E-03 3.561755E-01 1.692789E-01 -1.539239E+00 5.734544E-01 -8.270898E-02 9.294252E-01 2.683019E-02 2.355737E-03 4.220940E+00 9.137735E+00 
1.595200E-01 6.555593E-03 3.343274E-01 1.711733E-01 -1.510020E+00 5.866207E-01 -1.765618E-01 9.590268E-01 2.560223E-02 3.244306E-04 4.132484E+00 8.922243E+00 
1.476728E-01 4.351880E-03 3.660245E-01 1.670183E-01 -1.498602E+00 5.614269E-01 -1.118791E-01 9.887736E-01 2.819387E-02 3.453376E-03 4.492766E+00 9.496960E+00 
1.639062E-01 3.547921E-03 3.518029E-01 1.540179E-01 -1.404636E+00 5.609071E-01 -1.076540E-01 8.576356E-01 2.878558E-02 3.064169E-03 4.087445E+00 9.500617E+00 
1.532463E-01 8.087631E-03 3.572772E-01 1.711384E-01 -1.558414E+00 5.926812E-01 -1.536063E-01 9.292498E-01 2.843458E-02 1.306035E-03 4.256119E+00 8.537396E+00 
1.575506E-01 6.846075E-03 3.686701E-01 1.754232E-01 -1.672347E+00 5.699503E-01 -7.554905E-02 8.675409E-01 3.110322E-02 1.926577E-03 4.127443E+00 9.475387E+00 
1.906728E-01 5.855482E-03 3.538573E-01 1.824988E-01 -1.555902E+00 5.804128E-01 -1.202722E-01 8.475412E-01 2.684929E-02 1.261204E-03 4.188951E+00 9.402869E+00 
1.651319E-01 7.433022E-03 3.547390E-01 1.714576E-01 -1.620920E+00 5.992241E-01 -1.008438E-01 9.132153E-01 2.940920E-02 7.960382E-04 3.960852E+00 7.839977E+00 
1.773040E-01 5.800259E-03 3.411002E-01 1.733429E-01 -1.522997E+00 5.805718E-01 -1.895743E-01 9.688252E-01 2.896633E-02 2.481021E-03 4.048928E+00 1.035229E+01 
1.511183E-01 9.708713E-03 3.619506E-01 1.687775E-01 -1.372539E+00 5.947411E-01 -1.942320E-01 9.305512E-01 2.805549E-02 2.369704E-03 3.947785E+00 9.342866E+00 
9.589010E-02 1.032344E-02 3.576632E-01 1.649973E-01 -1.369166E+00 4.481861E-01 -1.163674E-01 1.026627E+00 3.192205E-02 4.090081E-03 5.562313E+00 1.078139E+01 
1.552428E-01 1.006059E-02 3.568836E-01 1.702483E-01 -1.433184E+00 5.803947E-01 -9.126066E-02 9.170137E-01 2.885800E-02 2.012738E-03 4.370384E+00 7.857732E+00 
1.570736E-01 5.997400E-03 3.484197E-01 1.741972E-01 -1.493088E+00 5.485622E-01 -1.052516E-01 9.226557E-01 2.744983E-02 1.061767E-03 4.324599E+00 8.398133E+00 
1.566243E-01 8.453263E-03 3.442222E-01 1.753993E-01 -1.633664E+00 5.628756E-01 -6.397585E-02 9.456649E-01 2.949188E-02 8.379564E-04 4.121424E+00 9.709071E+00 
1.300407E-01 3.417601E-02 3.332498E-01 1.612035E-01 -1.203115E+00 5.278966E-01 -3.948503E-02 9.257228E-01 2.554840E-02 5.585294E-03 2.691759E+00 1.074466E+01 
1.515703E-01 4.323530E-03 3.521960E-01 1.710217E-01 -1.683539E+00 5.809644E-01 -9.385295E-02 9.204307E-01 2.825993E-02 1.784873E-03 3.969810E+00 9.215315E+00 
1.716687E-01 5.252320E-03 3.792019E-01 1.779794E-01 -1.402071E+00 5.597018E-01 -1.204832E-01 8.958351E-01 2.915302E-02 2.922666E-03 3.986942E+00 8.156189E+00 
1.458685E-01 4.477776E-02 3.517944E-01 1.702810E-01 -1.406990E+00 5.684065E-01 -1.151627E-01 9.000406E-01 3.192802E-02 5.663385E-03 3.895443E+00 9.383028E+00 
1.617214E-01 6.806531E-03 3.436235E-01 1.742883E-01 -1.516894E+00 5.895615E-01 -1.544330E-01 9.402757E-01 3.092867E-02 1.741423E-03 4.105069E+00 9.113490E+00 
1.656885E-01 8.919543E-03 3.507220E-01 1.770410E-01 -1.367387E+00 5.902279E-01 -1.877410E-01 9.608879E-01 2.677495E-02 7.762336E-04 4.965362E+00 8.037551E+00 
1.497664E-01 5.739515E-03 3.458350E-01 1.650373E-01 -1.377122E+00 5.686204E-01 -1.162632E-01 1.180137E+00 2.823525E-02 4.478904E-03 5.333073E+00 9.115948E+00 
1.589491E-01 1.450569E-02 3.594954E-01 1.759196E-01 -1.338848E+00 5.802910E-01 -9.118142E-02 8.769253E-01 2.877678E-02 2.904782E-03 4.394088E+00 1.027189E+01 
1.614546E-01 6.934697E-03 3.587235E-01 1.801951E-01 -1.497289E+00 5.747811E-01 -1.049538E-01 8.941793E-01 2.747053E-02 2.184426E-03 4.533452E+00 9.746351E+00 
1.460001E-01 2.109241E-02 3.652217E-01 1.823050E-01 -1.424010E+00 5.612706E-01 -2.000000E-01 1.027589E+00 3.030995E-02 9.944616E-04 4.625745E+00 8.575289E+00 
1.622455E-01 6.667877E-03 3.472165E-01 1.685037E-01 -1.467210E+00 5.728033E-01 -1.520475E-01 7.886617E-01 2.816541E-02 1.524404E-03 3.631062E+00 8.357265E+00 
1.783033E-01 6.104629E-03 3.656228E-01 1.660679E-01 -1.423641E+00 5.905619E-01 -1.471734E-01 8.326631E-01 3.003378E-02 2.452484E-03 4.588510E+00 9.056325E+00 
1.495929E-01 6.266524E-03 3.403397E-01 1.705039E-01 -1.408544E+00 5.856736E-01 -1.316961E-01 9.965046E-01 2.889673E-02 4.592941E-03 4.341524E+00 8.135147E+00 
1.589204E-01 6.150087E-03 3.448995E-01 1.756135E-01 -1.556312E+00 5.600222E-01 -1.250389E-01 9.127856E-01 2.884508E-02 1.458085E-03 4.908824E+00 9.349904E+00 
1.501398E-01 8.200812E-03 3.555732E-01 1.760750E-01 -1.385672E+00 5.362140E-01 -9.941247E-02 9.291668E-01 2.873823E-02 3.696681E-03 4.259311E+00 9.099531E+00 
1.398783E-01 6.321509E-03 3.612776E-01 1.705183E-01 -1.420139E+00 5.334680E-01 -1.320418E-01 8.782646E-01 2.988015E-02 2.288420E-03 4.281511E+00 8.876855E+00 
1.637985E-01 8.186370E-03 3.344621E-01 1.709748E-01 -1.466779E+00 5.740002E-01 -7.035932E-02 9.930838E-01 3.136342E-02 2.497491E-03 4.444375E+00 7.712009E+00 
1.704681E-01 7.249048E-03 3.595559E-01 1.744311E-01 -1.450857E+00 5.847159E-01 -1.144065E-01 9.519876E-01 2.878717E-02 2.510406E-03 4.277690E+00 7.983871E+00 
1.572041E-01 8.797416E-03 3.585800E-01 1.714484E-01 -1.586333E+00 5.337246E-01 -8.545897E-02 9.209578E-01 2.765257E-02 1.787637E-03 4.880442E+00 6.942605E+00 
1.484551E-01 1.506612E-02 3.621777E-01 1.736159E-01 -1.543604E+00 5.598173E-01 -1.349719E-01 9.106531E-01 2.817508E-02 1.975703E-03 4.460870E+00 7.706651E+00 
1.577124E-01 9.362953E-03 3.224293E-01 1.739502E-01 -1.506910E+00 5.745308E-01 -1.011116E-01 8.918129E-01 2.772549E-02 1.682431E-03 4.082912E+00 8.957168E+00 
1.574845E-01 6.376753E-03 3.332039E-01 1.429782E-01 -1.530107E+00 5.937345E-01 -1.618319E-01 9.929933E-01 3.397619E-02 1.330903E-04 3.768494E+00 9.124495E+00 
1.517925E-01 1.026384E-02 3.745960E-01 1.646363E-01 -1.424833E+00 5.806580E-01 -7.113335E-02 9.548462E-01 2.800306E-02 2.038720E-03 4.317560E+00 9.953797E+00 
9.350800E-02 3.034666E-03 3.403601E-01 1.680964E-01 -1.638487E+00 5.713452E-01 -5.287757E-02 9.693666E-01 2.829576E-02 3.703275E-03 3.551230E+00 1.105220E+01 
1.578378E-01 9.203682E-03 3.540999E-01 1.720734E-01 -1.400183E+00 5.806550E-01 -1.156778E-01 9.068518E-01 2.847197E-02 2.407192E-03 3.952396E+00 1.009449E+01 
1.650389E-01 5.209242E-03 3.644141E-01 1.730748E-01 -1.397219E+00 5.710453E-01 -1.334635E-01 8.959688E-01 2.805428E-02 2.671540E-03 4.505514E+00 9.189662E+00 
1.706863E-01 2.013226E-02 3.873771E-01 1.767536E-01 -1.351993E+00 5.728623E-01 -6.483772E-02 9.648622E-01 2.758626E-02 2.965948E-03 3.858036E+00 9.042304E+00 
9.713155E-02 3.066571E-03 3.615632E-01 1.701032E-01 -1.465902E+00 4.525792E-01 -1.053180E-01 9.681353E-01 3.085514E-02 6.438186E-03 3.650515E+00 1.218491E+01 
1.660788E-01 5.239144E-03 3.430460E-01 1.765131E-01 -1.349849E+00 5.892619E-01 -8.019203E-02 1.139797E+00 2.954568E-02 2.934365E-03 4.485902E+00 9.100132E+00 
1.773960E-01 1.209460E-02 3.422852E-01 1.714497E-01 -1.523359E+00 5.499103E-01 -1.462636E-01 9.835246E-01 2.676347E-02 1.036234E-03 4.736259E+00 9.473960E+00 
1.469747E-01 1.176462E-02 3.426221E-01 1.748875E-01 -1.623250E+00 5.597216E-01 -5.104769E-02 8.885055E-01 2.517419E-02 3.924001E-03 3.924054E+00 8.747216E+00 
1.743450E-01 1.579672E-02 3.456190E-01 1.720023E-01 -1.425338E+00 6.000000E-01 -1.461949E-01 9.981522E-01 2.549613E-02 4.979364E-03 3.448050E+00 9.108912E+00 
1.487021E-01 1.537144E-02 3.675817E-01 1.548560E-01 -1.328208E+00 5.158255E-01 -1.014054E-01 9.219533E-01 3.265723E-02 2.705916E-03 4.159490E+00 8.924963E+00 
1.616879E-01 6.590958E-03 3.511516E-01 1.735171E-01 -1.355839E+00 5.750048E-01 -1.222676E-01 9.103683E-01 2.708082E-02 2.509252E-03 4.727910E+00 9.479238E+00 
1.613868E-01 1.371162E-02 3.472866E-01 1.741348E-01 -1.449716E+00 5.888339E-01 -1.887616E-01 9.166271E-01 3.010227E-02 1.101508E-02 5.014768E+00 8.725669E+00 
1.464421E-01 1.238456E-02 3.512980E-01 1.700258E-01 -1.381421E+00 5.800688E-01 -6.091666E-02 1.034750E+00 2.718584E-02 1.257995E-03 4.281272E+00 8.205956E+00 
1.564052E-01 5.407735E-03 3.679495E-01 1.787543E-01 -1.424709E+00 5.592246E-01 -9.001544E-02 9.336957E-01 3.008603E-02 2.872903E-03 4.123957E+00 8.688182E+00 
1.637698E-01 6.877899E-03 3.362286E-01 1.662937E-01 -1.499743E+00 5.877359E-01 -1.097893E-01 8.921678E-01 2.913932E-02 7.086187E-04 4.052992E+00 9.996596E+00 
1.722884E-01 1.795621E-02 3.414658E-01 1.719939E-01 -1.494732E+00 5.835065E-01 -1.197336E-01 9.406380E-01 2.831606E-02 1.202817E-03 3.668411E+00 9.963055E+00 
1.612259E-01 9.063732E-03 3.438263E-01 1.675351E-01 -1.371907E+00 5.746410E-01 -6.238788E-02 8.994588E-01 3.007845E-02 1.912402E-03 4.576557E+00 9.675474E+00 
1.774307E-01 2.607090E-02 3.420416E-01 1.671349E-01 -1.471020E+00 2.124703E-01 -8.692986E-02 9.680201E-01 2.519025E-02 3.187275E-03 3.830417E+00 9.096914E+00 
1.532449E-01 5.479771E-03 3.710803E-01 1.731665E-01 -1.536963E+00 5.728369E-01 -1.375423E-01 1.059548E+00 2.828659E-02 0.000000E+00 4.140680E+00 1.031292E+01 
1.540693E-01 5.679528E-03 3.545050E-01 1.683741E-01 -1.424523E+00 5.185632E-01 -1.457084E-01 9.796136E-01 3.152988E-02 4.468787E-03 4.295792E+00 1.019996E+01 
1.794860E-01 7.974733E-03 3.564812E-01 1.736756E-01 -1.486749E+00 5.612660E-01 -1.004026E-01 9.778763E-01 2.994163E-02 6.545766E-04 4.897761E+00 7.488397E+00 
1.637030E-01 3.588009E-03 3.661965E-01 1.648348E-01 -1.356082E+00 5.777864E-01 -1.263834E-01 8.997344E-01 2.968632E-02 1.281194E-03 4.521508E+00 1.002539E+01 
1.452195E-01 1.740660E-02 3.485483E-01 1.748592E-01 -1.436153E+00 5.750838E-01 -1.003938E-01 1.020298E+00 2.829743E-02 2.256888E-03 4.375555E+00 8.425673E+00 
1.612949E-01 7.134649E-03 3.489941E-01 1.751328E-01 -1.375139E+00 5.580546E-01 -9.711258E-02 9.433025E-01 2.897769E-02 1.129696E-03 4.272401E+00 8.316191E+00 
1.746918E-01 5.713527E-03 3.793876E-01 1.706661E-01 -1.411371E+00 5.895064E-01 -1.686655E-01 8.863769E-01 2.880807E-02 1.869811E-03 4.926462E+00 1.004807E+01 
1.433889E-01 1.084391E-02 3.756841E-01 1.687750E-01 -1.431017E+00 5.937194E-01 -1.033588E-01 9.894087E-01 2.853154E-02 3.035090E-04 4.155569E+00 1.044596E+01 
1.713257E-01 8.555318E-03 3.547368E-01 1.728395E-01 -1.660341E+00 5.781642E-01 -7.819325E-02 9.083888E-01 2.865494E-02 1.930442E-03 3.918540E+00 8.456526E+00 
1.779237E-01 2.054778E-02 3.776052E-01 1.702559E-01 -1.221813E+00 4.813282E-01 -8.482330E-02 9.845882E-01 2.958368E-02 1.744263E-02 4.630159E+00 7.507482E+00 
1.401653E-01 2.335998E-02 3.683428E-01 1.577841E-01 -1.361585E+00 5.883882E-01 -8.579491E-02 9.195512E-01 2.731019E-02 2.156668E-03 1.801086E+00 9.043514E+00 
