1.715939E-01 6.808478E-03 3.849120E-01 1.738863E-01 -1.641194E+00 5.627210E-01 -3.687977E-02 9.459689E-01 3.026794E-02 1.037413E-03 4.133519E+00 9.737765E+00 
1.693157E-01 7.643925E-03 3.489317E-01 1.706887E-01 -1.346726E+00 5.950456E-01 -1.353992E-01 9.735194E-01 2.525221E-02 1.506948E-03 4.393475E+00 9.501584E+00 
1.625644E-01 6.633765E-03 3.422364E-01 1.758274E-01 -1.424197E+00 6.000000E-01 -1.441317E-01 9.655492E-01 2.798594E-02 2.465550E-03 4.673656E+00 5.877780E+00 
1.617103E-01 4.627237E-03 3.596858E-01 1.721606E-01 -1.502082E+00 5.870764E-01 -1.367492E-01 9.844601E-01 2.858639E-02 3.011725E-03 4.255552E+00 8.302831E+00 
1.605834E-01 1.042395E-02 3.471202E-01 1.733939E-01 -1.495509E+00 5.955944E-01 -1.464276E-01 9.324708E-01 3.782703E-02 0.000000E+00 4.579019E+00 8.242116E+00 
1.052094E-01 1.005268E-02 3.562506E-01 1.529323E-01 -1.340252E+00 5.994562E-01 -1.043028E-01 1.036600E+00 2.909168E-02 1.134668E-02 3.761017E+00 5.794231E+00 
6.644200E-02 3.827679E-02 3.476049E-01 1.626130E-01 -1.471096E+00 5.810205E-01 -9.940639E-02 9.163721E-01 2.812916E-02 0.000000E+00 4.125595E+00 8.827296E+00 
1.205745E-01 1.223179E-02 3.356165E-01 1.730720E-01 -1.555322E+00 3.441635E-01 -4.563734E-02 1.075158E+00 3.867716E-02 6.707374E-03 4.553865E+00 7.264952E+00 
1.178348E-01 3.942886E-02 3.577357E-01 1.513544E-01 -1.209140E+00 4.743732E-01 -4.612379E-02 1.040862E+00 3.212112E-02 8.044069E-03 4.819979E+00 1.115800E+01 
1.720350E-01 1.308512E-02 3.666478E-01 1.758896E-01 -1.333488E+00 5.697826E-01 -8.109404E-02 8.813090E-01 2.791959E-02 1.302836E-03 4.483224E+00 1.037609E+01 
1.725582E-01 6.866796E-03 3.519229E-01 1.713938E-01 -1.557061E+00 5.939637E-01 -1.205774E-01 9.586250E-01 3.363003E-02 1.064818E-03 4.154133E+00 8.311867E+00 
1.530463E-01 3.643007E-03 3.599357E-01 1.723873E-01 -1.415882E+00 5.301141E-01 -1.000121E-01 9.154120E-01 2.799598E-02 3.388724E-03 4.159801E+00 9.041420E+00 
1.520081E-01 7.575427E-03 3.703906E-01 1.737499E-01 -1.562164E+00 4.547364E-01 -4.257063E-02 9.408613E-01 3.439050E-02 1.257052E-02 2.800279E+00 8.988959E+00 
1.599184E-01 1.459772E-02 3.515343E-01 1.707974E-01 -1.280812E+00 5.612239E-01 -1.217906E-01 8.268301E-01 2.932816E-02 3.953894E-03 3.896486E+00 1.076191E+01 
1.342605E-01 1.110324E-02 3.743261E-01 1.734312E-01 -1.262315E+00 5.860061E-01 -1.741014E-01 9.310102E-01 2.915675E-02 2.328828E-03 4.368832E+00 1.020896E+01 
1.473358E-01 3.391276E-03 3.383834E-01 1.774525E-01 -1.847928E+00 5.253170E-01 -1.795749E-02 9.885089E-01 2.833239E-02 5.760598E-03 3.267388E+00 7.609043E+00 
1.611617E-01 5.220314E-03 3.570690E-01 1.734970E-01 -1.454228E+00 5.424287E-01 -9.975062E-02 8.647759E-01 2.246868E-02 2.330612E-03 4.290231E+00 1.022091E+01 
1.745872E-01 8.234859E-03 3.365287E-01 1.796166E-01 -1.440867E+00 6.000000E-01 -1.225047E-01 8.915256E-01 2.837263E-02 6.528579E-04 4.981994E+00 7.310429E+00 
1.614175E-01 3.542325E-03 3.591987E-01 1.730862E-01 -1.415874E+00 5.613602E-01 -8.296275E-02 9.638765E-01 2.822976E-02 2.610894E-03 3.900523E+00 8.790816E+00 
1.605274E-01 8.424172E-03 3.457069E-01 1.741690E-01 -1.573377E+00 5.713452E-01 -1.176026E-01 8.865979E-01 3.329024E-02 2.423032E-03 4.463897E+00 1.071410E+01 
1.604829E-01 5.414332E-03 3.563694E-01 1.745177E-01 -1.375249E+00 5.613003E-01 -8.880110E-02 9.187647E-01 3.292683E-02 9.094934E-04 4.041102E+00 8.901978E+00 
1.406250E-01 7.098774E-03 3.409649E-01 1.669474E-01 -1.608931E+00 5.652210E-01 -1.627962E-01 8.564556E-01 2.851811E-02 2.863359E-03 4.507339E+00 1.226328E+01 
1.659908E-01 6.532973E-03 3.461528E-01 1.713627E-01 -1.454074E+00 5.888252E-01 -1.372701E-01 9.122584E-01 2.710153E-02 0.000000E+00 3.931519E+00 9.986921E+00 
1.461008E-01 1.268833E-02 3.589911E-01 1.724338E-01 -1.371716E+00 5.954047E-01 -1.755733E-01 8.789633E-01 2.920537E-02 2.050882E-03 4.250665E+00 9.334318E+00 
1.573991E-01 7.841574E-03 3.373354E-01 1.827766E-01 -1.488107E+00 5.750516E-01 -1.362498E-01 9.382054E-01 2.953478E-02 1.320487E-03 5.273702E+00 8.297716E+00 
1.443771E-01 8.532593E-03 3.430641E-01 1.762922E-01 -1.513232E+00 5.407676E-01 -7.969914E-02 9.085241E-01 2.868584E-02 1.362035E-03 3.722330E+00 9.193035E+00 
1.454589E-01 1.120788E-02 3.651784E-01 1.700126E-01 -1.317062E+00 5.407205E-01 -1.069145E-01 9.314878E-01 2.903022E-02 1.540745E-03 4.385329E+00 7.391206E+00 
1.613416E-01 8.198415E-03 3.551606E-01 1.770148E-01 -1.525527E+00 5.737357E-01 -9.865854E-02 9.804101E-01 1.977065E-02 1.786005E-03 4.772429E+00 9.333492E+00 
1.612565E-01 7.063243E-03 3.529276E-01 1.743293E-01 -1.477889E+00 5.617665E-01 -8.763244E-02 9.024507E-01 2.751694E-02 4.757710E-03 4.193224E+00 9.413962E+00 
1.523971E-01 4.232227E-03 3.588764E-01 1.698655E-01 -1.426653E+00 5.863017E-01 -1.215956E-01 1.019086E+00 3.079870E-02 4.277068E-03 4.194179E+00 8.907785E+00 
1.511175E-01 7.376909E-03 3.456260E-01 1.693361E-01 -1.471513E+00 5.771872E-01 -1.096927E-01 9.707594E-01 2.967161E-02 1.204166E-03 4.478975E+00 9.353672E+00 
1.564606E-01 7.415167E-03 3.569696E-01 1.743674E-01 -1.528812E+00 5.852270E-01 -7.410419E-02 9.040157E-01 2.930149E-02 5.937476E-04 3.914793E+00 8.162391E+00 
1.478998E-01 4.929676E-03 3.565567E-01 1.727739E-01 -1.421260E+00 5.733805E-01 -1.345624E-01 9.854025E-01 2.966058E-02 2.391201E-03 4.026097E+00 8.923041E+00 
1.682273E-01 8.128153E-03 3.422163E-01 1.696433E-01 -1.401162E+00 5.874856E-01 -1.693754E-01 9.489970E-01 2.812795E-02 1.959441E-03 4.311778E+00 9.651012E+00 
1.311469E-01 4.510708E-03 3.350206E-01 1.725817E-01 -1.442469E+00 6.000000E-01 -9.153079E-02 1.073636E+00 2.619824E-02 2.576414E-03 4.498615E+00 8.550968E+00 
1.273155E-01 6.041022E-02 3.464553E-01 1.304261E-01 -1.438649E+00 5.315023E-01 -3.048476E-02 9.838105E-01 2.864208E-02 8.144530E-03 5.362228E+00 9.200495E+00 
1.519522E-01 1.109216E-02 3.848996E-01 1.713835E-01 -1.633941E+00 5.654399E-01 -5.897863E-02 9.114432E-01 3.058744E-02 2.258994E-03 4.211960E+00 9.457841E+00 
1.707225E-01 1.112967E-02 3.641413E-01 1.750586E-01 -1.252052E+00 5.499602E-01 -8.531157E-02 1.014373E+00 2.844334E-02 4.559735E-03 4.175271E+00 1.011604E+01 
1.665341E-01 5.788298E-03 3.813297E-01 1.713338E-01 -1.390632E+00 6.000000E-01 -1.020473E-01 9.601242E-01 2.658631E-02 1.753670E-03 4.539645E+00 8.369402E+00 
7.692899E-02 5.722585E-02 3.509668E-01 1.479832E-01 -1.169881E+00 4.206085E-01 -1.583693E-02 1.028604E+00 3.205774E-02 9.952724E-03 4.932561E+00 1.090044E+01 
1.554560E-01 4.682510E-03 3.605035E-01 1.753024E-01 -1.298191E+00 5.642660E-01 -1.931345E-01 9.951545E-01 2.692335E-02 3.017187E-05 4.688177E+00 8.392889E+00 
1.559771E-01 7.532466E-03 3.474759E-01 1.635659E-01 -1.320747E+00 5.758423E-01 -8.671612E-02 1.067632E+00 2.889480E-02 3.077324E-03 4.360002E+00 8.408691E+00 
1.633653E-01 6.786838E-03 3.450453E-01 1.797855E-01 -1.582361E+00 5.711609E-01 -7.733333E-02 9.213958E-01 2.849630E-02 8.682630E-04 4.123244E+00 8.463213E+00 
1.695679E-01 5.201426E-03 3.557465E-01 1.686815E-01 -1.367738E+00 6.000000E-01 -1.631039E-01 7.688424E-01 2.950534E-02 2.538445E-03 4.252034E+00 8.898046E+00 
7.416090E-02 9.363632E-03 3.507403E-01 1.598911E-01 -1.521815E+00 5.494565E-01 -1.021585E-01 9.223386E-01 2.983072E-02 3.145097E-03 3.890176E+00 9.843746E+00 
1.685508E-01 3.684578E-03 3.559097E-01 1.709175E-01 -1.376336E+00 5.741985E-01 -1.194875E-01 1.243530E+00 3.011475E-02 2.471864E-03 3.926085E+00 9.936945E+00 
1.736184E-01 1.348848E-03 3.693369E-01 1.721516E-01 -1.439065E+00 5.790194E-01 -1.396728E-01 9.861466E-01 3.292803E-02 3.618935E-04 4.029248E+00 7.910357E+00 
1.426608E-01 3.171740E-02 3.690725E-01 1.704934E-01 -1.419076E+00 5.381343E-01 -7.236063E-02 9.545132E-01 2.802050E-02 2.738645E-03 3.397714E+00 9.948942E+00 
1.615409E-01 7.659133E-03 3.514246E-01 1.796864E-01 -1.507963E+00 5.647235E-01 -1.000000E-02 8.892893E-01 2.910724E-02 5.527225E-03 4.444245E+00 8.876300E+00 
1.878952E-01 1.000000E-04 3.484397E-01 1.776228E-01 -1.464017E+00 5.491916E-01 -1.490204E-01 9.285740E-01 2.322347E-02 3.143923E-03 4.256380E+00 1.250520E+01 
1.498293E-01 1.811251E-02 3.412503E-01 1.734242E-01 -1.551578E+00 5.758138E-01 -1.050977E-01 9.961695E-01 2.561247E-02 0.000000E+00 4.418390E+00 8.452525E+00 
1.709629E-01 6.451415E-03 3.426485E-01 1.786433E-01 -1.554189E+00 5.867439E-01 -1.493087E-01 9.523222E-01 2.854894E-02 9.887323E-04 3.497088E+00 8.676568E+00 
1.461636E-01 6.268028E-03 3.592069E-01 1.850263E-01 -1.532509E+00 5.788034E-01 -8.267079E-02 1.048775E+00 2.825184E-02 1.765976E-03 3.178879E+00 8.850485E+00 
1.538926E-01 6.447989E-03 3.375523E-01 1.721382E-01 -1.470372E+00 5.761924E-01 -8.788746E-02 9.825052E-01 2.925204E-02 2.419933E-03 4.054233E+00 9.581756E+00 
1.475147E-01 1.366143E-02 3.638860E-01 1.708563E-01 -1.483058E+00 5.693915E-01 -1.531181E-01 8.750732E-01 3.024030E-02 1.061656E-03 3.661014E+00 7.891676E+00 
9.397841E-02 9.082799E-03 3.545721E-01 1.726270E-01 -1.572924E+00 5.150699E-01 -8.284337E-02 8.899137E-01 5.444705E-02 4.238559E-03 4.345201E+00 6.929303E+00 
1.686206E-01 4.354264E-03 3.745779E-01 1.753390E-01 -1.370727E+00 5.652928E-01 -1.112437E-01 9.102822E-01 2.924821E-02 2.629306E-03 4.003021E+00 7.389457E+00 
1.629528E-01 8.052091E-03 3.603351E-01 1.757052E-01 -1.380339E+00 5.530035E-01 -1.207300E-01 9.407671E-01 2.552444E-02 1.509739E-03 4.452216E+00 9.308019E+00 
1.575311E-01 8.835768E-03 3.707107E-01 1.392852E-01 -1.356798E+00 5.394048E-01 -6.037683E-02 5.937087E-01 2.811208E-02 6.447934E-03 3.918939E+00 1.022063E+01 
1.419448E-01 2.312588E-03 3.363742E-01 1.700820E-01 -1.653672E+00 5.531829E-01 -1.028427E-01 9.034029E-01 2.918287E-02 2.368230E-03 4.133529E+00 1.045973E+01 
1.625306E-01 3.433459E-03 3.621799E-01 1.675799E-01 -1.348700E+00 5.680816E-01 -1.079244E-01 9.794546E-01 3.103567E-02 2.719124E-03 4.855815E+00 9.425434E+00 
1.331331E-01 2.585867E-02 3.396625E-01 1.610659E-01 -1.540502E+00 5.332781E-01 -9.674296E-02 1.216143E+00 3.078908E-02 9.880973E-03 2.276394E+00 8.937218E+00 
1.890249E-01 6.906407E-03 3.649561E-01 1.583349E-01 -1.458511E+00 5.771817E-01 -1.327871E-01 9.660042E-01 2.487853E-02 4.751275E-03 4.255817E+00 7.909989E+00 
1.474424E-01 5.780394E-03 3.579392E-01 1.720036E-01 -1.364293E+00 5.907671E-01 -9.793194E-02 9.753260E-01 2.883378E-02 1.371315E-03 4.214704E+00 9.406084E+00 
1.551508E-01 7.573704E-03 3.529194E-01 1.751641E-01 -1.394030E+00 5.932517E-01 -1.241443E-01 9.096645E-01 2.960638E-02 1.113789E-03 4.547070E+00 8.540970E+00 
7.441853E-02 5.863972E-02 3.133688E-01 1.578333E-01 -1.284699E+00 5.815573E-01 -1.559598E-01 9.573339E-01 2.965494E-02 5.095231E-03 4.789141E+00 7.731010E+00 
1.576891E-01 6.967483E-03 3.530014E-01 1.675480E-01 -1.405333E+00 5.567149E-01 -1.479888E-01 9.006811E-01 2.871982E-02 4.685525E-03 3.973168E+00 1.015026E+01 
1.549222E-01 2.793149E-02 3.643664E-01 1.707664E-01 -1.285722E+00 5.783844E-01 -1.277834E-01 9.938003E-01 2.757343E-02 3.499073E-03 4.107256E+00 7.151981E+00 
4.474001E-02 4.358163E-02 3.706994E-01 1.719139E-01 -1.005393E+00 5.048713E-01 -4.145765E-02 1.164771E+00 3.045524E-02 9.649098E-03 4.359208E+00 6.553383E+00 
1.494489E-01 6.047341E-03 3.618294E-01 1.723819E-01 -1.288421E+00 5.636711E-01 -1.496473E-01 9.762973E-01 3.149644E-02 3.251391E-03 4.020347E+00 8.721481E+00 
1.220881E-01 2.729772E-02 3.110343E-01 1.694645E-01 -1.379709E+00 5.522470E-01 -7.444568E-02 8.065317E-01 2.840440E-02 5.708007E-03 3.741294E+00 9.602355E+00 
1.510657E-01 8.952375E-03 3.580762E-01 1.764845E-01 -1.459853E+00 5.403263E-01 -5.194342E-02 8.812738E-01 2.411551E-02 3.048369E-03 4.313404E+00 1.027034E+01 
1.606655E-01 6.799294E-03 3.494346E-01 1.691789E-01 -1.598212E+00 5.627215E-01 -1.195543E-01 8.299441E-01 2.834284E-02 1.871474E-03 4.024677E+00 1.049759E+01 
1.076345E-01 1.677631E-02 3.632090E-01 1.767775E-01 -1.502023E+00 5.834686E-01 -1.726699E-01 9.086728E-01 3.103395E-02 1.778859E-03 4.441964E+00 9.269922E+00 
1.671218E-01 5.033266E-03 3.654943E-01 1.719942E-01 -1.449526E+00 5.680066E-01 -1.723042E-01 1.028343E+00 3.175811E-02 2.058511E-03 3.020413E+00 8.638744E+00 
1.524414E-01 4.072902E-03 3.637913E-01 1.649205E-01 -1.390615E+00 5.587938E-01 -1.628302E-01 9.036968E-01 2.872309E-02 3.783885E-03 4.445940E+00 1.059930E+01 
1.634819E-01 9.552245E-03 3.410732E-01 1.714360E-01 -1.464843E+00 5.829254E-01 -7.359402E-02 9.412194E-01 2.810077E-02 5.636849E-04 4.130911E+00 1.017414E+01 
1.591146E-01 5.054609E-03 3.449449E-01 1.771375E-01 -1.578982E+00 5.664558E-01 -9.845638E-02 8.296459E-01 3.024779E-02 6.782780E-04 4.149153E+00 9.744581E+00 
1.538225E-01 4.679096E-03 3.602563E-01 1.766306E-01 -1.412403E+00 5.962447E-01 -1.119713E-01 9.450570E-01 3.009039E-02 1.670604E-03 4.506058E+00 1.073704E+01 
1.644558E-01 4.706372E-03 3.393455E-01 1.768315E-01 -1.463223E+00 5.885100E-01 -1.626692E-01 9.191307E-01 2.596272E-02 1.071114E-03 4.789677E+00 1.014451E+01 
1.654971E-01 8.738694E-03 3.407916E-01 1.795338E-01 -1.488670E+00 6.000000E-01 -1.173001E-01 1.153174E+00 2.994492E-02 2.986643E-03 4.089174E+00 9.699766E+00 
1.541972E-01 5.938897E-03 3.591060E-01 1.682036E-01 -1.414196E+00 5.626923E-01 -9.644837E-02 9.411723E-01 2.815367E-02 2.083752E-03 3.834745E+00 8.188149E+00 
1.465750E-01 9.394547E-03 3.624906E-01 1.704523E-01 -1.429969E+00 5.589641E-01 -3.366956E-02 9.078908E-01 2.905966E-02 1.388121E-03 4.260163E+00 9.128215E+00 
1.792858E-01 9.302903E-03 3.432121E-01 1.792839E-01 -1.503399E+00 5.738639E-01 -1.104941E-01 9.434339E-01 2.833364E-02 7.593666E-03 4.190525E+00 7.534699E+00 
1.543074E-01 9.753435E-03 3.413006E-01 1.714457E-01 -1.452055E+00 5.699660E-01 -1.008811E-01 9.522226E-01 3.001472E-02 5.240084E-05 3.948958E+00 9.876573E+00 
1.612572E-01 1.286505E-02 3.584330E-01 1.750327E-01 -1.378390E+00 5.197588E-01 -1.390206E-01 9.572921E-01 2.627049E-02 5.970669E-04 4.575279E+00 9.156219E+00 
1.416314E-01 2.238484E-02 3.642967E-01 1.719534E-01 -1.387321E+00 5.855002E-01 -2.629347E-02 8.262349E-01 2.812489E-02 5.712270E-03 3.975808E+00 9.130962E+00 
1.736098E-01 1.140718E-02 3.189420E-01 1.758457E-01 -1.583036E+00 5.867409E-01 -1.458764E-01 7.614280E-01 2.988388E-02 6.340656E-03 4.162417E+00 9.985086E+00 
1.390077E-01 1.270499E-02 3.531754E-01 1.732584E-01 -1.433890E+00 5.941074E-01 -1.381867E-01 9.348668E-01 2.962602E-02 2.842808E-03 3.891288E+00 9.062388E+00 
1.507403E-01 8.771999E-03 3.461777E-01 1.746064E-01 -1.438925E+00 5.758078E-01 -1.079996E-01 9.519651E-01 2.941747E-02 4.215814E-03 3.666788E+00 9.996377E+00 
1.468966E-01 5.669219E-03 3.572065E-01 1.712559E-01 -1.471618E+00 5.568848E-01 -9.144358E-02 8.900514E-01 3.042197E-02 3.084538E-03 4.097769E+00 9.890453E+00 
1.564481E-01 1.000000E-04 3.403931E-01 1.798663E-01 -1.643195E+00 6.000000E-01 -1.216755E-01 8.953809E-01 2.595691E-02 2.714046E-03 4.346427E+00 9.985621E+00 
1.484946E-01 5.104244E-03 3.201445E-01 1.641208E-01 -1.578765E+00 5.007001E-01 -7.168765E-02 9.262946E-01 2.771717E-02 1.472995E-03 4.054281E+00 1.049461E+01 
1.389131E-01 5.519927E-03 3.505281E-01 1.740374E-01 -1.547125E+00 5.731455E-01 -5.798435E-02 9.779522E-01 3.038970E-02 2.002437E-03 4.240068E+00 9.001772E+00 
1.361759E-01 1.535773E-02 3.361253E-01 1.504114E-01 -1.405673E+00 4.746564E-01 -6.392970E-02 1.009235E+00 2.951031E-02 9.978136E-03 2.714749E+00 1.050840E+01 
1.730419E-01 4.626395E-03 3.500738E-01 1.741130E-01 -1.480449E+00 5.907559E-01 -1.240861E-01 9.863099E-01 3.186764E-02 2.072494E-03 4.079681E+00 9.789360E+00 
1.635066E-01 5.026333E-03 3.574960E-01 1.672059E-01 -1.561606E+00 5.705895E-01 -2.000000E-01 9.361121E-01 3.122267E-02 1.135685E-03 4.019181E+00 9.126655E+00 
1.575595E-01 7.216554E-03 3.497305E-01 1.729480E-01 -1.483816E+00 5.751423E-01 -9.335171E-02 8.998605E-01 3.022712E-02 2.066190E-03 4.151825E+00 8.969358E+00 
1.591891E-01 1.493438E-02 3.436424E-01 1.714817E-01 -1.490529E+00 5.592269E-01 -1.366905E-01 8.954362E-01 2.790731E-02 2.619286E-03 4.260517E+00 8.755383E+00 
1.742874E-01 3.959871E-03 3.542877E-01 1.753606E-01 -1.324124E+00 5.783493E-01 -1.084009E-01 9.186197E-01 2.912648E-02 1.097256E-03 4.137656E+00 9.159859E+00 
1.646609E-01 3.661963E-03 3.309977E-01 1.775830E-01 -1.442493E+00 5.911679E-01 -1.014911E-01 9.881010E-01 2.760914E-02 3.720731E-03 3.568722E+00 7.894914E+00 
1.276043E-01 1.035422E-02 3.604800E-01 1.762857E-01 -1.401508E+00 5.832101E-01 -9.496221E-02 8.806018E-01 2.692694E-02 4.414336E-03 5.202608E+00 9.734345E+00 
8.892690E-02 2.035876E-02 3.200909E-01 1.659488E-01 -1.432706E+00 4.482698E-01 -5.653679E-02 1.012549E+00 4.061789E-02 8.100955E-03 4.679146E+00 4.646335E+00 
1.609826E-01 9.329791E-03 3.796485E-01 1.693673E-01 -1.555393E+00 5.911359E-01 -1.207871E-01 9.519802E-01 2.790672E-02 3.192850E-03 4.062617E+00 7.729924E+00 
1.864963E-01 1.047106E-02 3.513477E-01 1.740679E-01 -1.417212E+00 5.777035E-01 -1.635403E-01 9.113740E-01 3.032183E-02 3.816383E-03 3.865004E+00 8.114156E+00 
1.708798E-01 5.739111E-03 3.588246E-01 1.693914E-01 -1.411974E+00 5.769296E-01 -1.255023E-01 9.619177E-01 3.040532E-02 1.911214E-03 4.317106E+00 1.064142E+01 
8.956366E-02 3.714981E-02 3.081551E-01 1.414934E-01 -1.277934E+00 5.310366E-01 -3.804235E-02 1.031821E+00 3.052400E-02 6.996980E-03 3.081583E+00 1.440093E+01 
1.634285E-01 4.758328E-03 3.475125E-01 1.768834E-01 -1.454948E+00 5.898863E-01 -8.128159E-02 9.181871E-01 2.933127E-02 1.872730E-04 4.800385E+00 8.592961E+00 
1.540659E-01 8.378731E-03 3.550682E-01 1.652807E-01 -1.430467E+00 5.934435E-01 -9.453232E-02 9.579327E-01 2.912889E-02 1.536984E-03 4.672610E+00 9.061575E+00 
1.833114E-01 3.731860E-03 3.670981E-01 1.723471E-01 -1.546165E+00 5.545627E-01 -1.051369E-01 9.182998E-01 3.072810E-02 4.861837E-04 3.961335E+00 9.283950E+00 
1.567609E-01 6.525341E-03 3.641091E-01 1.730400E-01 -1.346838E+00 5.847081E-01 -9.621506E-02 9.161655E-01 2.687037E-02 9.322616E-04 3.407801E+00 9.338043E+00 
1.895126E-01 8.099105E-03 3.754505E-01 1.816527E-01 -1.432512E+00 5.772433E-01 -1.344939E-01 8.754609E-01 2.724699E-02 1.294631E-03 4.942558E+00 9.471871E+00 
1.542237E-01 5.216533E-03 3.541927E-01 1.734112E-01 -1.397248E+00 5.857179E-01 -1.000000E-02 1.039629E+00 2.557491E-02 2.626579E-03 3.942175E+00 9.154900E+00 
1.504485E-01 7.203005E-03 3.389666E-01 1.730110E-01 -1.525993E+00 5.847561E-01 -1.050058E-01 9.455292E-01 2.727772E-02 2.312152E-03 4.175971E+00 9.605636E+00 
1.579531E-01 6.489777E-03 3.565934E-01 1.718870E-01 -1.435380E+00 5.669311E-01 -1.272864E-01 9.075835E-01 2.685262E-02 6.841541E-04 4.179125E+00 1.101430E+01 
1.499450E-01 1.344575E-02 3.529220E-01 1.755598E-01 -1.543022E+00 5.762625E-01 -9.089510E-02 9.480245E-01 2.470281E-02 0.000000E+00 4.114756E+00 9.003815E+00 
1.592741E-01 1.052909E-02 3.557338E-01 1.763988E-01 -1.427683E+00 5.870497E-01 -1.142795E-01 9.065101E-01 2.992201E-02 1.289677E-03 4.144696E+00 8.712080E+00 
8.216164E-02 2.828310E-02 3.316344E-01 1.712858E-01 -1.388301E+00 5.216150E-01 -7.332478E-02 9.457875E-01 3.594985E-02 2.967374E-04 3.324498E+00 1.128078E+01 
1.755392E-01 5.223369E-03 3.642614E-01 1.776550E-01 -1.532182E+00 6.000000E-01 -1.947798E-01 9.373854E-01 2.858362E-02 2.256479E-03 3.842578E+00 1.006312E+01 
1.678429E-01 7.837719E-03 3.644932E-01 1.770117E-01 -1.382580E+00 5.970378E-01 -9.579346E-02 9.641437E-01 2.937003E-02 5.407757E-03 5.208524E+00 8.345402E+00 
1.880086E-01 7.047135E-03 3.407529E-01 1.815022E-01 -1.402834E+00 5.944499E-01 -1.468936E-01 9.581355E-01 2.662940E-02 3.733782E-03 5.033404E+00 9.718765E+00 
1.780963E-01 5.413164E-03 3.910859E-01 1.666593E-01 -1.296536E+00 5.960486E-01 -1.681849E-01 9.486666E-01 2.821643E-02 1.559647E-03 4.347763E+00 9.207589E+00 
1.571710E-01 1.370042E-02 3.587536E-01 1.753098E-01 -1.443184E+00 4.125095E-01 -1.074959E-01 9.232297E-01 3.038681E-02 2.461701E-03 3.947147E+00 1.044996E+01 
1.410599E-01 3.828261E-02 3.323708E-01 1.498272E-01 -1.386398E+00 4.951291E-01 -7.707816E-02 9.706638E-01 2.761188E-02 9.937666E-03 4.257284E+00 8.963279E+00 
1.688638E-01 9.414440E-03 3.348495E-01 1.659396E-01 -1.501750E+00 5.032893E-01 -9.160515E-02 9.840728E-01 2.849994E-02 5.201550E-03 3.771435E+00 9.292500E+00 
1.497726E-01 5.171100E-03 3.523249E-01 1.672298E-01 -1.331920E+00 5.754454E-01 -2.762819E-02 8.265272E-01 3.038760E-02 2.336645E-03 4.707377E+00 1.027212E+01 
1.171906E-01 6.956562E-03 3.399396E-01 1.728561E-01 -1.415249E+00 5.592182E-01 -1.186657E-01 9.204572E-01 2.542025E-02 5.196305E-04 4.806656E+00 1.032996E+01 
1.514486E-01 6.394365E-03 3.475616E-01 1.731823E-01 -1.521144E+00 5.816318E-01 -9.848593E-02 8.799071E-01 2.869067E-02 1.809839E-04 4.347912E+00 9.344715E+00 
1.562967E-01 1.928942E-02 3.671941E-01 1.644942E-01 -9.616865E-01 5.425994E-01 -8.661400E-02 9.515331E-01 3.204936E-02 4.567843E-03 4.328077E+00 8.092432E+00 
1.287400E-01 3.094476E-03 3.512570E-01 1.777001E-01 -1.830047E+00 5.577898E-01 -5.529706E-02 9.644567E-01 2.779469E-02 2.711798E-03 3.221645E+00 8.060563E+00 
1.396536E-01 5.809130E-03 3.575444E-01 1.689909E-01 -1.301763E+00 5.541817E-01 -1.026414E-01 8.906845E-01 2.882874E-02 1.509695E-03 4.924620E+00 9.321645E+00 
1.512543E-01 8.626109E-03 3.708543E-01 1.679359E-01 -1.555017E+00 5.780507E-01 -1.590946E-01 1.014513E+00 2.726789E-02 2.113232E-03 4.200422E+00 6.672224E+00 
1.528548E-01 5.296476E-03 3.582107E-01 1.716211E-01 -1.515073E+00 5.901769E-01 -8.646209E-02 9.279057E-01 2.972202E-02 4.156708E-03 3.613866E+00 9.048576E+00 
8.512000E-02 2.878308E-02 3.628869E-01 1.727621E-01 -1.044999E+00 5.536955E-01 -7.370106E-02 1.064196E+00 3.089895E-02 1.277940E-03 4.663512E+00 1.026670E+01 
1.714389E-01 2.285942E-02 3.619192E-01 1.730257E-01 -1.562213E+00 5.542576E-01 -1.092731E-01 8.166401E-01 3.026281E-02 2.112627E-03 4.560784E+00 8.869524E+00 
1.576754E-01 7.905455E-03 3.313579E-01 1.758661E-01 -1.479990E+00 5.574376E-01 -1.131216E-01 7.856022E-01 2.843300E-02 2.391870E-03 4.705199E+00 1.027839E+01 
1.041170E-01 3.245999E-03 3.425482E-01 1.722050E-01 -1.524174E+00 5.761318E-01 -7.275765E-02 9.183042E-01 2.803595E-02 1.529428E-03 4.521713E+00 7.014570E+00 
1.356039E-01 1.608175E-02 3.657660E-01 1.538934E-01 -1.302202E+00 3.020162E-01 -3.089823E-02 9.337422E-01 3.597192E-02 6.192138E-03 4.253132E+00 9.142613E+00 
1.630509E-01 1.655239E-04 3.671554E-01 1.669964E-01 -1.387431E+00 4.931661E-01 -1.543644E-01 9.022996E-01 2.239320E-02 2.639231E-03 3.823426E+00 9.423932E+00 
1.622416E-01 1.565609E-02 3.417997E-01 1.751423E-01 -1.470813E+00 5.193735E-01 -1.531629E-01 9.272314E-01 2.645938E-02 3.786996E-03 4.306768E+00 8.018249E+00 
1.767544E-01 4.219704E-03 3.752416E-01 1.703484E-01 -1.453088E+00 6.000000E-01 -2.000000E-01 1.162794E+00 1.758623E-02 1.628096E-03 3.921072E+00 8.202038E+00 
1.738349E-01 2.574345E-02 3.640511E-01 1.757209E-01 -1.539700E+00 5.834857E-01 -1.380017E-01 9.528061E-01 2.653268E-02 0.000000E+00 4.574942E+00 7.303537E+00 
8.700513E-02 3.116632E-02 3.192789E-01 1.583925E-01 -1.409296E+00 5.168130E-01 -6.347597E-02 9.231959E-01 2.698144E-02 4.206249E-03 3.087391E+00 9.088179E+00 
1.030040E-01 1.709512E-02 3.486457E-01 1.478615E-01 -1.479559E+00 5.157875E-01 -1.173341E-01 9.986494E-01 3.027200E-02 8.520756E-03 4.351017E+00 7.709983E+00 
1.808354E-01 1.543482E-02 3.480783E-01 1.822135E-01 -1.320128E+00 5.553818E-01 -1.000000E-02 9.736431E-01 2.834930E-02 3.546315E-04 5.141710E+00 8.793143E+00 
1.572885E-01 1.060825E-02 3.424383E-01 1.591136E-01 -1.633376E+00 5.551820E-01 -8.189313E-02 8.955412E-01 2.953196E-02 6.857355E-03 4.431519E+00 7.089795E+00 
1.504871E-01 6.573665E-03 3.556277E-01 1.710181E-01 -1.544585E+00 5.783124E-01 -1.198817E-01 1.014400E+00 2.448264E-02 7.943419E-04 4.349332E+00 9.994211E+00 
1.527567E-01 1.135148E-02 3.541698E-01 1.677146E-01 -1.516682E+00 5.661984E-01 -9.353208E-02 8.534834E-01 2.924145E-02 2.866315E-03 4.602594E+00 1.026844E+01 
1.631569E-01 9.927642E-03 4.300655E-01 1.761566E-01 -1.615702E+00 5.629953E-01 -4.007875E-02 9.606873E-01 2.988317E-02 1.160434E-03 3.855213E+00 1.040698E+01 
1.475896E-01 2.128040E-03 3.523720E-01 1.702815E-01 -1.407407E+00 5.806370E-01 -9.253522E-02 8.353177E-01 2.901250E-02 2.347509E-03 5.016047E+00 9.753611E+00 
1.643354E-01 5.205100E-03 3.389081E-01 1.759081E-01 -1.442447E+00 5.779054E-01 -8.377783E-02 9.702193E-01 3.266568E-02 3.647252E-03 3.703650E+00 1.049615E+01 
1.804159E-01 7.679423E-03 3.518646E-01 1.809510E-01 -1.393647E+00 5.680036E-01 -1.393701E-01 1.049179E+00 2.889055E-02 2.884135E-03 4.186460E+00 8.400895E+00 
1.534288E-01 1.037121E-02 3.456641E-01 1.770982E-01 -1.312498E+00 5.781931E-01 -1.110436E-01 9.455285E-01 2.955778E-02 3.200800E-03 3.758375E+00 9.903324E+00 
6.968347E-02 5.607134E-02 3.655866E-01 1.668464E-01 -1.450737E+00 3.801559E-01 -1.545140E-02 9.758413E-01 2.952531E-02 8.557722E-03 4.600884E+00 8.070006E+00 
1.652005E-01 7.304745E-03 3.596691E-01 1.824650E-01 -1.404371E+00 5.614148E-01 -1.093450E-01 9.322679E-01 2.881146E-02 2.999286E-03 3.505838E+00 1.030293E+01 
9.961436E-02 2.290671E-02 3.293747E-01 1.779419E-01 -1.486096E+00 4.230688E-01 -8.348782E-02 9.704305E-01 4.095731E-02 1.364043E-02 4.234108E+00 8.688624E+00 
1.711829E-01 9.985386E-03 3.855033E-01 1.726387E-01 -1.356845E+00 5.907755E-01 -6.047037E-02 8.664287E-01 3.091108E-02 1.272415E-03 4.200921E+00 1.032879E+01 
1.531451E-01 9.340416E-03 3.642534E-01 1.703198E-01 -1.586077E+00 5.406532E-01 -6.800613E-02 8.676773E-01 2.887141E-02 1.164583E-03 4.442758E+00 9.605820E+00 
1.733259E-01 8.714934E-03 3.498031E-01 1.721626E-01 -1.306601E+00 5.689819E-01 -1.189086E-01 8.800759E-01 3.031187E-02 2.958733E-03 4.413877E+00 8.216788E+00 
1.711441E-01 1.051628E-02 3.534758E-01 1.755998E-01 -1.415565E+00 5.850670E-01 -1.537946E-01 1.152711E+00 2.949062E-02 1.884456E-03 4.478452E+00 1.020604E+01 
1.561152E-01 6.682262E-03 3.552617E-01 1.739913E-01 -1.330016E+00 5.936053E-01 -8.728169E-02 1.043567E+00 2.871020E-02 1.571606E-03 4.083101E+00 8.631640E+00 
1.688539E-01 7.946318E-03 3.554368E-01 1.724466E-01 -1.641841E+00 5.955552E-01 -1.445682E-01 9.442195E-01 3.192218E-02 1.761376E-03 4.166473E+00 8.782480E+00 
1.649448E-01 6.954690E-03 3.622201E-01 1.735483E-01 -1.550038E+00 5.837097E-01 -1.374479E-01 8.571140E-01 3.010037E-02 1.572338E-03 4.549745E+00 1.002386E+01 
1.558532E-01 3.456493E-03 3.598554E-01 1.712612E-01 -1.381143E+00 5.952296E-01 -8.154418E-02 9.405590E-01 2.840249E-02 3.414943E-03 4.189940E+00 9.133723E+00 
1.578908E-01 5.806442E-03 3.456794E-01 1.737809E-01 -1.469648E+00 5.831116E-01 -8.151506E-02 9.437414E-01 2.919967E-02 2.550945E-03 4.210583E+00 8.346919E+00 
1.647941E-01 3.330970E-03 3.536250E-01 1.761279E-01 -1.476246E+00 5.501151E-01 -1.430596E-01 9.611025E-01 2.854130E-02 2.197713E-03 4.772965E+00 9.072115E+00 
1.425232E-01 1.372953E-02 3.470199E-01 1.692118E-01 -1.443845E+00 5.425174E-01 -1.000000E-02 8.608670E-01 2.890819E-02 2.864332E-03 3.627059E+00 9.212990E+00 
1.694100E-01 4.791179E-03 3.330560E-01 1.630069E-01 -1.362002E+00 5.895778E-01 -1.376292E-01 9.128617E-01 2.832704E-02 1.800953E-03 3.914342E+00 6.764678E+00 
1.666770E-01 1.889115E-03 3.509962E-01 1.741420E-01 -1.483534E+00 5.503486E-01 -1.396549E-01 9.662468E-01 3.111490E-02 8.073433E-03 4.872617E+00 8.306870E+00 
1.500329E-01 4.884090E-02 3.703925E-01 1.610435E-01 -1.281273E+00 5.837032E-01 -9.578958E-02 9.545747E-01 3.187054E-02 8.375718E-03 4.708711E+00 9.617440E+00 
1.734203E-01 6.051558E-03 3.506138E-01 1.831898E-01 -1.481992E+00 5.787349E-01 -1.347924E-01 8.625723E-01 2.606189E-02 2.794805E-03 3.993744E+00 9.111980E+00 
1.501454E-01 1.920077E-02 3.471402E-01 1.689612E-01 -1.472538E+00 4.564146E-01 -1.303329E-01 9.568238E-01 3.031198E-02 3.426284E-03 4.107101E+00 9.026874E+00 
1.656740E-01 8.682056E-03 3.436750E-01 1.679346E-01 -1.282366E+00 5.697133E-01 -7.648332E-02 9.681483E-01 2.742779E-02 1.953646E-03 5.054348E+00 1.040893E+01 
1.636072E-01 6.717098E-03 3.516773E-01 1.677427E-01 -1.365058E+00 5.850018E-01 -1.392902E-01 8.478869E-01 3.118240E-02 1.247978E-03 4.180414E+00 9.314965E+00 
1.574558E-01 2.147532E-03 3.572623E-01 1.730400E-01 -1.607493E+00 5.674547E-01 -1.465541E-01 9.429082E-01 3.050292E-02 1.650739E-03 4.038265E+00 7.527768E+00 
1.642268E-01 1.161711E-02 3.731589E-01 1.735093E-01 -1.502995E+00 5.900515E-01 -1.475789E-01 9.224263E-01 2.782224E-02 6.972126E-04 4.132527E+00 7.443455E+00 
1.676782E-01 1.044158E-02 3.738943E-01 1.790058E-01 -1.463484E+00 5.965754E-01 -1.584609E-01 1.135990E+00 2.766232E-02 1.807416E-03 4.043563E+00 7.804608E+00 
1.174353E-01 7.375098E-03 3.588936E-01 1.764614E-01 -1.367401E+00 5.484771E-01 -1.601343E-01 7.237286E-01 2.790625E-02 4.169573E-03 4.087856E+00 8.286227E+00 
1.663517E-01 8.390680E-03 3.483821E-01 1.770919E-01 -1.416066E+00 5.714207E-01 -1.426896E-01 9.353767E-01 2.742775E-02 1.281302E-03 4.351238E+00 9.465214E+00 
1.629010E-01 1.347351E-02 3.707228E-01 1.753289E-01 -1.508772E+00 5.927412E-01 -1.432443E-01 9.748134E-01 2.729765E-02 2.563326E-03 4.318160E+00 8.090106E+00 
1.576292E-01 9.671342E-03 3.719244E-01 1.733068E-01 -1.305249E+00 5.721956E-01 -1.090739E-01 9.055688E-01 2.641632E-02 5.966951E-04 4.478867E+00 9.442739E+00 
1.643018E-01 1.527294E-02 3.464218E-01 1.726247E-01 -1.375115E+00 5.753195E-01 -1.031712E-01 9.122234E-01 3.117988E-02 1.608650E-03 4.769134E+00 1.039186E+01 
1.676309E-01 9.361360E-03 3.515726E-01 1.731361E-01 -1.395187E+00 6.000000E-01 -8.471262E-02 8.631033E-01 2.815537E-02 2.489324E-03 3.990128E+00 9.592955E+00 
1.081331E-01 8.206789E-03 3.519745E-01 1.685756E-01 -1.409906E+00 5.318625E-01 -1.174750E-01 9.419641E-01 3.368649E-02 1.616390E-03 3.869850E+00 1.203414E+01 
8.040058E-02 2.392531E-02 3.308808E-01 1.651946E-01 -1.381559E+00 5.862548E-01 -6.367168E-02 9.155505E-01 2.966520E-02 6.913952E-03 4.075058E+00 8.717546E+00 
1.587238E-01 6.452591E-03 3.535377E-01 1.714134E-01 -1.592784E+00 5.768912E-01 -1.436665E-01 9.058863E-01 2.844643E-02 3.390040E-03 4.046340E+00 8.638570E+00 
1.804774E-01 7.471385E-03 3.523569E-01 1.710513E-01 -1.503840E+00 5.655503E-01 -6.738029E-02 8.950365E-01 2.549409E-02 2.333947E-03 3.454806E+00 1.013409E+01 
1.585016E-01 3.887477E-03 3.565219E-01 1.677062E-01 -1.496251E+00 5.819701E-01 -1.090970E-01 9.516673E-01 2.819082E-02 3.578031E-04 4.178457E+00 9.761356E+00 
1.429424E-01 6.162498E-03 3.491800E-01 1.698151E-01 -1.415454E+00 5.768196E-01 -1.020124E-01 9.751632E-01 2.862352E-02 3.957340E-03 4.236274E+00 9.427020E+00 
1.803745E-01 5.607134E-03 3.335664E-01 1.806405E-01 -1.505015E+00 5.892758E-01 -1.145279E-01 9.715180E-01 2.757165E-02 2.055585E-03 4.487297E+00 8.133881E+00 
1.692636E-01 7.876394E-03 3.661613E-01 1.713690E-01 -1.460558E+00 5.739740E-01 -1.095396E-01 9.185477E-01 3.513132E-02 3.910299E-04 3.817518E+00 8.838664E+00 
1.690707E-01 5.069803E-03 3.586290E-01 1.704011E-01 -1.428319E+00 5.944713E-01 -1.224677E-01 9.071081E-01 2.931994E-02 1.404427E-03 4.172297E+00 9.683777E+00 
1.804549E-01 7.769515E-03 3.471144E-01 1.726675E-01 -1.391619E+00 5.899076E-01 -1.843949E-01 9.693433E-01 2.510954E-02 3.683889E-03 4.299152E+00 9.210744E+00 
1.578248E-01 8.810744E-03 3.751006E-01 1.722365E-01 -1.439523E+00 5.793345E-01 -9.013681E-02 9.240659E-01 2.971560E-02 2.167301E-03 3.876175E+00 9.482424E+00 
1.589674E-01 3.499681E-03 3.310796E-01 1.743766E-01 -1.481933E+00 5.915816E-01 -1.260373E-01 9.776867E-01 2.995998E-02 9.324837E-04 3.794999E+00 9.784554E+00 
1.757213E-01 9.083783E-03 3.894212E-01 1.717030E-01 -1.497920E+00 5.803536E-01 -1.765065E-01 9.819045E-01 2.917441E-02 2.088792E-03 4.384889E+00 6.612015E+00 
1.360709E-01 6.645914E-03 3.614068E-01 1.738753E-01 -1.394201E+00 5.718756E-01 -1.588912E-01 7.648081E-01 2.948171E-02 6.987229E-03 2.593493E+00 9.893716E+00 
1.328920E-01 9.344909E-03 3.547981E-01 1.630928E-01 -1.358060E+00 4.870284E-01 -1.005042E-01 9.171549E-01 2.794193E-02 1.571209E-03 4.696321E+00 9.712067E+00 
1.599517E-01 5.433778E-03 3.488855E-01 1.704485E-01 -1.420265E+00 5.602834E-01 -6.310050E-02 9.895503E-01 2.925568E-02 2.377503E-04 4.292389E+00 1.190841E+01 
1.434834E-01 2.600979E-02 3.637508E-01 1.570030E-01 -1.344070E+00 5.842895E-01 -1.025790E-01 8.938021E-01 3.155456E-02 2.656160E-03 4.273211E+00 5.901338E+00 
1.665843E-01 5.132575E-03 3.632197E-01 1.768953E-01 -1.507961E+00 5.781492E-01 -1.384824E-01 9.512605E-01 2.491184E-02 3.344760E-03 3.742116E+00 8.473710E+00 
4.499500E-02 6.165419E-03 3.550788E-01 1.696825E-01 -1.373201E+00 5.633591E-01 -1.295372E-01 9.460238E-01 2.957218E-02 2.179548E-03 4.842688E+00 1.039686E+01 
8.182851E-02 6.075424E-02 3.427178E-01 1.476723E-01 -1.005918E+00 4.465754E-01 -6.287971E-02 9.805413E-01 3.406093E-02 1.717641E-02 4.353627E+00 8.315684E+00 
1.701039E-01 1.466816E-02 3.655713E-01 1.731004E-01 -1.438720E+00 5.598614E-01 -1.075494E-01 9.091150E-01 2.068736E-02 1.835701E-03 3.495825E+00 8.211956E+00 
1.553036E-01 5.361938E-03 3.420264E-01 1.742911E-01 -1.526115E+00 5.697538E-01 -1.124977E-01 1.028308E+00 2.754423E-02 6.347831E-03 4.168294E+00 9.155189E+00 
1.440476E-01 3.957480E-03 3.387667E-01 1.673228E-01 -1.499110E+00 6.000000E-01 -1.391314E-01 1.021269E+00 2.780713E-02 3.697994E-03 3.521578E+00 8.478668E+00 
1.479774E-01 9.837417E-03 3.258345E-01 1.735968E-01 -1.433445E+00 5.789279E-01 -6.113247E-02 9.517527E-01 2.917465E-02 3.251401E-03 4.565107E+00 7.933647E+00 
1.555618E-01 5.252728E-03 3.633034E-01 1.702279E-01 -1.435906E+00 5.921328E-01 -9.684804E-02 8.947418E-01 2.934371E-02 1.072051E-03 4.543821E+00 9.858473E+00 
1.479776E-01 8.975630E-03 3.638206E-01 1.691678E-01 -1.488504E+00 5.854621E-01 -6.594646E-02 9.004066E-01 2.950083E-02 2.889889E-03 4.278789E+00 9.953313E+00 
1.463893E-01 5.710899E-03 3.595295E-01 1.699363E-01 -1.178789E+00 5.891755E-01 -1.449991E-01 1.069286E+00 3.018257E-02 2.556691E-03 3.571512E+00 8.736532E+00 
1.359902E-01 2.347026E-02 4.236619E-01 1.665079E-01 -1.348195E+00 5.660101E-01 -1.888581E-01 1.072705E+00 2.855324E-02 1.810975E-03 5.379389E+00 9.854327E+00 
1.426588E-01 4.732453E-02 3.561908E-01 1.593453E-01 -1.370278E+00 3.097691E-01 -9.144083E-02 9.374992E-01 3.345175E-02 8.276513E-03 3.296868E+00 1.009661E+01 
1.415278E-01 4.798094E-03 3.382225E-01 1.658682E-01 -1.430843E+00 5.176289E-01 -3.580791E-02 8.868088E-01 2.762450E-02 1.242993E-03 3.961271E+00 1.004153E+01 
1.796466E-01 7.543042E-03 3.496979E-01 1.755728E-01 -1.420112E+00 5.879554E-01 -1.122968E-01 9.851359E-01 2.921953E-02 2.537917E-03 4.157766E+00 1.042343E+01 
1.618351E-01 7.125050E-03 3.344159E-01 1.699783E-01 -1.461373E+00 5.972432E-01 -1.456376E-01 9.416442E-01 2.840278E-02 1.346318E-03 4.211151E+00 1.039709E+01 
1.499606E-01 7.193007E-03 3.446614E-01 1.724641E-01 -1.455193E+00 5.859497E-01 -1.205955E-01 8.400459E-01 2.383234E-02 1.922290E-03 3.329243E+00 8.282779E+00 
1.600531E-01 6.373034E-03 3.381627E-01 1.749400E-01 -1.452874E+00 5.786430E-01 -1.201010E-01 1.008220E+00 2.675531E-02 1.707929E-03 4.307843E+00 9.589598E+00 
1.376867E-01 1.842049E-02 3.602856E-01 1.739917E-01 -1.298504E+00 5.848903E-01 -7.575845E-02 9.800582E-01 2.626152E-02 5.916133E-03 5.104575E+00 1.069269E+01 
1.549178E-01 1.094077E-02 3.947744E-01 1.622225E-01 -1.297383E+00 4.774306E-01 -9.078365E-02 1.039904E+00 2.818728E-02 3.410173E-03 4.460094E+00 9.604026E+00 
1.611495E-01 6.730267E-03 3.595372E-01 1.724758E-01 -1.446809E+00 5.510223E-01 -1.110594E-01 9.485984E-01 2.836035E-02 1.489485E-03 4.096425E+00 8.910161E+00 
1.591147E-01 5.640422E-03 3.653794E-01 1.665899E-01 -1.401559E+00 5.989685E-01 -1.305968E-01 9.257425E-01 2.960880E-02 2.117131E-03 4.427049E+00 9.243265E+00 
1.582003E-01 9.967954E-03 3.753234E-01 1.672628E-01 -1.382482E+00 5.758842E-01 -1.751549E-01 9.675565E-01 2.852258E-02 4.283382E-03 4.641058E+00 6.970873E+00 
1.629522E-01 5.693131E-03 3.333576E-01 1.706072E-01 -1.469773E+00 5.743591E-01 -1.241423E-01 9.266388E-01 2.814546E-02 1.274152E-03 4.294715E+00 9.211312E+00 
1.587357E-01 1.538197E-02 3.520601E-01 1.740496E-01 -1.443974E+00 5.918075E-01 -5.644426E-02 1.007664E+00 3.161937E-02 1.442909E-03 4.347630E+00 8.290395E+00 
1.503375E-01 6.483741E-03 3.459222E-01 1.714394E-01 -1.551907E+00 5.789317E-01 -8.157471E-02 9.456076E-01 3.030791E-02 8.089016E-04 4.065977E+00 9.515963E+00 
1.491692E-01 6.749086E-03 3.749799E-01 1.733593E-01 -1.425059E+00 5.688976E-01 -5.134072E-02 9.816561E-01 2.920538E-02 1.196946E-03 4.297870E+00 8.279035E+00 
1.748841E-01 4.184029E-03 3.466958E-01 1.721961E-01 -1.444044E+00 5.788130E-01 -1.533343E-01 9.886826E-01 2.954426E-02 1.726268E-03 4.380852E+00 9.191516E+00 
1.505654E-01 1.220154E-02 3.633000E-01 1.745087E-01 -1.404016E+00 5.984544E-01 -1.548973E-01 1.002022E+00 3.125944E-02 1.661334E-03 4.375965E+00 8.843717E+00 
1.452798E-01 9.150921E-03 3.682427E-01 1.589543E-01 -1.504819E+00 5.870190E-01 -8.972820E-02 9.092144E-01 2.968424E-02 4.254357E-04 4.125614E+00 9.032041E+00 
1.557856E-01 6.557223E-03 3.666883E-01 1.706252E-01 -1.352475E+00 5.836789E-01 -6.041944E-02 9.159606E-01 2.837019E-02 6.655305E-04 4.451210E+00 1.100186E+01 
1.681308E-01 7.572122E-03 3.676400E-01 1.717766E-01 -1.450079E+00 5.844155E-01 -1.152045E-01 9.313478E-01 2.989352E-02 1.875647E-03 3.951549E+00 9.229241E+00 
1.551967E-01 6.186515E-03 3.878816E-01 1.717593E-01 -1.420956E+00 5.770607E-01 -9.779535E-02 1.031326E+00 2.725524E-02 3.035493E-03 4.388113E+00 9.547632E+00 
1.209376E-01 3.581878E-02 3.757051E-01 1.512944E-01 -1.163516E+00 4.423210E-01 -1.000000E-02 6.566178E-01 2.942895E-02 5.492391E-03 4.056321E+00 1.087782E+01 
1.621022E-01 1.061412E-02 3.331912E-01 1.800318E-01 -1.576398E+00 5.773935E-01 -1.277266E-01 9.278338E-01 2.973053E-02 2.153713E-03 4.277553E+00 7.022565E+00 
1.609491E-01 5.872270E-03 3.443493E-01 1.735772E-01 -1.471053E+00 5.854197E-01 -7.874313E-02 8.358605E-01 2.797823E-02 2.189013E-03 4.102000E+00 9.718434E+00 
1.673819E-01 4.743888E-03 3.598612E-01 1.711315E-01 -1.651078E+00 5.634595E-01 -7.331496E-02 9.218166E-01 2.821609E-02 8.670851E-03 4.263792E+00 8.398271E+00 
1.627808E-01 6.944982E-03 3.636855E-01 1.667923E-01 -1.472923E+00 5.622601E-01 -4.112951E-02 8.708727E-01 2.947067E-02 3.683754E-03 4.650789E+00 9.694476E+00 
1.584035E-01 2.274325E-03 3.697558E-01 1.678970E-01 -1.404470E+00 5.953784E-01 -1.662135E-01 8.892220E-01 3.080814E-02 3.086365E-03 4.153761E+00 9.381724E+00 
1.706755E-01 5.656428E-03 3.586284E-01 1.697736E-01 -1.348375E+00 5.599653E-01 -1.821286E-01 1.125511E+00 2.340225E-02 0.000000E+00 3.918102E+00 7.087853E+00 
1.496659E-01 2.663207E-02 3.501986E-01 1.712436E-01 -1.580121E+00 5.142154E-01 -4.216412E-02 9.110903E-01 2.867952E-02 1.680908E-03 4.321635E+00 9.984733E+00 
1.665496E-01 1.379195E-02 3.570710E-01 1.730876E-01 -1.565889E+00 5.749484E-01 -1.006637E-01 9.750054E-01 3.052639E-02 1.669987E-03 4.296852E+00 1.089074E+01 
8.162210E-02 1.901381E-02 3.302343E-01 1.658530E-01 -1.442533E+00 5.949828E-01 -1.314585E-01 9.558631E-01 2.873782E-02 3.018700E-03 4.517848E+00 6.376910E+00 
1.439402E-01 1.470090E-02 3.600183E-01 1.694881E-01 -1.292577E+00 5.885538E-01 -1.187170E-01 8.233277E-01 2.717540E-02 1.704041E-03 4.668062E+00 8.928514E+00 
9.438964E-02 3.174447E-02 3.394448E-01 1.704605E-01 -1.335830E+00 5.198101E-01 -1.073407E-01 9.197079E-01 3.023996E-02 3.864979E-03 4.073185E+00 8.913581E+00 
1.620387E-01 1.163725E-02 3.391636E-01 1.479037E-01 -1.449378E+00 5.642958E-01 -1.409243E-01 8.141127E-01 2.971277E-02 4.777119E-03 4.313679E+00 7.130055E+00 
1.809459E-01 8.554601E-03 3.541857E-01 1.704288E-01 -1.403891E+00 5.885661E-01 -1.357733E-01 1.072544E+00 2.837841E-02 2.692660E-03 4.368237E+00 9.104662E+00 
1.557561E-01 4.738845E-03 3.605193E-01 1.711125E-01 -1.586623E+00 5.770026E-01 -4.790217E-02 9.157254E-01 3.078941E-02 2.507915E-03 4.550845E+00 9.352187E+00 
1.602732E-01 1.000000E-04 3.633823E-01 1.689065E-01 -1.539242E+00 5.979905E-01 -1.837415E-01 9.670704E-01 2.752752E-02 8.587966E-04 3.952677E+00 8.800288E+00 
1.482399E-01 9.996880E-03 3.328355E-01 1.748642E-01 -1.505608E+00 5.835069E-01 -1.079869E-01 9.876881E-01 2.864201E-02 2.106006E-03 4.294978E+00 9.465234E+00 
1.594819E-01 1.187748E-02 3.399899E-01 1.767718E-01 -1.299721E+00 5.784506E-01 -1.455889E-01 9.570829E-01 2.407852E-02 1.127320E-03 5.174398E+00 7.969166E+00 
1.664240E-01 5.708152E-03 3.453766E-01 1.754134E-01 -1.396351E+00 5.720065E-01 -8.473168E-02 9.217960E-01 2.656321E-02 2.172544E-03 4.178529E+00 9.562017E+00 
1.637200E-01 7.037634E-03 3.429211E-01 1.673498E-01 -1.333745E+00 5.811600E-01 -1.439341E-01 9.824268E-01 3.140026E-02 1.803264E-03 4.040721E+00 9.744265E+00 
1.686757E-01 4.955703E-03 3.790421E-01 1.710608E-01 -1.642998E+00 5.499208E-01 -5.030372E-02 9.339231E-01 2.832857E-02 2.584488E-03 3.843609E+00 7.439650E+00 
1.671277E-01 8.305316E-03 3.386627E-01 1.738963E-01 -1.417760E+00 5.704485E-01 -3.932667E-02 9.150780E-01 2.944242E-02 1.044347E-03 4.187903E+00 9.763987E+00 
1.560813E-01 6.021421E-03 3.508781E-01 1.781286E-01 -1.492605E+00 5.712503E-01 -6.111666E-02 8.879123E-01 2.881462E-02 6.781922E-04 4.037307E+00 9.580566E+00 
1.973246E-01 1.162638E-02 3.209880E-01 1.790774E-01 -1.582593E+00 6.000000E-01 -9.406474E-02 9.461025E-01 3.255361E-02 0.000000E+00 4.351334E+00 8.864353E+00 
1.670833E-01 2.888676E-02 3.899398E-01 1.828805E-01 -1.439187E+00 4.017864E-01 -5.181485E-02 9.024669E-01 2.912810E-02 1.872499E-03 4.680101E+00 1.116315E+01 
1.728179E-01 1.000000E-04 3.546476E-01 1.716584E-01 -1.448385E+00 5.576563E-01 -9.925340E-02 9.035029E-01 3.045281E-02 0.000000E+00 4.387302E+00 1.145948E+01 
1.517215E-01 1.000000E-04 3.594753E-01 1.723167E-01 -1.595393E+00 5.526538E-01 -5.322551E-02 9.038370E-01 2.758405E-02 1.357312E-03 3.962277E+00 9.430240E+00 
1.513248E-01 1.889173E-02 3.522030E-01 1.367532E-01 -1.274868E+00 3.579103E-01 -1.131633E-01 9.282316E-01 2.922884E-02 3.606877E-03 6.147564E+00 1.047435E+01 
1.543481E-01 9.499962E-03 3.599537E-01 1.791141E-01 -1.521196E+00 4.481435E-01 -1.300406E-01 9.534204E-01 2.856749E-02 2.246477E-03 4.553758E+00 8.477374E+00 
1.599294E-01 5.750991E-03 3.486277E-01 1.717443E-01 -1.389581E+00 5.838650E-01 -6.628497E-02 8.949327E-01 2.791906E-02 3.205522E-03 4.135283E+00 8.966064E+00 
1.939242E-01 3.345578E-03 3.587180E-01 1.739688E-01 -1.509997E+00 6.000000E-01 -1.106643E-01 9.293899E-01 2.483864E-02 2.097473E-03 4.968457E+00 8.872452E+00 
1.607873E-01 6.977189E-03 3.508328E-01 1.784347E-01 -1.474483E+00 5.834663E-01 -1.408256E-01 8.927260E-01 3.267052E-02 1.006301E-03 4.015609E+00 7.822773E+00 
1.714899E-01 1.038980E-02 3.630016E-01 1.678387E-01 -1.460077E+00 5.892302E-01 -1.568028E-01 9.656279E-01 2.965786E-02 3.474201E-03 4.282077E+00 9.728209E+00 
1.620763E-01 8.678206E-03 3.629916E-01 1.720239E-01 -1.364224E+00 5.833757E-01 -1.241701E-01 1.008745E+00 2.697913E-02 0.000000E+00 4.409905E+00 8.207311E+00 
1.625521E-01 5.659328E-03 3.623817E-01 1.766328E-01 -1.441490E+00 5.694702E-01 -9.274795E-02 8.806389E-01 2.873902E-02 2.029408E-03 4.567188E+00 1.019450E+01 
1.492068E-01 6.684270E-03 3.622579E-01 1.750645E-01 -1.669804E+00 5.394852E-01 -1.660978E-02 9.722899E-01 2.890347E-02 2.376047E-03 4.183444E+00 9.668490E+00 
1.087924E-01 2.831100E-02 3.773203E-01 1.654089E-01 -1.419505E+00 2.693093E-01 -8.140831E-02 7.296347E-01 3.201358E-02 3.949479E-03 3.256712E+00 1.143332E+01 
1.672408E-01 1.114643E-02 3.325994E-01 1.768373E-01 -1.460716E+00 5.793112E-01 -1.082795E-01 9.406723E-01 2.930782E-02 2.564019E-03 4.055080E+00 8.917202E+00 
1.287046E-01 8.114398E-03 3.563481E-01 1.754930E-01 -1.488237E+00 5.765616E-01 -9.021755E-02 1.057820E+00 2.828169E-02 4.328622E-03 4.969526E+00 8.567477E+00 
3.641027E-02 6.116058E-02 2.893959E-01 1.631992E-01 -1.316187E+00 4.536086E-01 -8.439529E-02 9.476011E-01 3.086689E-02 1.030124E-02 4.124493E+00 9.735169E+00 
1.441522E-01 8.571127E-03 3.457139E-01 1.704551E-01 -1.356596E+00 5.885777E-01 -1.000000E-02 9.675001E-01 2.915452E-02 6.371214E-05 4.001019E+00 1.018913E+01 
1.490828E-01 5.902904E-03 3.464559E-01 1.735121E-01 -1.492362E+00 5.916278E-01 -1.285930E-01 9.040677E-01 2.861225E-02 1.665361E-03 3.648798E+00 8.800053E+00 
1.516183E-01 1.111334E-02 3.559415E-01 1.737249E-01 -1.345852E+00 5.284676E-01 -2.000000E-01 9.421047E-01 2.983877E-02 2.618784E-03 4.331277E+00 1.060252E+01 
1.604844E-01 5.853247E-03 3.570244E-01 1.731716E-01 -1.463033E+00 5.774359E-01 -8.684028E-02 9.586479E-01 2.940632E-02 1.406539E-03 4.001774E+00 1.022279E+01 
1.404017E-01 3.919854E-02 3.184565E-01 1.699713E-01 -1.027060E+00 4.114036E-01 -7.360001E-02 1.036646E+00 2.872252E-02 7.827543E-03 3.980811E+00 1.217799E+01 
1.778545E-01 8.082410E-03 3.525160E-01 1.734881E-01 -1.359040E+00 4.150547E-01 -6.709313E-02 9.132059E-01 2.910571E-02 3.562399E-03 4.785042E+00 9.535038E+00 
1.404276E-01 6.789366E-03 3.433914E-01 1.740883E-01 -1.412268E+00 5.856881E-01 -1.033534E-01 9.629857E-01 2.912299E-02 1.605543E-03 4.109892E+00 8.910623E+00 
1.091368E-01 1.450868E-02 3.369895E-01 1.688992E-01 -1.398775E+00 5.530005E-01 -5.851106E-02 8.250831E-01 2.869242E-02 1.053714E-02 4.009020E+00 1.022441E+01 
1.780446E-01 8.139834E-03 3.599203E-01 1.725215E-01 -1.553332E+00 5.636595E-01 -1.042022E-01 8.736176E-01 3.041895E-02 1.348087E-03 4.207983E+00 7.566955E+00 
1.544467E-01 6.742610E-03 3.515357E-01 1.681325E-01 -1.359167E+00 5.423469E-01 -1.076228E-01 1.008401E+00 3.003269E-02 2.379762E-03 4.437851E+00 9.269497E+00 
1.721541E-01 7.643906E-03 3.562399E-01 1.750398E-01 -1.284041E+00 5.907107E-01 -1.212044E-01 1.051406E+00 2.926220E-02 2.346445E-03 4.227742E+00 8.812360E+00 
1.429314E-01 5.981463E-03 3.582123E-01 1.686502E-01 -1.551406E+00 5.740533E-01 -5.036014E-02 8.763073E-01 2.626000E-02 2.674129E-04 4.381609E+00 1.109412E+01 
1.471979E-01 1.224876E-02 3.508180E-01 1.603036E-01 -1.391193E+00 5.289802E-01 -1.044439E-01 9.377744E-01 3.009091E-02 5.994411E-03 4.050571E+00 9.507194E+00 
1.679140E-01 1.000000E-04 3.533019E-01 1.790770E-01 -1.320797E+00 5.438257E-01 -1.374732E-01 9.576312E-01 2.820530E-02 0.000000E+00 3.512776E+00 9.181410E+00 
1.558632E-01 1.311245E-02 3.882560E-01 1.718553E-01 -1.305915E+00 5.757407E-01 -1.304126E-01 9.717689E-01 2.834271E-02 1.237393E-03 4.214965E+00 8.757786E+00 
1.697429E-01 1.896873E-02 3.420423E-01 1.770716E-01 -1.224780E+00 6.000000E-01 -1.056332E-01 8.772155E-01 2.503559E-02 0.000000E+00 4.044732E+00 1.088306E+01 
1.037042E-01 9.820815E-04 3.973053E-01 1.756138E-01 -1.409957E+00 5.578566E-01 -8.595530E-02 9.246723E-01 2.875085E-02 2.372994E-03 3.007494E+00 7.651131E+00 
1.664046E-01 5.756521E-03 3.510465E-01 1.753992E-01 -1.364722E+00 5.660971E-01 -9.728878E-02 9.439202E-01 2.805273E-02 1.990159E-03 4.549082E+00 8.921021E+00 
1.571938E-01 1.250649E-02 3.550683E-01 1.723925E-01 -1.524770E+00 5.989914E-01 -5.348497E-02 9.999675E-01 2.830301E-02 1.890155E-03 4.388688E+00 8.924951E+00 
1.569452E-01 1.084845E-02 3.548143E-01 1.739910E-01 -1.423806E+00 5.503724E-01 -1.343616E-01 9.601642E-01 2.936075E-02 2.143325E-03 4.266558E+00 1.013556E+01 
1.607711E-01 1.670286E-02 3.371093E-01 1.743381E-01 -1.469153E+00 5.644572E-01 -5.857687E-02 8.934563E-01 2.921379E-02 2.267930E-03 4.149388E+00 1.006752E+01 
1.576390E-01 7.474193E-03 3.651748E-01 1.714212E-01 -1.428416E+00 5.797697E-01 -1.374701E-01 8.998128E-01 2.930563E-02 1.010695E-03 4.160406E+00 9.674445E+00 
1.469570E-01 6.881729E-03 3.774159E-01 1.668207E-01 -1.484066E+00 5.717483E-01 -4.804038E-02 9.582783E-01 2.971177E-02 2.159549E-03 4.159934E+00 8.240114E+00 
1.869147E-01 3.306118E-03 3.481070E-01 1.763159E-01 -1.445673E+00 5.983903E-01 -1.315984E-01 8.907739E-01 2.569647E-02 7.215182E-04 4.719511E+00 9.380972E+00 
1.618411E-01 5.366089E-03 3.406366E-01 1.788528E-01 -1.449251E+00 5.909367E-01 -1.489409E-01 9.490659E-01 3.073815E-02 2.301835E-03 4.139880E+00 6.868184E+00 
1.595873E-01 9.617728E-03 3.308768E-01 1.652431E-01 -1.357963E+00 6.000000E-01 -1.383195E-01 9.351537E-01 2.882176E-02 3.838244E-03 4.306370E+00 9.352862E+00 
1.723112E-01 3.067345E-03 3.433782E-01 1.713468E-01 -1.467465E+00 5.983151E-01 -1.680932E-01 9.716785E-01 2.988332E-02 1.306047E-03 4.677070E+00 8.098979E+00 
1.717285E-01 3.689234E-03 3.631694E-01 1.791080E-01 -1.476617E+00 5.440567E-01 -5.999763E-02 9.199524E-01 2.995327E-02 3.539544E-03 4.932090E+00 9.468829E+00 
1.713504E-01 1.134597E-02 3.532802E-01 1.753161E-01 -1.487010E+00 5.886164E-01 -8.270364E-02 9.688831E-01 2.866188E-02 1.693456E-03 4.584364E+00 9.177102E+00 
1.616141E-01 5.538232E-03 3.462681E-01 1.716503E-01 -1.414284E+00 6.000000E-01 -1.490270E-01 9.263790E-01 2.894431E-02 1.619353E-03 5.363366E+00 8.724610E+00 
1.319370E-01 1.052809E-02 3.610084E-01 1.818989E-01 -1.434135E+00 4.136280E-01 -9.008660E-02 1.009879E+00 3.006790E-02 1.447790E-03 4.275884E+00 9.689952E+00 
1.044863E-01 1.000000E-04 3.456736E-01 1.689889E-01 -1.443361E+00 5.995867E-01 -1.080334E-01 9.918600E-01 2.619410E-02 9.088878E-04 5.662687E+00 7.773721E+00 
1.491659E-01 1.254655E-02 3.806717E-01 1.619300E-01 -1.138982E+00 5.583999E-01 -2.324390E-02 9.678185E-01 2.872077E-02 1.353784E-02 4.298012E+00 9.358152E+00 
3.613043E-02 5.158114E-02 3.384926E-01 1.411472E-01 -1.177415E+00 3.715754E-01 -7.628523E-02 9.461569E-01 2.603640E-02 7.576397E-03 3.696221E+00 1.012954E+01 
1.706523E-01 1.079913E-02 3.441285E-01 1.702325E-01 -1.367061E+00 5.930714E-01 -1.470285E-01 9.663168E-01 2.731379E-02 2.341485E-03 4.534779E+00 9.519624E+00 
1.234529E-01 1.685361E-02 3.293486E-01 1.627901E-01 -1.318738E+00 4.700240E-01 -9.831632E-02 9.835831E-01 2.797104E-02 3.918943E-03 3.829508E+00 9.934192E+00 
1.678761E-01 4.839368E-03 3.378744E-01 1.690535E-01 -1.525322E+00 6.000000E-01 -8.617382E-02 9.200071E-01 2.923420E-02 2.697816E-03 4.343642E+00 7.530748E+00 
1.548052E-01 6.109815E-03 3.851122E-01 1.768428E-01 -1.408102E+00 5.769187E-01 -1.095793E-01 9.466845E-01 2.853406E-02 4.375743E-03 5.033492E+00 8.253131E+00 
1.572497E-01 8.027970E-03 3.623710E-01 1.724951E-01 -1.433949E+00 5.535686E-01 -1.106803E-01 9.057487E-01 2.764434E-02 1.129746E-03 3.864872E+00 8.032538E+00 
1.790544E-01 1.577010E-02 3.329648E-01 1.781563E-01 -1.304389E+00 5.742475E-01 -1.315427E-01 9.613199E-01 2.696120E-02 1.939348E-03 5.342351E+00 9.128733E+00 
1.526582E-01 7.789436E-03 3.623259E-01 1.741858E-01 -1.630349E+00 5.906846E-01 -9.893555E-02 9.190171E-01 2.951437E-02 4.736499E-03 4.906494E+00 9.058136E+00 
1.787950E-01 7.221501E-03 3.613917E-01 1.670874E-01 -1.487682E+00 5.446521E-01 -1.601522E-01 9.420116E-01 2.816402E-02 6.146863E-03 4.324288E+00 8.628445E+00 
1.536473E-01 1.288923E-02 3.376962E-01 1.753622E-01 -1.446651E+00 5.743979E-01 -9.060639E-02 9.759319E-01 2.911969E-02 2.463400E-04 4.027673E+00 8.525700E+00 
1.960193E-01 1.146908E-02 3.984724E-01 1.594513E-01 -1.529329E+00 5.562136E-01 -1.159477E-01 9.752275E-01 2.590599E-02 2.642350E-03 3.941984E+00 1.139048E+01 
1.829995E-01 3.857095E-03 3.530770E-01 1.733979E-01 -1.313878E+00 5.768282E-01 -1.212206E-01 9.444439E-01 2.701379E-02 1.126369E-03 4.276997E+00 1.007437E+01 
1.334465E-01 1.589207E-02 3.346172E-01 1.456692E-01 -1.225655E+00 4.229843E-01 -4.407339E-02 8.902080E-01 2.817455E-02 3.488068E-03 3.356862E+00 1.085983E+01 
1.477009E-01 4.959965E-03 3.610775E-01 1.710265E-01 -1.338969E+00 5.714643E-01 -7.434239E-02 9.723325E-01 2.856110E-02 1.595851E-03 3.996258E+00 7.970793E+00 
1.490002E-01 1.667551E-02 3.484513E-01 1.676762E-01 -1.506721E+00 5.935705E-01 -1.371546E-01 1.041554E+00 3.019492E-02 2.577960E-03 4.494498E+00 7.692670E+00 
1.604303E-01 1.000000E-04 3.613643E-01 1.694724E-01 -1.367814E+00 5.703680E-01 -1.814265E-01 1.003823E+00 2.923806E-02 6.379840E-03 3.857016E+00 1.030428E+01 
1.649515E-01 5.118917E-03 3.543078E-01 1.817126E-01 -1.437720E+00 5.870922E-01 -7.024509E-02 9.471147E-01 2.592254E-02 4.612489E-03 4.891910E+00 7.952288E+00 
1.686906E-01 5.052543E-03 3.340645E-01 1.726125E-01 -1.517840E+00 5.848471E-01 -1.369643E-01 9.609737E-01 2.867899E-02 2.526167E-03 3.633112E+00 9.813715E+00 
1.695843E-01 5.703818E-02 3.669227E-01 1.658486E-01 -1.054908E+00 4.815770E-01 -1.304992E-01 9.192422E-01 3.054507E-02 6.061031E-03 3.064704E+00 9.635103E+00 
1.403409E-01 1.172020E-02 3.270976E-01 1.690787E-01 -1.439086E+00 5.728823E-01 -1.132911E-01 9.312768E-01 2.437180E-02 2.814005E-03 3.465152E+00 8.082885E+00 
1.588143E-01 7.901107E-03 3.485142E-01 1.721207E-01 -1.511731E+00 5.896162E-01 -1.213456E-01 9.298419E-01 2.781782E-02 1.170360E-03 4.524672E+00 8.866767E+00 
1.618137E-01 8.473919E-03 3.445896E-01 1.743606E-01 -1.349005E+00 5.715575E-01 -8.117954E-02 9.816205E-01 2.536025E-02 5.891597E-04 3.818270E+00 9.673575E+00 
1.250026E-01 5.040020E-02 3.022771E-01 1.648220E-01 -1.404671E+00 3.802533E-01 -4.107184E-02 9.482257E-01 2.992079E-02 5.736734E-03 4.207121E+00 8.417454E+00 
1.307765E-01 4.247519E-02 3.061536E-01 1.629136E-01 -1.319230E+00 5.004669E-01 -4.883412E-02 7.570487E-01 2.937211E-02 7.787006E-03 3.713634E+00 9.895070E+00 
1.752609E-01 5.169418E-04 3.809526E-01 1.706566E-01 -1.567437E+00 5.501001E-01 -1.427996E-01 8.325587E-01 2.199865E-02 1.412792E-03 3.892722E+00 8.993496E+00 
1.376466E-01 7.634632E-03 3.487234E-01 1.715437E-01 -1.405568E+00 5.888114E-01 -7.235936E-02 8.481864E-01 2.921840E-02 7.543909E-04 4.143003E+00 1.005668E+01 
1.568552E-01 7.530937E-03 3.571850E-01 1.738070E-01 -1.449941E+00 5.884226E-01 -8.746313E-02 1.035250E+00 2.859179E-02 1.698759E-03 4.098008E+00 8.804537E+00 
1.629121E-01 3.239830E-03 3.579299E-01 1.698234E-01 -1.244277E+00 5.612627E-01 -1.201510E-01 8.964627E-01 2.756682E-02 1.214728E-03 4.349747E+00 7.559296E+00 
1.654322E-01 1.309819E-02 3.525583E-01 1.629201E-01 -1.443417E+00 5.562233E-01 -5.525663E-02 9.904616E-01 2.718523E-02 1.475535E-03 4.464306E+00 1.046461E+01 
1.771018E-01 6.446449E-03 3.515792E-01 1.734886E-01 -1.388918E+00 5.832789E-01 -1.978009E-01 8.647506E-01 2.795532E-02 0.000000E+00 4.423200E+00 9.647844E+00 
1.722247E-01 6.952520E-03 3.675297E-01 1.785780E-01 -1.439791E+00 5.464333E-01 -1.408854E-01 9.654771E-01 2.962572E-02 2.899520E-03 4.579917E+00 8.130280E+00 
1.738673E-01 8.995854E-03 3.853946E-01 1.761329E-01 -1.334172E+00 5.875571E-01 -9.578895E-02 9.653397E-01 3.033297E-02 3.018945E-05 3.876819E+00 9.968368E+00 
1.523865E-01 6.062725E-02 3.352637E-01 1.625401E-01 -1.645750E+00 4.573798E-01 -1.153248E-01 9.269721E-01 2.923190E-02 3.799389E-03 3.943715E+00 1.034509E+01 
1.520968E-01 6.308284E-03 3.480944E-01 1.746051E-01 -1.453863E+00 5.757472E-01 -3.831041E-02 9.686397E-01 2.864278E-02 2.271083E-03 4.287840E+00 7.839340E+00 
1.685557E-01 7.430162E-03 3.625527E-01 1.713228E-01 -1.380015E+00 5.769756E-01 -1.989807E-01 8.927101E-01 3.093326E-02 0.000000E+00 4.056320E+00 9.382866E+00 
1.395224E-01 3.218848E-03 3.347797E-01 1.623012E-01 -1.270094E+00 5.673789E-01 -5.747631E-02 8.961363E-01 2.639816E-02 2.886314E-03 4.224453E+00 1.011473E+01 
1.593871E-01 4.745586E-03 3.398157E-01 1.736619E-01 -1.442055E+00 5.530631E-01 -8.913544E-02 9.442613E-01 2.887165E-02 4.928944E-04 4.170354E+00 9.388799E+00 
8.351632E-02 2.059337E-02 3.194659E-01 1.390378E-01 -1.122151E+00 5.172348E-01 -6.181190E-02 9.086901E-01 2.510084E-02 1.307905E-03 3.543950E+00 1.200428E+01 
1.590291E-01 5.158696E-03 3.400184E-01 1.717391E-01 -1.464839E+00 5.916536E-01 -1.392597E-01 9.679711E-01 2.985014E-02 7.601622E-04 3.878575E+00 9.705391E+00 
1.446267E-01 4.123046E-03 3.606013E-01 1.670212E-01 -1.240314E+00 5.532407E-01 -1.498947E-01 1.004490E+00 2.884574E-02 5.590493E-03 4.124258E+00 7.107125E+00 
1.367370E-01 4.206800E-03 3.166414E-01 1.666102E-01 -1.341337E+00 5.836641E-01 -8.815965E-02 9.766481E-01 2.896614E-02 4.435106E-03 5.092745E+00 7.814072E+00 
1.426331E-01 1.618420E-02 3.631782E-01 1.713954E-01 -1.417614E+00 5.949810E-01 -1.384580E-01 9.957742E-01 2.869477E-02 3.117239E-03 4.405833E+00 8.834968E+00 
1.268745E-01 1.170804E-02 3.405795E-01 1.669307E-01 -1.298344E+00 5.287443E-01 -9.929568E-02 9.413981E-01 2.841524E-02 1.943144E-03 4.484039E+00 9.786515E+00 
1.636210E-01 8.423747E-03 3.564680E-01 1.756128E-01 -1.534368E+00 5.774873E-01 -1.308176E-01 9.139494E-01 2.944221E-02 2.080318E-03 4.448322E+00 9.080623E+00 
8.948450E-02 5.763164E-03 3.351472E-01 1.663072E-01 -1.340915E+00 6.000000E-01 -1.644623E-01 8.767747E-01 2.357051E-02 5.988071E-03 3.421511E+00 1.081585E+01 
1.716619E-01 1.396601E-02 3.518039E-01 1.756071E-01 -1.457723E+00 5.915266E-01 -9.291853E-02 9.356935E-01 2.867540E-02 1.475783E-03 4.697945E+00 8.678711E+00 
1.688814E-01 8.925248E-03 3.590545E-01 1.823032E-01 -1.322831E+00 5.655491E-01 -1.570405E-01 9.275750E-01 2.992835E-02 2.490812E-03 3.357847E+00 9.982135E+00 
1.514776E-01 8.610838E-03 3.443553E-01 1.703745E-01 -1.450355E+00 5.109403E-01 -6.419965E-02 1.022844E+00 3.068748E-02 4.774856E-04 4.236720E+00 9.461766E+00 
1.578849E-01 7.473759E-03 3.588848E-01 1.740128E-01 -1.454413E+00 5.659487E-01 -6.565349E-02 9.433973E-01 2.800682E-02 3.496114E-03 4.303324E+00 9.046121E+00 
1.572787E-01 5.939993E-02 3.484225E-01 1.687077E-01 -1.397168E+00 5.703004E-01 -8.823833E-02 8.936905E-01 2.945155E-02 8.727189E-03 4.752229E+00 9.053192E+00 
1.687835E-01 1.039423E-02 3.542901E-01 1.776957E-01 -1.438003E+00 5.973643E-01 -1.142758E-01 9.296008E-01 2.771375E-02 7.549999E-04 3.947069E+00 9.384001E+00 
1.669310E-01 4.024899E-03 3.538592E-01 1.761000E-01 -1.436425E+00 5.930602E-01 -1.177264E-01 9.325493E-01 2.968641E-02 0.000000E+00 4.297217E+00 9.777859E+00 
1.203549E-01 1.202753E-02 3.506472E-01 1.566592E-01 -1.324107E+00 3.451574E-01 -5.000737E-02 1.029969E+00 2.892930E-02 2.845747E-03 4.767265E+00 1.042847E+01 
1.673514E-01 7.465159E-03 3.304426E-01 1.747466E-01 -1.426072E+00 5.787320E-01 -1.119188E-01 8.810084E-01 2.710049E-02 1.915844E-03 3.509220E+00 7.913156E+00 
1.238352E-01 4.193070E-02 3.691246E-01 1.673977E-01 -1.421901E+00 5.519421E-01 -1.006549E-01 9.342172E-01 3.723078E-02 1.370485E-03 4.978146E+00 7.936843E+00 
1.650850E-01 7.278388E-03 3.743849E-01 1.734192E-01 -1.507695E+00 5.864146E-01 -7.251776E-02 9.916473E-01 3.046523E-02 1.614002E-03 3.967361E+00 8.732686E+00 
1.567064E-01 6.502161E-03 3.414872E-01 1.701487E-01 -1.524009E+00 5.927809E-01 -9.061202E-02 8.440962E-01 2.822840E-02 3.857170E-03 4.042865E+00 1.050089E+01 
1.638137E-01 7.962253E-03 3.587867E-01 1.702971E-01 -1.334418E+00 5.921325E-01 -2.374315E-02 8.933272E-01 2.912007E-02 2.091156E-03 4.041180E+00 9.913842E+00 
1.606859E-01 1.602527E-02 3.286105E-01 1.688767E-01 -1.526502E+00 3.964694E-01 -1.000000E-02 1.082100E+00 2.901663E-02 3.416984E-03 4.170334E+00 1.143165E+01 
1.676152E-01 6.508606E-03 3.604896E-01 1.701122E-01 -1.358748E+00 5.655723E-01 -1.459775E-01 9.377355E-01 3.067935E-02 1.901352E-03 4.221689E+00 8.572874E+00 
5.259765E-02 2.201703E-02 3.675302E-01 1.597548E-01 -1.305085E+00 4.757848E-01 -4.943824E-02 1.066967E+00 3.019453E-02 6.348905E-03 3.957748E+00 8.385393E+00 
1.569742E-01 1.162120E-02 3.350252E-01 1.710782E-01 -1.477747E+00 5.916190E-01 -9.547712E-02 9.481193E-01 2.988377E-02 3.113968E-03 3.633264E+00 9.335113E+00 
1.236636E-01 1.224022E-02 3.464120E-01 1.681322E-01 -1.372100E+00 5.679576E-01 -1.268198E-01 1.014430E+00 3.261533E-02 2.458826E-03 4.127334E+00 8.854612E+00 
1.795689E-01 7.823589E-03 3.338211E-01 1.835110E-01 -1.329522E+00 5.337088E-01 -7.713864E-02 1.022421E+00 2.880100E-02 2.276452E-03 4.649621E+00 9.086851E+00 
1.585624E-01 6.941023E-03 3.429317E-01 1.784757E-01 -1.627402E+00 5.660705E-01 -1.155136E-01 9.508322E-01 2.853727E-02 1.177809E-03 4.285110E+00 9.899680E+00 
1.493785E-01 1.040235E-02 3.622308E-01 1.704439E-01 -1.597653E+00 5.797690E-01 -1.330837E-01 9.027655E-01 2.748357E-02 2.163851E-03 4.164408E+00 9.655517E+00 
1.487236E-01 1.234609E-02 3.654587E-01 1.697175E-01 -1.261248E+00 5.301778E-01 -1.079037E-01 9.877398E-01 2.807912E-02 1.625219E-03 4.280967E+00 9.130926E+00 
1.494064E-01 4.417594E-03 3.494490E-01 1.715203E-01 -1.385837E+00 5.816359E-01 -1.613884E-01 9.959585E-01 2.922468E-02 3.321252E-03 4.394475E+00 8.147736E+00 
1.735996E-01 6.424450E-03 3.704109E-01 1.727078E-01 -1.492582E+00 5.983602E-01 -8.596286E-02 9.008573E-01 2.813335E-02 1.084450E-03 4.408036E+00 7.654887E+00 
1.319106E-01 5.639302E-03 3.378341E-01 1.736207E-01 -1.451876E+00 5.439267E-01 -9.795849E-02 9.114158E-01 2.752754E-02 2.409955E-03 5.026586E+00 1.014429E+01 
1.699986E-01 1.362683E-02 3.680476E-01 1.825051E-01 -1.514678E+00 5.543036E-01 -1.143891E-01 9.335123E-01 3.004861E-02 1.501143E-03 4.353716E+00 8.397995E+00 
1.753423E-01 8.033299E-03 3.591700E-01 1.779782E-01 -1.406742E+00 5.622275E-01 -1.449031E-01 1.032807E+00 2.828533E-02 1.882114E-03 4.019175E+00 9.063495E+00 
1.664243E-01 4.894934E-03 3.530507E-01 1.675106E-01 -1.441666E+00 5.869197E-01 -1.223660E-01 9.415455E-01 2.985557E-02 2.303814E-03 4.119683E+00 8.009731E+00 
1.624606E-01 8.090731E-03 3.543102E-01 1.725005E-01 -1.266107E+00 5.844033E-01 -1.584381E-01 9.205251E-01 2.976687E-02 2.680044E-04 3.836078E+00 9.019047E+00 
1.338076E-01 1.364450E-02 3.428976E-01 1.713083E-01 -1.419293E+00 5.303152E-01 -1.223242E-01 9.666931E-01 2.999329E-02 2.357476E-03 4.223820E+00 9.343587E+00 
1.373006E-01 2.096896E-02 3.631262E-01 1.639706E-01 -1.502070E+00 4.424915E-01 -8.822176E-02 9.400377E-01 2.979239E-02 5.369065E-03 4.565905E+00 9.942072E+00 
1.324359E-01 4.909085E-03 3.667721E-01 1.742936E-01 -1.457189E+00 5.625188E-01 -1.066803E-01 9.101485E-01 3.053379E-02 2.172332E-03 3.751290E+00 9.141640E+00 
1.692243E-01 5.653820E-03 3.685804E-01 1.807905E-01 -1.500929E+00 5.938810E-01 -1.951735E-01 9.442392E-01 2.662484E-02 2.894287E-03 4.648152E+00 8.484250E+00 
1.741499E-01 4.905287E-03 3.566784E-01 1.749717E-01 -1.309037E+00 5.752993E-01 -6.518356E-02 8.914823E-01 2.966980E-02 6.657729E-03 4.647128E+00 8.857801E+00 
1.619318E-01 7.692893E-03 3.527035E-01 1.726856E-01 -1.468104E+00 5.953181E-01 -1.017506E-01 9.260923E-01 2.745805E-02 1.958175E-03 3.995088E+00 9.204890E+00 
1.642271E-02 3.827834E-02 3.285108E-01 1.355617E-01 -1.071633E+00 5.680307E-01 -1.121810E-01 8.926289E-01 2.949941E-02 2.335110E-03 4.259490E+00 8.978007E+00 
1.641624E-01 1.262275E-02 3.721069E-01 1.730318E-01 -1.366099E+00 5.986507E-01 -1.391964E-01 9.671422E-01 2.744689E-02 1.195356E-03 3.864442E+00 9.158745E+00 
1.631255E-01 3.843728E-03 3.500453E-01 1.705401E-01 -1.338663E+00 5.569881E-01 -5.614731E-02 9.248446E-01 2.811532E-02 8.682656E-04 4.351786E+00 8.827936E+00 
1.418277E-01 2.083126E-02 3.405224E-01 1.681915E-01 -1.318461E+00 5.193547E-01 -9.619381E-02 9.400263E-01 2.640651E-02 1.765061E-03 4.832090E+00 9.892163E+00 
5.922348E-02 7.074464E-04 3.309859E-01 1.761665E-01 -1.522709E+00 5.877951E-01 -1.177284E-01 9.981764E-01 3.000987E-02 2.547052E-03 3.713308E+00 8.616164E+00 
1.275195E-01 1.278262E-02 3.588140E-01 1.623122E-01 -1.546980E+00 4.236655E-01 -1.338532E-01 9.517097E-01 2.950403E-02 5.542031E-03 3.995521E+00 8.815926E+00 
1.505791E-01 6.138990E-03 3.527445E-01 1.715090E-01 -1.430256E+00 5.662755E-01 -7.971851E-02 9.221290E-01 2.855519E-02 2.094570E-03 4.405527E+00 8.455334E+00 
1.578676E-01 3.140832E-03 3.527778E-01 1.749279E-01 -1.397937E+00 5.853602E-01 -9.959327E-02 9.365964E-01 2.964753E-02 6.441353E-04 4.080279E+00 9.543801E+00 
1.658557E-01 5.740425E-03 3.650253E-01 1.710704E-01 -1.439488E+00 5.867464E-01 -8.017504E-02 8.159482E-01 3.097015E-02 2.215528E-03 3.948131E+00 1.000815E+01 
1.607463E-01 7.303317E-03 3.481823E-01 1.767780E-01 -1.368270E+00 5.614028E-01 -1.061942E-01 9.492744E-01 2.294450E-02 3.812074E-03 4.247195E+00 9.350337E+00 
1.682593E-01 3.809083E-03 3.370986E-01 1.807899E-01 -1.632591E+00 5.704861E-01 -3.352135E-02 8.551246E-01 2.781306E-02 1.410608E-03 4.128447E+00 9.601137E+00 
1.546965E-01 2.179035E-02 3.533061E-01 1.517766E-01 -1.388908E+00 5.229944E-01 -6.390972E-02 9.816628E-01 2.982835E-02 1.347141E-03 4.258113E+00 8.666973E+00 
1.140075E-01 3.305058E-02 3.624231E-01 1.505595E-01 -1.059193E+00 4.812401E-01 -6.360618E-02 9.406642E-01 3.583632E-02 6.778121E-03 4.567558E+00 1.136605E+01 
1.382098E-01 4.315283E-02 3.471341E-01 1.750564E-01 -1.372353E+00 5.350177E-01 -7.823111E-02 8.867025E-01 3.577957E-02 8.505133E-03 4.425431E+00 6.951901E+00 
1.540621E-01 4.073377E-03 3.421495E-01 1.687604E-01 -1.593988E+00 5.655675E-01 -1.061866E-01 9.354679E-01 2.982090E-02 8.065917E-04 5.159447E+00 8.941986E+00 
1.496922E-01 6.627816E-03 3.968747E-01 1.700185E-01 -1.463729E+00 5.151099E-01 -7.161492E-02 1.040603E+00 2.734419E-02 3.121289E-03 4.476198E+00 6.539354E+00 
1.451409E-01 5.218929E-03 3.774168E-01 1.665060E-01 -1.414184E+00 5.503393E-01 -5.324017E-02 1.036283E+00 2.875298E-02 7.443908E-05 4.371490E+00 8.743694E+00 
1.263636E-01 1.218823E-02 3.429158E-01 1.704060E-01 -1.398934E+00 5.763666E-01 -1.135904E-01 1.081167E+00 2.746934E-02 1.648453E-03 4.730676E+00 9.697332E+00 
1.928992E-01 4.334764E-03 3.616834E-01 1.730721E-01 -1.575916E+00 5.565451E-01 -1.039464E-01 9.103294E-01 2.724491E-02 2.991012E-03 3.817251E+00 8.475234E+00 
1.523136E-01 7.039959E-03 3.575003E-01 1.738676E-01 -1.497456E+00 5.826847E-01 -3.129895E-02 8.755257E-01 2.961947E-02 1.558016E-03 4.153677E+00 9.814661E+00 
1.643819E-01 1.023471E-02 3.563339E-01 1.729571E-01 -1.539731E+00 5.577569E-01 -1.622814E-01 9.017814E-01 2.889414E-02 2.271962E-03 3.901233E+00 9.791222E+00 
1.553088E-01 4.672126E-03 3.491525E-01 1.545787E-01 -1.371301E+00 5.514519E-01 -6.453682E-02 9.675398E-01 2.798071E-02 2.742100E-03 4.138581E+00 9.903513E+00 
1.716800E-01 6.998795E-03 3.542787E-01 1.736845E-01 -1.507651E+00 5.959454E-01 -1.780035E-01 8.876889E-01 2.548741E-02 2.441161E-03 4.154511E+00 7.841409E+00 
1.581457E-01 7.557586E-03 3.356581E-01 1.767991E-01 -1.370861E+00 5.868735E-01 -5.921186E-02 9.585346E-01 2.952487E-02 1.445752E-03 4.374812E+00 8.309782E+00 
1.638308E-01 4.234209E-03 3.494511E-01 1.738221E-01 -1.333811E+00 5.904940E-01 -1.093108E-01 9.416472E-01 2.859581E-02 1.009580E-03 4.291050E+00 8.967568E+00 
1.591296E-01 3.741933E-03 3.597762E-01 1.714050E-01 -1.400822E+00 5.798237E-01 -1.367650E-01 9.693688E-01 3.261021E-02 2.257991E-03 5.066842E+00 8.551740E+00 
1.392054E-01 1.034895E-02 3.326681E-01 1.712686E-01 -1.529029E+00 4.334627E-01 -4.635142E-02 8.978585E-01 2.981419E-02 0.000000E+00 4.306313E+00 1.015023E+01 
1.618692E-01 6.660449E-03 3.440783E-01 1.729389E-01 -1.477867E+00 5.820121E-01 -8.318484E-02 9.344233E-01 2.950550E-02 2.299276E-03 4.090675E+00 9.803671E+00 
1.434930E-01 2.237094E-02 3.506884E-01 1.698843E-01 -1.339033E+00 5.774975E-01 -6.078180E-02 1.036797E+00 3.075095E-02 4.617831E-03 3.646150E+00 1.082280E+01 
1.772465E-01 7.820007E-04 3.425696E-01 1.758506E-01 -1.409690E+00 5.664056E-01 -1.692238E-01 1.000719E+00 2.896862E-02 2.257147E-03 4.586739E+00 1.008297E+01 
1.452941E-01 1.100413E-02 3.030817E-01 1.803443E-01 -1.407077E+00 4.770836E-01 -1.422929E-01 9.589721E-01 2.467114E-02 8.964284E-04 5.351091E+00 1.354117E+01 
1.637476E-01 2.329121E-02 3.723997E-01 1.673932E-01 -1.538605E+00 5.221819E-01 -1.763868E-01 9.959725E-01 3.157062E-02 3.012204E-03 4.455461E+00 9.132796E+00 
1.769738E-01 1.396443E-02 3.691772E-01 1.741141E-01 -1.563060E+00 5.184376E-01 -1.464750E-01 8.535506E-01 2.709842E-02 3.184809E-03 4.229078E+00 9.480798E+00 
1.691559E-01 6.601338E-03 3.611499E-01 1.581379E-01 -1.497005E+00 5.597741E-01 -1.703679E-01 9.328679E-01 2.690210E-02 1.892001E-03 4.450604E+00 8.807122E+00 
1.097591E-01 3.210639E-03 3.399166E-01 1.698507E-01 -1.433937E+00 3.971668E-01 -1.404583E-02 9.777231E-01 3.340800E-02 3.743845E-03 3.620212E+00 8.262845E+00 
1.574903E-01 7.146289E-03 3.567460E-01 1.724515E-01 -1.466321E+00 5.656661E-01 -1.194217E-01 8.746826E-01 2.874233E-02 2.117914E-03 4.895337E+00 1.014311E+01 
1.600185E-01 5.392876E-03 3.596142E-01 1.686762E-01 -1.515352E+00 5.873567E-01 -1.205273E-01 8.752834E-01 2.719911E-02 1.435810E-03 4.005907E+00 9.457484E+00 
1.471102E-01 1.822828E-02 3.563904E-01 1.533905E-01 -1.513245E+00 5.981652E-01 -8.356177E-02 9.434930E-01 2.970764E-02 1.545056E-03 3.481187E+00 9.584677E+00 
1.710886E-01 7.705579E-03 3.545215E-01 1.726070E-01 -1.501784E+00 5.987489E-01 -2.000000E-01 9.933612E-01 3.017070E-02 1.825239E-03 4.422355E+00 1.060480E+01 
1.240152E-01 5.249898E-02 3.400379E-01 1.494380E-01 -1.377368E+00 4.497854E-01 -1.209155E-01 1.039138E+00 2.528531E-02 1.133361E-03 4.704302E+00 9.055601E+00 
1.599946E-01 4.912496E-03 3.448998E-01 1.749629E-01 -1.479917E+00 5.509396E-01 -1.347756E-01 8.915561E-01 2.980474E-02 1.828187E-03 3.924011E+00 8.659446E+00 
1.436268E-01 6.471251E-03 3.587482E-01 1.666158E-01 -1.578780E+00 5.801430E-01 -1.196274E-01 8.571771E-01 2.788114E-02 1.700970E-03 4.088639E+00 1.191185E+01 
1.760253E-01 5.506415E-03 3.665001E-01 1.808520E-01 -1.347675E+00 5.893886E-01 -8.418997E-02 9.048909E-01 2.847665E-02 5.916971E-03 4.529889E+00 7.729971E+00 
1.538173E-01 7.584300E-03 3.244933E-01 1.688745E-01 -1.730738E+00 4.775607E-01 -6.722515E-02 9.112502E-01 2.770886E-02 3.012536E-03 4.926819E+00 9.579081E+00 
1.653778E-01 6.046611E-03 3.499366E-01 1.734119E-01 -1.349969E+00 5.762229E-01 -3.012724E-02 8.308762E-01 2.832163E-02 2.852055E-03 3.888711E+00 8.372739E+00 
1.667798E-01 3.627609E-03 3.580408E-01 1.768533E-01 -1.417492E+00 5.865252E-01 -1.427297E-01 1.104644E+00 2.685089E-02 1.276528E-03 4.113016E+00 9.105534E+00 
1.584309E-01 5.768191E-03 3.510206E-01 1.748270E-01 -1.607230E+00 5.432757E-01 -7.970151E-02 8.772292E-01 2.801750E-02 6.330955E-04 4.547200E+00 8.331290E+00 
1.632335E-01 6.924680E-03 3.592693E-01 1.718465E-01 -1.390753E+00 5.778502E-01 -1.331460E-01 9.534767E-01 2.979645E-02 4.582254E-03 4.421650E+00 8.561292E+00 
1.099518E-01 5.919108E-02 3.612061E-01 1.446211E-01 -1.323150E+00 3.352492E-01 -1.551234E-01 4.815190E-01 2.904902E-02 3.578542E-03 4.392683E+00 1.181460E+01 
1.438638E-01 6.224409E-03 3.486119E-01 1.674907E-01 -1.397660E+00 5.927952E-01 -1.162340E-01 9.690574E-01 2.989956E-02 1.073459E-03 4.148811E+00 1.012471E+01 
1.754589E-01 1.155043E-02 3.418614E-01 1.752058E-01 -1.522495E+00 5.971119E-01 -1.266739E-01 1.021486E+00 2.962894E-02 8.448865E-04 4.308197E+00 7.967606E+00 
1.258847E-01 2.410975E-02 3.510562E-01 1.723829E-01 -1.158924E+00 4.283599E-01 -8.214629E-02 9.442838E-01 3.305000E-02 9.373994E-03 4.351201E+00 6.588199E+00 
1.488590E-01 4.475504E-03 3.696186E-01 1.714858E-01 -1.371481E+00 5.731840E-01 -1.157575E-01 8.600560E-01 2.854519E-02 2.425162E-03 4.164528E+00 9.633130E+00 
1.517307E-01 6.295429E-03 3.396623E-01 1.658940E-01 -1.789143E+00 6.000000E-01 -6.111108E-02 1.033652E+00 2.741917E-02 1.882449E-03 3.842868E+00 1.005251E+01 
1.610255E-01 6.250607E-03 3.767323E-01 1.760102E-01 -1.396354E+00 5.669836E-01 -8.623422E-02 9.081415E-01 2.744339E-02 1.920166E-03 4.045932E+00 9.321794E+00 
1.447992E-01 1.186615E-02 3.508804E-01 1.649875E-01 -1.404472E+00 5.807108E-01 -1.570841E-01 9.478987E-01 2.876333E-02 1.955480E-03 3.790241E+00 8.903660E+00 
1.644778E-01 1.425053E-02 3.504710E-01 1.759054E-01 -1.511436E+00 5.542059E-01 -9.657991E-02 9.764662E-01 2.569893E-02 5.233033E-04 4.210371E+00 1.061336E+01 
1.612853E-01 1.172285E-02 3.383242E-01 1.782391E-01 -1.563144E+00 5.837193E-01 -1.301268E-01 1.032713E+00 3.269475E-02 1.673338E-03 2.892015E+00 8.504427E+00 
1.571800E-01 5.441687E-03 3.650438E-01 1.719575E-01 -1.490225E+00 5.947262E-01 -7.621962E-02 8.945164E-01 2.936590E-02 9.725761E-04 4.331866E+00 9.178810E+00 
6.154271E-02 4.217770E-02 3.284429E-01 1.609014E-01 -9.774075E-01 5.591648E-01 -7.615211E-02 1.095363E+00 3.221713E-02 5.011399E-03 4.243982E+00 6.282310E+00 
1.778818E-01 1.209648E-02 3.770868E-01 1.709025E-01 -1.390801E+00 6.000000E-01 -1.298991E-01 9.279118E-01 2.903114E-02 2.036070E-03 3.877034E+00 1.041584E+01 
1.796629E-01 4.225816E-03 3.490054E-01 1.713413E-01 -1.375865E+00 5.596465E-01 -1.319004E-01 8.887964E-01 2.916492E-02 4.199888E-03 3.545588E+00 8.651511E+00 
1.893491E-01 1.031246E-02 3.672450E-01 1.804632E-01 -1.584274E+00 5.318703E-01 -1.244965E-01 8.668703E-01 2.266785E-02 5.205866E-04 4.105697E+00 1.075562E+01 
1.674220E-01 4.966711E-03 3.601879E-01 1.712334E-01 -1.415278E+00 5.699657E-01 -1.063756E-01 8.919216E-01 3.378131E-02 1.603505E-03 4.161826E+00 9.221626E+00 
1.772191E-01 6.875122E-03 3.784897E-01 1.712233E-01 -1.479879E+00 5.837473E-01 -1.472717E-01 1.015129E+00 3.063000E-02 1.365077E-03 4.688082E+00 8.977512E+00 
1.537127E-01 3.802455E-02 3.363896E-01 1.674559E-01 -1.339228E+00 5.767638E-01 -6.838453E-02 9.670741E-01 2.594073E-02 5.496861E-03 4.336732E+00 9.769814E+00 
1.389188E-01 7.701048E-03 3.349734E-01 1.645788E-01 -1.201819E+00 6.000000E-01 -1.030760E-01 1.199081E+00 2.706826E-02 2.880605E-03 4.395970E+00 8.221760E+00 
1.569727E-01 6.021874E-03 3.706271E-01 1.670045E-01 -1.325736E+00 5.697772E-01 -1.715165E-01 9.822656E-01 2.820397E-02 3.206696E-03 4.265490E+00 9.687840E+00 
1.592689E-01 6.901770E-03 3.711446E-01 1.762576E-01 -1.510804E+00 5.885996E-01 -7.438512E-02 8.388894E-01 2.832532E-02 3.885115E-03 4.007137E+00 8.150220E+00 
1.094278E-01 2.745085E-02 3.000722E-01 1.708060E-01 -1.360373E+00 4.844483E-01 -1.374919E-01 9.755217E-01 3.189724E-02 8.984351E-03 4.232550E+00 9.949508E+00 
1.608776E-01 6.949594E-03 3.647960E-01 1.655271E-01 -1.480978E+00 5.545028E-01 -1.514151E-01 8.844910E-01 2.959274E-02 1.069514E-03 4.167113E+00 9.079832E+00 
1.767506E-01 8.373163E-03 3.517247E-01 1.717607E-01 -1.360377E+00 5.685910E-01 -1.610476E-01 8.833706E-01 2.926256E-02 3.630328E-03 3.272511E+00 8.684274E+00 
9.130877E-02 3.186423E-02 3.367168E-01 1.510088E-01 -1.178118E+00 4.121474E-01 -5.618260E-02 9.283673E-01 2.919091E-02 3.257073E-03 2.912776E+00 1.081413E+01 
1.540669E-01 5.826347E-03 3.515029E-01 1.795173E-01 -1.489069E+00 5.889171E-01 -6.613777E-02 9.618345E-01 3.157331E-02 2.430148E-03 4.965548E+00 9.888846E+00 
1.565590E-01 4.490741E-03 3.356803E-01 1.674625E-01 -1.457430E+00 5.792664E-01 -1.157173E-01 9.219882E-01 2.702454E-02 1.027236E-03 4.304573E+00 7.930460E+00 
1.542951E-01 6.767826E-03 3.500746E-01 1.686935E-01 -1.443012E+00 5.740503E-01 -1.143396E-01 8.759547E-01 2.711908E-02 2.089267E-03 4.051758E+00 1.100222E+01 
1.676588E-01 6.615129E-03 3.661209E-01 1.799338E-01 -1.567365E+00 6.000000E-01 -7.852035E-02 9.589862E-01 2.894062E-02 1.225157E-03 4.218173E+00 8.640112E+00 
1.583162E-01 1.512554E-02 3.366722E-01 1.646503E-01 -1.501064E+00 6.000000E-01 -1.140069E-01 8.367977E-01 2.925935E-02 1.368117E-03 4.345826E+00 9.641243E+00 
1.713993E-01 6.667116E-03 3.590301E-01 1.677390E-01 -1.447300E+00 5.899583E-01 -1.120154E-01 8.378767E-01 2.814133E-02 1.966123E-03 3.969222E+00 1.038507E+01 
1.579627E-01 6.702724E-03 3.569571E-01 1.747254E-01 -1.332695E+00 5.974875E-01 -8.318672E-02 9.399150E-01 2.689842E-02 8.590891E-04 4.705250E+00 1.074744E+01 
1.575438E-01 7.538498E-03 3.447637E-01 1.758347E-01 -1.592976E+00 5.779973E-01 -7.887342E-02 1.009387E+00 3.078259E-02 8.414392E-04 3.813952E+00 9.367943E+00 
1.602703E-01 7.885521E-03 3.815251E-01 1.715658E-01 -1.426436E+00 5.944708E-01 -1.839791E-01 1.023378E+00 2.765347E-02 1.752830E-03 3.878072E+00 9.820864E+00 
1.453125E-01 1.720520E-02 3.277752E-01 1.628359E-01 -1.393540E+00 4.857668E-01 -1.558398E-01 9.628022E-01 2.894543E-02 3.693408E-03 4.411704E+00 9.879436E+00 
1.869465E-01 8.394915E-03 3.578194E-01 1.780369E-01 -1.366446E+00 6.000000E-01 -7.247386E-02 8.983281E-01 2.825514E-02 6.886060E-03 5.019845E+00 7.830757E+00 
8.697835E-02 5.259843E-02 2.929926E-01 1.477448E-01 -1.453808E+00 4.834700E-01 -4.125549E-02 8.177955E-01 3.280947E-02 3.436708E-03 3.275268E+00 8.486704E+00 
1.588625E-01 1.000000E-04 3.604489E-01 1.752784E-01 -1.611407E+00 5.677427E-01 -1.147367E-01 9.184134E-01 2.982986E-02 2.124798E-03 4.295710E+00 9.921343E+00 
1.603669E-01 8.380077E-03 3.372184E-01 1.760524E-01 -1.462597E+00 5.337819E-01 -8.950691E-02 9.581118E-01 2.926531E-02 1.096701E-03 4.001403E+00 9.240485E+00 
1.543692E-01 3.589892E-03 3.621368E-01 1.709986E-01 -1.514683E+00 4.060794E-01 -4.145702E-02 1.014529E+00 2.901662E-02 6.771770E-03 3.907857E+00 9.812719E+00 
1.655772E-01 1.000000E-04 3.949085E-01 1.776728E-01 -1.328041E+00 6.000000E-01 -1.295445E-01 8.384436E-01 3.045362E-02 8.440022E-05 4.549190E+00 8.666297E+00 
1.876004E-01 1.049692E-02 3.593068E-01 1.740766E-01 -1.382399E+00 6.000000E-01 -1.145993E-01 9.619604E-01 2.729915E-02 3.721138E-04 4.217750E+00 6.983617E+00 
1.491456E-01 4.803323E-03 3.493076E-01 1.701319E-01 -1.542626E+00 5.926978E-01 -1.251644E-01 9.657986E-01 2.980808E-02 2.242196E-03 3.937701E+00 9.006953E+00 
1.739119E-01 9.192129E-03 3.252671E-01 1.733664E-01 -1.432269E+00 5.407144E-01 -1.608774E-01 9.919782E-01 3.022571E-02 2.441842E-03 4.729249E+00 8.639557E+00 
1.466625E-01 1.321647E-02 3.425937E-01 1.686042E-01 -1.451509E+00 5.091547E-01 -6.189064E-02 8.256127E-01 3.141461E-02 2.494614E-03 4.301029E+00 1.072510E+01 
1.420259E-01 8.397807E-03 3.565549E-01 1.716432E-01 -1.390352E+00 5.541552E-01 -7.955823E-02 9.158149E-01 2.796748E-02 1.133192E-03 4.190028E+00 8.823072E+00 
1.840419E-01 2.972220E-02 3.706525E-01 1.794536E-01 -1.324209E+00 5.920690E-01 -1.146413E-01 9.670106E-01 2.452546E-02 7.883808E-03 5.429551E+00 8.648777E+00 
1.690529E-01 5.697125E-03 3.462236E-01 1.672128E-01 -1.472701E+00 5.955929E-01 -1.949862E-01 1.005725E+00 2.783129E-02 2.312922E-03 4.853465E+00 8.878316E+00 
1.707808E-01 5.186949E-03 3.649031E-01 1.708691E-01 -1.430932E+00 5.891084E-01 -1.666283E-01 8.948961E-01 2.694833E-02 3.282112E-03 4.504738E+00 9.940049E+00 
1.260504E-01 2.450449E-02 3.624870E-01 1.649075E-01 -1.460871E+00 5.730175E-01 -1.127094E-01 9.318954E-01 2.911815E-02 5.843960E-03 4.446729E+00 9.319861E+00 
1.600570E-01 4.438781E-03 3.580212E-01 1.753308E-01 -1.455608E+00 5.925706E-01 -9.950323E-02 9.749029E-01 2.612273E-02 1.665251E-03 4.186268E+00 9.186235E+00 
4.272036E-02 2.896527E-02 3.483503E-01 1.645883E-01 -1.506557E+00 4.549126E-01 -8.533526E-02 9.459685E-01 2.971226E-02 7.911196E-03 4.350496E+00 8.673595E+00 
7.096352E-03 1.121157E-01 3.127351E-01 1.472249E-01 -9.411023E-01 2.494977E-01 -4.861132E-02 1.053274E+00 3.380486E-02 8.228786E-03 3.036489E+00 8.778642E+00 
1.559763E-01 3.441834E-03 3.489071E-01 1.726832E-01 -1.432718E+00 5.954802E-01 -1.659643E-01 9.492011E-01 2.713924E-02 7.477635E-04 4.159195E+00 8.264887E+00 
1.513216E-01 9.779603E-03 3.571782E-01 1.735948E-01 -1.541025E+00 5.734495E-01 -1.608199E-01 9.731504E-01 3.241715E-02 3.811779E-03 4.925170E+00 9.384301E+00 
1.567996E-01 4.271223E-03 3.688788E-01 1.726317E-01 -1.367012E+00 5.664978E-01 -1.131924E-01 9.237650E-01 2.976504E-02 1.976749E-03 4.063994E+00 9.642659E+00 
1.764398E-01 4.762469E-03 3.579210E-01 1.734980E-01 -1.371931E+00 5.875292E-01 -1.825916E-01 9.903604E-01 3.212084E-02 7.438793E-04 4.116755E+00 9.107860E+00 
1.726982E-01 1.148223E-02 3.634982E-01 1.732597E-01 -1.469395E+00 5.708634E-01 -7.468264E-02 8.770200E-01 2.810395E-02 2.468770E-03 3.974654E+00 9.400773E+00 
1.618965E-01 4.666542E-03 3.591053E-01 1.749248E-01 -1.499247E+00 5.874043E-01 -1.036595E-01 9.399540E-01 2.994912E-02 1.179670E-03 3.665204E+00 8.731884E+00 
1.430109E-01 2.193081E-03 3.496436E-01 1.663214E-01 -1.409396E+00 5.995666E-01 -1.481271E-01 9.316090E-01 2.760243E-02 1.653534E-03 4.451500E+00 9.273051E+00 
5.388516E-02 4.343682E-02 3.392336E-01 1.673837E-01 -1.248285E+00 5.178046E-01 -1.000000E-02 9.126063E-01 2.862905E-02 5.730606E-03 3.771030E+00 1.236742E+01 
1.623716E-01 7.533405E-03 3.547829E-01 1.740803E-01 -1.592509E+00 5.583911E-01 -3.704108E-02 8.642642E-01 2.885463E-02 2.793406E-03 3.919636E+00 1.084906E+01 
1.487685E-01 3.338471E-03 3.255908E-01 1.676482E-01 -1.373870E+00 5.823180E-01 -8.626523E-02 8.111581E-01 2.862525E-02 2.012146E-03 4.183912E+00 9.080037E+00 
1.574455E-01 7.414124E-03 3.589066E-01 1.695733E-01 -1.447765E+00 5.803093E-01 -8.690418E-02 9.545442E-01 2.814538E-02 2.186670E-03 3.382790E+00 8.718268E+00 
1.680182E-01 9.145963E-03 3.432907E-01 1.721852E-01 -1.435058E+00 5.618777E-01 -1.386601E-01 1.001530E+00 2.762599E-02 1.856287E-03 3.947489E+00 9.271526E+00 
1.333246E-01 4.543801E-03 3.656676E-01 1.655109E-01 -1.272065E+00 4.512850E-01 -1.359203E-01 9.195953E-01 3.061631E-02 3.178907E-03 4.192334E+00 9.403417E+00 
1.570953E-01 7.937892E-03 3.365621E-01 1.843683E-01 -1.264815E+00 5.698205E-01 -1.076682E-01 8.789091E-01 2.915018E-02 1.674218E-03 4.977632E+00 1.049769E+01 
