1.618487E-02 3.696805E-02 3.582412E-01 1.404265E-01 -8.230194E-01 4.118772E-01 -5.854020E-02 6.650849E-01 3.912253E-02 3.326269E-02 5.107474E+00 1.390060E+01 
7.246269E-02 3.702177E-02 3.623460E-01 1.569346E-01 -8.937025E-01 4.456052E-01 -3.474161E-02 1.021890E+00 9.380787E-03 2.625880E-03 2.875100E+00 1.108213E+01 
5.802995E-02 5.313269E-02 4.110307E-01 1.341565E-01 -1.021586E+00 3.883118E-01 -8.073338E-02 7.491495E-01 2.009418E-02 3.261403E-02 4.464351E+00 9.314874E+00 
7.365914E-02 4.328538E-02 2.928738E-01 1.516257E-01 -1.366888E+00 3.424673E-01 -5.198474E-02 9.873523E-01 2.453574E-02 1.164342E-02 3.296832E+00 5.057367E+00 
1.115668E-01 3.047250E-02 4.274637E-01 1.308431E-01 -2.000000E+00 3.978954E-01 -3.175323E-02 5.647316E-01 3.302101E-02 1.483159E-02 5.058105E+00 1.032188E+01 
4.704670E-02 7.887741E-02 4.109820E-01 1.469142E-01 -7.707819E-01 4.958392E-01 -7.457357E-02 3.715244E-01 2.741148E-02 1.665684E-02 4.201599E+00 1.238540E+01 
4.307487E-02 2.272906E-02 4.019675E-01 1.329753E-01 -8.374343E-01 3.906924E-01 -3.588812E-02 5.192352E-01 3.318579E-02 1.315288E-02 5.219658E+00 8.306062E+00 
4.350422E-02 2.771308E-02 3.872565E-01 1.404520E-01 -7.287253E-01 4.196335E-01 -4.091117E-02 8.985590E-01 1.515308E-02 1.260132E-02 2.957620E+00 8.549665E+00 
9.958551E-02 5.546815E-02 4.103941E-01 1.479193E-01 -1.192612E+00 5.010781E-01 -6.524062E-02 4.124688E-01 4.212768E-02 2.030608E-02 5.062471E+00 5.004381E+00 
5.953154E-02 1.769295E-03 4.630659E-01 1.629745E-01 -1.428049E+00 4.296714E-01 -1.132835E-01 1.152175E+00 3.644447E-02 1.618339E-02 4.299820E+00 1.073464E+01 
9.188282E-02 6.078196E-02 3.476371E-01 1.448260E-01 -8.063509E-01 3.815758E-01 -5.834634E-02 8.269332E-01 1.382666E-02 1.775269E-02 4.061966E+00 8.449021E+00 
3.989232E-02 2.283095E-02 3.834758E-01 1.560653E-01 -9.653899E-01 4.397523E-01 -4.058961E-02 1.059334E+00 1.621549E-02 2.102304E-02 4.302157E+00 7.786445E+00 
2.656873E-02 3.468799E-02 3.160385E-01 1.744697E-01 -7.286423E-01 4.200238E-01 -7.620476E-02 1.114428E+00 6.668909E-02 1.313361E-02 5.913475E+00 1.291898E+01 
7.695386E-02 6.872469E-02 3.089875E-01 1.567151E-01 -1.430453E+00 5.166007E-01 -1.023999E-01 9.690471E-01 3.547981E-02 1.397126E-02 4.620097E+00 6.870521E+00 
3.343446E-02 6.176179E-02 3.645684E-01 1.421693E-01 -1.007707E+00 4.310593E-01 -5.707750E-02 8.162283E-01 3.327046E-02 1.623430E-02 4.841057E+00 1.439676E+01 
1.573159E-02 3.162094E-02 3.712111E-01 1.442371E-01 -1.064741E+00 5.032264E-01 -6.285531E-02 7.275362E-01 3.691669E-02 0.000000E+00 2.774575E+00 8.853088E+00 
6.355113E-02 6.060513E-02 3.408954E-01 1.434773E-01 -9.807125E-01 3.844525E-01 -6.853664E-02 8.338036E-01 4.085693E-02 1.403593E-02 3.590879E+00 7.191424E+00 
5.148901E-02 4.532591E-02 3.823214E-01 1.722952E-01 -1.240179E+00 3.843927E-01 -4.903804E-02 7.264939E-01 4.494522E-02 2.251751E-02 2.460088E+00 1.589629E+01 
4.050252E-02 3.490057E-02 4.653867E-01 1.350625E-01 -4.878658E-01 4.130974E-01 -2.426938E-02 9.944594E-01 2.072522E-02 1.686697E-02 2.556830E+00 1.014354E+01 
3.443943E-02 4.381487E-02 3.627432E-01 1.421113E-01 -7.429835E-01 4.103229E-01 -5.366629E-02 8.902763E-01 2.222096E-02 1.803705E-02 1.789096E+00 1.133332E+01 
9.105642E-02 5.021032E-02 4.171236E-01 1.499373E-01 -9.348192E-01 4.673292E-01 -5.340914E-02 1.295333E+00 2.721863E-02 1.288115E-02 3.512537E+00 8.632687E+00 
6.380857E-02 6.075369E-02 5.212923E-01 1.424382E-01 -8.374141E-01 3.981609E-01 -1.406459E-01 9.861602E-01 3.871596E-02 2.358013E-02 4.739653E+00 9.501895E+00 
5.773808E-02 5.881653E-02 4.041152E-01 1.482685E-01 -9.238761E-01 4.332864E-01 -4.322256E-02 9.072319E-01 2.168371E-02 1.195996E-02 4.472235E+00 3.959218E+00 
5.551998E-02 8.149782E-02 3.790511E-01 1.647476E-01 -9.786137E-01 2.997053E-01 -6.240913E-02 1.021052E+00 6.047194E-02 1.720677E-02 2.462028E+00 9.470172E+00 
8.516540E-02 5.805930E-02 3.614151E-01 1.527628E-01 -1.427701E+00 4.983823E-01 -7.439502E-02 1.717161E+00 3.817209E-02 2.530808E-02 4.995814E+00 1.018916E+01 
5.640146E-02 2.228913E-02 4.460969E-01 1.517537E-01 -7.823970E-01 4.922078E-01 -5.356587E-02 7.478128E-01 3.012854E-02 2.305121E-02 2.952295E+00 1.054352E+01 
8.691399E-02 5.581235E-02 3.730220E-01 1.793849E-01 -1.616803E+00 4.511448E-01 -1.213931E-01 1.161190E+00 2.794269E-02 1.163438E-02 5.404772E+00 5.085053E+00 
8.525639E-02 5.329674E-02 3.902599E-01 1.491312E-01 -1.373840E+00 5.292028E-01 -2.000000E-01 9.944075E-01 2.711739E-02 1.143009E-02 3.240570E+00 1.196061E+01 
2.744811E-02 4.321574E-02 3.462047E-01 1.456242E-01 -1.154073E+00 4.244637E-01 -7.576696E-02 1.133501E+00 3.289627E-02 8.409861E-03 6.375114E+00 1.209263E+01 
8.903857E-02 7.685988E-02 3.828647E-01 1.363557E-01 -1.341284E+00 4.658684E-01 -7.230050E-02 1.239670E+00 3.511903E-02 2.022539E-02 4.303380E+00 1.155208E+01 
4.781662E-02 1.933404E-02 4.931453E-01 1.077096E-01 -9.618095E-01 3.439033E-01 -5.240873E-02 9.567755E-01 2.817408E-02 1.252581E-02 5.960417E+00 1.295533E+01 
1.403105E-01 5.338148E-02 4.673527E-01 1.537198E-01 -7.762185E-01 4.465206E-01 -1.010644E-01 7.477275E-01 5.060046E-02 2.201387E-02 2.156823E+00 9.616580E+00 
3.903815E-02 2.991639E-02 4.293392E-01 1.334931E-01 -1.182442E+00 2.689181E-01 -5.163835E-02 8.567199E-01 3.227481E-02 8.972732E-03 4.225426E+00 8.118295E+00 
5.995108E-02 3.942086E-02 4.708508E-01 1.572577E-01 -1.012923E+00 4.832305E-01 -5.982208E-02 4.918321E-01 3.503736E-02 2.030191E-02 6.020189E+00 1.058816E+01 
6.206385E-02 6.258123E-02 3.986235E-01 1.553397E-01 -1.442076E+00 4.653260E-01 -7.308140E-02 1.041646E+00 3.231252E-02 2.415118E-02 3.200994E+00 9.920933E-01 
5.589953E-02 4.861203E-02 3.775548E-01 1.412750E-01 -8.789708E-01 3.820162E-01 -6.609732E-02 9.136816E-01 4.219496E-02 1.135676E-02 5.021693E+00 7.254829E+00 
6.070166E-02 4.353341E-02 3.450070E-01 1.309254E-01 -1.301880E+00 4.323394E-01 -4.989881E-02 6.095700E-01 2.485471E-02 1.629213E-02 2.730041E+00 1.316164E+01 
7.726373E-02 1.059414E-01 2.791944E-01 1.521090E-01 -1.064172E+00 4.378637E-01 -8.813453E-02 1.319984E+00 6.271347E-02 6.267916E-03 6.684131E+00 4.399248E-01 
6.518504E-02 6.859432E-02 3.938818E-01 1.454786E-01 -8.697820E-01 4.635581E-01 -1.174557E-01 8.052884E-01 2.030916E-02 5.312394E-03 5.313523E+00 5.119347E+00 
4.672086E-02 5.817959E-02 3.129219E-01 1.347417E-01 -1.116752E+00 2.998606E-01 -3.766070E-02 6.536166E-01 3.749582E-02 6.810842E-03 3.839428E+00 1.851306E+01 
8.909586E-02 3.597892E-02 4.086872E-01 1.469338E-01 -1.164746E+00 3.795653E-01 -5.983974E-02 1.090279E+00 6.323321E-02 2.438035E-02 4.560024E+00 1.320487E+01 
8.406224E-02 2.815256E-02 3.240633E-01 1.368893E-01 -1.645195E+00 3.875104E-01 -5.064627E-02 1.049280E+00 2.293878E-02 5.969060E-03 3.869689E+00 4.886168E+00 
7.179688E-02 6.466787E-02 3.151398E-01 1.425000E-01 -1.034931E+00 4.700323E-01 -5.915061E-02 9.039395E-01 3.852966E-02 1.493354E-02 3.792407E+00 1.096136E+01 
3.818752E-02 1.022829E-01 4.995593E-01 1.536526E-01 -8.761034E-01 3.891483E-01 -2.527520E-02 8.097454E-01 2.231209E-02 2.282819E-02 6.196710E+00 7.843571E+00 
6.357275E-02 2.356787E-02 3.728182E-01 1.815355E-01 -7.920665E-01 4.296932E-01 -4.939893E-02 5.513167E-01 2.994029E-02 1.251669E-02 4.469191E+00 1.119925E+01 
6.922355E-02 1.464320E-02 3.771347E-01 1.474609E-01 -1.344011E+00 4.195882E-01 -3.720832E-02 6.741831E-01 2.222812E-02 9.490774E-03 4.025594E+00 1.680644E+01 
1.174831E-01 3.667153E-02 3.822117E-01 1.421787E-01 -1.180693E+00 3.312341E-01 -5.904182E-02 7.012394E-01 3.633760E-02 1.296938E-02 5.614333E+00 5.977424E+00 
1.013003E-01 6.508334E-02 4.000252E-01 1.231019E-01 -9.515485E-01 2.784450E-01 -4.469959E-02 1.077885E+00 3.679824E-02 9.330278E-03 3.380362E+00 7.984519E+00 
4.720979E-02 2.221122E-02 3.932049E-01 1.455461E-01 -9.827798E-01 3.743888E-01 -2.808548E-02 3.244123E-01 1.567865E-02 1.362172E-02 4.611275E+00 8.664173E+00 
2.657391E-02 1.712893E-02 4.109096E-01 1.420664E-01 -1.211858E+00 3.955959E-01 -5.701890E-02 6.262383E-01 2.697831E-02 1.326313E-02 3.192189E+00 1.400793E+01 
6.551415E-02 4.544109E-02 4.656648E-01 1.633867E-01 -8.348418E-01 5.005864E-01 -1.101474E-01 1.060411E+00 2.293864E-02 2.000685E-02 3.701878E+00 6.401288E+00 
6.241726E-02 5.835028E-02 3.453173E-01 1.469345E-01 -9.220563E-01 4.467642E-01 -6.067019E-02 7.003743E-01 3.107466E-02 1.538900E-03 2.408016E+00 6.650095E+00 
6.422360E-02 4.153657E-02 3.915451E-01 1.551553E-01 -7.408469E-01 4.487600E-01 -8.939280E-02 8.390619E-01 4.881470E-02 1.451080E-02 1.000000E+01 9.800181E+00 
7.172970E-02 3.145642E-02 2.794065E-01 1.337479E-01 -8.890162E-01 4.969664E-01 -1.113096E-01 1.276871E+00 5.449385E-02 2.357386E-02 5.919173E+00 1.268398E+01 
6.630345E-02 1.886042E-02 4.102064E-01 1.366533E-01 -9.255251E-01 4.770951E-01 -1.103964E-01 1.099418E+00 1.425385E-02 2.646266E-02 5.361693E+00 1.283104E+01 
8.192241E-02 3.275647E-02 3.267292E-01 1.713089E-01 -9.360805E-01 4.572480E-01 -6.259158E-02 6.537687E-01 5.131352E-02 1.191250E-02 5.812984E+00 8.155234E+00 
7.695570E-02 5.565636E-02 3.898028E-01 1.698244E-01 -1.223702E+00 4.860893E-01 -1.224108E-01 8.603601E-01 3.793067E-02 2.349357E-02 3.978274E+00 1.129935E+01 
4.043095E-02 4.572169E-02 3.312739E-01 1.435296E-01 -5.703791E-01 3.797033E-01 -5.561751E-02 9.302751E-01 6.823472E-02 9.435498E-03 4.896589E+00 1.018440E+01 
6.306954E-02 2.947298E-02 3.070136E-01 1.306643E-01 -1.061352E+00 3.657676E-01 -4.934640E-02 3.225633E-01 4.304010E-02 1.130147E-02 4.803750E+00 4.185164E+00 
1.100699E-01 4.521799E-02 3.877385E-01 1.273248E-01 -1.331164E+00 3.489722E-01 -4.620373E-02 1.166303E+00 2.285410E-02 2.553691E-02 4.744873E+00 1.428005E+01 
7.731496E-02 9.589600E-02 2.898697E-01 1.793693E-01 -2.828230E-01 4.373242E-01 -1.701492E-01 1.229481E+00 6.257930E-02 1.592492E-02 6.170233E+00 0.000000E+00 
5.606841E-02 4.974986E-02 3.360747E-01 1.228968E-01 -8.074661E-01 5.103025E-01 -7.769125E-02 1.125986E+00 1.191757E-02 0.000000E+00 3.776243E+00 4.495766E+00 
9.370408E-02 5.527297E-02 3.395152E-01 1.685543E-01 -1.548091E+00 4.677307E-01 -1.098209E-01 1.145221E+00 2.641455E-02 2.938232E-02 6.352160E+00 1.076725E+01 
7.082607E-02 5.123380E-02 3.732539E-01 1.454519E-01 -1.181356E+00 3.854301E-01 -6.550972E-02 6.304113E-01 4.018076E-02 1.557008E-02 3.744563E+00 6.309265E+00 
7.689354E-02 2.150423E-02 3.696123E-01 1.379291E-01 -1.101960E+00 2.758996E-01 -3.871361E-02 3.339208E-01 5.149416E-02 2.053557E-02 5.573567E+00 1.125880E+01 
7.119768E-02 5.393521E-02 3.288524E-01 1.338638E-01 -1.129554E+00 4.248287E-01 -1.059938E-01 1.240389E+00 3.129768E-02 2.866917E-02 6.330669E+00 4.675061E+00 
4.482717E-02 4.057057E-02 2.993834E-01 1.513595E-01 -1.197144E+00 4.817399E-01 -1.164672E-01 4.967190E-01 3.674921E-02 4.034122E-02 6.124437E+00 8.564139E+00 
6.849621E-02 6.621166E-02 3.888961E-01 1.338544E-01 -8.440730E-01 4.310291E-01 -3.831565E-02 6.443017E-01 2.532754E-02 2.552741E-02 2.519701E+00 1.658662E+01 
6.164312E-02 4.786389E-02 4.365359E-01 1.498237E-01 -1.150204E+00 4.373767E-01 -1.425414E-01 6.571199E-01 4.363508E-02 1.332538E-02 1.557428E+00 8.964758E+00 
5.266039E-02 7.043075E-02 3.927998E-01 1.392349E-01 -1.441491E+00 5.061500E-01 -1.033649E-01 1.144940E+00 4.708309E-02 2.831430E-02 5.436185E+00 6.188732E+00 
6.073722E-02 8.172524E-02 3.286371E-01 1.677625E-01 -1.429677E+00 4.188259E-01 -5.883171E-02 1.108136E+00 4.796007E-02 9.080645E-03 5.416333E+00 6.999785E+00 
6.579471E-02 2.746341E-02 3.887045E-01 1.383774E-01 -8.195242E-01 3.685264E-01 -6.556878E-02 7.004474E-01 3.155965E-02 1.367224E-02 3.125757E+00 3.508129E+00 
6.925079E-02 7.864342E-02 4.927191E-01 1.584571E-01 -1.114472E+00 4.683209E-01 -2.000000E-01 3.351923E-01 4.301874E-02 2.780977E-02 5.080734E+00 7.769317E-01 
5.930473E-02 3.120089E-02 4.032082E-01 1.586211E-01 -1.075993E+00 5.241551E-01 -1.016818E-01 6.286082E-01 3.076469E-02 2.535788E-02 5.668816E+00 8.175837E+00 
3.661667E-02 4.504365E-02 3.671235E-01 1.484152E-01 -1.065312E+00 4.177476E-01 -6.321511E-02 7.808811E-01 3.104487E-02 3.017337E-02 4.333829E+00 8.096408E+00 
9.571834E-02 3.685124E-02 4.049651E-01 1.463910E-01 -1.373948E+00 3.941313E-01 -7.038812E-02 1.187570E+00 3.109132E-02 0.000000E+00 2.836089E+00 1.242970E+01 
6.764967E-02 1.668841E-02 3.034884E-01 1.792362E-01 -1.144366E+00 4.398920E-01 -3.600983E-02 1.035825E+00 3.460281E-02 1.497401E-02 4.507754E+00 7.597792E+00 
3.908953E-02 6.345858E-02 3.957500E-01 1.375470E-01 -8.383041E-01 3.189454E-01 -4.038484E-02 9.254603E-01 3.178189E-02 2.356895E-02 5.287162E+00 6.479283E+00 
8.880516E-02 1.529198E-02 4.611315E-01 1.324941E-01 -1.305236E+00 2.818171E-01 -6.486582E-02 3.451166E-02 2.056373E-02 1.133036E-02 5.196853E+00 8.681228E+00 
1.321730E-01 3.334092E-02 2.762220E-01 1.540954E-01 -1.002298E+00 4.984073E-01 -3.028980E-02 9.071490E-01 3.301664E-02 4.835789E-03 3.708967E+00 6.274773E+00 
1.090166E-01 6.374695E-02 4.371378E-01 1.648083E-01 -4.759197E-01 4.238844E-01 -6.616179E-02 9.343516E-01 2.381173E-02 0.000000E+00 4.022173E+00 8.505235E+00 
7.987336E-02 3.357649E-02 3.069547E-01 1.548080E-01 -1.217941E+00 3.765814E-01 -8.939303E-02 7.246384E-01 4.169499E-02 3.763072E-02 2.049670E+00 7.765918E+00 
