1.638041E-01 8.650024E-03 3.314896E-01 1.758864E-01 -1.413010E+00 5.778973E-01 -1.559483E-01 9.464897E-01 2.573354E-02 2.303081E-03 4.202163E+00 9.376097E+00 
1.660892E-01 1.049190E-02 3.496458E-01 1.785816E-01 -1.354772E+00 5.807561E-01 -1.830584E-01 9.712547E-01 2.897154E-02 1.724704E-03 4.331356E+00 9.239574E+00 
1.315185E-01 1.112143E-02 3.593353E-01 1.755900E-01 -1.486907E+00 5.810714E-01 -1.453185E-01 1.006725E+00 2.266686E-02 2.942308E-03 4.280193E+00 9.431071E+00 
1.591928E-01 8.223201E-03 3.386762E-01 1.737571E-01 -1.493125E+00 5.507072E-01 -9.925196E-02 9.597417E-01 2.483978E-02 9.227524E-04 4.241080E+00 8.076991E+00 
1.594963E-01 1.190847E-02 3.603034E-01 1.755599E-01 -1.286539E+00 6.000000E-01 -9.392954E-02 9.298570E-01 3.077875E-02 1.899217E-03 4.390397E+00 9.612294E+00 
1.708233E-01 5.994452E-03 3.614951E-01 1.712434E-01 -1.367220E+00 5.969621E-01 -1.697247E-01 9.909464E-01 2.908608E-02 3.005318E-03 3.834461E+00 1.014976E+01 
1.867089E-01 2.173182E-03 3.476556E-01 1.747415E-01 -1.464916E+00 5.833094E-01 -1.235389E-01 9.754588E-01 2.886093E-02 1.421055E-03 4.097153E+00 8.931194E+00 
1.599334E-01 6.914837E-03 3.487105E-01 1.797167E-01 -1.547612E+00 5.278877E-01 -7.842430E-02 1.021905E+00 2.896517E-02 2.991742E-03 4.571598E+00 1.108584E+01 
1.773063E-01 8.408325E-03 3.736366E-01 1.736631E-01 -1.314047E+00 5.996136E-01 -1.922762E-01 8.807612E-01 2.880450E-02 1.547462E-03 4.475482E+00 9.646087E+00 
1.619004E-01 6.185276E-03 3.661411E-01 1.627773E-01 -1.648095E+00 5.851928E-01 -1.390732E-01 8.345965E-01 2.857974E-02 1.203274E-03 4.193572E+00 8.991162E+00 
1.506507E-01 7.729065E-03 3.519050E-01 1.738824E-01 -1.474396E+00 5.813452E-01 -9.469198E-02 1.017483E+00 2.848308E-02 1.272038E-03 4.228702E+00 1.013759E+01 
1.395030E-01 2.104389E-02 3.681831E-01 1.783718E-01 -1.424697E+00 5.941312E-01 -1.001245E-01 9.565927E-01 2.815880E-02 6.626215E-03 4.557626E+00 1.015983E+01 
1.669251E-01 6.952136E-03 3.546146E-01 1.803158E-01 -1.487077E+00 5.974842E-01 -1.627176E-01 9.077817E-01 2.791439E-02 1.487973E-03 4.010400E+00 8.716350E+00 
1.479186E-01 8.066991E-03 3.611204E-01 1.709566E-01 -1.562458E+00 5.495829E-01 -1.264766E-01 8.636780E-01 2.977053E-02 0.000000E+00 3.607584E+00 8.016208E+00 
1.584009E-01 1.000000E-04 3.654158E-01 1.785188E-01 -1.464066E+00 5.223087E-01 -5.896785E-02 8.742089E-01 3.038588E-02 4.458841E-03 4.096759E+00 9.657900E+00 
1.765803E-01 5.558400E-03 3.566459E-01 1.818631E-01 -1.310904E+00 5.812143E-01 -7.170952E-02 9.017024E-01 2.884767E-02 3.033578E-03 3.759289E+00 8.690804E+00 
1.702810E-01 1.025126E-02 3.532946E-01 1.692731E-01 -1.451028E+00 5.552162E-01 -7.391041E-02 1.051579E+00 4.626076E-02 1.364010E-02 3.886189E+00 8.853991E+00 
1.556174E-01 1.352641E-02 3.416231E-01 1.637666E-01 -1.393949E+00 5.618135E-01 -1.254254E-01 8.932873E-01 3.069040E-02 1.343804E-03 4.319514E+00 9.805617E+00 
1.565550E-01 7.027857E-03 3.481145E-01 1.683011E-01 -1.786424E+00 5.891475E-01 -1.030135E-01 9.263051E-01 2.928786E-02 1.007519E-03 4.140049E+00 9.333110E+00 
1.630563E-01 5.514807E-03 3.469355E-01 1.769767E-01 -1.528165E+00 5.886687E-01 -7.892237E-02 9.363705E-01 2.898052E-02 2.176616E-03 4.255314E+00 9.642027E+00 
1.594944E-01 2.459033E-03 3.263956E-01 1.718094E-01 -1.397112E+00 5.679352E-01 -7.455917E-02 9.277770E-01 2.772890E-02 2.014019E-03 4.021455E+00 9.601234E+00 
1.638591E-01 3.400437E-02 3.538282E-01 1.729321E-01 -1.365990E+00 4.351010E-01 -7.263176E-02 9.102977E-01 3.049392E-02 2.209378E-03 5.344716E+00 1.077046E+01 
1.607633E-01 9.169633E-03 3.511347E-01 1.666776E-01 -1.422488E+00 5.898265E-01 -1.326728E-01 9.502143E-01 2.961871E-02 1.531490E-03 4.311996E+00 8.844971E+00 
1.717401E-01 4.013253E-03 3.461654E-01 1.808977E-01 -1.513019E+00 5.554639E-01 -1.092710E-01 9.592243E-01 3.074963E-02 2.511193E-03 4.072907E+00 8.672469E+00 
1.574078E-01 5.720671E-03 3.519132E-01 1.781659E-01 -1.374858E+00 5.797193E-01 -1.327450E-01 9.575607E-01 2.869917E-02 1.176718E-03 4.139529E+00 9.903519E+00 
1.715460E-01 8.958689E-03 3.534182E-01 1.786919E-01 -1.568817E+00 6.000000E-01 -1.313706E-01 9.530721E-01 2.603234E-02 1.676075E-03 3.699509E+00 9.458420E+00 
1.669535E-01 5.670093E-03 3.626130E-01 1.722997E-01 -1.574952E+00 6.000000E-01 -7.118646E-02 9.270369E-01 2.955907E-02 2.720776E-03 3.565695E+00 8.808588E+00 
1.667821E-01 1.173446E-02 3.602399E-01 1.796742E-01 -1.429450E+00 5.903666E-01 -1.197630E-01 9.891022E-01 2.749290E-02 7.536953E-04 4.654436E+00 8.956766E+00 
1.512142E-01 2.487551E-02 3.610732E-01 1.741946E-01 -1.473553E+00 5.799403E-01 -7.820612E-02 9.546485E-01 3.494873E-02 2.757963E-03 4.258757E+00 9.296776E+00 
1.240044E-01 1.212518E-02 3.637351E-01 1.658560E-01 -1.461883E+00 5.786884E-01 -8.513368E-02 8.911605E-01 3.037357E-02 1.914070E-03 4.239043E+00 1.014438E+01 
1.576097E-01 5.751924E-03 3.789181E-01 1.766119E-01 -1.373682E+00 5.911735E-01 -1.420614E-01 9.190139E-01 3.026447E-02 9.457874E-04 4.776561E+00 7.612289E+00 
1.700377E-01 6.527889E-03 3.638078E-01 1.752214E-01 -1.498339E+00 5.843999E-01 -6.276939E-02 9.485637E-01 2.861807E-02 1.237657E-03 4.311090E+00 9.737444E+00 
1.434380E-01 1.386745E-02 3.372923E-01 1.762806E-01 -1.414659E+00 5.488673E-01 -8.047431E-02 1.033987E+00 2.779786E-02 1.172559E-03 4.396921E+00 8.670646E+00 
1.640749E-01 4.538592E-03 3.484819E-01 1.763910E-01 -1.690579E+00 5.787975E-01 -6.700699E-02 9.106021E-01 2.962232E-02 1.324597E-03 4.237824E+00 9.898225E+00 
1.600772E-01 6.943667E-03 3.619453E-01 1.711164E-01 -1.343910E+00 5.802181E-01 -1.026757E-01 9.471636E-01 2.819866E-02 3.114062E-03 4.106170E+00 8.793965E+00 
1.703034E-01 7.162554E-03 3.656735E-01 1.745751E-01 -1.629693E+00 5.901848E-01 -7.970851E-02 9.634507E-01 3.110272E-02 2.074256E-03 4.307104E+00 9.123583E+00 
1.664637E-01 7.774468E-03 3.645467E-01 1.825260E-01 -1.474527E+00 5.963658E-01 -2.000000E-01 9.592997E-01 3.110206E-02 3.468272E-03 4.245540E+00 9.548318E+00 
1.577271E-01 6.032351E-03 3.632343E-01 1.697561E-01 -1.480177E+00 5.760214E-01 -4.658506E-02 1.131113E+00 2.795494E-02 2.003482E-03 4.197370E+00 1.111345E+01 
1.563107E-01 4.190437E-03 3.574355E-01 1.676832E-01 -1.376120E+00 5.740095E-01 -1.119616E-01 9.121234E-01 2.912210E-02 5.344711E-04 4.293942E+00 9.343182E+00 
1.581242E-01 1.173285E-02 3.443641E-01 1.682760E-01 -1.583200E+00 6.000000E-01 -1.643398E-01 9.441544E-01 2.999472E-02 4.194211E-03 4.419369E+00 1.009736E+01 
1.007308E-01 5.609627E-02 3.152408E-01 1.406032E-01 -1.244854E+00 3.842535E-01 -4.112489E-02 1.019314E+00 2.374666E-02 1.186149E-02 3.983393E+00 9.210995E+00 
1.765818E-01 3.567312E-03 3.599980E-01 1.823267E-01 -1.450561E+00 5.679171E-01 -1.233943E-01 9.272149E-01 2.792168E-02 4.574050E-03 3.657254E+00 6.826251E+00 
1.994474E-01 7.145270E-03 3.404510E-01 1.897635E-01 -1.396804E+00 5.705558E-01 -1.374746E-01 1.011249E+00 2.849429E-02 2.353681E-03 4.690982E+00 8.468023E+00 
1.656647E-01 5.019130E-03 3.505859E-01 1.707426E-01 -1.361019E+00 5.871513E-01 -1.094368E-01 9.396954E-01 2.835642E-02 2.039536E-03 4.250434E+00 8.113957E+00 
1.142157E-01 8.950895E-03 3.616080E-01 1.720820E-01 -1.433090E+00 5.600766E-01 -6.701384E-02 9.344743E-01 2.852106E-02 1.305124E-03 2.653879E+00 9.855254E+00 
1.318142E-01 3.321619E-02 3.632939E-01 1.616657E-01 -1.330017E+00 4.691394E-01 -8.168359E-02 9.238903E-01 2.911223E-02 2.899688E-02 4.975439E+00 9.860431E+00 
1.672671E-01 6.490493E-03 3.455640E-01 1.733369E-01 -1.329310E+00 5.843456E-01 -8.257456E-02 1.025575E+00 2.952638E-02 3.433588E-03 4.519121E+00 8.731405E+00 
1.389885E-01 9.641043E-03 3.400686E-01 1.721022E-01 -1.374917E+00 5.891922E-01 -1.204116E-01 9.370979E-01 3.202660E-02 0.000000E+00 4.450481E+00 9.868999E+00 
1.746715E-01 8.694982E-03 3.459387E-01 1.785005E-01 -1.409716E+00 5.695739E-01 -9.828166E-02 9.062244E-01 2.883114E-02 3.965535E-03 4.009889E+00 8.860361E+00 
1.621839E-01 2.588350E-03 3.564357E-01 1.719241E-01 -1.491510E+00 5.826026E-01 -1.289454E-01 8.703653E-01 3.111446E-02 2.103820E-03 3.866142E+00 9.231241E+00 
1.460608E-01 3.771405E-03 3.444768E-01 1.778332E-01 -1.450154E+00 5.644263E-01 -3.643412E-02 9.482901E-01 2.811770E-02 1.008703E-03 4.639371E+00 9.881125E+00 
1.788884E-01 5.073664E-03 3.434873E-01 1.728273E-01 -1.590152E+00 6.000000E-01 -2.985176E-02 1.004898E+00 2.864739E-02 1.819575E-03 3.819498E+00 9.375270E+00 
1.600225E-01 3.626881E-03 3.487577E-01 1.778267E-01 -1.469009E+00 5.666814E-01 -1.282057E-01 1.097506E+00 2.609270E-02 3.540124E-03 4.153150E+00 8.755980E+00 
1.612870E-01 8.717711E-03 3.422532E-01 1.745497E-01 -1.541975E+00 5.918369E-01 -1.222716E-01 9.797836E-01 2.575499E-02 1.043478E-03 4.568981E+00 9.169777E+00 
1.458777E-01 2.109433E-02 3.305731E-01 1.685442E-01 -1.454185E+00 5.286149E-01 -1.301675E-01 9.229784E-01 3.217851E-02 1.494641E-03 3.873403E+00 1.217951E+01 
1.662201E-01 5.052245E-03 3.658444E-01 1.696324E-01 -1.481929E+00 5.534365E-01 -1.338535E-01 9.399547E-01 2.960634E-02 1.263093E-03 4.269160E+00 8.758242E+00 
1.449896E-01 9.072279E-03 3.682720E-01 1.620193E-01 -1.478572E+00 5.448368E-01 -1.337362E-01 8.763024E-01 2.864784E-02 1.441760E-03 4.253692E+00 9.015462E+00 
1.386762E-01 1.376609E-02 3.548593E-01 1.594264E-01 -1.267047E+00 4.156529E-01 -4.856458E-02 1.034680E+00 3.159498E-02 7.271213E-03 5.018203E+00 1.121515E+01 
1.604128E-01 5.609239E-03 3.368155E-01 1.770853E-01 -1.501186E+00 5.798685E-01 -9.485416E-02 9.843977E-01 2.856944E-02 1.895730E-03 4.217177E+00 8.963224E+00 
1.407323E-01 6.015409E-03 3.645863E-01 1.681546E-01 -1.310322E+00 5.642837E-01 -8.505101E-02 8.605043E-01 2.880065E-02 1.004325E-03 4.361495E+00 1.043012E+01 
1.611341E-01 7.067535E-03 3.462424E-01 1.661610E-01 -1.386013E+00 5.899829E-01 -1.078790E-01 9.659320E-01 2.829492E-02 1.242813E-03 4.390128E+00 8.477695E+00 
1.553761E-01 8.733211E-03 3.475378E-01 1.532632E-01 -1.405075E+00 6.000000E-01 -1.437695E-01 9.215626E-01 2.933890E-02 4.679654E-03 3.501149E+00 1.045968E+01 
1.765870E-01 4.727314E-03 3.407050E-01 1.776884E-01 -1.451983E+00 5.904802E-01 -9.018377E-02 8.966363E-01 2.973198E-02 1.540908E-03 4.089796E+00 8.328081E+00 
1.615811E-01 7.054574E-03 3.762238E-01 1.733828E-01 -1.448293E+00 5.704646E-01 -9.124732E-02 1.015315E+00 2.852384E-02 1.359749E-03 4.444752E+00 9.727003E+00 
1.688625E-01 4.699460E-03 3.510493E-01 1.748385E-01 -1.296261E+00 5.900985E-01 -1.409723E-01 8.973101E-01 3.113687E-02 2.566401E-03 4.209088E+00 9.947906E+00 
1.638935E-01 4.561919E-03 3.676262E-01 1.882624E-01 -1.551523E+00 6.000000E-01 -6.400723E-02 9.233472E-01 2.631081E-02 1.448299E-03 4.105267E+00 6.849441E+00 
1.600104E-01 5.848393E-03 3.428121E-01 1.728870E-01 -1.478044E+00 5.920024E-01 -1.259974E-01 8.866876E-01 2.819402E-02 2.278510E-03 4.237325E+00 8.426444E+00 
1.793432E-01 7.946313E-03 3.805378E-01 1.784517E-01 -1.406497E+00 5.813365E-01 -1.909249E-01 9.116377E-01 2.421558E-02 3.291094E-03 4.378508E+00 9.193776E+00 
1.519376E-01 1.532297E-02 3.230325E-01 1.374766E-01 -1.356665E+00 5.023434E-01 -7.566959E-02 9.393878E-01 3.138899E-02 2.242083E-03 3.169141E+00 9.822652E+00 
1.513761E-01 5.360450E-03 3.743651E-01 1.728331E-01 -1.450347E+00 5.785958E-01 -1.995311E-01 9.196239E-01 2.757605E-02 1.918512E-04 3.681995E+00 6.867974E+00 
1.667735E-01 1.130783E-02 3.454877E-01 1.776261E-01 -1.386094E+00 5.808400E-01 -7.165840E-02 9.260769E-01 3.025499E-02 1.543612E-03 4.751391E+00 9.463099E+00 
1.835393E-01 1.000000E-04 3.548815E-01 1.732393E-01 -1.531225E+00 5.368493E-01 -1.151830E-01 9.863570E-01 2.878065E-02 1.639020E-03 5.040318E+00 9.805795E+00 
1.947348E-01 9.030048E-03 3.440401E-01 1.877989E-01 -1.346783E+00 5.859386E-01 -2.000000E-01 8.730227E-01 3.008944E-02 2.020310E-03 4.502411E+00 1.000111E+01 
1.746186E-02 1.700629E-02 3.453205E-01 1.578013E-01 -1.363956E+00 4.697987E-01 -1.079698E-01 1.127730E+00 2.512964E-02 1.088490E-02 4.401759E+00 8.402271E+00 
1.624973E-01 2.651062E-04 3.665852E-01 1.720991E-01 -1.555250E+00 5.795943E-01 -1.239359E-01 1.019256E+00 2.940462E-02 1.914190E-03 4.014081E+00 8.098778E+00 
1.594064E-01 6.013034E-03 3.483944E-01 1.737586E-01 -1.323811E+00 5.756923E-01 -1.340485E-01 9.672231E-01 2.974714E-02 2.243874E-03 4.426514E+00 9.796020E+00 
1.582073E-01 9.017997E-03 3.419132E-01 1.727650E-01 -1.406315E+00 5.866409E-01 -1.218153E-01 9.080550E-01 2.683693E-02 2.571665E-03 4.710847E+00 1.023564E+01 
1.749643E-01 5.950257E-02 3.389098E-01 1.837695E-01 -1.675313E+00 6.000000E-01 -1.426181E-01 9.045839E-01 3.013862E-02 1.077354E-03 4.536556E+00 7.171942E+00 
1.623765E-01 8.779323E-03 3.554443E-01 1.694130E-01 -1.483294E+00 6.000000E-01 -1.494888E-01 1.020797E+00 2.981496E-02 3.089376E-03 4.265818E+00 9.312661E+00 
1.771693E-01 7.009997E-03 3.575592E-01 1.781321E-01 -1.360263E+00 5.947746E-01 -1.436504E-01 9.989020E-01 2.634215E-02 0.000000E+00 4.492320E+00 9.614115E+00 
1.513326E-01 7.140662E-03 3.216521E-01 1.549748E-01 -1.365502E+00 4.758568E-01 -4.260769E-02 8.558509E-01 2.905819E-02 3.451772E-03 3.435797E+00 1.002578E+01 
1.741127E-01 5.343202E-03 3.867169E-01 1.613592E-01 -1.513238E+00 5.834804E-01 -1.893149E-01 8.948508E-01 2.903328E-02 1.082617E-03 4.479038E+00 7.309448E+00 
1.597692E-01 7.125570E-03 3.552030E-01 1.651502E-01 -1.355543E+00 5.907920E-01 -1.215304E-01 9.637306E-01 2.844718E-02 2.660154E-03 4.587112E+00 8.614221E+00 
1.594913E-01 5.027078E-03 3.420422E-01 1.741285E-01 -1.420897E+00 5.704650E-01 -1.151640E-01 9.309508E-01 3.151638E-02 1.434609E-03 4.085804E+00 9.162195E+00 
1.571014E-01 6.023254E-03 3.665794E-01 1.746613E-01 -1.495805E+00 5.766012E-01 -8.177724E-02 9.825457E-01 3.010190E-02 4.133772E-04 4.356703E+00 1.079888E+01 
1.503589E-01 2.763202E-02 3.228870E-01 1.743232E-01 -1.438352E+00 5.460564E-01 -1.545143E-01 9.667590E-01 2.678920E-02 0.000000E+00 4.364764E+00 9.463017E+00 
1.341929E-01 3.461059E-02 3.092249E-01 1.507779E-01 -1.371683E+00 5.643889E-01 -5.056639E-02 1.090622E+00 2.818354E-02 5.487245E-03 3.978197E+00 8.992807E+00 
1.663975E-01 5.398618E-03 3.602286E-01 1.753702E-01 -1.486647E+00 5.951424E-01 -1.186574E-01 9.351552E-01 3.285890E-02 1.944932E-03 3.867508E+00 9.091052E+00 
1.659366E-01 1.168370E-02 3.768816E-01 1.733377E-01 -1.349070E+00 6.000000E-01 -1.883026E-01 1.036805E+00 3.055351E-02 1.713291E-03 3.861099E+00 9.425112E+00 
1.691193E-01 5.858809E-03 3.639216E-01 1.775530E-01 -1.426967E+00 5.744542E-01 -1.032781E-01 9.386007E-01 2.826892E-02 1.757310E-03 4.125438E+00 8.345832E+00 
1.558007E-01 6.742258E-03 3.743555E-01 1.732802E-01 -1.435646E+00 5.877866E-01 -1.726854E-01 1.001383E+00 2.717587E-02 1.466860E-03 4.342535E+00 8.717955E+00 
6.368724E-02 3.395971E-02 3.434755E-01 1.647775E-01 -1.387771E+00 5.532231E-01 -9.858397E-02 1.016436E+00 2.905368E-02 6.362451E-03 4.521126E+00 9.074442E+00 
1.347503E-01 2.024955E-02 3.262349E-01 1.631630E-01 -1.050700E+00 5.474203E-01 -7.629322E-02 9.863316E-01 3.071690E-02 2.223209E-03 4.126832E+00 1.364230E+01 
1.460186E-01 5.860130E-03 3.503416E-01 1.742068E-01 -1.583525E+00 5.678523E-01 -4.878420E-02 9.715828E-01 2.675030E-02 1.714862E-03 4.491487E+00 9.819569E+00 
1.533992E-01 1.689942E-02 3.620979E-01 1.693014E-01 -1.521170E+00 6.000000E-01 -1.857350E-01 9.493115E-01 2.840702E-02 1.173340E-03 4.045315E+00 9.471330E+00 
1.600009E-01 5.951124E-03 3.376148E-01 1.741084E-01 -1.256138E+00 5.712551E-01 -7.275299E-02 9.464176E-01 3.023199E-02 1.212374E-04 4.137441E+00 8.512819E+00 
1.517992E-01 8.041756E-03 3.303667E-01 1.706074E-01 -1.429694E+00 5.928652E-01 -1.622916E-01 9.146341E-01 2.854497E-02 1.979794E-03 4.185072E+00 9.869011E+00 
1.480058E-01 8.267800E-03 3.479094E-01 1.755387E-01 -1.452344E+00 5.986989E-01 -1.080981E-01 9.720124E-01 2.894126E-02 2.338824E-03 4.398686E+00 8.959955E+00 
1.668656E-01 8.630472E-03 3.627112E-01 1.682639E-01 -1.416951E+00 5.769416E-01 -9.793222E-02 7.935135E-01 2.763998E-02 2.074356E-03 4.472121E+00 9.523004E+00 
1.594665E-01 6.006395E-03 3.657215E-01 1.765401E-01 -1.494164E+00 5.954914E-01 -1.267606E-01 9.466966E-01 2.854404E-02 1.466028E-03 4.111768E+00 8.900837E+00 
1.659191E-01 4.365107E-03 3.594821E-01 1.739067E-01 -1.458959E+00 5.833294E-01 -1.532367E-01 1.019089E+00 3.027593E-02 3.356100E-03 4.245855E+00 9.041017E+00 
1.832815E-01 4.781720E-03 3.435581E-01 1.728648E-01 -1.545509E+00 5.730176E-01 -7.292498E-02 9.038594E-01 3.175194E-02 4.622413E-04 4.446658E+00 9.035778E+00 
1.619954E-01 5.044192E-03 3.760051E-01 1.632791E-01 -1.454701E+00 5.728300E-01 -1.214767E-01 1.043489E+00 3.063979E-02 4.158776E-03 4.731349E+00 1.084225E+01 
1.546341E-01 5.149398E-02 3.522324E-01 1.343524E-01 -1.225731E+00 4.822985E-01 -1.038014E-01 9.161426E-01 3.017351E-02 5.505812E-03 4.522246E+00 1.022785E+01 
1.661648E-01 5.138409E-03 3.473803E-01 1.766254E-01 -1.312549E+00 5.736945E-01 -5.678108E-02 9.883930E-01 2.913935E-02 1.910499E-03 4.010450E+00 9.086389E+00 
1.746136E-01 6.010113E-03 3.172000E-01 1.870907E-01 -1.380922E+00 5.891768E-01 -7.366629E-02 9.304782E-01 2.575523E-02 1.447563E-03 4.368366E+00 9.901283E+00 
1.617729E-01 7.589451E-03 3.694951E-01 1.721366E-01 -1.360256E+00 5.788458E-01 -1.436114E-01 1.038882E+00 2.818860E-02 2.033718E-03 4.197225E+00 9.551410E+00 
1.213421E-01 8.911176E-02 3.442637E-01 1.620994E-01 -1.286552E+00 2.103338E-01 -8.713484E-02 1.005496E+00 2.990620E-02 8.626576E-03 3.359086E+00 8.747532E+00 
1.698389E-01 1.256479E-02 3.110763E-01 1.816605E-01 -1.463002E+00 6.000000E-01 -8.415651E-02 1.012244E+00 2.812871E-02 1.236688E-03 5.330543E+00 6.897610E+00 
1.565222E-01 7.717089E-03 3.380062E-01 1.741776E-01 -1.324791E+00 5.972657E-01 -1.024172E-01 9.474552E-01 3.012470E-02 7.537199E-04 4.196312E+00 1.057086E+01 
1.540273E-01 5.167950E-03 3.762893E-01 1.660294E-01 -1.289984E+00 5.733448E-01 -1.230184E-01 8.671271E-01 2.901788E-02 1.957389E-03 4.829954E+00 9.702976E+00 
1.593971E-01 6.562180E-03 3.530402E-01 1.733869E-01 -1.486620E+00 5.784225E-01 -1.264957E-01 8.963052E-01 2.874881E-02 1.971148E-03 4.467508E+00 9.059285E+00 
1.557050E-01 6.941263E-03 3.256898E-01 1.742885E-01 -1.465329E+00 5.926948E-01 -1.535094E-01 1.038665E+00 2.656314E-02 2.078994E-03 4.490996E+00 9.082765E+00 
1.527259E-01 5.027019E-03 3.604852E-01 1.672848E-01 -1.427425E+00 5.717361E-01 -1.041422E-01 8.288962E-01 2.839807E-02 4.676009E-04 4.749790E+00 8.566387E+00 
1.427463E-01 2.769497E-03 3.462438E-01 1.696466E-01 -1.464959E+00 5.349218E-01 -2.000000E-01 8.415041E-01 3.047965E-02 0.000000E+00 4.280992E+00 8.717056E+00 
1.591407E-01 3.848246E-03 3.586250E-01 1.679183E-01 -1.436067E+00 5.803389E-01 -1.364505E-01 7.739733E-01 3.015457E-02 2.245986E-03 5.084548E+00 1.034297E+01 
1.595537E-01 5.914511E-03 3.636328E-01 1.670307E-01 -1.387004E+00 5.748444E-01 -3.349157E-02 8.715438E-01 2.886436E-02 1.531815E-03 4.197658E+00 8.200411E+00 
1.588220E-01 1.078151E-02 3.512323E-01 1.720940E-01 -1.514559E+00 5.890521E-01 -1.801485E-01 1.014254E+00 2.939847E-02 1.117058E-03 4.787466E+00 8.580325E+00 
1.630019E-01 9.186918E-03 3.464220E-01 1.749012E-01 -1.604157E+00 5.764663E-01 -2.219483E-02 1.043987E+00 2.917780E-02 1.684152E-04 4.257318E+00 9.253833E+00 
1.639987E-01 3.232685E-02 3.233194E-01 1.655549E-01 -1.512317E+00 5.159121E-01 -1.070733E-01 1.001876E+00 2.748004E-02 8.747615E-04 4.297042E+00 8.955850E+00 
1.599461E-01 4.629393E-03 3.406578E-01 1.736918E-01 -1.423841E+00 5.823989E-01 -1.129099E-01 8.974308E-01 2.914800E-02 2.195851E-04 3.948154E+00 1.019128E+01 
1.676669E-01 4.839291E-03 3.708736E-01 1.783905E-01 -1.322919E+00 6.000000E-01 -1.600824E-01 9.174072E-01 2.803371E-02 0.000000E+00 4.257278E+00 6.906715E+00 
1.444138E-01 4.955945E-03 3.547390E-01 1.833043E-01 -1.407721E+00 5.891641E-01 -1.584695E-01 9.998967E-01 2.949720E-02 1.753095E-02 4.669863E+00 8.992914E+00 
1.509349E-01 1.371944E-02 3.008998E-01 1.604780E-01 -1.302493E+00 4.110602E-01 -6.131077E-02 1.073672E+00 3.210937E-02 8.768579E-04 3.898249E+00 1.292298E+01 
1.802289E-01 1.000000E-04 3.193680E-01 1.677896E-01 -1.400259E+00 4.760392E-01 -4.685437E-02 9.942038E-01 3.104570E-02 1.796054E-03 3.900517E+00 1.188413E+01 
1.587481E-01 5.138541E-03 3.565838E-01 1.705842E-01 -1.381273E+00 5.896391E-01 -5.038564E-02 9.705466E-01 3.024251E-02 2.350256E-03 3.863266E+00 8.736073E+00 
1.339945E-01 3.465127E-03 3.475806E-01 1.581586E-01 -1.513409E+00 5.860331E-01 -1.121403E-01 9.357248E-01 3.241482E-02 2.056694E-03 4.160773E+00 1.029816E+01 
1.582388E-01 7.716061E-03 3.533319E-01 1.736071E-01 -1.429987E+00 5.502402E-01 -2.564917E-02 8.782888E-01 2.972929E-02 1.618045E-03 4.083149E+00 9.862584E+00 
1.757348E-01 3.405813E-03 3.541932E-01 1.734559E-01 -1.466521E+00 6.000000E-01 -1.552064E-01 9.516298E-01 2.668170E-02 4.706674E-03 4.616009E+00 8.646631E+00 
1.769256E-01 1.000000E-04 3.632681E-01 1.900950E-01 -1.454259E+00 5.814682E-01 -7.894054E-02 1.095272E+00 2.730032E-02 6.394801E-03 3.392336E+00 8.813254E+00 
1.633853E-01 9.403615E-03 3.679274E-01 1.713203E-01 -1.320326E+00 3.375771E-01 -8.442462E-02 9.093804E-01 3.994754E-02 3.154900E-03 3.873105E+00 7.748379E+00 
1.742412E-01 3.966383E-03 3.241462E-01 1.726375E-01 -1.462702E+00 5.829856E-01 -1.777359E-01 9.745566E-01 2.850888E-02 2.458596E-04 4.620864E+00 8.742657E+00 
1.351630E-01 1.058961E-02 3.691469E-01 1.703046E-01 -1.252627E+00 5.816181E-01 -1.187388E-01 1.068338E+00 2.789685E-02 3.168476E-03 4.366327E+00 9.447946E+00 
4.793383E-02 4.198125E-02 3.431803E-01 1.684683E-01 -1.643925E+00 5.615702E-01 -6.553634E-02 9.403807E-01 2.908541E-02 3.297196E-03 2.778106E+00 1.049332E+01 
1.658988E-01 7.559087E-03 3.356047E-01 1.778138E-01 -1.490769E+00 5.815455E-01 -1.366354E-01 1.034061E+00 2.983338E-02 8.605972E-04 4.031886E+00 7.742600E+00 
1.638467E-01 5.609129E-03 3.530340E-01 1.771732E-01 -1.318935E+00 5.807626E-01 -1.066010E-01 8.755486E-01 2.808280E-02 1.220829E-03 4.129493E+00 9.037744E+00 
1.672286E-01 6.205389E-03 3.436892E-01 1.774871E-01 -1.497464E+00 5.720777E-01 -1.161959E-01 8.548795E-01 3.127556E-02 2.249616E-03 4.361190E+00 9.401475E+00 
9.930167E-02 1.995241E-02 3.284566E-01 1.562985E-01 -1.407643E+00 4.215535E-01 -9.342995E-02 9.139349E-01 3.280431E-02 3.474047E-03 1.886832E+00 1.121539E+01 
1.462919E-01 9.905389E-03 3.410611E-01 1.728554E-01 -1.480795E+00 5.878259E-01 -1.322686E-01 9.635672E-01 3.019142E-02 2.727639E-03 4.801236E+00 8.481182E+00 
1.538187E-01 1.258550E-03 3.291639E-01 1.724669E-01 -1.168255E+00 5.897770E-01 -1.462727E-01 1.156811E+00 2.974578E-02 1.545869E-03 4.249412E+00 9.304265E+00 
1.401646E-01 1.698240E-02 3.593167E-01 1.673420E-01 -1.384025E+00 4.968302E-01 -1.142871E-01 9.543585E-01 3.187130E-02 6.017587E-03 4.444680E+00 8.157241E+00 
1.716252E-01 7.731036E-03 3.482580E-01 1.748890E-01 -1.434613E+00 5.918789E-01 -7.921248E-02 9.775421E-01 2.911737E-02 3.038593E-03 4.232160E+00 8.373329E+00 
1.616399E-01 1.061757E-02 3.554302E-01 1.758743E-01 -1.369172E+00 5.788627E-01 -1.430778E-01 9.412967E-01 2.730597E-02 2.504371E-03 4.856652E+00 9.619083E+00 
1.594365E-01 9.350687E-03 3.476817E-01 1.784329E-01 -1.551069E+00 5.612487E-01 -6.412739E-02 1.029348E+00 3.134818E-02 2.067362E-03 4.330123E+00 8.331699E+00 
2.000000E-01 4.590611E-03 3.680189E-01 1.884150E-01 -1.311241E+00 5.868592E-01 -1.226435E-01 1.093885E+00 2.572411E-02 5.200075E-04 5.187147E+00 1.032298E+01 
9.622710E-02 1.357954E-02 3.170936E-01 1.730298E-01 -1.193160E+00 5.183796E-01 -9.123691E-02 9.866036E-01 3.145271E-02 1.634006E-03 3.806563E+00 1.281368E+01 
1.615917E-01 8.576050E-03 3.571662E-01 1.726559E-01 -1.389355E+00 5.669593E-01 -9.946048E-02 9.061679E-01 2.910266E-02 1.987635E-03 4.789526E+00 9.129639E+00 
1.447055E-01 8.395934E-03 3.416047E-01 1.721725E-01 -1.393364E+00 5.664022E-01 -8.107193E-02 9.466301E-01 2.821953E-02 1.842042E-03 4.227002E+00 9.984692E+00 
1.588396E-01 7.943230E-03 3.523081E-01 1.737383E-01 -1.373532E+00 5.783729E-01 -3.423812E-02 9.031693E-01 3.104515E-02 1.228268E-03 3.795968E+00 1.003812E+01 
1.671507E-01 1.280945E-03 3.535013E-01 1.732112E-01 -1.418765E+00 5.933332E-01 -8.587967E-02 9.595324E-01 2.926405E-02 1.045520E-03 4.210688E+00 8.964542E+00 
1.681308E-01 1.142841E-02 3.627333E-01 1.745790E-01 -1.370445E+00 5.857236E-01 -1.228400E-02 9.211225E-01 2.819592E-02 1.987186E-03 4.388187E+00 9.618963E+00 
1.528406E-01 7.589054E-03 3.335007E-01 1.759004E-01 -1.265583E+00 5.598954E-01 -4.925187E-02 9.873930E-01 2.881293E-02 1.400508E-03 4.647990E+00 1.006685E+01 
1.595110E-01 1.116684E-02 3.652811E-01 1.701726E-01 -1.350304E+00 5.445612E-01 -9.765536E-02 8.600811E-01 2.819766E-02 5.024138E-03 4.740938E+00 9.339030E+00 
1.427491E-01 5.692321E-03 3.634208E-01 1.693443E-01 -1.547799E+00 5.682567E-01 -7.129375E-02 9.947818E-01 2.851749E-02 1.540394E-03 4.270193E+00 8.637732E+00 
1.600367E-01 9.642822E-03 3.489045E-01 1.787784E-01 -1.514511E+00 5.799046E-01 -1.616682E-01 9.373865E-01 2.653538E-02 1.763622E-03 4.201737E+00 8.989972E+00 
1.536808E-01 1.179591E-02 3.448634E-01 1.746728E-01 -1.498892E+00 5.342373E-01 -1.565728E-01 8.342668E-01 3.687840E-02 2.538636E-03 3.941019E+00 9.435717E+00 
1.677541E-01 8.076403E-03 3.632488E-01 1.717964E-01 -1.409991E+00 5.903459E-01 -4.110362E-02 9.038970E-01 2.954709E-02 2.133926E-03 4.302485E+00 8.832928E+00 
1.575733E-01 8.972937E-03 3.281191E-01 1.710934E-01 -1.390026E+00 4.974591E-01 -5.510434E-02 9.472173E-01 2.671882E-02 1.265761E-03 4.434715E+00 1.019491E+01 
1.793140E-01 7.423129E-03 3.398847E-01 1.821512E-01 -1.427648E+00 5.992037E-01 -1.052425E-01 8.779236E-01 2.832125E-02 8.098314E-04 4.528317E+00 9.462221E+00 
1.574898E-01 7.937989E-03 3.328354E-01 1.797828E-01 -1.508267E+00 5.547421E-01 -8.281308E-02 9.598594E-01 3.027764E-02 1.710057E-03 4.275866E+00 9.465206E+00 
1.490223E-01 6.676559E-03 3.588332E-01 1.642791E-01 -1.427559E+00 5.796230E-01 -1.331218E-01 8.265581E-01 2.638728E-02 5.727807E-04 4.318184E+00 9.837429E+00 
1.590627E-01 5.429831E-03 3.485583E-01 1.725171E-01 -1.581079E+00 5.548911E-01 -6.424352E-02 8.679328E-01 2.780207E-02 1.199590E-03 4.021438E+00 8.320303E+00 
1.522759E-01 1.132645E-02 3.537252E-01 1.673401E-01 -1.328232E+00 5.620953E-01 -4.764702E-02 9.904482E-01 2.770311E-02 1.674329E-03 4.365405E+00 9.313476E+00 
1.575701E-01 5.156530E-03 3.504523E-01 1.718107E-01 -1.386515E+00 5.869723E-01 -4.876834E-02 9.715592E-01 2.688956E-02 2.128339E-03 4.116573E+00 9.152016E+00 
5.191319E-02 1.869524E-02 3.172853E-01 1.676003E-01 -1.329184E+00 3.345972E-01 -1.594345E-01 1.074615E+00 2.397905E-02 4.221277E-03 4.028523E+00 8.887453E+00 
1.633912E-01 6.242257E-03 3.659447E-01 1.716595E-01 -1.217811E+00 5.753020E-01 -1.278727E-01 9.587584E-01 2.761004E-02 8.616392E-04 4.774764E+00 9.106798E+00 
1.529521E-01 7.260846E-03 3.483015E-01 1.689174E-01 -1.471554E+00 5.508337E-01 -8.086964E-02 9.084565E-01 2.928450E-02 2.396326E-03 3.815902E+00 8.751331E+00 
6.861604E-02 1.408740E-02 3.465717E-01 1.713686E-01 -1.604499E+00 6.000000E-01 -1.334319E-01 9.298592E-01 2.630494E-02 1.419968E-03 4.062682E+00 1.005499E+01 
1.637898E-01 9.457251E-03 3.562100E-01 1.735457E-01 -1.358188E+00 5.348230E-01 -4.650321E-02 8.356718E-01 2.965548E-02 1.383843E-03 4.515162E+00 1.110315E+01 
1.714285E-01 6.858759E-03 3.621552E-01 1.738899E-01 -1.478922E+00 5.909763E-01 -7.082312E-02 9.116486E-01 2.979008E-02 2.482245E-03 4.463803E+00 9.870434E+00 
1.656448E-01 6.783397E-03 3.633018E-01 1.721023E-01 -1.493513E+00 5.776149E-01 -1.218568E-01 9.516524E-01 3.482426E-02 3.535968E-04 4.128698E+00 8.472874E+00 
1.616072E-01 9.285049E-03 3.841786E-01 1.741715E-01 -1.417978E+00 4.895737E-01 -1.206305E-02 9.830253E-01 3.128148E-02 1.860619E-03 3.979561E+00 9.320260E+00 
1.714038E-01 6.874101E-03 3.464228E-01 1.759760E-01 -1.462725E+00 5.750094E-01 -6.456269E-02 8.808238E-01 2.867082E-02 1.360923E-03 4.075786E+00 9.351825E+00 
1.731594E-01 3.219877E-03 3.560891E-01 1.694112E-01 -1.496593E+00 5.971212E-01 -1.549852E-01 8.633060E-01 2.732965E-02 1.518207E-03 4.135153E+00 9.096535E+00 
1.599260E-01 7.904907E-03 3.614210E-01 1.729464E-01 -1.452053E+00 5.290720E-01 -3.774776E-02 1.026568E+00 2.447045E-02 3.319173E-03 4.262353E+00 9.971289E+00 
1.730074E-01 7.302774E-03 3.488377E-01 1.724737E-01 -1.407799E+00 5.982174E-01 -1.031262E-01 9.762175E-01 2.749259E-02 1.072227E-03 4.278589E+00 9.029653E+00 
1.499134E-01 1.042906E-02 3.577439E-01 1.728942E-01 -1.471621E+00 5.371843E-01 -2.749313E-02 9.730883E-01 2.642565E-02 1.204640E-03 4.288655E+00 9.607222E+00 
1.569341E-01 4.025503E-03 3.566769E-01 1.729075E-01 -1.475417E+00 5.752589E-01 -1.264565E-01 1.002774E+00 2.679763E-02 3.005577E-03 4.207919E+00 9.023573E+00 
1.625515E-01 5.365331E-03 3.677868E-01 1.708632E-01 -1.514221E+00 5.906553E-01 -1.081416E-01 9.405003E-01 2.676733E-02 2.042681E-03 3.837525E+00 9.310938E+00 
1.979929E-01 3.521262E-03 3.612572E-01 1.806064E-01 -1.453565E+00 6.000000E-01 -1.234211E-01 1.072671E+00 2.815133E-02 1.324957E-03 4.539751E+00 8.402880E+00 
1.712701E-01 1.000000E-04 3.413982E-01 1.752167E-01 -1.479974E+00 6.000000E-01 -1.701195E-01 9.368128E-01 2.575919E-02 2.851887E-04 4.349030E+00 1.033552E+01 
1.864934E-01 1.076368E-02 3.547819E-01 1.696893E-01 -1.246962E+00 5.889247E-01 -1.129839E-01 9.813488E-01 3.073525E-02 3.286877E-03 4.075568E+00 6.642215E+00 
1.627322E-01 5.718419E-03 3.526843E-01 1.704317E-01 -1.647005E+00 5.593308E-01 -1.284649E-01 1.033888E+00 3.181816E-02 5.034648E-03 4.246216E+00 9.086964E+00 
1.690434E-01 6.698190E-03 3.399202E-01 1.826236E-01 -1.522440E+00 5.873230E-01 -1.170225E-01 8.888530E-01 2.801018E-02 2.179935E-03 4.220837E+00 1.005272E+01 
1.466600E-01 1.602586E-02 3.556053E-01 1.764362E-01 -1.421801E+00 4.637588E-01 -7.086349E-02 9.668363E-01 2.775704E-02 5.459233E-03 4.449931E+00 8.580049E+00 
1.594226E-01 4.585242E-03 3.665131E-01 1.699348E-01 -1.530540E+00 5.880855E-01 -3.402820E-02 1.055391E+00 2.908305E-02 2.203007E-03 4.221167E+00 6.841751E+00 
1.674253E-01 8.663379E-03 3.400099E-01 1.725861E-01 -1.462923E+00 5.974117E-01 -7.472254E-02 9.884607E-01 3.084762E-02 5.603829E-04 4.412384E+00 8.998869E+00 
8.137001E-02 6.323654E-02 3.393850E-01 1.674319E-01 -1.492817E+00 3.707194E-01 -7.929043E-02 1.024474E+00 4.476281E-02 7.779670E-03 4.886559E+00 8.680830E+00 
1.754385E-01 1.855621E-02 3.606440E-01 1.821034E-01 -1.568517E+00 3.400816E-01 -1.689439E-02 9.372905E-01 2.844023E-02 2.808338E-04 4.550834E+00 1.015876E+01 
1.727586E-01 8.339046E-03 3.400818E-01 1.767571E-01 -1.635592E+00 5.796852E-01 -1.038619E-01 9.601564E-01 2.694297E-02 1.442211E-03 4.257329E+00 8.648650E+00 
1.552149E-01 7.494579E-03 3.411675E-01 1.705216E-01 -1.231932E+00 5.566762E-01 -5.036272E-02 9.516872E-01 2.991528E-02 2.314523E-03 4.268219E+00 7.819225E+00 
1.601751E-01 4.658916E-03 3.595423E-01 1.834820E-01 -1.471263E+00 5.713235E-01 -9.446819E-02 8.598109E-01 2.976768E-02 1.861474E-03 4.070334E+00 8.648832E+00 
1.867275E-01 8.890864E-03 3.735414E-01 1.768675E-01 -1.456783E+00 5.805374E-01 -1.253832E-01 8.669900E-01 3.184021E-02 1.946714E-03 4.189631E+00 8.671980E+00 
1.609590E-01 5.934723E-03 3.531278E-01 1.763370E-01 -1.472717E+00 5.891305E-01 -1.599428E-01 9.016202E-01 2.862832E-02 1.081150E-03 4.171463E+00 8.939824E+00 
1.622658E-01 1.291168E-02 3.353758E-01 1.701317E-01 -1.626786E+00 5.936726E-01 -9.942578E-02 9.517027E-01 2.757094E-02 1.487362E-03 4.421235E+00 7.025646E+00 
1.248581E-01 1.471965E-02 3.426476E-01 1.488784E-01 -1.434361E+00 5.607990E-01 -1.029105E-01 9.863364E-01 2.878749E-02 2.593977E-03 2.783305E+00 9.042819E+00 
1.453633E-01 4.793833E-03 3.382723E-01 1.729922E-01 -1.565448E+00 5.242526E-01 -4.806020E-02 9.825891E-01 2.784282E-02 3.042445E-03 4.246001E+00 8.499082E+00 
1.485556E-01 9.692926E-03 3.381147E-01 1.709668E-01 -1.416511E+00 5.685503E-01 -1.039087E-01 9.155441E-01 2.928619E-02 2.061251E-03 4.133233E+00 9.298289E+00 
1.730659E-01 5.354779E-03 3.670773E-01 1.747488E-01 -1.509372E+00 5.886608E-01 -9.805906E-02 8.920703E-01 3.059965E-02 1.266861E-03 4.207129E+00 9.179034E+00 
1.582930E-01 5.387065E-03 3.567373E-01 1.718934E-01 -1.338219E+00 5.398749E-01 -6.375585E-02 9.099011E-01 3.004986E-02 1.743235E-03 4.576748E+00 9.586163E+00 
1.709542E-01 9.332218E-03 3.420141E-01 1.802907E-01 -1.495843E+00 5.823511E-01 -1.057802E-01 1.057164E+00 4.389311E-02 2.030360E-03 4.094146E+00 9.349008E+00 
1.651238E-01 6.771796E-03 3.519414E-01 1.772291E-01 -1.451924E+00 5.942851E-01 -7.239665E-02 9.043416E-01 2.741404E-02 1.589262E-03 4.102552E+00 9.789950E+00 
1.585666E-01 1.423727E-02 3.261860E-01 1.710106E-01 -1.406973E+00 5.690523E-01 -1.108204E-01 9.647341E-01 3.190657E-02 1.584898E-03 4.355084E+00 9.149493E+00 
1.012953E-01 9.648466E-03 3.377958E-01 1.717395E-01 -1.356832E+00 5.400970E-01 -6.224124E-02 9.106862E-01 3.583938E-02 2.844730E-03 3.516744E+00 9.554114E+00 
1.614052E-01 1.903204E-02 3.679566E-01 1.643548E-01 -1.513022E+00 5.028073E-01 -8.218762E-02 9.292047E-01 2.948026E-02 0.000000E+00 4.027878E+00 6.775924E+00 
1.268577E-01 1.000000E-04 3.641660E-01 1.792783E-01 -1.356780E+00 5.838597E-01 -1.113396E-01 9.378069E-01 2.994954E-02 7.520209E-04 4.547189E+00 8.601740E+00 
1.603304E-01 1.154329E-02 3.543434E-01 1.720845E-01 -1.523671E+00 5.801866E-01 -9.922928E-02 9.042514E-01 2.948667E-02 1.580841E-03 4.362246E+00 9.921947E+00 
1.444845E-01 5.469433E-03 3.785875E-01 1.688065E-01 -1.477269E+00 5.195042E-01 -1.210148E-01 1.075850E+00 2.993180E-02 5.908186E-03 4.379233E+00 9.289960E+00 
1.589964E-01 3.578377E-03 3.473494E-01 1.703075E-01 -1.414556E+00 5.667483E-01 -1.164149E-01 9.024570E-01 3.393652E-02 2.116954E-03 4.584656E+00 9.326548E+00 
1.754613E-01 6.660287E-03 3.526024E-01 1.730420E-01 -1.435003E+00 5.586786E-01 -1.125041E-01 9.292233E-01 2.966648E-02 3.570362E-03 3.256538E+00 8.753154E+00 
1.629755E-01 1.154279E-02 3.394388E-01 1.791963E-01 -1.464935E+00 5.784583E-01 -9.923625E-02 9.221631E-01 2.898215E-02 8.938952E-04 4.608903E+00 8.144039E+00 
1.369904E-01 6.087277E-03 3.598895E-01 1.669434E-01 -1.410939E+00 5.761328E-01 -1.335867E-01 9.738412E-01 3.000819E-02 2.239665E-03 4.128261E+00 9.755572E+00 
1.599048E-01 3.718502E-03 3.553897E-01 1.740642E-01 -1.432154E+00 5.936573E-01 -7.253668E-02 1.008889E+00 2.876738E-02 1.518652E-03 4.376941E+00 8.878530E+00 
1.626319E-01 9.016705E-03 3.645749E-01 1.767656E-01 -1.457959E+00 5.899066E-01 -1.780662E-01 9.055166E-01 3.165241E-02 1.703669E-03 4.388406E+00 8.728229E+00 
1.640426E-01 6.217131E-03 3.466676E-01 1.734719E-01 -1.417506E+00 5.917063E-01 -1.115857E-01 9.468598E-01 3.103787E-02 2.024399E-03 4.192720E+00 1.053795E+01 
1.643956E-01 1.249770E-02 3.527049E-01 1.743774E-01 -1.306900E+00 5.890108E-01 -1.199435E-01 1.024666E+00 3.136455E-02 2.389443E-03 3.895777E+00 8.530854E+00 
1.600794E-01 7.556289E-03 3.562936E-01 1.754990E-01 -1.455664E+00 5.794510E-01 -1.109566E-01 1.068418E+00 2.749837E-02 2.041282E-03 4.319137E+00 9.722591E+00 
1.262999E-01 3.176409E-03 3.479355E-01 1.666991E-01 -1.646659E+00 4.843439E-01 -1.299387E-01 9.062700E-01 3.040572E-02 4.995176E-04 4.107856E+00 8.192534E+00 
1.456652E-01 5.407128E-03 3.388253E-01 1.708228E-01 -1.356444E+00 5.827389E-01 -7.686721E-02 1.000829E+00 2.932234E-02 2.179271E-03 4.109008E+00 8.699061E+00 
1.609096E-01 2.274397E-03 3.477443E-01 1.728993E-01 -1.465315E+00 5.531068E-01 -7.924638E-02 9.087911E-01 2.951122E-02 1.287924E-03 4.348024E+00 8.587237E+00 
1.580169E-01 6.683941E-03 3.538995E-01 1.753894E-01 -1.515454E+00 5.751267E-01 -1.203018E-01 1.043044E+00 2.763697E-02 2.985615E-03 4.479147E+00 1.048367E+01 
1.590135E-01 5.689770E-03 3.507349E-01 1.740443E-01 -1.547801E+00 5.912783E-01 -7.909379E-02 9.572467E-01 2.925353E-02 1.237140E-03 4.133459E+00 9.354415E+00 
1.601685E-01 5.087908E-03 3.482207E-01 1.724362E-01 -1.517999E+00 5.757107E-01 -8.844953E-02 8.625306E-01 2.990006E-02 1.630698E-03 4.168710E+00 9.878767E+00 
1.712290E-01 1.130106E-02 3.505106E-01 1.799547E-01 -1.354647E+00 5.663920E-01 -7.716808E-02 9.805957E-01 3.190122E-02 2.931107E-03 4.486511E+00 9.172157E+00 
1.451270E-01 6.932809E-03 3.547988E-01 1.761491E-01 -1.479005E+00 5.660375E-01 -1.081221E-01 8.766886E-01 2.862744E-02 3.369989E-03 4.295697E+00 7.632274E+00 
1.024437E-01 5.871460E-03 3.394849E-01 1.805532E-01 -1.505043E+00 6.000000E-01 -1.656282E-01 9.804437E-01 3.059870E-02 7.733535E-05 4.052407E+00 9.367422E+00 
1.545898E-01 6.754214E-03 3.583356E-01 1.698374E-01 -1.306368E+00 5.800615E-01 -4.271421E-02 9.096013E-01 2.924746E-02 1.771445E-03 4.115890E+00 8.119120E+00 
1.628660E-01 1.027924E-02 3.320927E-01 1.691283E-01 -1.552475E+00 5.954993E-01 -1.777093E-01 9.275761E-01 2.376240E-02 2.681765E-03 4.096412E+00 8.359078E+00 
1.585768E-01 8.981806E-03 3.427481E-01 1.730919E-01 -1.418083E+00 5.900367E-01 -1.116649E-01 9.061261E-01 2.862990E-02 2.651536E-03 4.649042E+00 9.385368E+00 
1.546913E-01 5.670663E-03 3.434600E-01 1.795465E-01 -1.685048E+00 5.656392E-01 -7.450062E-02 9.348789E-01 2.813917E-02 1.301465E-03 4.154094E+00 8.908131E+00 
2.000000E-01 1.000000E-04 3.826182E-01 1.736620E-01 -1.541291E+00 6.000000E-01 -1.268564E-01 8.684112E-01 2.860480E-02 2.012222E-03 4.841755E+00 9.470849E+00 
1.580034E-01 7.125222E-03 4.237578E-01 1.780944E-01 -1.406394E+00 5.996762E-01 -1.516012E-01 8.992952E-01 2.799340E-02 1.488370E-03 4.476998E+00 8.769839E+00 
6.118449E-02 1.058953E-01 3.119182E-01 1.607236E-01 -1.222814E+00 5.782750E-01 -9.027170E-02 9.809269E-01 2.715724E-02 7.336887E-03 3.815519E+00 7.120684E+00 
1.810503E-01 9.173735E-03 3.349752E-01 1.823422E-01 -1.565030E+00 5.927504E-01 -1.047133E-01 9.937254E-01 3.035227E-02 3.733477E-04 4.185802E+00 9.261326E+00 
1.531067E-01 8.140518E-03 3.399364E-01 1.681399E-01 -1.457679E+00 5.896911E-01 -1.468960E-01 8.513119E-01 2.333436E-02 1.340187E-03 4.171202E+00 9.581561E+00 
1.752980E-01 9.158578E-03 3.398436E-01 1.804548E-01 -1.394780E+00 5.838524E-01 -1.479116E-01 9.579774E-01 2.808515E-02 3.139336E-03 3.835383E+00 8.582633E+00 
1.540237E-01 1.050498E-02 3.292863E-01 1.822697E-01 -1.452181E+00 5.846769E-01 -1.334469E-01 8.542800E-01 2.953954E-02 2.648718E-04 4.452813E+00 8.693709E+00 
9.072847E-02 1.517751E-02 3.404710E-01 1.743314E-01 -1.438981E+00 5.705094E-01 -1.184683E-01 9.759191E-01 3.058451E-02 1.619046E-03 4.409418E+00 9.430801E+00 
1.027233E-01 3.144886E-02 3.575511E-01 1.729630E-01 -1.372899E+00 5.434298E-01 -1.280558E-01 9.159916E-01 3.161742E-02 6.972208E-03 4.922626E+00 6.021382E+00 
1.718361E-01 3.923357E-03 3.453008E-01 1.757906E-01 -1.578414E+00 5.853407E-01 -5.891664E-02 9.982485E-01 2.753738E-02 0.000000E+00 4.414363E+00 8.280443E+00 
1.586558E-01 1.241470E-02 3.406061E-01 1.801354E-01 -1.502132E+00 5.745910E-01 -1.305037E-01 1.074484E+00 2.702598E-02 1.350962E-03 4.486515E+00 1.081386E+01 
9.921896E-02 3.356806E-02 3.402671E-01 1.419636E-01 -1.371740E+00 5.807703E-01 -6.064120E-02 9.586936E-01 2.650496E-02 8.920854E-04 3.697587E+00 9.359049E+00 
1.579291E-01 7.564440E-03 3.602269E-01 1.716421E-01 -1.248792E+00 5.915847E-01 -9.654598E-02 9.468224E-01 2.972822E-02 2.486742E-03 3.582415E+00 8.939783E+00 
1.436824E-01 1.030205E-02 3.593505E-01 1.740413E-01 -1.370646E+00 5.992028E-01 -1.240896E-01 8.900172E-01 2.711626E-02 2.750373E-03 3.833425E+00 1.007573E+01 
1.595020E-01 7.348351E-03 3.659687E-01 1.632194E-01 -1.659383E+00 5.871467E-01 -1.000835E-01 1.005570E+00 2.944555E-02 5.137806E-03 4.374693E+00 9.752821E+00 
1.599072E-01 8.494820E-03 3.639031E-01 1.750637E-01 -1.379091E+00 5.733352E-01 -6.738824E-02 1.067715E+00 2.990544E-02 8.062986E-03 4.036517E+00 9.015458E+00 
1.642446E-01 4.544839E-03 3.604649E-01 1.758340E-01 -1.440562E+00 5.776851E-01 -7.221997E-02 9.126151E-01 2.901618E-02 3.026770E-03 4.502105E+00 9.635549E+00 
1.793084E-01 1.071166E-02 3.397890E-01 1.710434E-01 -1.403017E+00 4.949812E-01 -9.680505E-02 9.275803E-01 2.659514E-02 9.099874E-03 3.767196E+00 8.743413E+00 
1.631408E-01 8.116233E-03 3.569572E-01 1.734873E-01 -1.416207E+00 5.758886E-01 -1.339573E-01 8.674160E-01 3.123652E-02 4.209353E-03 4.325257E+00 9.255592E+00 
1.670405E-01 6.266831E-03 3.605968E-01 1.754484E-01 -1.470247E+00 5.929420E-01 -3.550180E-02 9.371130E-01 2.728348E-02 3.859864E-03 4.144508E+00 8.899049E+00 
1.609670E-01 7.448119E-03 3.561083E-01 1.754798E-01 -1.312658E+00 5.862588E-01 -1.051208E-01 9.433575E-01 2.872952E-02 2.872477E-03 4.302802E+00 8.336500E+00 
1.676690E-01 5.034682E-03 3.561592E-01 1.727993E-01 -1.319283E+00 5.658915E-01 -1.010977E-01 8.520410E-01 3.109771E-02 3.361541E-03 3.741772E+00 9.318309E+00 
1.477903E-01 7.914361E-03 3.416130E-01 1.693827E-01 -1.451787E+00 5.856181E-01 -7.500860E-02 9.370178E-01 3.029221E-02 7.574029E-04 4.092912E+00 8.308420E+00 
1.607400E-01 8.273393E-03 3.580852E-01 1.716628E-01 -1.343623E+00 5.608017E-01 -7.043531E-02 1.064079E+00 2.964446E-02 1.882013E-03 4.460530E+00 1.014383E+01 
1.691201E-01 3.210552E-03 3.552737E-01 1.744993E-01 -1.540107E+00 5.773253E-01 -1.419233E-01 9.849534E-01 3.005407E-02 2.247593E-03 4.028046E+00 9.094448E+00 
1.579969E-01 7.253112E-03 3.677422E-01 1.727624E-01 -1.458394E+00 5.979792E-01 -1.701279E-01 9.214614E-01 3.067448E-02 2.717018E-03 4.564139E+00 9.763783E+00 
1.655625E-01 4.558990E-03 3.531190E-01 1.771458E-01 -1.490778E+00 5.724300E-01 -8.946743E-02 9.282887E-01 2.657102E-02 7.713174E-04 4.238500E+00 9.452087E+00 
1.686512E-01 3.279620E-02 3.832191E-01 1.534219E-01 -1.310593E+00 5.272343E-01 -9.111444E-02 9.038947E-01 2.893670E-02 3.207851E-03 4.499711E+00 1.055386E+01 
1.134781E-01 7.619999E-02 3.503409E-01 1.676017E-01 -1.318898E+00 2.951641E-01 -9.142142E-02 9.767994E-01 2.895757E-02 2.236122E-03 3.706634E+00 8.596336E+00 
1.335667E-01 8.030782E-03 3.495254E-01 1.635070E-01 -1.471527E+00 5.431625E-01 -1.137358E-01 9.020260E-01 2.733892E-02 2.451939E-03 4.156880E+00 1.021863E+01 
1.624875E-01 5.168766E-03 3.427789E-01 1.751205E-01 -1.399400E+00 5.514641E-01 -5.259412E-02 9.179141E-01 2.844949E-02 2.079671E-03 4.228930E+00 9.722795E+00 
1.226915E-01 4.904123E-02 3.306709E-01 1.385079E-01 -1.412435E+00 5.780409E-01 -5.606312E-02 1.001170E+00 3.802088E-02 8.486261E-04 4.174017E+00 1.456754E+01 
1.825693E-01 7.438690E-03 3.459351E-01 1.742423E-01 -1.401710E+00 5.796565E-01 -1.048702E-01 9.132969E-01 2.701848E-02 1.890236E-03 4.094810E+00 9.491878E+00 
1.707963E-01 3.682069E-03 3.614321E-01 1.762865E-01 -1.460013E+00 6.000000E-01 -7.537808E-02 9.562960E-01 3.276486E-02 2.523289E-03 4.273529E+00 8.235420E+00 
1.592034E-01 5.298622E-03 3.549823E-01 1.757551E-01 -1.422734E+00 6.000000E-01 -1.698486E-01 9.110935E-01 2.630674E-02 2.043224E-04 3.985067E+00 9.717557E+00 
1.610892E-01 3.190210E-03 3.324091E-01 1.714865E-01 -1.478207E+00 5.839475E-01 -7.390849E-02 9.106688E-01 3.042776E-02 2.306630E-03 4.266626E+00 9.684819E+00 
1.855642E-01 6.776097E-03 3.381560E-01 1.782840E-01 -1.455676E+00 5.898039E-01 -1.459021E-01 8.881954E-01 2.877381E-02 3.281058E-03 4.110165E+00 1.062337E+01 
1.565757E-01 3.154482E-03 3.672049E-01 1.742347E-01 -1.429611E+00 5.710463E-01 -7.037023E-02 9.437460E-01 2.870896E-02 1.614905E-03 4.463466E+00 8.706401E+00 
1.536394E-01 8.710338E-03 3.598994E-01 1.771831E-01 -1.474041E+00 5.846571E-01 -1.181134E-01 9.091199E-01 2.988574E-02 1.103070E-03 4.254796E+00 9.829016E+00 
1.446182E-01 4.496919E-03 3.590297E-01 1.614877E-01 -1.416292E+00 5.944672E-01 -1.216309E-01 9.845516E-01 2.874296E-02 6.113055E-03 4.226281E+00 6.776329E+00 
1.500527E-01 6.607045E-03 3.543565E-01 1.722213E-01 -1.466979E+00 5.596712E-01 -1.075785E-01 9.234476E-01 2.739557E-02 1.303722E-03 4.441841E+00 9.794815E+00 
1.795852E-01 7.670770E-03 3.501598E-01 1.736247E-01 -1.489990E+00 5.761020E-01 -6.962065E-02 9.161097E-01 3.173329E-02 1.714520E-03 4.192846E+00 9.346173E+00 
1.511901E-01 6.817863E-03 3.564859E-01 1.701217E-01 -1.362912E+00 5.823960E-01 -1.111762E-01 9.381579E-01 2.937124E-02 2.889613E-03 4.029989E+00 9.631848E+00 
1.831640E-01 9.305612E-03 3.415751E-01 1.705475E-01 -1.390633E+00 5.734982E-01 -1.038011E-01 8.881819E-01 3.107382E-02 0.000000E+00 3.678908E+00 1.054239E+01 
1.670767E-01 4.937985E-03 3.465388E-01 1.748382E-01 -1.381465E+00 5.779192E-01 -7.013944E-02 9.126708E-01 2.931987E-02 2.685650E-03 4.019519E+00 1.023426E+01 
1.489204E-01 4.620790E-03 3.306990E-01 1.708297E-01 -1.439291E+00 5.858130E-01 -7.232446E-02 8.861985E-01 2.849892E-02 3.190760E-03 3.986028E+00 9.688380E+00 
1.633212E-01 5.784032E-03 3.469912E-01 1.750367E-01 -1.518546E+00 5.730143E-01 -7.272183E-02 9.180736E-01 2.916184E-02 1.244341E-03 4.084433E+00 8.664916E+00 
1.205593E-01 1.214530E-02 3.506438E-01 1.713045E-01 -1.343804E+00 5.051907E-01 -9.720038E-02 8.655604E-01 3.522310E-02 1.291391E-03 3.588842E+00 9.918124E+00 
1.548897E-01 7.889745E-03 3.669406E-01 1.759216E-01 -1.421377E+00 5.678660E-01 -3.870823E-02 9.216387E-01 2.759890E-02 5.230975E-04 4.690351E+00 9.743336E+00 
1.181731E-01 3.781761E-03 3.345270E-01 1.542676E-01 -1.095511E+00 4.728939E-01 -1.541270E-01 9.608455E-01 3.061507E-02 1.246647E-02 4.540381E+00 7.803799E+00 
1.710319E-01 7.513037E-03 3.471591E-01 1.771247E-01 -1.423556E+00 5.342069E-01 -6.386977E-02 9.691947E-01 2.707781E-02 0.000000E+00 4.196827E+00 9.545523E+00 
1.630948E-01 7.951680E-03 3.416134E-01 1.707250E-01 -1.392284E+00 5.378423E-01 -1.196617E-01 9.363751E-01 2.745191E-02 3.775671E-03 4.450436E+00 9.598623E+00 
1.707244E-01 5.238656E-03 3.445129E-01 1.743659E-01 -1.605781E+00 5.832771E-01 -1.078780E-01 9.898516E-01 3.023453E-02 1.936735E-03 4.076244E+00 9.820017E+00 
1.469884E-01 8.170489E-03 3.223489E-01 1.679685E-01 -1.462840E+00 5.879166E-01 -5.405523E-02 1.001616E+00 2.969036E-02 2.561321E-03 4.509648E+00 9.811269E+00 
1.042033E-01 1.559351E-02 3.577451E-01 1.633623E-01 -1.388865E+00 5.813502E-01 -1.864657E-01 9.905364E-01 3.128606E-02 1.395689E-03 4.504438E+00 1.018928E+01 
1.577895E-01 3.852281E-03 3.504595E-01 1.756171E-01 -1.416052E+00 5.915609E-01 -1.202274E-01 9.497400E-01 2.926703E-02 5.087506E-04 4.605123E+00 9.243487E+00 
3.924276E-02 3.033101E-02 3.350348E-01 1.420429E-01 -1.208053E+00 3.774132E-01 -8.703206E-02 8.943329E-01 3.607592E-02 0.000000E+00 3.393790E+00 9.707188E+00 
1.570841E-01 6.239188E-03 3.406320E-01 1.744792E-01 -1.410705E+00 5.261684E-01 -1.377601E-01 8.879488E-01 2.804313E-02 3.949982E-03 3.427723E+00 9.064510E+00 
1.694729E-01 8.677005E-03 3.625610E-01 1.804184E-01 -1.579386E+00 5.805799E-01 -8.683362E-02 9.483481E-01 3.000223E-02 1.135115E-03 4.103718E+00 7.659185E+00 
1.756945E-01 1.000000E-04 3.477575E-01 1.677529E-01 -1.446831E+00 5.793862E-01 -9.701425E-02 8.626617E-01 3.241727E-02 2.563977E-03 4.290950E+00 1.177212E+01 
1.499276E-01 3.548358E-02 3.498081E-01 1.965252E-01 -1.277608E+00 3.945413E-01 -5.628475E-02 9.143708E-01 3.085748E-02 2.858149E-03 4.068296E+00 8.386867E+00 
1.524718E-01 1.016543E-02 3.227080E-01 1.777086E-01 -1.513105E+00 5.666825E-01 -1.139724E-01 1.105848E+00 3.070965E-02 2.361414E-03 3.842420E+00 9.275981E+00 
1.701594E-01 4.248913E-03 3.639148E-01 1.710065E-01 -1.607043E+00 5.787991E-01 -1.671402E-01 8.940945E-01 2.710588E-02 1.637268E-03 4.068778E+00 1.053239E+01 
1.684293E-01 5.535525E-03 3.461323E-01 1.755017E-01 -1.269505E+00 5.749391E-01 -1.785871E-01 9.618868E-01 3.041308E-02 4.671206E-04 4.943930E+00 9.232436E+00 
1.613978E-01 5.398469E-03 3.542179E-01 1.737066E-01 -1.430280E+00 5.872432E-01 -8.204945E-02 8.535843E-01 2.802652E-02 2.641140E-03 3.891490E+00 9.364785E+00 
1.494059E-01 2.189976E-02 3.555191E-01 1.687194E-01 -1.448565E+00 5.760946E-01 -3.633192E-02 9.004915E-01 2.314407E-02 3.448303E-03 4.375477E+00 7.791683E+00 
1.615555E-01 3.497688E-03 3.483413E-01 1.753520E-01 -1.320386E+00 5.508456E-01 -1.104869E-01 9.574868E-01 2.873108E-02 2.769266E-03 4.492947E+00 9.808050E+00 
1.696226E-01 7.191245E-03 3.346676E-01 1.806634E-01 -1.483323E+00 5.564109E-01 -1.052170E-01 9.044664E-01 2.825963E-02 2.489988E-03 4.153230E+00 9.357313E+00 
1.830607E-01 1.494502E-02 3.689768E-01 1.827824E-01 -1.512865E+00 5.866846E-01 -1.483234E-01 9.542502E-01 3.001333E-02 2.109865E-03 4.371450E+00 9.377826E+00 
1.462895E-01 4.635321E-03 3.529755E-01 1.728368E-01 -1.444439E+00 5.972536E-01 -1.046945E-01 1.130905E+00 2.669211E-02 8.371831E-04 4.504438E+00 9.095151E+00 
1.636457E-01 1.940990E-03 3.495593E-01 1.759249E-01 -1.490729E+00 5.800007E-01 -5.920591E-02 9.360024E-01 2.906558E-02 1.943045E-03 4.307696E+00 7.794308E+00 
1.765164E-01 5.703301E-03 3.524618E-01 1.789539E-01 -1.361502E+00 5.906539E-01 -1.755074E-01 8.946909E-01 2.924563E-02 1.776307E-03 3.570497E+00 9.196376E+00 
1.633897E-01 7.031524E-03 3.346037E-01 1.729788E-01 -1.370004E+00 5.785163E-01 -6.417195E-02 9.201372E-01 2.743284E-02 2.052611E-04 5.303125E+00 9.644145E+00 
1.644992E-01 2.288550E-03 3.466859E-01 1.713284E-01 -1.652738E+00 5.820873E-01 -7.494334E-02 8.892144E-01 2.459147E-02 1.108140E-03 4.329842E+00 8.142280E+00 
1.603849E-01 2.662229E-03 3.393780E-01 1.798998E-01 -1.399862E+00 5.721486E-01 -1.005817E-01 9.538687E-01 2.774619E-02 1.141336E-03 4.307446E+00 8.984819E+00 
1.589700E-01 1.856342E-02 3.584051E-01 1.749116E-01 -1.480945E+00 5.791442E-01 -1.571059E-01 8.677640E-01 2.561491E-02 2.387466E-03 4.264858E+00 8.419384E+00 
1.729238E-01 4.159062E-03 3.690147E-01 1.721808E-01 -1.557833E+00 5.754215E-01 -1.287243E-01 8.479775E-01 2.935376E-02 1.008599E-03 4.277027E+00 7.375316E+00 
1.696217E-01 6.586165E-03 3.675073E-01 1.719063E-01 -1.548641E+00 5.628075E-01 -9.303519E-02 1.081202E+00 3.140168E-02 1.789143E-03 4.231539E+00 8.773188E+00 
1.528844E-01 5.056809E-03 3.596458E-01 1.771557E-01 -1.465452E+00 4.602025E-01 -9.729664E-02 9.125038E-01 3.197832E-02 2.784592E-03 4.625837E+00 9.080064E+00 
1.582467E-01 1.089845E-02 3.537030E-01 1.745876E-01 -1.095825E+00 5.672513E-01 -1.035623E-01 9.359721E-01 2.861396E-02 2.060829E-03 4.411322E+00 9.167110E+00 
1.685632E-01 3.582579E-03 3.682539E-01 1.750193E-01 -1.431432E+00 5.934229E-01 -1.065822E-01 9.547477E-01 2.835711E-02 2.041148E-03 4.230628E+00 9.600424E+00 
1.377737E-01 1.206678E-02 3.618194E-01 1.694827E-01 -1.352172E+00 5.852221E-01 -1.186267E-01 9.509812E-01 2.883293E-02 2.802145E-03 4.313680E+00 8.535271E+00 
1.643322E-01 5.206677E-03 3.682332E-01 1.805353E-01 -1.565309E+00 5.995421E-01 -8.724641E-02 9.314250E-01 2.875240E-02 1.698071E-03 4.451008E+00 1.018121E+01 
1.424817E-01 8.080762E-03 3.495809E-01 1.755359E-01 -1.397069E+00 5.725405E-01 -1.105924E-01 8.726177E-01 2.429743E-02 1.352745E-03 3.681892E+00 9.977782E+00 
8.386307E-02 2.026312E-02 3.326554E-01 1.509259E-01 -1.302870E+00 5.253857E-01 -1.293201E-01 9.470300E-01 3.579796E-02 0.000000E+00 4.106298E+00 1.300306E+01 
1.667644E-01 1.476099E-02 3.222413E-01 1.834304E-01 -1.347740E+00 5.577580E-01 -8.996222E-02 1.016470E+00 2.312308E-02 2.145093E-03 2.981959E+00 8.554749E+00 
1.622860E-01 1.036853E-02 3.243190E-01 1.737967E-01 -1.435571E+00 5.754619E-01 -6.864924E-02 8.954576E-01 2.816504E-02 1.357553E-03 4.165400E+00 7.896844E+00 
1.484252E-01 5.493970E-03 3.700164E-01 1.750111E-01 -1.326757E+00 5.358859E-01 -1.119059E-01 9.614209E-01 2.945675E-02 1.526854E-03 4.321977E+00 9.307753E+00 
1.429817E-01 1.078578E-02 3.530448E-01 1.712134E-01 -1.352802E+00 5.773860E-01 -1.039138E-01 1.013456E+00 2.709398E-02 9.302201E-04 4.417386E+00 8.227952E+00 
1.385843E-01 2.289853E-02 3.592062E-01 1.592794E-01 -1.158767E+00 4.790679E-01 -2.617417E-02 9.628766E-01 3.624954E-02 6.910869E-03 4.894639E+00 8.949340E+00 
1.714143E-01 1.229676E-02 3.461985E-01 1.751685E-01 -1.487847E+00 5.826216E-01 -1.414475E-01 8.977934E-01 3.262650E-02 2.445389E-03 3.927140E+00 9.328263E+00 
1.635006E-01 5.523134E-03 3.578707E-01 1.708586E-01 -1.577549E+00 5.429963E-01 -1.007974E-01 9.409054E-01 2.833761E-02 8.423929E-04 3.743532E+00 7.877545E+00 
1.614801E-01 3.282449E-03 3.490935E-01 1.736990E-01 -1.379373E+00 5.834239E-01 -9.828186E-02 9.529640E-01 2.910832E-02 1.605565E-03 4.258818E+00 8.991593E+00 
1.643475E-01 2.111317E-03 3.239581E-01 1.702349E-01 -1.418784E+00 5.879523E-01 -4.626007E-02 9.011380E-01 2.854588E-02 2.318421E-03 4.046665E+00 9.922252E+00 
1.530678E-01 6.785094E-03 3.546538E-01 1.733205E-01 -1.401502E+00 5.717810E-01 -1.055221E-01 9.486624E-01 2.406446E-02 3.673469E-04 4.157856E+00 8.840247E+00 
1.608766E-01 5.020457E-03 3.599741E-01 1.750030E-01 -1.410225E+00 5.953753E-01 -9.973414E-02 9.554992E-01 3.131076E-02 3.013789E-03 4.257677E+00 1.049073E+01 
1.224037E-01 7.393686E-03 3.418574E-01 1.472513E-01 -1.293727E+00 5.429647E-01 -7.790478E-02 9.634548E-01 2.590004E-02 4.487017E-03 4.450631E+00 9.227866E+00 
1.633084E-01 2.510335E-02 3.453925E-01 1.707984E-01 -1.675616E+00 5.673649E-01 -1.056130E-01 1.164307E+00 3.168360E-02 5.619694E-03 4.134139E+00 7.816663E+00 
1.668928E-01 8.163651E-03 3.781809E-01 1.730254E-01 -1.481811E+00 5.771086E-01 -1.209921E-01 9.737930E-01 2.681012E-02 1.326280E-03 3.801043E+00 8.757580E+00 
1.534594E-01 5.844417E-03 3.561704E-01 1.718200E-01 -1.424539E+00 5.602594E-01 -4.014883E-02 9.108274E-01 3.034136E-02 1.386879E-03 4.293927E+00 1.001401E+01 
1.605443E-01 6.451639E-03 3.878520E-01 1.691726E-01 -1.369215E+00 5.618082E-01 -1.229802E-01 9.098376E-01 2.865824E-02 4.073760E-03 4.585020E+00 8.872133E+00 
1.660065E-01 6.400311E-03 3.509161E-01 1.774176E-01 -1.643245E+00 5.658481E-01 -1.328709E-01 9.628433E-01 2.787611E-02 0.000000E+00 3.904678E+00 8.755733E+00 
1.656549E-01 1.573555E-03 3.566233E-01 1.715364E-01 -1.483434E+00 5.868558E-01 -1.180400E-01 9.099482E-01 2.900017E-02 1.458203E-03 4.340314E+00 8.425343E+00 
1.788659E-01 6.810899E-03 3.532597E-01 1.667784E-01 -1.514019E+00 5.893133E-01 -1.381090E-01 9.631296E-01 2.550834E-02 4.746489E-04 3.752311E+00 7.370951E+00 
1.512731E-01 6.986297E-03 3.413207E-01 1.736801E-01 -1.554587E+00 5.808364E-01 -1.239578E-01 9.311331E-01 3.191838E-02 2.490985E-03 3.932489E+00 8.622813E+00 
1.611959E-01 6.573764E-03 3.435243E-01 1.740720E-01 -1.410616E+00 5.597339E-01 -6.614956E-02 9.562010E-01 2.920475E-02 7.176574E-04 4.075915E+00 9.498947E+00 
1.606503E-01 1.184469E-02 3.518488E-01 1.690947E-01 -1.447336E+00 4.967321E-01 -1.269079E-01 1.075727E+00 2.845269E-02 3.444523E-03 4.081734E+00 9.145656E+00 
1.638149E-01 7.717746E-03 3.479278E-01 1.779237E-01 -1.551751E+00 5.659601E-01 -1.016799E-01 9.789557E-01 2.496598E-02 1.339834E-03 4.620503E+00 9.553033E+00 
1.651945E-01 8.964109E-03 3.713947E-01 1.744128E-01 -1.477770E+00 5.936681E-01 -1.789778E-01 9.111721E-01 3.289354E-02 1.699149E-03 4.645470E+00 1.045005E+01 
1.552787E-01 7.166721E-03 3.580667E-01 1.735911E-01 -1.409865E+00 5.796635E-01 -9.156756E-02 9.348526E-01 2.955260E-02 1.796346E-03 4.449587E+00 9.499250E+00 
1.563727E-01 4.804132E-03 3.536043E-01 1.746306E-01 -1.545086E+00 5.676414E-01 -6.268463E-02 1.005809E+00 2.797634E-02 1.458049E-03 3.851406E+00 8.214876E+00 
1.482534E-01 1.423132E-02 3.715762E-01 1.718510E-01 -1.553004E+00 5.768763E-01 -8.234151E-02 7.996701E-01 2.915533E-02 7.120516E-04 3.851122E+00 1.020810E+01 
1.551315E-01 6.505988E-03 3.391667E-01 1.727383E-01 -1.425265E+00 5.510419E-01 -9.753495E-02 9.446585E-01 2.828079E-02 1.179984E-03 4.172081E+00 9.033156E+00 
1.576022E-01 2.839795E-03 3.417353E-01 1.711958E-01 -1.487753E+00 5.447661E-01 -9.327945E-02 9.437509E-01 2.605223E-02 1.826348E-03 4.383934E+00 8.070603E+00 
1.690409E-01 6.132012E-03 3.791235E-01 1.739491E-01 -1.605535E+00 6.000000E-01 -6.240985E-02 9.650531E-01 2.918696E-02 1.607096E-03 4.281804E+00 8.819633E+00 
1.631855E-01 6.973096E-03 3.424958E-01 1.651665E-01 -1.283578E+00 5.856929E-01 -1.415061E-01 9.625661E-01 2.736181E-02 3.026325E-03 5.220386E+00 8.731206E+00 
1.139053E-01 3.652584E-02 3.501696E-01 1.776170E-01 -1.468679E+00 5.816897E-01 -9.803796E-02 9.105797E-01 2.662078E-02 6.158493E-03 4.956021E+00 9.710236E+00 
1.588971E-01 7.302232E-03 3.679610E-01 1.735917E-01 -1.464983E+00 5.802377E-01 -1.265049E-01 9.994594E-01 3.030521E-02 1.520978E-03 4.305531E+00 9.121364E+00 
1.757282E-01 7.054787E-03 3.529108E-01 1.646327E-01 -1.600770E+00 5.565162E-01 -1.234962E-01 8.954153E-01 2.962600E-02 1.929587E-03 3.762349E+00 8.787674E+00 
1.635504E-01 4.157949E-03 3.318112E-01 1.769525E-01 -1.457429E+00 5.936795E-01 -1.174933E-01 9.256418E-01 2.922334E-02 1.202815E-03 4.575394E+00 8.125330E+00 
1.408329E-01 8.989590E-03 3.545104E-01 1.699496E-01 -1.307283E+00 5.808805E-01 -1.203897E-01 9.368559E-01 3.033320E-02 1.437093E-03 4.375759E+00 9.165987E+00 
7.847307E-02 3.589430E-02 3.547411E-01 1.680540E-01 -1.327789E+00 3.817367E-01 -2.464742E-02 1.059683E+00 2.921946E-02 6.212428E-03 6.452472E+00 1.014539E+01 
1.605430E-01 3.945793E-03 3.100087E-01 1.776925E-01 -1.336163E+00 5.814887E-01 -8.034524E-02 9.931452E-01 3.151680E-02 9.940398E-04 4.163735E+00 9.035931E+00 
1.371975E-01 8.610189E-03 3.614764E-01 1.709328E-01 -1.509478E+00 5.727026E-01 -1.330080E-01 9.680238E-01 3.234697E-02 2.787389E-03 4.006258E+00 6.720659E+00 
1.568759E-01 1.528232E-02 3.508958E-01 1.702982E-01 -1.434897E+00 5.937827E-01 -9.461249E-02 8.927867E-01 2.864706E-02 2.384638E-03 4.534780E+00 8.767502E+00 
1.684245E-01 6.240910E-03 3.358829E-01 1.717257E-01 -1.476229E+00 5.858538E-01 -8.927839E-02 9.625606E-01 2.945285E-02 1.867275E-03 4.804228E+00 7.848201E+00 
1.646795E-01 6.787630E-03 3.499871E-01 1.696502E-01 -1.474814E+00 5.714404E-01 -1.074499E-01 9.432039E-01 3.008562E-02 1.985429E-03 4.167941E+00 1.033276E+01 
1.666312E-01 1.895024E-02 3.339389E-01 1.729936E-01 -1.284045E+00 5.669133E-01 -1.097462E-01 8.962085E-01 2.781666E-02 4.106219E-03 3.998310E+00 9.407403E+00 
1.677269E-01 6.911719E-03 3.720359E-01 1.715768E-01 -1.404310E+00 5.482454E-01 -1.163202E-01 9.650177E-01 2.791323E-02 2.097938E-03 4.652021E+00 9.255055E+00 
1.703238E-01 1.187802E-02 3.496600E-01 1.787689E-01 -1.578144E+00 5.726504E-01 -7.270546E-02 9.063166E-01 2.903358E-02 1.435636E-03 3.999224E+00 8.638655E+00 
1.567435E-01 1.371175E-02 3.511819E-01 1.645939E-01 -1.476788E+00 5.512569E-01 -1.148467E-01 9.541223E-01 2.523678E-02 1.721758E-03 4.368820E+00 1.038478E+01 
1.579940E-01 1.090630E-02 3.431145E-01 1.686756E-01 -1.514345E+00 4.007500E-01 -6.021728E-02 1.060738E+00 2.803324E-02 9.655970E-04 4.011147E+00 9.170439E+00 
1.547176E-01 6.716044E-03 3.620948E-01 1.740124E-01 -1.561768E+00 5.828100E-01 -1.160563E-01 9.239425E-01 2.819791E-02 1.314740E-03 4.474584E+00 9.414462E+00 
1.605795E-01 4.058735E-03 3.518239E-01 1.752567E-01 -1.372983E+00 5.665916E-01 -2.714947E-02 9.646082E-01 3.026443E-02 1.640950E-03 4.108343E+00 1.009782E+01 
1.690810E-01 5.896071E-03 3.608753E-01 1.759903E-01 -1.553158E+00 5.941801E-01 -1.904970E-01 9.294071E-01 2.878370E-02 1.226446E-03 4.060508E+00 8.705258E+00 
1.330084E-01 2.890807E-02 3.549259E-01 1.665540E-01 -1.457542E+00 5.228646E-01 -6.658522E-02 9.662278E-01 2.644057E-02 4.672926E-03 3.959865E+00 8.864041E+00 
1.644961E-01 7.006226E-03 3.495490E-01 1.802624E-01 -1.394030E+00 5.869293E-01 -1.164491E-01 9.208625E-01 2.879983E-02 1.065052E-03 4.311517E+00 1.064092E+01 
1.779838E-01 2.481979E-02 3.224336E-01 1.418900E-01 -1.346934E+00 5.854994E-01 -1.561164E-02 9.397867E-01 2.843165E-02 7.704092E-03 4.077003E+00 1.288753E+01 
6.978154E-02 2.519135E-02 3.434112E-01 1.659090E-01 -1.445727E+00 4.333842E-01 -7.603612E-02 8.585358E-01 2.865770E-02 1.440623E-03 2.691697E+00 9.639428E+00 
1.796060E-01 1.000000E-04 3.711150E-01 1.739424E-01 -1.434512E+00 5.433462E-01 -1.176224E-01 9.234301E-01 2.922937E-02 3.898547E-03 3.610691E+00 8.001327E+00 
1.641387E-01 8.680008E-03 3.636239E-01 1.698433E-01 -1.371702E+00 5.751267E-01 -2.390310E-02 9.443646E-01 2.760519E-02 1.961237E-03 4.351023E+00 9.645980E+00 
1.589592E-01 7.149805E-03 3.518303E-01 1.715516E-01 -1.438289E+00 5.652689E-01 -9.283028E-02 9.153435E-01 2.787183E-02 2.249810E-03 4.089528E+00 9.791310E+00 
1.625101E-01 3.640132E-02 3.509344E-01 1.700961E-01 -1.406647E+00 5.962927E-01 -1.064463E-01 8.178143E-01 3.238077E-02 2.146387E-03 3.848868E+00 9.450198E+00 
1.484712E-01 6.163643E-03 3.670454E-01 1.732774E-01 -1.570181E+00 5.700467E-01 -1.600487E-01 8.457425E-01 3.182841E-02 1.348991E-03 3.727744E+00 9.990245E+00 
1.302737E-01 2.096346E-02 3.689200E-01 1.699129E-01 -1.554167E+00 4.729092E-01 -3.634996E-02 8.678841E-01 2.978913E-02 2.375792E-03 4.104446E+00 9.082006E+00 
1.577336E-01 6.159181E-03 3.553965E-01 1.742880E-01 -1.461139E+00 5.842271E-01 -8.306767E-02 9.498535E-01 2.878069E-02 1.035121E-03 3.882530E+00 9.714933E+00 
8.431129E-02 2.462631E-02 3.330894E-01 1.434892E-01 -1.450296E+00 4.221462E-01 -6.571232E-02 8.767068E-01 3.201198E-02 0.000000E+00 4.035360E+00 1.358690E+01 
1.587825E-01 8.751689E-03 3.562298E-01 1.620698E-01 -1.265756E+00 5.821432E-01 -1.570404E-01 8.268351E-01 2.969639E-02 9.910540E-04 4.317069E+00 9.219592E+00 
1.440715E-01 7.022648E-03 3.391550E-01 1.739052E-01 -1.262395E+00 5.829206E-01 -1.129024E-01 9.795554E-01 3.029147E-02 2.314466E-03 3.955962E+00 1.100231E+01 
1.765618E-01 2.123177E-03 3.700330E-01 1.759142E-01 -1.411817E+00 5.715681E-01 -1.208469E-01 9.873968E-01 2.833371E-02 4.343608E-03 4.226036E+00 8.904081E+00 
5.864937E-02 4.381534E-02 2.806322E-01 1.709782E-01 -1.285001E+00 5.274845E-01 -5.626674E-02 1.096805E+00 2.500645E-02 8.496838E-03 4.678595E+00 9.592773E+00 
1.558016E-01 5.374441E-03 3.649442E-01 1.684662E-01 -1.524157E+00 5.848132E-01 -9.391886E-02 9.010736E-01 3.077112E-02 1.593094E-03 3.821293E+00 9.334659E+00 
1.212533E-01 9.718612E-03 3.542902E-01 1.738638E-01 -1.434303E+00 5.914857E-01 -1.796305E-01 9.135701E-01 2.924094E-02 5.759592E-04 3.582117E+00 8.292589E+00 
1.755469E-01 5.587864E-03 3.466104E-01 1.779371E-01 -1.419004E+00 5.864513E-01 -9.443436E-02 9.351434E-01 3.036381E-02 3.243634E-03 4.030156E+00 7.868833E+00 
8.987489E-02 1.538288E-02 3.397276E-01 1.669362E-01 -1.525101E+00 5.450904E-01 -5.424415E-02 9.760926E-01 3.588152E-02 6.728353E-04 4.336911E+00 1.217536E+01 
1.563575E-01 4.540279E-03 3.561239E-01 1.786935E-01 -1.484079E+00 5.813119E-01 -1.884297E-02 9.644608E-01 2.927470E-02 1.574043E-03 3.970274E+00 8.879102E+00 
9.270877E-02 1.739957E-02 3.117730E-01 1.455646E-01 -1.417664E+00 4.336163E-01 -9.372291E-02 9.295698E-01 2.990805E-02 0.000000E+00 3.951381E+00 1.045806E+01 
1.776179E-01 6.647656E-03 3.501196E-01 1.757276E-01 -1.431674E+00 5.984533E-01 -6.170388E-02 9.648476E-01 2.752115E-02 1.926715E-03 4.257352E+00 8.157664E+00 
1.872331E-01 9.568935E-03 3.633280E-01 1.692892E-01 -1.425513E+00 5.856296E-01 -9.436585E-02 9.235647E-01 3.041034E-02 5.723829E-03 4.611249E+00 1.015192E+01 
1.852518E-01 9.183682E-03 3.667533E-01 1.813906E-01 -1.522456E+00 5.882888E-01 -1.285760E-01 9.070446E-01 2.475379E-02 2.421918E-03 4.782093E+00 8.920763E+00 
1.666596E-01 1.027995E-02 3.516004E-01 1.730070E-01 -1.366461E+00 5.702206E-01 -9.511212E-02 1.045563E+00 2.895284E-02 1.141973E-03 4.225755E+00 1.028990E+01 
1.568621E-01 1.721323E-02 3.607977E-01 1.705217E-01 -1.340874E+00 5.806461E-01 -8.391568E-02 9.785076E-01 2.802572E-02 1.787453E-03 4.124382E+00 1.013841E+01 
1.643104E-01 7.474678E-03 3.400770E-01 1.756119E-01 -1.580816E+00 5.959621E-01 -1.275282E-01 9.397339E-01 3.155578E-02 8.398210E-04 4.373960E+00 9.433576E+00 
1.529766E-01 8.100485E-03 3.461988E-01 1.702809E-01 -1.445110E+00 5.586070E-01 -1.206390E-01 9.673565E-01 2.900062E-02 2.370041E-03 4.128145E+00 9.074208E+00 
1.559693E-01 5.436780E-03 3.372185E-01 1.706195E-01 -1.297551E+00 5.857222E-01 -1.852715E-01 8.579825E-01 2.758466E-02 1.621510E-03 4.053137E+00 9.054049E+00 
1.689142E-01 9.759416E-03 3.537139E-01 1.711462E-01 -1.373830E+00 5.643044E-01 -9.161430E-02 9.118236E-01 2.864243E-02 1.340543E-03 4.110876E+00 8.989851E+00 
1.659869E-01 1.000000E-04 3.235573E-01 1.635834E-01 -1.563355E+00 5.629520E-01 -1.145046E-01 9.730844E-01 2.836536E-02 4.926567E-04 3.920552E+00 1.042705E+01 
1.691999E-01 1.188300E-02 3.395858E-01 1.768944E-01 -1.243405E+00 5.610913E-01 -1.263232E-01 9.451574E-01 2.912909E-02 3.601826E-03 4.303592E+00 8.435668E+00 
1.661699E-01 6.067549E-03 3.589521E-01 1.712599E-01 -1.378538E+00 5.772456E-01 -8.334424E-02 9.083012E-01 3.124547E-02 1.055059E-03 4.170759E+00 8.721580E+00 
1.671909E-01 4.093305E-03 3.609983E-01 1.764605E-01 -1.492224E+00 5.852523E-01 -1.519168E-01 9.942465E-01 2.905134E-02 2.838376E-03 4.157907E+00 8.952401E+00 
1.655898E-01 4.091291E-03 3.495917E-01 1.683787E-01 -1.471563E+00 5.705373E-01 -1.291927E-01 8.885931E-01 2.915989E-02 3.465236E-03 4.406392E+00 9.224113E+00 
1.709360E-01 6.590028E-03 3.549447E-01 1.752132E-01 -1.465612E+00 5.739571E-01 -8.501717E-02 8.258401E-01 2.999353E-02 0.000000E+00 4.576287E+00 8.823501E+00 
1.369977E-01 3.491804E-02 3.249494E-01 1.490398E-01 -1.239587E+00 4.782407E-01 -1.052369E-01 9.184243E-01 3.143715E-02 3.606905E-03 2.748960E+00 9.342652E+00 
1.587836E-01 4.492269E-03 3.557277E-01 1.754865E-01 -1.318128E+00 5.863789E-01 -8.483534E-02 9.195054E-01 2.747111E-02 1.692081E-03 4.828760E+00 9.777146E+00 
1.635677E-01 4.819707E-03 3.599258E-01 1.730901E-01 -1.462163E+00 5.973623E-01 -8.771643E-02 9.447035E-01 2.684768E-02 3.132568E-03 4.991288E+00 1.096790E+01 
1.555875E-01 6.427364E-03 3.340902E-01 1.734100E-01 -1.525283E+00 4.775469E-01 -3.585409E-02 9.281391E-01 2.853477E-02 1.458756E-04 4.246940E+00 9.495505E+00 
1.575962E-01 8.213211E-03 3.555855E-01 1.703636E-01 -1.539089E+00 5.701418E-01 -2.918049E-02 9.638051E-01 2.834554E-02 6.006419E-04 3.893738E+00 9.385866E+00 
1.153719E-01 1.026788E-02 3.729102E-01 1.534108E-01 -1.286218E+00 4.153364E-01 -4.073180E-02 1.062114E+00 3.225229E-02 1.578872E-02 4.235582E+00 5.676145E+00 
7.036356E-02 1.341015E-03 3.153670E-01 1.508944E-01 -1.433803E+00 4.438546E-01 -7.516705E-02 1.095119E+00 2.504606E-02 1.243773E-02 3.961056E+00 9.046320E+00 
1.225448E-01 5.163055E-02 3.487414E-01 1.465850E-01 -1.250162E+00 4.732049E-01 -7.353345E-02 1.013376E+00 2.475322E-02 8.249640E-03 5.466627E+00 1.072481E+01 
1.694951E-01 1.607539E-04 3.465478E-01 1.639103E-01 -1.425898E+00 5.764810E-01 -1.009475E-01 1.005531E+00 3.077430E-02 1.102063E-03 3.903326E+00 8.029399E+00 
1.615926E-01 1.024396E-02 3.354132E-01 1.810596E-01 -1.332683E+00 5.803493E-01 -1.088773E-01 1.065513E+00 2.785179E-02 3.541925E-03 4.494615E+00 9.477762E+00 
1.583808E-01 2.455689E-03 3.528051E-01 1.519161E-01 -1.485811E+00 5.538709E-01 -9.931362E-02 9.304012E-01 2.915049E-02 2.692799E-03 4.019528E+00 7.424157E+00 
1.666433E-01 6.753978E-03 3.456588E-01 1.726045E-01 -1.406497E+00 5.787463E-01 -8.537728E-02 9.397139E-01 3.239937E-02 1.979304E-03 4.254617E+00 9.484037E+00 
1.549440E-01 1.187650E-02 3.438377E-01 1.741465E-01 -1.507019E+00 5.717370E-01 -8.830946E-02 9.575981E-01 2.861181E-02 0.000000E+00 3.455129E+00 1.028967E+01 
1.564096E-01 8.715325E-03 3.521227E-01 1.754045E-01 -1.507186E+00 5.780828E-01 -6.902892E-02 1.140533E+00 2.814939E-02 1.705384E-03 4.627714E+00 9.663235E+00 
1.769698E-01 1.594893E-02 3.220436E-01 1.753444E-01 -1.335100E+00 5.792857E-01 -1.528695E-01 9.294840E-01 2.898645E-02 2.182345E-03 4.189734E+00 9.727271E+00 
7.973278E-02 4.799411E-02 3.563030E-01 1.661997E-01 -1.233368E+00 3.405253E-01 -3.804649E-02 9.323311E-01 4.453008E-02 2.814734E-03 4.510682E+00 7.071585E+00 
1.594356E-01 5.917672E-03 3.532248E-01 1.736344E-01 -1.588009E+00 5.634287E-01 -9.763566E-02 9.504045E-01 2.873444E-02 1.825205E-03 3.731579E+00 9.885767E+00 
1.655135E-01 5.692749E-03 3.651833E-01 1.700543E-01 -1.405574E+00 5.826484E-01 -8.611159E-02 9.479220E-01 2.660045E-02 5.285259E-03 4.313607E+00 8.873696E+00 
1.547298E-01 4.573180E-03 3.390435E-01 1.671689E-01 -1.565229E+00 5.930123E-01 -4.924411E-02 9.186618E-01 2.913553E-02 3.433095E-03 4.616054E+00 9.144786E+00 
1.104134E-01 4.309445E-02 3.434591E-01 1.487005E-01 -1.345501E+00 5.347219E-01 -2.694032E-02 9.581956E-01 3.029376E-02 1.418647E-02 3.890207E+00 4.536097E+00 
1.541834E-01 4.214839E-03 3.578365E-01 1.705353E-01 -1.299807E+00 5.825734E-01 -5.032082E-02 9.068182E-01 2.848598E-02 1.700103E-03 4.394370E+00 9.447866E+00 
1.575775E-01 6.869562E-03 3.348751E-01 1.853333E-01 -1.574581E+00 5.937225E-01 -7.535004E-02 9.290832E-01 2.426167E-02 5.374542E-03 3.980976E+00 9.322213E+00 
1.716516E-01 6.809264E-03 3.684005E-01 1.584797E-01 -1.550299E+00 5.928859E-01 -6.934848E-02 1.001825E+00 2.879528E-02 1.409177E-03 4.304537E+00 8.349869E+00 
1.556503E-01 6.277195E-03 3.397558E-01 1.685298E-01 -1.371916E+00 5.658031E-01 -9.741992E-02 8.645860E-01 2.905013E-02 3.278565E-03 3.638231E+00 9.930910E+00 
1.770721E-01 4.775681E-03 3.477382E-01 1.792059E-01 -1.331964E+00 5.768170E-01 -1.253259E-01 9.601063E-01 2.818669E-02 1.393704E-03 4.042918E+00 8.214473E+00 
1.846341E-01 6.697001E-03 3.466592E-01 1.781971E-01 -1.478975E+00 5.935748E-01 -1.324217E-01 9.998530E-01 2.786242E-02 3.377137E-03 4.333570E+00 8.669233E+00 
1.656858E-01 7.945534E-03 3.637186E-01 1.737069E-01 -1.466737E+00 5.800830E-01 -1.102556E-01 9.491687E-01 3.046284E-02 7.433390E-04 4.242642E+00 7.890156E+00 
1.841571E-01 5.894205E-03 3.418933E-01 1.724991E-01 -1.793890E+00 3.852569E-01 -1.223707E-01 9.500173E-01 2.510151E-02 1.042832E-03 3.961989E+00 9.336443E+00 
1.614493E-01 5.651233E-03 3.356669E-01 1.747134E-01 -1.378540E+00 5.976022E-01 -1.601746E-01 9.598923E-01 2.687380E-02 0.000000E+00 4.676792E+00 9.358751E+00 
1.698606E-01 9.604814E-03 3.558430E-01 1.765003E-01 -1.421900E+00 5.688419E-01 -8.851722E-02 9.231291E-01 2.936962E-02 4.864855E-03 4.487136E+00 9.858562E+00 
1.672579E-01 1.309446E-02 3.587927E-01 1.745530E-01 -1.243898E+00 5.826076E-01 -1.550094E-01 9.045923E-01 2.790423E-02 2.961841E-03 3.618108E+00 9.024820E+00 
1.619388E-01 1.000000E-04 3.508679E-01 1.715770E-01 -1.505081E+00 5.764128E-01 -1.229073E-01 9.556678E-01 2.693361E-02 2.371789E-03 4.360220E+00 1.067924E+01 
1.075966E-01 1.073521E-02 3.393012E-01 1.720411E-01 -1.492019E+00 5.222147E-01 -7.497142E-02 1.018194E+00 2.993885E-02 5.215985E-03 4.464472E+00 8.771189E+00 
1.376692E-01 5.958750E-03 4.086500E-01 1.735955E-01 -1.386479E+00 5.782703E-01 -2.000000E-01 9.656915E-01 2.689063E-02 2.088431E-03 4.353508E+00 7.476342E+00 
1.578608E-01 8.936929E-03 3.408392E-01 1.907950E-01 -1.345204E+00 5.741359E-01 -4.683956E-02 9.482782E-01 2.716031E-02 1.689635E-03 4.265349E+00 9.672201E+00 
1.690964E-01 9.843794E-03 3.397906E-01 1.719887E-01 -1.407163E+00 5.765182E-01 -1.671345E-01 9.334531E-01 2.791325E-02 2.125134E-03 4.420873E+00 9.491932E+00 
1.607914E-01 6.096328E-03 3.489036E-01 1.705811E-01 -1.509177E+00 5.848495E-01 -4.116851E-02 9.869033E-01 3.054343E-02 1.156559E-03 4.064195E+00 1.008734E+01 
1.630796E-01 8.268061E-03 3.760884E-01 1.700316E-01 -1.448160E+00 5.767540E-01 -1.481873E-01 9.461413E-01 2.729165E-02 1.454584E-03 4.473113E+00 7.955184E+00 
1.466778E-01 1.415009E-02 3.505580E-01 1.738209E-01 -1.545978E+00 6.000000E-01 -4.627395E-02 9.737594E-01 2.577624E-02 4.902439E-04 4.605522E+00 9.580272E+00 
1.652197E-01 5.725876E-03 3.381043E-01 1.744928E-01 -1.603048E+00 5.647815E-01 -7.684867E-02 9.747043E-01 2.846301E-02 1.678155E-03 3.979091E+00 9.802391E+00 
1.623778E-01 8.715022E-03 3.422367E-01 1.785745E-01 -1.495357E+00 5.850585E-01 -1.307232E-01 8.981471E-01 2.753453E-02 2.073545E-03 4.403571E+00 9.764083E+00 
1.659059E-01 5.154760E-03 3.488472E-01 1.760889E-01 -1.485609E+00 5.748605E-01 -9.733173E-02 9.844978E-01 2.764343E-02 1.791765E-04 3.243952E+00 9.194357E+00 
1.436063E-01 1.220436E-02 3.458620E-01 1.705774E-01 -1.452694E+00 5.858775E-01 -9.834068E-02 8.270407E-01 2.456610E-02 1.817362E-03 4.574161E+00 9.591164E+00 
1.334494E-01 1.149226E-02 3.512509E-01 1.752541E-01 -1.435111E+00 5.605283E-01 -1.253181E-01 9.117883E-01 3.108290E-02 1.196828E-03 3.947362E+00 7.333187E+00 
1.114108E-01 2.707632E-02 3.142419E-01 1.199690E-01 -1.267925E+00 4.244482E-01 -6.294505E-02 1.021563E+00 3.142317E-02 7.687878E-03 3.152833E+00 1.312738E+01 
1.028932E-01 2.514630E-02 3.204789E-01 1.520957E-01 -1.369650E+00 4.640889E-01 -6.895943E-02 9.178249E-01 3.365678E-02 6.383316E-03 3.382620E+00 8.755794E+00 
9.152682E-02 4.597350E-02 3.578195E-01 1.538801E-01 -1.320480E+00 5.043171E-01 -1.534918E-01 9.518979E-01 2.748717E-02 1.133825E-02 4.104428E+00 8.437975E+00 
1.664721E-01 5.586991E-03 3.433060E-01 1.840024E-01 -1.696192E+00 5.901192E-01 -8.885226E-02 9.230583E-01 2.808526E-02 2.643304E-03 4.267992E+00 1.028173E+01 
1.391310E-01 1.154239E-02 3.575018E-01 1.701706E-01 -1.571328E+00 5.745834E-01 -1.450179E-01 1.019420E+00 2.883864E-02 3.324670E-03 4.226775E+00 8.823772E+00 
1.468186E-01 4.049972E-02 3.541553E-01 1.683977E-01 -1.326147E+00 4.962915E-01 -6.446183E-02 8.786889E-01 3.268219E-02 1.019223E-02 4.224247E+00 9.980907E+00 
1.599518E-01 3.357021E-03 3.522351E-01 1.732579E-01 -1.399885E+00 5.910519E-01 -1.196461E-01 1.048272E+00 2.711678E-02 1.166915E-04 4.175800E+00 1.155226E+01 
1.718532E-01 4.933199E-03 3.514714E-01 1.770429E-01 -1.410751E+00 5.847645E-01 -8.846564E-02 1.003386E+00 2.797131E-02 1.162980E-03 3.762052E+00 8.928615E+00 
1.541696E-01 8.034627E-03 3.441511E-01 1.767975E-01 -1.288186E+00 4.840339E-01 -6.859345E-02 9.765708E-01 2.516761E-02 1.194798E-03 4.372571E+00 9.650831E+00 
1.515243E-01 1.035441E-02 3.562627E-01 1.721200E-01 -1.351845E+00 5.657170E-01 -8.488827E-02 9.486605E-01 3.070636E-02 2.844094E-03 4.713944E+00 9.818016E+00 
1.593962E-01 3.255808E-03 3.498410E-01 1.742632E-01 -1.372994E+00 5.661736E-01 -1.536348E-01 9.138814E-01 3.084339E-02 3.572244E-03 4.667031E+00 9.338266E+00 
1.598789E-01 1.083272E-02 3.554110E-01 1.759338E-01 -1.480370E+00 5.400264E-01 -7.911211E-02 9.931438E-01 2.653130E-02 1.719361E-03 4.229358E+00 1.010441E+01 
1.697531E-01 4.061477E-03 3.817413E-01 1.727989E-01 -1.377212E+00 5.677535E-01 -1.117939E-01 8.803656E-01 2.972782E-02 1.659922E-03 4.077811E+00 9.991775E+00 
1.559936E-01 5.010254E-03 3.480467E-01 1.708797E-01 -1.590532E+00 5.859599E-01 -1.420307E-01 8.960320E-01 2.824593E-02 2.882084E-04 4.232213E+00 9.497150E+00 
1.495806E-01 2.576567E-03 3.522047E-01 1.674545E-01 -1.340821E+00 5.614973E-01 -1.128915E-01 9.833862E-01 2.683309E-02 2.501185E-03 3.724722E+00 8.843608E+00 
1.495034E-01 5.915085E-03 3.482797E-01 1.753305E-01 -1.312696E+00 5.828704E-01 -9.640746E-02 9.549301E-01 2.872557E-02 3.721948E-03 4.266787E+00 8.815031E+00 
1.570515E-01 5.116977E-03 3.529093E-01 1.728245E-01 -1.422429E+00 5.583901E-01 -1.017428E-01 9.522786E-01 2.928707E-02 1.705810E-03 4.188612E+00 9.491050E+00 
1.103257E-01 3.604271E-02 3.511928E-01 1.622703E-01 -1.298811E+00 4.997124E-01 -5.129169E-02 1.064054E+00 2.995873E-02 7.701151E-03 4.474661E+00 8.003513E+00 
1.781421E-01 7.237041E-03 3.620360E-01 1.797008E-01 -1.514038E+00 5.726670E-01 -1.354524E-01 8.683780E-01 2.955014E-02 1.242826E-03 3.746822E+00 9.155857E+00 
1.803195E-01 2.957565E-02 3.276220E-01 1.701604E-01 -1.772061E+00 6.000000E-01 -1.360286E-01 9.868438E-01 2.319139E-02 6.649968E-03 4.187342E+00 1.117711E+01 
1.600979E-01 5.525618E-03 3.626628E-01 1.730811E-01 -1.474145E+00 5.568523E-01 -9.850293E-02 1.080113E+00 2.592855E-02 2.295023E-03 4.212382E+00 8.255262E+00 
1.421756E-01 8.057328E-03 3.422883E-01 1.693545E-01 -1.438725E+00 5.983542E-01 -1.000000E-02 9.202859E-01 2.996274E-02 1.807962E-03 4.462633E+00 1.045626E+01 
1.727799E-01 1.366715E-02 3.717000E-01 1.726336E-01 -1.386555E+00 5.738290E-01 -8.036210E-02 9.664239E-01 2.772314E-02 1.798404E-03 4.595207E+00 1.034846E+01 
1.221999E-01 2.436507E-02 2.670782E-01 1.924051E-01 -1.556887E+00 4.624249E-01 -1.332100E-01 9.391104E-01 2.852133E-02 7.163431E-04 4.209355E+00 7.941947E+00 
1.655916E-01 1.102125E-02 3.618526E-01 1.796645E-01 -1.569111E+00 5.431757E-01 -1.335233E-01 9.333060E-01 2.783545E-02 1.970374E-03 3.898379E+00 1.032289E+01 
1.790750E-01 6.906793E-03 3.442235E-01 1.774378E-01 -1.313266E+00 5.785372E-01 -9.103739E-02 1.041764E+00 2.776719E-02 1.558630E-03 5.086471E+00 8.815560E+00 
1.222246E-01 4.708708E-03 3.285657E-01 1.531231E-01 -1.266189E+00 4.853440E-01 -7.115200E-02 1.001773E+00 3.268683E-02 9.312795E-03 3.992304E+00 1.018684E+01 
1.674026E-01 8.218189E-03 3.434821E-01 1.847737E-01 -1.623320E+00 6.000000E-01 -6.727421E-02 9.944053E-01 2.812530E-02 1.527423E-03 4.480083E+00 8.740020E+00 
1.660466E-01 1.283447E-02 3.571430E-01 1.730203E-01 -1.512858E+00 5.746367E-01 -1.097907E-01 1.203544E+00 2.839922E-02 2.446091E-03 3.925404E+00 9.091716E+00 
1.535511E-01 3.951028E-03 3.563968E-01 1.719528E-01 -1.494467E+00 5.507779E-01 -6.246063E-02 9.051150E-01 2.837661E-02 0.000000E+00 3.424237E+00 9.073888E+00 
1.590024E-01 6.886882E-03 3.771304E-01 1.732030E-01 -1.429294E+00 5.954534E-01 -1.301665E-01 9.314603E-01 2.982513E-02 1.897238E-03 4.208184E+00 9.810742E+00 
1.441942E-01 6.426515E-03 3.603940E-01 1.713163E-01 -1.571016E+00 5.747556E-01 -7.403039E-02 8.924919E-01 2.981983E-02 8.696307E-04 3.918868E+00 9.276133E+00 
