1.633108E-01 3.965658E-03 3.624762E-01 1.749608E-01 -1.392569E+00 5.934772E-01 -1.101308E-01 9.710490E-01 2.805013E-02 1.625750E-03 4.047497E+00 8.880465E+00 
1.619077E-01 9.730151E-03 3.575683E-01 1.704000E-01 -1.457010E+00 5.865340E-01 -6.891445E-02 9.326742E-01 2.815244E-02 7.469182E-04 4.735993E+00 9.527474E+00 
1.534230E-01 7.015959E-03 3.400443E-01 1.625819E-01 -1.419941E+00 5.200628E-01 -1.489904E-01 9.519745E-01 3.012872E-02 1.339696E-03 4.017388E+00 9.340089E+00 
1.141745E-01 4.018210E-02 3.431103E-01 1.297475E-01 -1.054241E+00 5.002572E-01 -4.814616E-02 9.178086E-01 2.811086E-02 2.985174E-03 2.595341E+00 1.408690E+01 
1.753235E-01 7.515654E-03 3.536875E-01 1.737450E-01 -1.279001E+00 5.631087E-01 -7.213562E-02 1.013377E+00 2.610061E-02 0.000000E+00 4.167910E+00 8.150916E+00 
1.671992E-01 5.190045E-03 3.616315E-01 1.690841E-01 -1.400381E+00 5.876174E-01 -1.074546E-01 9.133246E-01 2.869267E-02 1.779604E-03 4.520644E+00 9.288954E+00 
1.637407E-01 5.210434E-03 3.452277E-01 1.715394E-01 -1.461225E+00 5.848812E-01 -1.159877E-01 9.216935E-01 2.964330E-02 2.703830E-03 3.992831E+00 9.278476E+00 
1.548348E-01 5.129116E-03 3.553769E-01 1.747241E-01 -1.452716E+00 5.909009E-01 -1.404871E-01 9.121263E-01 2.819721E-02 1.916090E-03 3.951755E+00 9.696584E+00 
1.474562E-01 3.387485E-03 3.409537E-01 1.836845E-01 -1.377032E+00 5.968853E-01 -1.315689E-01 9.191043E-01 2.727620E-02 7.588618E-04 3.862760E+00 8.848641E+00 
1.644374E-01 3.285586E-03 3.574195E-01 1.735924E-01 -1.546487E+00 5.904679E-01 -4.978192E-02 9.918507E-01 2.787054E-02 2.178565E-03 3.990588E+00 9.644352E+00 
1.603282E-01 7.344723E-03 3.518689E-01 1.764082E-01 -1.437601E+00 5.909487E-01 -3.469418E-02 8.885452E-01 2.675419E-02 1.686971E-03 4.038120E+00 1.099819E+01 
1.694786E-01 1.000000E-04 3.739222E-01 1.761080E-01 -1.360366E+00 4.994751E-01 -1.363202E-01 8.383744E-01 3.271107E-02 2.388988E-03 3.990245E+00 1.088861E+01 
1.684043E-01 8.810143E-03 3.742679E-01 1.812446E-01 -1.499573E+00 5.643452E-01 -1.146317E-01 9.804694E-01 2.776159E-02 9.400296E-04 4.543925E+00 9.004474E+00 
1.849192E-01 1.000000E-04 3.463598E-01 1.683289E-01 -1.338135E+00 5.751493E-01 -1.171283E-01 5.476046E-01 2.863704E-02 1.759696E-03 4.274547E+00 8.961027E+00 
1.659321E-01 8.434117E-03 3.713370E-01 1.735297E-01 -1.370539E+00 6.000000E-01 -1.601961E-01 1.019966E+00 2.873772E-02 1.372038E-03 4.573284E+00 8.758557E+00 
1.542742E-01 4.711691E-03 3.629358E-01 1.704157E-01 -1.481318E+00 5.771629E-01 -9.100330E-02 9.981405E-01 2.841981E-02 2.608392E-03 3.841367E+00 8.770045E+00 
1.558522E-01 8.866777E-03 3.540543E-01 1.715200E-01 -1.454094E+00 5.624988E-01 -1.410845E-01 9.535830E-01 2.885619E-02 2.325634E-03 4.658166E+00 9.915392E+00 
1.812122E-01 8.373969E-03 3.448830E-01 1.785204E-01 -1.302283E+00 5.899623E-01 -9.993003E-02 8.988868E-01 3.124436E-02 1.947209E-03 4.266586E+00 9.696061E+00 
1.562675E-01 6.673640E-03 3.500728E-01 1.667604E-01 -1.475424E+00 5.896449E-01 -1.729724E-01 8.569123E-01 2.933762E-02 9.008241E-04 4.117809E+00 9.269361E+00 
1.276799E-01 4.199757E-02 3.417616E-01 1.704871E-01 -1.381239E+00 5.732499E-01 -1.405953E-01 9.359931E-01 2.720896E-02 4.824659E-03 4.345025E+00 5.977380E+00 
1.711824E-01 3.064457E-03 3.378066E-01 1.729251E-01 -1.312029E+00 5.822834E-01 -1.269572E-01 1.067654E+00 2.849405E-02 2.520113E-03 4.247481E+00 8.701102E+00 
1.671688E-01 4.082975E-03 3.524107E-01 1.768292E-01 -1.426013E+00 5.522265E-01 -1.115878E-01 9.094554E-01 2.892352E-02 4.893580E-04 4.234887E+00 9.213393E+00 
1.794122E-01 7.511303E-03 3.493703E-01 1.878798E-01 -1.424496E+00 5.844493E-01 -1.633763E-01 9.630195E-01 3.015872E-02 1.583073E-03 4.164718E+00 9.650134E+00 
1.652260E-01 6.285750E-03 3.554359E-01 1.788036E-01 -1.469930E+00 5.754176E-01 -1.083572E-01 8.926954E-01 2.991033E-02 1.607555E-03 3.860005E+00 9.262881E+00 
1.615128E-01 5.593248E-03 3.411767E-01 1.766795E-01 -1.631865E+00 5.703899E-01 -1.200609E-01 9.332195E-01 2.787098E-02 2.352167E-03 4.126487E+00 8.572639E+00 
1.672284E-01 1.111937E-03 3.372096E-01 1.732655E-01 -1.519072E+00 5.868388E-01 -3.980668E-02 9.580762E-01 3.046543E-02 1.971501E-03 4.471231E+00 9.656028E+00 
1.564161E-01 8.328886E-03 3.379362E-01 1.771515E-01 -1.480414E+00 5.870073E-01 -8.431295E-02 9.313675E-01 2.740610E-02 6.263762E-04 4.198248E+00 9.136220E+00 
1.878483E-01 2.457798E-02 3.418952E-01 1.542938E-01 -1.451522E+00 5.987340E-01 -1.492464E-01 9.015130E-01 2.995804E-02 3.113358E-04 3.983860E+00 9.244227E+00 
1.472539E-01 3.004682E-03 3.599364E-01 1.694971E-01 -1.541692E+00 5.771933E-01 -7.818420E-02 9.265207E-01 2.822516E-02 1.627246E-03 4.529732E+00 9.505243E+00 
1.587368E-01 5.655229E-03 3.308307E-01 1.747808E-01 -1.524293E+00 5.759963E-01 -1.098433E-01 1.053245E+00 2.693567E-02 2.026083E-03 4.064307E+00 9.093107E+00 
1.622433E-01 2.445749E-02 3.502224E-01 1.741598E-01 -1.330922E+00 5.833243E-01 -1.380251E-01 9.254380E-01 2.692673E-02 2.861907E-04 4.380246E+00 9.017584E+00 
1.703683E-01 7.145134E-03 3.440353E-01 1.806853E-01 -1.440200E+00 5.973071E-01 -5.725921E-02 8.840612E-01 2.792339E-02 2.742083E-04 3.992766E+00 9.368503E+00 
1.455113E-01 4.727967E-03 3.553950E-01 1.722737E-01 -1.478880E+00 5.490932E-01 -1.718937E-01 9.320780E-01 2.939006E-02 1.194836E-03 5.299442E+00 9.194239E+00 
1.604844E-01 5.223846E-03 3.502663E-01 1.674869E-01 -1.442030E+00 5.788072E-01 -1.006620E-01 9.067505E-01 2.713025E-02 1.773227E-03 4.292888E+00 9.454965E+00 
1.547295E-01 1.005315E-02 3.448040E-01 1.771402E-01 -1.592887E+00 5.836423E-01 -1.490235E-01 1.001343E+00 2.240529E-02 4.734411E-04 3.604537E+00 9.537028E+00 
1.619519E-01 4.611197E-03 3.708440E-01 1.710537E-01 -1.434635E+00 5.855914E-01 -1.155624E-01 9.269204E-01 2.982936E-02 2.322714E-03 4.407333E+00 9.259577E+00 
6.546221E-02 1.474964E-02 3.214003E-01 1.439178E-01 -1.030401E+00 5.325780E-01 -1.078863E-01 1.086851E+00 3.505374E-02 1.224201E-03 3.933524E+00 1.465211E+01 
1.705705E-01 7.747399E-03 3.562913E-01 1.754953E-01 -1.462194E+00 5.820095E-01 -1.143860E-01 9.203974E-01 2.549876E-02 1.892426E-03 4.480415E+00 1.031457E+01 
1.765945E-01 1.000000E-04 3.337823E-01 1.855526E-01 -1.380375E+00 5.900581E-01 -5.521433E-02 9.407548E-01 2.723090E-02 2.004881E-03 4.465868E+00 9.961380E+00 
1.636185E-01 8.340771E-03 3.519688E-01 1.736042E-01 -1.396012E+00 5.644099E-01 -1.319033E-01 9.382618E-01 2.937059E-02 1.619647E-03 4.144811E+00 9.186231E+00 
1.691166E-01 5.998159E-03 3.482053E-01 1.798653E-01 -1.467401E+00 5.970061E-01 -9.556010E-02 9.269825E-01 3.024931E-02 1.246237E-03 3.111196E+00 1.010066E+01 
1.683200E-01 7.214247E-03 3.683111E-01 1.763003E-01 -1.338931E+00 5.656697E-01 -9.676813E-02 9.233369E-01 2.671904E-02 1.139181E-03 3.435224E+00 1.002843E+01 
1.797181E-01 4.224287E-03 3.483125E-01 1.766877E-01 -1.307063E+00 5.977721E-01 -1.768767E-01 9.381397E-01 2.754272E-02 1.505979E-03 4.331214E+00 1.287455E+01 
1.825465E-01 3.112751E-02 3.318677E-01 1.786120E-01 -1.441073E+00 5.325540E-01 -3.075432E-02 8.777630E-01 3.201419E-02 1.090067E-03 3.980694E+00 1.171437E+01 
1.866581E-01 1.358485E-03 3.608985E-01 1.751085E-01 -1.226837E+00 5.231781E-01 -1.322021E-01 9.256609E-01 3.086478E-02 2.417756E-03 3.866259E+00 9.375467E+00 
1.703558E-01 6.469707E-03 3.467427E-01 1.737848E-01 -1.347338E+00 5.743577E-01 -1.147984E-01 9.436852E-01 2.963069E-02 2.197135E-03 4.217140E+00 9.235754E+00 
1.668181E-01 1.929059E-02 3.498443E-01 1.648678E-01 -1.459755E+00 6.000000E-01 -1.005128E-01 1.025971E+00 2.971734E-02 8.781054E-03 3.519389E+00 9.877253E+00 
1.697252E-01 8.543528E-03 3.529068E-01 1.778080E-01 -1.471403E+00 5.730580E-01 -1.139909E-01 9.610921E-01 2.898943E-02 1.372240E-03 4.664816E+00 1.052267E+01 
1.811522E-01 7.016386E-03 3.608619E-01 1.803228E-01 -1.303280E+00 5.922144E-01 -1.729806E-01 8.502722E-01 2.910405E-02 2.424902E-03 4.280618E+00 8.440381E+00 
1.872931E-01 1.188233E-02 3.610715E-01 1.842992E-01 -1.532736E+00 5.845677E-01 -1.366789E-01 8.429587E-01 2.984720E-02 2.256672E-03 3.998752E+00 7.756982E+00 
1.578859E-01 3.408242E-03 3.647847E-01 1.730455E-01 -1.498879E+00 5.874211E-01 -5.135977E-02 9.050946E-01 3.041612E-02 1.574884E-03 4.050726E+00 9.299811E+00 
1.636729E-01 4.113228E-03 3.453919E-01 1.758287E-01 -1.539126E+00 5.744706E-01 -1.314993E-01 9.862434E-01 2.940421E-02 9.922974E-04 4.424784E+00 8.334876E+00 
1.614373E-01 4.697677E-03 3.582406E-01 1.725841E-01 -1.464689E+00 4.209637E-01 -8.504337E-02 9.457848E-01 2.691693E-02 1.354428E-03 4.320545E+00 8.585504E+00 
1.707420E-01 7.094058E-03 3.563887E-01 1.769161E-01 -1.331663E+00 5.371353E-01 -1.640417E-01 1.035202E+00 2.721494E-02 3.895545E-03 3.847374E+00 9.346932E+00 
1.893299E-01 2.007132E-04 3.404741E-01 1.790505E-01 -1.385055E+00 5.764311E-01 -1.135925E-01 9.560158E-01 2.743307E-02 2.667966E-03 4.200505E+00 8.510510E+00 
1.589763E-01 1.957012E-02 3.666614E-01 1.724680E-01 -1.505818E+00 5.461042E-01 -1.026963E-01 9.288124E-01 3.025387E-02 1.353783E-03 4.580069E+00 9.337236E+00 
1.664388E-01 7.455672E-03 3.484688E-01 1.764055E-01 -1.503106E+00 6.000000E-01 -1.158386E-01 1.021491E+00 2.768442E-02 2.171500E-03 4.116735E+00 9.242044E+00 
1.674730E-01 4.496516E-03 3.627398E-01 1.775682E-01 -1.551139E+00 5.905814E-01 -1.982216E-01 9.557997E-01 2.784534E-02 7.247328E-04 4.090888E+00 9.380849E+00 
1.777670E-01 6.267806E-03 3.582800E-01 1.749892E-01 -1.281561E+00 5.576723E-01 -1.116317E-01 8.602770E-01 2.837345E-02 2.737748E-03 4.271861E+00 9.294052E+00 
1.535904E-01 5.006392E-03 3.421234E-01 1.760169E-01 -1.407602E+00 5.876761E-01 -1.380175E-01 9.646083E-01 2.815320E-02 2.302167E-04 4.261166E+00 9.524755E+00 
1.617601E-01 6.334301E-03 3.587372E-01 1.727552E-01 -1.507835E+00 5.837215E-01 -1.342204E-01 9.465123E-01 2.861771E-02 1.304911E-03 4.120010E+00 8.044136E+00 
1.675847E-01 4.002288E-02 3.338147E-01 1.641374E-01 -1.351440E+00 3.952144E-01 -1.090295E-01 9.269043E-01 2.992990E-02 3.254000E-03 4.038047E+00 1.043304E+01 
1.724898E-01 5.271449E-03 3.531577E-01 1.775688E-01 -1.350613E+00 5.899625E-01 -1.243936E-01 9.392651E-01 2.819831E-02 2.821871E-04 4.784224E+00 9.650742E+00 
1.897895E-01 7.524957E-03 3.568183E-01 1.756207E-01 -1.429002E+00 5.956806E-01 -1.438678E-01 9.927740E-01 2.809521E-02 4.303755E-04 4.405549E+00 8.412891E+00 
1.588463E-01 6.939088E-03 3.443590E-01 1.729340E-01 -1.462665E+00 5.842246E-01 -1.579594E-01 9.514841E-01 2.568362E-02 1.305556E-03 4.220082E+00 9.492393E+00 
1.679940E-01 7.518182E-03 3.404643E-01 1.750859E-01 -1.469637E+00 5.808566E-01 -1.395013E-01 9.625350E-01 2.914612E-02 2.346270E-04 4.283646E+00 8.312157E+00 
1.705883E-01 6.854943E-03 3.574980E-01 1.755085E-01 -1.586689E+00 5.876735E-01 -8.298216E-02 8.404697E-01 2.775482E-02 1.887850E-03 4.082033E+00 8.758959E+00 
1.630379E-01 5.723891E-03 3.503221E-01 1.726262E-01 -1.391672E+00 5.797992E-01 -1.311680E-01 9.931600E-01 2.643084E-02 1.292066E-03 4.016703E+00 9.443112E+00 
1.442048E-01 7.196737E-03 3.535629E-01 1.716268E-01 -1.383232E+00 5.577652E-01 -1.597230E-01 9.724374E-01 2.917777E-02 3.269590E-03 4.722206E+00 9.545750E+00 
4.915333E-02 2.466172E-02 3.483056E-01 1.657645E-01 -1.461154E+00 5.102160E-01 -8.975662E-02 9.414703E-01 3.125000E-02 8.519792E-03 3.694683E+00 9.640183E+00 
1.487373E-01 7.320297E-03 3.713432E-01 1.725807E-01 -1.309423E+00 5.956957E-01 -1.416046E-01 9.551472E-01 2.667697E-02 3.581369E-03 4.519989E+00 9.152671E+00 
1.764354E-01 5.278649E-03 3.228089E-01 1.845652E-01 -1.338421E+00 5.515598E-01 -1.210436E-01 1.005992E+00 2.903270E-02 1.068690E-03 4.573057E+00 7.305138E+00 
1.685253E-01 1.155607E-02 3.448272E-01 1.892169E-01 -1.748748E+00 6.000000E-01 -2.773831E-02 9.839077E-01 2.706163E-02 3.837187E-03 4.143153E+00 8.475722E+00 
1.704757E-01 5.623755E-03 3.458206E-01 1.788993E-01 -1.394151E+00 5.905389E-01 -1.412755E-01 1.007538E+00 2.793327E-02 1.110941E-03 4.229477E+00 1.041715E+01 
1.597797E-01 5.677081E-03 3.366765E-01 1.760340E-01 -1.514285E+00 5.722785E-01 -8.245643E-02 9.190041E-01 2.924514E-02 9.226015E-04 3.806333E+00 9.823062E+00 
1.683727E-01 5.907241E-03 3.617674E-01 1.828136E-01 -1.472448E+00 5.635629E-01 -1.361023E-01 9.319918E-01 3.060789E-02 1.474440E-03 4.218994E+00 8.779030E+00 
1.737985E-01 6.386023E-03 3.468148E-01 1.674377E-01 -1.363135E+00 5.960322E-01 -7.775018E-02 9.408297E-01 2.714135E-02 7.519918E-04 4.117591E+00 9.691495E+00 
1.860751E-01 2.979392E-03 3.533535E-01 1.747271E-01 -1.312855E+00 5.917819E-01 -1.596404E-01 1.059288E+00 2.742228E-02 1.734484E-03 4.293194E+00 9.197119E+00 
1.077589E-01 5.418568E-03 4.124441E-01 1.650013E-01 -1.427906E+00 3.279014E-01 -1.000000E-02 6.273646E-01 2.745117E-02 2.626676E-03 3.914557E+00 1.295443E+01 
1.552769E-01 8.538242E-03 3.335431E-01 1.759137E-01 -1.627031E+00 6.000000E-01 -8.233222E-02 9.453618E-01 2.606750E-02 1.902508E-03 4.466109E+00 1.062525E+01 
1.585057E-01 6.108611E-03 3.476518E-01 1.735077E-01 -1.635298E+00 5.796319E-01 -8.977906E-02 9.327168E-01 2.770973E-02 7.964669E-04 4.383303E+00 9.252500E+00 
1.519799E-01 2.515382E-02 3.476903E-01 1.692831E-01 -1.322636E+00 6.000000E-01 -9.931604E-02 9.626215E-01 3.099713E-02 1.232368E-03 3.225509E+00 8.876024E+00 
9.409469E-02 2.147904E-03 3.671230E-01 1.890906E-01 -1.420718E+00 6.000000E-01 -7.681196E-02 1.009307E+00 2.887089E-02 2.473771E-03 4.283605E+00 8.900326E+00 
1.719233E-01 6.942200E-03 3.505053E-01 1.871189E-01 -1.493893E+00 5.812484E-01 -2.000000E-01 9.455243E-01 2.904822E-02 8.100092E-04 4.192601E+00 8.547495E+00 
1.610738E-01 9.105868E-03 3.577979E-01 1.723393E-01 -1.531856E+00 5.914048E-01 -1.255351E-01 9.290338E-01 2.687297E-02 1.824879E-03 4.409902E+00 9.287582E+00 
1.556539E-01 1.824492E-03 3.345399E-01 1.773424E-01 -1.436860E+00 5.726079E-01 -1.240176E-01 9.100398E-01 2.777970E-02 2.680045E-03 4.209749E+00 8.343332E+00 
1.585974E-01 6.650607E-03 3.692968E-01 1.750060E-01 -1.452033E+00 6.000000E-01 -8.673808E-02 9.065182E-01 2.997392E-02 1.440935E-03 4.233051E+00 8.155631E+00 
1.697555E-01 9.882235E-03 3.597357E-01 1.712747E-01 -1.420442E+00 5.955634E-01 -1.031351E-01 9.782093E-01 2.913903E-02 1.897117E-03 4.335815E+00 9.305998E+00 
1.690683E-01 5.465386E-03 3.439494E-01 1.712846E-01 -1.389801E+00 5.703942E-01 -1.599828E-01 8.156506E-01 2.971788E-02 8.256389E-04 3.887383E+00 8.297465E+00 
1.710342E-01 8.630340E-03 3.382218E-01 1.821171E-01 -1.378345E+00 5.659336E-01 -2.615856E-02 9.621374E-01 2.777180E-02 3.060873E-03 4.209606E+00 1.036422E+01 
1.755299E-01 5.726562E-03 3.649843E-01 1.737382E-01 -1.347179E+00 5.928618E-01 -1.917150E-01 9.601617E-01 2.832685E-02 1.768467E-03 4.348148E+00 8.693716E+00 
1.693268E-01 4.446939E-03 3.463377E-01 1.717328E-01 -1.493485E+00 5.838482E-01 -1.454672E-01 8.907623E-01 3.061582E-02 1.424633E-03 4.310077E+00 9.601961E+00 
1.424596E-01 7.664459E-03 3.428291E-01 1.735390E-01 -1.526776E+00 5.842122E-01 -1.258922E-01 1.037369E+00 2.917119E-02 1.658086E-03 4.046122E+00 8.340201E+00 
1.707326E-01 6.180984E-03 3.590953E-01 1.759107E-01 -1.478267E+00 5.872482E-01 -1.667967E-01 9.229108E-01 2.758828E-02 1.881221E-03 4.218616E+00 9.595591E+00 
1.548956E-01 7.374355E-03 3.490457E-01 1.665593E-01 -1.476128E+00 5.845779E-01 -1.036547E-01 9.254793E-01 2.868324E-02 1.944957E-03 4.430164E+00 9.666431E+00 
1.519570E-01 3.302296E-03 3.417908E-01 1.746572E-01 -1.388114E+00 5.773308E-01 -7.581572E-02 1.037906E+00 2.861210E-02 3.365520E-03 3.699022E+00 8.554423E+00 
1.319324E-01 1.476380E-03 3.466319E-01 1.750088E-01 -1.503118E+00 6.000000E-01 -9.155820E-02 9.651390E-01 2.920010E-02 6.073478E-04 4.373151E+00 9.877689E+00 
1.544520E-01 9.101901E-03 3.497448E-01 1.755870E-01 -1.481948E+00 5.707515E-01 -1.533031E-01 9.616543E-01 2.943779E-02 1.451243E-03 4.256069E+00 8.702680E+00 
1.495502E-01 8.988106E-03 3.380386E-01 1.735555E-01 -1.342640E+00 5.875591E-01 -9.871050E-02 1.084812E+00 2.778928E-02 3.275645E-03 4.236575E+00 8.342977E+00 
1.597485E-01 6.233573E-03 3.868313E-01 1.726502E-01 -1.386292E+00 6.000000E-01 -1.067779E-01 9.594990E-01 2.971781E-02 1.228140E-03 4.363039E+00 9.344035E+00 
1.472376E-01 1.000000E-04 3.419122E-01 1.805841E-01 -1.459482E+00 6.000000E-01 -7.669987E-02 1.058026E+00 2.841908E-02 3.302093E-03 4.196225E+00 8.390194E+00 
1.537123E-01 3.389458E-03 3.349569E-01 1.724822E-01 -1.348765E+00 5.631142E-01 -4.540600E-02 1.058129E+00 2.744150E-02 1.008404E-03 3.312426E+00 1.009587E+01 
1.224946E-01 7.288992E-03 3.375571E-01 1.688873E-01 -1.341213E+00 5.820205E-01 -4.950194E-02 9.392647E-01 2.673039E-02 2.486146E-03 4.274424E+00 1.017448E+01 
1.779947E-01 9.200557E-03 3.508131E-01 1.797288E-01 -1.478907E+00 5.450289E-01 -8.502400E-02 9.218665E-01 2.732441E-02 6.953815E-04 3.794744E+00 6.874249E+00 
1.626311E-01 1.000000E-04 3.446313E-01 1.790583E-01 -1.454122E+00 5.958509E-01 -9.710822E-02 9.414895E-01 2.885947E-02 9.772727E-04 4.363463E+00 8.524221E+00 
1.588524E-01 3.140533E-03 3.546550E-01 1.733292E-01 -1.467694E+00 5.979143E-01 -1.032498E-01 8.879860E-01 2.811852E-02 1.533476E-03 4.358593E+00 9.510491E+00 
1.637880E-01 5.950284E-03 3.542896E-01 1.712569E-01 -1.501602E+00 5.696413E-01 -8.280373E-02 9.167822E-01 3.008179E-02 2.900172E-03 3.981204E+00 1.032913E+01 
1.688921E-01 5.761926E-03 3.567330E-01 1.753445E-01 -1.348252E+00 5.989679E-01 -7.963953E-02 9.807956E-01 2.943831E-02 8.437919E-04 4.112660E+00 1.016795E+01 
1.285747E-01 1.681764E-02 3.196540E-01 1.593961E-01 -1.369959E+00 4.597864E-01 -7.795617E-02 8.133060E-01 2.848049E-02 3.053868E-03 4.036547E+00 9.869424E+00 
1.584868E-01 5.886346E-03 3.568641E-01 1.830810E-01 -1.409502E+00 5.901209E-01 -1.063684E-01 9.380727E-01 2.722094E-02 8.350024E-04 4.622381E+00 9.524683E+00 
1.471387E-01 1.538103E-02 3.528154E-01 1.769672E-01 -1.618459E+00 4.239760E-01 -1.000000E-02 9.291534E-01 2.862560E-02 2.397795E-04 4.097090E+00 9.783418E+00 
1.492452E-01 1.218098E-02 3.531981E-01 1.711777E-01 -1.461085E+00 5.447375E-01 -8.036794E-02 9.473562E-01 2.730184E-02 4.070340E-04 4.723617E+00 8.281877E+00 
1.751229E-01 9.194173E-03 3.592764E-01 1.775297E-01 -1.505401E+00 5.782411E-01 -1.122782E-01 8.910947E-01 2.957954E-02 1.559586E-03 4.068932E+00 9.661385E+00 
1.623168E-01 5.123021E-03 3.440324E-01 1.737024E-01 -1.462150E+00 5.861653E-01 -1.253409E-01 1.015373E+00 2.982706E-02 2.058936E-03 4.158953E+00 8.544844E+00 
1.775363E-01 1.000000E-04 3.498554E-01 1.617019E-01 -1.311212E+00 5.017300E-01 -6.806950E-02 9.382521E-01 2.993818E-02 2.909129E-03 3.881052E+00 1.061837E+01 
1.652116E-01 7.571241E-03 3.446231E-01 1.789235E-01 -1.426100E+00 5.865457E-01 -1.353611E-01 9.271600E-01 2.334570E-02 1.978842E-03 4.570608E+00 8.743178E+00 
1.642118E-01 5.324648E-03 3.472330E-01 1.749715E-01 -1.514341E+00 5.769551E-01 -1.076865E-01 1.076554E+00 2.585012E-02 2.678489E-03 3.849082E+00 8.019988E+00 
1.706052E-01 7.676068E-03 3.510071E-01 1.730564E-01 -1.474619E+00 5.909080E-01 -1.000168E-01 9.856387E-01 2.910015E-02 2.183967E-04 4.196081E+00 8.819016E+00 
1.662050E-01 6.771572E-03 3.219290E-01 1.781537E-01 -1.245994E+00 5.796179E-01 -7.874514E-02 1.004082E+00 2.823473E-02 1.926532E-03 4.406661E+00 8.608351E+00 
1.491581E-01 3.199209E-03 3.455073E-01 1.715204E-01 -1.709487E+00 5.109309E-01 -1.334796E-01 9.105218E-01 2.825116E-02 1.227498E-03 3.969404E+00 9.736551E+00 
1.681493E-01 1.153974E-02 3.480960E-01 1.769468E-01 -1.454595E+00 5.831026E-01 -8.526412E-02 9.883900E-01 2.880737E-02 4.509945E-03 2.774660E+00 7.500796E+00 
1.688148E-01 6.152141E-03 3.540338E-01 1.768902E-01 -1.373825E+00 5.845626E-01 -8.506749E-02 9.026976E-01 2.708775E-02 6.587683E-04 4.060248E+00 8.393636E+00 
1.715890E-01 2.300748E-02 3.627476E-01 1.783389E-01 -1.104936E+00 6.000000E-01 -1.732284E-01 1.000623E+00 2.779025E-02 3.059512E-03 3.786902E+00 9.870739E+00 
1.631221E-01 7.826183E-03 3.565531E-01 1.597515E-01 -1.508623E+00 5.728230E-01 -7.698681E-02 9.035902E-01 2.950017E-02 5.121615E-04 4.282358E+00 8.433752E+00 
1.594895E-01 6.262265E-03 3.584164E-01 1.599980E-01 -1.458825E+00 5.347375E-01 -8.262390E-02 9.341612E-01 2.430695E-02 8.516974E-04 4.833174E+00 9.853811E+00 
1.599133E-01 1.401010E-02 3.335104E-01 1.718733E-01 -1.373343E+00 6.000000E-01 -1.484421E-01 9.361565E-01 2.753265E-02 2.612717E-03 4.279325E+00 1.148668E+01 
1.802141E-01 4.607493E-03 3.526429E-01 1.702504E-01 -1.432666E+00 5.874927E-01 -8.006643E-02 9.401891E-01 3.220248E-02 2.921365E-03 4.376497E+00 8.937032E+00 
1.691525E-01 5.764486E-03 3.629737E-01 1.751589E-01 -1.530255E+00 5.751529E-01 -7.547405E-02 9.473787E-01 2.875957E-02 2.037390E-03 4.221343E+00 8.409259E+00 
1.168685E-01 2.164976E-02 3.582444E-01 1.644772E-01 -1.275269E+00 4.287611E-01 -1.015904E-01 1.062423E+00 3.059284E-02 1.574856E-03 6.454654E+00 1.031071E+01 
1.631484E-01 6.089424E-03 3.540084E-01 1.741129E-01 -1.466414E+00 5.768877E-01 -1.039481E-01 9.667615E-01 2.956767E-02 9.075807E-04 4.303505E+00 8.983180E+00 
1.934946E-01 5.595550E-03 3.560142E-01 1.777746E-01 -1.460264E+00 5.836434E-01 -1.091256E-01 9.242792E-01 2.611125E-02 3.681161E-03 4.383395E+00 9.355793E+00 
1.545497E-01 6.569063E-03 3.338999E-01 1.715493E-01 -1.596669E+00 5.823105E-01 -1.254669E-01 1.002966E+00 2.756054E-02 1.433674E-03 4.107465E+00 9.598143E+00 
1.426684E-01 5.998880E-03 3.541027E-01 1.808401E-01 -1.460417E+00 4.492240E-01 -4.969516E-02 9.557615E-01 2.907335E-02 1.565743E-04 4.210182E+00 8.558421E+00 
1.601542E-01 1.000000E-04 3.554215E-01 1.803957E-01 -1.636985E+00 5.913733E-01 -6.130440E-02 8.800468E-01 3.048088E-02 1.210075E-03 4.621278E+00 1.087912E+01 
1.583233E-01 8.554526E-03 3.517535E-01 1.783602E-01 -1.375515E+00 5.770722E-01 -9.600878E-02 9.722321E-01 2.803710E-02 2.077590E-03 4.375065E+00 7.923742E+00 
1.376683E-01 6.380689E-03 3.232270E-01 1.635633E-01 -1.289775E+00 5.452661E-01 -4.563601E-02 9.234111E-01 2.955018E-02 5.323965E-03 2.896397E+00 1.118476E+01 
1.560650E-01 3.024398E-03 3.765857E-01 1.553792E-01 -1.584198E+00 5.965814E-01 -7.647646E-02 9.782700E-01 1.916811E-02 1.163405E-03 4.373021E+00 8.720250E+00 
1.532445E-01 7.822123E-03 3.612724E-01 1.769016E-01 -1.391986E+00 5.790889E-01 -7.610574E-02 9.959167E-01 2.727268E-02 3.078831E-03 3.893330E+00 9.141430E+00 
1.561728E-01 6.098681E-03 3.643074E-01 1.783336E-01 -1.458449E+00 5.909710E-01 -1.137682E-01 9.099806E-01 2.792403E-02 1.337107E-03 4.465095E+00 8.173344E+00 
1.588384E-01 1.000000E-04 3.533943E-01 1.782657E-01 -1.622228E+00 6.000000E-01 -1.905020E-01 9.225629E-01 2.937367E-02 1.618327E-03 4.336057E+00 8.358660E+00 
1.601076E-01 6.798098E-03 3.335229E-01 1.786065E-01 -1.334270E+00 5.783595E-01 -5.157086E-02 1.003364E+00 2.706388E-02 1.683272E-03 4.413569E+00 9.155530E+00 
1.795509E-01 6.771060E-03 3.681811E-01 1.790816E-01 -1.326244E+00 5.955278E-01 -9.045018E-02 9.005022E-01 2.861958E-02 1.345090E-03 4.582258E+00 1.054002E+01 
1.581899E-01 6.367927E-03 3.482170E-01 1.767693E-01 -1.465734E+00 5.785649E-01 -1.074973E-01 9.007965E-01 2.738639E-02 1.808895E-03 4.836095E+00 8.074088E+00 
1.660861E-01 4.152587E-03 3.372882E-01 1.745571E-01 -1.458172E+00 5.678913E-01 -1.064387E-01 9.765407E-01 2.676082E-02 1.272083E-03 4.039742E+00 9.085298E+00 
1.697241E-01 6.082726E-03 3.401194E-01 1.776301E-01 -1.479294E+00 5.723754E-01 -1.068745E-01 9.277128E-01 2.819288E-02 1.582534E-03 4.454248E+00 8.910321E+00 
1.738244E-01 8.361784E-03 3.558139E-01 1.827341E-01 -1.461038E+00 5.886743E-01 -1.175336E-01 9.006940E-01 3.012652E-02 8.213001E-04 4.000090E+00 1.029843E+01 
1.681075E-01 4.884543E-03 3.589009E-01 1.762450E-01 -1.554764E+00 5.957485E-01 -1.117215E-01 1.048953E+00 2.919289E-02 1.159201E-03 4.007209E+00 9.497840E+00 
1.649409E-01 3.687417E-03 3.515351E-01 1.790095E-01 -1.489099E+00 5.461054E-01 -8.349804E-02 9.170024E-01 2.803679E-02 0.000000E+00 4.357497E+00 8.961972E+00 
1.595194E-01 7.399952E-03 3.371309E-01 1.738277E-01 -1.383030E+00 5.817658E-01 -9.292941E-02 9.040193E-01 2.615894E-02 1.550610E-03 4.295730E+00 9.794100E+00 
1.221369E-01 1.702970E-02 3.503460E-01 1.718339E-01 -1.297680E+00 5.591224E-01 -7.821168E-02 9.486698E-01 2.845952E-02 2.637108E-03 4.095861E+00 9.110221E+00 
1.608785E-01 5.552650E-03 3.366091E-01 1.745362E-01 -1.457005E+00 5.453362E-01 -1.332667E-01 9.691064E-01 3.081291E-02 9.411282E-04 4.243804E+00 9.648515E+00 
1.683137E-01 3.683637E-03 3.626867E-01 1.711012E-01 -1.435023E+00 5.809271E-01 -1.281407E-01 9.963064E-01 2.869801E-02 2.431691E-03 4.258798E+00 8.954282E+00 
1.563877E-01 4.821925E-03 3.550280E-01 1.730794E-01 -1.612721E+00 5.887152E-01 -7.779637E-02 9.394692E-01 3.034897E-02 1.057473E-03 4.311368E+00 9.535046E+00 
1.426016E-01 5.064198E-03 3.460999E-01 1.793086E-01 -1.385782E+00 5.708144E-01 -9.472147E-02 1.032443E+00 2.803797E-02 1.015153E-03 3.745991E+00 9.090558E+00 
2.000000E-01 8.989453E-03 3.544033E-01 1.763836E-01 -1.258693E+00 5.516826E-01 -9.460085E-02 9.511973E-01 2.803592E-02 1.121650E-02 3.910831E+00 1.111529E+01 
1.568834E-02 8.002652E-03 3.280140E-01 1.733159E-01 -1.274946E+00 5.185513E-01 -1.237628E-01 8.673225E-01 3.060365E-02 8.038089E-03 2.815956E+00 9.638772E+00 
1.367582E-01 4.013334E-03 3.411748E-01 1.784970E-01 -1.540034E+00 5.755719E-01 -7.546503E-02 1.008673E+00 2.788057E-02 5.162252E-03 3.818999E+00 8.181295E+00 
1.511486E-01 7.319945E-03 3.278587E-01 1.849471E-01 -1.419806E+00 5.414983E-01 -1.290512E-01 9.684443E-01 2.977838E-02 1.750767E-03 4.341238E+00 9.179059E+00 
1.611930E-01 5.835068E-03 3.495818E-01 1.779776E-01 -1.440600E+00 5.848240E-01 -7.526914E-02 9.952531E-01 2.935522E-02 1.373895E-03 3.830922E+00 8.746366E+00 
1.263320E-01 7.274293E-03 3.468238E-01 1.721435E-01 -1.314258E+00 5.739285E-01 -6.526771E-02 9.148419E-01 2.696267E-02 3.577569E-03 4.818906E+00 8.966203E+00 
1.692660E-01 4.509092E-03 3.566584E-01 1.746238E-01 -1.544425E+00 5.936332E-01 -9.180250E-02 9.386704E-01 2.785693E-02 0.000000E+00 3.990866E+00 9.479372E+00 
1.753997E-01 5.392355E-03 3.441616E-01 1.758073E-01 -1.442818E+00 5.834031E-01 -1.440067E-01 1.061961E+00 2.762969E-02 1.680963E-03 4.425226E+00 7.763142E+00 
1.383498E-01 1.278101E-02 3.533868E-01 1.584611E-01 -1.408024E+00 4.640504E-01 -1.498891E-01 9.299070E-01 2.704116E-02 2.519612E-03 4.803423E+00 9.924567E+00 
1.631458E-01 8.002983E-03 3.543393E-01 1.744590E-01 -1.471367E+00 5.427692E-01 -7.753541E-02 9.773821E-01 2.876897E-02 6.926600E-04 4.124333E+00 9.073292E+00 
1.656111E-01 3.559985E-03 3.626448E-01 1.754882E-01 -1.413549E+00 5.892370E-01 -9.853167E-02 9.556435E-01 2.819013E-02 1.402944E-03 4.303406E+00 8.775682E+00 
1.476059E-01 1.226206E-02 3.370220E-01 1.652953E-01 -1.386654E+00 3.736793E-01 -8.053018E-02 9.126719E-01 2.717952E-02 0.000000E+00 4.039670E+00 1.063533E+01 
1.464165E-01 6.027434E-03 3.363895E-01 1.749344E-01 -1.412496E+00 5.575235E-01 -3.278131E-02 9.087732E-01 2.590888E-02 1.431777E-03 4.134254E+00 9.422230E+00 
1.704538E-01 1.021264E-02 3.532889E-01 1.732442E-01 -1.435081E+00 5.752297E-01 -1.394055E-01 9.958442E-01 2.966987E-02 1.674774E-03 4.434308E+00 9.638315E+00 
1.282934E-01 4.152831E-03 3.584514E-01 1.753183E-01 -1.408146E+00 5.664215E-01 -1.372700E-01 8.646945E-01 2.690465E-02 7.273635E-04 4.439395E+00 8.298268E+00 
1.550455E-01 5.398107E-03 3.194634E-01 1.699348E-01 -1.446257E+00 6.000000E-01 -1.910577E-01 9.924466E-01 2.923076E-02 1.224132E-03 4.458738E+00 8.428826E+00 
1.623794E-01 6.963090E-03 3.469142E-01 1.774886E-01 -1.527899E+00 5.824704E-01 -1.407046E-01 9.236582E-01 2.706191E-02 2.220338E-03 4.185998E+00 9.790410E+00 
1.633852E-01 7.845947E-03 3.589116E-01 1.774637E-01 -1.517177E+00 5.892752E-01 -1.093681E-01 8.919290E-01 2.807259E-02 1.866934E-03 4.043400E+00 9.385213E+00 
1.729097E-01 1.438892E-02 3.373762E-01 1.762333E-01 -1.522529E+00 4.858743E-01 -1.474937E-01 9.469652E-01 2.587500E-02 2.097394E-03 4.316655E+00 7.280386E+00 
1.623034E-01 6.868110E-03 3.190943E-01 1.758538E-01 -1.530782E+00 5.854772E-01 -1.062864E-01 1.023759E+00 2.872681E-02 1.343403E-03 4.378762E+00 9.681455E+00 
1.540403E-01 1.158185E-02 3.547698E-01 1.660157E-01 -1.582533E+00 5.187536E-01 -7.557125E-02 9.987528E-01 3.025949E-02 1.111964E-03 4.482931E+00 1.037783E+01 
1.656617E-01 5.479822E-03 3.412468E-01 1.768757E-01 -1.483341E+00 5.575714E-01 -1.577904E-01 9.293849E-01 2.762899E-02 1.098947E-03 3.825464E+00 9.612074E+00 
9.499289E-02 1.066523E-02 3.542844E-01 1.716293E-01 -1.448269E+00 5.940744E-01 -7.764471E-02 9.549547E-01 2.914629E-02 1.931881E-03 3.759728E+00 9.455335E+00 
1.537077E-01 2.519217E-03 3.483415E-01 1.768263E-01 -1.358516E+00 5.869163E-01 -1.365924E-01 9.749214E-01 2.983978E-02 5.273273E-03 4.127558E+00 9.576126E+00 
1.658049E-01 5.639136E-03 3.603752E-01 1.728230E-01 -1.519405E+00 5.683799E-01 -1.290931E-01 9.256805E-01 2.794403E-02 1.110691E-03 4.487926E+00 8.589178E+00 
1.677608E-01 5.723988E-03 3.577570E-01 1.734947E-01 -1.410512E+00 5.734664E-01 -9.491315E-02 8.999695E-01 2.903759E-02 1.318360E-03 4.035259E+00 9.610462E+00 
1.679070E-01 1.273878E-02 3.576975E-01 1.874654E-01 -1.389899E+00 5.893448E-01 -6.222977E-02 9.224061E-01 2.968613E-02 1.157447E-03 3.803291E+00 9.814174E+00 
1.617850E-01 1.619653E-02 3.216040E-01 1.652566E-01 -1.399678E+00 5.749375E-01 -8.973042E-02 9.510605E-01 3.010275E-02 2.075509E-03 3.719530E+00 8.015288E+00 
9.032226E-02 4.744552E-02 3.694858E-01 1.538386E-01 -9.884147E-01 4.688739E-01 -1.223870E-01 9.451661E-01 3.288724E-02 9.694689E-03 5.198665E+00 1.262807E+01 
1.581108E-01 3.957018E-03 3.565302E-01 1.701897E-01 -1.397973E+00 5.636883E-01 -4.052776E-02 8.745282E-01 2.801018E-02 9.420216E-04 4.010262E+00 7.689438E+00 
1.524445E-01 1.000000E-04 3.558023E-01 1.756120E-01 -1.383937E+00 5.735608E-01 -1.524572E-01 9.465324E-01 2.752460E-02 1.838306E-03 4.352404E+00 9.438729E+00 
1.746227E-01 5.653868E-03 3.686361E-01 1.838747E-01 -1.479974E+00 5.968313E-01 -1.178763E-01 9.433932E-01 2.739774E-02 6.958834E-04 4.410889E+00 8.569497E+00 
1.745560E-01 7.403842E-03 3.276910E-01 1.776452E-01 -1.485039E+00 5.787878E-01 -1.161400E-01 9.020874E-01 3.018113E-02 1.363785E-03 4.005677E+00 9.316304E+00 
1.707154E-01 6.195641E-03 3.463049E-01 1.733607E-01 -1.538395E+00 5.391490E-01 -7.095962E-02 9.610910E-01 2.976575E-02 1.062906E-03 4.563642E+00 9.667701E+00 
1.588097E-01 7.311717E-03 3.513850E-01 1.765396E-01 -1.546719E+00 5.933073E-01 -1.967482E-01 1.029048E+00 2.962016E-02 6.927649E-04 4.043173E+00 8.371548E+00 
1.663287E-01 6.159610E-03 3.576197E-01 1.766977E-01 -1.482784E+00 5.949378E-01 -1.905157E-01 9.300513E-01 2.465552E-02 2.429617E-03 4.069866E+00 8.448997E+00 
1.671972E-01 8.236414E-03 3.539815E-01 1.896021E-01 -1.253748E+00 5.763979E-01 -1.188631E-01 9.692669E-01 2.764636E-02 4.098238E-04 4.381745E+00 9.720769E+00 
1.656206E-01 3.296842E-03 3.439857E-01 1.771667E-01 -1.421377E+00 5.872582E-01 -1.034881E-01 9.822154E-01 3.015242E-02 1.928093E-03 4.657633E+00 9.690777E+00 
1.623051E-01 9.003449E-03 3.460608E-01 1.851543E-01 -1.550384E+00 5.872111E-01 -1.293505E-01 9.629976E-01 2.821841E-02 4.695732E-03 4.614812E+00 7.914195E+00 
1.838782E-01 6.942562E-03 3.601301E-01 1.808316E-01 -1.449255E+00 5.865874E-01 -1.416554E-01 9.743698E-01 2.942418E-02 1.385863E-03 3.986291E+00 9.351506E+00 
1.662073E-01 3.296453E-03 3.438622E-01 1.718766E-01 -1.531252E+00 5.760604E-01 -1.329825E-01 9.200284E-01 2.873393E-02 1.687109E-03 4.528777E+00 9.795906E+00 
1.192535E-01 1.175285E-02 3.497794E-01 1.732691E-01 -1.203372E+00 5.470018E-01 -6.689375E-02 1.138392E+00 2.646745E-02 3.609462E-03 4.408278E+00 1.021009E+01 
1.689363E-01 7.190524E-03 3.458502E-01 1.736774E-01 -1.571328E+00 5.760764E-01 -1.906689E-01 9.568269E-01 2.693533E-02 2.797235E-03 4.118003E+00 9.420423E+00 
1.780615E-01 9.204220E-03 3.368003E-01 1.868455E-01 -1.412752E+00 5.682167E-01 -9.688759E-02 9.127282E-01 2.874676E-02 1.473022E-03 4.824859E+00 7.700288E+00 
1.736922E-01 7.319111E-03 3.453453E-01 1.771420E-01 -1.433196E+00 5.763454E-01 -8.777256E-02 9.661076E-01 2.943974E-02 4.193007E-03 3.994340E+00 9.878762E+00 
1.040045E-01 1.887001E-03 3.222018E-01 1.380131E-01 -1.241632E+00 5.309471E-01 -1.220714E-01 8.198888E-01 3.452756E-02 1.411919E-03 3.343001E+00 1.464171E+01 
1.708132E-01 1.017175E-02 3.570531E-01 1.752700E-01 -1.466083E+00 5.862705E-01 -1.072364E-01 9.791453E-01 2.842654E-02 2.404537E-03 4.251468E+00 8.053086E+00 
1.662075E-01 3.563535E-03 3.664349E-01 1.760722E-01 -1.221747E+00 5.700809E-01 -9.503017E-02 9.678104E-01 2.779253E-02 2.749749E-03 4.227466E+00 8.470107E+00 
1.836411E-01 4.271942E-04 3.631001E-01 1.622933E-01 -1.663594E+00 5.835008E-01 -1.841531E-01 9.350595E-01 2.868700E-02 1.359245E-03 4.551269E+00 8.592930E+00 
1.684648E-01 5.644715E-03 3.584522E-01 1.704450E-01 -1.403156E+00 5.842250E-01 -1.594940E-01 9.428296E-01 2.885805E-02 2.984745E-03 4.276627E+00 9.305844E+00 
1.616477E-01 2.883179E-03 3.519372E-01 1.816275E-01 -1.389535E+00 5.559753E-01 -7.441288E-02 9.404900E-01 2.764433E-02 2.910182E-03 3.912953E+00 1.021909E+01 
1.310499E-01 3.982212E-02 3.576853E-01 1.546796E-01 -1.146551E+00 3.941626E-01 -7.497292E-02 1.112476E+00 3.017600E-02 1.466279E-02 5.166564E+00 9.183855E+00 
1.743607E-01 2.881071E-03 3.404102E-01 1.744228E-01 -1.359232E+00 5.520784E-01 -8.915663E-02 1.052270E+00 2.776272E-02 2.863345E-03 3.892978E+00 9.617701E+00 
1.720886E-01 2.840262E-03 3.283944E-01 1.776451E-01 -1.665132E+00 5.697286E-01 -1.127372E-01 9.937304E-01 2.641507E-02 0.000000E+00 3.989952E+00 9.463371E+00 
1.760145E-01 4.810470E-03 3.500791E-01 1.715775E-01 -1.503333E+00 5.912945E-01 -1.306102E-01 9.400173E-01 2.392311E-02 3.152630E-03 4.296004E+00 1.090879E+01 
1.548502E-01 4.088096E-03 3.593033E-01 1.758093E-01 -1.295106E+00 5.793540E-01 -1.697846E-01 9.793367E-01 2.813106E-02 2.578863E-03 3.988845E+00 9.354315E+00 
1.329030E-01 5.120737E-03 3.648123E-01 1.752028E-01 -1.468497E+00 3.698299E-01 -2.880203E-02 9.814377E-01 2.673875E-02 1.435100E-02 4.007350E+00 8.412777E+00 
1.539871E-01 7.397545E-03 3.331123E-01 1.746144E-01 -1.495580E+00 5.715708E-01 -8.963614E-02 9.300089E-01 2.976794E-02 2.221093E-03 4.183140E+00 8.777283E+00 
1.582367E-01 1.393873E-02 3.652802E-01 1.738701E-01 -1.468924E+00 5.947594E-01 -1.988995E-01 9.346288E-01 2.573977E-02 3.916911E-03 4.046118E+00 9.619574E+00 
1.591765E-01 8.352031E-03 3.500656E-01 1.777235E-01 -1.435727E+00 5.963566E-01 -1.229165E-01 9.124937E-01 2.720712E-02 1.491366E-03 4.822725E+00 8.793250E+00 
1.676397E-01 6.355453E-03 3.401619E-01 1.741358E-01 -1.519137E+00 5.918633E-01 -1.246845E-01 9.708490E-01 2.769111E-02 1.135623E-03 4.298631E+00 9.671969E+00 
1.596315E-01 7.493084E-03 3.551507E-01 1.754834E-01 -1.516468E+00 5.566659E-01 -4.566019E-02 9.426749E-01 2.807401E-02 8.004342E-04 4.103635E+00 9.527676E+00 
1.699480E-01 6.273593E-03 3.461120E-01 1.807193E-01 -1.273115E+00 5.767725E-01 -1.146226E-01 9.237450E-01 2.821581E-02 4.293344E-03 4.458377E+00 9.633904E+00 
1.608632E-01 1.748383E-02 3.190236E-01 1.737171E-01 -1.480891E+00 5.703544E-01 -1.477305E-01 1.103461E+00 2.922312E-02 2.021852E-03 4.061054E+00 1.078008E+01 
1.574970E-01 1.268552E-02 3.449455E-01 1.896320E-01 -1.460373E+00 5.088366E-01 -1.430431E-01 9.862648E-01 2.946268E-02 6.921086E-04 4.491035E+00 7.852868E+00 
1.702191E-01 5.015853E-03 3.700669E-01 1.760432E-01 -1.343770E+00 5.876850E-01 -1.714104E-01 9.058088E-01 2.789520E-02 1.334850E-03 4.302452E+00 7.960986E+00 
1.773063E-01 7.786817E-03 3.524673E-01 1.768130E-01 -1.512238E+00 5.721330E-01 -8.191928E-02 9.385816E-01 3.027846E-02 2.357052E-03 3.880663E+00 8.293818E+00 
1.570434E-01 4.831527E-03 3.435778E-01 1.749388E-01 -1.602588E+00 5.692408E-01 -9.025490E-02 9.667448E-01 2.847301E-02 2.501922E-03 4.227141E+00 9.998402E+00 
1.562496E-01 6.671138E-03 3.585606E-01 1.748283E-01 -1.562010E+00 5.847955E-01 -4.378599E-02 9.326701E-01 2.812272E-02 2.014416E-03 4.212244E+00 9.019069E+00 
1.704510E-01 5.061737E-03 3.346029E-01 1.707261E-01 -1.548378E+00 5.833185E-01 -2.322322E-02 9.228259E-01 2.423305E-02 1.852535E-03 4.469894E+00 8.468893E+00 
1.548663E-01 1.113354E-02 3.392249E-01 1.658923E-01 -1.359459E+00 5.825902E-01 -1.191840E-01 1.034742E+00 2.837666E-02 1.883758E-03 4.236215E+00 1.019438E+01 
2.000000E-01 1.005767E-02 3.560185E-01 1.767398E-01 -1.537082E+00 5.387447E-01 -1.962876E-01 9.433464E-01 2.949189E-02 1.444380E-03 4.162605E+00 7.981769E+00 
1.515039E-01 6.966601E-03 3.360497E-01 1.665962E-01 -1.398729E+00 5.532557E-01 -9.801204E-02 9.787106E-01 2.937748E-02 2.810054E-03 4.063821E+00 9.562292E+00 
1.500483E-01 1.702480E-02 3.714122E-01 1.690497E-01 -1.606805E+00 5.522854E-01 -1.029955E-01 9.498184E-01 2.729728E-02 5.017889E-04 4.488608E+00 8.195318E+00 
1.685330E-01 1.253229E-02 3.539340E-01 1.748973E-01 -1.522750E+00 5.766952E-01 -9.841676E-02 9.961988E-01 2.973084E-02 2.744004E-03 4.584417E+00 9.187875E+00 
1.610492E-01 5.071953E-03 3.366513E-01 1.762208E-01 -1.283080E+00 5.835139E-01 -1.824741E-01 9.554546E-01 3.009819E-02 1.721217E-03 4.225502E+00 8.641228E+00 
1.561141E-01 3.753370E-03 3.302307E-01 1.700720E-01 -1.358041E+00 5.457057E-01 -9.847851E-02 8.821639E-01 3.015479E-02 2.634751E-03 4.093423E+00 8.699701E+00 
1.726221E-01 8.160303E-03 3.482192E-01 1.674044E-01 -1.316908E+00 5.952981E-01 -9.457243E-02 9.318485E-01 2.420279E-02 1.803270E-03 4.239156E+00 9.327670E+00 
1.667897E-01 1.179157E-02 3.373489E-01 1.776880E-01 -1.469009E+00 5.726020E-01 -3.415328E-02 9.107317E-01 2.963894E-02 1.050471E-02 4.056745E+00 9.148859E+00 
1.609491E-01 4.543998E-03 3.502089E-01 1.685945E-01 -1.392152E+00 6.000000E-01 -1.210030E-01 9.677170E-01 2.868720E-02 1.559170E-03 4.536363E+00 9.060740E+00 
1.081027E-01 4.334948E-02 3.157085E-01 1.388790E-01 -1.115576E+00 4.070086E-01 -1.887079E-01 9.741238E-01 2.935764E-02 9.930329E-04 4.424911E+00 9.261246E+00 
1.581273E-01 3.923873E-03 3.519978E-01 1.733517E-01 -1.297902E+00 5.694356E-01 -6.483101E-02 9.307731E-01 2.767298E-02 1.684881E-03 4.195989E+00 8.781510E+00 
2.000000E-01 2.145266E-03 3.328567E-01 1.759584E-01 -1.734296E+00 5.821777E-01 -1.762371E-01 9.775234E-01 2.673630E-02 0.000000E+00 4.124745E+00 1.043568E+01 
1.611595E-01 5.464148E-03 3.420019E-01 1.722107E-01 -1.514089E+00 5.953896E-01 -7.043236E-02 9.136616E-01 2.644355E-02 1.915871E-03 4.246354E+00 8.913882E+00 
1.575375E-01 1.000000E-04 3.712629E-01 1.778982E-01 -1.345218E+00 5.665129E-01 -7.823599E-02 1.023547E+00 2.740386E-02 2.052127E-03 4.272483E+00 8.454433E+00 
1.611579E-01 5.019118E-03 3.409493E-01 1.791951E-01 -1.481973E+00 5.442281E-01 -4.816449E-02 9.501226E-01 3.055086E-02 1.876619E-03 4.025053E+00 9.188315E+00 
1.596825E-01 2.177357E-03 3.555545E-01 1.811366E-01 -1.299274E+00 5.918838E-01 -7.788462E-02 9.620920E-01 2.803397E-02 8.543663E-04 4.042039E+00 9.235651E+00 
1.463386E-01 3.958995E-03 3.472167E-01 1.767964E-01 -1.670464E+00 5.453706E-01 -4.447720E-02 1.012069E+00 2.934445E-02 4.881136E-03 3.677076E+00 7.546716E+00 
1.804387E-01 1.000000E-04 3.358436E-01 1.729413E-01 -1.370705E+00 5.388583E-01 -8.946982E-02 9.137512E-01 2.877296E-02 2.035269E-03 4.200598E+00 1.005287E+01 
1.647093E-01 7.224336E-03 3.582869E-01 1.774871E-01 -1.508266E+00 3.720955E-01 -1.475621E-01 9.576317E-01 2.693796E-02 1.157178E-03 4.270870E+00 9.707797E+00 
1.583978E-01 2.796573E-03 3.513131E-01 1.772311E-01 -1.400646E+00 5.981954E-01 -1.208643E-01 9.422057E-01 2.894479E-02 1.435798E-03 4.423562E+00 1.027192E+01 
1.753038E-01 4.005554E-03 3.759257E-01 1.739105E-01 -1.367341E+00 5.810314E-01 -1.241174E-01 1.012866E+00 2.907419E-02 1.300572E-03 4.359740E+00 9.310473E+00 
1.606779E-01 5.624878E-03 3.549208E-01 1.729569E-01 -1.441961E+00 5.854403E-01 -2.000000E-01 9.134996E-01 2.911215E-02 1.850433E-03 4.173857E+00 8.689126E+00 
1.640220E-01 4.679209E-03 3.514510E-01 1.713019E-01 -1.353095E+00 5.782740E-01 -1.015268E-01 9.356126E-01 2.814658E-02 2.083881E-03 3.793128E+00 9.114320E+00 
1.465146E-01 4.361015E-03 3.645806E-01 1.688297E-01 -1.301376E+00 5.882362E-01 -8.904606E-02 9.440721E-01 2.774041E-02 0.000000E+00 3.836277E+00 9.197501E+00 
1.681751E-01 2.273828E-02 3.351592E-01 1.779862E-01 -1.519772E+00 5.696783E-01 -4.327963E-02 9.097135E-01 2.895225E-02 1.402983E-03 4.155431E+00 8.835596E+00 
1.839659E-01 5.645803E-03 3.665625E-01 1.718938E-01 -1.408328E+00 5.492226E-01 -1.323392E-01 9.914601E-01 2.769952E-02 1.077510E-03 4.490843E+00 8.639477E+00 
1.742580E-01 6.424967E-03 3.696755E-01 1.870997E-01 -1.423630E+00 5.881265E-01 -1.533373E-01 9.151443E-01 2.722559E-02 2.430513E-03 3.939890E+00 9.147363E+00 
1.227188E-01 2.638063E-02 3.175656E-01 1.702418E-01 -1.215912E+00 4.193080E-01 -1.770945E-01 9.139719E-01 3.156180E-02 2.780956E-03 3.195488E+00 1.099137E+01 
1.618675E-01 5.661124E-03 3.340423E-01 1.755485E-01 -1.616795E+00 5.330848E-01 -1.000000E-02 9.743644E-01 2.902100E-02 1.364033E-03 3.991260E+00 8.571849E+00 
1.581382E-01 9.523468E-03 3.303002E-01 1.740998E-01 -1.440818E+00 5.495506E-01 -7.140563E-02 9.752386E-01 2.767821E-02 1.980193E-03 4.138311E+00 1.004334E+01 
1.585815E-01 5.148478E-03 3.257631E-01 1.752587E-01 -1.370461E+00 5.531808E-01 -8.366216E-02 9.802224E-01 2.664516E-02 1.049272E-03 3.881805E+00 9.114209E+00 
1.501050E-01 2.741269E-03 3.182127E-01 1.704314E-01 -1.236080E+00 5.689368E-01 -1.144989E-01 9.475536E-01 2.865430E-02 1.357176E-03 4.188727E+00 8.958920E+00 
1.576813E-01 3.515779E-03 3.538336E-01 1.694520E-01 -1.086288E+00 5.677477E-01 -1.213627E-01 8.564498E-01 2.802733E-02 1.882809E-03 4.506106E+00 1.023035E+01 
1.808920E-01 8.076965E-03 3.476141E-01 1.844906E-01 -1.633914E+00 5.652726E-01 -1.633376E-01 9.085151E-01 2.931530E-02 2.103093E-03 4.198073E+00 7.110279E+00 
1.565040E-01 1.424095E-02 3.543023E-01 1.750045E-01 -1.455962E+00 5.310760E-01 -2.625380E-02 9.047324E-01 2.677095E-02 2.850659E-03 4.337042E+00 9.350283E+00 
1.771081E-01 5.460071E-03 3.426426E-01 1.696729E-01 -1.480033E+00 5.824020E-01 -1.395361E-01 9.902546E-01 2.893140E-02 1.831427E-03 4.231901E+00 9.319201E+00 
1.614848E-01 1.069507E-02 3.475213E-01 1.801303E-01 -1.428568E+00 5.871172E-01 -1.712431E-01 9.639606E-01 2.859626E-02 1.654632E-03 4.257246E+00 9.118355E+00 
1.674192E-01 6.996888E-03 3.492113E-01 1.776885E-01 -1.461208E+00 5.727358E-01 -8.872921E-02 1.236542E+00 2.735579E-02 3.954356E-04 4.198135E+00 9.746022E+00 
1.462626E-01 6.141561E-03 3.505146E-01 1.853143E-01 -1.431226E+00 5.895174E-01 -1.332478E-01 9.340789E-01 2.855347E-02 1.869761E-03 4.401040E+00 9.334932E+00 
1.671556E-01 3.155029E-03 3.453962E-01 1.750310E-01 -1.432036E+00 5.924932E-01 -1.589350E-01 9.566748E-01 2.677687E-02 1.671726E-03 4.239108E+00 1.126883E+01 
1.406652E-01 2.877508E-02 2.963119E-01 1.518129E-01 -1.416019E+00 4.673304E-01 -1.372006E-01 8.174676E-01 2.984482E-02 7.218104E-03 4.308541E+00 9.095831E+00 
1.694343E-01 4.626881E-03 3.162134E-01 1.742118E-01 -1.449189E+00 5.769053E-01 -1.016556E-01 9.357735E-01 2.823835E-02 2.085002E-03 4.399990E+00 8.409956E+00 
1.680392E-01 9.769813E-03 3.465400E-01 1.776666E-01 -1.462211E+00 5.848941E-01 -9.108511E-02 9.672943E-01 2.942758E-02 4.939103E-04 4.444291E+00 9.373525E+00 
1.248375E-01 2.063170E-02 3.174358E-01 1.576685E-01 -1.181417E+00 3.495521E-01 -2.861647E-02 1.022212E+00 2.961107E-02 7.371704E-03 4.638705E+00 1.035971E+01 
1.594142E-01 3.509037E-03 3.565396E-01 1.721442E-01 -1.363443E+00 5.707631E-01 -4.500969E-02 9.532327E-01 2.691449E-02 1.233596E-03 4.017779E+00 8.980602E+00 
1.935745E-01 9.567076E-03 3.611147E-01 1.743523E-01 -1.412443E+00 5.843034E-01 -1.733441E-01 9.262835E-01 2.527178E-02 1.815934E-03 4.267023E+00 8.761007E+00 
1.511347E-01 6.793983E-03 3.619628E-01 1.703239E-01 -1.538702E+00 5.728034E-01 -1.551307E-01 1.031280E+00 3.185047E-02 1.388520E-03 4.289730E+00 8.000337E+00 
1.729082E-01 1.000356E-02 3.611750E-01 1.736137E-01 -1.423644E+00 5.946811E-01 -1.296427E-01 9.163889E-01 3.007573E-02 1.631404E-03 2.792097E+00 1.017120E+01 
1.514636E-01 2.770487E-02 3.146664E-01 1.514625E-01 -1.492386E+00 4.884940E-01 -8.804485E-02 9.584563E-01 3.025550E-02 1.164203E-03 3.517510E+00 1.323516E+01 
1.669722E-01 8.591270E-03 3.524607E-01 1.755294E-01 -1.498913E+00 5.830602E-01 -9.981737E-02 8.941873E-01 2.704227E-02 2.991520E-03 4.091538E+00 8.708741E+00 
1.660792E-01 6.208874E-03 3.664732E-01 1.709644E-01 -1.477372E+00 5.806685E-01 -2.000000E-01 9.342148E-01 2.787723E-02 1.722641E-03 4.369609E+00 9.694116E+00 
1.508943E-01 4.006369E-03 3.311797E-01 1.726255E-01 -1.655203E+00 5.864495E-01 -9.833706E-02 9.820477E-01 2.715018E-02 1.793011E-03 4.394210E+00 8.375364E+00 
1.671584E-01 3.589928E-03 3.697343E-01 1.780856E-01 -1.453624E+00 5.748520E-01 -8.754745E-02 9.274548E-01 2.791836E-02 2.593530E-03 4.451312E+00 1.071158E+01 
1.674844E-01 1.314779E-02 3.363793E-01 1.561332E-01 -1.408248E+00 5.879742E-01 -1.062812E-01 9.673551E-01 2.882392E-02 2.007928E-03 4.439530E+00 1.052832E+01 
1.705529E-01 3.906478E-03 3.379019E-01 1.761679E-01 -1.384553E+00 5.766901E-01 -1.293701E-01 9.113857E-01 2.909336E-02 0.000000E+00 4.232573E+00 9.407684E+00 
1.638853E-01 4.427766E-03 3.233060E-01 1.784331E-01 -1.450043E+00 5.608942E-01 -6.619259E-02 9.437836E-01 2.964021E-02 1.346399E-03 4.299799E+00 9.776177E+00 
1.627180E-01 5.734980E-03 3.527444E-01 1.749465E-01 -1.387610E+00 5.715741E-01 -1.084165E-01 1.013679E+00 2.811786E-02 1.754695E-03 4.368203E+00 9.282906E+00 
1.619939E-01 8.846394E-03 3.428385E-01 1.778095E-01 -1.430112E+00 5.718705E-01 -8.090264E-02 9.722764E-01 2.728177E-02 2.307849E-03 4.212061E+00 9.966798E+00 
1.655431E-01 3.972039E-03 3.496270E-01 1.728373E-01 -1.409749E+00 5.866296E-01 -1.515797E-01 9.534023E-01 2.929646E-02 1.670292E-03 3.931608E+00 8.056168E+00 
1.931454E-01 8.449577E-03 3.572914E-01 1.699482E-01 -1.360586E+00 5.636332E-01 -1.286783E-01 8.972981E-01 2.903358E-02 1.879386E-03 4.189925E+00 9.811056E+00 
1.643437E-01 6.536405E-03 3.632726E-01 1.737173E-01 -1.533233E+00 5.406734E-01 -1.589766E-01 9.264645E-01 3.040135E-02 1.737003E-03 4.373663E+00 8.822338E+00 
1.589858E-01 5.145202E-03 3.483516E-01 1.736384E-01 -1.302230E+00 5.957941E-01 -1.180486E-01 9.542802E-01 2.832985E-02 1.851885E-03 4.674235E+00 9.630250E+00 
1.746025E-01 4.898506E-03 3.532288E-01 1.702261E-01 -1.422431E+00 5.917451E-01 -1.516220E-01 9.490707E-01 2.876878E-02 1.956380E-03 3.853864E+00 8.854348E+00 
1.642712E-01 5.722473E-03 3.484949E-01 1.760829E-01 -1.419761E+00 5.684015E-01 -8.611560E-02 9.599380E-01 2.827559E-02 2.237281E-03 4.321280E+00 9.278309E+00 
1.566046E-01 5.351460E-03 3.622783E-01 1.687516E-01 -1.494660E+00 5.940499E-01 -7.610990E-02 9.615364E-01 2.722531E-02 1.472804E-03 4.308105E+00 8.825304E+00 
1.465282E-01 5.540155E-03 3.451284E-01 1.738559E-01 -1.404637E+00 5.238002E-01 -1.542653E-01 7.950752E-01 2.680003E-02 4.902752E-03 3.955539E+00 1.001011E+01 
1.782222E-01 6.805858E-03 3.504545E-01 1.778889E-01 -1.355523E+00 5.941767E-01 -1.352013E-01 8.999908E-01 2.960284E-02 1.382452E-03 4.075552E+00 9.004148E+00 
1.707872E-01 1.729008E-03 3.279581E-01 1.782578E-01 -1.407905E+00 5.928817E-01 -8.250435E-02 1.074928E+00 2.878865E-02 1.718330E-03 4.066525E+00 1.051018E+01 
1.782787E-01 7.353892E-03 3.359058E-01 1.762646E-01 -1.390728E+00 5.857392E-01 -9.161079E-02 9.011602E-01 2.537421E-02 1.989297E-03 3.463964E+00 9.582797E+00 
1.558645E-01 1.519366E-02 3.498204E-01 1.745983E-01 -1.573916E+00 5.803572E-01 -6.539338E-02 9.113231E-01 2.825480E-02 3.726319E-03 4.202287E+00 8.841865E+00 
1.592916E-01 4.232019E-03 3.439328E-01 1.743008E-01 -1.472676E+00 5.756082E-01 -7.550083E-02 9.273733E-01 2.845247E-02 1.955526E-03 4.166243E+00 9.099327E+00 
1.593967E-01 7.428268E-03 3.477857E-01 1.704864E-01 -1.418157E+00 5.723570E-01 -1.480267E-01 9.152984E-01 3.127289E-02 3.379177E-03 4.266792E+00 8.783208E+00 
1.574597E-01 5.390919E-03 3.348326E-01 1.727439E-01 -1.400259E+00 5.605547E-01 -1.027923E-01 9.381453E-01 2.777837E-02 1.383109E-03 4.378733E+00 8.940081E+00 
1.661738E-01 1.509950E-02 3.485940E-01 1.770057E-01 -1.422558E+00 5.768581E-01 -1.567572E-01 9.355269E-01 2.869734E-02 1.778684E-03 4.734235E+00 9.525406E+00 
1.612901E-01 1.297089E-02 2.694806E-01 1.716716E-01 -1.488948E+00 5.875342E-01 -1.066100E-01 9.399023E-01 2.365158E-02 4.023206E-03 4.218403E+00 8.700545E+00 
1.674048E-01 3.199427E-03 3.474128E-01 1.691677E-01 -1.440053E+00 5.740472E-01 -8.741139E-02 9.372530E-01 2.702023E-02 6.841738E-03 4.296170E+00 1.012533E+01 
1.630864E-01 7.142408E-03 3.531763E-01 1.751931E-01 -1.626742E+00 5.892810E-01 -1.924030E-01 9.650213E-01 2.736934E-02 1.893089E-03 4.112801E+00 9.050444E+00 
1.687250E-01 5.382304E-03 3.437716E-01 1.749385E-01 -1.453606E+00 5.885992E-01 -1.701638E-01 9.590647E-01 2.796499E-02 1.339348E-03 4.112159E+00 9.564660E+00 
1.731268E-01 8.534973E-02 3.419904E-01 1.724643E-01 -1.425499E+00 5.838947E-01 -1.387025E-01 1.004181E+00 3.124178E-02 4.449864E-03 4.675570E+00 8.347107E+00 
1.905175E-01 1.981230E-02 3.615847E-01 1.908681E-01 -1.539479E+00 5.872839E-01 -1.798856E-01 1.048587E+00 2.793860E-02 1.339043E-03 4.260306E+00 7.764956E+00 
1.283679E-01 3.181303E-02 3.317884E-01 1.655780E-01 -1.367892E+00 4.545629E-01 -1.242014E-01 9.572747E-01 3.091905E-02 1.620366E-03 4.093216E+00 9.639045E+00 
1.680436E-01 5.545185E-03 3.447955E-01 1.763575E-01 -1.416196E+00 5.768201E-01 -1.136080E-01 9.036315E-01 2.745078E-02 1.122496E-03 4.565551E+00 9.225811E+00 
1.619689E-01 6.526435E-03 3.597353E-01 1.692197E-01 -1.487572E+00 5.653320E-01 -1.693002E-01 9.306667E-01 3.074921E-02 1.898585E-03 4.428571E+00 9.423980E+00 
1.639681E-01 5.925641E-03 3.499232E-01 1.730229E-01 -1.459583E+00 5.825965E-01 -9.815073E-02 9.846689E-01 2.879746E-02 1.722856E-03 3.951092E+00 9.285862E+00 
1.406918E-01 1.743957E-02 3.572245E-01 1.667420E-01 -1.433184E+00 5.859168E-01 -1.227941E-01 8.416728E-01 3.109222E-02 9.684095E-03 4.340532E+00 9.614730E+00 
1.650633E-01 3.202450E-02 3.591552E-01 1.752711E-01 -9.957869E-01 3.483428E-01 -7.557045E-02 1.072211E+00 3.348285E-02 2.317252E-02 4.210113E+00 6.488982E+00 
1.494257E-01 4.670277E-03 3.242182E-01 1.755710E-01 -1.330748E+00 5.923108E-01 -8.119456E-02 9.496585E-01 2.701401E-02 4.034207E-04 4.114344E+00 8.620960E+00 
1.589885E-01 5.554696E-03 3.393350E-01 1.741941E-01 -1.478320E+00 5.940077E-01 -1.022285E-01 9.278251E-01 2.842110E-02 1.116971E-03 4.230603E+00 9.439669E+00 
1.705833E-01 7.967720E-03 3.503135E-01 1.743704E-01 -1.473656E+00 5.860216E-01 -1.662964E-01 9.025478E-01 3.049998E-02 1.574347E-03 4.493781E+00 8.923581E+00 
1.874308E-01 5.140843E-03 3.075075E-01 1.781949E-01 -1.322121E+00 5.762199E-01 -9.246731E-02 1.029211E+00 2.746135E-02 0.000000E+00 4.416421E+00 9.479988E+00 
1.304732E-01 1.595493E-02 3.416985E-01 1.399620E-01 -1.354005E+00 4.342167E-01 -6.144126E-02 1.051166E+00 3.355395E-02 0.000000E+00 3.370400E+00 1.155956E+01 
1.640409E-01 6.858127E-03 3.465980E-01 1.743507E-01 -1.515392E+00 5.683348E-01 -8.048987E-02 9.451798E-01 2.697841E-02 1.925323E-03 4.023433E+00 9.394892E+00 
1.632019E-01 5.983660E-03 3.635303E-01 1.742603E-01 -1.471678E+00 5.680849E-01 -1.501503E-02 9.110122E-01 2.710241E-02 9.728380E-04 4.367348E+00 9.210984E+00 
1.664199E-01 6.221678E-03 3.665232E-01 1.741663E-01 -1.597584E+00 5.431424E-01 -1.345076E-01 8.834488E-01 3.035586E-02 1.191429E-03 4.574433E+00 6.915180E+00 
1.406185E-01 3.769248E-02 3.195386E-01 1.728767E-01 -1.506833E+00 5.766614E-01 -1.452101E-01 9.521907E-01 2.546112E-02 4.239953E-03 3.945198E+00 8.407612E+00 
1.395286E-01 2.342133E-02 3.414138E-01 1.607240E-01 -1.357328E+00 5.821432E-01 -8.607493E-02 9.504433E-01 2.591819E-02 2.218348E-03 4.655905E+00 4.377721E+00 
6.132368E-02 8.134619E-03 3.262137E-01 1.631116E-01 -1.336679E+00 5.786948E-01 -1.768501E-01 9.959828E-01 2.681633E-02 5.913775E-03 3.715254E+00 8.242892E+00 
1.655226E-01 5.188210E-03 3.540583E-01 1.749786E-01 -1.408983E+00 5.913461E-01 -1.281967E-01 9.300953E-01 2.826891E-02 1.207613E-03 4.046891E+00 8.512380E+00 
1.661921E-01 6.375695E-03 3.426275E-01 1.717628E-01 -1.395732E+00 5.753564E-01 -1.405009E-01 9.293000E-01 2.585110E-02 2.909851E-03 3.684948E+00 8.429344E+00 
1.647924E-01 7.062812E-03 3.538767E-01 1.760117E-01 -1.417984E+00 5.955749E-01 -1.094048E-01 8.923137E-01 3.026887E-02 6.068846E-04 4.127572E+00 9.989171E+00 
1.490726E-01 4.149006E-03 3.598676E-01 1.713866E-01 -1.436695E+00 5.820671E-01 -8.636481E-02 9.255708E-01 2.993381E-02 2.481559E-03 4.446745E+00 9.727284E+00 
1.721632E-01 7.637178E-03 3.517847E-01 1.829887E-01 -1.353175E+00 5.959431E-01 -1.896605E-01 1.010103E+00 2.715498E-02 1.279806E-03 4.613879E+00 9.559979E+00 
1.509075E-01 5.070702E-03 3.242095E-01 1.747338E-01 -1.517412E+00 5.573126E-01 -9.232898E-02 9.233657E-01 2.919418E-02 1.248988E-03 3.948091E+00 8.966844E+00 
1.413878E-01 1.117478E-02 3.367600E-01 1.706271E-01 -1.541785E+00 5.594297E-01 -1.603979E-01 9.511962E-01 3.041699E-02 3.226559E-03 4.190677E+00 9.022354E+00 
1.589577E-01 5.832451E-03 3.695569E-01 1.721738E-01 -1.381960E+00 5.706812E-01 -1.516859E-01 9.083472E-01 2.888412E-02 1.659416E-03 4.030330E+00 9.182340E+00 
1.657096E-01 3.977620E-03 3.699810E-01 1.738841E-01 -1.485812E+00 5.912375E-01 -2.000000E-01 7.939693E-01 3.059678E-02 2.055036E-03 4.176455E+00 7.971966E+00 
3.433852E-02 5.256268E-02 3.312540E-01 1.373989E-01 -1.349044E+00 4.848818E-01 -7.613263E-02 1.014693E+00 2.691314E-02 7.617065E-03 4.046487E+00 8.697046E+00 
1.644941E-01 6.986580E-03 3.668301E-01 1.703279E-01 -1.473746E+00 5.948548E-01 -1.602232E-01 1.190744E+00 2.490256E-02 1.856523E-03 4.147006E+00 8.969205E+00 
1.725477E-01 1.856051E-02 3.326807E-01 1.939576E-01 -1.511377E+00 5.922725E-01 -8.521315E-02 9.073357E-01 2.698109E-02 7.864564E-03 4.818977E+00 1.098681E+01 
9.323140E-02 2.267952E-02 3.018803E-01 1.642365E-01 -1.285187E+00 4.552409E-01 -9.805335E-02 1.031746E+00 2.438704E-02 3.450412E-03 4.211364E+00 8.717322E+00 
1.637441E-01 8.257110E-03 3.182897E-01 1.757495E-01 -1.447472E+00 5.998143E-01 -5.101457E-02 9.243599E-01 2.761246E-02 1.577314E-03 4.161215E+00 8.810159E+00 
1.744431E-01 4.168754E-03 3.501466E-01 1.843972E-01 -1.492904E+00 5.879395E-01 -9.435378E-02 9.279005E-01 2.798057E-02 1.814512E-03 4.609220E+00 8.708596E+00 
1.694911E-01 6.311038E-03 3.518032E-01 1.794220E-01 -1.361545E+00 5.768773E-01 -6.981750E-02 9.625001E-01 2.783983E-02 2.172680E-03 4.217229E+00 9.315640E+00 
1.693528E-01 5.575871E-03 3.486318E-01 1.815857E-01 -1.245458E+00 5.711917E-01 -1.846298E-01 9.246261E-01 2.763196E-02 1.253135E-03 3.705945E+00 9.006507E+00 
1.533246E-01 1.314192E-02 3.615767E-01 1.772801E-01 -1.512088E+00 5.760721E-01 -1.142089E-01 9.391121E-01 3.151229E-02 1.574972E-03 3.394272E+00 8.177333E+00 
1.344309E-01 6.342163E-03 3.376280E-01 1.725795E-01 -1.431878E+00 5.822180E-01 -8.977689E-02 9.307759E-01 2.955235E-02 1.711843E-03 4.636868E+00 9.988518E+00 
1.652986E-01 1.003903E-02 3.550822E-01 1.771356E-01 -1.406983E+00 5.745295E-01 -1.363891E-01 9.711422E-01 2.747583E-02 1.274994E-03 3.934660E+00 8.370321E+00 
1.675659E-01 9.167818E-03 3.663068E-01 1.777094E-01 -1.305375E+00 5.894948E-01 -1.384105E-01 8.949694E-01 2.886396E-02 1.266801E-03 4.004013E+00 1.148688E+01 
1.531393E-01 8.167820E-03 3.619128E-01 1.722073E-01 -1.538379E+00 5.741156E-01 -9.301505E-02 9.724238E-01 2.799354E-02 2.167594E-03 4.232737E+00 9.171666E+00 
1.315079E-01 1.253678E-02 3.460603E-01 1.683057E-01 -1.310992E+00 5.661793E-01 -1.181026E-01 1.112914E+00 3.096451E-02 2.440669E-03 4.704803E+00 1.010901E+01 
1.682250E-01 1.034354E-02 3.341314E-01 1.804003E-01 -1.546612E+00 5.958124E-01 -9.767050E-02 9.613861E-01 2.509502E-02 1.574829E-03 4.242892E+00 7.808911E+00 
1.861094E-01 7.762363E-03 3.605701E-01 1.680750E-01 -1.538392E+00 5.868477E-01 -1.962795E-01 8.297574E-01 2.819955E-02 1.399298E-03 4.752484E+00 9.128285E+00 
1.808318E-01 5.951485E-03 3.424470E-01 1.768687E-01 -1.385120E+00 5.924343E-01 -1.784971E-01 9.962366E-01 2.894172E-02 1.030641E-03 3.874509E+00 9.144459E+00 
1.585837E-01 9.890260E-03 3.420005E-01 1.701008E-01 -1.388384E+00 5.605054E-01 -1.258651E-01 1.003512E+00 2.446317E-02 2.883470E-03 4.010596E+00 8.385681E+00 
1.644553E-01 1.056934E-02 3.396434E-01 1.765646E-01 -1.508557E+00 5.873538E-01 -7.941158E-02 9.582092E-01 2.821356E-02 2.953700E-04 4.485315E+00 9.264854E+00 
1.569027E-01 7.463085E-03 3.375199E-01 1.760221E-01 -1.338130E+00 5.717088E-01 -1.479731E-01 1.040871E+00 2.419918E-02 1.343349E-03 4.008795E+00 8.856180E+00 
1.752200E-01 8.422370E-03 3.426595E-01 1.720396E-01 -1.497069E+00 5.787812E-01 -1.342662E-01 9.621575E-01 2.783133E-02 1.243146E-03 4.253299E+00 8.571812E+00 
1.545494E-01 6.965382E-03 3.895459E-01 1.719719E-01 -1.477617E+00 5.596779E-01 -8.912568E-02 9.346901E-01 3.025071E-02 3.766065E-03 4.490157E+00 9.383618E+00 
1.797031E-01 3.705361E-03 3.555319E-01 1.822100E-01 -1.434032E+00 5.696607E-01 -1.148192E-01 9.301502E-01 3.024067E-02 3.141484E-03 4.267335E+00 9.249563E+00 
1.634709E-01 7.923118E-03 3.487804E-01 1.746422E-01 -1.548158E+00 5.730442E-01 -1.187921E-01 9.241207E-01 2.955729E-02 1.037895E-03 4.003642E+00 9.541657E+00 
1.797737E-01 1.071810E-02 3.431083E-01 1.788894E-01 -1.407092E+00 5.908692E-01 -1.493247E-01 9.548996E-01 2.942278E-02 2.206573E-03 4.331130E+00 9.328964E+00 
1.644613E-01 5.939609E-03 3.506980E-01 1.758660E-01 -1.399212E+00 5.744840E-01 -9.486160E-02 9.568264E-01 2.830575E-02 9.991621E-04 4.141154E+00 9.131741E+00 
1.567487E-01 1.751484E-03 3.505782E-01 1.728277E-01 -1.467074E+00 5.610716E-01 -5.600728E-02 9.406485E-01 2.630910E-02 1.395042E-03 4.528931E+00 8.978045E+00 
1.654195E-01 7.485595E-03 3.449668E-01 1.772697E-01 -1.390307E+00 5.884310E-01 -9.903571E-02 9.245442E-01 3.071244E-02 1.737005E-03 4.285315E+00 9.786648E+00 
1.797913E-01 1.184733E-02 3.432595E-01 1.790801E-01 -1.451819E+00 5.517161E-01 -1.024493E-01 9.821480E-01 1.925176E-02 2.093763E-03 4.381285E+00 1.028989E+01 
1.644607E-01 4.749724E-03 3.696855E-01 1.750958E-01 -1.424476E+00 5.799631E-01 -2.402150E-02 9.707669E-01 2.825079E-02 1.014359E-03 4.155092E+00 9.070647E+00 
1.836452E-01 4.650947E-03 3.553714E-01 1.805207E-01 -1.483984E+00 5.931072E-01 -1.862049E-01 9.765929E-01 2.895466E-02 2.463847E-03 4.122249E+00 7.957250E+00 
1.566932E-01 1.505251E-04 3.265337E-01 1.795869E-01 -1.537402E+00 5.754641E-01 -1.330138E-01 1.104413E+00 2.496538E-02 7.102477E-04 4.799860E+00 9.212491E+00 
1.606245E-01 4.405220E-03 3.480137E-01 1.781496E-01 -1.541834E+00 5.935474E-01 -1.153128E-01 1.020474E+00 3.006635E-02 1.310999E-03 4.152499E+00 8.166742E+00 
1.099809E-01 1.000000E-04 3.576470E-01 1.764106E-01 -1.484390E+00 4.533886E-01 -7.466181E-02 9.485033E-01 2.597678E-02 3.561633E-03 4.269878E+00 9.770629E+00 
1.701361E-01 5.085695E-03 3.597217E-01 1.764775E-01 -1.442904E+00 5.923350E-01 -1.459307E-01 9.309719E-01 2.535152E-02 1.415752E-03 4.475305E+00 9.586216E+00 
1.621051E-01 4.258705E-03 3.546087E-01 1.743544E-01 -1.483721E+00 5.782814E-01 -1.055204E-01 8.490682E-01 2.810948E-02 1.347048E-03 4.174813E+00 9.789178E+00 
1.645436E-01 6.277561E-03 3.506268E-01 1.656085E-01 -1.462883E+00 5.686154E-01 -1.369448E-01 9.050948E-01 2.911307E-02 2.158836E-03 3.865637E+00 9.599459E+00 
1.135322E-01 4.898562E-03 3.158750E-01 1.784353E-01 -1.337828E+00 5.746797E-01 -6.466244E-02 9.983685E-01 3.038987E-02 2.743903E-04 4.258553E+00 8.663747E+00 
1.668675E-01 6.435823E-03 3.419214E-01 1.780952E-01 -1.458585E+00 5.823991E-01 -4.239653E-02 1.028513E+00 2.962343E-02 1.510632E-03 4.371914E+00 9.322653E+00 
1.389301E-01 4.897583E-03 3.320503E-01 1.668341E-01 -1.551165E+00 5.635312E-01 -8.461213E-02 9.393675E-01 2.859039E-02 2.039378E-03 4.122023E+00 9.504508E+00 
1.652182E-01 1.000000E-04 3.464091E-01 1.797898E-01 -1.443601E+00 5.753531E-01 -1.006667E-01 9.587922E-01 2.644014E-02 2.862234E-03 4.527024E+00 8.417071E+00 
1.514965E-01 5.304525E-03 3.351499E-01 1.682008E-01 -1.431877E+00 5.687055E-01 -1.119702E-01 1.016868E+00 2.781795E-02 6.144810E-03 3.460065E+00 8.649997E+00 
1.026539E-01 1.154826E-02 3.560550E-01 1.806747E-01 -1.357126E+00 5.237026E-01 -8.382912E-02 9.478683E-01 3.761652E-02 1.156309E-02 4.525776E+00 9.475358E+00 
1.542881E-01 8.671089E-03 3.329866E-01 1.732052E-01 -1.542095E+00 5.246805E-01 -1.363182E-01 9.410209E-01 2.713516E-02 4.698777E-04 4.100627E+00 9.284033E+00 
1.588393E-01 4.842701E-03 3.837049E-01 1.732856E-01 -1.494709E+00 5.881794E-01 -1.113767E-01 9.053147E-01 3.087285E-02 2.854769E-03 4.010541E+00 9.013470E+00 
1.417271E-01 3.553110E-02 3.336031E-01 1.547305E-01 -1.385810E+00 4.964616E-01 -6.823884E-02 9.483379E-01 3.446776E-02 1.971913E-03 4.655736E+00 1.048601E+01 
1.608581E-01 4.190338E-03 3.498215E-01 1.710674E-01 -1.453160E+00 5.785008E-01 -1.076242E-01 8.794885E-01 2.789056E-02 1.986348E-03 4.116667E+00 9.181331E+00 
1.711461E-01 1.337791E-02 3.458165E-01 1.702055E-01 -1.153486E+00 5.757700E-01 -1.449326E-01 9.149796E-01 2.999195E-02 0.000000E+00 4.253247E+00 6.377969E+00 
8.089454E-02 1.456077E-02 3.242587E-01 1.579722E-01 -1.336809E+00 4.481855E-01 -6.218585E-02 1.018158E+00 2.483241E-02 2.499276E-03 4.442798E+00 9.170310E+00 
1.533374E-01 1.062864E-02 3.516954E-01 1.739743E-01 -1.142262E+00 5.274299E-01 -8.226264E-02 9.865717E-01 2.851980E-02 0.000000E+00 4.413010E+00 9.762192E+00 
1.632357E-01 4.575107E-03 3.562023E-01 1.755291E-01 -1.377920E+00 6.000000E-01 -1.041115E-01 1.119328E+00 2.926797E-02 1.452526E-03 4.224985E+00 9.864409E+00 
1.601576E-01 2.977927E-03 3.563025E-01 1.782116E-01 -1.601636E+00 5.767797E-01 -2.727336E-02 8.793446E-01 2.663129E-02 5.166311E-04 4.389960E+00 1.051410E+01 
1.564691E-01 3.716006E-03 3.333226E-01 1.708186E-01 -1.431144E+00 5.678081E-01 -1.422587E-01 9.669888E-01 2.946401E-02 2.923196E-03 3.947557E+00 7.848956E+00 
1.644244E-01 1.083876E-02 3.527916E-01 1.776917E-01 -1.515598E+00 6.000000E-01 -1.535507E-01 9.890725E-01 2.939656E-02 8.249389E-04 4.727946E+00 8.900152E+00 
1.626146E-01 1.045889E-02 3.503595E-01 1.687093E-01 -1.305734E+00 4.136280E-01 -1.638764E-01 9.760004E-01 3.195038E-02 8.167369E-03 4.508522E+00 9.744013E+00 
9.595867E-02 6.697882E-02 3.550895E-01 1.288515E-01 -1.552303E+00 4.075810E-01 -3.559088E-02 9.664340E-01 2.422186E-02 7.082370E-04 3.970601E+00 9.443369E+00 
6.785523E-02 2.381583E-02 3.555415E-01 1.678954E-01 -1.210083E+00 4.890120E-01 -3.780231E-02 1.029694E+00 2.890776E-02 1.764933E-02 4.739514E+00 7.549745E+00 
1.617096E-01 3.596089E-03 3.604028E-01 1.755734E-01 -1.335488E+00 5.925465E-01 -9.481921E-02 1.006411E+00 2.910541E-02 1.092646E-03 4.499153E+00 9.489097E+00 
1.591139E-01 1.029759E-02 3.303753E-01 1.744048E-01 -1.517436E+00 5.412675E-01 -1.083981E-01 1.136674E+00 2.251397E-02 1.102543E-03 3.580844E+00 8.783319E+00 
1.897591E-01 8.227155E-03 3.609713E-01 1.690623E-01 -1.484021E+00 5.681697E-01 -1.702762E-01 9.981091E-01 3.029126E-02 2.584544E-03 4.895462E+00 9.284183E+00 
1.931069E-01 4.423502E-03 3.573378E-01 1.755826E-01 -1.454008E+00 5.872274E-01 -1.295361E-01 9.767764E-01 2.586994E-02 1.760728E-03 4.112385E+00 8.867799E+00 
1.615496E-01 5.116056E-02 3.475488E-01 1.747058E-01 -1.330809E+00 5.656868E-01 -6.927806E-02 9.605394E-01 2.524939E-02 3.398806E-03 4.308315E+00 8.568227E+00 
1.235917E-01 1.000000E-04 3.243125E-01 1.672792E-01 -1.462589E+00 5.560349E-01 -7.165764E-02 9.289568E-01 2.689772E-02 3.658345E-03 4.368241E+00 9.144043E+00 
1.629299E-01 6.880432E-03 3.627429E-01 1.715833E-01 -1.405047E+00 5.714257E-01 -1.118256E-01 9.935597E-01 2.778763E-02 1.673311E-03 3.921987E+00 9.324873E+00 
1.456436E-01 8.431500E-03 3.484099E-01 1.717617E-01 -1.338816E+00 5.455811E-01 -6.132941E-02 9.281144E-01 3.115449E-02 1.965727E-03 4.875211E+00 9.097791E+00 
1.465627E-01 6.576115E-03 3.425193E-01 1.694431E-01 -1.489133E+00 5.555325E-01 -1.218960E-01 9.668546E-01 2.823472E-02 8.887406E-04 4.478465E+00 8.798842E+00 
1.280575E-01 4.903007E-02 3.518207E-01 1.447533E-01 -1.265474E+00 3.486157E-01 -1.055394E-01 9.224942E-01 2.802161E-02 6.232530E-03 4.160735E+00 8.563611E+00 
1.563654E-01 5.179854E-03 3.356493E-01 1.641319E-01 -1.334105E+00 5.751900E-01 -1.401803E-01 9.602062E-01 3.041625E-02 1.182191E-03 4.097830E+00 8.849137E+00 
1.592296E-01 6.938561E-03 3.505947E-01 1.683908E-01 -1.255335E+00 5.825456E-01 -1.123549E-01 8.870924E-01 2.948702E-02 7.144842E-04 4.212274E+00 9.435216E+00 
9.451269E-02 4.114412E-02 3.295072E-01 1.778642E-01 -1.359424E+00 5.244518E-01 -8.940925E-02 1.047366E+00 5.451186E-02 0.000000E+00 4.224063E+00 4.601558E+00 
1.764416E-01 1.114011E-02 3.622500E-01 1.750020E-01 -1.444817E+00 5.854454E-01 -1.715783E-01 9.300349E-01 3.042740E-02 4.871085E-03 4.303504E+00 9.995749E+00 
1.593673E-01 8.680408E-03 3.615806E-01 1.708886E-01 -1.453540E+00 5.736307E-01 -9.094042E-02 9.121461E-01 2.732288E-02 1.194466E-03 4.048667E+00 9.086047E+00 
1.747714E-01 4.835561E-03 3.320374E-01 1.715906E-01 -1.437518E+00 5.835240E-01 -1.946752E-01 9.209345E-01 3.063878E-02 2.230770E-03 4.136419E+00 1.014666E+01 
1.752323E-01 1.022863E-02 3.536875E-01 1.734652E-01 -1.394396E+00 5.767072E-01 -1.226313E-01 9.582081E-01 2.928580E-02 1.485176E-03 4.295642E+00 9.220061E+00 
9.041262E-02 1.348500E-02 3.230113E-01 1.310155E-01 -1.234711E+00 4.323843E-01 -6.492237E-02 9.006129E-01 2.773329E-02 5.811950E-03 3.730644E+00 1.245606E+01 
1.843214E-01 1.000000E-04 3.483448E-01 1.721483E-01 -1.446755E+00 5.797188E-01 -1.743980E-01 9.151004E-01 3.016703E-02 1.773732E-03 4.055898E+00 8.796601E+00 
1.822584E-01 6.850262E-03 3.426813E-01 1.750270E-01 -1.464260E+00 5.761033E-01 -8.590405E-02 9.553933E-01 2.831832E-02 1.635914E-03 4.315601E+00 8.251737E+00 
1.492944E-01 5.044778E-03 3.256252E-01 1.701240E-01 -1.332000E+00 5.716610E-01 -1.025335E-01 1.024881E+00 2.709384E-02 1.449956E-03 3.917960E+00 9.279404E+00 
1.732927E-01 2.250952E-02 3.425726E-01 1.766223E-01 -1.574279E+00 5.491035E-01 -7.943798E-02 9.618688E-01 2.862890E-02 0.000000E+00 3.950176E+00 1.032873E+01 
1.695002E-01 7.624810E-03 3.424972E-01 1.810799E-01 -1.468198E+00 5.836564E-01 -1.204033E-01 9.284243E-01 3.020255E-02 2.264599E-03 4.205641E+00 9.043706E+00 
1.532280E-01 7.662441E-03 3.491058E-01 1.736833E-01 -1.430238E+00 5.868865E-01 -5.822576E-02 9.222990E-01 2.839323E-02 2.559126E-03 4.151632E+00 8.079052E+00 
1.634887E-01 6.361966E-03 3.459238E-01 1.731529E-01 -1.429475E+00 5.949569E-01 -1.076810E-01 8.588357E-01 2.879774E-02 1.169650E-03 4.345530E+00 9.026122E+00 
1.665037E-01 5.108151E-03 3.434121E-01 1.710201E-01 -1.410219E+00 5.833924E-01 -1.854214E-01 9.127253E-01 2.988771E-02 1.444130E-03 4.113279E+00 8.964092E+00 
1.547599E-01 8.937365E-03 3.485671E-01 1.692620E-01 -1.329346E+00 5.904632E-01 -6.482328E-02 1.028469E+00 2.615004E-02 1.967351E-03 4.473442E+00 8.987429E+00 
1.689042E-01 6.354631E-03 3.745143E-01 1.674707E-01 -1.518699E+00 5.803395E-01 -1.956985E-01 8.961590E-01 2.841973E-02 2.161742E-03 3.961041E+00 9.943859E+00 
1.739896E-01 5.225775E-03 3.610845E-01 1.892095E-01 -1.461451E+00 6.000000E-01 -1.558138E-01 9.951391E-01 2.745170E-02 1.271229E-03 4.606604E+00 8.301024E+00 
1.694050E-01 9.753815E-03 3.436058E-01 1.729864E-01 -1.387824E+00 5.466329E-01 -1.167267E-01 9.714948E-01 2.875628E-02 2.903281E-03 4.189257E+00 9.091450E+00 
1.671585E-01 5.752837E-03 3.658417E-01 1.789884E-01 -1.558778E+00 5.982186E-01 -1.038147E-01 1.010074E+00 2.603459E-02 6.530560E-04 4.270870E+00 8.033542E+00 
1.710875E-01 5.031583E-03 3.341829E-01 1.805602E-01 -1.440968E+00 5.789338E-01 -1.367438E-01 1.012374E+00 2.854810E-02 1.878412E-03 4.953052E+00 7.615943E+00 
1.608028E-01 5.731209E-03 3.544302E-01 1.755538E-01 -1.422703E+00 5.798038E-01 -8.345780E-02 7.902488E-01 2.864039E-02 1.467354E-03 4.445737E+00 7.835482E+00 
1.953207E-01 8.156383E-03 3.506197E-01 1.747238E-01 -1.382842E+00 5.815274E-01 -1.178400E-01 9.338425E-01 2.859211E-02 1.972141E-03 4.184249E+00 9.051094E+00 
1.590135E-01 5.618022E-03 3.560946E-01 1.880471E-01 -1.511502E+00 5.844894E-01 -7.810537E-02 9.376523E-01 3.121812E-02 2.275609E-03 4.339844E+00 8.869119E+00 
1.556386E-01 8.343394E-03 3.454005E-01 1.776925E-01 -1.358977E+00 5.760527E-01 -1.127744E-01 9.349830E-01 2.859587E-02 3.580267E-04 4.009741E+00 8.003958E+00 
1.990608E-01 7.612048E-03 3.436028E-01 1.802455E-01 -1.584992E+00 5.255027E-01 -1.148958E-01 9.554230E-01 2.922614E-02 5.860299E-03 3.330282E+00 8.206497E+00 
1.807543E-01 7.560133E-03 3.852807E-01 1.609500E-01 -1.398283E+00 5.630982E-01 -1.161092E-01 9.784875E-01 2.649016E-02 1.534758E-03 4.312705E+00 9.375619E+00 
1.679428E-01 1.217785E-02 3.507083E-01 1.724874E-01 -1.371765E+00 5.436931E-01 -1.000000E-02 7.820308E-01 2.521609E-02 7.548620E-04 4.225529E+00 1.040859E+01 
1.588874E-01 1.000000E-04 3.580472E-01 1.768752E-01 -1.397764E+00 5.971835E-01 -8.027633E-02 9.447698E-01 2.911568E-02 5.419021E-04 3.968057E+00 9.792086E+00 
1.494489E-01 3.091105E-02 3.640311E-01 1.722708E-01 -1.386575E+00 4.641734E-01 -1.125102E-01 9.550861E-01 2.677595E-02 6.806312E-04 4.121030E+00 9.606823E+00 
1.511499E-01 8.265197E-03 3.558802E-01 1.707377E-01 -1.383719E+00 5.239663E-01 -8.655402E-02 1.035814E+00 2.788049E-02 1.387181E-03 4.523835E+00 7.632722E+00 
1.485952E-01 1.094759E-02 3.559173E-01 1.797313E-01 -1.499017E+00 6.000000E-01 -1.503311E-01 9.267122E-01 2.824239E-02 5.218586E-04 4.547066E+00 9.519297E+00 
1.568386E-01 1.716753E-02 3.325656E-01 1.749986E-01 -1.402701E+00 5.251140E-01 -9.888465E-02 9.260156E-01 2.877508E-02 9.266225E-04 5.273095E+00 8.352579E+00 
1.700739E-01 8.427580E-03 3.564369E-01 1.862362E-01 -1.386700E+00 5.741947E-01 -8.517930E-02 9.861281E-01 3.005415E-02 2.530238E-03 4.392265E+00 1.010075E+01 
1.750007E-01 6.635411E-03 3.576557E-01 1.735654E-01 -1.417754E+00 5.812734E-01 -1.029358E-01 9.306087E-01 2.808288E-02 0.000000E+00 3.661169E+00 9.618377E+00 
1.681363E-01 8.688751E-03 3.555173E-01 1.759103E-01 -1.506970E+00 5.737723E-01 -8.177555E-02 9.622036E-01 2.864292E-02 2.115323E-04 4.423778E+00 9.118687E+00 
1.624963E-01 6.144587E-03 3.493916E-01 1.758782E-01 -1.396321E+00 5.575177E-01 -1.175237E-01 9.002791E-01 2.845056E-02 1.071951E-03 4.428847E+00 7.676805E+00 
1.711464E-01 7.603682E-03 3.545478E-01 1.775506E-01 -1.450469E+00 5.794687E-01 -8.579196E-02 9.470765E-01 2.638069E-02 1.722782E-03 3.882549E+00 9.266050E+00 
1.479246E-01 7.107137E-03 3.538647E-01 1.739996E-01 -1.506001E+00 5.667041E-01 -5.712442E-02 9.517034E-01 2.925863E-02 2.560613E-03 4.134464E+00 1.181375E+01 
1.976358E-01 7.922193E-03 3.485557E-01 1.789914E-01 -1.414810E+00 5.724219E-01 -1.663818E-01 9.222551E-01 2.544370E-02 2.150647E-03 4.100982E+00 9.859885E+00 
1.632365E-01 6.835711E-03 3.425444E-01 1.751339E-01 -1.388449E+00 5.598438E-01 -1.107042E-01 9.800430E-01 2.893718E-02 1.737607E-03 4.022875E+00 8.847430E+00 
1.328836E-01 8.437387E-03 3.200152E-01 1.783953E-01 -1.426459E+00 6.000000E-01 -1.181442E-01 9.325341E-01 3.121897E-02 0.000000E+00 4.590106E+00 8.225110E+00 
1.315253E-01 5.023428E-02 3.337057E-01 1.565707E-01 -1.710986E+00 4.677699E-01 -6.693236E-02 9.170587E-01 3.464607E-02 9.623309E-04 3.525402E+00 1.249896E+01 
1.673772E-01 5.910866E-03 3.674297E-01 1.704349E-01 -1.306778E+00 5.676910E-01 -1.251839E-01 9.075976E-01 2.881627E-02 1.948706E-03 4.455898E+00 8.854308E+00 
1.650336E-01 8.147350E-03 3.535256E-01 1.773282E-01 -1.513728E+00 5.960156E-01 -1.325361E-01 9.881595E-01 2.825615E-02 1.185175E-03 3.859571E+00 9.316999E+00 
1.487419E-01 5.434636E-03 3.441094E-01 1.739668E-01 -1.539510E+00 5.174776E-01 -2.690399E-02 9.926027E-01 2.239290E-02 2.571321E-03 4.066622E+00 1.001517E+01 
1.609100E-01 4.400141E-03 3.551985E-01 1.732695E-01 -1.401809E+00 5.267111E-01 -7.218660E-02 9.219056E-01 2.758884E-02 2.161765E-03 4.533226E+00 1.011970E+01 
1.463858E-01 2.349882E-02 3.620781E-01 1.669949E-01 -1.407577E+00 5.010581E-01 -1.255522E-01 9.560924E-01 3.148614E-02 7.044236E-03 4.868424E+00 1.145791E+01 
1.667713E-01 6.000363E-03 3.450897E-01 1.725424E-01 -1.404237E+00 5.661166E-01 -9.826217E-02 8.480586E-01 3.053173E-02 2.167933E-03 3.960687E+00 8.960696E+00 
1.462100E-01 1.303045E-02 3.579566E-01 1.654974E-01 -1.329838E+00 5.376837E-01 -1.505868E-01 9.350995E-01 2.938002E-02 1.472538E-03 4.345393E+00 9.391668E+00 
1.374654E-01 3.084620E-02 3.283805E-01 1.611633E-01 -1.434103E+00 5.880761E-01 -8.176650E-02 8.346802E-01 2.379456E-02 9.457069E-03 4.454549E+00 3.752292E+00 
1.400753E-01 1.131043E-02 3.470908E-01 1.724584E-01 -1.482029E+00 6.000000E-01 -1.250202E-01 9.183958E-01 2.542123E-02 9.204884E-04 4.349679E+00 9.066012E+00 
1.697450E-01 4.063290E-03 3.653248E-01 1.723627E-01 -1.659663E+00 5.906083E-01 -1.109118E-01 9.303307E-01 2.932262E-02 1.308192E-03 4.306483E+00 8.353289E+00 
1.657257E-01 5.861653E-03 3.671317E-01 1.784727E-01 -1.463182E+00 5.895128E-01 -1.788708E-01 9.904932E-01 3.014176E-02 3.328399E-03 4.131509E+00 9.377290E+00 
1.659585E-01 4.110192E-03 3.564448E-01 1.730090E-01 -1.422444E+00 5.806051E-01 -8.495433E-02 8.968325E-01 2.978578E-02 3.786472E-03 3.993173E+00 9.955630E+00 
1.568649E-01 5.535403E-03 3.476584E-01 1.753369E-01 -1.466775E+00 5.736835E-01 -1.341667E-01 9.549634E-01 2.791451E-02 2.866023E-03 3.819758E+00 9.564843E+00 
1.572788E-01 8.059347E-03 3.371042E-01 1.702148E-01 -1.315780E+00 5.898874E-01 -8.686215E-02 9.344050E-01 2.598188E-02 1.270917E-03 3.882316E+00 1.061600E+01 
1.660040E-01 9.332222E-03 3.433744E-01 1.735280E-01 -1.462742E+00 5.599307E-01 -1.024696E-01 9.496693E-01 2.918950E-02 1.354539E-03 3.794360E+00 9.158349E+00 
1.855990E-01 4.900020E-03 3.665186E-01 1.741455E-01 -1.317750E+00 5.229217E-01 -1.134635E-01 9.717314E-01 2.993416E-02 1.142243E-03 4.034352E+00 9.775464E+00 
1.631547E-01 6.237570E-03 3.443855E-01 1.756722E-01 -1.437911E+00 5.923395E-01 -1.142005E-01 9.207915E-01 2.815362E-02 1.932577E-03 4.231764E+00 9.383680E+00 
1.587956E-01 9.681649E-03 3.485268E-01 1.678399E-01 -1.233379E+00 4.884905E-01 -3.220946E-02 1.102166E+00 3.124965E-02 4.176657E-03 5.429449E+00 1.068534E+01 
1.731996E-01 1.503085E-03 3.639017E-01 1.733335E-01 -1.367967E+00 5.685562E-01 -9.888264E-02 9.615608E-01 3.047387E-02 4.778973E-03 4.368021E+00 8.656743E+00 
1.520033E-01 3.655548E-03 3.304782E-01 1.727305E-01 -1.410987E+00 5.246104E-01 -9.811266E-02 9.682324E-01 2.776502E-02 7.052381E-04 4.623656E+00 9.149321E+00 
1.644894E-01 3.078022E-03 3.323431E-01 1.755637E-01 -1.217999E+00 5.731755E-01 -1.318786E-01 8.559597E-01 2.913681E-02 1.720264E-03 4.353463E+00 9.191732E+00 
1.618782E-01 4.688297E-03 3.257876E-01 1.755550E-01 -1.422775E+00 5.588065E-01 -1.076584E-01 9.635576E-01 3.017908E-02 1.278676E-03 4.087113E+00 8.701471E+00 
1.792091E-01 5.979958E-03 3.756545E-01 1.678390E-01 -1.412461E+00 5.938083E-01 -1.448035E-01 9.013645E-01 2.911066E-02 1.675966E-03 4.745815E+00 9.698603E+00 
1.532837E-01 4.745362E-03 3.409468E-01 1.699782E-01 -1.460128E+00 5.830426E-01 -1.613020E-01 9.563985E-01 2.782711E-02 2.416531E-03 4.306875E+00 9.695224E+00 
1.608366E-01 4.611518E-03 3.688820E-01 1.678211E-01 -1.425809E+00 5.837467E-01 -7.511852E-02 9.637301E-01 3.066448E-02 2.297647E-03 4.528273E+00 8.760538E+00 
1.807712E-01 9.009309E-03 3.556639E-01 1.796193E-01 -1.426641E+00 5.839383E-01 -1.031042E-01 8.538766E-01 2.914910E-02 0.000000E+00 3.477570E+00 9.903234E+00 
1.652858E-01 8.437384E-03 3.515216E-01 1.788538E-01 -1.374357E+00 5.729974E-01 -1.559917E-01 1.049250E+00 2.855346E-02 1.324245E-03 4.551797E+00 9.242662E+00 
1.001695E-01 4.958639E-02 3.279849E-01 1.515669E-01 -1.014693E+00 4.635890E-01 -4.501522E-02 1.067771E+00 3.019462E-02 7.730355E-03 3.866569E+00 1.154123E+01 
1.625858E-01 3.017670E-03 3.445937E-01 1.637530E-01 -1.452211E+00 5.912033E-01 -6.960466E-02 9.078127E-01 2.731824E-02 1.350536E-03 4.384680E+00 9.333756E+00 
2.000000E-01 1.000000E-04 3.628111E-01 1.717679E-01 -1.628079E+00 5.919393E-01 -1.387659E-01 9.275371E-01 2.887058E-02 6.780898E-04 4.817195E+00 8.975581E+00 
1.621734E-01 6.459297E-03 3.497919E-01 1.741333E-01 -1.498612E+00 5.737472E-01 -1.472332E-01 9.467531E-01 2.784354E-02 1.086183E-03 4.316595E+00 8.343548E+00 
1.684920E-01 5.416176E-03 3.487217E-01 1.764933E-01 -1.479102E+00 5.850229E-01 -7.522246E-02 9.287015E-01 2.731178E-02 1.559986E-03 4.228046E+00 9.522289E+00 
1.206480E-01 3.564622E-02 3.404606E-01 1.779971E-01 -1.278322E+00 5.257682E-01 -1.000000E-02 1.039966E+00 3.008737E-02 3.524771E-03 4.707198E+00 1.100812E+01 
1.605336E-01 4.641191E-03 3.499532E-01 1.761172E-01 -1.400833E+00 5.755361E-01 -7.988429E-02 9.510953E-01 2.751468E-02 2.308335E-03 4.400300E+00 9.442309E+00 
1.596227E-01 8.356378E-03 3.642662E-01 1.711137E-01 -1.398783E+00 5.885497E-01 -1.137852E-01 1.044812E+00 2.881664E-02 1.338770E-03 4.208568E+00 9.765090E+00 
1.784981E-01 1.348643E-02 3.353174E-01 1.761159E-01 -1.457390E+00 5.898924E-01 -1.559013E-01 9.593375E-01 3.154875E-02 3.691448E-03 4.334857E+00 8.853833E+00 
1.795992E-01 1.045465E-02 3.425471E-01 1.802419E-01 -1.485665E+00 5.592868E-01 -1.072702E-01 1.045776E+00 2.787440E-02 2.217265E-03 4.584124E+00 1.100462E+01 
1.646481E-01 5.776716E-03 3.374502E-01 1.703451E-01 -1.401701E+00 5.782542E-01 -1.336690E-01 9.061668E-01 2.790370E-02 3.589508E-04 3.858809E+00 9.872510E+00 
1.889697E-01 1.547150E-02 3.865685E-01 1.748365E-01 -1.672965E+00 5.526186E-01 -1.389321E-01 9.384851E-01 2.448337E-02 1.465166E-03 4.505486E+00 9.098867E+00 
1.465566E-01 3.288701E-02 3.402957E-01 1.676082E-01 -1.425981E+00 5.684861E-01 -1.221131E-01 9.546382E-01 2.394436E-02 1.964903E-03 3.939365E+00 8.566306E+00 
1.612071E-01 1.205672E-02 3.154821E-01 1.669083E-01 -1.521284E+00 4.449012E-01 -7.251161E-02 9.000605E-01 3.074804E-02 3.074187E-03 4.116822E+00 1.006149E+01 
1.194954E-01 8.977706E-03 3.526453E-01 1.722148E-01 -1.448380E+00 5.874796E-01 -7.292697E-02 9.812156E-01 2.937807E-02 2.598296E-03 4.312930E+00 1.005030E+01 
1.730622E-01 4.938536E-03 3.526392E-01 1.749002E-01 -1.382229E+00 5.919234E-01 -1.438046E-01 9.288104E-01 2.473828E-02 1.241617E-03 4.205061E+00 9.390512E+00 
1.836577E-01 3.763876E-03 3.510658E-01 1.757423E-01 -1.358609E+00 4.387755E-01 -1.028388E-01 9.901693E-01 2.942736E-02 1.755224E-03 4.394826E+00 9.878129E+00 
1.583296E-01 6.749155E-03 3.409884E-01 1.705178E-01 -1.412212E+00 5.853162E-01 -1.368675E-01 9.388034E-01 2.813041E-02 2.704198E-05 4.269171E+00 8.366721E+00 
1.711849E-01 3.768623E-03 3.491709E-01 1.789378E-01 -1.529914E+00 5.778305E-01 -8.654756E-02 9.131619E-01 2.777737E-02 2.067971E-03 4.199092E+00 8.517918E+00 
1.631703E-01 3.477595E-03 3.574942E-01 1.755224E-01 -1.424242E+00 5.806777E-01 -1.159075E-01 9.442700E-01 2.916354E-02 7.738079E-04 4.244234E+00 9.232524E+00 
1.596964E-01 6.406540E-03 3.609801E-01 1.709366E-01 -1.414222E+00 4.861941E-01 -1.448808E-01 9.035187E-01 2.933337E-02 3.035951E-04 4.419949E+00 7.367718E+00 
1.478536E-01 5.924988E-03 3.430304E-01 1.781914E-01 -1.340859E+00 5.819396E-01 -5.093117E-02 9.154709E-01 2.767035E-02 1.146668E-03 4.227676E+00 9.927910E+00 
1.507074E-01 7.092823E-03 3.553893E-01 1.674872E-01 -1.301928E+00 5.932652E-01 -5.284488E-02 1.033030E+00 2.820054E-02 1.880742E-03 4.304341E+00 8.264239E+00 
1.491196E-01 4.342537E-03 3.699876E-01 1.731081E-01 -1.458986E+00 5.973947E-01 -1.317679E-01 1.030549E+00 2.815936E-02 1.182391E-03 4.197933E+00 9.441011E+00 
1.660914E-01 6.098867E-03 3.513773E-01 1.731583E-01 -1.457146E+00 6.000000E-01 -2.000000E-01 9.892369E-01 2.938511E-02 2.291266E-03 3.846166E+00 7.591574E+00 
1.732615E-01 4.255197E-03 3.444628E-01 1.818226E-01 -1.432433E+00 5.956921E-01 -7.866671E-02 9.153642E-01 2.950958E-02 2.431636E-03 4.420332E+00 8.204736E+00 
1.606579E-01 4.713370E-03 3.380677E-01 1.763964E-01 -1.413230E+00 5.914027E-01 -1.002629E-01 9.861013E-01 2.814400E-02 1.805012E-03 4.601095E+00 9.319922E+00 
1.589445E-01 4.013699E-03 3.428257E-01 1.771855E-01 -1.369413E+00 5.837637E-01 -5.338122E-02 9.493429E-01 2.829115E-02 1.076726E-03 4.158369E+00 9.599690E+00 
1.573023E-01 5.242138E-03 3.213508E-01 1.680580E-01 -1.439309E+00 5.925401E-01 -1.770591E-01 9.489137E-01 2.886384E-02 1.943603E-03 4.598524E+00 9.027170E+00 
1.015733E-01 1.097909E-02 3.347835E-01 1.725459E-01 -1.339740E+00 3.703375E-01 -1.308873E-01 1.003782E+00 3.077620E-02 1.627405E-03 4.034999E+00 1.151494E+01 
2.000000E-01 1.000000E-04 3.377950E-01 1.753497E-01 -1.383031E+00 5.903346E-01 -1.997845E-01 9.183697E-01 3.416287E-02 9.318253E-04 4.378609E+00 1.009712E+01 
