1.675723E-01 7.968682E-03 3.572618E-01 1.868658E-01 -1.541651E+00 5.748132E-01 -8.913614E-02 9.229557E-01 2.972730E-02 1.238103E-03 3.998058E+00 8.816993E+00 
1.727168E-01 1.125512E-02 3.502439E-01 1.826019E-01 -1.457847E+00 5.867357E-01 -9.914780E-02 9.189206E-01 2.795102E-02 1.439563E-03 4.714411E+00 7.878195E+00 
1.599395E-01 8.377369E-03 3.586610E-01 1.739252E-01 -1.462316E+00 5.672894E-01 -1.971283E-02 9.333264E-01 2.677725E-02 1.110134E-03 4.138824E+00 9.024763E+00 
4.406294E-02 2.775819E-02 3.526518E-01 1.447394E-01 -1.328884E+00 4.729923E-01 -3.580079E-02 8.766728E-01 2.980879E-02 4.315297E-03 3.816445E+00 9.953693E+00 
1.653137E-01 1.002468E-02 3.663600E-01 1.759317E-01 -1.404730E+00 5.677154E-01 -4.535807E-02 9.778305E-01 2.400911E-02 2.806471E-03 3.618981E+00 9.227792E+00 
1.693172E-01 4.001740E-03 3.366688E-01 1.777752E-01 -1.383592E+00 5.830704E-01 -1.215412E-01 9.287761E-01 2.375747E-02 7.177767E-04 3.162680E+00 9.796198E+00 
1.679393E-01 6.578728E-03 3.314922E-01 1.723345E-01 -1.591581E+00 5.812669E-01 -7.960681E-02 1.012381E+00 2.939775E-02 2.232589E-03 4.721793E+00 9.656984E+00 
1.669093E-01 4.388477E-03 3.440499E-01 1.815042E-01 -1.326172E+00 5.909527E-01 -7.901438E-02 1.054750E+00 2.839136E-02 5.264335E-04 4.220347E+00 9.001007E+00 
1.504721E-01 6.705321E-03 3.455296E-01 1.705561E-01 -1.447501E+00 5.942612E-01 -1.202864E-01 9.746020E-01 2.814580E-02 2.005209E-03 4.068491E+00 9.727691E+00 
8.332426E-02 5.499781E-02 3.607594E-01 1.617291E-01 -1.357106E+00 5.916368E-01 -1.887485E-01 9.046584E-01 3.071418E-02 2.493892E-03 4.180600E+00 5.380823E+00 
1.506595E-01 1.230472E-02 3.421378E-01 1.730699E-01 -1.542202E+00 5.929544E-01 -5.341340E-02 9.291448E-01 3.050400E-02 2.044001E-03 4.262274E+00 9.266406E+00 
1.587095E-01 8.073730E-03 3.580317E-01 1.711987E-01 -1.439721E+00 5.426697E-01 -1.404685E-01 9.493811E-01 2.722437E-02 5.392044E-04 4.188947E+00 9.105956E+00 
1.635318E-01 6.801452E-03 3.667275E-01 1.748020E-01 -1.420539E+00 5.748059E-01 -1.228044E-01 9.248965E-01 2.771180E-02 1.004703E-03 4.006310E+00 8.932122E+00 
1.752537E-01 8.745333E-03 3.437576E-01 1.766269E-01 -1.415809E+00 5.960149E-01 -1.537479E-01 9.107292E-01 2.899338E-02 1.134301E-03 4.638174E+00 8.306993E+00 
1.583480E-01 5.432611E-03 3.325910E-01 1.787577E-01 -1.430770E+00 5.635859E-01 -1.520724E-01 9.862793E-01 2.793354E-02 2.728684E-03 4.157639E+00 1.173037E+01 
1.602009E-01 4.966261E-03 3.564595E-01 1.702296E-01 -1.369831E+00 5.286832E-01 -9.039489E-02 9.132267E-01 2.878207E-02 1.261015E-03 4.246087E+00 1.042372E+01 
1.615996E-01 4.857183E-03 3.692325E-01 1.720746E-01 -1.603894E+00 5.814063E-01 -1.477862E-01 9.431025E-01 3.646683E-02 1.821392E-03 4.608796E+00 7.438918E+00 
1.352733E-01 1.000000E-04 3.303716E-01 1.760481E-01 -1.630104E+00 5.643167E-01 -1.670559E-01 1.050533E+00 2.764375E-02 1.254641E-03 4.222815E+00 9.541206E+00 
1.727254E-01 6.973467E-03 3.532872E-01 1.774466E-01 -1.453715E+00 5.945697E-01 -1.106220E-01 9.433331E-01 2.759670E-02 2.750401E-03 4.210102E+00 8.553179E+00 
1.603352E-01 8.367096E-03 3.521191E-01 1.802493E-01 -1.325131E+00 5.738121E-01 -7.258387E-02 9.562746E-01 3.094320E-02 3.828015E-03 4.261883E+00 9.565473E+00 
1.682927E-01 8.325048E-04 3.596919E-01 1.779059E-01 -1.340313E+00 5.729883E-01 -1.776026E-01 9.408112E-01 2.997954E-02 5.775111E-04 4.782507E+00 9.055791E+00 
1.718072E-01 5.092764E-03 3.419048E-01 1.778319E-01 -1.441684E+00 5.589416E-01 -1.364600E-01 8.529192E-01 2.873535E-02 2.344422E-03 4.107243E+00 1.071417E+01 
1.639347E-01 1.451786E-02 3.456765E-01 1.725080E-01 -1.343860E+00 5.950631E-01 -1.190563E-01 9.417050E-01 2.702178E-02 1.749135E-03 4.323580E+00 8.934272E+00 
1.620293E-01 9.973763E-03 3.556821E-01 1.722172E-01 -1.517317E+00 5.696923E-01 -7.314862E-02 8.931200E-01 2.887070E-02 4.918564E-04 4.966196E+00 9.708975E+00 
1.675826E-01 8.509583E-03 3.336343E-01 1.761716E-01 -1.486001E+00 5.482108E-01 -6.984417E-02 9.913037E-01 2.912076E-02 5.204137E-03 3.446125E+00 8.455845E+00 
1.666684E-01 5.945975E-03 3.429233E-01 1.690525E-01 -1.452122E+00 5.911535E-01 -9.176817E-02 9.458645E-01 2.459781E-02 1.489194E-03 4.024027E+00 8.863167E+00 
1.604391E-01 3.980250E-03 3.449970E-01 1.739586E-01 -1.387774E+00 5.840483E-01 -1.160732E-01 9.915897E-01 2.719730E-02 1.547913E-03 4.067209E+00 7.782308E+00 
1.588248E-01 4.605026E-03 3.326796E-01 1.717133E-01 -1.411024E+00 5.873115E-01 -1.368150E-01 9.758204E-01 2.830095E-02 1.518827E-03 4.518608E+00 9.288576E+00 
1.588150E-01 4.334432E-03 3.528923E-01 1.749093E-01 -1.473145E+00 5.370647E-01 -6.051312E-02 9.045036E-01 2.837710E-02 1.640613E-03 3.771414E+00 8.490930E+00 
1.695173E-01 6.379644E-03 3.401359E-01 1.715743E-01 -1.650840E+00 5.898723E-01 -1.437756E-01 8.497344E-01 2.590944E-02 3.021190E-03 3.956808E+00 8.635723E+00 
1.628074E-01 4.296845E-03 3.435677E-01 1.813595E-01 -1.451796E+00 5.684973E-01 -5.790649E-02 9.399399E-01 2.880196E-02 2.251065E-03 3.656896E+00 9.093294E+00 
1.636523E-01 7.037088E-03 3.400246E-01 1.766283E-01 -1.348479E+00 5.849672E-01 -1.031576E-01 9.578121E-01 2.513697E-02 1.701459E-03 4.551205E+00 9.375516E+00 
1.751759E-01 6.518655E-03 3.536589E-01 1.692119E-01 -1.331925E+00 5.682006E-01 -1.554694E-01 9.931594E-01 3.193197E-02 4.323953E-03 4.645267E+00 9.301234E+00 
1.695707E-01 1.104035E-02 3.783307E-01 1.751771E-01 -1.248503E+00 5.582869E-01 -1.444586E-01 1.003280E+00 2.730924E-02 4.742093E-03 4.617498E+00 8.769337E+00 
1.644215E-01 1.000000E-04 3.492892E-01 1.802657E-01 -1.538205E+00 5.577540E-01 -8.055346E-02 9.376171E-01 2.906268E-02 1.480087E-03 4.422003E+00 8.848656E+00 
1.613196E-01 6.584405E-03 3.533052E-01 1.830795E-01 -1.328538E+00 5.096965E-01 -6.013057E-02 9.726596E-01 3.075670E-02 4.269036E-03 4.418205E+00 9.231894E+00 
1.622911E-01 6.938726E-03 3.359978E-01 1.772952E-01 -1.609139E+00 5.431174E-01 -1.458114E-01 9.182047E-01 2.505863E-02 3.299876E-03 4.386522E+00 8.862817E+00 
1.432944E-01 8.663115E-03 3.395819E-01 1.718599E-01 -1.372030E+00 5.634079E-01 -1.542994E-01 9.419453E-01 2.750926E-02 1.252452E-03 4.229202E+00 9.654624E+00 
1.586849E-01 6.885153E-03 3.473153E-01 1.700861E-01 -1.423086E+00 5.406318E-01 -1.132662E-01 9.449340E-01 2.880472E-02 2.136780E-03 4.107977E+00 9.357839E+00 
1.623635E-01 6.663110E-03 3.439018E-01 1.733589E-01 -1.576815E+00 5.814259E-01 -6.076084E-02 9.176370E-01 2.897700E-02 1.869118E-03 3.686939E+00 9.565802E+00 
1.697231E-01 1.692185E-02 3.514645E-01 1.847348E-01 -1.359608E+00 5.236984E-01 -9.408152E-02 8.935921E-01 3.037379E-02 3.280077E-03 4.093078E+00 8.680335E+00 
1.693073E-01 6.577135E-03 3.423562E-01 1.797921E-01 -1.503553E+00 5.748202E-01 -1.424790E-01 9.017047E-01 2.623517E-02 2.104191E-03 4.186991E+00 9.281704E+00 
1.659494E-01 5.658553E-03 3.447033E-01 1.666456E-01 -1.447645E+00 5.927302E-01 -1.635447E-01 9.181832E-01 2.572381E-02 2.727826E-03 4.489176E+00 8.757001E+00 
1.640398E-01 4.894139E-03 3.343783E-01 1.742230E-01 -1.353109E+00 5.757838E-01 -1.027117E-01 9.338958E-01 2.945595E-02 4.031017E-03 3.926328E+00 8.060985E+00 
1.621950E-01 4.779779E-03 3.472475E-01 1.734115E-01 -1.496175E+00 5.771682E-01 -5.791291E-02 9.435083E-01 2.757113E-02 2.451378E-03 4.175842E+00 8.704062E+00 
1.493123E-01 1.000000E-04 3.502468E-01 1.705114E-01 -1.475055E+00 5.711763E-01 -1.162921E-01 9.948024E-01 2.789069E-02 3.574940E-03 4.115362E+00 9.057357E+00 
1.689119E-01 8.233438E-03 3.587417E-01 1.756872E-01 -1.438972E+00 6.000000E-01 -1.024401E-01 9.946238E-01 3.149750E-02 1.127785E-03 3.967989E+00 8.622038E+00 
1.596166E-01 8.024431E-03 3.635174E-01 1.748313E-01 -1.294028E+00 5.708809E-01 -9.507997E-02 1.053334E+00 2.704949E-02 1.081892E-03 4.409049E+00 9.376596E+00 
1.746422E-01 7.000535E-03 3.503115E-01 1.767084E-01 -1.502805E+00 5.844941E-01 -9.745602E-02 9.147621E-01 3.090005E-02 4.385311E-03 4.179034E+00 7.909206E+00 
1.655816E-01 5.252535E-03 3.606254E-01 1.756147E-01 -1.419763E+00 6.000000E-01 -9.194270E-02 9.542339E-01 2.932202E-02 1.248751E-03 4.428858E+00 9.473633E+00 
1.464042E-01 1.260340E-02 3.284313E-01 1.662238E-01 -1.383629E+00 5.767675E-01 -7.944023E-02 9.445279E-01 2.549832E-02 9.219096E-04 3.800000E+00 1.024877E+01 
1.675156E-01 3.452145E-03 3.587210E-01 1.739508E-01 -1.503037E+00 6.000000E-01 -1.121631E-01 9.423747E-01 2.600948E-02 2.458633E-03 3.520874E+00 8.208197E+00 
1.497068E-01 7.889753E-03 3.529066E-01 1.723839E-01 -1.410655E+00 4.962810E-01 -1.116842E-01 9.660680E-01 2.848273E-02 0.000000E+00 3.947616E+00 9.331514E+00 
1.591047E-01 1.699773E-02 3.565581E-01 1.525036E-01 -1.484646E+00 3.842881E-01 -5.078529E-02 9.446928E-01 3.465477E-02 9.415738E-03 4.600129E+00 9.970557E+00 
1.183902E-01 7.966199E-02 3.627360E-01 1.801165E-01 -1.021256E+00 5.832890E-01 -1.292989E-01 9.074301E-01 2.979662E-02 0.000000E+00 4.452699E+00 7.416411E+00 
1.724888E-01 8.787861E-03 3.589061E-01 1.709534E-01 -1.421018E+00 5.943482E-01 -1.851444E-01 8.512903E-01 2.926515E-02 1.035247E-03 4.260702E+00 9.474518E+00 
1.673537E-01 1.079985E-02 3.539707E-01 1.770235E-01 -1.431066E+00 5.851973E-01 -1.422476E-01 8.829366E-01 2.885100E-02 1.478448E-03 4.266893E+00 8.141656E+00 
1.587603E-01 1.344054E-02 3.593134E-01 1.557435E-01 -1.265268E+00 6.000000E-01 -1.181372E-01 1.027712E+00 3.048291E-02 5.356858E-03 4.375796E+00 9.054149E+00 
1.756804E-01 2.018622E-02 3.979469E-01 1.697893E-01 -1.378387E+00 5.723383E-01 -1.782654E-01 1.067770E+00 2.811202E-02 5.161762E-04 4.446205E+00 9.220378E+00 
1.567479E-01 6.723384E-03 3.375197E-01 1.727888E-01 -1.487974E+00 5.492705E-01 -5.818794E-02 9.244186E-01 2.960222E-02 2.608500E-03 4.320051E+00 8.898894E+00 
1.661011E-01 4.296109E-03 3.648529E-01 1.704711E-01 -1.491288E+00 5.788174E-01 -1.054432E-01 9.967493E-01 2.773000E-02 1.345516E-03 4.243150E+00 8.863746E+00 
1.619712E-01 8.878688E-03 3.623845E-01 1.774405E-01 -1.681622E+00 5.880023E-01 -1.284333E-01 1.154392E+00 2.806014E-02 1.982373E-03 3.736763E+00 7.609966E+00 
1.493178E-01 5.788240E-02 3.504634E-01 1.633917E-01 -1.465502E+00 5.410092E-01 -5.215520E-02 9.207502E-01 2.901769E-02 4.416527E-03 4.329033E+00 9.661930E+00 
1.642774E-01 3.248674E-03 3.447400E-01 1.794234E-01 -1.326228E+00 5.997732E-01 -1.231744E-01 9.438678E-01 2.980796E-02 0.000000E+00 4.096017E+00 9.028599E+00 
7.758969E-02 2.362041E-03 3.669539E-01 1.740498E-01 -1.537231E+00 4.940899E-01 -9.753870E-02 1.035662E+00 3.026626E-02 8.913344E-03 3.409377E+00 8.203964E+00 
1.724000E-01 5.118997E-03 3.532149E-01 1.785224E-01 -1.342688E+00 5.700765E-01 -1.019763E-01 8.789839E-01 2.823163E-02 2.574078E-03 3.754488E+00 8.946521E+00 
1.562157E-01 5.010328E-03 3.383706E-01 1.764039E-01 -1.543139E+00 5.647654E-01 -6.047016E-02 9.196594E-01 2.714749E-02 2.518089E-03 3.914294E+00 1.009891E+01 
1.632238E-01 5.553646E-03 3.458372E-01 1.782093E-01 -1.430889E+00 5.318071E-01 -5.090692E-02 9.986914E-01 2.771872E-02 2.018356E-03 4.384766E+00 9.960834E+00 
1.617045E-01 1.964441E-02 3.571158E-01 1.698222E-01 -1.410667E+00 5.453952E-01 -9.969733E-02 8.865986E-01 2.755728E-02 3.346227E-03 3.395403E+00 9.298690E+00 
1.242493E-01 9.823221E-03 3.462789E-01 1.740904E-01 -1.406145E+00 4.607901E-01 -1.627691E-01 8.700028E-01 3.260594E-02 1.494196E-03 4.876068E+00 1.007715E+01 
1.790823E-01 6.835424E-03 3.420519E-01 1.812858E-01 -1.525413E+00 4.893004E-01 -1.193022E-01 9.757413E-01 2.585150E-02 2.305907E-03 4.077540E+00 8.960012E+00 
1.653860E-01 3.144371E-03 3.382887E-01 1.746277E-01 -1.479735E+00 5.743889E-01 -6.423114E-02 9.874719E-01 2.979470E-02 4.808438E-04 4.422535E+00 9.023926E+00 
1.000000E-04 5.658657E-02 3.054047E-01 1.373205E-01 -1.226427E+00 3.236123E-01 -8.220993E-02 1.008467E+00 3.462039E-02 0.000000E+00 2.938746E+00 1.491527E+01 
1.615707E-01 1.090133E-03 3.469553E-01 1.744937E-01 -1.615854E+00 5.772705E-01 -7.587862E-02 9.388029E-01 3.156827E-02 6.035393E-03 4.190354E+00 8.812356E+00 
1.661584E-01 3.914046E-03 3.419971E-01 1.736199E-01 -1.455967E+00 5.895207E-01 -1.606485E-01 9.695055E-01 2.902665E-02 1.429261E-03 4.578554E+00 7.823655E+00 
1.682107E-01 9.406209E-03 3.683769E-01 1.709795E-01 -1.460121E+00 5.761065E-01 -1.626720E-01 9.939554E-01 3.025256E-02 1.403765E-03 4.139378E+00 9.152743E+00 
1.709013E-01 1.079251E-02 3.423438E-01 1.603315E-01 -1.412007E+00 5.263879E-01 -1.351969E-01 1.098823E+00 2.858605E-02 1.637860E-03 3.553181E+00 8.342359E+00 
1.317325E-01 7.648513E-03 3.571124E-01 1.734354E-01 -1.505596E+00 5.074745E-01 -5.187349E-02 8.968730E-01 2.752305E-02 2.805856E-03 3.506271E+00 9.080791E+00 
1.560690E-01 5.821999E-03 3.228776E-01 1.678945E-01 -1.403191E+00 5.798852E-01 -7.524228E-02 9.155898E-01 2.992766E-02 7.418520E-04 3.841139E+00 8.956772E+00 
2.000000E-01 1.331646E-02 3.450945E-01 1.872986E-01 -1.331622E+00 6.000000E-01 -1.231265E-01 9.125463E-01 2.927615E-02 0.000000E+00 5.093472E+00 6.922185E+00 
1.581542E-01 5.190486E-03 3.388361E-01 1.806630E-01 -1.336098E+00 5.813663E-01 -7.095560E-02 9.783837E-01 3.181106E-02 1.604376E-03 4.104143E+00 9.326534E+00 
7.912807E-02 2.357781E-02 3.268307E-01 1.493970E-01 -1.370039E+00 5.306785E-01 -3.111462E-02 9.000007E-01 2.362273E-02 5.174156E-03 2.323528E+00 1.015504E+01 
1.482160E-01 1.000000E-04 3.443353E-01 1.733285E-01 -1.289612E+00 5.847848E-01 -1.032669E-01 8.883758E-01 2.887685E-02 1.713684E-03 4.629799E+00 9.055510E+00 
1.536618E-01 7.845796E-03 3.515687E-01 1.705536E-01 -1.530041E+00 5.861679E-01 -8.744552E-02 9.443718E-01 2.822296E-02 1.217787E-03 4.128341E+00 9.044523E+00 
1.596380E-01 1.812766E-02 3.440309E-01 1.756974E-01 -1.414683E+00 5.401575E-01 -9.048820E-02 9.728305E-01 2.716130E-02 7.114634E-03 4.175549E+00 8.663987E+00 
1.641736E-01 2.943774E-03 3.511116E-01 1.720361E-01 -1.471121E+00 5.714290E-01 -1.198412E-01 8.691525E-01 3.107861E-02 1.921680E-03 5.192690E+00 8.919411E+00 
1.706083E-01 7.187069E-03 3.452878E-01 1.774863E-01 -1.299776E+00 5.889616E-01 -1.277216E-01 9.596637E-01 2.912276E-02 9.410978E-04 4.691372E+00 8.864660E+00 
1.624734E-01 4.946217E-03 3.486195E-01 1.758433E-01 -1.409263E+00 5.720366E-01 -1.193851E-01 9.372099E-01 2.828332E-02 2.698253E-03 4.165268E+00 8.690390E+00 
1.533192E-01 4.896513E-03 3.516064E-01 1.719483E-01 -1.402966E+00 5.742550E-01 -1.205276E-01 9.248396E-01 2.649475E-02 7.555692E-05 4.631282E+00 9.234972E+00 
1.755968E-01 1.207779E-03 3.497541E-01 1.740780E-01 -1.438641E+00 5.718077E-01 -1.857473E-01 9.588771E-01 2.829535E-02 9.128154E-04 4.289322E+00 8.502431E+00 
1.526823E-01 3.260305E-02 3.479108E-01 1.767967E-01 -1.381406E+00 5.454736E-01 -5.367327E-02 9.240535E-01 3.059296E-02 1.503717E-02 4.096935E+00 9.082028E+00 
1.653151E-01 5.411800E-03 3.834138E-01 1.708700E-01 -1.432601E+00 5.827085E-01 -1.799934E-01 9.177848E-01 2.934451E-02 1.259501E-03 4.291744E+00 8.987672E+00 
1.498393E-01 1.067288E-02 3.352251E-01 1.726866E-01 -1.351243E+00 5.899420E-01 -1.148672E-01 9.893262E-01 2.983739E-02 2.215994E-03 3.826888E+00 8.171765E+00 
1.600138E-01 7.010514E-03 3.537323E-01 1.754180E-01 -1.489651E+00 5.820050E-01 -1.272259E-01 9.718547E-01 2.860452E-02 1.772108E-03 4.437832E+00 8.748201E+00 
1.467091E-01 6.223300E-03 3.533965E-01 1.693410E-01 -1.475896E+00 5.885840E-01 -1.233732E-01 1.055871E+00 2.924960E-02 1.026136E-03 4.120990E+00 9.125094E+00 
1.512870E-01 3.845599E-03 3.453089E-01 1.722427E-01 -1.522113E+00 5.786463E-01 -1.062381E-01 9.055832E-01 2.690893E-02 2.083327E-03 4.356281E+00 1.010013E+01 
1.701875E-01 4.471150E-03 3.538912E-01 1.738303E-01 -1.491491E+00 5.657471E-01 -1.273842E-01 9.569706E-01 2.839412E-02 1.793014E-03 4.350063E+00 8.419639E+00 
1.687985E-01 5.048965E-03 3.432949E-01 1.810391E-01 -1.495504E+00 5.895195E-01 -1.691713E-01 9.516362E-01 3.000076E-02 1.307401E-03 4.469346E+00 7.858970E+00 
1.400093E-01 6.347004E-03 3.478437E-01 1.750139E-01 -1.392992E+00 5.569674E-01 -1.379583E-01 9.950427E-01 2.826849E-02 1.657801E-03 3.969036E+00 9.919633E+00 
1.495190E-01 6.035776E-03 3.495728E-01 1.732640E-01 -1.404270E+00 5.728386E-01 -6.306207E-02 9.525900E-01 2.933164E-02 1.463086E-03 4.231025E+00 8.794947E+00 
1.502568E-01 3.558787E-03 3.487299E-01 1.777400E-01 -1.324805E+00 5.231751E-01 -7.721190E-02 9.746754E-01 2.939346E-02 2.119615E-03 4.338109E+00 9.784921E+00 
1.758845E-01 1.013609E-02 3.522623E-01 1.669542E-01 -1.394063E+00 5.918060E-01 -9.893839E-02 9.193636E-01 3.014125E-02 9.262210E-05 3.147646E+00 1.058370E+01 
1.527298E-01 4.427021E-03 3.540892E-01 1.748410E-01 -1.426677E+00 5.502809E-01 -8.854551E-02 9.535141E-01 2.631289E-02 3.984721E-03 4.169899E+00 9.802414E+00 
1.593729E-01 5.199595E-03 3.575615E-01 1.708792E-01 -1.565831E+00 5.674064E-01 -1.639991E-01 9.366917E-01 3.037278E-02 2.196740E-03 4.218348E+00 8.755492E+00 
1.632313E-01 3.182188E-03 3.439850E-01 1.724522E-01 -1.464400E+00 5.904072E-01 -9.826492E-02 8.938584E-01 2.838913E-02 1.504201E-03 4.269244E+00 8.058209E+00 
1.486663E-01 6.463156E-03 3.418102E-01 1.759552E-01 -1.414874E+00 5.921984E-01 -1.109519E-01 1.012673E+00 3.113005E-02 2.366243E-03 3.746645E+00 9.108423E+00 
1.572145E-01 6.042793E-03 3.510058E-01 1.679845E-01 -1.476972E+00 5.644953E-01 -4.826101E-02 9.260228E-01 2.619703E-02 1.235940E-03 4.304386E+00 9.516541E+00 
1.436558E-01 2.470387E-02 3.529982E-01 1.723247E-01 -1.434103E+00 5.578146E-01 -1.056218E-01 9.813451E-01 2.964500E-02 2.040169E-03 4.432032E+00 9.415969E+00 
1.618287E-01 4.375620E-03 3.644333E-01 1.739327E-01 -1.556570E+00 5.853475E-01 -6.199302E-02 9.150559E-01 2.840638E-02 0.000000E+00 4.160456E+00 9.054479E+00 
1.601946E-01 6.163528E-03 3.410239E-01 1.749411E-01 -1.476212E+00 5.841248E-01 -8.080113E-02 1.015125E+00 2.894608E-02 1.245223E-03 4.197416E+00 8.480043E+00 
1.571354E-01 8.405081E-03 3.476269E-01 1.754311E-01 -1.478975E+00 5.871505E-01 -1.074779E-01 9.914022E-01 2.857542E-02 1.747698E-03 4.314401E+00 7.310656E+00 
1.692151E-01 1.000000E-04 3.356827E-01 1.679849E-01 -1.387053E+00 5.777605E-01 -1.449837E-01 9.078630E-01 2.892247E-02 8.784572E-04 4.960930E+00 1.070359E+01 
1.625968E-01 7.817694E-03 3.502825E-01 1.648779E-01 -1.519437E+00 5.475194E-01 -8.985780E-02 8.470415E-01 2.678444E-02 5.079948E-03 3.804084E+00 9.336143E+00 
1.701226E-01 6.719496E-03 3.704088E-01 1.737680E-01 -1.464565E+00 5.950182E-01 -1.328193E-01 9.294861E-01 3.126478E-02 2.012909E-03 4.158965E+00 9.739443E+00 
1.589709E-01 1.949390E-02 3.588206E-01 1.757040E-01 -1.423648E+00 5.483273E-01 -1.187490E-01 9.448007E-01 2.861573E-02 1.092372E-03 4.584235E+00 8.140471E+00 
1.675926E-01 7.466762E-03 3.531553E-01 1.840339E-01 -1.367742E+00 5.799617E-01 -9.140886E-02 9.348606E-01 2.689863E-02 1.781141E-03 4.195713E+00 9.402900E+00 
1.617957E-01 5.761007E-03 3.596531E-01 1.719216E-01 -1.512966E+00 5.682572E-01 -1.069583E-01 9.108219E-01 2.769275E-02 2.987675E-03 4.119745E+00 1.024506E+01 
1.484609E-01 3.683545E-03 3.407869E-01 1.827103E-01 -1.291274E+00 5.756298E-01 -6.249253E-02 9.317618E-01 2.919039E-02 1.864298E-03 4.021407E+00 8.857011E+00 
1.619652E-01 7.447939E-03 3.430266E-01 1.777189E-01 -1.467082E+00 6.000000E-01 -3.864995E-02 1.008625E+00 3.037670E-02 3.111242E-03 4.775606E+00 9.048418E+00 
1.489945E-01 8.137368E-03 3.611134E-01 1.707150E-01 -1.581364E+00 5.807692E-01 -1.090472E-01 9.316855E-01 2.905670E-02 2.122797E-03 4.202832E+00 9.614192E+00 
1.662821E-01 6.610546E-03 3.242544E-01 1.845517E-01 -1.521328E+00 5.900973E-01 -6.802531E-02 9.454093E-01 2.858812E-02 2.458187E-03 3.954875E+00 8.844632E+00 
1.514789E-01 1.058753E-02 3.540919E-01 1.767259E-01 -1.279135E+00 4.368796E-01 -1.058752E-01 9.640218E-01 2.932934E-02 1.534434E-03 3.952295E+00 9.407511E+00 
1.633640E-01 6.038549E-03 3.507721E-01 1.752484E-01 -1.441473E+00 5.800302E-01 -1.363403E-01 9.287060E-01 3.007748E-02 8.850624E-03 4.160133E+00 9.968880E+00 
1.693160E-01 6.889032E-03 3.361173E-01 1.814210E-01 -1.297497E+00 5.692408E-01 -7.209761E-02 9.520601E-01 2.745842E-02 2.576091E-03 4.210001E+00 9.862121E+00 
1.554279E-01 7.638836E-03 3.473694E-01 1.732931E-01 -1.573580E+00 5.730369E-01 -2.331643E-02 9.135032E-01 2.832315E-02 9.623771E-04 4.235591E+00 1.009737E+01 
1.230964E-01 4.496880E-03 3.453563E-01 1.735369E-01 -1.474857E+00 5.700501E-01 -1.077537E-01 9.387962E-01 2.973739E-02 1.312156E-03 4.021904E+00 9.018285E+00 
1.479704E-01 8.098402E-03 3.341776E-01 1.677364E-01 -1.307503E+00 5.969635E-01 -1.852241E-01 1.034183E+00 2.668251E-02 1.490373E-03 4.759879E+00 8.941661E+00 
1.616241E-01 1.007997E-02 3.430632E-01 1.771284E-01 -1.574684E+00 5.649895E-01 -1.099608E-01 9.633753E-01 2.850826E-02 3.981514E-04 4.129453E+00 7.831800E+00 
1.438525E-01 7.452796E-03 3.418703E-01 1.756859E-01 -1.093855E+00 4.575429E-01 -3.374118E-02 1.002779E+00 2.881218E-02 1.455865E-02 4.486038E+00 8.813011E+00 
1.675271E-01 1.642312E-02 3.592156E-01 1.691726E-01 -1.464295E+00 5.805583E-01 -1.090096E-01 8.987712E-01 2.897300E-02 1.357584E-03 4.632331E+00 9.381760E+00 
1.685364E-01 7.697408E-03 3.666889E-01 1.729969E-01 -1.404125E+00 5.671870E-01 -1.243529E-01 9.334802E-01 3.395782E-02 2.617701E-03 3.769141E+00 8.750105E+00 
1.651817E-01 1.000000E-04 3.277455E-01 1.758736E-01 -1.677660E+00 5.958340E-01 -6.434210E-02 9.362589E-01 2.805860E-02 1.380552E-03 3.265034E+00 8.413826E+00 
1.662252E-01 3.980915E-03 3.422650E-01 1.739152E-01 -1.353390E+00 5.882220E-01 -9.115200E-02 9.026604E-01 2.877563E-02 0.000000E+00 4.181704E+00 9.745469E+00 
1.650597E-01 3.057208E-02 3.556514E-01 1.710041E-01 -1.517585E+00 5.897116E-01 -1.002803E-01 1.046552E+00 2.891609E-02 9.791921E-06 4.200394E+00 9.185952E+00 
1.551942E-01 4.876206E-03 3.392383E-01 1.743167E-01 -1.353367E+00 5.671653E-01 -7.644543E-02 9.369205E-01 2.963184E-02 1.406774E-03 4.221999E+00 9.833911E+00 
1.693424E-01 5.852080E-03 3.346166E-01 1.806046E-01 -1.362382E+00 5.841563E-01 -8.931483E-02 9.163018E-01 2.809931E-02 1.537003E-03 4.385287E+00 1.100647E+01 
1.120213E-01 9.045294E-03 3.476709E-01 1.655853E-01 -1.461271E+00 5.883820E-01 -9.666530E-02 8.845269E-01 2.872455E-02 4.941908E-03 4.384096E+00 9.382015E+00 
1.721814E-01 6.823578E-03 3.400998E-01 1.781140E-01 -1.434157E+00 5.725380E-01 -1.164272E-01 9.593662E-01 2.810636E-02 1.073630E-04 4.076387E+00 9.684246E+00 
1.642097E-01 1.427307E-02 3.554037E-01 1.767598E-01 -1.533160E+00 5.549558E-01 -1.799966E-01 1.003935E+00 2.887286E-02 2.078133E-03 4.265311E+00 9.072457E+00 
1.718043E-01 4.273574E-03 3.444855E-01 1.686602E-01 -1.584352E+00 5.682349E-01 -8.559746E-02 9.379323E-01 3.127876E-02 3.943009E-04 3.991723E+00 8.586389E+00 
1.511900E-01 4.409907E-03 3.734960E-01 1.775717E-01 -1.551885E+00 5.810806E-01 -1.597976E-01 9.662374E-01 2.949852E-02 1.705310E-03 4.190201E+00 8.124531E+00 
1.366299E-01 1.713839E-02 3.375636E-01 1.678498E-01 -1.262900E+00 5.905336E-01 -1.518816E-01 1.013064E+00 2.495192E-02 2.789705E-03 4.689849E+00 6.130104E+00 
1.692769E-01 4.763558E-03 3.521120E-01 1.726331E-01 -1.529289E+00 5.865714E-01 -1.953640E-01 1.021928E+00 2.676916E-02 1.314103E-03 4.725655E+00 9.555627E+00 
1.575855E-01 5.775192E-03 3.546141E-01 1.712332E-01 -1.541477E+00 5.892332E-01 -1.142337E-01 9.233068E-01 2.940976E-02 6.938194E-04 4.112999E+00 1.046743E+01 
1.578752E-01 3.644630E-03 3.559363E-01 1.795873E-01 -1.807694E+00 5.875409E-01 -1.005897E-01 9.610928E-01 2.797147E-02 1.512919E-03 4.139292E+00 8.082895E+00 
1.573275E-01 1.000000E-04 3.372225E-01 1.841493E-01 -1.695598E+00 5.692613E-01 -1.000000E-02 9.355103E-01 2.952264E-02 4.921288E-04 4.413918E+00 8.655396E+00 
1.355396E-01 1.066317E-02 3.509869E-01 1.721806E-01 -1.540373E+00 5.050694E-01 -1.062279E-01 1.052113E+00 2.762921E-02 3.154924E-03 4.032560E+00 9.647190E+00 
1.433895E-01 2.642168E-02 3.504098E-01 1.631917E-01 -1.436322E+00 5.837796E-01 -1.844704E-01 8.679256E-01 2.839967E-02 2.785415E-03 4.246020E+00 9.162642E+00 
1.678153E-01 2.749678E-02 3.352884E-01 1.663514E-01 -1.416096E+00 4.977454E-01 -9.644303E-02 9.523127E-01 2.722310E-02 2.327750E-03 3.695940E+00 1.099381E+01 
1.811007E-01 5.499242E-03 3.428510E-01 1.739409E-01 -1.435724E+00 5.416382E-01 -1.012843E-01 1.018296E+00 2.848254E-02 1.789103E-03 4.125167E+00 9.474464E+00 
1.709930E-01 5.926804E-03 3.652304E-01 1.735456E-01 -1.426066E+00 5.794720E-01 -1.855800E-01 9.966366E-01 3.188523E-02 2.874418E-03 4.321928E+00 9.520484E+00 
1.667184E-01 8.103454E-03 3.413932E-01 1.839703E-01 -1.386242E+00 5.881029E-01 -1.605375E-01 9.387451E-01 2.838617E-02 1.037134E-03 4.746535E+00 9.089977E+00 
1.585392E-01 1.106595E-02 3.476214E-01 1.717025E-01 -1.459173E+00 5.945151E-01 -1.516154E-01 9.746073E-01 2.687187E-02 2.264192E-03 4.317923E+00 9.539422E+00 
9.054521E-02 9.698990E-03 3.116314E-01 1.469764E-01 -1.238872E+00 4.326414E-01 -8.946720E-02 9.604269E-01 3.058591E-02 1.451898E-03 3.770576E+00 1.113066E+01 
1.600299E-01 1.000000E-04 3.614544E-01 1.700111E-01 -1.502496E+00 5.890267E-01 -1.205900E-01 9.222143E-01 3.059519E-02 2.439082E-03 4.085618E+00 9.094667E+00 
1.608932E-01 3.292181E-03 3.430433E-01 1.783471E-01 -1.628770E+00 5.677716E-01 -1.349809E-01 9.029660E-01 3.006922E-02 1.316099E-03 4.475346E+00 9.463261E+00 
2.000000E-01 9.235849E-03 3.652536E-01 1.718005E-01 -1.578855E+00 4.481039E-01 -1.125156E-01 9.147861E-01 2.477115E-02 7.578728E-03 4.328041E+00 1.259356E+01 
1.312880E-01 2.339343E-02 2.836196E-01 1.780467E-01 -1.591719E+00 5.082820E-01 -5.079705E-02 9.141751E-01 3.210749E-02 5.804446E-03 4.286128E+00 1.007772E+01 
1.659742E-01 4.921611E-03 3.432446E-01 1.777961E-01 -1.424022E+00 5.824595E-01 -9.763362E-02 8.974308E-01 2.888029E-02 2.481602E-03 4.631317E+00 8.762653E+00 
7.042842E-02 8.532856E-03 3.500092E-01 1.685738E-01 -1.350405E+00 5.242979E-01 -1.351563E-01 8.019039E-01 2.727978E-02 1.180335E-03 5.033165E+00 1.015275E+01 
1.640547E-01 8.169131E-03 3.629864E-01 1.713674E-01 -1.545153E+00 5.869537E-01 -8.084720E-02 9.670164E-01 2.992319E-02 1.938008E-03 4.227964E+00 9.364695E+00 
1.547205E-01 6.549142E-03 3.467341E-01 1.605332E-01 -1.407857E+00 5.892012E-01 -8.343118E-02 9.063858E-01 2.904040E-02 2.168676E-03 4.156957E+00 1.037764E+01 
1.577600E-01 5.960611E-03 3.571917E-01 1.656765E-01 -1.361730E+00 5.829837E-01 -1.146722E-01 8.785070E-01 2.717241E-02 1.053146E-03 4.100980E+00 8.605052E+00 
1.711981E-01 8.469314E-03 3.491789E-01 1.615218E-01 -1.296344E+00 5.284125E-01 -1.431954E-01 9.130601E-01 3.067717E-02 4.348147E-03 4.048168E+00 1.019451E+01 
1.706005E-01 7.255153E-03 3.453016E-01 1.698095E-01 -1.460126E+00 5.908157E-01 -1.257487E-01 9.290342E-01 2.909816E-02 1.873849E-03 3.928335E+00 9.842509E+00 
1.749535E-01 1.000000E-04 3.569714E-01 1.763918E-01 -1.419782E+00 5.996738E-01 -8.856788E-02 1.003596E+00 2.695659E-02 5.074363E-03 4.230948E+00 1.055607E+01 
1.625540E-01 1.070102E-02 3.483490E-01 1.701288E-01 -1.536458E+00 5.906685E-01 -1.197260E-01 9.108480E-01 2.751288E-02 9.336683E-04 4.257224E+00 8.280292E+00 
1.626509E-01 5.614090E-03 3.453832E-01 1.757149E-01 -1.533178E+00 5.643433E-01 -9.756025E-02 9.779730E-01 2.817519E-02 2.839800E-03 4.162641E+00 9.433297E+00 
6.380680E-02 1.988991E-02 3.442973E-01 1.750058E-01 -1.442310E+00 5.823785E-01 -1.000000E-02 9.464019E-01 3.176549E-02 1.019655E-03 4.123844E+00 7.668436E+00 
1.713896E-01 6.686883E-03 3.763686E-01 1.768401E-01 -1.418146E+00 5.744162E-01 -1.098959E-01 8.081898E-01 2.727402E-02 1.573448E-03 3.571940E+00 8.806160E+00 
1.686380E-01 7.739665E-03 3.587883E-01 1.717089E-01 -1.401113E+00 5.854966E-01 -1.338609E-01 8.984742E-01 2.813675E-02 3.455296E-03 3.306414E+00 9.345178E+00 
1.699423E-01 5.729458E-03 3.529899E-01 1.721669E-01 -1.392126E+00 5.777453E-01 -1.239288E-01 8.546748E-01 3.048917E-02 4.689521E-03 4.137754E+00 8.446294E+00 
1.531616E-01 7.369971E-03 3.705061E-01 1.692821E-01 -1.434862E+00 5.157331E-01 -9.998632E-02 7.789607E-01 3.077450E-02 2.249864E-03 4.227665E+00 1.015796E+01 
1.312811E-01 6.929407E-03 3.323515E-01 1.669010E-01 -1.530556E+00 5.922671E-01 -9.939437E-02 9.720337E-01 2.608568E-02 1.446773E-03 3.650072E+00 9.982815E+00 
1.430648E-01 1.121450E-02 3.294603E-01 1.562625E-01 -1.490377E+00 5.773243E-01 -1.306538E-01 9.163018E-01 2.652075E-02 5.893219E-04 4.368020E+00 1.210715E+01 
1.575813E-01 5.606990E-03 3.442178E-01 1.716684E-01 -1.446793E+00 5.831648E-01 -9.023112E-02 9.024323E-01 3.062549E-02 2.441389E-03 3.750736E+00 1.008939E+01 
1.561454E-01 4.894862E-03 3.342568E-01 1.784995E-01 -1.510382E+00 5.626379E-01 -4.183253E-02 9.472815E-01 2.873399E-02 2.689489E-03 4.071612E+00 9.853463E+00 
1.126990E-01 3.997653E-03 3.382665E-01 1.887569E-01 -1.322451E+00 5.021150E-01 -1.492756E-01 9.779840E-01 2.557505E-02 3.225491E-03 4.820016E+00 8.336059E+00 
1.699013E-01 4.546517E-03 3.680494E-01 1.762226E-01 -1.451746E+00 5.932772E-01 -1.570552E-01 9.739618E-01 2.817798E-02 1.988783E-03 4.336440E+00 9.797700E+00 
1.737047E-01 1.000000E-04 3.518727E-01 1.723851E-01 -1.423020E+00 5.773958E-01 -5.506657E-02 9.330790E-01 2.635981E-02 3.148709E-03 3.857011E+00 8.711470E+00 
1.486385E-01 2.181721E-03 3.380687E-01 1.716694E-01 -1.476147E+00 5.675903E-01 -2.695249E-02 9.539409E-01 2.624586E-02 8.811541E-04 4.219176E+00 9.632374E+00 
2.000000E-01 1.249574E-02 3.593378E-01 1.768774E-01 -1.395810E+00 5.866860E-01 -1.883579E-01 9.396749E-01 2.610472E-02 6.498328E-04 4.152281E+00 9.489838E+00 
1.696062E-01 6.192141E-03 3.552874E-01 1.718585E-01 -1.543682E+00 5.910236E-01 -1.601748E-01 9.789206E-01 3.001097E-02 3.993825E-03 4.207229E+00 1.227953E+01 
1.658940E-01 6.932576E-03 3.576415E-01 1.784836E-01 -1.542321E+00 5.843878E-01 -9.887656E-02 9.284651E-01 3.116336E-02 1.515323E-03 4.224055E+00 6.881715E+00 
1.637663E-01 6.348175E-03 3.682951E-01 1.694556E-01 -1.437402E+00 5.601885E-01 -1.970546E-01 8.998616E-01 3.174886E-02 2.425567E-03 4.414986E+00 9.727928E+00 
1.585684E-01 6.035340E-03 3.453291E-01 1.774986E-01 -1.476720E+00 5.739965E-01 -9.521542E-02 9.314892E-01 2.809670E-02 6.784836E-04 4.019264E+00 9.031259E+00 
1.571093E-01 4.206274E-03 3.584424E-01 1.694490E-01 -1.449393E+00 5.822495E-01 -1.339998E-01 9.757020E-01 3.020604E-02 2.008749E-03 3.710765E+00 7.886666E+00 
1.468456E-01 1.000000E-04 3.479244E-01 1.694243E-01 -1.478784E+00 6.000000E-01 -6.365857E-02 1.010192E+00 2.843328E-02 1.078913E-03 4.232879E+00 9.533817E+00 
1.603596E-01 4.219054E-03 3.470701E-01 1.708771E-01 -1.427952E+00 5.655525E-01 -4.984209E-02 8.985177E-01 2.802926E-02 4.644963E-04 4.308260E+00 1.000590E+01 
1.551615E-01 6.926238E-03 3.484788E-01 1.745723E-01 -1.457428E+00 5.811757E-01 -1.065244E-01 9.326451E-01 2.912704E-02 4.605701E-04 4.095544E+00 9.545380E+00 
1.059912E-01 2.619042E-02 3.402030E-01 1.628565E-01 -1.159309E+00 5.885342E-01 -9.541092E-02 9.694809E-01 2.950374E-02 3.941498E-03 2.417605E+00 9.038785E+00 
1.519219E-01 6.843981E-03 3.636049E-01 1.727155E-01 -1.582924E+00 5.797955E-01 -1.330488E-01 9.558047E-01 2.886350E-02 1.624700E-03 3.649979E+00 8.930040E+00 
1.726768E-01 7.156174E-03 3.521229E-01 1.778220E-01 -1.516125E+00 5.914494E-01 -7.235737E-02 1.020342E+00 3.152813E-02 1.097428E-03 4.187351E+00 9.087957E+00 
1.646478E-01 3.520533E-03 3.463430E-01 1.739629E-01 -1.453870E+00 5.790483E-01 -1.629193E-01 1.075928E+00 2.887757E-02 1.682384E-03 4.416740E+00 8.000344E+00 
1.641975E-01 6.218879E-03 3.381101E-01 1.784352E-01 -1.442324E+00 5.845385E-01 -1.132354E-01 9.753782E-01 3.036381E-02 9.457243E-04 4.618074E+00 8.907530E+00 
1.527371E-01 3.934175E-03 3.404395E-01 1.734744E-01 -1.325151E+00 5.113725E-01 -1.023032E-01 8.704411E-01 3.339407E-02 7.734562E-03 3.813542E+00 8.908568E+00 
1.610813E-01 5.410619E-03 3.564330E-01 1.747832E-01 -1.529283E+00 6.000000E-01 -1.883677E-01 1.114080E+00 2.681684E-02 1.374233E-03 3.619183E+00 8.954439E+00 
2.000000E-01 1.332173E-02 3.311167E-01 1.822594E-01 -1.464535E+00 5.677660E-01 -8.232860E-02 9.393383E-01 3.376280E-02 1.025434E-03 4.391260E+00 8.844338E+00 
1.612420E-01 6.929271E-03 3.448141E-01 1.644184E-01 -1.649536E+00 5.640675E-01 -5.743506E-02 1.013701E+00 2.673365E-02 3.340484E-03 4.263534E+00 1.186068E+01 
1.694687E-01 1.000000E-04 3.314166E-01 1.682601E-01 -1.335488E+00 5.556306E-01 -1.128884E-01 1.051227E+00 3.140849E-02 1.335499E-03 4.217301E+00 9.719004E+00 
1.907707E-01 3.558736E-03 3.556379E-01 1.705360E-01 -1.516801E+00 5.933568E-01 -8.164759E-02 9.910398E-01 2.926858E-02 1.477496E-03 4.431921E+00 9.171495E+00 
1.599753E-01 1.126649E-02 3.466112E-01 1.826745E-01 -1.433513E+00 5.981804E-01 -1.227571E-01 9.138152E-01 2.651851E-02 1.988209E-03 4.425192E+00 7.688383E+00 
1.520498E-01 6.957953E-03 3.583712E-01 1.770510E-01 -1.414839E+00 5.942120E-01 -9.301798E-02 9.733547E-01 2.709770E-02 1.267004E-03 4.530569E+00 9.099539E+00 
1.617698E-01 5.219053E-03 3.309473E-01 1.734868E-01 -1.378965E+00 5.841401E-01 -8.665626E-02 9.727359E-01 3.060027E-02 2.565608E-03 3.998073E+00 1.007327E+01 
1.650169E-01 1.000000E-04 3.681996E-01 1.826032E-01 -1.296146E+00 5.896157E-01 -1.735354E-01 9.107679E-01 2.641501E-02 0.000000E+00 4.738034E+00 7.331622E+00 
1.712069E-01 4.818015E-03 3.776676E-01 1.760738E-01 -1.393688E+00 5.668346E-01 -1.336082E-01 9.346003E-01 2.909077E-02 2.126134E-03 3.898351E+00 9.593742E+00 
1.568005E-01 1.237490E-02 3.506929E-01 1.712284E-01 -1.446129E+00 5.950565E-01 -1.822825E-01 9.071701E-01 2.913170E-02 2.083711E-03 4.331330E+00 9.301337E+00 
1.630832E-01 5.214829E-03 3.756293E-01 1.742806E-01 -1.358511E+00 5.905855E-01 -1.779356E-01 1.029010E+00 2.976175E-02 2.637233E-03 4.276704E+00 8.355481E+00 
1.603693E-01 9.984092E-03 3.505347E-01 1.795851E-01 -1.507353E+00 5.728036E-01 -8.045044E-02 9.409312E-01 2.537380E-02 1.251542E-03 4.086471E+00 8.571729E+00 
1.025031E-01 7.364870E-03 3.300097E-01 1.575632E-01 -1.518160E+00 5.721849E-01 -8.878574E-02 9.894754E-01 2.838765E-02 2.323093E-03 5.024073E+00 1.135832E+01 
1.542568E-01 8.238520E-03 3.574529E-01 1.827458E-01 -1.450874E+00 5.938969E-01 -1.185090E-01 8.954731E-01 2.898976E-02 9.927400E-04 4.170167E+00 9.227925E+00 
1.624390E-01 6.240733E-03 3.232526E-01 1.765687E-01 -1.434548E+00 5.779982E-01 -1.394559E-01 9.605160E-01 2.810779E-02 1.783861E-04 4.109947E+00 1.019096E+01 
1.368188E-01 2.362154E-02 3.331230E-01 1.682087E-01 -1.307110E+00 5.561200E-01 -3.735911E-02 9.168203E-01 2.778564E-02 1.590455E-03 4.060975E+00 9.495134E+00 
1.636734E-01 5.247819E-03 3.404660E-01 1.752477E-01 -1.447008E+00 5.638196E-01 -9.931257E-02 9.678955E-01 3.006381E-02 1.469563E-03 4.519026E+00 8.814917E+00 
1.510860E-01 5.804770E-03 3.667313E-01 1.683971E-01 -1.363807E+00 5.846809E-01 -7.060785E-02 9.676031E-01 2.902403E-02 1.611577E-03 5.001640E+00 9.472444E+00 
1.811373E-01 8.273042E-03 3.571047E-01 1.788506E-01 -1.533090E+00 5.887002E-01 -2.000000E-01 8.751145E-01 2.615084E-02 1.286530E-03 4.219877E+00 8.979475E+00 
1.775457E-01 1.000000E-04 3.438060E-01 1.772199E-01 -1.480475E+00 6.000000E-01 -1.080963E-01 9.588278E-01 2.805485E-02 1.069974E-03 4.224320E+00 9.053899E+00 
1.627357E-01 7.437436E-03 3.391709E-01 1.782761E-01 -1.501400E+00 5.741406E-01 -9.624784E-02 1.010546E+00 2.838477E-02 2.799865E-03 4.185339E+00 9.868743E+00 
1.655749E-01 6.492006E-03 3.688515E-01 1.760370E-01 -1.328852E+00 5.671239E-01 -1.041663E-01 9.575894E-01 2.867280E-02 1.192406E-03 3.431138E+00 8.813735E+00 
1.645895E-01 5.894681E-03 3.606957E-01 1.704577E-01 -1.548470E+00 5.569372E-01 -9.658231E-02 9.308056E-01 2.821089E-02 1.257253E-03 3.944150E+00 8.619418E+00 
1.655293E-01 7.555789E-03 3.480444E-01 1.745646E-01 -1.539887E+00 5.812814E-01 -6.033317E-02 9.166769E-01 2.965440E-02 1.191871E-03 4.174522E+00 1.112127E+01 
1.595693E-01 9.623196E-03 3.622483E-01 1.771264E-01 -1.514948E+00 6.000000E-01 -8.554773E-02 9.485360E-01 2.863065E-02 2.894256E-04 4.319970E+00 9.578000E+00 
1.628765E-01 3.341320E-03 3.492736E-01 1.742060E-01 -1.455957E+00 5.530065E-01 -9.283686E-02 9.103833E-01 2.918536E-02 8.495476E-04 4.396322E+00 9.776010E+00 
1.688009E-01 7.912367E-03 3.481115E-01 1.708071E-01 -1.503104E+00 5.975926E-01 -1.052475E-01 9.941940E-01 2.813661E-02 4.208113E-03 4.255748E+00 9.120727E+00 
1.818016E-01 5.506367E-03 3.499369E-01 1.794672E-01 -1.493556E+00 5.968757E-01 -1.406393E-01 9.045178E-01 2.955146E-02 1.256157E-03 4.374462E+00 8.985198E+00 
1.030493E-01 3.921064E-02 3.310901E-01 1.808637E-01 -1.449322E+00 5.865300E-01 -9.528869E-02 9.570732E-01 2.789203E-02 1.284077E-02 4.457653E+00 3.290893E+00 
1.429661E-01 2.621148E-02 2.999250E-01 1.495910E-01 -1.389792E+00 5.358499E-01 -1.011180E-01 8.865663E-01 3.176604E-02 3.661324E-03 3.311437E+00 1.177533E+01 
1.594681E-01 1.501908E-02 3.585483E-01 1.703351E-01 -1.190888E+00 5.322180E-01 -8.519755E-02 1.045103E+00 2.789204E-02 7.653239E-03 4.060843E+00 1.015319E+01 
1.552846E-01 5.695042E-03 3.393055E-01 1.761922E-01 -1.464808E+00 5.889851E-01 -4.701522E-02 9.140911E-01 2.631081E-02 1.234900E-03 4.593035E+00 8.901177E+00 
1.433037E-01 8.997072E-03 3.389975E-01 1.749434E-01 -1.496217E+00 5.798752E-01 -1.186711E-01 1.023635E+00 2.810122E-02 2.614447E-03 4.288399E+00 8.560159E+00 
1.636412E-01 5.056770E-03 3.528320E-01 1.780368E-01 -1.425321E+00 5.852550E-01 -2.727808E-02 9.634948E-01 3.006850E-02 1.294234E-03 4.180414E+00 9.044801E+00 
1.633363E-01 1.443822E-03 3.308034E-01 1.734546E-01 -1.448177E+00 5.689703E-01 -4.439403E-02 9.776432E-01 2.820491E-02 2.171583E-03 3.663188E+00 1.132172E+01 
2.000000E-01 1.647164E-02 3.643950E-01 1.780792E-01 -1.360416E+00 5.974848E-01 -1.261771E-01 9.712334E-01 2.943060E-02 1.767586E-03 4.241304E+00 8.580797E+00 
1.689850E-01 2.772851E-03 3.525040E-01 1.728924E-01 -1.421076E+00 5.920945E-01 -1.619678E-01 9.615856E-01 2.734760E-02 1.912880E-03 4.419018E+00 1.208663E+01 
2.000000E-01 1.041264E-03 4.101008E-01 1.769652E-01 -1.297313E+00 5.647391E-01 -9.388169E-02 1.064279E+00 2.827611E-02 2.078091E-03 5.059187E+00 7.312854E+00 
1.507577E-01 6.404453E-03 3.034564E-01 1.492661E-01 -1.257874E+00 5.730916E-01 -1.170491E-01 9.414182E-01 2.847283E-02 4.153663E-03 3.647849E+00 9.808254E+00 
1.515163E-01 1.653747E-02 3.350214E-01 1.698526E-01 -1.373169E+00 5.196542E-01 -1.234879E-01 1.122543E+00 2.848121E-02 3.959808E-03 4.383498E+00 9.600513E+00 
1.548632E-01 1.264229E-02 3.437157E-01 1.749968E-01 -1.358220E+00 5.728685E-01 -1.344936E-01 9.865288E-01 2.596487E-02 1.140260E-03 4.202454E+00 9.730807E+00 
1.489636E-01 7.679826E-04 3.298276E-01 1.784397E-01 -1.334991E+00 6.000000E-01 -1.141195E-01 9.565484E-01 2.985722E-02 3.989333E-03 3.880114E+00 1.004890E+01 
1.431874E-01 1.214892E-02 3.447972E-01 1.742385E-01 -1.376877E+00 5.694252E-01 -1.328786E-01 9.692841E-01 3.029267E-02 1.812835E-03 4.305389E+00 8.991775E+00 
1.714247E-01 4.380383E-03 3.481513E-01 1.760464E-01 -1.433521E+00 5.810423E-01 -1.363552E-01 8.946859E-01 2.487243E-02 2.561328E-03 4.005932E+00 9.934256E+00 
4.495143E-02 8.028000E-02 3.390936E-01 1.820077E-01 -1.286882E+00 4.050114E-01 -8.900861E-02 9.602503E-01 2.871164E-02 9.879135E-03 3.287942E+00 9.418980E+00 
1.591581E-01 5.411333E-03 3.536692E-01 1.728676E-01 -1.484236E+00 5.396000E-01 -7.935613E-02 9.537242E-01 3.017156E-02 1.654004E-03 4.032837E+00 9.949924E+00 
1.665752E-01 7.056434E-03 3.423051E-01 1.787332E-01 -1.215059E+00 5.814291E-01 -9.731121E-02 9.455301E-01 2.853107E-02 1.988821E-03 4.296482E+00 9.325007E+00 
1.534793E-01 7.097974E-03 3.474185E-01 1.662702E-01 -1.471987E+00 5.853227E-01 -1.081490E-01 9.623964E-01 2.732156E-02 2.850188E-03 4.299074E+00 8.615006E+00 
1.606418E-01 6.893616E-03 3.593494E-01 1.765763E-01 -1.301610E+00 5.979272E-01 -1.115587E-01 9.234126E-01 2.920266E-02 0.000000E+00 4.099867E+00 8.971225E+00 
1.562292E-01 1.485102E-02 3.649189E-01 1.752128E-01 -1.627279E+00 5.860882E-01 -7.127788E-02 8.952086E-01 2.751730E-02 8.004595E-04 3.839621E+00 9.318478E+00 
1.583645E-01 4.525717E-03 3.493584E-01 1.702967E-01 -1.574796E+00 5.979675E-01 -6.723557E-02 9.235132E-01 3.053599E-02 2.315627E-03 4.787511E+00 8.736201E+00 
1.723796E-01 5.325698E-03 3.448077E-01 1.641405E-01 -1.318762E+00 5.824470E-01 -1.102931E-01 8.445591E-01 2.969214E-02 1.992083E-03 4.218247E+00 9.611728E+00 
2.000000E-01 1.000000E-04 3.351340E-01 1.767115E-01 -1.576141E+00 5.472874E-01 -3.561349E-02 8.945607E-01 2.968031E-02 1.918601E-03 4.370247E+00 9.648356E+00 
1.752711E-01 8.819596E-03 3.852581E-01 1.745913E-01 -1.474548E+00 6.000000E-01 -1.641311E-01 8.514211E-01 2.312942E-02 2.226513E-03 4.410312E+00 9.338053E+00 
1.623660E-01 7.605256E-03 3.466382E-01 1.747611E-01 -1.403657E+00 5.644168E-01 -6.891465E-02 9.148434E-01 2.987201E-02 2.999014E-03 3.991132E+00 9.159975E+00 
1.701481E-01 5.473969E-03 3.475748E-01 1.746652E-01 -1.370347E+00 5.831923E-01 -1.512858E-01 9.305559E-01 3.018448E-02 2.051177E-03 3.963810E+00 9.300606E+00 
1.480540E-01 2.969975E-02 3.399281E-01 1.676847E-01 -1.229286E+00 5.316522E-01 -8.649427E-02 8.973711E-01 2.956759E-02 2.207602E-03 4.511596E+00 6.299283E+00 
1.766239E-01 3.360400E-03 3.561713E-01 1.716683E-01 -1.441661E+00 5.880208E-01 -1.709450E-01 9.541686E-01 3.112640E-02 2.179578E-03 4.610341E+00 1.021228E+01 
1.402807E-01 4.741482E-02 2.964947E-01 1.698065E-01 -1.406823E+00 4.761305E-01 -5.447631E-02 1.023508E+00 2.732408E-02 6.240697E-04 4.482872E+00 8.189666E+00 
1.538105E-01 4.273887E-03 3.463526E-01 1.671692E-01 -1.325033E+00 4.770134E-01 -1.173934E-02 9.503720E-01 2.944695E-02 3.817169E-03 4.176641E+00 8.927118E+00 
1.626938E-01 3.835017E-03 3.403299E-01 1.737546E-01 -1.347260E+00 5.913550E-01 -1.365916E-01 9.261492E-01 2.404799E-02 1.359312E-03 4.248341E+00 8.841740E+00 
1.639348E-01 5.323083E-03 3.585881E-01 1.761421E-01 -1.559360E+00 5.789518E-01 -1.196567E-01 8.772622E-01 2.795378E-02 5.831783E-04 4.520039E+00 7.449217E+00 
1.744914E-01 5.376926E-03 3.670234E-01 1.685647E-01 -1.473121E+00 5.823182E-01 -1.614444E-01 8.983121E-01 3.084291E-02 2.658730E-03 4.342083E+00 8.608428E+00 
1.747059E-01 5.333717E-03 3.752385E-01 1.787071E-01 -1.390293E+00 5.956500E-01 -1.234260E-01 9.597537E-01 3.216848E-02 8.038857E-04 3.946952E+00 8.181592E+00 
1.656198E-01 1.071759E-02 3.432589E-01 1.695278E-01 -1.472891E+00 5.521630E-01 -7.820007E-02 9.986242E-01 2.907484E-02 3.279478E-04 3.761179E+00 9.140975E+00 
5.138542E-02 1.070628E-02 3.181134E-01 1.367670E-01 -1.148031E+00 3.961781E-01 -4.078043E-02 8.925588E-01 2.704273E-02 1.782506E-03 3.500243E+00 1.033846E+01 
1.556635E-01 2.882215E-03 3.455389E-01 1.814967E-01 -1.566415E+00 5.807885E-01 -1.107855E-01 8.882856E-01 2.834217E-02 4.123840E-04 4.429582E+00 8.694848E+00 
1.705031E-01 6.781852E-03 3.510088E-01 1.802766E-01 -1.485624E+00 5.723068E-01 -1.112742E-01 9.507986E-01 2.883790E-02 1.570435E-03 4.153854E+00 9.807736E+00 
1.640292E-01 5.175364E-03 3.397409E-01 1.765732E-01 -1.560536E+00 5.828269E-01 -9.909081E-02 9.073547E-01 2.852605E-02 3.321045E-03 3.639251E+00 8.301362E+00 
1.726635E-01 5.772747E-03 3.578883E-01 1.694580E-01 -1.455034E+00 5.739601E-01 -1.040228E-01 1.027262E+00 2.907215E-02 3.005666E-03 4.672786E+00 9.906168E+00 
1.260503E-01 4.931901E-03 3.358629E-01 1.720735E-01 -1.481386E+00 5.570081E-01 -6.600207E-02 9.255659E-01 3.239989E-02 2.250405E-03 4.577968E+00 1.004118E+01 
1.606445E-01 3.817373E-03 3.507042E-01 1.732671E-01 -1.364292E+00 5.622981E-01 -1.061974E-01 9.534814E-01 3.264771E-02 2.609896E-03 4.047216E+00 8.473272E+00 
1.592663E-01 8.406364E-03 3.451056E-01 1.758512E-01 -1.497276E+00 4.621004E-01 -1.076647E-01 1.057605E+00 3.192503E-02 1.483372E-03 4.548224E+00 9.305773E+00 
1.602453E-01 8.703845E-03 3.660710E-01 1.709508E-01 -1.358760E+00 5.840270E-01 -7.848703E-02 9.427542E-01 2.978929E-02 1.896687E-03 4.325855E+00 9.481951E+00 
1.689724E-01 5.347657E-03 3.473688E-01 1.701920E-01 -1.329073E+00 5.829752E-01 -1.205910E-01 9.434577E-01 2.925962E-02 9.112828E-04 4.362687E+00 9.701384E+00 
1.755112E-01 3.727479E-03 3.631627E-01 1.732182E-01 -1.479660E+00 5.745904E-01 -1.256208E-01 8.277196E-01 2.937007E-02 2.912002E-03 4.319618E+00 8.059401E+00 
1.662418E-01 5.486209E-03 3.580984E-01 1.745713E-01 -1.459626E+00 5.868118E-01 -1.270787E-01 9.769519E-01 3.213527E-02 1.707949E-03 4.399639E+00 1.004803E+01 
1.600003E-01 3.984197E-03 3.469887E-01 1.758673E-01 -1.351125E+00 5.835448E-01 -8.795546E-02 9.067079E-01 2.562079E-02 1.501520E-03 4.252810E+00 9.516050E+00 
1.572821E-01 1.356075E-02 3.312579E-01 1.718168E-01 -1.321566E+00 5.992415E-01 -1.117747E-01 9.697543E-01 2.449165E-02 2.733353E-03 4.694627E+00 9.211616E+00 
1.595238E-01 7.681320E-03 3.381334E-01 1.802967E-01 -1.368409E+00 5.895123E-01 -7.593327E-02 9.475886E-01 2.644382E-02 1.265245E-03 4.322221E+00 9.529254E+00 
1.647148E-01 4.259841E-03 3.647168E-01 1.753475E-01 -1.493617E+00 5.839366E-01 -5.918718E-02 8.546715E-01 2.865576E-02 2.593967E-03 3.433542E+00 9.210618E+00 
1.526176E-01 5.214967E-04 3.683085E-01 1.806683E-01 -1.379537E+00 5.857771E-01 -5.029817E-02 8.039794E-01 2.951981E-02 2.951074E-03 3.792426E+00 8.581132E+00 
1.758068E-01 4.880536E-03 3.462207E-01 1.740126E-01 -1.289109E+00 5.664752E-01 -1.367029E-01 9.748669E-01 2.974379E-02 2.205167E-03 3.934482E+00 9.911073E+00 
7.017665E-02 5.024968E-02 3.413966E-01 1.618749E-01 -1.450565E+00 3.123185E-01 -4.974557E-02 1.113389E+00 3.098723E-02 7.969027E-03 4.459706E+00 1.251916E+01 
1.681066E-01 2.635168E-03 3.453806E-01 1.770833E-01 -1.377398E+00 5.938470E-01 -5.721152E-02 9.802851E-01 2.746223E-02 1.026147E-03 4.536722E+00 9.402334E+00 
1.647917E-01 4.905948E-03 3.487059E-01 1.802058E-01 -1.447317E+00 5.375603E-01 -3.915535E-02 9.213561E-01 2.777421E-02 1.810785E-03 4.348094E+00 9.600804E+00 
1.642845E-01 6.836879E-03 3.401402E-01 1.737612E-01 -1.338114E+00 5.784307E-01 -1.030744E-01 9.927599E-01 2.891384E-02 1.860127E-03 3.935719E+00 9.927628E+00 
1.663578E-01 7.447148E-03 3.272287E-01 1.745318E-01 -1.486180E+00 5.690534E-01 -7.398535E-02 8.947836E-01 3.013340E-02 1.761617E-03 4.228945E+00 1.156171E+01 
1.271950E-01 5.213373E-03 3.563818E-01 1.619112E-01 -1.759833E+00 5.727986E-01 -1.512966E-01 8.988526E-01 2.861509E-02 2.715271E-03 3.917652E+00 1.070781E+01 
1.740275E-01 1.162163E-02 3.493452E-01 1.641368E-01 -1.377668E+00 5.963330E-01 -1.435962E-01 9.329815E-01 3.193995E-02 2.429634E-03 4.500897E+00 7.769834E+00 
1.657130E-01 6.502814E-03 3.683899E-01 1.742960E-01 -1.394225E+00 5.867686E-01 -1.656981E-01 9.675220E-01 2.925788E-02 9.872367E-04 4.212636E+00 9.639716E+00 
1.508295E-01 8.582624E-03 3.635003E-01 1.719701E-01 -1.476127E+00 5.951302E-01 -1.024140E-01 8.799677E-01 3.139039E-02 1.590525E-03 4.329996E+00 9.359249E+00 
6.576639E-02 7.033688E-03 3.200602E-01 1.396825E-01 -1.253719E+00 5.756989E-01 -1.510523E-01 9.672156E-01 3.032991E-02 4.187747E-03 3.596262E+00 1.298736E+01 
1.792763E-01 5.764172E-03 3.420506E-01 1.734948E-01 -1.419749E+00 5.873354E-01 -1.214588E-01 9.564799E-01 2.959545E-02 3.003071E-03 4.230480E+00 8.804860E+00 
1.719388E-01 4.960086E-03 3.622842E-01 1.740003E-01 -1.584342E+00 5.952886E-01 -1.583616E-01 9.011418E-01 2.416375E-02 2.613492E-03 4.329772E+00 8.142002E+00 
8.492909E-02 3.816564E-02 3.198485E-01 1.532671E-01 -1.233648E+00 5.567412E-01 -6.451715E-02 1.060771E+00 3.767290E-02 1.530439E-03 3.445891E+00 1.259876E+01 
1.509636E-01 7.059511E-03 3.323169E-01 1.811544E-01 -1.598100E+00 5.676364E-01 -9.543918E-02 9.595625E-01 3.141087E-02 1.929194E-04 4.484815E+00 9.774056E+00 
1.868954E-01 6.455518E-03 3.479888E-01 1.759726E-01 -1.302624E+00 5.908665E-01 -1.510953E-01 9.075576E-01 2.676536E-02 2.451971E-03 4.371372E+00 9.699913E+00 
1.632960E-01 3.605711E-03 3.505965E-01 1.735082E-01 -1.425494E+00 5.955064E-01 -1.447490E-01 9.712637E-01 2.888796E-02 1.028303E-03 4.390195E+00 9.934911E+00 
1.520849E-01 5.527611E-03 3.545479E-01 1.738516E-01 -1.688173E+00 5.571141E-01 -6.708030E-02 9.183131E-01 3.183672E-02 2.536694E-03 4.397138E+00 9.412216E+00 
1.614477E-01 6.407065E-03 3.405426E-01 1.749969E-01 -1.415510E+00 5.880635E-01 -1.284061E-01 9.635168E-01 2.881047E-02 2.388904E-03 4.317796E+00 9.358504E+00 
1.633555E-01 8.413551E-03 3.693005E-01 1.787286E-01 -1.541423E+00 5.910634E-01 -2.000000E-01 9.604280E-01 2.856793E-02 2.419320E-03 4.440303E+00 9.072395E+00 
1.583123E-01 3.753672E-03 3.730894E-01 1.750702E-01 -1.716923E+00 5.750116E-01 -1.448418E-01 9.323405E-01 3.019466E-02 1.126841E-03 3.852094E+00 9.215470E+00 
1.620540E-01 7.739952E-03 3.475926E-01 1.767195E-01 -1.389391E+00 5.534092E-01 -8.255269E-02 1.001018E+00 2.325745E-02 1.153484E-03 4.099665E+00 9.029518E+00 
1.653349E-01 5.541690E-03 3.636094E-01 1.720620E-01 -1.345547E+00 5.609409E-01 -8.897878E-02 9.945200E-01 2.802830E-02 1.845493E-03 4.019378E+00 9.360482E+00 
1.722474E-01 7.848036E-03 3.337793E-01 1.729989E-01 -1.367302E+00 5.827702E-01 -8.839756E-02 9.075509E-01 3.084808E-02 2.270079E-03 5.685554E+00 9.476661E+00 
1.745989E-01 5.392526E-03 3.527639E-01 1.754349E-01 -1.409865E+00 5.832255E-01 -5.505638E-02 8.731199E-01 2.976022E-02 7.142785E-03 3.767803E+00 7.182594E+00 
1.651296E-01 8.490913E-03 3.394494E-01 1.807394E-01 -1.362638E+00 5.880170E-01 -9.255682E-02 9.285954E-01 3.073723E-02 2.505457E-03 3.623434E+00 8.540336E+00 
9.629581E-02 2.854668E-03 3.438643E-01 1.781290E-01 -1.454967E+00 3.314681E-01 -1.000000E-02 1.202351E+00 2.940860E-02 1.837754E-02 2.417814E+00 7.825098E+00 
1.557579E-01 7.803443E-03 3.724179E-01 1.743021E-01 -1.761541E+00 5.989281E-01 -1.198169E-01 1.007682E+00 2.786973E-02 4.197443E-04 4.295707E+00 8.378944E+00 
1.251115E-01 4.587986E-03 3.267926E-01 1.762963E-01 -1.415392E+00 5.853441E-01 -1.493866E-01 9.330116E-01 3.030556E-02 1.644816E-03 3.522736E+00 9.543211E+00 
1.633512E-01 7.770718E-03 3.403754E-01 1.842639E-01 -1.367351E+00 5.674695E-01 -8.357341E-02 9.996333E-01 2.798546E-02 1.970932E-03 4.242131E+00 8.399281E+00 
1.227902E-01 7.589996E-03 3.557111E-01 1.806223E-01 -1.497337E+00 5.649016E-01 -7.757564E-02 9.774541E-01 2.808905E-02 1.309145E-03 4.042843E+00 8.808313E+00 
1.768725E-01 9.118461E-03 3.634649E-01 1.880221E-01 -1.376127E+00 5.946492E-01 -1.874345E-01 9.790334E-01 3.043361E-02 1.657564E-03 5.194537E+00 8.541959E+00 
1.662881E-01 2.846995E-03 3.449484E-01 1.718302E-01 -1.371794E+00 5.937394E-01 -1.043144E-01 9.397044E-01 3.052671E-02 2.535107E-03 3.874808E+00 8.636423E+00 
1.879094E-01 6.559769E-03 3.662321E-01 1.801750E-01 -1.492687E+00 5.980419E-01 -1.256848E-01 9.137028E-01 2.597871E-02 2.983043E-03 4.350935E+00 9.165361E+00 
1.669346E-01 6.193819E-03 3.536135E-01 1.695032E-01 -1.368351E+00 6.000000E-01 -1.330006E-01 9.824132E-01 2.916046E-02 3.253390E-03 3.504952E+00 8.375739E+00 
1.419699E-01 2.441347E-02 2.917858E-01 1.656893E-01 -1.402849E+00 4.044147E-01 -1.010941E-01 9.417039E-01 2.786853E-02 5.033191E-03 4.376061E+00 8.475256E+00 
1.395429E-01 1.821446E-03 3.627130E-01 1.765215E-01 -1.562827E+00 4.642908E-01 -1.070913E-01 8.853837E-01 2.996988E-02 1.494387E-03 3.857198E+00 9.035856E+00 
1.561584E-01 7.760941E-03 3.415126E-01 1.749426E-01 -1.614902E+00 5.834402E-01 -1.108286E-01 9.043200E-01 2.857481E-02 2.490185E-03 4.282900E+00 9.462848E+00 
1.674509E-01 5.780303E-03 3.562661E-01 1.783226E-01 -1.266639E+00 5.882479E-01 -1.298272E-01 9.486821E-01 2.877147E-02 1.281739E-03 4.253616E+00 8.573969E+00 
1.597781E-01 6.094158E-03 3.455046E-01 1.766929E-01 -1.722916E+00 5.967179E-01 -8.679208E-02 9.144518E-01 2.874680E-02 1.306673E-03 4.208916E+00 8.052241E+00 
1.454803E-01 2.212235E-02 3.251649E-01 1.690015E-01 -1.282390E+00 6.000000E-01 -9.327815E-02 9.573709E-01 2.984150E-02 8.794601E-04 4.322884E+00 8.278029E+00 
1.548631E-01 6.003371E-03 3.496381E-01 1.720254E-01 -1.316165E+00 5.502302E-01 -1.163732E-01 8.712924E-01 2.766293E-02 1.563513E-03 4.188287E+00 9.291236E+00 
1.121599E-01 1.065282E-02 3.482909E-01 1.461625E-01 -1.375086E+00 3.896955E-01 -3.817895E-02 9.820662E-01 3.038860E-02 1.993825E-02 3.984441E+00 8.381501E+00 
1.211883E-01 2.832809E-02 3.106743E-01 1.665560E-01 -1.197519E+00 6.000000E-01 -1.000245E-01 9.912932E-01 2.628272E-02 7.932685E-04 4.744788E+00 6.388858E+00 
1.826552E-01 2.147746E-02 3.684341E-01 1.812212E-01 -1.468448E+00 4.342887E-01 -1.231408E-01 9.601458E-01 2.754271E-02 3.423159E-03 4.438919E+00 8.581437E+00 
1.575469E-01 8.486923E-03 3.461149E-01 1.773220E-01 -1.504870E+00 5.952050E-01 -1.070788E-01 9.534954E-01 2.340857E-02 1.740718E-03 4.210438E+00 8.553120E+00 
1.779162E-01 6.610394E-03 3.488944E-01 1.753059E-01 -1.421489E+00 5.812831E-01 -1.212969E-01 9.788685E-01 2.894464E-02 1.783712E-03 4.301416E+00 9.813014E+00 
1.616912E-01 5.145936E-03 3.452313E-01 1.801491E-01 -1.300015E+00 5.767990E-01 -1.636055E-01 1.001226E+00 2.843178E-02 2.313821E-03 4.394548E+00 9.619613E+00 
1.525074E-01 5.134178E-03 3.598342E-01 1.890765E-01 -1.353018E+00 5.741588E-01 -1.499606E-01 8.556659E-01 2.935076E-02 3.312802E-03 4.803335E+00 9.747038E+00 
9.776794E-02 3.213372E-02 3.547085E-01 1.605290E-01 -1.136140E+00 3.918373E-01 -3.888768E-02 9.667501E-01 3.896147E-02 4.829934E-03 4.735895E+00 8.464666E+00 
1.294801E-01 6.115085E-03 3.526410E-01 1.784152E-01 -1.514888E+00 5.229079E-01 -5.216080E-02 9.724936E-01 3.460859E-02 2.317316E-03 4.723408E+00 7.843654E+00 
1.458159E-01 9.252283E-03 3.446559E-01 1.636890E-01 -1.328580E+00 5.871905E-01 -1.211442E-01 9.340217E-01 2.776230E-02 1.765810E-04 4.607937E+00 1.027547E+01 
1.604837E-01 6.536459E-03 3.435370E-01 1.739761E-01 -1.412551E+00 5.927616E-01 -1.287505E-01 9.744777E-01 2.718327E-02 1.794181E-03 4.341706E+00 7.165569E+00 
1.548412E-01 7.426353E-03 3.341924E-01 1.754313E-01 -1.553304E+00 5.713121E-01 -1.582120E-01 9.065711E-01 2.883821E-02 1.163631E-03 3.308055E+00 9.622964E+00 
1.669671E-01 1.323956E-03 3.524668E-01 1.423448E-01 -1.312311E+00 5.899740E-01 -7.998174E-02 8.896723E-01 2.961469E-02 2.048141E-03 4.919505E+00 9.850269E+00 
1.509524E-01 2.906700E-03 3.494707E-01 1.824637E-01 -1.429665E+00 5.537734E-01 -5.018234E-02 9.454371E-01 2.887513E-02 0.000000E+00 4.021561E+00 9.750953E+00 
1.661322E-01 7.404087E-03 3.530500E-01 1.754106E-01 -1.448534E+00 5.482502E-01 -1.135681E-01 9.456542E-01 3.029378E-02 2.429410E-03 4.312128E+00 8.574955E+00 
1.956582E-01 8.857684E-03 3.455319E-01 1.846990E-01 -1.468334E+00 5.946131E-01 -1.565353E-01 9.827625E-01 2.736726E-02 5.335201E-04 4.466982E+00 9.881362E+00 
1.794328E-01 1.000000E-04 3.646763E-01 1.793791E-01 -1.554639E+00 5.503114E-01 -8.445101E-02 9.127333E-01 2.587932E-02 2.246162E-03 4.273793E+00 9.567773E+00 
1.393677E-01 1.709250E-02 3.664542E-01 1.658799E-01 -1.465973E+00 5.574731E-01 -1.229706E-01 8.673514E-01 2.816747E-02 1.585719E-03 4.384501E+00 8.975796E+00 
1.539490E-01 9.968884E-03 3.497750E-01 1.673681E-01 -1.427995E+00 5.949698E-01 -1.506218E-01 8.472209E-01 2.996585E-02 1.632206E-03 4.120708E+00 1.061341E+01 
1.559435E-01 5.899341E-03 3.648605E-01 1.767641E-01 -1.472745E+00 5.953597E-01 -1.235679E-01 9.574833E-01 2.923503E-02 2.467209E-03 4.032590E+00 9.953134E+00 
1.580770E-01 7.412710E-03 3.369715E-01 1.781000E-01 -1.466294E+00 5.884945E-01 -1.420503E-01 9.421012E-01 2.832053E-02 2.957161E-03 4.372606E+00 8.545281E+00 
1.609735E-01 6.277023E-03 3.539359E-01 1.737263E-01 -1.393515E+00 4.885906E-01 -1.572201E-01 9.079636E-01 2.766818E-02 1.897020E-03 3.899813E+00 9.081384E+00 
1.404024E-01 1.548955E-02 3.586574E-01 1.712726E-01 -1.221769E+00 3.931939E-01 -1.196218E-01 1.006982E+00 2.849167E-02 3.301936E-03 4.238305E+00 9.771302E+00 
1.600605E-01 7.587908E-03 3.506019E-01 1.770564E-01 -1.484743E+00 5.886591E-01 -3.726925E-02 9.345376E-01 3.006159E-02 6.550063E-04 4.598487E+00 9.597281E+00 
1.988520E-01 1.996568E-02 3.770521E-01 1.817930E-01 -1.410873E+00 6.000000E-01 -1.035865E-01 8.585448E-01 2.405195E-02 2.992347E-03 3.979119E+00 9.953732E+00 
1.613657E-01 3.903224E-04 3.571911E-01 1.820371E-01 -1.670083E+00 5.549418E-01 -5.286334E-02 6.737395E-01 2.424336E-02 5.577139E-04 4.603408E+00 1.152999E+01 
1.653794E-01 1.878886E-02 3.423065E-01 1.634962E-01 -1.205188E+00 3.532645E-01 -1.209381E-01 8.968360E-01 2.945131E-02 1.407680E-03 3.764016E+00 9.698823E+00 
1.572611E-01 6.801428E-03 3.532905E-01 1.737332E-01 -1.572003E+00 5.862324E-01 -9.299555E-02 9.047623E-01 3.104343E-02 1.250085E-03 3.925251E+00 8.898432E+00 
1.633720E-01 5.672637E-03 3.592010E-01 1.841676E-01 -1.432708E+00 5.821438E-01 -1.445918E-01 9.423528E-01 2.730025E-02 1.557315E-03 4.596430E+00 9.458200E+00 
1.842676E-01 6.777027E-03 3.535547E-01 1.714970E-01 -1.415960E+00 5.952352E-01 -1.263004E-01 9.332143E-01 2.054077E-02 3.542374E-03 3.758238E+00 9.946049E+00 
1.434782E-01 3.188690E-03 3.334790E-01 1.692250E-01 -1.340005E+00 5.833022E-01 -1.237034E-01 9.116354E-01 2.944749E-02 1.538200E-03 3.404233E+00 9.371619E+00 
1.856562E-01 6.255755E-03 3.349668E-01 1.809245E-01 -1.434845E+00 5.792074E-01 -1.387448E-01 9.380387E-01 2.917517E-02 2.707973E-03 4.191156E+00 7.634119E+00 
1.453625E-01 3.216345E-03 3.494271E-01 1.732867E-01 -1.480771E+00 5.515334E-01 -9.989823E-02 9.739573E-01 2.716434E-02 1.473875E-03 4.383835E+00 9.013181E+00 
1.640135E-01 1.684365E-03 3.529472E-01 1.667419E-01 -1.478657E+00 5.647384E-01 -1.373287E-01 9.831791E-01 2.784071E-02 1.607740E-03 4.545367E+00 1.076793E+01 
1.636742E-01 5.188045E-03 3.480905E-01 1.688811E-01 -1.453102E+00 5.242892E-01 -1.230562E-01 9.178077E-01 2.835820E-02 1.239242E-02 3.891488E+00 5.611251E+00 
1.557180E-01 6.288251E-03 3.487078E-01 1.734263E-01 -1.485693E+00 5.854242E-01 -1.049467E-01 9.090543E-01 2.909240E-02 1.682413E-03 4.109148E+00 8.416786E+00 
1.420199E-01 1.000000E-04 3.432506E-01 1.729692E-01 -1.544443E+00 6.000000E-01 -4.537711E-02 1.011789E+00 2.824820E-02 1.792853E-03 3.854679E+00 8.519874E+00 
1.614512E-01 6.839726E-03 3.369212E-01 1.780322E-01 -1.423154E+00 5.804454E-01 -9.064075E-02 9.562276E-01 2.455278E-02 4.131534E-03 4.291126E+00 9.141781E+00 
1.772643E-01 5.345709E-03 3.503971E-01 1.692143E-01 -1.463215E+00 5.740189E-01 -1.898896E-01 8.774411E-01 2.786062E-02 1.980654E-03 4.946655E+00 8.960774E+00 
1.601841E-01 3.299521E-03 3.387396E-01 1.775836E-01 -1.404572E+00 5.865913E-01 -5.414336E-02 8.763128E-01 2.748402E-02 1.272075E-03 4.250306E+00 9.444945E+00 
1.534530E-01 3.541708E-03 3.500183E-01 1.669315E-01 -1.399610E+00 5.826303E-01 -1.210042E-01 8.716935E-01 2.845857E-02 1.558142E-03 4.340656E+00 1.272524E+01 
1.640509E-01 7.311170E-03 3.516459E-01 1.858847E-01 -1.442343E+00 5.768558E-01 -7.196302E-02 1.002003E+00 2.776038E-02 1.158028E-03 4.511672E+00 9.138540E+00 
1.948983E-01 1.000000E-04 3.501559E-01 1.850448E-01 -1.767766E+00 6.000000E-01 -5.412335E-02 9.376626E-01 2.840834E-02 0.000000E+00 4.025419E+00 1.082801E+01 
1.582580E-01 4.937885E-03 3.734723E-01 1.758437E-01 -1.390822E+00 5.640772E-01 -1.504020E-01 8.641483E-01 3.006670E-02 5.513119E-04 3.701286E+00 9.753956E+00 
1.417513E-01 9.081309E-03 3.499723E-01 1.681489E-01 -1.419586E+00 5.449804E-01 -7.380636E-02 9.734636E-01 2.949700E-02 4.629657E-04 3.725537E+00 9.478842E+00 
1.653857E-01 7.148219E-03 3.544843E-01 1.748158E-01 -1.377983E+00 5.819752E-01 -1.503427E-01 1.017836E+00 2.669292E-02 1.125550E-03 4.434480E+00 8.840441E+00 
1.656441E-01 6.848161E-03 3.441359E-01 1.678664E-01 -1.466777E+00 5.191345E-01 -1.917300E-01 1.012485E+00 3.013044E-02 1.569685E-03 4.171654E+00 8.447872E+00 
1.785784E-01 3.310909E-03 3.210834E-01 1.827852E-01 -1.322359E+00 5.492783E-01 -1.228235E-01 1.069905E+00 2.598751E-02 2.000622E-03 4.814558E+00 6.481541E+00 
1.553616E-01 6.408479E-03 3.572654E-01 1.763756E-01 -1.423161E+00 5.978363E-01 -1.286642E-01 9.377101E-01 2.847946E-02 1.630561E-03 4.249295E+00 8.175917E+00 
1.700770E-01 3.056535E-03 3.683444E-01 1.747806E-01 -1.533185E+00 5.838825E-01 -2.000000E-01 9.663557E-01 2.883817E-02 3.820821E-03 4.042814E+00 9.177795E+00 
1.605225E-01 4.712594E-03 3.543738E-01 1.732262E-01 -1.350340E+00 5.968769E-01 -8.134613E-02 9.412805E-01 2.915067E-02 1.017572E-04 4.199038E+00 8.734542E+00 
1.650750E-01 6.039376E-03 3.394518E-01 1.734082E-01 -1.482542E+00 5.876193E-01 -4.220748E-02 9.106699E-01 3.100322E-02 1.070034E-03 4.123211E+00 8.763316E+00 
1.787303E-01 9.353326E-03 3.315722E-01 1.767897E-01 -1.482500E+00 5.224600E-01 -7.794933E-02 8.890937E-01 2.664820E-02 1.692630E-03 4.167012E+00 1.095447E+01 
1.426004E-01 7.903178E-03 3.353111E-01 1.767650E-01 -1.492736E+00 6.000000E-01 -1.136044E-01 1.024365E+00 2.646403E-02 8.273180E-04 4.896030E+00 8.508265E+00 
1.615162E-01 6.469137E-03 3.569869E-01 1.758683E-01 -1.426823E+00 5.154631E-01 -1.090053E-01 9.401742E-01 2.777637E-02 3.027061E-03 4.237560E+00 8.769254E+00 
1.635355E-01 1.755312E-03 3.608163E-01 1.765149E-01 -1.526891E+00 5.684126E-01 -1.016274E-01 8.746630E-01 2.973207E-02 1.158519E-03 4.006901E+00 8.968795E+00 
1.597843E-01 1.480713E-02 3.602330E-01 1.753797E-01 -1.420308E+00 5.644684E-01 -1.651729E-01 8.942894E-01 2.983369E-02 4.702447E-04 4.040776E+00 9.099489E+00 
1.492976E-01 9.447830E-03 3.450445E-01 1.705841E-01 -1.334068E+00 5.857286E-01 -1.291243E-01 9.409923E-01 2.825202E-02 6.124546E-04 3.506957E+00 9.027195E+00 
1.615970E-01 8.768872E-03 3.623508E-01 1.735631E-01 -1.417752E+00 5.501191E-01 -1.115461E-01 8.721384E-01 3.085809E-02 2.994356E-03 4.240409E+00 9.813789E+00 
1.565639E-01 2.408015E-03 3.644218E-01 1.764982E-01 -1.525222E+00 6.000000E-01 -1.729041E-01 9.178606E-01 3.020886E-02 3.243288E-03 4.214260E+00 9.166904E+00 
1.556126E-01 1.431981E-02 3.661130E-01 1.812940E-01 -1.408157E+00 5.371776E-01 -3.905922E-02 9.707821E-01 2.806932E-02 2.931385E-03 4.099778E+00 8.608552E+00 
1.630987E-01 5.296889E-03 3.477729E-01 1.763263E-01 -1.384677E+00 5.943246E-01 -8.212999E-02 9.921417E-01 2.887037E-02 1.029501E-03 4.210753E+00 8.243018E+00 
1.551045E-01 9.828783E-03 3.364293E-01 1.720789E-01 -1.614696E+00 5.618052E-01 -1.059439E-01 9.207188E-01 2.963512E-02 2.165060E-03 4.011374E+00 8.419786E+00 
1.645520E-01 7.628555E-03 3.462300E-01 1.792095E-01 -1.299833E+00 5.887384E-01 -1.343121E-01 1.051034E+00 2.903206E-02 9.198998E-04 4.331738E+00 9.551032E+00 
1.677993E-01 9.900346E-03 3.775505E-01 1.778462E-01 -1.517384E+00 5.715280E-01 -1.042239E-01 9.789530E-01 3.065079E-02 1.356251E-04 4.166708E+00 7.980797E+00 
1.528478E-01 2.749601E-03 3.609267E-01 1.691201E-01 -1.393858E+00 5.817457E-01 -9.681812E-02 9.612263E-01 3.155965E-02 1.246329E-03 4.578215E+00 9.357021E+00 
1.529728E-01 4.923303E-03 3.558272E-01 1.753047E-01 -1.476051E+00 5.673587E-01 -1.202813E-01 9.701073E-01 2.939447E-02 3.789996E-03 4.406794E+00 9.281478E+00 
1.554272E-01 6.046502E-03 3.615090E-01 1.743387E-01 -1.630113E+00 5.759233E-01 -8.070393E-02 1.003335E+00 2.879791E-02 2.006059E-03 4.034089E+00 9.292695E+00 
1.617734E-01 5.131140E-03 3.665988E-01 1.682627E-01 -1.445023E+00 5.849406E-01 -1.267581E-01 1.029922E+00 2.911706E-02 2.740423E-03 4.615245E+00 9.958455E+00 
4.850980E-02 2.092719E-02 3.154875E-01 1.402031E-01 -1.422474E+00 4.986022E-01 -9.568198E-02 8.523195E-01 2.880810E-02 6.930609E-03 3.025802E+00 9.380373E+00 
9.433316E-02 1.754082E-02 3.568018E-01 1.800096E-01 -1.388715E+00 5.654040E-01 -1.333234E-01 1.010948E+00 2.987620E-02 0.000000E+00 4.163243E+00 9.631577E+00 
1.612565E-01 3.369380E-03 3.430213E-01 1.748647E-01 -1.351650E+00 5.729782E-01 -1.179569E-01 9.306982E-01 2.880546E-02 2.266283E-03 3.939188E+00 9.676332E+00 
8.353264E-02 2.738339E-03 3.431443E-01 1.732791E-01 -1.755990E+00 5.920831E-01 -9.215706E-02 9.299884E-01 2.952551E-02 1.641952E-03 3.961203E+00 9.695253E+00 
1.697200E-01 7.477315E-03 3.786162E-01 1.753502E-01 -1.452232E+00 5.731896E-01 -1.050082E-01 1.077441E+00 2.848494E-02 2.505498E-03 3.895578E+00 8.157068E+00 
1.436900E-01 8.185374E-03 3.391405E-01 1.761232E-01 -1.462585E+00 4.947408E-01 -5.758825E-02 9.126591E-01 2.328343E-02 1.351203E-03 4.016007E+00 8.773867E+00 
1.494636E-01 1.066757E-02 3.623355E-01 1.797911E-01 -1.330668E+00 5.679670E-01 -1.337816E-01 8.673452E-01 2.924346E-02 2.884676E-03 3.915159E+00 9.616329E+00 
1.683348E-01 3.812088E-03 3.403552E-01 1.747409E-01 -1.506575E+00 5.874495E-01 -1.360249E-01 9.171699E-01 2.915408E-02 1.081575E-03 4.068980E+00 9.510650E+00 
1.521095E-01 4.471039E-03 3.152881E-01 1.793016E-01 -1.415643E+00 5.859322E-01 -4.896533E-02 9.527594E-01 2.817629E-02 1.364423E-03 3.162376E+00 9.651208E+00 
1.664896E-01 4.843819E-03 3.591777E-01 1.763677E-01 -1.435981E+00 5.956208E-01 -1.591521E-01 9.062546E-01 2.950835E-02 8.850489E-04 4.147777E+00 9.140971E+00 
1.540038E-01 4.082987E-03 3.464790E-01 1.627619E-01 -1.595842E+00 5.996735E-01 -1.026499E-01 1.051191E+00 2.688625E-02 5.461481E-03 3.489319E+00 1.031674E+01 
1.518486E-01 6.526164E-03 3.435591E-01 1.784066E-01 -1.378351E+00 5.833681E-01 -8.276214E-02 9.364068E-01 2.646628E-02 4.337058E-04 4.270081E+00 9.446895E+00 
7.350269E-02 1.060481E-02 3.426463E-01 1.320422E-01 -1.300855E+00 5.590597E-01 -4.080202E-02 9.749207E-01 2.713748E-02 5.359173E-03 5.200007E+00 1.006068E+01 
1.533895E-01 1.429117E-02 3.551177E-01 1.679430E-01 -1.413089E+00 3.235015E-01 -2.001673E-02 9.301895E-01 2.576720E-02 4.142674E-03 4.571082E+00 8.227620E+00 
1.586796E-01 5.930871E-03 3.407680E-01 1.794376E-01 -1.586036E+00 5.790162E-01 -4.626688E-02 9.823841E-01 3.023553E-02 1.279734E-03 4.107602E+00 9.243817E+00 
1.740955E-01 7.010674E-03 3.375125E-01 1.751429E-01 -1.503906E+00 5.801372E-01 -1.553130E-01 9.452736E-01 3.084853E-02 1.998390E-03 4.217311E+00 9.440014E+00 
9.577885E-02 6.804304E-02 3.623649E-01 1.527075E-01 -1.170914E+00 4.388444E-01 -3.595405E-02 8.701426E-01 3.157756E-02 9.382124E-03 4.652279E+00 1.072944E+01 
1.299842E-01 9.519750E-03 3.685497E-01 1.678957E-01 -1.386988E+00 5.758176E-01 -1.332458E-01 9.075700E-01 2.895731E-02 8.119678E-03 4.036905E+00 9.434293E+00 
1.555380E-01 1.163002E-02 3.495861E-01 1.587773E-01 -1.352191E+00 2.917189E-01 -8.981408E-02 9.817735E-01 3.465968E-02 1.933459E-03 4.319325E+00 1.014831E+01 
1.578155E-01 5.798474E-03 3.446933E-01 1.724660E-01 -1.396721E+00 5.700008E-01 -1.255578E-01 9.626610E-01 2.821587E-02 2.590518E-03 3.927025E+00 8.743942E+00 
9.939984E-02 6.327087E-02 3.451700E-01 1.637766E-01 -1.268198E+00 5.100038E-01 -2.908661E-02 9.713989E-01 2.221248E-02 4.651760E-03 4.008513E+00 9.430800E+00 
1.606681E-01 9.266106E-03 3.452949E-01 1.778882E-01 -1.514022E+00 5.937009E-01 -1.739148E-01 8.981199E-01 2.556883E-02 1.277975E-03 3.760189E+00 9.171247E+00 
1.683626E-01 4.203096E-03 3.288809E-01 1.722671E-01 -1.606179E+00 5.953595E-01 -7.436986E-02 1.022868E+00 2.695517E-02 9.289035E-04 4.297663E+00 9.419843E+00 
1.579832E-01 6.940939E-03 3.568663E-01 1.795999E-01 -1.359332E+00 5.816684E-01 -5.956679E-02 8.160955E-01 2.797190E-02 1.245190E-03 4.157409E+00 9.241385E+00 
1.748575E-01 5.232222E-03 3.471521E-01 1.765960E-01 -1.399245E+00 5.533788E-01 -9.422307E-02 1.047634E+00 2.439334E-02 2.111538E-03 4.215442E+00 9.693989E+00 
1.664620E-01 7.958718E-03 3.449120E-01 1.729681E-01 -1.533747E+00 5.909864E-01 -1.331218E-01 9.603851E-01 2.936187E-02 2.394792E-03 3.928238E+00 8.888512E+00 
1.853591E-01 7.439191E-03 3.458601E-01 1.853911E-01 -1.428868E+00 5.896991E-01 -1.529572E-01 9.638616E-01 2.848151E-02 1.084262E-03 4.567197E+00 7.683651E+00 
1.465278E-01 9.191756E-03 3.598541E-01 1.658767E-01 -1.430304E+00 5.849713E-01 -1.143760E-01 9.983468E-01 2.927426E-02 6.510899E-05 4.175797E+00 8.413177E+00 
1.754147E-01 1.610097E-02 3.422531E-01 1.539525E-01 -1.588285E+00 5.621814E-01 -6.911550E-02 9.288837E-01 3.039030E-02 2.120982E-03 4.071256E+00 9.895379E+00 
1.577495E-01 6.650314E-03 3.613932E-01 1.713046E-01 -1.458067E+00 5.851811E-01 -7.669553E-02 9.941039E-01 2.857579E-02 2.994907E-03 4.029174E+00 9.468000E+00 
1.675960E-01 8.388204E-03 3.559149E-01 1.741257E-01 -1.390575E+00 5.519255E-01 -1.337192E-01 8.750586E-01 3.016249E-02 3.562483E-03 4.155025E+00 9.545586E+00 
1.246372E-01 1.000000E-04 3.566183E-01 1.753175E-01 -1.557631E+00 6.000000E-01 -8.530219E-02 9.630758E-01 2.866507E-02 1.038274E-03 4.228231E+00 1.032071E+01 
1.698068E-01 5.134110E-03 3.676834E-01 1.759344E-01 -1.244015E+00 5.787825E-01 -7.875596E-02 9.210812E-01 2.980205E-02 9.504700E-04 4.029191E+00 1.053167E+01 
1.255185E-01 1.942953E-02 3.620653E-01 1.778957E-01 -1.263709E+00 5.892354E-01 -1.632134E-01 1.022526E+00 2.936907E-02 1.597348E-02 4.372493E+00 6.394391E+00 
1.680345E-01 7.900923E-03 3.452527E-01 1.773468E-01 -1.519731E+00 5.815795E-01 -5.607076E-02 9.532497E-01 2.995195E-02 1.882749E-03 4.443133E+00 7.561067E+00 
1.589072E-01 3.826596E-02 3.550044E-01 1.260764E-01 -1.358302E+00 4.845992E-01 -1.737458E-01 1.012313E+00 2.984918E-02 4.393584E-03 4.870606E+00 8.601177E+00 
1.394619E-01 1.435601E-02 3.213382E-01 1.802118E-01 -1.235483E+00 5.853606E-01 -8.834743E-02 9.277190E-01 2.602127E-02 6.019169E-03 4.125211E+00 8.873259E+00 
1.629989E-01 4.430165E-03 3.693921E-01 1.758287E-01 -1.487568E+00 5.940818E-01 -2.000000E-01 9.717578E-01 2.964520E-02 1.358350E-03 3.775827E+00 8.710961E+00 
1.463321E-01 6.632349E-02 3.682619E-01 1.638638E-01 -1.278603E+00 5.744286E-01 -9.575526E-02 9.685943E-01 3.017366E-02 2.664069E-03 4.004770E+00 5.704503E+00 
1.677154E-01 3.693060E-03 3.580539E-01 1.730258E-01 -1.507404E+00 4.797743E-01 -9.373791E-02 9.342456E-01 2.910275E-02 1.007948E-03 4.119871E+00 9.514596E+00 
1.683366E-01 7.049492E-03 3.377241E-01 1.723656E-01 -1.351615E+00 5.769103E-01 -1.597590E-01 1.016318E+00 2.814921E-02 2.636565E-03 4.471304E+00 9.848033E+00 
7.681180E-02 1.158821E-02 3.640942E-01 1.631374E-01 -1.404080E+00 4.080250E-01 -7.641308E-02 1.034819E+00 3.271254E-02 3.373334E-03 4.805620E+00 7.918166E+00 
1.601177E-01 5.818501E-03 3.347197E-01 1.694220E-01 -1.441516E+00 5.861845E-01 -1.644270E-01 9.912648E-01 2.800404E-02 1.704016E-03 4.219692E+00 9.204480E+00 
1.567965E-01 7.514839E-04 3.516156E-01 1.783236E-01 -1.346616E+00 5.413616E-01 -8.606328E-02 9.514316E-01 2.906971E-02 0.000000E+00 4.415038E+00 9.297423E+00 
1.097942E-01 1.497930E-02 3.580717E-01 1.607096E-01 -1.318589E+00 5.409918E-01 -1.240227E-01 1.002803E+00 3.004139E-02 5.203789E-03 4.343663E+00 9.039924E+00 
1.019078E-01 3.688684E-02 3.299290E-01 1.389643E-01 -1.431592E+00 5.172076E-01 -8.810667E-02 1.071345E+00 2.793027E-02 7.245583E-03 4.078927E+00 8.240240E+00 
1.725856E-01 1.211565E-02 3.601491E-01 1.782485E-01 -1.457923E+00 5.503253E-01 -1.005926E-01 9.162359E-01 2.929258E-02 2.898874E-03 5.192493E+00 9.516013E+00 
1.686369E-01 3.964070E-03 3.501400E-01 1.765181E-01 -1.565926E+00 5.870966E-01 -1.184190E-01 9.354224E-01 2.933634E-02 1.226916E-03 4.293957E+00 9.037750E+00 
1.503394E-01 3.799656E-03 3.621665E-01 1.764981E-01 -1.500972E+00 5.737672E-01 -1.135606E-01 9.166474E-01 2.566443E-02 2.758285E-03 4.412600E+00 8.802485E+00 
1.772329E-01 6.532006E-03 3.610624E-01 1.730152E-01 -1.485566E+00 5.837104E-01 -1.784345E-01 9.597791E-01 2.913027E-02 3.568204E-03 4.785433E+00 7.990874E+00 
1.681111E-01 6.298712E-03 3.354562E-01 1.807982E-01 -1.491790E+00 5.900829E-01 -1.044851E-01 9.323295E-01 3.164401E-02 2.476005E-03 3.826958E+00 9.061811E+00 
1.492794E-01 2.838650E-02 3.318977E-01 1.831722E-01 -1.258734E+00 5.679381E-01 -1.087173E-01 9.284073E-01 3.023663E-02 1.786876E-03 4.182048E+00 9.916305E+00 
1.541693E-01 7.313415E-03 3.343334E-01 1.743355E-01 -1.654233E+00 5.774075E-01 -7.885777E-02 9.946002E-01 2.684628E-02 7.133517E-04 4.265060E+00 8.955739E+00 
1.655652E-01 6.397844E-03 3.577291E-01 1.746909E-01 -1.358103E+00 5.719390E-01 -9.323791E-02 9.045240E-01 2.400487E-02 1.012783E-04 4.201702E+00 9.214431E+00 
1.554383E-01 6.478628E-03 3.446781E-01 1.647478E-01 -1.483367E+00 5.826672E-01 -1.408449E-01 9.571801E-01 2.910433E-02 2.350436E-03 4.284396E+00 8.968631E+00 
1.268854E-01 8.569607E-03 3.532630E-01 1.690538E-01 -1.530123E+00 4.643825E-01 -9.579689E-02 9.894244E-01 2.465313E-02 5.527211E-04 4.302399E+00 1.045061E+01 
1.494744E-01 2.632698E-02 3.320999E-01 1.677944E-01 -1.161032E+00 6.000000E-01 -7.464753E-02 9.680839E-01 3.450650E-02 5.276163E-03 4.173464E+00 1.193278E+01 
1.050025E-01 3.602067E-02 3.531100E-01 1.585454E-01 -1.311338E+00 2.306325E-01 -1.000000E-02 6.105848E-01 2.765634E-02 4.592297E-03 4.369699E+00 1.077446E+01 
1.514865E-01 2.834581E-02 3.526228E-01 1.603340E-01 -1.350675E+00 5.580108E-01 -1.019359E-01 1.003171E+00 2.782067E-02 7.668964E-03 3.883279E+00 8.565991E+00 
1.707207E-01 5.666557E-03 3.728999E-01 1.814743E-01 -1.402590E+00 5.884386E-01 -1.058664E-01 9.274924E-01 2.707564E-02 1.994846E-03 4.413437E+00 9.402853E+00 
1.613788E-01 7.993437E-03 3.521816E-01 1.748635E-01 -1.493769E+00 5.761675E-01 -9.890092E-02 9.221474E-01 2.903951E-02 1.276982E-03 4.321323E+00 9.561921E+00 
9.095548E-02 4.535717E-02 2.999254E-01 1.300358E-01 -1.075346E+00 2.812446E-01 -4.011792E-02 1.115356E+00 3.369556E-02 2.371215E-02 3.407032E+00 9.110630E+00 
1.562835E-01 1.857415E-02 3.400982E-01 1.765341E-01 -1.413000E+00 5.455493E-01 -1.159472E-01 1.025520E+00 2.838452E-02 2.793930E-03 4.246440E+00 9.024522E+00 
1.598096E-01 6.954225E-03 3.489542E-01 1.746942E-01 -1.351032E+00 5.855786E-01 -9.776360E-02 9.525058E-01 2.913012E-02 1.614687E-03 3.523859E+00 9.885613E+00 
1.612465E-01 4.293021E-03 3.365060E-01 1.762271E-01 -1.410085E+00 5.873614E-01 -1.061283E-01 8.909671E-01 3.070980E-02 3.006444E-03 4.034974E+00 9.349283E+00 
1.640331E-01 9.653439E-03 3.427407E-01 1.584105E-01 -1.299632E+00 5.889806E-01 -1.576273E-01 9.839161E-01 2.672709E-02 1.275801E-03 4.306407E+00 9.173515E+00 
1.628553E-01 6.651089E-03 3.374732E-01 1.777187E-01 -1.389651E+00 5.795972E-01 -8.609382E-02 9.334099E-01 3.026060E-02 1.576671E-03 4.222286E+00 9.353515E+00 
1.596189E-01 4.904538E-03 3.607075E-01 1.763630E-01 -1.341654E+00 5.837337E-01 -1.240396E-01 9.565075E-01 2.637252E-02 2.935512E-03 4.410613E+00 9.188242E+00 
1.441569E-01 1.824197E-03 3.571809E-01 1.745340E-01 -1.420621E+00 5.219895E-01 -1.094032E-01 9.945740E-01 2.995096E-02 1.523424E-03 4.045049E+00 9.794791E+00 
1.151253E-01 1.580284E-02 3.128223E-01 1.386044E-01 -1.314357E+00 3.464696E-01 -1.000000E-02 9.774081E-01 2.623673E-02 3.285413E-03 4.454706E+00 9.170814E+00 
1.535497E-01 4.277829E-03 3.646031E-01 1.730502E-01 -1.548044E+00 5.594147E-01 -1.525075E-01 9.427873E-01 2.928814E-02 7.024234E-04 4.441417E+00 8.259969E+00 
1.549848E-01 5.052677E-03 3.404066E-01 1.657808E-01 -1.430689E+00 5.621914E-01 -1.088599E-01 9.642632E-01 2.680519E-02 4.657197E-03 4.309551E+00 9.739955E+00 
1.707584E-01 1.583812E-02 3.619944E-01 1.791083E-01 -1.449902E+00 6.000000E-01 -1.315318E-01 8.224827E-01 3.107386E-02 1.427526E-03 4.503927E+00 1.069804E+01 
1.645223E-01 5.270941E-03 3.498782E-01 1.749188E-01 -1.692870E+00 5.987777E-01 -7.295556E-02 9.265251E-01 3.038354E-02 5.605502E-04 3.748062E+00 9.934952E+00 
1.684280E-01 4.400377E-03 3.403136E-01 1.754905E-01 -1.460238E+00 5.835655E-01 -1.306273E-01 8.353915E-01 2.888549E-02 1.788270E-03 4.407979E+00 8.970047E+00 
1.501435E-01 7.180021E-03 3.414551E-01 1.687273E-01 -1.393660E+00 5.685093E-01 -1.265416E-01 9.774341E-01 2.988553E-02 4.761397E-03 4.308761E+00 9.729162E+00 
1.607299E-01 3.530838E-03 3.477627E-01 1.752589E-01 -1.511176E+00 5.745872E-01 -1.057473E-01 8.361225E-01 3.105487E-02 3.059288E-03 4.705389E+00 1.022141E+01 
1.686358E-01 2.079098E-02 3.560685E-01 1.746861E-01 -1.266366E+00 5.927578E-01 -1.613624E-01 9.574021E-01 2.735113E-02 8.201436E-04 4.165204E+00 1.099678E+01 
1.107232E-01 1.466843E-02 3.855676E-01 1.656474E-01 -1.325002E+00 4.522400E-01 -1.490156E-01 6.585280E-01 2.685427E-02 3.071853E-03 4.276891E+00 1.326299E+01 
1.568825E-01 3.180968E-03 3.469521E-01 1.744503E-01 -1.467966E+00 5.473050E-01 -6.255148E-02 9.157423E-01 2.738015E-02 4.374074E-04 4.008955E+00 8.726497E+00 
1.539102E-01 7.688181E-03 3.595180E-01 1.746308E-01 -1.695414E+00 5.541916E-01 -1.258398E-01 9.455497E-01 2.731261E-02 3.718903E-03 3.731784E+00 8.874068E+00 
1.664088E-01 7.797202E-03 3.496403E-01 1.756948E-01 -1.391225E+00 5.721127E-01 -9.666914E-02 9.914536E-01 2.541934E-02 1.723496E-03 4.398578E+00 9.344662E+00 
1.731676E-01 9.334592E-03 3.595040E-01 1.693288E-01 -1.296567E+00 6.000000E-01 -1.150974E-01 9.232025E-01 2.930203E-02 5.057974E-04 3.263067E+00 9.183524E+00 
1.601127E-01 6.097722E-03 3.390977E-01 1.734809E-01 -1.516255E+00 5.741641E-01 -1.568113E-01 8.645411E-01 2.876985E-02 3.920481E-03 4.468144E+00 8.598611E+00 
1.082463E-01 1.440433E-02 3.572208E-01 1.610323E-01 -1.040031E+00 4.403604E-01 -3.782876E-02 9.484828E-01 3.131855E-02 1.271268E-02 4.184665E+00 1.054499E+01 
1.383320E-01 4.460435E-03 3.591225E-01 1.767351E-01 -1.325924E+00 4.960872E-01 -1.042966E-01 8.727698E-01 2.788698E-02 1.893720E-03 3.935963E+00 8.995989E+00 
1.590467E-01 2.794643E-02 3.943117E-01 1.573607E-01 -1.478881E+00 1.871228E-01 -1.209769E-01 5.129946E-01 3.140538E-02 5.682597E-03 4.208760E+00 1.200066E+01 
1.728050E-01 4.180171E-03 3.395650E-01 1.724877E-01 -1.428986E+00 5.946177E-01 -1.600655E-01 1.001197E+00 2.991713E-02 2.483337E-03 4.020947E+00 9.810421E+00 
1.628939E-01 4.509999E-03 3.602876E-01 1.752896E-01 -1.726676E+00 5.994609E-01 -1.074136E-01 1.038535E+00 2.707288E-02 1.600439E-03 4.137126E+00 9.070647E+00 
1.392639E-01 4.573143E-03 3.415447E-01 1.708302E-01 -1.352773E+00 5.382473E-01 -1.581641E-01 1.043499E+00 3.090382E-02 1.469715E-03 4.589830E+00 1.007498E+01 
1.826548E-01 9.182361E-03 3.521876E-01 1.653608E-01 -1.145664E+00 6.000000E-01 -9.886200E-02 8.892473E-01 2.720335E-02 1.769069E-04 4.488777E+00 9.187408E+00 
1.578230E-01 1.553120E-02 3.535814E-01 1.701478E-01 -1.453347E+00 5.864774E-01 -1.216057E-01 9.194876E-01 3.171625E-02 1.046989E-03 4.364680E+00 7.957465E+00 
1.235490E-01 7.851960E-04 3.408888E-01 1.763989E-01 -1.304428E+00 5.580430E-01 -7.969039E-02 8.803554E-01 2.844424E-02 2.579795E-03 4.101027E+00 9.268146E+00 
1.718817E-01 1.152228E-02 3.671255E-01 1.832240E-01 -1.549164E+00 5.670820E-01 -1.328273E-01 8.493066E-01 2.860331E-02 2.211232E-03 4.274376E+00 7.180644E+00 
1.569577E-01 4.310996E-03 3.158255E-01 1.579841E-01 -1.340950E+00 5.504221E-01 -5.439148E-02 9.767370E-01 2.754786E-02 0.000000E+00 4.044984E+00 9.615870E+00 
1.564117E-01 6.410947E-03 3.488387E-01 1.707930E-01 -1.391388E+00 5.556002E-01 -3.015844E-02 9.382602E-01 2.800433E-02 2.000270E-03 4.310672E+00 9.294329E+00 
8.267057E-02 6.103503E-02 3.419148E-01 1.652567E-01 -1.184449E+00 3.763734E-01 -2.855283E-02 9.439457E-01 3.842259E-02 7.676420E-03 5.017834E+00 8.546017E+00 
1.479764E-01 5.587957E-03 3.644061E-01 1.683524E-01 -1.348373E+00 5.750500E-01 -7.238458E-02 9.512005E-01 3.293079E-02 2.201416E-03 4.739418E+00 9.318968E+00 
1.707584E-01 1.000000E-04 3.591123E-01 1.776768E-01 -1.338370E+00 5.847321E-01 -1.245285E-01 8.780918E-01 2.776913E-02 2.287367E-03 4.390862E+00 9.795489E+00 
1.660190E-01 8.362133E-03 3.472642E-01 1.800017E-01 -1.384301E+00 5.948713E-01 -1.075102E-01 9.430574E-01 2.802080E-02 1.704462E-03 4.219404E+00 1.027041E+01 
1.436904E-01 1.815077E-02 3.430767E-01 1.725613E-01 -1.289436E+00 3.841544E-01 -8.677476E-02 9.759500E-01 3.211484E-02 3.577186E-03 4.107947E+00 7.706337E+00 
1.656066E-01 8.385505E-03 3.652393E-01 1.772764E-01 -1.357913E+00 6.000000E-01 -1.727409E-01 1.119382E+00 2.963004E-02 3.550587E-03 4.280914E+00 8.149492E+00 
1.219752E-01 3.681374E-02 3.346202E-01 1.482307E-01 -1.367099E+00 5.744956E-01 -1.503347E-01 9.280714E-01 2.854358E-02 3.970862E-03 4.723500E+00 7.334336E+00 
1.628825E-01 3.819312E-03 3.695484E-01 1.761830E-01 -1.433811E+00 5.892120E-01 -7.546814E-02 9.157391E-01 2.823047E-02 2.489728E-03 4.808352E+00 7.328732E+00 
1.466416E-01 1.284597E-02 3.445387E-01 1.682742E-01 -1.427710E+00 6.000000E-01 -1.245732E-01 1.025933E+00 2.440359E-02 1.562149E-03 3.962133E+00 9.827124E+00 
1.692096E-01 5.898035E-03 3.699625E-01 1.739648E-01 -1.484275E+00 5.908303E-01 -1.689845E-01 9.090496E-01 2.889815E-02 4.405020E-04 4.100298E+00 8.331210E+00 
1.652380E-01 5.560690E-03 3.419486E-01 1.723684E-01 -1.481131E+00 5.926708E-01 -1.224834E-01 1.012524E+00 2.738906E-02 2.423215E-03 4.321683E+00 9.238127E+00 
3.583318E-02 1.827963E-02 3.471925E-01 1.286901E-01 -1.364942E+00 4.977829E-01 -8.460256E-02 9.951429E-01 2.682109E-02 8.423091E-03 4.960701E+00 1.049647E+01 
1.675026E-01 6.581951E-03 3.493467E-01 1.774658E-01 -1.367963E+00 5.537851E-01 -1.427240E-01 1.078963E+00 2.700325E-02 1.882202E-03 4.284857E+00 9.848182E+00 
1.723802E-01 5.824427E-03 3.849391E-01 1.783754E-01 -1.460769E+00 5.459460E-01 -1.299900E-01 9.482522E-01 2.840166E-02 1.990876E-03 3.606682E+00 9.186759E+00 
