1.639053E-01 4.623289E-03 3.343712E-01 1.750947E-01 -1.391252E+00 5.974072E-01 -1.062819E-01 9.667071E-01 2.868761E-02 1.077191E-03 4.652938E+00 8.368917E+00 
1.314159E-01 1.765098E-02 3.536922E-01 1.794883E-01 -1.430471E+00 5.893697E-01 -1.127286E-01 9.332361E-01 2.896251E-02 5.880101E-04 4.314919E+00 7.371659E+00 
1.686034E-01 7.973487E-03 3.285188E-01 1.491700E-01 -1.357898E+00 4.954276E-01 -1.514421E-01 9.664967E-01 2.864762E-02 2.963837E-03 4.047295E+00 9.392624E+00 
9.842591E-02 8.939765E-03 3.480438E-01 1.676658E-01 -1.477430E+00 4.263038E-01 -1.081031E-01 9.189500E-01 2.864791E-02 2.705126E-03 4.717353E+00 8.698143E+00 
1.858703E-01 7.224084E-03 3.417331E-01 1.840054E-01 -1.395198E+00 5.758586E-01 -1.435086E-01 8.825368E-01 3.005742E-02 3.053471E-03 3.785647E+00 9.551989E+00 
1.662481E-01 6.757283E-03 3.433874E-01 1.800842E-01 -1.439555E+00 5.802999E-01 -1.057640E-01 9.163240E-01 2.871029E-02 1.215670E-03 3.667431E+00 9.840457E+00 
1.656837E-01 6.509282E-03 3.280673E-01 1.727765E-01 -1.454193E+00 5.776259E-01 -7.902382E-02 9.268379E-01 2.814220E-02 1.466126E-03 4.206870E+00 8.861162E+00 
1.215269E-01 7.548096E-03 3.529171E-01 1.705668E-01 -1.471030E+00 5.913067E-01 -1.341931E-01 8.972710E-01 2.858387E-02 1.611682E-03 3.739917E+00 9.411177E+00 
3.868910E-02 1.344292E-02 3.406022E-01 1.825342E-01 -1.281157E+00 5.775755E-01 -1.462377E-01 9.474774E-01 2.784978E-02 2.185523E-03 1.805975E+00 1.077766E+01 
1.725624E-01 1.295371E-02 3.554018E-01 1.748120E-01 -1.391703E+00 5.934792E-01 -1.079024E-01 9.242202E-01 3.014063E-02 1.559610E-03 4.489209E+00 9.640293E+00 
1.615616E-01 1.252862E-02 3.526084E-01 1.773102E-01 -1.499258E+00 5.931527E-01 -7.130638E-02 9.655706E-01 2.920021E-02 1.717755E-03 4.365044E+00 7.758548E+00 
1.614164E-01 8.017486E-02 3.334466E-01 1.744555E-01 -1.418045E+00 4.044723E-01 -5.780491E-02 9.528483E-01 4.333771E-02 4.936378E-03 4.258386E+00 7.138038E+00 
1.596615E-01 8.219578E-03 3.520751E-01 1.727477E-01 -1.408007E+00 5.691736E-01 -1.148228E-01 9.304525E-01 2.660030E-02 2.840914E-03 4.277063E+00 8.631744E+00 
1.290712E-01 2.263008E-02 3.419050E-01 1.765201E-01 -1.342987E+00 6.000000E-01 -1.344601E-01 4.431925E-01 3.138943E-02 2.564089E-03 4.717951E+00 9.620685E+00 
1.523357E-01 4.821958E-03 3.192174E-01 1.747482E-01 -1.538520E+00 5.748742E-01 -1.078997E-01 1.058695E+00 2.816474E-02 2.643351E-03 4.221399E+00 9.231331E+00 
1.643216E-01 5.215205E-03 3.639499E-01 1.709026E-01 -1.456319E+00 5.906207E-01 -1.039340E-01 8.620342E-01 2.781682E-02 3.384163E-03 3.695285E+00 9.636596E+00 
1.560462E-01 5.512087E-03 3.445905E-01 1.731705E-01 -1.413916E+00 5.623110E-01 -8.343530E-02 1.094335E+00 3.054505E-02 1.772020E-03 4.012298E+00 8.258156E+00 
1.732967E-01 6.038650E-03 3.537136E-01 1.779729E-01 -1.539040E+00 5.818732E-01 -8.488361E-02 1.091604E+00 2.861641E-02 1.744671E-03 5.232747E+00 8.745727E+00 
1.638524E-01 7.924260E-03 3.552379E-01 1.645759E-01 -1.550746E+00 5.943042E-01 -2.000000E-01 9.059103E-01 2.817495E-02 2.227900E-03 4.306863E+00 9.238296E+00 
3.745380E-02 5.548231E-02 3.349490E-01 1.685457E-01 -1.182391E+00 5.339283E-01 -6.828739E-02 9.560152E-01 2.542269E-02 1.204811E-02 4.265559E+00 7.697407E+00 
1.597374E-01 3.342164E-03 3.402057E-01 1.745692E-01 -1.294820E+00 5.801200E-01 -1.179978E-01 9.704866E-01 2.664475E-02 2.723030E-03 4.327650E+00 9.533267E+00 
1.662309E-01 5.811580E-03 3.362628E-01 1.772247E-01 -1.380469E+00 5.500741E-01 -3.706079E-02 9.122766E-01 3.015187E-02 9.870257E-04 4.346665E+00 9.812688E+00 
1.643311E-01 7.375134E-03 3.432461E-01 1.741696E-01 -1.393049E+00 5.733941E-01 -1.251175E-01 9.480991E-01 2.841061E-02 7.863721E-04 4.162583E+00 9.772448E+00 
1.634923E-01 1.029270E-02 3.650629E-01 1.695968E-01 -1.397334E+00 5.833340E-01 -9.994181E-02 9.059109E-01 2.746587E-02 2.199590E-03 4.866330E+00 8.167142E+00 
1.530247E-01 6.092643E-03 3.482529E-01 1.733655E-01 -1.399987E+00 5.823101E-01 -1.579982E-01 9.984383E-01 2.695523E-02 9.745841E-04 4.267781E+00 9.447456E+00 
1.522026E-01 1.568614E-02 3.446875E-01 1.701534E-01 -1.456232E+00 5.746024E-01 -8.713210E-02 9.656356E-01 2.790449E-02 2.424403E-03 3.898822E+00 1.066550E+01 
1.591512E-01 7.520153E-03 3.339553E-01 1.708028E-01 -1.564472E+00 5.754331E-01 -1.041610E-01 9.217791E-01 2.889704E-02 9.077126E-04 4.250188E+00 8.395854E+00 
1.392722E-01 2.651286E-02 3.253053E-01 1.443231E-01 -1.351474E+00 4.877270E-01 -4.204527E-02 9.882966E-01 2.798199E-02 4.569278E-03 4.294491E+00 9.660059E+00 
1.630215E-01 4.229520E-03 3.492623E-01 1.749697E-01 -1.320748E+00 5.813986E-01 -1.171541E-01 9.558425E-01 3.029576E-02 1.890668E-03 3.932735E+00 8.260139E+00 
1.531347E-01 6.129813E-03 3.661390E-01 1.715327E-01 -1.417751E+00 5.815208E-01 -9.047408E-02 9.424542E-01 2.639274E-02 1.026174E-03 4.859171E+00 8.983237E+00 
1.571578E-01 5.026614E-02 3.440647E-01 1.881762E-01 -1.395547E+00 5.308462E-01 -1.291991E-01 9.167045E-01 2.957046E-02 2.160668E-03 4.599313E+00 1.001901E+01 
1.532998E-01 5.125117E-03 3.469042E-01 1.742258E-01 -1.462466E+00 5.871555E-01 -1.771922E-02 8.449590E-01 2.895302E-02 1.601040E-04 4.064236E+00 8.668432E+00 
1.072009E-01 4.630318E-03 3.529138E-01 1.757960E-01 -1.329158E+00 5.225481E-01 -4.712192E-02 1.010164E+00 3.259140E-02 5.967038E-03 1.397513E+00 9.124694E+00 
1.588826E-01 5.746161E-03 3.307183E-01 1.749595E-01 -1.440223E+00 5.612804E-01 -4.824071E-02 9.939208E-01 2.755681E-02 1.112199E-03 4.127240E+00 9.267485E+00 
1.525450E-01 1.000000E-04 3.489589E-01 1.763517E-01 -1.402033E+00 5.785826E-01 -1.434617E-01 9.865622E-01 3.079636E-02 1.303674E-03 3.983624E+00 9.286716E+00 
1.509474E-01 6.666832E-03 3.431111E-01 1.705755E-01 -1.363695E+00 5.444072E-01 -7.143194E-02 9.294887E-01 2.885761E-02 1.867593E-03 4.222711E+00 1.000692E+01 
1.623077E-01 7.362378E-03 3.484876E-01 1.750714E-01 -1.392374E+00 5.823741E-01 -1.162135E-01 1.006252E+00 2.750227E-02 1.287493E-03 3.998041E+00 8.562847E+00 
1.749351E-01 1.083843E-02 3.524458E-01 1.752067E-01 -1.526555E+00 6.000000E-01 -1.443034E-01 9.336809E-01 2.624542E-02 1.060316E-03 4.655261E+00 9.056774E+00 
1.487690E-01 3.056273E-02 3.456073E-01 1.694430E-01 -1.303183E+00 5.582880E-01 -2.789432E-02 9.160286E-01 3.129389E-02 5.732098E-03 2.986790E+00 1.077132E+01 
1.560985E-01 6.594266E-03 3.605555E-01 1.705548E-01 -1.505605E+00 5.854906E-01 -1.370206E-01 9.824358E-01 2.962535E-02 9.609590E-04 4.069582E+00 8.081598E+00 
1.580079E-01 8.606352E-03 3.445218E-01 1.730323E-01 -1.395701E+00 5.674654E-01 -6.897757E-02 9.553574E-01 3.022311E-02 1.576939E-03 4.397255E+00 8.505304E+00 
1.736648E-01 4.617898E-03 3.739600E-01 1.823634E-01 -1.355820E+00 5.760340E-01 -1.517744E-01 8.463979E-01 2.799261E-02 4.809279E-03 3.926406E+00 7.647684E+00 
1.712106E-01 5.131999E-03 3.586479E-01 1.692668E-01 -1.543182E+00 5.817838E-01 -1.161238E-01 9.015924E-01 2.670165E-02 3.298828E-03 4.303703E+00 8.719712E+00 
1.729324E-01 1.000000E-04 3.473411E-01 1.706757E-01 -1.343950E+00 5.830010E-01 -1.384195E-01 9.656782E-01 2.759533E-02 1.180120E-03 4.515296E+00 7.431855E+00 
1.705485E-01 5.439632E-03 3.505075E-01 1.507180E-01 -1.269404E+00 4.385253E-01 -1.189671E-01 1.036198E+00 2.890753E-02 1.601423E-03 4.449255E+00 9.071785E+00 
1.662109E-01 3.141101E-03 3.488790E-01 1.726759E-01 -1.370592E+00 5.751224E-01 -1.780904E-01 9.657611E-01 2.886862E-02 3.178263E-03 3.945271E+00 1.218647E+01 
1.659745E-01 3.082939E-02 3.385801E-01 1.711942E-01 -1.433084E+00 4.726208E-01 -1.019803E-01 9.523879E-01 2.899342E-02 9.073169E-05 3.981713E+00 8.669401E+00 
1.770506E-01 6.486516E-03 3.559402E-01 1.752944E-01 -1.444366E+00 5.666877E-01 -6.964317E-02 9.711060E-01 2.837904E-02 1.215749E-03 4.066998E+00 9.914474E+00 
1.201109E-01 1.321700E-02 3.504241E-01 1.673151E-01 -1.446549E+00 5.894327E-01 -1.201235E-01 8.985851E-01 3.011878E-02 2.020973E-03 4.588065E+00 1.030289E+01 
1.600118E-01 1.000000E-04 3.568665E-01 1.776556E-01 -1.462989E+00 5.805243E-01 -1.195440E-01 9.073887E-01 2.857561E-02 6.992785E-04 3.883985E+00 9.522650E+00 
1.730305E-01 4.494147E-03 3.392567E-01 1.730497E-01 -1.541141E+00 5.869000E-01 -1.310949E-01 8.943255E-01 2.871140E-02 1.658733E-03 4.422494E+00 8.742908E+00 
1.747172E-01 7.851764E-03 3.494478E-01 1.821259E-01 -1.467556E+00 6.000000E-01 -7.895053E-02 9.462058E-01 2.621637E-02 4.983748E-04 3.810405E+00 9.104164E+00 
1.561901E-01 8.566122E-03 3.596834E-01 1.733675E-01 -1.465993E+00 5.065750E-01 -1.151212E-01 9.698481E-01 2.853485E-02 3.188122E-04 4.630007E+00 7.779721E+00 
1.629372E-01 6.551849E-03 3.512776E-01 1.739217E-01 -1.293916E+00 5.537805E-01 -1.099414E-01 9.193034E-01 2.763402E-02 1.665897E-03 4.409571E+00 9.792450E+00 
1.557662E-01 2.421938E-02 3.517353E-01 1.734840E-01 -1.399538E+00 5.802126E-01 -8.949726E-02 9.112483E-01 2.812393E-02 0.000000E+00 4.418373E+00 7.551167E+00 
1.536276E-01 3.231296E-02 3.609341E-01 1.623362E-01 -1.504133E+00 5.231510E-01 -5.596929E-02 9.379487E-01 2.915800E-02 1.910788E-03 4.339470E+00 1.067291E+01 
1.615104E-01 8.654613E-03 3.578355E-01 1.804937E-01 -1.454413E+00 5.779807E-01 -1.284782E-01 8.217425E-01 2.803778E-02 3.425538E-03 3.776133E+00 8.889576E+00 
1.617026E-01 6.245046E-03 3.558153E-01 1.786909E-01 -1.496182E+00 5.920245E-01 -6.883118E-02 1.115342E+00 2.839863E-02 8.876922E-04 4.113462E+00 9.817674E+00 
2.000000E-01 1.000000E-04 3.462539E-01 1.854843E-01 -8.881211E-01 6.000000E-01 -6.252874E-02 9.737034E-01 2.760352E-02 0.000000E+00 4.043653E+00 8.834045E+00 
1.581150E-01 4.862496E-03 3.484289E-01 1.762737E-01 -1.451893E+00 6.000000E-01 -1.495834E-01 9.117361E-01 2.775432E-02 2.327895E-03 4.151953E+00 9.695873E+00 
1.815581E-01 6.355641E-03 3.618861E-01 1.787123E-01 -1.433530E+00 5.871117E-01 -1.613343E-01 1.058943E+00 2.810220E-02 1.858890E-03 4.277826E+00 8.412086E+00 
1.625802E-01 4.433952E-03 3.296976E-01 1.754075E-01 -1.424101E+00 5.522625E-01 -1.189866E-01 9.628690E-01 3.173993E-02 1.908494E-03 4.251405E+00 9.280823E+00 
1.980939E-01 7.900155E-03 3.592494E-01 1.718690E-01 -1.427092E+00 5.932845E-01 -1.938203E-01 9.025953E-01 2.745915E-02 0.000000E+00 5.231722E+00 8.986379E+00 
1.825089E-01 6.394200E-03 3.490334E-01 1.789236E-01 -1.376166E+00 5.836256E-01 -1.002916E-01 1.127437E+00 2.760367E-02 4.103318E-03 3.998411E+00 9.721979E+00 
1.250378E-01 6.819511E-03 3.265457E-01 1.763729E-01 -1.438878E+00 5.527491E-01 -1.085213E-01 9.575971E-01 2.815993E-02 0.000000E+00 3.874830E+00 9.585602E+00 
1.688080E-01 6.513166E-03 3.652684E-01 1.771697E-01 -1.584318E+00 5.788407E-01 -1.351345E-01 9.161696E-01 2.837935E-02 1.811921E-03 4.040301E+00 8.693020E+00 
1.611250E-01 6.958107E-03 3.539731E-01 1.733245E-01 -1.591156E+00 5.905954E-01 -7.305693E-02 9.128463E-01 2.701151E-02 0.000000E+00 3.501972E+00 9.415454E+00 
1.727027E-01 7.321590E-03 3.585476E-01 1.785090E-01 -1.402954E+00 5.903200E-01 -1.283393E-01 8.771746E-01 3.055527E-02 2.042076E-03 5.085051E+00 9.813916E+00 
1.596194E-01 6.507694E-03 3.377737E-01 1.749282E-01 -1.329052E+00 5.785956E-01 -1.061027E-01 9.120550E-01 2.703489E-02 1.001723E-03 4.718689E+00 9.755395E+00 
1.721079E-01 7.517175E-03 3.551182E-01 1.724899E-01 -1.466796E+00 5.825181E-01 -9.627250E-02 9.493163E-01 2.897987E-02 8.932852E-04 4.414027E+00 9.053353E+00 
1.522783E-01 1.121945E-02 3.640327E-01 1.745612E-01 -1.302220E+00 5.670130E-01 -1.594480E-01 9.754146E-01 2.658868E-02 2.196549E-03 4.585291E+00 9.951886E+00 
1.582622E-01 2.080844E-02 3.854601E-01 1.490986E-01 -1.444695E+00 3.832077E-01 -5.573855E-02 5.399628E-01 2.856635E-02 3.756704E-03 3.655689E+00 1.215352E+01 
1.287764E-01 3.043728E-02 3.469158E-01 1.474715E-01 -1.721033E+00 5.041226E-01 -1.000000E-02 1.014204E+00 2.644343E-02 1.096642E-02 4.803601E+00 1.119005E+01 
1.556031E-01 8.387327E-03 3.409037E-01 1.700043E-01 -1.496067E+00 5.857424E-01 -1.216321E-01 1.053499E+00 2.526581E-02 1.796242E-03 4.411035E+00 1.051513E+01 
1.651045E-01 5.179970E-03 3.630985E-01 1.771051E-01 -1.458361E+00 5.812916E-01 -5.816083E-02 9.523421E-01 2.724910E-02 1.624206E-03 3.803727E+00 9.397937E+00 
1.603401E-01 1.320652E-02 3.647150E-01 1.692407E-01 -1.354191E+00 5.652384E-01 -1.263372E-01 9.144771E-01 2.939502E-02 1.057353E-04 4.364782E+00 8.980244E+00 
1.620996E-01 5.003572E-03 3.447496E-01 1.701091E-01 -1.450632E+00 5.974771E-01 -1.004881E-01 9.114643E-01 2.778590E-02 9.150047E-04 4.089406E+00 9.757698E+00 
1.525246E-01 1.001961E-02 3.409915E-01 1.758821E-01 -1.312394E+00 5.687790E-01 -8.258887E-02 1.067857E+00 2.756089E-02 1.321388E-03 4.343084E+00 9.818193E+00 
1.799237E-01 8.130450E-03 3.628760E-01 1.737834E-01 -1.435779E+00 5.915520E-01 -1.564134E-01 9.746437E-01 2.894106E-02 1.890879E-03 4.099089E+00 8.618343E+00 
1.607022E-01 5.883577E-03 3.756483E-01 1.712854E-01 -1.302269E+00 5.839804E-01 -1.080353E-01 9.344922E-01 2.862851E-02 2.240859E-03 4.350434E+00 7.874402E+00 
1.746698E-01 4.822161E-03 3.644350E-01 1.716285E-01 -1.370004E+00 5.809105E-01 -1.308113E-01 9.250774E-01 2.844510E-02 2.144337E-03 4.325295E+00 7.066063E+00 
1.160664E-01 3.788026E-02 2.937934E-01 1.716147E-01 -1.286159E+00 4.115431E-01 -6.558401E-02 9.292923E-01 3.635480E-02 4.778557E-04 3.308084E+00 1.146332E+01 
5.343904E-02 9.307430E-03 3.403414E-01 1.696340E-01 -1.396908E+00 3.254655E-01 -6.462810E-02 1.028036E+00 3.067716E-02 4.510077E-03 4.046783E+00 1.077886E+01 
1.629228E-01 8.142331E-03 3.426308E-01 1.768571E-01 -1.424862E+00 5.861520E-01 -1.023285E-01 9.547271E-01 3.006915E-02 2.084043E-03 4.490908E+00 8.311160E+00 
1.628384E-01 1.582397E-02 3.591145E-01 1.750396E-01 -1.334077E+00 5.617971E-01 -2.122276E-02 9.599353E-01 2.862283E-02 4.042682E-03 4.259390E+00 8.816320E+00 
1.622976E-01 7.836613E-03 3.841235E-01 1.715575E-01 -1.472135E+00 6.000000E-01 -1.181631E-01 9.541791E-01 3.052888E-02 2.049445E-03 4.583842E+00 9.244258E+00 
1.662960E-01 6.682938E-03 3.269502E-01 1.759419E-01 -1.543614E+00 5.544191E-01 -1.026540E-01 1.017948E+00 2.807605E-02 1.835690E-03 4.539138E+00 8.906171E+00 
1.509072E-01 1.365737E-02 3.394255E-01 1.804032E-01 -1.561304E+00 5.431064E-01 -9.985834E-02 9.150735E-01 2.877355E-02 1.326852E-03 4.465535E+00 8.323649E+00 
1.646600E-01 8.931353E-03 3.581189E-01 1.753211E-01 -1.476739E+00 5.705780E-01 -1.641593E-01 1.145021E+00 2.908909E-02 8.076986E-05 4.650285E+00 9.101423E+00 
1.775968E-01 6.733443E-03 3.440964E-01 1.742498E-01 -1.414148E+00 5.716039E-01 -1.024542E-01 9.641614E-01 2.763478E-02 1.103914E-03 4.512077E+00 9.991889E+00 
1.601230E-01 1.041286E-02 3.567559E-01 1.680452E-01 -1.521523E+00 5.873143E-01 -9.050285E-02 9.815433E-01 2.831195E-02 9.296467E-04 4.527485E+00 9.082839E+00 
1.717770E-01 5.396334E-03 3.606221E-01 1.717962E-01 -1.548314E+00 5.701107E-01 -1.497422E-01 9.359619E-01 3.123582E-02 1.470927E-03 4.524379E+00 9.440771E+00 
2.000000E-01 3.166308E-03 3.468374E-01 1.745986E-01 -1.550184E+00 5.985136E-01 -1.190084E-01 9.486822E-01 2.944736E-02 1.409012E-03 3.978783E+00 8.269655E+00 
1.774487E-01 3.950505E-03 3.765195E-01 1.754135E-01 -1.297237E+00 5.891871E-01 -1.302347E-01 9.327791E-01 2.886232E-02 1.794727E-03 4.304501E+00 9.302737E+00 
1.466793E-01 4.566519E-03 3.566597E-01 1.659958E-01 -1.492985E+00 5.685253E-01 -9.874823E-02 8.979073E-01 2.986009E-02 5.429656E-04 4.036230E+00 8.959809E+00 
1.726113E-01 4.748118E-03 3.610528E-01 1.745097E-01 -1.602261E+00 5.901163E-01 -1.064604E-01 9.319872E-01 2.883356E-02 3.021366E-03 3.997824E+00 9.663038E+00 
1.016841E-01 3.806150E-03 3.459371E-01 1.665580E-01 -1.434717E+00 5.247150E-01 -1.304998E-01 9.630885E-01 3.192521E-02 2.113437E-03 3.851720E+00 1.116208E+01 
1.778147E-01 5.434176E-03 3.410601E-01 1.807320E-01 -1.424636E+00 5.767393E-01 -1.142076E-01 9.547921E-01 2.938289E-02 1.326172E-03 3.868906E+00 9.973972E+00 
9.879867E-02 2.752499E-02 3.534630E-01 1.665117E-01 -1.395896E+00 5.282912E-01 -9.688348E-02 9.544853E-01 2.840934E-02 5.710434E-03 3.746982E+00 9.129752E+00 
1.673315E-01 3.193752E-02 3.001994E-01 1.624862E-01 -1.473183E+00 4.410459E-01 -1.338481E-01 1.059416E+00 3.010721E-02 2.088371E-03 4.055547E+00 1.039206E+01 
1.702791E-01 8.869391E-03 3.586421E-01 1.884745E-01 -1.395860E+00 5.789416E-01 -1.828382E-01 8.997159E-01 2.862512E-02 5.447265E-04 4.303980E+00 9.576658E+00 
1.601943E-01 3.522298E-03 3.459888E-01 1.712018E-01 -1.494801E+00 5.948877E-01 -1.093901E-01 1.003761E+00 2.646726E-02 1.213976E-03 3.328549E+00 9.220550E+00 
1.284169E-01 3.889793E-03 3.330966E-01 1.485582E-01 -1.410306E+00 5.476131E-01 -9.085135E-02 8.785156E-01 2.766008E-02 2.131714E-03 2.589516E+00 1.079856E+01 
1.521138E-01 9.161189E-03 3.547746E-01 1.668104E-01 -1.417609E+00 6.000000E-01 -6.634359E-02 9.730588E-01 2.923298E-02 3.509049E-03 4.290358E+00 9.900728E+00 
1.564695E-01 7.596217E-02 3.528828E-01 1.769622E-01 -1.394453E+00 5.509640E-01 -1.401023E-01 9.676500E-01 3.946111E-02 1.226351E-02 5.594067E+00 7.544383E+00 
1.558512E-01 5.428709E-03 3.310611E-01 1.744010E-01 -1.460310E+00 5.921266E-01 -1.771440E-01 9.799850E-01 2.829395E-02 1.211316E-03 4.258320E+00 9.106961E+00 
1.712217E-01 7.340333E-03 3.492957E-01 1.746017E-01 -1.389891E+00 5.622344E-01 -1.508589E-01 9.897319E-01 3.090039E-02 1.422344E-03 4.714157E+00 8.590896E+00 
1.456803E-01 3.041835E-03 3.534155E-01 1.722602E-01 -1.831121E+00 4.409604E-01 -6.403941E-02 9.616755E-01 2.935245E-02 8.050982E-04 4.353598E+00 7.523452E+00 
4.403340E-02 1.096400E-02 2.837832E-01 1.626383E-01 -1.483413E+00 4.620653E-01 -1.028818E-01 7.936596E-01 2.747905E-02 3.575851E-03 3.370418E+00 9.140764E+00 
1.550836E-01 4.516353E-03 3.605869E-01 1.730442E-01 -1.532144E+00 5.858176E-01 -9.675360E-02 9.573603E-01 2.842092E-02 6.536800E-04 4.652528E+00 9.566294E+00 
1.444902E-01 1.398140E-02 3.577321E-01 1.661769E-01 -1.403679E+00 5.221353E-01 -2.853928E-02 1.010702E+00 2.842334E-02 2.411798E-03 4.276299E+00 7.052501E+00 
1.419280E-01 1.035088E-02 3.614667E-01 1.605445E-01 -1.422120E+00 4.605128E-01 -3.837871E-02 1.079940E+00 2.782923E-02 4.840277E-03 4.892210E+00 7.499228E+00 
1.664481E-01 1.138406E-02 3.537202E-01 1.734605E-01 -1.433250E+00 5.842264E-01 -1.440996E-01 9.695969E-01 2.436899E-02 1.922641E-03 4.418492E+00 1.174625E+01 
1.615932E-01 6.329444E-03 3.418219E-01 1.768539E-01 -1.447061E+00 5.911133E-01 -1.235976E-01 9.950457E-01 2.825341E-02 2.258240E-03 4.348830E+00 8.900869E+00 
1.360424E-01 8.111967E-02 3.647429E-01 1.608056E-01 -1.082958E+00 4.026609E-01 -5.371594E-02 1.007952E+00 2.701081E-02 8.564020E-03 3.678675E+00 1.008968E+01 
1.638645E-01 4.634776E-03 3.564917E-01 1.773054E-01 -1.539268E+00 5.793344E-01 -1.786536E-01 9.611880E-01 2.875870E-02 4.511093E-03 4.180618E+00 9.242616E+00 
1.638530E-01 9.736169E-03 3.558595E-01 1.756281E-01 -1.430536E+00 5.749197E-01 -9.002594E-02 1.031060E+00 2.464484E-02 9.437892E-04 3.858817E+00 1.017518E+01 
1.666032E-01 4.263511E-03 3.625159E-01 1.765659E-01 -1.414848E+00 5.776919E-01 -7.331847E-02 9.016757E-01 2.802537E-02 1.440607E-03 3.760365E+00 9.384302E+00 
1.660512E-01 5.140900E-03 3.690293E-01 1.710754E-01 -1.208051E+00 5.570042E-01 -1.291992E-01 9.290309E-01 2.882793E-02 4.077860E-03 4.153844E+00 8.748429E+00 
1.546102E-01 7.455112E-03 3.483937E-01 1.721052E-01 -1.568847E+00 5.818866E-01 -1.316795E-01 9.367275E-01 2.735925E-02 8.486349E-04 3.162984E+00 9.386073E+00 
9.801657E-02 4.468083E-02 3.442080E-01 1.731640E-01 -1.360589E+00 5.179985E-01 -3.304380E-02 1.114186E+00 2.837266E-02 6.317746E-03 4.278507E+00 7.353048E+00 
1.686428E-01 5.464049E-03 3.583266E-01 1.670732E-01 -1.316567E+00 5.811292E-01 -1.399853E-01 8.974701E-01 2.932981E-02 2.460667E-03 4.401723E+00 9.044716E+00 
1.000000E-04 3.897879E-02 3.080676E-01 1.412214E-01 -1.000891E+00 3.928737E-01 -1.000000E-02 1.022106E+00 2.503728E-02 6.005062E-03 3.791797E+00 1.143600E+01 
1.539198E-01 7.390434E-03 3.568861E-01 1.754786E-01 -1.613602E+00 5.787478E-01 -5.840732E-02 1.001421E+00 2.794377E-02 8.133171E-04 4.539161E+00 9.295472E+00 
1.635064E-01 2.373040E-02 3.525685E-01 1.524337E-01 -1.252558E+00 5.417588E-01 -1.130657E-01 1.061956E+00 2.876473E-02 1.662144E-03 3.365149E+00 1.059318E+01 
1.736003E-01 1.247174E-02 3.654661E-01 1.928611E-01 -1.327240E+00 5.914425E-01 -1.716492E-01 9.226040E-01 2.652723E-02 0.000000E+00 4.569084E+00 8.899224E+00 
1.671871E-01 6.852804E-03 3.480745E-01 1.764052E-01 -1.483333E+00 5.830563E-01 -9.726329E-02 9.544243E-01 2.981587E-02 2.182711E-03 4.116685E+00 8.468653E+00 
1.722303E-01 6.852698E-03 3.581000E-01 1.665258E-01 -1.401878E+00 5.748924E-01 -3.441973E-02 8.407232E-01 2.899993E-02 1.766069E-03 4.364617E+00 8.704200E+00 
1.676945E-01 6.471931E-03 3.623006E-01 1.708304E-01 -1.406110E+00 5.650949E-01 -1.097278E-01 9.147235E-01 2.813051E-02 4.703002E-03 4.100950E+00 1.108729E+01 
1.596883E-01 5.023599E-03 3.648675E-01 1.722598E-01 -1.393092E+00 5.647758E-01 -7.889921E-02 9.095528E-01 3.028594E-02 4.813254E-04 3.794143E+00 9.120182E+00 
1.646670E-01 1.803733E-03 3.686538E-01 1.742366E-01 -1.404936E+00 5.760657E-01 -1.369893E-01 9.444857E-01 2.817206E-02 1.838375E-03 3.476191E+00 8.380030E+00 
1.650665E-01 1.101619E-02 3.437288E-01 1.762826E-01 -1.437348E+00 5.712994E-01 -9.544615E-02 9.435685E-01 3.191427E-02 1.162246E-03 4.036083E+00 9.685878E+00 
1.569450E-01 2.991757E-03 3.481028E-01 1.714254E-01 -1.489239E+00 5.751084E-01 -1.019932E-01 9.394059E-01 2.971280E-02 1.427483E-03 3.863463E+00 8.875023E+00 
1.663243E-01 1.041004E-02 3.532689E-01 1.798079E-01 -1.336660E+00 5.362946E-01 -8.802800E-02 1.053570E+00 3.337210E-02 3.969566E-03 4.772065E+00 9.436449E+00 
1.566880E-01 6.957600E-03 3.439464E-01 1.768486E-01 -1.357940E+00 5.765811E-01 -7.777429E-02 1.009158E+00 2.872104E-02 1.324466E-03 4.023157E+00 7.757051E+00 
1.589922E-01 7.464804E-03 3.526897E-01 1.637347E-01 -1.535854E+00 5.899841E-01 -1.424419E-01 9.134004E-01 2.663228E-02 1.884547E-03 4.295125E+00 9.507035E+00 
1.425562E-01 4.210050E-03 3.300861E-01 1.414639E-01 -1.360304E+00 5.164914E-01 -1.172220E-01 9.998912E-01 2.295166E-02 2.249178E-05 4.260494E+00 1.005885E+01 
1.572725E-01 5.302445E-03 3.587028E-01 1.694123E-01 -1.500759E+00 5.700450E-01 -7.315076E-02 1.013286E+00 2.741591E-02 5.780682E-04 3.768108E+00 9.242427E+00 
1.311151E-01 1.337761E-03 3.577550E-01 1.779931E-01 -1.522450E+00 5.148704E-01 -5.965086E-02 8.589165E-01 2.775932E-02 5.684122E-03 3.607887E+00 9.879462E+00 
1.297192E-01 4.031120E-02 3.502974E-01 1.613911E-01 -1.275638E+00 5.405976E-01 -1.431222E-01 9.441880E-01 3.089526E-02 1.113927E-02 4.288704E+00 9.139704E+00 
1.592492E-01 4.316291E-03 3.587645E-01 1.709908E-01 -1.633977E+00 5.885688E-01 -1.635086E-01 1.036432E+00 2.981134E-02 1.639176E-03 4.392865E+00 7.732878E+00 
1.823007E-01 1.287993E-02 3.633828E-01 1.721405E-01 -1.251116E+00 5.830404E-01 -1.887067E-01 8.956755E-01 2.704071E-02 1.856505E-03 3.557608E+00 8.934511E+00 
1.624124E-01 4.031368E-03 3.604806E-01 1.681957E-01 -1.323570E+00 5.787173E-01 -6.607586E-02 9.417063E-01 2.780291E-02 6.147689E-04 4.241317E+00 9.168840E+00 
1.681212E-01 4.492348E-03 3.470889E-01 1.732779E-01 -1.288606E+00 5.830290E-01 -7.397483E-02 9.122525E-01 2.869466E-02 6.868227E-04 4.291689E+00 8.673949E+00 
1.689155E-01 5.489798E-03 3.447863E-01 1.726640E-01 -1.422793E+00 6.000000E-01 -1.324519E-01 9.956323E-01 2.946487E-02 2.204760E-03 4.158511E+00 8.705251E+00 
1.673084E-01 6.144956E-03 3.557876E-01 1.823569E-01 -1.594943E+00 5.949794E-01 -1.005369E-01 9.178751E-01 2.949906E-02 1.238071E-03 4.318387E+00 1.033002E+01 
1.653367E-01 8.266931E-03 3.524187E-01 1.769124E-01 -1.411850E+00 5.871313E-01 -1.981898E-01 1.007330E+00 3.012075E-02 1.111640E-04 4.020851E+00 9.992751E+00 
1.828448E-01 6.321780E-03 3.553826E-01 1.742479E-01 -1.524473E+00 5.867566E-01 -5.508847E-02 9.271263E-01 2.759627E-02 1.790418E-03 3.862131E+00 9.181445E+00 
1.747904E-01 1.024882E-02 3.345844E-01 1.709035E-01 -1.280602E+00 5.811186E-01 -1.432936E-01 8.881564E-01 2.593298E-02 1.589307E-03 3.996031E+00 9.719470E+00 
1.760841E-01 1.865326E-02 3.459720E-01 1.713168E-01 -1.489490E+00 5.643910E-01 -1.292529E-01 9.832917E-01 2.825512E-02 2.098678E-04 4.031266E+00 9.015426E+00 
1.649511E-01 5.512259E-03 3.322914E-01 1.746301E-01 -1.453093E+00 5.669312E-01 -8.754897E-02 9.745201E-01 2.909887E-02 1.210531E-03 4.341061E+00 9.463877E+00 
1.788195E-01 5.965953E-03 3.776733E-01 1.714976E-01 -1.371238E+00 5.757496E-01 -7.661953E-02 9.198938E-01 2.901521E-02 3.742812E-03 4.779257E+00 9.052121E+00 
1.611814E-01 4.208889E-03 3.547451E-01 1.700755E-01 -1.380021E+00 5.731606E-01 -1.241708E-01 9.388212E-01 2.457532E-02 2.495462E-03 4.089629E+00 9.874606E+00 
1.441974E-01 5.765292E-03 3.381631E-01 1.772656E-01 -1.409443E+00 5.497285E-01 -4.577890E-02 1.037126E+00 2.713848E-02 5.592186E-04 4.490762E+00 1.002614E+01 
5.499897E-02 8.903227E-03 3.612203E-01 1.681426E-01 -1.412157E+00 5.370986E-01 -1.222937E-01 9.818002E-01 2.771356E-02 0.000000E+00 4.861079E+00 7.535455E+00 
1.684623E-01 5.173238E-03 3.402836E-01 1.816630E-01 -1.487899E+00 5.250766E-01 -9.028222E-02 9.188825E-01 2.974367E-02 1.699599E-03 4.189682E+00 9.245379E+00 
1.899358E-01 8.046886E-04 3.489154E-01 1.801753E-01 -1.514192E+00 5.722342E-01 -1.026426E-01 1.001312E+00 2.890090E-02 6.640849E-04 4.915457E+00 9.126704E+00 
1.519871E-01 7.591039E-03 3.225094E-01 1.753025E-01 -1.301672E+00 5.385377E-01 -1.310148E-01 9.166053E-01 2.935305E-02 2.587796E-03 4.387882E+00 9.822187E+00 
1.647077E-01 4.697908E-03 3.495839E-01 1.764538E-01 -1.439529E+00 5.850095E-01 -1.499992E-01 9.662821E-01 2.819233E-02 3.503656E-03 4.839094E+00 8.910324E+00 
4.714995E-02 1.257613E-02 3.520450E-01 1.657856E-01 -1.313561E+00 5.411685E-01 -1.148680E-01 8.856753E-01 2.607460E-02 6.367324E-03 5.165637E+00 1.103229E+01 
1.574653E-01 1.066965E-02 3.655064E-01 1.654650E-01 -1.388827E+00 5.960711E-01 -1.321531E-01 9.194144E-01 2.744686E-02 2.086417E-03 4.174847E+00 7.059988E+00 
1.572321E-01 2.781311E-03 3.505030E-01 1.716297E-01 -1.425039E+00 5.840150E-01 -1.486650E-01 9.484198E-01 2.929210E-02 2.853233E-03 4.380331E+00 9.918439E+00 
1.493686E-01 2.279744E-02 3.482696E-01 1.523949E-01 -1.073400E+00 3.517506E-01 -1.641171E-01 9.107549E-01 3.536484E-02 1.797326E-03 4.809693E+00 1.113311E+01 
1.578718E-01 8.293610E-03 3.513440E-01 1.655637E-01 -1.442943E+00 5.943025E-01 -1.550258E-01 9.428992E-01 2.807315E-02 1.497513E-03 4.244715E+00 9.524786E+00 
1.647814E-01 7.701145E-03 3.570591E-01 1.698536E-01 -1.529410E+00 5.816735E-01 -1.449439E-01 9.140005E-01 2.944895E-02 2.622450E-03 4.458614E+00 9.130670E+00 
1.661734E-01 5.308410E-03 3.621560E-01 1.735906E-01 -1.384071E+00 5.766958E-01 -9.329429E-02 9.332254E-01 2.883341E-02 5.878024E-03 4.104663E+00 8.153012E+00 
1.702786E-01 4.425177E-03 3.605926E-01 1.762338E-01 -1.313308E+00 5.713044E-01 -1.721406E-01 9.389274E-01 2.748121E-02 5.535371E-04 4.454569E+00 8.389520E+00 
1.647470E-01 2.371781E-03 3.500669E-01 1.703699E-01 -1.591271E+00 5.978923E-01 -9.909389E-02 9.654791E-01 2.910119E-02 1.076490E-03 4.165389E+00 9.862539E+00 
8.666074E-02 1.142737E-02 3.469730E-01 1.775571E-01 -1.175024E+00 6.000000E-01 -1.194061E-01 9.595810E-01 2.759163E-02 9.462290E-04 4.478057E+00 8.712003E+00 
1.539393E-01 3.232621E-03 3.419669E-01 1.718001E-01 -1.245925E+00 5.553266E-01 -2.890052E-02 1.019334E+00 2.786491E-02 2.400189E-03 4.413621E+00 9.952970E+00 
1.604518E-01 6.193693E-03 3.598831E-01 1.781291E-01 -1.429242E+00 5.751119E-01 -1.436638E-01 9.484817E-01 2.790767E-02 2.169655E-03 3.957359E+00 8.642680E+00 
1.698742E-01 8.929135E-03 3.273996E-01 1.840631E-01 -1.464720E+00 5.826580E-01 -8.752095E-02 9.562782E-01 2.791458E-02 1.558394E-03 4.186335E+00 9.111976E+00 
1.180230E-01 2.029764E-02 3.501007E-01 1.784468E-01 -1.481620E+00 5.319342E-01 -7.490098E-02 1.028866E+00 3.131340E-02 2.902860E-03 5.399373E+00 9.921475E+00 
1.728571E-01 4.912960E-03 3.158141E-01 1.773372E-01 -1.534405E+00 5.946586E-01 -1.396267E-01 9.167921E-01 2.687107E-02 2.263716E-03 4.005541E+00 8.870366E+00 
1.326408E-01 3.747154E-03 3.619552E-01 1.682201E-01 -1.578381E+00 4.993449E-01 -2.201491E-02 1.043916E+00 2.659826E-02 9.632923E-04 4.263319E+00 9.332287E+00 
1.683206E-01 6.785447E-03 3.483694E-01 1.689054E-01 -1.440901E+00 6.000000E-01 -1.983482E-01 1.014878E+00 2.816801E-02 2.304480E-03 4.662135E+00 9.960495E+00 
1.655245E-01 1.140481E-02 3.584828E-01 1.739225E-01 -1.564672E+00 5.894231E-01 -1.006997E-01 9.785263E-01 2.581701E-02 1.659437E-04 4.080105E+00 9.679372E+00 
1.171817E-01 3.118620E-02 3.488224E-01 1.878682E-01 -1.251645E+00 5.945321E-01 -8.198065E-02 1.013981E+00 2.771708E-02 6.317626E-03 4.654288E+00 7.071052E+00 
1.654950E-01 5.802070E-03 3.573736E-01 1.740659E-01 -1.503778E+00 5.446267E-01 -4.570481E-02 8.840520E-01 2.801850E-02 7.516864E-04 4.260764E+00 9.354161E+00 
1.716422E-01 7.569206E-03 3.532430E-01 1.730251E-01 -1.578243E+00 5.788001E-01 -7.253281E-02 9.575721E-01 2.742378E-02 9.476763E-04 4.271789E+00 9.250858E+00 
1.342146E-01 1.754411E-02 3.319576E-01 1.349503E-01 -1.369083E+00 5.587958E-01 -1.000000E-02 1.003246E+00 2.731843E-02 1.730366E-03 4.604451E+00 7.913873E+00 
1.635615E-01 1.630456E-02 3.556715E-01 1.705723E-01 -1.423814E+00 5.594873E-01 -3.700879E-02 9.150055E-01 2.957057E-02 1.460482E-03 3.838638E+00 9.267643E+00 
1.675364E-01 3.295912E-03 3.629086E-01 1.760601E-01 -1.363024E+00 5.926542E-01 -1.276318E-01 9.625457E-01 2.715841E-02 1.475995E-03 4.442744E+00 1.034184E+01 
1.568813E-01 5.448101E-03 3.558873E-01 1.664008E-01 -1.380089E+00 5.671209E-01 -1.160819E-01 8.881056E-01 2.985466E-02 5.954141E-04 3.970246E+00 9.341489E+00 
2.000000E-01 2.272669E-02 3.425850E-01 1.836328E-01 -1.621639E+00 5.976755E-01 -8.640442E-02 9.226402E-01 2.997419E-02 0.000000E+00 4.468236E+00 7.678546E+00 
1.713533E-01 6.591769E-03 3.505035E-01 1.772794E-01 -1.433465E+00 5.928515E-01 -9.385640E-02 8.960123E-01 2.935483E-02 3.080000E-03 4.909262E+00 8.577737E+00 
1.717788E-01 6.643139E-03 3.361288E-01 1.706305E-01 -1.415654E+00 5.825504E-01 -2.000000E-01 9.281552E-01 2.809014E-02 1.795217E-03 4.253797E+00 9.285983E+00 
1.655169E-01 7.975222E-03 3.511109E-01 1.777240E-01 -1.543982E+00 5.668616E-01 -1.092736E-01 8.866894E-01 2.777699E-02 1.831987E-03 4.270011E+00 9.768308E+00 
1.824385E-01 7.142704E-03 3.568260E-01 1.724358E-01 -1.597134E+00 5.743915E-01 -6.257593E-02 9.695796E-01 2.989777E-02 3.594492E-04 4.388871E+00 8.279588E+00 
1.544150E-01 4.808617E-03 3.318743E-01 1.766242E-01 -1.490641E+00 5.698494E-01 -1.171448E-01 9.314329E-01 2.457654E-02 2.936738E-03 3.968795E+00 8.650003E+00 
1.235305E-01 9.246102E-03 3.337867E-01 1.737853E-01 -9.243511E-01 5.847886E-01 -5.466967E-02 1.046699E+00 2.697696E-02 2.004178E-03 3.467246E+00 1.071081E+01 
1.720990E-01 5.051187E-03 3.518508E-01 1.762612E-01 -1.467320E+00 5.865449E-01 -1.206391E-01 9.547482E-01 2.424037E-02 9.878485E-04 4.079983E+00 9.787063E+00 
1.511835E-01 1.243928E-02 3.482666E-01 1.809836E-01 -1.483381E+00 5.875182E-01 -1.238004E-01 9.874767E-01 2.837273E-02 8.501099E-03 4.532538E+00 2.793482E+00 
1.733969E-01 7.166297E-03 3.301960E-01 1.894037E-01 -1.486867E+00 5.763136E-01 -1.112592E-01 9.352421E-01 2.978057E-02 9.263396E-04 4.129549E+00 8.627324E+00 
1.605608E-01 7.417263E-03 3.399004E-01 1.818632E-01 -1.364950E+00 4.682023E-01 -8.331064E-02 1.052307E+00 2.901886E-02 2.065716E-03 4.279897E+00 9.236989E+00 
1.841534E-01 8.465466E-03 3.535773E-01 1.717585E-01 -1.334845E+00 5.734721E-01 -1.659193E-01 8.253542E-01 2.571327E-02 3.509671E-04 4.256162E+00 8.511748E+00 
1.656599E-01 9.021151E-03 3.510031E-01 1.818484E-01 -1.417942E+00 5.896614E-01 -1.564775E-01 9.281311E-01 2.835887E-02 1.393287E-03 3.868296E+00 8.858738E+00 
1.878803E-01 7.862685E-03 3.249520E-01 1.807273E-01 -1.421216E+00 5.890542E-01 -8.285127E-02 9.477489E-01 3.118397E-02 1.488255E-03 4.194638E+00 1.108437E+01 
1.392248E-01 3.186767E-03 3.493578E-01 1.636551E-01 -1.401407E+00 5.783310E-01 -1.105598E-01 9.457527E-01 3.004490E-02 5.965826E-03 4.109607E+00 9.833934E+00 
1.759115E-01 2.500497E-03 3.433074E-01 1.830355E-01 -1.337251E+00 5.825721E-01 -1.383109E-01 9.350240E-01 2.500568E-02 1.627437E-03 3.735598E+00 9.594586E+00 
1.925485E-01 8.645558E-03 3.579451E-01 1.784551E-01 -1.431268E+00 5.890233E-01 -6.449270E-02 9.180051E-01 2.785266E-02 9.930954E-04 4.169005E+00 9.498672E+00 
1.703440E-01 9.935900E-03 3.558722E-01 1.761112E-01 -1.107822E+00 5.655862E-01 -5.932056E-02 8.984075E-01 2.902313E-02 2.896897E-03 4.068625E+00 8.707483E+00 
1.354355E-01 4.366179E-02 3.131668E-01 1.463076E-01 -1.187782E+00 5.660581E-01 -1.265517E-01 8.663105E-01 3.119524E-02 3.557130E-03 4.200501E+00 1.091470E+01 
1.679709E-01 4.922148E-03 3.494338E-01 1.748755E-01 -1.440807E+00 5.691202E-01 -1.520717E-01 9.421305E-01 2.733380E-02 2.550537E-03 3.776403E+00 9.433089E+00 
2.000000E-01 1.577917E-02 3.387424E-01 1.735868E-01 -1.264095E+00 5.707479E-01 -5.242009E-02 8.976707E-01 2.764333E-02 1.205917E-03 5.651736E+00 9.428270E+00 
1.533754E-01 7.758843E-03 3.587113E-01 1.797011E-01 -1.470345E+00 5.837596E-01 -1.330104E-01 9.324648E-01 2.783337E-02 1.734030E-03 3.831287E+00 8.481411E+00 
1.721779E-01 8.697007E-03 3.322204E-01 1.765018E-01 -1.381470E+00 5.858356E-01 -1.667992E-01 8.896203E-01 2.641071E-02 6.209729E-04 4.014993E+00 1.004962E+01 
1.678729E-01 1.006309E-02 3.757496E-01 1.783493E-01 -1.308607E+00 5.937407E-01 -1.225147E-01 1.041868E+00 2.867135E-02 1.342112E-03 3.966660E+00 1.081029E+01 
1.617951E-01 6.796572E-03 3.542914E-01 1.781304E-01 -1.491869E+00 5.910757E-01 -1.359585E-01 9.963828E-01 3.061397E-02 3.473087E-03 4.100240E+00 9.529798E+00 
1.417671E-01 5.866305E-03 3.347332E-01 1.618620E-01 -1.538640E+00 5.771136E-01 -9.255249E-02 9.267943E-01 2.761548E-02 3.166526E-03 4.402235E+00 1.013972E+01 
1.301602E-01 7.514289E-03 3.527275E-01 1.816756E-01 -1.326613E+00 6.000000E-01 -7.112486E-02 9.767528E-01 3.355930E-02 9.779288E-03 4.250889E+00 8.619765E+00 
1.698575E-01 5.671117E-03 3.324666E-01 1.752940E-01 -1.477305E+00 5.814603E-01 -1.163701E-01 9.156820E-01 3.108525E-02 1.183911E-03 3.809221E+00 8.629096E+00 
1.502838E-01 8.688258E-03 3.479117E-01 1.735550E-01 -1.298215E+00 5.985186E-01 -1.688170E-01 9.293180E-01 3.099201E-02 2.193662E-03 4.459975E+00 9.908166E+00 
6.281463E-02 1.587539E-03 3.508040E-01 1.640140E-01 -1.331738E+00 5.924667E-01 -1.244090E-01 8.967545E-01 2.861806E-02 2.686828E-03 5.133478E+00 1.171853E+01 
1.711283E-01 6.839560E-03 3.600061E-01 1.722573E-01 -1.391252E+00 5.945768E-01 -1.943492E-01 9.925630E-01 2.773895E-02 2.211261E-03 4.208916E+00 9.170290E+00 
1.639982E-01 7.221831E-03 3.502991E-01 1.764795E-01 -1.510762E+00 5.818999E-01 -1.149498E-01 9.031162E-01 2.921792E-02 9.851034E-04 4.277128E+00 8.749793E+00 
1.711519E-01 6.764704E-03 3.619490E-01 1.796634E-01 -1.462539E+00 5.683371E-01 -1.326956E-01 9.344006E-01 3.243142E-02 4.149751E-03 4.345137E+00 9.018609E+00 
1.503850E-01 7.276339E-03 3.513429E-01 1.759504E-01 -1.426993E+00 4.922768E-01 -1.163813E-01 9.297760E-01 2.774988E-02 9.327356E-04 4.535836E+00 1.359548E+01 
1.045048E-01 1.304676E-02 3.145424E-01 1.564024E-01 -1.266465E+00 4.420033E-01 -7.485965E-02 9.889560E-01 3.022142E-02 2.908078E-03 2.443333E+00 1.194123E+01 
1.689975E-01 5.057810E-03 3.528766E-01 1.787314E-01 -1.398164E+00 5.892850E-01 -1.542425E-01 9.623767E-01 2.763139E-02 1.402611E-03 4.385973E+00 1.164156E+01 
1.518193E-01 5.780240E-03 3.530427E-01 1.727894E-01 -1.463116E+00 5.982968E-01 -2.000000E-01 9.397679E-01 3.139194E-02 1.311557E-03 4.381872E+00 8.663843E+00 
1.781304E-01 6.051017E-03 3.568140E-01 1.748365E-01 -1.466537E+00 5.782553E-01 -1.242620E-01 9.775407E-01 2.838761E-02 8.485796E-04 4.144175E+00 8.581085E+00 
1.544210E-01 4.811764E-03 3.405659E-01 1.751016E-01 -1.584407E+00 5.708854E-01 -2.302204E-02 9.314282E-01 2.850035E-02 3.005238E-03 3.776802E+00 9.670538E+00 
1.689347E-01 5.716660E-03 3.564650E-01 1.755534E-01 -1.699977E+00 5.744020E-01 -2.006915E-02 9.520230E-01 2.709597E-02 1.188192E-03 3.992044E+00 9.982753E+00 
1.588211E-01 4.669829E-03 3.538188E-01 1.688917E-01 -1.450379E+00 5.832898E-01 -1.288573E-01 9.429815E-01 2.901081E-02 4.393856E-04 3.829873E+00 1.039499E+01 
1.587004E-01 1.854146E-02 3.602116E-01 1.830839E-01 -1.500578E+00 4.910923E-01 -1.685695E-01 9.644670E-01 2.579116E-02 9.145699E-03 4.541121E+00 1.800466E+00 
1.362656E-01 1.582882E-02 3.641172E-01 1.606040E-01 -1.460070E+00 5.686995E-01 -4.172956E-02 9.765519E-01 2.615997E-02 3.169213E-03 4.400931E+00 1.031574E+01 
1.739949E-01 2.064483E-02 3.593804E-01 1.768839E-01 -1.496801E+00 5.819478E-01 -1.267504E-01 8.935181E-01 2.745405E-02 6.013500E-04 3.947576E+00 8.762754E+00 
1.722193E-01 1.197557E-02 3.629991E-01 1.729964E-01 -1.580709E+00 5.838746E-01 -1.544524E-01 9.442736E-01 3.015756E-02 2.539453E-03 3.941678E+00 9.405322E+00 
1.612547E-01 3.437212E-03 3.465266E-01 1.782824E-01 -1.429163E+00 5.884745E-01 -7.673597E-02 9.400959E-01 2.708771E-02 1.719023E-03 4.350966E+00 9.148773E+00 
1.564798E-01 5.330810E-03 3.293673E-01 1.784016E-01 -1.380217E+00 5.072834E-01 -2.762504E-02 9.390916E-01 3.079245E-02 9.863575E-04 4.201045E+00 9.105993E+00 
1.673207E-01 7.296345E-03 3.650558E-01 1.809156E-01 -1.384526E+00 5.741211E-01 -1.165418E-01 9.359286E-01 2.837083E-02 1.558016E-03 4.600287E+00 8.836017E+00 
1.471847E-01 2.376634E-02 3.459109E-01 1.780701E-01 -1.397371E+00 5.510613E-01 -8.518595E-02 8.958481E-01 2.798618E-02 7.818033E-03 4.287748E+00 7.712784E+00 
1.571176E-01 5.951393E-03 3.442971E-01 1.711913E-01 -1.338400E+00 5.593597E-01 -1.403479E-01 9.246201E-01 2.908194E-02 2.365316E-03 4.705459E+00 9.293228E+00 
1.614386E-01 8.821789E-03 3.527026E-01 1.739091E-01 -1.383799E+00 5.721264E-01 -1.387616E-01 9.346586E-01 2.313871E-02 1.153691E-03 4.148275E+00 1.027625E+01 
1.592788E-01 3.840493E-03 3.524175E-01 1.777573E-01 -1.435242E+00 5.720450E-01 -9.905482E-02 8.237438E-01 2.791352E-02 1.926159E-03 4.315939E+00 9.569664E+00 
8.659319E-02 3.189331E-02 3.524622E-01 1.583915E-01 -8.430015E-01 5.666690E-01 -5.943429E-02 1.048516E+00 3.313811E-02 2.225638E-02 4.024058E+00 5.236550E+00 
1.625843E-01 4.711636E-03 3.614139E-01 1.818512E-01 -1.363566E+00 5.924263E-01 -1.536392E-01 9.009852E-01 2.714061E-02 7.471999E-04 4.441297E+00 1.009133E+01 
1.448386E-01 4.741476E-02 3.170583E-01 1.683573E-01 -1.303816E+00 5.430177E-01 -1.066973E-01 1.106157E+00 2.801473E-02 5.871042E-03 4.366286E+00 1.008142E+01 
1.726043E-01 4.087833E-03 3.459151E-01 1.745910E-01 -1.375916E+00 5.960646E-01 -9.214923E-02 9.523142E-01 2.574940E-02 1.174717E-03 4.607099E+00 9.296249E+00 
1.609294E-01 5.964604E-03 3.804366E-01 1.755906E-01 -1.448333E+00 5.766994E-01 -1.005864E-01 9.822222E-01 2.831570E-02 1.582266E-03 3.667775E+00 9.191506E+00 
1.481499E-01 1.030314E-02 3.487927E-01 1.761323E-01 -1.610571E+00 5.942491E-01 -1.289404E-01 9.311136E-01 2.989743E-02 8.948445E-04 4.192630E+00 9.912600E+00 
1.805991E-01 1.421701E-02 3.484088E-01 1.749912E-01 -1.431811E+00 5.686241E-01 -6.247127E-02 9.006468E-01 2.853086E-02 3.206740E-03 4.326511E+00 8.698867E+00 
1.594245E-01 4.836848E-03 3.615599E-01 1.743546E-01 -1.410943E+00 5.885798E-01 -9.722103E-02 9.362738E-01 2.691833E-02 2.380970E-03 4.105800E+00 8.773036E+00 
1.552090E-01 5.510086E-03 3.597820E-01 1.768225E-01 -1.467616E+00 5.926486E-01 -1.289959E-01 9.376722E-01 2.906043E-02 1.321115E-03 4.219691E+00 9.091019E+00 
1.590780E-01 3.445315E-03 3.503844E-01 1.691720E-01 -1.384561E+00 5.781064E-01 -1.366941E-01 1.051100E+00 2.764026E-02 1.213361E-03 4.345461E+00 9.524811E+00 
1.573073E-01 9.655773E-03 3.555919E-01 1.733691E-01 -1.343455E+00 5.506887E-01 -8.246088E-02 9.241743E-01 2.872943E-02 1.334602E-03 4.154112E+00 9.173468E+00 
1.587337E-01 4.437087E-03 3.632367E-01 1.817185E-01 -1.362767E+00 5.795642E-01 -1.318102E-01 9.379149E-01 2.950026E-02 2.173578E-03 4.379565E+00 1.001412E+01 
1.848847E-01 2.338984E-03 3.497868E-01 1.809966E-01 -1.512191E+00 5.785907E-01 -1.502584E-01 9.500150E-01 2.827311E-02 2.094677E-03 3.597670E+00 8.778634E+00 
1.665676E-01 5.016144E-02 3.410711E-01 1.676178E-01 -1.474712E+00 5.845557E-01 -4.762356E-02 9.527179E-01 3.132431E-02 1.958269E-03 4.520995E+00 8.852187E+00 
1.533219E-01 5.683482E-03 3.606638E-01 1.692352E-01 -1.530775E+00 4.513783E-01 -3.761030E-02 9.664718E-01 2.724282E-02 2.399469E-04 4.324705E+00 9.251237E+00 
1.676446E-01 7.076316E-03 3.351030E-01 1.721403E-01 -1.255252E+00 5.931721E-01 -1.502249E-01 9.571123E-01 2.703817E-02 4.273888E-06 4.070364E+00 8.266408E+00 
1.577339E-01 5.856793E-03 3.512491E-01 1.742279E-01 -1.545533E+00 5.902205E-01 -8.501011E-02 9.364023E-01 2.821525E-02 1.135714E-03 3.914866E+00 8.250730E+00 
1.513453E-01 5.482799E-03 3.808339E-01 1.747273E-01 -1.337190E+00 5.066339E-01 -1.515446E-01 9.474048E-01 2.687570E-02 2.322595E-03 4.260170E+00 7.712691E+00 
1.730799E-01 5.095405E-03 3.611797E-01 1.829422E-01 -1.415805E+00 5.897560E-01 -1.071041E-01 9.486749E-01 2.781818E-02 2.021978E-03 4.486793E+00 8.929300E+00 
1.731960E-01 9.638042E-03 3.518335E-01 1.767631E-01 -1.631619E+00 5.913412E-01 -1.322306E-01 9.580778E-01 2.936029E-02 2.856284E-03 4.286564E+00 7.602907E+00 
1.405413E-01 6.835783E-03 3.275388E-01 1.750698E-01 -1.573383E+00 4.792771E-01 -1.000000E-02 9.356314E-01 2.557869E-02 0.000000E+00 4.613249E+00 1.132783E+01 
1.585885E-01 5.201573E-03 3.341455E-01 1.748108E-01 -1.520926E+00 5.855363E-01 -1.165455E-01 9.793805E-01 2.830151E-02 2.110615E-03 4.147133E+00 1.061034E+01 
1.752168E-01 7.637260E-03 3.332107E-01 1.817549E-01 -1.694986E+00 5.597835E-01 -1.283466E-01 9.015673E-01 3.435078E-02 1.387487E-03 4.414762E+00 7.814372E+00 
1.353078E-01 2.561071E-02 3.420846E-01 1.447802E-01 -1.272294E+00 4.562388E-01 -5.519155E-02 9.798859E-01 2.557626E-02 3.149583E-03 4.267140E+00 9.914480E+00 
1.686167E-01 5.525987E-03 3.585145E-01 1.790871E-01 -1.426742E+00 5.804542E-01 -8.534672E-02 9.855384E-01 2.843157E-02 6.084234E-04 2.857827E+00 9.573388E+00 
1.705118E-01 7.754985E-03 3.558379E-01 1.738613E-01 -1.428971E+00 5.799430E-01 -1.080549E-01 9.566122E-01 2.786239E-02 1.295340E-03 4.396815E+00 9.064135E+00 
1.734468E-01 6.874863E-03 3.542278E-01 1.787873E-01 -1.577472E+00 5.695891E-01 -9.248774E-02 8.159496E-01 2.748342E-02 3.461506E-03 4.290762E+00 8.686083E+00 
1.660589E-01 3.742838E-03 3.515316E-01 1.716439E-01 -1.450103E+00 5.920655E-01 -1.668151E-01 9.275847E-01 2.852886E-02 2.024998E-03 4.646794E+00 1.098192E+01 
1.648991E-01 6.930161E-03 3.424835E-01 1.785735E-01 -1.509328E+00 5.964353E-01 -1.187289E-01 9.292460E-01 2.597438E-02 3.202509E-03 4.271266E+00 9.205238E+00 
1.705524E-01 7.719655E-03 3.361776E-01 1.740778E-01 -1.428236E+00 5.733698E-01 -1.599824E-01 1.034517E+00 2.503693E-02 1.407190E-03 4.120965E+00 9.119736E+00 
1.599266E-01 6.754680E-03 3.428316E-01 1.759064E-01 -1.379408E+00 5.828242E-01 -1.064077E-01 9.205323E-01 2.851880E-02 1.710218E-03 4.635436E+00 8.979471E+00 
1.485342E-01 8.592194E-03 3.510548E-01 1.749494E-01 -1.545288E+00 5.307515E-01 -1.098670E-01 9.574297E-01 2.584610E-02 1.506990E-03 4.278933E+00 9.191518E+00 
1.458916E-01 4.620916E-02 3.482508E-01 1.738643E-01 -1.196442E+00 4.748156E-01 -8.545369E-02 9.932758E-01 2.916554E-02 1.341059E-02 4.302513E+00 8.138772E+00 
1.574018E-01 5.881220E-03 3.636893E-01 1.701888E-01 -1.461146E+00 5.331011E-01 -6.964875E-02 9.414635E-01 2.619423E-02 5.270181E-04 4.136214E+00 9.745407E+00 
1.609902E-01 4.658223E-03 3.600890E-01 1.730008E-01 -1.389305E+00 5.396453E-01 -9.888916E-02 9.109309E-01 2.679874E-02 7.722480E-04 4.381070E+00 9.059903E+00 
1.373196E-01 1.255303E-02 3.505790E-01 1.620244E-01 -1.373167E+00 5.663323E-01 -7.988016E-02 1.037141E+00 3.180367E-02 3.616921E-03 4.402471E+00 8.004614E+00 
1.647371E-01 6.287847E-03 3.370192E-01 1.807226E-01 -1.507410E+00 5.777649E-01 -1.004342E-01 9.427244E-01 2.773079E-02 1.884040E-03 4.286754E+00 8.939220E+00 
1.635119E-01 9.635264E-03 3.386535E-01 1.745250E-01 -1.631477E+00 5.866229E-01 -1.109313E-01 9.690681E-01 2.894057E-02 1.699962E-03 4.451875E+00 9.144560E+00 
1.097040E-01 1.287375E-02 3.506045E-01 1.753458E-01 -1.487610E+00 5.748629E-01 -9.380933E-02 8.837716E-01 2.905231E-02 3.946743E-03 4.450875E+00 8.650168E+00 
1.666708E-01 6.891472E-03 3.539517E-01 1.760560E-01 -1.434053E+00 5.719074E-01 -8.674464E-02 9.227251E-01 2.835656E-02 1.383749E-03 4.090388E+00 9.618945E+00 
1.522120E-01 1.796206E-02 3.180661E-01 1.741293E-01 -1.415438E+00 5.567488E-01 -1.286192E-01 1.002847E+00 2.691901E-02 4.915482E-03 3.862770E+00 9.307165E+00 
1.814296E-01 2.430346E-03 3.484398E-01 1.842793E-01 -1.517805E+00 5.756852E-01 -9.189518E-02 8.937827E-01 2.776269E-02 5.594844E-04 4.785954E+00 8.284042E+00 
1.073267E-01 1.528530E-02 3.324870E-01 1.417091E-01 -1.151078E+00 5.534803E-01 -8.517016E-02 9.182982E-01 2.818822E-02 3.173689E-03 3.839776E+00 1.131882E+01 
1.635388E-01 3.545742E-03 3.551875E-01 1.783714E-01 -1.251125E+00 5.730816E-01 -1.459107E-01 9.112636E-01 2.960605E-02 2.081110E-03 3.888233E+00 8.741114E+00 
1.655554E-01 1.437720E-03 3.494800E-01 1.687378E-01 -1.259909E+00 5.426512E-01 -1.714185E-01 1.064509E+00 2.782963E-02 2.054509E-03 4.423681E+00 9.091248E+00 
1.620696E-01 6.140948E-03 3.336123E-01 1.760753E-01 -1.386484E+00 5.795930E-01 -9.874563E-02 1.019469E+00 2.938716E-02 6.419420E-04 3.910071E+00 1.003814E+01 
1.570000E-01 4.869886E-03 3.433837E-01 1.775056E-01 -1.442706E+00 5.778396E-01 -2.300919E-02 9.805397E-01 2.769418E-02 2.185955E-03 3.981422E+00 9.180667E+00 
1.736763E-01 6.329440E-03 3.625117E-01 1.778203E-01 -1.419866E+00 5.882591E-01 -1.497369E-01 9.064221E-01 2.873583E-02 2.507125E-03 4.556704E+00 8.779357E+00 
1.627603E-01 5.618253E-03 3.500566E-01 1.730387E-01 -1.462732E+00 5.396688E-01 -7.470265E-02 9.819707E-01 2.987918E-02 3.275781E-03 4.117695E+00 1.049011E+01 
1.651162E-01 7.643741E-03 3.591946E-01 1.741479E-01 -1.481124E+00 5.261414E-01 -1.360414E-01 9.102106E-01 2.817313E-02 2.339937E-03 4.902798E+00 8.386546E+00 
1.613409E-01 8.295537E-03 3.567212E-01 1.766391E-01 -1.414937E+00 5.757680E-01 -1.453531E-01 9.167477E-01 2.971637E-02 1.312810E-03 4.671947E+00 8.485072E+00 
1.804339E-01 3.693813E-03 3.571559E-01 1.708971E-01 -1.413595E+00 5.916113E-01 -1.519215E-01 9.535627E-01 2.878502E-02 1.581851E-03 4.529808E+00 8.376832E+00 
1.652698E-01 5.900874E-03 3.370118E-01 1.851003E-01 -1.468799E+00 5.877610E-01 -1.702681E-01 9.697751E-01 2.709556E-02 1.642239E-03 4.012747E+00 8.899061E+00 
1.580059E-01 4.956296E-03 3.472756E-01 1.757293E-01 -1.428884E+00 5.798469E-01 -7.640432E-02 1.026172E+00 2.813826E-02 1.699050E-03 4.380394E+00 7.896781E+00 
1.163268E-01 4.605402E-03 3.608734E-01 1.678599E-01 -1.369625E+00 4.830436E-01 -1.459947E-01 8.704574E-01 2.808724E-02 2.005013E-03 3.495575E+00 8.911353E+00 
1.633361E-01 8.877837E-03 3.717797E-01 1.792290E-01 -1.415956E+00 5.997276E-01 -9.503958E-02 8.428207E-01 3.085682E-02 6.843494E-04 4.171225E+00 8.065613E+00 
1.311477E-01 2.211675E-03 3.221464E-01 1.732248E-01 -1.333421E+00 5.712897E-01 -1.000000E-02 9.145186E-01 3.229260E-02 1.609537E-03 3.614900E+00 9.832858E+00 
1.361378E-01 3.479352E-03 3.388588E-01 1.756993E-01 -1.480869E+00 5.797543E-01 -1.299535E-01 9.808171E-01 2.555992E-02 2.434411E-03 4.228797E+00 9.208653E+00 
1.510474E-01 2.154404E-02 3.539541E-01 1.693175E-01 -1.436679E+00 5.788539E-01 -1.174494E-01 9.249327E-01 2.486091E-02 2.599066E-03 4.619169E+00 8.921279E+00 
1.626282E-01 6.705208E-03 3.468538E-01 1.706978E-01 -1.475818E+00 5.868760E-01 -1.370992E-01 9.598390E-01 2.589516E-02 1.426431E-03 3.979376E+00 9.639601E+00 
1.586216E-01 6.515665E-03 3.465103E-01 1.673016E-01 -1.423830E+00 5.789388E-01 -1.333889E-01 8.645517E-01 2.795519E-02 2.005878E-03 4.016747E+00 8.484398E+00 
1.611042E-01 6.303334E-03 3.538733E-01 1.723999E-01 -1.436942E+00 5.510059E-01 -3.296648E-02 8.870504E-01 2.814358E-02 1.546099E-03 4.177638E+00 9.494357E+00 
1.549335E-01 1.646379E-02 3.444194E-01 1.755753E-01 -1.465657E+00 5.781532E-01 -1.635912E-01 9.511394E-01 2.797745E-02 5.390864E-04 4.640806E+00 7.851607E+00 
8.557681E-02 5.296551E-02 3.042042E-01 1.715886E-01 -1.294188E+00 5.953728E-01 -8.372189E-02 9.705626E-01 2.499529E-02 3.612918E-03 4.802024E+00 6.794752E+00 
1.658957E-01 2.299664E-02 3.398021E-01 1.737064E-01 -1.229829E+00 5.654612E-01 -6.648987E-02 9.530058E-01 2.749610E-02 7.545695E-03 4.645967E+00 3.314758E+00 
1.617017E-01 7.181867E-03 3.584098E-01 1.736010E-01 -1.400335E+00 5.847835E-01 -6.484323E-02 9.274033E-01 3.201367E-02 6.176901E-04 3.930308E+00 8.035721E+00 
1.742990E-01 7.515547E-03 3.633359E-01 1.782364E-01 -1.497733E+00 5.953122E-01 -1.855186E-01 9.928664E-01 2.645957E-02 1.331756E-03 4.276493E+00 9.451423E+00 
2.240803E-02 6.857829E-02 3.578653E-01 1.457643E-01 -1.099753E+00 4.646573E-01 -1.214957E-02 1.062393E+00 3.174573E-02 1.959968E-02 4.864570E+00 7.423353E+00 
1.858675E-01 1.582808E-02 3.378303E-01 1.876385E-01 -1.415029E+00 5.639277E-01 -1.342632E-01 9.041910E-01 2.391598E-02 2.002382E-03 4.062726E+00 1.031271E+01 
9.670837E-02 4.098887E-02 3.420997E-01 1.503946E-01 -1.226526E+00 4.253094E-01 -5.302665E-02 1.013402E+00 2.609033E-02 5.464260E-03 5.259269E+00 9.918115E+00 
1.692297E-01 5.031447E-03 3.462694E-01 1.795378E-01 -1.525866E+00 5.897624E-01 -1.217139E-01 9.473698E-01 2.954190E-02 1.433312E-03 3.649772E+00 8.317644E+00 
1.820886E-01 4.751076E-03 3.371608E-01 1.806692E-01 -1.546022E+00 5.503548E-01 -1.012632E-01 9.164329E-01 2.611731E-02 1.373127E-03 4.561248E+00 8.927246E+00 
1.570348E-01 6.054061E-03 3.417441E-01 1.711028E-01 -1.630942E+00 5.765768E-01 -9.559732E-02 9.177591E-01 2.882871E-02 1.919922E-03 4.103952E+00 8.480710E+00 
1.591305E-01 5.626753E-03 3.509913E-01 1.710041E-01 -1.457844E+00 5.818374E-01 -1.620961E-01 9.660918E-01 3.051741E-02 5.706812E-03 3.758390E+00 9.416844E+00 
1.678889E-01 8.172585E-03 3.689566E-01 1.816344E-01 -1.383695E+00 5.711776E-01 -1.910157E-01 9.473983E-01 3.002460E-02 1.189827E-03 4.278509E+00 9.400704E+00 
1.679455E-01 4.516902E-03 3.377640E-01 1.759021E-01 -1.345559E+00 5.825134E-01 -1.415671E-01 8.360557E-01 3.010000E-02 3.681169E-04 4.255997E+00 8.244587E+00 
1.653122E-01 5.811254E-03 3.512412E-01 1.734066E-01 -1.426786E+00 5.658023E-01 -9.909621E-02 9.155556E-01 3.037221E-02 1.446211E-03 3.992362E+00 1.012731E+01 
1.690647E-01 6.658849E-03 3.493602E-01 1.743052E-01 -1.521992E+00 6.000000E-01 -1.912288E-01 9.737789E-01 3.062359E-02 1.235135E-03 4.630480E+00 8.064944E+00 
1.462395E-01 1.000000E-04 3.396136E-01 1.669016E-01 -1.358345E+00 5.759582E-01 -1.009927E-01 1.062236E+00 2.654713E-02 3.375170E-03 4.492126E+00 8.704973E+00 
1.589490E-01 4.763859E-03 3.550829E-01 1.767023E-01 -1.548889E+00 5.514413E-01 -6.235824E-02 1.034249E+00 2.612693E-02 2.511099E-03 4.089315E+00 9.347104E+00 
1.572224E-01 8.029026E-03 3.374714E-01 1.721851E-01 -1.562254E+00 5.769258E-01 -8.982689E-02 9.402974E-01 2.823735E-02 1.470181E-03 4.183413E+00 9.526732E+00 
1.654769E-01 7.145199E-03 3.662404E-01 1.760999E-01 -1.452717E+00 5.957641E-01 -1.486347E-01 9.161281E-01 3.247036E-02 2.136078E-03 4.067902E+00 8.135497E+00 
1.702571E-01 1.300560E-02 3.528833E-01 1.771420E-01 -1.715473E+00 5.070900E-01 -9.933175E-02 8.772210E-01 3.068864E-02 1.156575E-03 4.441458E+00 8.330750E+00 
1.567814E-01 6.042197E-03 3.556669E-01 1.780759E-01 -1.519673E+00 5.952808E-01 -1.544417E-01 9.063377E-01 2.600896E-02 2.049610E-03 4.412795E+00 1.089749E+01 
1.599063E-01 6.328648E-03 3.450487E-01 1.663051E-01 -1.469295E+00 5.785747E-01 -1.010386E-01 9.070552E-01 2.688896E-02 2.261731E-03 4.568586E+00 8.470338E+00 
1.840722E-01 7.601412E-03 3.661835E-01 1.702502E-01 -1.486963E+00 5.649130E-01 -1.746402E-01 8.891272E-01 3.023968E-02 4.830552E-03 4.436657E+00 7.034316E+00 
1.634183E-01 3.536319E-03 3.411197E-01 1.724340E-01 -1.279306E+00 5.743744E-01 -1.483429E-01 9.506122E-01 2.636418E-02 5.924777E-04 4.090883E+00 9.591820E+00 
1.645044E-01 5.458525E-03 3.529807E-01 1.726328E-01 -1.596621E+00 5.889136E-01 -1.057223E-01 9.263193E-01 2.891782E-02 2.288425E-03 4.279469E+00 9.074207E+00 
1.572367E-01 5.195385E-03 3.426999E-01 1.778726E-01 -1.522814E+00 5.700920E-01 -4.567109E-02 9.321927E-01 3.042952E-02 2.681525E-03 3.935974E+00 9.887265E+00 
1.546567E-01 4.330675E-03 3.626914E-01 1.760950E-01 -1.460929E+00 5.783599E-01 -8.361176E-02 9.812987E-01 2.796430E-02 4.129418E-04 4.190652E+00 9.296179E+00 
1.650088E-01 6.504992E-03 3.579907E-01 1.776192E-01 -1.360152E+00 5.873166E-01 -1.945638E-01 9.988840E-01 2.872337E-02 1.610762E-03 4.258830E+00 9.796636E+00 
1.798059E-01 4.442940E-03 3.565968E-01 1.740674E-01 -1.430651E+00 5.874340E-01 -1.645388E-01 9.116632E-01 2.642430E-02 4.183306E-04 4.367953E+00 9.773159E+00 
1.257135E-01 2.593509E-02 3.425500E-01 1.834993E-01 -1.643656E+00 5.490541E-01 -7.830683E-02 9.330576E-01 2.520513E-02 6.117687E-03 4.082753E+00 6.722006E+00 
1.661150E-01 3.082091E-03 3.507164E-01 1.754879E-01 -1.395249E+00 5.816178E-01 -1.102584E-01 9.452590E-01 3.031926E-02 1.831505E-03 4.448017E+00 9.231470E+00 
1.622106E-01 8.064466E-03 3.298327E-01 1.822818E-01 -1.290986E+00 5.894104E-01 -7.732222E-02 9.832755E-01 2.797569E-02 1.620417E-03 4.167721E+00 1.151458E+01 
1.634969E-01 6.058644E-03 3.563961E-01 1.731557E-01 -1.382761E+00 5.881174E-01 -7.943891E-02 9.611381E-01 2.682140E-02 2.275780E-03 4.591455E+00 8.496289E+00 
1.671854E-01 9.759781E-03 3.467715E-01 1.731870E-01 -1.529597E+00 5.996353E-01 -1.089304E-01 1.195464E+00 2.519969E-02 1.286650E-03 3.783957E+00 7.619587E+00 
1.637331E-01 9.084529E-03 3.314794E-01 1.718885E-01 -1.355926E+00 6.000000E-01 -6.743721E-02 1.072611E+00 3.069016E-02 8.057599E-03 3.580879E+00 7.384320E+00 
1.731442E-01 7.016664E-03 3.551427E-01 1.793572E-01 -1.383870E+00 5.838806E-01 -1.219929E-01 9.441667E-01 2.910314E-02 1.726261E-03 4.323623E+00 9.589897E+00 
1.609173E-01 5.963529E-03 3.361617E-01 1.741631E-01 -1.476444E+00 5.812933E-01 -1.031351E-01 9.369517E-01 2.863972E-02 1.257442E-03 4.127527E+00 8.917375E+00 
1.671401E-01 7.210525E-03 3.546917E-01 1.785297E-01 -1.514611E+00 5.890602E-01 -9.123301E-02 9.834122E-01 2.907356E-02 1.185055E-03 4.259532E+00 7.597144E+00 
1.520787E-01 6.439434E-03 3.483515E-01 1.726088E-01 -1.318874E+00 5.727028E-01 -1.180041E-01 9.055245E-01 2.723615E-02 1.379155E-03 4.228500E+00 9.261140E+00 
1.568513E-01 5.194851E-03 3.467311E-01 1.729569E-01 -1.310709E+00 5.620842E-01 -6.065476E-02 9.221528E-01 2.695766E-02 6.661223E-04 4.357613E+00 8.864098E+00 
1.674975E-01 1.000000E-04 3.607847E-01 1.699339E-01 -1.533558E+00 5.355990E-01 -6.437436E-02 1.079474E+00 3.636717E-02 4.067963E-03 1.503675E+00 9.544312E+00 
1.529530E-01 1.032117E-02 3.588124E-01 1.714441E-01 -1.373678E+00 5.819308E-01 -9.600751E-02 9.656327E-01 2.799725E-02 2.117430E-03 4.799804E+00 9.824867E+00 
1.534544E-01 7.308869E-03 3.380625E-01 1.727520E-01 -1.467574E+00 5.637348E-01 -1.628817E-01 9.698290E-01 2.649508E-02 1.308524E-03 3.752084E+00 9.411177E+00 
1.643370E-01 9.829851E-03 3.486715E-01 1.799591E-01 -1.450953E+00 6.000000E-01 -1.172693E-01 9.077935E-01 2.713606E-02 1.709687E-03 4.442494E+00 9.092485E+00 
1.100930E-01 8.257604E-03 3.661168E-01 1.743515E-01 -1.443062E+00 4.958977E-01 -9.172044E-02 9.688441E-01 2.837381E-02 4.783301E-03 3.948482E+00 1.033278E+01 
1.656092E-01 5.267915E-03 3.468430E-01 1.739207E-01 -1.491969E+00 5.870943E-01 -1.200641E-01 9.604609E-01 2.607392E-02 2.722417E-03 3.807628E+00 8.747226E+00 
1.657552E-01 7.631183E-03 3.344635E-01 1.783515E-01 -1.541208E+00 5.856826E-01 -6.574294E-02 9.822339E-01 2.742502E-02 1.328059E-03 4.259769E+00 8.142798E+00 
1.574706E-01 6.755994E-03 3.460654E-01 1.694158E-01 -1.477652E+00 5.829075E-01 -1.019073E-01 9.134292E-01 2.937761E-02 2.774915E-03 4.007001E+00 1.032554E+01 
1.666411E-01 5.707992E-03 3.495727E-01 1.727827E-01 -1.471196E+00 5.534366E-01 -9.521201E-02 1.016302E+00 2.939855E-02 2.037555E-03 4.027457E+00 9.637652E+00 
1.616468E-01 5.350263E-03 3.440541E-01 1.774875E-01 -1.630295E+00 5.924601E-01 -1.272339E-01 1.046111E+00 3.009710E-02 1.649301E-03 4.101780E+00 8.660410E+00 
1.629039E-01 4.629903E-03 3.682273E-01 1.754228E-01 -1.504476E+00 5.770560E-01 -1.085353E-01 9.599306E-01 2.821093E-02 3.245264E-03 3.985974E+00 9.640982E+00 
1.641883E-01 1.023895E-02 3.638433E-01 1.758090E-01 -1.551777E+00 5.637023E-01 -1.636979E-01 9.266752E-01 2.150468E-02 2.002467E-03 3.777935E+00 8.538766E+00 
1.772480E-01 7.796722E-03 3.385242E-01 1.778290E-01 -1.556197E+00 5.791011E-01 -1.608519E-01 9.117417E-01 2.806316E-02 1.559599E-03 4.133205E+00 8.800518E+00 
1.555350E-01 5.906991E-03 3.309303E-01 1.746299E-01 -1.500370E+00 5.794259E-01 -8.318295E-02 9.180017E-01 2.923979E-02 1.592461E-03 4.512785E+00 9.586631E+00 
1.710234E-01 3.451074E-04 3.200121E-01 1.786215E-01 -1.394476E+00 5.875359E-01 -7.974701E-02 9.860600E-01 2.678088E-02 1.254403E-03 4.349553E+00 9.719151E+00 
1.582184E-01 3.901732E-02 3.411186E-01 1.704635E-01 -1.567906E+00 5.667962E-01 -7.897018E-02 1.025821E+00 2.866380E-02 1.276391E-03 4.612035E+00 9.208986E+00 
1.641472E-01 1.000000E-04 3.551560E-01 1.790099E-01 -1.336821E+00 5.889758E-01 -1.036663E-01 9.445574E-01 2.985237E-02 1.667661E-03 4.358181E+00 8.233273E+00 
1.567715E-01 5.688446E-03 3.677405E-01 1.706271E-01 -1.366854E+00 5.700595E-01 -1.799119E-01 9.335946E-01 2.781597E-02 9.200570E-04 3.936915E+00 9.032388E+00 
1.471582E-01 3.053194E-03 3.521305E-01 1.732845E-01 -1.568942E+00 5.926524E-01 -1.363577E-01 9.243400E-01 2.888029E-02 1.734263E-03 4.147845E+00 9.143693E+00 
1.675671E-01 9.409252E-03 3.412402E-01 1.753884E-01 -1.445806E+00 5.882857E-01 -8.207347E-02 9.654596E-01 3.070635E-02 1.722183E-03 4.163633E+00 8.893525E+00 
1.122471E-01 4.165414E-02 3.430943E-01 1.702322E-01 -1.443680E+00 5.007791E-01 -1.111384E-01 9.666452E-01 4.538486E-02 2.135067E-03 4.380538E+00 8.699943E+00 
1.559875E-01 5.261982E-03 3.541680E-01 1.690373E-01 -1.414140E+00 5.615639E-01 -3.198641E-02 1.003097E+00 2.895032E-02 1.926051E-03 4.546453E+00 9.278751E+00 
1.484577E-01 2.627310E-03 3.282394E-01 1.677761E-01 -1.397764E+00 5.370881E-01 -9.329342E-02 1.016660E+00 2.984475E-02 5.156830E-04 4.345194E+00 1.002860E+01 
1.806927E-01 8.781390E-03 3.479475E-01 1.793285E-01 -1.341953E+00 6.000000E-01 -1.306744E-01 1.267341E+00 2.732724E-02 1.662526E-03 4.276947E+00 8.117309E+00 
1.588535E-01 3.054160E-03 3.454515E-01 1.754452E-01 -1.384498E+00 5.995396E-01 -1.256009E-01 1.016859E+00 3.006622E-02 9.710326E-04 4.467885E+00 7.459592E+00 
1.653198E-01 6.662882E-03 3.726296E-01 1.750217E-01 -1.539055E+00 5.946593E-01 -1.443542E-01 9.997978E-01 2.849437E-02 1.745141E-03 4.409403E+00 9.845134E+00 
1.711846E-01 8.159064E-03 3.642490E-01 1.804240E-01 -1.389800E+00 5.872935E-01 -1.360369E-01 9.318648E-01 2.423647E-02 1.224594E-03 4.132577E+00 9.987811E+00 
1.578211E-01 5.164270E-03 3.511816E-01 1.803305E-01 -1.491616E+00 5.819269E-01 -1.103440E-01 9.209824E-01 3.046177E-02 1.289413E-03 4.128355E+00 9.620771E+00 
1.627282E-01 4.157580E-03 3.534486E-01 1.760788E-01 -1.463315E+00 5.675877E-01 -8.325051E-02 9.699741E-01 2.702540E-02 1.917987E-03 4.069043E+00 1.070966E+01 
1.648993E-01 4.059857E-03 3.515013E-01 1.758137E-01 -1.367774E+00 6.000000E-01 -1.487145E-01 9.741037E-01 2.586037E-02 2.169397E-03 4.415416E+00 8.447843E+00 
1.620082E-01 6.239926E-03 3.607016E-01 1.719540E-01 -1.399084E+00 5.817707E-01 -1.032751E-01 9.574682E-01 3.014592E-02 2.351194E-03 4.227744E+00 8.000184E+00 
1.595096E-01 9.412861E-03 3.640339E-01 1.637857E-01 -1.289647E+00 5.680967E-01 -1.721561E-01 9.331534E-01 2.771228E-02 2.809530E-03 4.519800E+00 1.023207E+01 
1.560448E-01 2.716179E-02 3.370868E-01 1.665048E-01 -1.335339E+00 5.951894E-01 -1.130085E-01 9.398662E-01 2.957621E-02 2.534180E-03 4.242043E+00 1.049708E+01 
1.718117E-01 3.325079E-03 3.617466E-01 1.714898E-01 -1.482011E+00 5.756791E-01 -9.383468E-02 9.116339E-01 3.014964E-02 1.430912E-03 3.496566E+00 9.264105E+00 
1.266329E-01 8.426300E-03 3.451710E-01 1.687715E-01 -1.411124E+00 5.558015E-01 -1.292346E-01 9.108487E-01 2.727656E-02 1.151064E-02 4.270554E+00 6.769607E+00 
1.566660E-01 9.208239E-03 3.433565E-01 1.767946E-01 -1.454633E+00 5.670357E-01 -1.101514E-01 9.350647E-01 2.636423E-02 1.422385E-03 4.407997E+00 8.162957E+00 
1.448855E-01 4.338410E-03 3.525088E-01 1.717167E-01 -1.267176E+00 5.589122E-01 -6.331359E-02 9.880172E-01 2.556427E-02 4.616993E-03 4.433186E+00 9.241780E+00 
8.630125E-02 2.891870E-02 3.307725E-01 1.509825E-01 -1.294592E+00 4.681937E-01 -1.057867E-01 9.105962E-01 3.596022E-02 1.820101E-03 3.268668E+00 1.403196E+01 
1.626767E-01 5.434189E-03 3.357764E-01 1.722509E-01 -1.426134E+00 5.622632E-01 -7.424039E-02 9.271205E-01 2.852720E-02 7.729264E-04 4.269202E+00 8.651966E+00 
1.650021E-01 4.302807E-03 3.573484E-01 1.801094E-01 -1.365885E+00 5.688159E-01 -1.455923E-01 1.061507E+00 2.717894E-02 1.731365E-03 3.858028E+00 9.365551E+00 
1.758630E-01 3.520626E-03 3.452053E-01 1.773131E-01 -1.552405E+00 5.700319E-01 -1.579669E-01 8.697315E-01 3.099414E-02 2.957496E-03 4.521121E+00 1.055774E+01 
1.920393E-01 5.430638E-03 3.459319E-01 1.809266E-01 -1.471361E+00 5.888199E-01 -9.501703E-02 9.256720E-01 2.544170E-02 3.021729E-03 4.593546E+00 9.279553E+00 
1.530790E-01 4.522656E-03 3.565692E-01 1.763311E-01 -1.461104E+00 5.864155E-01 -1.022374E-01 9.333788E-01 2.877101E-02 1.665896E-03 3.987673E+00 9.295418E+00 
1.557144E-01 3.350070E-03 3.532913E-01 1.724491E-01 -1.531282E+00 5.774898E-01 -4.154865E-02 9.843944E-01 2.815023E-02 1.624632E-03 4.247664E+00 9.888770E+00 
1.532114E-01 3.313072E-03 3.426688E-01 1.691366E-01 -1.491310E+00 5.590167E-01 -1.448870E-01 8.784019E-01 2.870487E-02 1.177637E-03 3.903110E+00 8.514341E+00 
1.648086E-01 7.816034E-03 3.524275E-01 1.781143E-01 -1.510648E+00 5.731452E-01 -8.647656E-02 1.006348E+00 2.846822E-02 2.291004E-03 3.574083E+00 8.907196E+00 
1.314495E-01 2.454648E-03 3.441967E-01 1.702426E-01 -1.431356E+00 5.522985E-01 -8.273590E-02 8.958773E-01 3.000371E-02 5.793751E-04 4.447999E+00 9.364404E+00 
1.678660E-01 4.634990E-03 3.581479E-01 1.703748E-01 -1.364884E+00 5.895729E-01 -1.676728E-01 9.973741E-01 2.850526E-02 1.480933E-03 4.405511E+00 7.385061E+00 
1.132160E-01 3.233915E-02 3.519905E-01 1.611047E-01 -1.374707E+00 5.650648E-01 -4.911959E-02 9.481829E-01 2.576330E-02 3.083713E-03 4.500940E+00 8.404287E+00 
1.736575E-01 4.127527E-03 3.650740E-01 1.763212E-01 -1.421687E+00 5.963743E-01 -1.093028E-01 9.638284E-01 2.914790E-02 2.250881E-03 3.704249E+00 8.267960E+00 
1.469509E-01 1.572332E-02 3.594687E-01 1.746482E-01 -1.424278E+00 4.567404E-01 -1.968349E-01 1.061743E+00 2.848299E-02 1.552801E-03 4.193860E+00 9.699067E+00 
1.545670E-01 1.349490E-02 3.281523E-01 1.714262E-01 -1.395175E+00 5.498617E-01 -1.047398E-01 9.162051E-01 2.999469E-02 1.313353E-03 5.026044E+00 9.557497E+00 
1.963827E-01 6.367020E-03 3.564451E-01 1.736009E-01 -1.565337E+00 5.956216E-01 -1.156168E-01 9.245147E-01 2.472789E-02 9.027808E-04 4.305145E+00 9.117659E+00 
1.279705E-01 4.377461E-02 3.801791E-01 1.653245E-01 -1.372665E+00 5.535430E-01 -3.956093E-02 9.360059E-01 3.282911E-02 9.889639E-03 4.574218E+00 1.009022E+01 
1.467910E-01 1.388088E-03 3.276848E-01 1.769744E-01 -1.449447E+00 5.225704E-01 -8.066765E-02 9.400258E-01 2.872627E-02 1.674995E-03 3.747978E+00 9.343165E+00 
1.453979E-01 7.081240E-03 3.567719E-01 1.716163E-01 -1.361785E+00 5.301078E-01 -9.580364E-02 8.819020E-01 2.484115E-02 2.044452E-03 3.514255E+00 8.586533E+00 
1.439372E-01 2.645881E-03 3.587391E-01 1.740968E-01 -1.515244E+00 5.342223E-01 -7.104456E-02 9.617534E-01 3.063442E-02 6.818365E-04 4.287252E+00 9.468066E+00 
1.021412E-01 9.099670E-03 3.442800E-01 1.817159E-01 -1.440952E+00 6.000000E-01 -1.500333E-01 1.000673E+00 2.730189E-02 4.907385E-04 4.415173E+00 8.774033E+00 
1.631169E-01 6.305143E-03 3.439046E-01 1.772631E-01 -1.401329E+00 5.680811E-01 -9.227508E-02 9.405203E-01 2.615025E-02 1.563698E-03 4.564825E+00 9.284608E+00 
1.687863E-01 5.212167E-03 3.304253E-01 1.732464E-01 -1.331280E+00 5.959169E-01 -1.150544E-01 9.604198E-01 2.915263E-02 1.204714E-03 4.162004E+00 9.621995E+00 
1.609650E-01 8.590352E-03 3.485426E-01 1.739280E-01 -1.443574E+00 5.807882E-01 -9.483232E-02 8.985578E-01 2.944208E-02 2.145282E-03 4.198833E+00 1.012989E+01 
2.000000E-01 1.000000E-04 3.409753E-01 1.819146E-01 -1.374542E+00 5.550497E-01 -1.306205E-01 1.006305E+00 2.665142E-02 1.262668E-03 4.471777E+00 6.031035E+00 
1.607297E-01 6.826859E-03 3.479392E-01 1.804765E-01 -1.582270E+00 5.736150E-01 -1.666746E-01 9.608420E-01 3.206231E-02 4.913441E-03 4.206852E+00 8.542710E+00 
1.834440E-01 5.884491E-03 3.343917E-01 1.757471E-01 -1.545818E+00 5.666336E-01 -1.269785E-01 1.008774E+00 2.866285E-02 1.393537E-03 4.091990E+00 9.033667E+00 
1.611190E-01 5.608842E-03 3.499858E-01 1.711413E-01 -1.370273E+00 5.653843E-01 -9.249456E-02 9.285829E-01 2.810485E-02 2.591565E-03 4.094354E+00 1.115025E+01 
1.400659E-01 4.622870E-03 3.274202E-01 1.800483E-01 -1.400288E+00 5.916882E-01 -5.003481E-02 9.348929E-01 2.906789E-02 2.124203E-03 3.228637E+00 8.794270E+00 
1.709730E-01 1.029151E-02 3.515246E-01 1.671967E-01 -1.474274E+00 5.667637E-01 -1.674006E-01 9.841075E-01 2.913675E-02 2.618551E-03 4.011258E+00 9.633897E+00 
9.504054E-02 1.663855E-02 3.447693E-01 1.732086E-01 -1.453837E+00 5.726556E-01 -1.133439E-01 8.871859E-01 2.937104E-02 1.715490E-03 3.911923E+00 9.305693E+00 
1.388732E-01 4.046245E-03 3.317458E-01 1.779836E-01 -1.370751E+00 5.901701E-01 -1.379217E-01 9.559849E-01 2.954994E-02 1.401634E-03 4.006963E+00 8.871257E+00 
1.666949E-01 1.183927E-02 3.408732E-01 1.700513E-01 -1.482570E+00 5.682318E-01 -1.813309E-01 1.095623E+00 2.997649E-02 1.114986E-03 4.118545E+00 8.593210E+00 
1.882080E-01 1.979250E-02 3.376421E-01 1.777136E-01 -1.478003E+00 4.663360E-01 -5.607933E-02 9.661069E-01 2.825492E-02 0.000000E+00 3.987701E+00 9.844467E+00 
1.720172E-01 8.165586E-03 3.324307E-01 1.786883E-01 -1.366434E+00 5.286027E-01 -8.924552E-02 9.137750E-01 3.218649E-02 3.129294E-03 4.338583E+00 9.868886E+00 
1.569124E-01 9.719067E-03 3.542842E-01 1.711592E-01 -1.443953E+00 5.826337E-01 -1.040377E-01 9.176327E-01 2.917760E-02 1.976236E-03 4.695520E+00 9.838119E+00 
1.611254E-01 8.651761E-03 3.359758E-01 1.721788E-01 -1.521296E+00 5.927319E-01 -1.415930E-01 9.513260E-01 2.735339E-02 2.087976E-03 3.985489E+00 9.199198E+00 
1.680432E-01 5.240019E-03 3.273566E-01 1.861264E-01 -1.487734E+00 5.706427E-01 -1.003158E-01 9.382276E-01 2.868969E-02 2.019858E-03 4.966876E+00 9.173795E+00 
1.654114E-01 6.620117E-03 3.366041E-01 1.764016E-01 -1.529082E+00 5.857534E-01 -8.257493E-02 9.390913E-01 2.656987E-02 1.877119E-03 3.750978E+00 9.841771E+00 
1.698690E-01 6.455824E-03 3.427192E-01 1.787165E-01 -1.381845E+00 5.814602E-01 -8.888547E-02 9.151939E-01 2.907132E-02 1.395368E-03 4.209539E+00 8.870978E+00 
1.757431E-01 6.277560E-03 3.358699E-01 1.878302E-01 -1.521394E+00 5.524513E-01 -1.319295E-01 8.944514E-01 2.876944E-02 1.432323E-03 4.561022E+00 7.913410E+00 
1.633126E-01 1.470964E-02 3.471039E-01 1.659344E-01 -1.385831E+00 5.331624E-01 -1.152228E-01 9.204703E-01 3.081338E-02 6.742676E-03 4.565216E+00 7.892830E+00 
1.812668E-01 8.164359E-03 3.434208E-01 1.763679E-01 -1.419414E+00 5.949919E-01 -1.802893E-01 9.749906E-01 2.557862E-02 1.911826E-03 4.591947E+00 1.100909E+01 
1.673122E-01 6.462747E-03 3.412531E-01 1.806447E-01 -1.350462E+00 5.765825E-01 -1.290752E-01 9.775889E-01 2.697767E-02 1.269381E-03 4.242607E+00 8.106481E+00 
1.669221E-01 5.598684E-03 3.546417E-01 1.775991E-01 -1.448714E+00 5.849010E-01 -1.059125E-01 9.352092E-01 2.925175E-02 1.503480E-03 4.186161E+00 9.444872E+00 
1.377142E-01 1.024631E-02 3.704730E-01 1.705256E-01 -1.359888E+00 5.503215E-01 -1.272917E-01 9.352706E-01 2.763476E-02 3.548720E-03 4.064769E+00 7.936223E+00 
1.731881E-01 3.358471E-03 3.538007E-01 1.764604E-01 -1.337933E+00 5.944975E-01 -5.393314E-02 9.422162E-01 2.843242E-02 8.875951E-04 4.494703E+00 9.933307E+00 
1.533697E-01 6.582230E-03 3.378790E-01 1.830253E-01 -1.336611E+00 5.901164E-01 -1.057569E-01 9.644875E-01 2.801011E-02 1.430344E-03 4.201299E+00 6.692829E+00 
9.375017E-02 1.020413E-02 3.454661E-01 1.673519E-01 -1.428745E+00 4.264928E-01 -7.338500E-02 9.785440E-01 3.180895E-02 1.193462E-02 3.472955E+00 7.628108E+00 
1.690852E-01 1.829326E-02 3.455592E-01 1.755009E-01 -1.443862E+00 5.917634E-01 -8.057787E-02 9.504676E-01 2.858647E-02 2.085821E-03 4.508018E+00 9.323901E+00 
1.794904E-01 1.956179E-02 3.393846E-01 1.754237E-01 -1.437822E+00 5.745266E-01 -1.262851E-01 9.945331E-01 2.560792E-02 9.509584E-04 4.326867E+00 8.550898E+00 
1.549400E-01 2.707268E-02 3.605022E-01 1.585583E-01 -1.301976E+00 5.569527E-01 -9.298912E-02 9.412547E-01 3.530625E-02 4.506411E-03 4.285330E+00 9.341955E+00 
1.467349E-01 9.530675E-03 3.595530E-01 1.678029E-01 -1.357213E+00 4.931208E-01 -1.025354E-02 9.965701E-01 2.587465E-02 2.013404E-04 4.255565E+00 9.113897E+00 
1.403296E-01 2.658003E-02 3.412318E-01 1.670146E-01 -1.123178E+00 5.360794E-01 -1.195463E-01 1.104604E+00 2.667799E-02 1.626060E-03 4.700881E+00 5.945237E+00 
6.862528E-02 3.812750E-02 3.616337E-01 1.707044E-01 -1.065554E+00 5.279222E-01 -9.245593E-02 9.104978E-01 3.000865E-02 3.448755E-03 3.168127E+00 9.071916E+00 
8.490262E-02 3.041709E-02 3.552389E-01 1.722669E-01 -1.211536E+00 5.300894E-01 -8.587272E-02 9.547397E-01 3.316561E-02 4.034361E-03 4.307622E+00 7.395824E+00 
1.692661E-01 4.143849E-03 3.638824E-01 1.765942E-01 -1.420204E+00 5.897053E-01 -1.067301E-01 9.298596E-01 2.524405E-02 1.500247E-03 3.923606E+00 9.829448E+00 
1.344301E-01 4.244389E-03 3.397057E-01 1.740522E-01 -1.452514E+00 5.889733E-01 -1.546440E-01 9.630019E-01 2.664141E-02 2.294061E-04 4.462869E+00 8.264788E+00 
1.661256E-01 2.583222E-03 3.551193E-01 1.731443E-01 -1.471461E+00 5.796105E-01 -6.034358E-02 9.628538E-01 2.904107E-02 2.568199E-03 4.279679E+00 9.117933E+00 
1.743406E-01 3.436980E-03 3.389746E-01 1.762010E-01 -1.442137E+00 5.912425E-01 -1.472526E-01 9.689852E-01 2.772810E-02 2.549172E-03 4.086685E+00 9.371923E+00 
1.705699E-01 5.730833E-03 3.731257E-01 1.751374E-01 -1.419837E+00 5.848634E-01 -1.070444E-01 9.381160E-01 2.810867E-02 2.028336E-03 4.190004E+00 9.088667E+00 
1.614892E-01 8.218923E-03 3.477602E-01 1.748601E-01 -1.248589E+00 5.742756E-01 -9.992010E-02 9.659235E-01 2.635580E-02 1.964888E-03 3.952162E+00 1.069384E+01 
1.695046E-01 6.662704E-04 3.751554E-01 1.744692E-01 -1.238760E+00 6.000000E-01 -6.674786E-02 9.426071E-01 2.509272E-02 2.408347E-03 4.305820E+00 8.508525E+00 
1.596327E-01 1.902193E-03 3.537752E-01 1.741764E-01 -1.477951E+00 6.000000E-01 -1.244989E-01 9.441608E-01 3.015551E-02 2.998326E-04 4.692488E+00 8.875582E+00 
8.707132E-02 1.371612E-02 3.285509E-01 1.722288E-01 -1.517370E+00 2.889561E-01 -8.277700E-02 1.062496E+00 3.009797E-02 1.020652E-02 4.730107E+00 1.062892E+01 
1.654829E-01 1.700890E-02 3.285121E-01 1.776350E-01 -1.281912E+00 5.443979E-01 -8.510354E-02 8.909142E-01 2.887030E-02 0.000000E+00 4.577063E+00 1.039890E+01 
1.665638E-01 5.570174E-03 3.652313E-01 1.746653E-01 -1.496466E+00 5.847963E-01 -1.375801E-01 9.169681E-01 2.975070E-02 2.303110E-03 4.418410E+00 9.407501E+00 
1.679796E-01 5.197283E-03 3.407848E-01 1.788976E-01 -1.451907E+00 5.840876E-01 -2.000000E-01 9.694702E-01 2.907691E-02 1.654382E-03 4.143158E+00 9.755625E+00 
1.666827E-01 5.713746E-03 3.556609E-01 1.679688E-01 -1.412194E+00 5.553025E-01 -1.112185E-01 9.632206E-01 2.838132E-02 2.612672E-03 3.827691E+00 9.264696E+00 
1.690142E-01 1.045952E-02 3.578083E-01 1.847143E-01 -1.420017E+00 5.155464E-01 -1.681501E-01 9.298936E-01 2.953380E-02 2.982915E-03 4.674067E+00 8.890769E+00 
1.373811E-01 2.541285E-02 3.444432E-01 1.562276E-01 -1.168881E+00 3.298031E-01 -1.251498E-01 9.369303E-01 3.127078E-02 1.189215E-02 5.667653E+00 1.266703E+01 
1.537115E-01 2.149406E-02 3.366232E-01 1.663448E-01 -1.334956E+00 2.998221E-01 -4.473834E-02 5.660841E-01 2.588737E-02 2.790966E-03 4.005165E+00 9.404658E+00 
1.833343E-01 9.980232E-03 3.407326E-01 1.771660E-01 -1.371239E+00 5.925550E-01 -1.172221E-01 8.787753E-01 2.817041E-02 8.348622E-04 4.361615E+00 9.443103E+00 
1.622532E-01 8.299483E-03 3.537518E-01 1.757098E-01 -1.428161E+00 5.785125E-01 -1.396388E-01 9.454873E-01 2.896874E-02 3.659830E-03 4.108584E+00 9.222034E+00 
1.130111E-01 8.356190E-03 3.458303E-01 1.525590E-01 -1.208463E+00 2.430483E-01 -9.036129E-02 9.261587E-01 2.878275E-02 1.544228E-03 4.679283E+00 1.025396E+01 
1.655059E-01 4.384110E-03 3.491572E-01 1.783073E-01 -1.426569E+00 5.769757E-01 -1.138585E-01 9.672408E-01 2.776954E-02 3.941786E-03 4.722103E+00 9.220117E+00 
1.645387E-01 5.667443E-03 3.491869E-01 1.721559E-01 -1.481487E+00 5.788686E-01 -1.246649E-01 9.841624E-01 3.139130E-02 2.143699E-03 4.160007E+00 8.914614E+00 
1.653743E-01 1.108941E-02 3.649468E-01 1.764818E-01 -1.557932E+00 5.926736E-01 -1.355975E-01 9.559032E-01 2.692608E-02 1.421624E-03 3.711317E+00 8.778008E+00 
1.693017E-01 5.230691E-03 3.395230E-01 1.760460E-01 -1.285247E+00 5.845346E-01 -5.549369E-02 9.297339E-01 2.683223E-02 4.689105E-03 4.109122E+00 9.757531E+00 
1.715162E-01 7.886524E-03 3.874021E-01 1.746796E-01 -1.460305E+00 5.946674E-01 -1.659403E-01 8.580608E-01 2.589791E-02 8.990761E-04 4.639580E+00 8.947639E+00 
1.660978E-01 1.065731E-02 3.400100E-01 1.821969E-01 -1.403524E+00 5.980048E-01 -8.079351E-02 8.997196E-01 3.029773E-02 3.624366E-04 3.886410E+00 1.004516E+01 
1.651216E-01 7.550260E-03 3.576533E-01 1.756562E-01 -1.360975E+00 5.874645E-01 -1.012776E-01 9.003985E-01 2.986631E-02 1.475504E-03 4.334401E+00 7.832096E+00 
1.772085E-01 6.624532E-03 3.519969E-01 1.774507E-01 -1.388947E+00 5.845080E-01 -1.567939E-01 8.873307E-01 2.976851E-02 2.261770E-03 4.084486E+00 9.839686E+00 
1.671871E-01 9.129283E-03 3.399980E-01 1.766936E-01 -1.478289E+00 5.791231E-01 -5.935322E-02 9.083189E-01 3.043736E-02 2.762479E-03 3.318237E+00 7.364712E+00 
1.742171E-01 3.147683E-02 3.438474E-01 1.407856E-01 -1.377498E+00 5.156467E-01 -1.139423E-01 1.215202E+00 3.233593E-02 7.223513E-03 4.265568E+00 7.345840E+00 
1.701275E-01 8.116749E-03 3.430036E-01 1.791754E-01 -1.454659E+00 5.763138E-01 -1.293187E-01 9.527520E-01 2.827132E-02 1.449101E-03 4.348137E+00 8.604063E+00 
1.699214E-01 2.822928E-03 3.442034E-01 1.750546E-01 -1.527636E+00 5.668474E-01 -1.248097E-01 9.009898E-01 3.063064E-02 1.302649E-03 4.184141E+00 8.974884E+00 
1.587972E-01 5.656875E-03 3.489275E-01 1.802095E-01 -1.380281E+00 5.380164E-01 -2.672889E-02 9.465115E-01 2.901470E-02 1.888038E-03 4.122470E+00 9.332687E+00 
1.658239E-01 5.988403E-03 3.502085E-01 1.806698E-01 -1.329872E+00 5.805813E-01 -1.117932E-01 9.612873E-01 2.800208E-02 2.033517E-03 4.471507E+00 9.572052E+00 
1.584410E-01 7.096290E-03 3.347151E-01 1.666340E-01 -1.390844E+00 5.865682E-01 -1.221071E-01 9.893121E-01 3.091838E-02 3.161600E-03 4.136084E+00 1.080863E+01 
1.624692E-01 4.816816E-03 3.601278E-01 1.728452E-01 -1.404717E+00 5.814362E-01 -8.985469E-02 9.054453E-01 2.951111E-02 2.655732E-03 4.301492E+00 9.247185E+00 
1.471100E-01 7.491873E-03 3.524934E-01 1.746528E-01 -1.606389E+00 5.831775E-01 -1.037306E-01 9.252902E-01 2.468289E-02 0.000000E+00 3.836306E+00 1.038219E+01 
1.597991E-01 3.683372E-03 3.444712E-01 1.766735E-01 -1.497566E+00 5.483586E-01 -9.421807E-02 8.874953E-01 2.708590E-02 1.362872E-03 4.160149E+00 9.774887E+00 
6.257588E-02 2.457070E-02 3.297355E-01 1.618412E-01 -1.205745E+00 4.808311E-01 -4.045226E-02 1.099421E+00 3.796259E-02 1.971409E-04 3.084445E+00 1.338759E+01 
1.686784E-01 3.171746E-03 3.431288E-01 1.625463E-01 -1.488175E+00 5.887881E-01 -1.506379E-01 1.066553E+00 2.555563E-02 2.143928E-03 3.655959E+00 8.630709E+00 
7.968567E-02 3.393232E-02 3.343719E-01 1.687897E-01 -1.234664E+00 5.084244E-01 -5.293001E-02 9.170307E-01 2.969425E-02 1.339166E-03 3.537853E+00 8.868339E+00 
1.593883E-01 5.996905E-03 3.499111E-01 1.759781E-01 -1.416149E+00 5.818584E-01 -1.189873E-01 9.415432E-01 2.889817E-02 1.058597E-03 3.940631E+00 1.016549E+01 
1.718876E-01 4.598139E-03 3.562032E-01 1.804790E-01 -1.473968E+00 5.898353E-01 -7.829268E-02 9.098818E-01 2.786722E-02 2.898360E-03 4.493727E+00 8.794427E+00 
1.771381E-01 4.364872E-03 3.396398E-01 1.817385E-01 -1.582089E+00 5.777291E-01 -8.595276E-02 9.520850E-01 2.802034E-02 1.259456E-03 4.403409E+00 8.958829E+00 
1.744261E-01 6.423664E-03 3.370691E-01 1.763965E-01 -1.407078E+00 5.923053E-01 -1.090310E-01 9.683213E-01 2.779095E-02 1.418630E-03 4.389734E+00 1.011327E+01 
1.660098E-01 1.000000E-04 3.552004E-01 1.679016E-01 -1.400600E+00 5.868486E-01 -1.284970E-01 1.015469E+00 2.984423E-02 1.143377E-03 4.037832E+00 9.028983E+00 
1.576063E-01 1.667118E-02 3.376527E-01 1.775855E-01 -1.406826E+00 5.611275E-01 -1.245596E-01 9.448456E-01 2.761772E-02 7.448090E-04 4.336881E+00 7.527045E+00 
1.582586E-01 1.196461E-02 3.506915E-01 1.733637E-01 -1.473740E+00 5.182762E-01 -1.206657E-01 1.058984E+00 2.883097E-02 1.642212E-03 4.179086E+00 1.221411E+01 
1.267032E-01 7.134708E-03 3.238200E-01 1.782286E-01 -1.362849E+00 5.842698E-01 -7.681435E-02 9.000383E-01 2.898693E-02 1.583530E-03 3.475497E+00 9.246705E+00 
1.311268E-01 3.487598E-02 3.603678E-01 1.605984E-01 -1.189178E+00 5.725526E-01 -1.428797E-01 1.006139E+00 2.851104E-02 2.510848E-03 4.224598E+00 9.721410E+00 
1.493504E-01 3.982760E-02 3.555633E-01 1.688616E-01 -1.435122E+00 5.494382E-01 -6.500857E-02 9.408462E-01 2.630546E-02 8.865549E-04 4.577529E+00 8.503396E+00 
1.644377E-01 1.657892E-02 3.478080E-01 1.620329E-01 -1.298594E+00 6.000000E-01 -1.288535E-01 8.214429E-01 2.800200E-02 1.945312E-03 4.256565E+00 9.210404E+00 
1.395447E-01 1.443218E-02 3.551494E-01 1.715507E-01 -1.403938E+00 5.858489E-01 -4.916705E-02 9.314442E-01 2.674567E-02 4.189431E-03 4.252056E+00 9.303810E+00 
1.935387E-01 4.920545E-03 3.457031E-01 1.736334E-01 -1.401923E+00 5.926798E-01 -1.529708E-01 9.301299E-01 2.631821E-02 1.582082E-03 4.051104E+00 8.739420E+00 
1.760389E-01 1.170452E-02 3.463055E-01 1.717952E-01 -1.494514E+00 5.202912E-01 -5.716007E-02 9.934997E-01 2.850319E-02 3.081556E-03 3.763867E+00 9.141955E+00 
2.000000E-01 1.348785E-02 3.390007E-01 1.772869E-01 -1.655235E+00 5.698710E-01 -8.914707E-02 1.092969E+00 2.580037E-02 2.849671E-03 4.347090E+00 7.092920E+00 
1.536926E-01 6.932603E-03 3.549374E-01 1.741947E-01 -1.673916E+00 5.916772E-01 -4.582415E-02 9.177853E-01 2.879767E-02 2.109298E-03 4.203320E+00 8.745584E+00 
1.691914E-01 1.224295E-03 3.585822E-01 1.763561E-01 -1.231525E+00 5.897452E-01 -1.181103E-01 8.735907E-01 2.702005E-02 1.032027E-03 3.792463E+00 7.316019E+00 
1.538079E-01 4.597685E-03 3.602648E-01 1.578277E-01 -1.329254E+00 3.435714E-01 -6.247153E-02 8.075739E-01 2.844157E-02 1.996288E-03 4.625159E+00 9.872599E+00 
1.805401E-01 4.411445E-03 3.657799E-01 1.811662E-01 -1.273725E+00 6.000000E-01 -1.668538E-01 9.761392E-01 2.997062E-02 1.479387E-03 4.279118E+00 9.624507E+00 
1.208818E-01 9.400724E-03 3.607366E-01 1.674557E-01 -1.485445E+00 5.792302E-01 -1.389957E-01 1.061320E+00 2.709455E-02 3.146912E-03 3.938504E+00 9.489597E+00 
1.562818E-01 3.977937E-03 3.695982E-01 1.746740E-01 -1.459781E+00 5.727934E-01 -1.123125E-01 9.861015E-01 2.885275E-02 8.313822E-04 4.298514E+00 9.252658E+00 
1.678762E-01 6.063943E-03 3.545313E-01 1.764188E-01 -1.550687E+00 5.687017E-01 -9.334178E-02 9.824002E-01 2.916544E-02 1.180841E-03 4.075287E+00 8.677959E+00 
1.578921E-01 2.807791E-03 3.493975E-01 1.780653E-01 -1.322875E+00 5.629919E-01 -4.073703E-02 9.173060E-01 3.017975E-02 1.563911E-03 4.260276E+00 8.308136E+00 
1.342003E-01 1.943970E-02 3.795561E-01 1.759750E-01 -1.514536E+00 5.749497E-01 -9.471791E-02 1.066055E+00 2.632530E-02 2.543810E-03 4.784385E+00 8.391681E+00 
1.657858E-01 5.793380E-03 3.561478E-01 1.702859E-01 -1.379596E+00 5.820214E-01 -1.154468E-01 9.128504E-01 2.723880E-02 6.138570E-04 4.281352E+00 8.692440E+00 
1.567529E-01 4.554179E-03 3.606823E-01 1.822740E-01 -1.483163E+00 5.649991E-01 -6.356363E-02 9.291559E-01 2.917474E-02 1.783085E-03 3.538104E+00 1.013519E+01 
1.714580E-01 3.824383E-03 3.656193E-01 1.778523E-01 -1.289075E+00 5.431750E-01 -1.366566E-01 1.002757E+00 2.934461E-02 0.000000E+00 4.310518E+00 9.538862E+00 
9.592476E-02 5.471414E-02 3.394481E-01 1.669215E-01 -1.207663E+00 5.824798E-01 -8.493566E-02 9.603647E-01 2.474880E-02 8.837010E-03 4.554618E+00 6.578497E+00 
