1.550061E-01 4.915557E-03 3.588914E-01 1.703266E-01 -1.350887E+00 5.697331E-01 -8.407875E-02 8.940852E-01 2.755999E-02 1.959774E-03 4.337370E+00 8.547849E+00 
1.546372E-01 4.153186E-02 3.394138E-01 1.722314E-01 -1.441448E+00 5.603233E-01 -6.050947E-02 9.399572E-01 2.976812E-02 6.047166E-03 4.196331E+00 8.583634E+00 
1.702951E-01 6.051829E-03 3.583653E-01 1.756458E-01 -1.438536E+00 5.986124E-01 -1.464607E-01 9.377062E-01 2.954333E-02 3.211536E-03 3.884375E+00 9.205437E+00 
8.169046E-02 3.312445E-03 3.705637E-01 1.567267E-01 -1.444220E+00 5.383102E-01 -1.079919E-01 9.588592E-01 3.179252E-02 1.575493E-03 4.429912E+00 9.873598E+00 
1.879422E-01 9.825575E-03 3.573127E-01 1.781381E-01 -1.496486E+00 5.759642E-01 -5.400514E-02 9.375183E-01 2.893817E-02 1.196431E-03 3.748662E+00 9.568121E+00 
1.428025E-01 7.118913E-03 3.396411E-01 1.696107E-01 -1.402649E+00 5.484416E-01 -1.158264E-01 8.757028E-01 2.910234E-02 1.516396E-03 4.134723E+00 9.175243E+00 
1.611645E-01 4.124292E-03 3.713525E-01 1.762250E-01 -1.483387E+00 5.923430E-01 -8.842179E-02 9.248142E-01 2.878733E-02 1.819743E-03 4.488531E+00 9.447618E+00 
1.930353E-01 1.655121E-02 3.581977E-01 1.787038E-01 -1.505870E+00 5.508614E-01 -1.440282E-01 9.207215E-01 2.865721E-02 9.185615E-03 3.811083E+00 9.245966E+00 
1.711143E-01 4.809868E-03 3.485589E-01 1.811081E-01 -1.431528E+00 5.885234E-01 -1.794670E-02 9.190815E-01 2.920791E-02 2.170126E-03 4.503492E+00 9.467478E+00 
1.389662E-01 1.121394E-02 3.270226E-01 1.712622E-01 -1.270428E+00 5.237687E-01 -7.171160E-02 9.128495E-01 3.285449E-02 3.385755E-03 3.921202E+00 1.167051E+01 
1.511390E-01 4.296742E-03 3.427017E-01 1.722036E-01 -1.614216E+00 4.210568E-01 -5.362727E-02 9.151986E-01 2.693843E-02 1.612861E-03 4.381418E+00 9.755831E+00 
1.788225E-01 1.313535E-02 3.308107E-01 1.769233E-01 -1.391622E+00 5.696561E-01 -1.279012E-01 1.132151E+00 3.025921E-02 1.495408E-03 4.213385E+00 9.315451E+00 
1.661679E-01 4.865207E-03 3.303257E-01 1.780850E-01 -1.435403E+00 5.999956E-01 -1.332634E-01 9.562927E-01 2.839539E-02 1.872053E-03 4.380934E+00 7.996783E+00 
1.838891E-01 4.423936E-03 3.470096E-01 1.784274E-01 -1.197443E+00 5.824573E-01 -5.757915E-02 6.905745E-01 2.892142E-02 2.410352E-03 4.252881E+00 9.537641E+00 
1.592114E-01 3.682596E-03 3.389182E-01 1.777004E-01 -1.637567E+00 5.909129E-01 -6.449929E-02 9.224962E-01 2.677118E-02 1.519072E-03 4.363681E+00 9.438489E+00 
1.588737E-01 4.803912E-03 3.346494E-01 1.755904E-01 -1.434991E+00 5.779946E-01 -5.977641E-02 9.682051E-01 3.163116E-02 1.405795E-03 4.271024E+00 9.096743E+00 
1.728928E-01 4.918840E-03 3.677988E-01 1.747469E-01 -1.229149E+00 5.743049E-01 -7.957761E-02 9.525037E-01 2.722692E-02 1.225263E-03 4.492577E+00 8.867794E+00 
1.634297E-01 5.132299E-03 3.390443E-01 1.762430E-01 -1.355470E+00 5.789128E-01 -8.800475E-02 8.772798E-01 3.125286E-02 1.430197E-03 4.007471E+00 9.535329E+00 
8.438808E-02 1.796883E-02 3.526336E-01 1.855738E-01 -1.423486E+00 5.359970E-01 -1.937995E-01 9.283708E-01 2.860721E-02 2.368467E-04 4.272666E+00 9.179661E+00 
1.875605E-01 1.243695E-02 3.705941E-01 1.770086E-01 -1.419693E+00 5.972551E-01 -9.296325E-02 9.590459E-01 2.729003E-02 2.187950E-03 4.799993E+00 1.055225E+01 
1.677715E-01 9.541999E-03 3.440800E-01 1.767126E-01 -1.488405E+00 5.924621E-01 -2.000000E-01 9.735945E-01 2.685868E-02 3.037893E-03 4.095169E+00 9.543675E+00 
1.597383E-01 4.355843E-03 3.488477E-01 1.741720E-01 -1.392742E+00 5.696815E-01 -5.838185E-02 9.228547E-01 2.991226E-02 1.964119E-03 4.457468E+00 9.708713E+00 
1.617997E-01 1.060281E-02 3.374325E-01 1.809007E-01 -1.373235E+00 5.896393E-01 -1.313466E-01 9.847709E-01 2.880342E-02 1.676607E-03 3.545682E+00 9.536396E+00 
1.609503E-01 5.378252E-03 3.617507E-01 1.772201E-01 -1.466564E+00 5.678320E-01 -1.567340E-01 1.050200E+00 2.802739E-02 2.074690E-03 3.932464E+00 8.618245E+00 
1.660946E-01 6.880605E-03 3.418058E-01 1.743875E-01 -1.404885E+00 5.831353E-01 -1.063100E-01 9.041021E-01 2.862793E-02 2.484941E-03 4.558226E+00 9.639390E+00 
1.858135E-01 4.521000E-03 3.538724E-01 1.804402E-01 -1.699325E+00 6.000000E-01 -1.048066E-01 9.266812E-01 2.897292E-02 1.615362E-03 4.167556E+00 1.047041E+01 
8.924358E-02 8.147959E-03 3.544630E-01 1.750550E-01 -1.277005E+00 5.913251E-01 -1.297348E-01 8.929622E-01 2.880222E-02 1.304974E-02 4.738655E+00 1.069799E+01 
1.638066E-01 2.382573E-02 3.401192E-01 1.571974E-01 -1.457918E+00 5.614765E-01 -5.214477E-02 9.739411E-01 2.854843E-02 1.556134E-03 4.266789E+00 9.265088E+00 
1.502340E-01 4.977109E-03 3.644518E-01 1.672865E-01 -1.440730E+00 5.594742E-01 -1.047240E-01 9.534417E-01 2.721677E-02 8.468697E-04 4.003599E+00 9.323124E+00 
1.699154E-01 5.252378E-03 3.506852E-01 1.792934E-01 -1.534061E+00 5.689658E-01 -1.067991E-01 9.083871E-01 3.116076E-02 1.346031E-03 3.575651E+00 8.411628E+00 
1.627987E-01 1.074733E-02 3.432155E-01 1.714466E-01 -1.449064E+00 5.907512E-01 -1.248307E-01 8.549155E-01 2.924004E-02 9.197431E-04 4.443171E+00 8.999235E+00 
1.726219E-01 5.945501E-03 3.527108E-01 1.771175E-01 -1.383232E+00 5.971562E-01 -6.997103E-02 9.239233E-01 3.008321E-02 1.735439E-03 4.480069E+00 8.972260E+00 
1.900626E-01 8.063195E-03 3.527154E-01 1.717596E-01 -1.467245E+00 5.877862E-01 -1.410218E-01 1.006587E+00 2.875659E-02 3.849321E-03 4.200935E+00 7.991224E+00 
1.741958E-01 5.792327E-03 3.444733E-01 1.740256E-01 -1.429092E+00 6.000000E-01 -1.737803E-01 1.028431E+00 2.965495E-02 1.349373E-03 4.212583E+00 9.406299E+00 
1.623383E-01 5.775114E-03 3.549355E-01 1.691544E-01 -1.414241E+00 5.810435E-01 -9.747685E-02 1.005015E+00 2.715773E-02 2.594227E-03 3.525822E+00 8.694185E+00 
1.616865E-01 7.679035E-03 3.188141E-01 1.836233E-01 -1.448788E+00 5.861852E-01 -9.157718E-02 9.356565E-01 2.877290E-02 5.836483E-04 4.013106E+00 9.228320E+00 
1.635902E-01 9.021348E-03 3.430762E-01 1.769477E-01 -1.504693E+00 5.746913E-01 -1.099712E-01 9.766910E-01 2.691740E-02 2.444340E-03 4.126263E+00 9.653620E+00 
1.739024E-01 1.060594E-02 3.525261E-01 1.750653E-01 -1.529598E+00 5.985296E-01 -1.285923E-01 9.820763E-01 2.699490E-02 1.902516E-03 4.532138E+00 9.524445E+00 
8.649560E-02 3.761847E-02 3.179574E-01 1.595365E-01 -1.284264E+00 5.952295E-01 -1.259975E-01 9.254541E-01 2.643065E-02 1.548761E-03 4.400223E+00 7.404675E+00 
1.674539E-01 5.799985E-03 3.393395E-01 1.725955E-01 -1.450053E+00 5.916293E-01 -1.289748E-01 8.991642E-01 2.994067E-02 5.291815E-04 4.092153E+00 8.097401E+00 
1.930947E-01 9.807775E-03 3.490588E-01 1.768602E-01 -1.515889E+00 5.634481E-01 -9.426480E-02 1.023275E+00 2.821490E-02 4.947134E-03 5.350976E+00 8.816757E+00 
1.809870E-01 7.734021E-03 3.412198E-01 1.733670E-01 -1.383150E+00 5.740541E-01 -1.378507E-01 8.291068E-01 2.731885E-02 3.506237E-03 4.272946E+00 9.924602E+00 
1.672251E-01 5.213245E-03 3.443715E-01 1.757301E-01 -1.488749E+00 5.743301E-01 -8.991834E-02 9.639517E-01 2.609575E-02 2.511436E-03 3.528436E+00 8.684272E+00 
1.633073E-01 1.005915E-02 3.608613E-01 1.743885E-01 -1.309667E+00 5.859392E-01 -1.132276E-01 1.048529E+00 2.570450E-02 4.617360E-04 3.753778E+00 8.429773E+00 
1.698268E-01 4.295817E-03 3.140718E-01 1.824283E-01 -1.372059E+00 5.815971E-01 -3.804280E-02 9.918965E-01 3.002953E-02 1.185192E-03 4.457342E+00 9.711375E+00 
1.495701E-01 5.590165E-03 3.486922E-01 1.735359E-01 -1.474969E+00 5.821336E-01 -1.259634E-01 9.563519E-01 2.810508E-02 2.610544E-03 4.554571E+00 8.460660E+00 
1.618507E-01 5.555605E-03 3.470599E-01 1.734961E-01 -1.459068E+00 5.882452E-01 -1.240861E-01 9.589759E-01 2.841349E-02 1.064902E-03 4.442731E+00 9.094482E+00 
1.637541E-01 6.141235E-03 3.384208E-01 1.727051E-01 -1.435908E+00 5.814840E-01 -1.019436E-01 1.008559E+00 2.954004E-02 1.630646E-03 4.483028E+00 1.034814E+01 
1.668580E-01 1.942432E-03 3.628674E-01 1.795378E-01 -1.315025E+00 5.769736E-01 -7.784037E-02 1.035897E+00 2.807502E-02 1.490679E-03 4.036048E+00 1.010568E+01 
1.770084E-01 8.001831E-03 3.777311E-01 1.784190E-01 -1.444538E+00 5.760829E-01 -1.993255E-01 8.877503E-01 3.081819E-02 3.190864E-03 4.203936E+00 7.799667E+00 
1.589542E-01 3.306975E-03 3.438179E-01 1.720624E-01 -1.494965E+00 5.954655E-01 -1.302333E-01 9.914867E-01 2.849817E-02 2.284802E-03 3.683548E+00 8.774767E+00 
1.659899E-01 4.927115E-03 3.443699E-01 1.789641E-01 -1.248110E+00 5.842411E-01 -1.148990E-01 9.443970E-01 2.458242E-02 2.571943E-03 4.042592E+00 9.100957E+00 
1.476136E-01 6.261271E-03 3.667511E-01 1.638306E-01 -1.379257E+00 4.790930E-01 -9.217186E-02 9.528816E-01 3.249466E-02 3.266572E-03 4.585510E+00 7.233268E+00 
1.772808E-01 5.051589E-03 3.752211E-01 1.811427E-01 -1.558429E+00 6.000000E-01 -7.943683E-02 8.532381E-01 2.644369E-02 5.538415E-04 3.059520E+00 8.399229E+00 
1.243033E-01 1.649625E-02 3.722403E-01 1.835624E-01 -1.376337E+00 5.844613E-01 -9.847839E-02 9.259375E-01 2.766249E-02 2.672904E-03 4.203242E+00 1.060824E+01 
5.135863E-02 2.638495E-02 3.398267E-01 1.697456E-01 -1.261579E+00 2.936469E-01 -8.888988E-02 9.946124E-01 2.932143E-02 1.866438E-03 3.581330E+00 9.613053E+00 
1.508852E-01 6.665545E-03 3.386398E-01 1.747920E-01 -1.464081E+00 5.826559E-01 -6.186198E-02 8.956865E-01 2.774829E-02 2.795418E-03 4.381030E+00 8.282200E+00 
1.660365E-01 6.109333E-03 3.452336E-01 1.655466E-01 -1.412831E+00 5.860073E-01 -1.164506E-01 9.199525E-01 2.854441E-02 1.518615E-03 4.295150E+00 9.573755E+00 
1.696303E-01 6.495167E-03 3.451128E-01 1.727657E-01 -1.100621E+00 5.861344E-01 -1.125317E-01 1.000875E+00 2.981724E-02 2.946439E-04 4.164182E+00 8.019770E+00 
1.672028E-01 6.094145E-03 3.508905E-01 1.774250E-01 -1.441034E+00 5.919424E-01 -1.143119E-01 8.919588E-01 2.998821E-02 7.124973E-04 4.095041E+00 9.218472E+00 
1.827890E-01 9.275248E-03 3.628043E-01 1.830426E-01 -1.294316E+00 5.984961E-01 -6.539724E-02 9.051713E-01 2.740486E-02 8.652164E-04 5.257280E+00 9.172861E+00 
1.756625E-01 1.000000E-04 3.561099E-01 1.773702E-01 -1.456242E+00 5.390418E-01 -1.625007E-01 1.061974E+00 2.518655E-02 1.710597E-03 4.286020E+00 8.595369E+00 
1.609835E-01 8.349691E-03 3.424037E-01 1.744717E-01 -1.392732E+00 5.596948E-01 -2.007490E-02 9.814827E-01 2.822049E-02 1.109192E-03 4.202255E+00 9.457882E+00 
1.584382E-01 9.274994E-03 3.568682E-01 1.833940E-01 -1.577435E+00 5.572676E-01 -4.707012E-02 1.027791E+00 2.507916E-02 4.945813E-03 4.452238E+00 9.481559E+00 
1.612333E-01 6.416168E-03 3.550705E-01 1.736753E-01 -1.270326E+00 5.843242E-01 -1.044086E-01 9.641621E-01 2.926127E-02 1.980003E-03 4.261779E+00 8.426830E+00 
1.347258E-01 6.304262E-03 3.549062E-01 1.692339E-01 -1.430753E+00 5.914604E-01 -9.796523E-02 9.655787E-01 2.877782E-02 3.266557E-03 3.803188E+00 1.087190E+01 
1.487145E-01 1.000000E-04 3.374491E-01 1.738441E-01 -1.637349E+00 5.755515E-01 -9.196597E-02 9.066471E-01 2.851815E-02 8.521033E-03 4.444368E+00 1.228795E+01 
1.711154E-01 5.459502E-03 3.434067E-01 1.787981E-01 -1.395104E+00 5.933736E-01 -9.844493E-02 9.219071E-01 2.991944E-02 1.607474E-03 3.994915E+00 9.372652E+00 
1.711913E-01 7.391743E-03 3.529066E-01 1.762871E-01 -1.497968E+00 5.851784E-01 -1.154680E-01 9.654037E-01 2.922234E-02 2.137372E-03 3.963120E+00 9.607112E+00 
1.791684E-01 2.309183E-02 3.713082E-01 1.660249E-01 -1.450477E+00 5.547636E-01 -1.461838E-01 9.589757E-01 2.809147E-02 5.306053E-03 4.082392E+00 9.292295E+00 
1.573456E-01 4.550588E-03 3.358867E-01 1.723639E-01 -1.631787E+00 5.707591E-01 -8.807561E-02 9.365052E-01 2.940805E-02 7.050344E-04 4.273357E+00 9.370619E+00 
1.758824E-01 4.267834E-03 3.371459E-01 1.849846E-01 -1.285810E+00 5.871462E-01 -9.258360E-02 9.319956E-01 2.776412E-02 1.714850E-03 4.026507E+00 9.349583E+00 
1.661642E-01 5.328431E-03 3.418996E-01 1.771869E-01 -1.490373E+00 5.735044E-01 -6.111624E-02 9.259636E-01 2.831623E-02 1.638931E-03 3.992626E+00 9.072734E+00 
1.650518E-01 1.069838E-02 3.371319E-01 1.679032E-01 -1.645350E+00 5.801735E-01 -1.260292E-01 9.607493E-01 2.581589E-02 2.114774E-03 4.404390E+00 9.522831E+00 
1.788669E-01 5.744904E-03 3.469481E-01 1.792707E-01 -1.398247E+00 5.889802E-01 -7.172734E-02 9.336741E-01 2.775339E-02 1.610763E-03 4.004509E+00 8.530744E+00 
1.634763E-01 6.908998E-03 3.605921E-01 1.766341E-01 -1.514064E+00 5.856794E-01 -6.115718E-02 9.270426E-01 2.757058E-02 1.100570E-03 4.206725E+00 9.742980E+00 
1.642476E-01 3.614663E-03 3.482275E-01 1.678836E-01 -1.395193E+00 5.736953E-01 -1.481043E-01 9.799069E-01 2.633373E-02 1.107351E-03 4.198560E+00 8.923459E+00 
1.619515E-01 1.000000E-04 3.433138E-01 1.768138E-01 -1.420298E+00 5.869498E-01 -7.677206E-02 9.233633E-01 2.861164E-02 1.642512E-04 4.348543E+00 9.454819E+00 
1.673315E-01 6.336930E-03 3.405327E-01 1.775242E-01 -1.472755E+00 5.408947E-01 -1.086074E-01 9.682961E-01 3.030999E-02 1.742627E-03 4.193552E+00 8.497915E+00 
1.535890E-01 6.711549E-03 3.397915E-01 1.705033E-01 -1.536261E+00 5.766849E-01 -1.425315E-01 9.327332E-01 2.660484E-02 3.488974E-03 4.271120E+00 9.581170E+00 
1.593152E-01 5.788866E-03 3.364262E-01 1.706395E-01 -1.800662E+00 5.804344E-01 -1.266746E-01 9.767054E-01 2.700711E-02 4.151443E-04 4.358781E+00 9.040812E+00 
1.690454E-01 4.567703E-03 3.349997E-01 1.824709E-01 -1.424302E+00 4.767664E-01 -1.337913E-01 9.186143E-01 2.709301E-02 1.144401E-03 4.488125E+00 9.194324E+00 
1.545293E-01 1.174663E-02 3.456565E-01 1.778166E-01 -1.496533E+00 5.847391E-01 -1.538233E-01 9.639092E-01 2.805470E-02 2.117850E-03 4.177699E+00 7.512408E+00 
1.611756E-01 9.346513E-03 3.404101E-01 1.853061E-01 -1.496585E+00 5.937461E-01 -1.457220E-01 9.511866E-01 2.891018E-02 1.125898E-03 4.361684E+00 8.546767E+00 
1.504543E-01 2.383308E-02 3.535792E-01 1.661938E-01 -1.306026E+00 5.679590E-01 -7.607037E-02 1.020036E+00 2.921427E-02 6.720289E-03 4.354263E+00 1.018486E+01 
1.550342E-01 6.183386E-03 3.604010E-01 1.715881E-01 -1.415510E+00 5.815046E-01 -1.119436E-01 9.525844E-01 2.814929E-02 1.317158E-03 4.186119E+00 9.122642E+00 
1.697547E-01 6.386524E-03 3.498964E-01 1.732929E-01 -1.817557E+00 5.650585E-01 -1.282876E-01 9.750998E-01 2.820277E-02 1.728163E-03 4.223592E+00 8.356978E+00 
1.765102E-01 6.896167E-03 3.766706E-01 1.782060E-01 -1.377900E+00 5.947638E-01 -1.688366E-01 9.789300E-01 2.875066E-02 1.589282E-03 4.527549E+00 9.355655E+00 
1.661849E-01 5.769317E-03 3.518612E-01 1.750700E-01 -1.503658E+00 5.785986E-01 -7.769580E-02 9.424115E-01 2.889957E-02 1.338547E-03 4.079806E+00 9.213104E+00 
1.620751E-01 5.812504E-03 3.728783E-01 1.775119E-01 -1.519429E+00 5.710072E-01 -1.284660E-01 9.473764E-01 3.049875E-02 1.592897E-04 4.112572E+00 8.471812E+00 
1.645866E-01 4.033858E-03 3.478131E-01 1.885371E-01 -1.269244E+00 5.908711E-01 -1.253082E-01 8.901380E-01 2.838924E-02 7.431095E-04 4.426968E+00 9.424930E+00 
1.635722E-01 4.532383E-03 3.561267E-01 1.743785E-01 -1.439523E+00 5.760363E-01 -1.014855E-01 9.491551E-01 2.838790E-02 6.231490E-04 3.793073E+00 9.298437E+00 
1.909078E-01 9.591526E-03 3.387150E-01 1.864792E-01 -1.411032E+00 5.452611E-01 -9.408988E-02 9.154931E-01 2.779067E-02 4.342947E-04 3.876363E+00 1.008604E+01 
1.667156E-01 6.526307E-03 3.471764E-01 1.768613E-01 -1.406019E+00 5.851330E-01 -1.642707E-01 9.889475E-01 2.930299E-02 1.433953E-03 4.635049E+00 8.737145E+00 
1.347643E-01 7.422499E-03 3.486297E-01 1.700983E-01 -1.365840E+00 5.758654E-01 -1.182501E-01 1.009938E+00 2.820510E-02 1.412921E-03 4.371369E+00 9.531552E+00 
1.631919E-01 5.321057E-03 3.489949E-01 1.762214E-01 -1.475401E+00 5.920447E-01 -1.056876E-01 8.146141E-01 2.635774E-02 2.834993E-03 3.957213E+00 8.746053E+00 
1.127301E-01 7.034071E-04 3.402563E-01 1.774580E-01 -1.507508E+00 5.468120E-01 -9.995734E-02 9.453438E-01 2.908966E-02 7.288679E-04 4.080951E+00 9.430861E+00 
1.526988E-01 1.078504E-02 3.390790E-01 1.690680E-01 -1.510163E+00 4.168954E-01 -9.098112E-02 1.011067E+00 2.707403E-02 3.315686E-04 4.439289E+00 1.058319E+01 
1.590513E-01 2.285780E-02 3.565211E-01 1.809064E-01 -1.525435E+00 5.930726E-01 -2.171143E-02 9.238828E-01 2.738533E-02 1.867631E-03 4.623216E+00 8.751399E+00 
1.547272E-01 5.564523E-03 3.205333E-01 1.700838E-01 -1.353238E+00 5.825727E-01 -1.093899E-01 1.105973E+00 2.854717E-02 1.808644E-03 4.124513E+00 8.797126E+00 
1.763819E-01 8.685354E-03 3.422247E-01 1.714163E-01 -1.604181E+00 5.969613E-01 -7.115086E-02 8.713394E-01 2.963259E-02 2.300551E-03 4.397323E+00 8.953654E+00 
1.454227E-01 3.308896E-02 3.362924E-01 1.615235E-01 -1.342844E+00 4.888891E-01 -1.076324E-01 9.433129E-01 2.859864E-02 1.968783E-03 4.290040E+00 1.003152E+01 
1.276044E-01 7.975890E-03 3.426244E-01 1.764479E-01 -1.379466E+00 5.882327E-01 -7.685135E-02 9.963739E-01 3.171090E-02 1.977707E-03 4.095232E+00 1.045244E+01 
1.688102E-01 3.316339E-03 3.583231E-01 1.835605E-01 -1.461177E+00 5.897505E-01 -1.224389E-01 9.772230E-01 2.919024E-02 3.196644E-03 3.831036E+00 8.355329E+00 
1.538993E-01 3.530999E-03 3.397986E-01 1.693778E-01 -1.430943E+00 5.826883E-01 -9.935526E-02 9.385402E-01 2.620352E-02 2.403436E-03 4.029002E+00 8.392820E+00 
1.692972E-01 9.300618E-03 3.578957E-01 1.872729E-01 -1.455888E+00 5.974365E-01 -1.866666E-01 9.184268E-01 2.980966E-02 7.755583E-03 4.277604E+00 7.502103E+00 
1.672729E-01 4.633678E-03 3.510048E-01 1.748271E-01 -1.510150E+00 5.892235E-01 -1.616206E-01 9.140672E-01 3.084563E-02 1.476382E-03 4.136211E+00 9.882023E+00 
1.666169E-01 4.902841E-03 3.820628E-01 1.749046E-01 -1.517140E+00 5.157903E-01 -5.323040E-02 8.997468E-01 2.868964E-02 1.299454E-03 4.285893E+00 8.901448E+00 
1.627353E-01 3.022764E-03 3.532742E-01 1.705651E-01 -1.303651E+00 5.985375E-01 -1.142677E-01 9.126216E-01 2.892520E-02 4.988516E-04 4.132993E+00 9.232929E+00 
1.676689E-01 6.222908E-03 3.569426E-01 1.804661E-01 -1.537132E+00 5.826528E-01 -1.454720E-01 9.852945E-01 2.792919E-02 1.330598E-03 3.887220E+00 8.421040E+00 
1.570890E-01 8.506259E-03 3.428522E-01 1.707319E-01 -1.480826E+00 5.756638E-01 -1.359503E-01 9.866685E-01 2.772668E-02 1.576230E-03 4.144644E+00 8.950736E+00 
1.737607E-01 8.461866E-03 3.439714E-01 1.758462E-01 -1.476032E+00 5.999172E-01 -1.604909E-01 9.981662E-01 2.882078E-02 1.895051E-03 4.197561E+00 9.179159E+00 
1.683760E-01 1.000000E-04 3.219945E-01 1.775875E-01 -1.500536E+00 5.551876E-01 -1.094588E-01 9.151477E-01 2.831794E-02 4.350647E-03 4.276212E+00 9.540008E+00 
1.656444E-01 9.337827E-03 3.456123E-01 1.758830E-01 -1.342297E+00 5.628986E-01 -7.913400E-02 9.638356E-01 2.955029E-02 1.355547E-03 4.996122E+00 9.524345E+00 
7.045452E-02 2.943120E-02 3.179058E-01 1.508786E-01 -1.280504E+00 4.178198E-01 -6.633781E-02 9.821739E-01 3.215651E-02 6.316429E-04 3.368781E+00 1.172539E+01 
1.654621E-01 6.879772E-03 3.528327E-01 1.738494E-01 -1.425040E+00 5.835837E-01 -1.559509E-01 9.606320E-01 2.506290E-02 1.973771E-03 3.855966E+00 8.560067E+00 
1.700342E-01 7.765310E-03 3.603604E-01 1.703132E-01 -1.407603E+00 5.761915E-01 -1.152318E-01 1.005375E+00 2.741764E-02 1.431788E-03 4.247907E+00 1.044378E+01 
1.546839E-01 5.818097E-02 3.618465E-01 1.667488E-01 -1.336016E+00 4.982444E-01 -1.081989E-01 9.004219E-01 2.953639E-02 1.465711E-03 4.014238E+00 8.623613E+00 
1.457141E-01 5.480308E-03 3.642267E-01 1.768722E-01 -1.440100E+00 5.685151E-01 -1.044422E-01 1.024745E+00 2.906851E-02 5.013485E-03 4.415589E+00 8.777239E+00 
1.656807E-01 6.885874E-03 3.391085E-01 1.749488E-01 -1.480366E+00 5.926993E-01 -1.559039E-01 1.017046E+00 2.761527E-02 1.150153E-03 4.010618E+00 9.331934E+00 
1.415882E-01 1.360939E-02 3.470654E-01 1.751908E-01 -1.442025E+00 5.852919E-01 -9.220370E-02 9.278017E-01 2.565082E-02 1.671621E-03 3.848369E+00 9.236749E+00 
1.632771E-01 8.445835E-03 3.291353E-01 1.767436E-01 -1.659351E+00 5.802208E-01 -8.998113E-02 9.559744E-01 2.880339E-02 1.842882E-03 4.324917E+00 8.586431E+00 
1.401955E-01 2.327551E-03 3.448727E-01 1.770368E-01 -1.224139E+00 5.636883E-01 -7.966276E-02 9.729602E-01 2.864956E-02 1.165722E-03 4.459074E+00 9.077270E+00 
1.679889E-01 6.463486E-03 3.193793E-01 1.731714E-01 -1.494607E+00 5.773556E-01 -1.109576E-01 9.096877E-01 2.984532E-02 1.967906E-03 3.966352E+00 9.141763E+00 
1.721868E-01 7.945686E-03 3.312730E-01 1.742435E-01 -1.433928E+00 5.742417E-01 -1.154715E-01 9.589335E-01 2.783853E-02 1.292408E-04 4.473267E+00 9.864396E+00 
1.511989E-01 4.235164E-02 3.466863E-01 1.693634E-01 -1.245697E+00 4.153840E-01 -1.766245E-01 1.039004E+00 2.899389E-02 3.686012E-03 3.093954E+00 9.272607E+00 
1.730939E-01 2.521014E-03 3.456636E-01 1.675263E-01 -1.284866E+00 5.902773E-01 -9.172832E-02 9.780393E-01 2.770221E-02 0.000000E+00 4.444374E+00 1.002286E+01 
1.709454E-01 4.204115E-03 3.350617E-01 1.770850E-01 -1.484328E+00 5.826946E-01 -1.216895E-01 9.452403E-01 2.718159E-02 1.126613E-03 4.303437E+00 9.732691E+00 
1.399114E-01 2.032060E-02 3.162212E-01 1.496005E-01 -1.182437E+00 5.863204E-01 -1.086803E-01 8.584387E-01 2.911015E-02 4.462977E-03 4.272382E+00 9.190339E+00 
1.598861E-01 6.048447E-03 3.476004E-01 1.797388E-01 -1.437673E+00 5.833443E-01 -7.358306E-02 9.498167E-01 2.518979E-02 1.278073E-03 4.013806E+00 9.004289E+00 
1.651436E-01 5.984238E-03 3.611113E-01 1.828331E-01 -1.674221E+00 5.951806E-01 -9.146717E-02 8.724880E-01 2.642280E-02 9.509951E-04 4.076571E+00 9.370188E+00 
1.653099E-01 7.933416E-03 3.570132E-01 1.702280E-01 -1.283580E+00 5.627497E-01 -4.592528E-02 9.242385E-01 3.081574E-02 2.390333E-03 4.252112E+00 1.019869E+01 
1.477479E-01 3.282075E-03 3.377836E-01 1.773638E-01 -1.556362E+00 5.873981E-01 -1.477600E-01 1.003535E+00 2.898997E-02 3.727339E-03 3.634936E+00 8.831439E+00 
1.535230E-01 3.746418E-03 3.515941E-01 1.768512E-01 -1.498422E+00 5.739790E-01 -1.194449E-01 9.414559E-01 2.819584E-02 2.900103E-03 3.804156E+00 8.261854E+00 
1.740228E-01 8.007484E-03 3.443019E-01 1.736438E-01 -1.447922E+00 5.903701E-01 -1.922746E-01 8.909384E-01 2.777281E-02 1.311360E-03 4.354687E+00 8.644526E+00 
1.504052E-01 4.589488E-03 3.426383E-01 1.693933E-01 -1.456250E+00 5.494986E-01 -1.278463E-01 9.404788E-01 2.614990E-02 4.926285E-03 3.794813E+00 1.146095E+01 
1.540020E-01 2.598932E-03 3.404579E-01 1.611061E-01 -1.645171E+00 5.930624E-01 -4.469179E-02 9.915019E-01 2.267456E-02 1.661038E-03 4.523371E+00 8.736604E+00 
1.673358E-01 6.034749E-03 3.814952E-01 1.728179E-01 -1.297139E+00 5.973232E-01 -1.470506E-01 9.939107E-01 3.078638E-02 3.169353E-04 4.084624E+00 8.187230E+00 
1.653348E-01 5.671941E-03 3.422494E-01 1.769506E-01 -1.531866E+00 5.678786E-01 -3.189808E-02 9.245015E-01 2.646405E-02 2.300900E-03 4.065401E+00 8.289693E+00 
1.622472E-01 7.672771E-03 3.499428E-01 1.776575E-01 -1.535978E+00 5.885933E-01 -8.718076E-02 9.002004E-01 2.847202E-02 1.434792E-03 4.251627E+00 1.022334E+01 
1.587594E-01 4.759456E-03 3.610675E-01 1.727839E-01 -1.431938E+00 5.824079E-01 -1.094488E-01 9.307845E-01 2.757204E-02 5.926886E-04 4.040370E+00 9.222882E+00 
1.572373E-01 1.149768E-02 3.303664E-01 1.756913E-01 -1.421324E+00 5.788317E-01 -1.128192E-01 9.563512E-01 2.914805E-02 1.370780E-03 5.205215E+00 9.750553E+00 
1.662434E-01 5.590524E-03 3.425443E-01 1.688623E-01 -1.448447E+00 6.000000E-01 -1.370598E-01 9.376481E-01 2.853084E-02 8.248674E-04 4.376390E+00 9.337977E+00 
1.603587E-01 5.418174E-03 3.371616E-01 1.672412E-01 -1.331654E+00 5.727529E-01 -1.179955E-01 1.040663E+00 2.764165E-02 2.648097E-03 4.198134E+00 8.424365E+00 
1.703057E-01 3.628618E-03 3.611999E-01 1.773353E-01 -1.385095E+00 5.848571E-01 -8.822162E-02 9.563677E-01 3.059998E-02 6.663510E-04 4.213381E+00 9.761860E+00 
1.613598E-01 5.571757E-03 3.407568E-01 1.766926E-01 -1.424836E+00 5.913352E-01 -1.264492E-01 9.641363E-01 2.820839E-02 1.259650E-03 4.391564E+00 8.253017E+00 
1.690625E-01 3.582711E-03 3.512747E-01 1.786156E-01 -1.381264E+00 5.616567E-01 -6.333919E-02 9.377488E-01 2.697629E-02 1.061988E-03 4.476255E+00 5.407359E+00 
1.820067E-01 3.338936E-03 3.412768E-01 1.705714E-01 -1.282819E+00 5.654760E-01 -9.340182E-02 9.513526E-01 2.417992E-02 5.990676E-03 4.100074E+00 8.712973E+00 
1.609160E-01 6.966287E-03 3.422198E-01 1.766341E-01 -1.540156E+00 5.845847E-01 -6.187000E-02 9.904832E-01 2.853373E-02 0.000000E+00 4.156117E+00 9.406165E+00 
1.463501E-01 1.426873E-02 3.609330E-01 1.721658E-01 -1.291552E+00 5.869140E-01 -4.319732E-02 9.620812E-01 2.719917E-02 2.492333E-03 4.006443E+00 8.438070E+00 
1.507408E-01 1.900518E-02 3.096014E-01 1.601415E-01 -1.491056E+00 5.559594E-01 -1.258966E-01 9.305696E-01 2.710834E-02 2.815211E-03 4.237435E+00 9.586809E+00 
1.750525E-01 7.720770E-03 3.482148E-01 1.760082E-01 -1.398656E+00 5.941420E-01 -9.562157E-02 9.344027E-01 2.734951E-02 6.179968E-04 4.187391E+00 8.505865E+00 
1.684574E-01 4.321644E-03 3.535381E-01 1.757403E-01 -1.336325E+00 5.770737E-01 -1.930499E-01 8.717677E-01 2.335052E-02 1.948398E-03 3.684330E+00 9.248696E+00 
1.616920E-01 7.963477E-03 3.574724E-01 1.707646E-01 -1.467929E+00 5.859189E-01 -1.196407E-01 1.010449E+00 2.775884E-02 3.280726E-04 4.185507E+00 8.528766E+00 
1.730419E-01 7.906940E-03 3.619171E-01 1.736378E-01 -1.315790E+00 5.754977E-01 -1.366900E-01 9.740317E-01 2.688174E-02 1.767491E-03 4.435247E+00 8.693461E+00 
2.000000E-01 5.130431E-03 3.455997E-01 1.808042E-01 -1.447937E+00 5.296592E-01 -1.638285E-01 9.425241E-01 2.996634E-02 1.581236E-03 3.930331E+00 9.476965E+00 
1.654960E-01 1.150102E-02 3.439889E-01 1.784469E-01 -1.455429E+00 5.875639E-01 -8.543607E-02 9.607160E-01 2.735775E-02 6.294807E-03 4.708565E+00 4.489508E+00 
1.739542E-01 3.223580E-03 3.438985E-01 1.810898E-01 -1.485375E+00 5.597318E-01 -9.669918E-02 9.499604E-01 2.634225E-02 1.592420E-03 4.282726E+00 8.791784E+00 
1.566253E-01 8.107890E-03 3.569140E-01 1.744977E-01 -1.549149E+00 5.930411E-01 -9.562296E-02 9.716520E-01 2.249042E-02 1.390270E-03 4.672666E+00 8.706805E+00 
1.589274E-01 2.424263E-03 3.205250E-01 1.784080E-01 -1.416892E+00 5.780002E-01 -6.854884E-02 8.764244E-01 2.835539E-02 2.577076E-03 4.040253E+00 8.748291E+00 
1.695157E-01 6.428708E-03 3.634772E-01 1.748837E-01 -1.568786E+00 5.857064E-01 -1.380526E-01 9.379166E-01 2.985150E-02 1.091214E-03 4.148579E+00 8.754226E+00 
1.664442E-01 8.205122E-03 3.509703E-01 1.746258E-01 -1.524744E+00 5.838308E-01 -1.355781E-01 8.278557E-01 2.823458E-02 1.804592E-03 4.498441E+00 8.732054E+00 
1.641810E-01 9.184373E-03 3.482035E-01 1.644226E-01 -1.479700E+00 5.530969E-01 -1.141671E-01 8.925481E-01 2.886211E-02 1.917343E-03 4.405171E+00 9.109897E+00 
1.676858E-01 4.696549E-03 3.465743E-01 1.729857E-01 -1.479806E+00 5.937906E-01 -1.370396E-01 9.277589E-01 2.983339E-02 1.544919E-03 4.107080E+00 9.116486E+00 
1.700817E-01 6.479958E-03 3.604592E-01 1.755673E-01 -1.405694E+00 5.864050E-01 -9.129901E-02 1.025495E+00 2.625289E-02 1.279815E-03 4.368918E+00 8.773742E+00 
1.779628E-01 1.125100E-02 3.391860E-01 1.809543E-01 -1.365558E+00 5.285530E-01 -9.730716E-02 7.508140E-01 2.763798E-02 8.544805E-04 4.745929E+00 9.571112E+00 
1.492226E-01 5.838944E-03 3.328119E-01 1.753924E-01 -1.386342E+00 5.983512E-01 -1.000000E-02 9.381059E-01 2.778579E-02 1.615821E-03 4.086178E+00 9.136359E+00 
1.717391E-01 8.881770E-03 3.393313E-01 1.795478E-01 -1.423172E+00 5.691307E-01 -1.127431E-01 9.350811E-01 2.800186E-02 1.135034E-03 4.692084E+00 8.821899E+00 
1.847973E-01 7.651153E-03 3.608546E-01 1.765775E-01 -1.656852E+00 5.843580E-01 -1.036503E-01 1.014053E+00 2.892460E-02 9.774072E-04 4.013241E+00 9.092386E+00 
1.385150E-01 5.768751E-03 3.346870E-01 1.735474E-01 -1.448913E+00 5.662700E-01 -1.507523E-01 9.214257E-01 3.033727E-02 1.559012E-03 4.511094E+00 8.990845E+00 
1.465704E-01 5.765053E-03 3.230072E-01 1.760319E-01 -1.543401E+00 5.547019E-01 -8.643130E-02 9.045295E-01 2.938979E-02 1.199042E-03 4.253931E+00 1.048229E+01 
1.594745E-01 5.716972E-03 3.572671E-01 1.768805E-01 -1.453164E+00 5.798269E-01 -6.167776E-02 8.704885E-01 2.778216E-02 1.686942E-03 3.805382E+00 9.105555E+00 
1.519696E-01 4.064668E-03 3.560893E-01 1.710507E-01 -1.423044E+00 5.322211E-01 -1.337003E-01 9.437306E-01 2.553400E-02 2.857304E-03 4.411391E+00 9.795679E+00 
1.717974E-01 8.687194E-03 3.786973E-01 1.732482E-01 -1.428177E+00 5.840585E-01 -1.162294E-01 8.376314E-01 2.927637E-02 1.244576E-03 3.908671E+00 8.776084E+00 
1.581197E-01 4.871335E-03 3.602747E-01 1.777114E-01 -1.603315E+00 5.320589E-01 -7.130543E-02 8.939341E-01 2.695452E-02 1.932185E-03 4.231999E+00 8.699542E+00 
1.715051E-01 6.926703E-03 3.429367E-01 1.739610E-01 -1.507589E+00 5.990313E-01 -1.420530E-01 9.463109E-01 2.958846E-02 2.913567E-04 4.613133E+00 8.676282E+00 
1.393606E-01 3.027001E-03 3.398757E-01 1.702072E-01 -1.593553E+00 5.154301E-01 -6.960968E-02 9.579019E-01 2.853777E-02 1.631073E-04 3.969372E+00 1.060129E+01 
1.645587E-01 5.703370E-03 3.415589E-01 1.711409E-01 -1.334561E+00 5.635731E-01 -7.570044E-02 9.867408E-01 2.984345E-02 4.470366E-03 4.206636E+00 9.917633E+00 
1.729888E-01 5.173346E-02 3.533771E-01 1.819099E-01 -1.427231E+00 4.364150E-01 -3.685903E-02 9.230063E-01 2.740934E-02 4.934122E-03 4.331992E+00 1.031537E+01 
1.504051E-01 5.435679E-03 3.448258E-01 1.703406E-01 -1.458877E+00 5.922145E-01 -1.088783E-01 9.844997E-01 2.958470E-02 2.541992E-03 3.654877E+00 8.247187E+00 
1.765323E-01 6.538152E-03 3.587889E-01 1.777132E-01 -1.600127E+00 5.942855E-01 -2.000000E-01 9.115357E-01 2.764709E-02 1.128964E-03 4.392890E+00 9.107346E+00 
1.634615E-01 1.416064E-02 3.131436E-01 1.680565E-01 -1.417604E+00 5.924517E-01 -6.389980E-02 9.644185E-01 3.045079E-02 1.853923E-03 3.943204E+00 9.679001E+00 
1.523902E-01 1.244780E-02 3.458258E-01 1.710584E-01 -1.487095E+00 5.538703E-01 -1.031090E-01 9.517598E-01 2.794066E-02 1.458470E-03 4.554818E+00 6.209878E+00 
1.827424E-01 6.760620E-03 3.591669E-01 1.755687E-01 -1.567706E+00 5.946973E-01 -1.986091E-01 9.370970E-01 2.962892E-02 2.196807E-03 4.344272E+00 1.002401E+01 
1.758626E-01 1.184024E-02 3.781214E-01 1.755888E-01 -1.473264E+00 5.850593E-01 -1.504703E-01 9.061843E-01 3.108220E-02 7.915277E-04 4.031089E+00 8.627692E+00 
1.650669E-01 9.836604E-03 3.732145E-01 1.826983E-01 -1.490710E+00 5.661049E-01 -1.597718E-01 9.028744E-01 2.755310E-02 2.114755E-03 4.226408E+00 6.947730E+00 
1.625647E-01 6.319316E-03 3.504740E-01 1.747469E-01 -1.449229E+00 5.923119E-01 -1.252802E-01 9.485216E-01 2.920704E-02 1.770961E-03 3.302030E+00 8.900436E+00 
1.612263E-01 6.491384E-03 3.490457E-01 1.754443E-01 -1.492993E+00 5.858891E-01 -3.336309E-02 9.703048E-01 2.793620E-02 1.771372E-03 3.859318E+00 9.742963E+00 
1.614005E-01 4.467525E-03 3.467664E-01 1.759263E-01 -1.614878E+00 5.654055E-01 -4.225003E-02 9.448674E-01 2.601626E-02 8.467045E-04 4.467167E+00 1.108868E+01 
1.731208E-01 8.524764E-03 3.697090E-01 1.759504E-01 -1.494103E+00 5.844239E-01 -1.825860E-01 1.019963E+00 2.308012E-02 6.874829E-04 4.550876E+00 8.665449E+00 
1.778748E-01 8.447180E-03 3.601323E-01 1.709315E-01 -1.165102E+00 5.633269E-01 -6.659665E-02 9.973425E-01 2.698959E-02 3.893887E-04 4.265476E+00 1.031219E+01 
1.865081E-01 6.888732E-03 3.474170E-01 1.777426E-01 -1.601072E+00 5.838346E-01 -1.455602E-01 9.638208E-01 2.811369E-02 1.831598E-03 4.427097E+00 9.032100E+00 
1.605878E-01 3.278727E-03 3.407474E-01 1.754611E-01 -1.556740E+00 5.690125E-01 -4.613912E-02 9.172808E-01 2.811080E-02 3.531994E-03 4.266128E+00 8.819966E+00 
1.389224E-01 8.204596E-04 3.589702E-01 1.785410E-01 -1.319079E+00 5.598610E-01 -1.083712E-01 9.349772E-01 3.065501E-02 1.270458E-03 3.554400E+00 7.333998E+00 
1.389125E-01 1.611580E-02 3.373043E-01 1.397133E-01 -1.430164E+00 4.411634E-01 -9.660147E-02 1.041478E+00 2.504988E-02 1.633241E-03 1.991880E+00 9.918536E+00 
1.701441E-01 4.158623E-03 3.526250E-01 1.740718E-01 -1.355705E+00 5.746898E-01 -9.629963E-02 8.602983E-01 2.640319E-02 5.426504E-04 4.335063E+00 9.486309E+00 
1.562068E-01 1.320461E-02 3.305339E-01 1.844333E-01 -1.417117E+00 5.834877E-01 -1.473276E-01 9.882075E-01 2.817051E-02 5.939090E-04 4.081062E+00 8.377556E+00 
1.425631E-01 1.000000E-04 3.491123E-01 1.890532E-01 -1.432584E+00 6.000000E-01 -1.121871E-01 9.307163E-01 2.848519E-02 6.835376E-04 4.514163E+00 7.265399E+00 
1.667505E-01 4.206045E-03 3.608943E-01 1.705269E-01 -1.300560E+00 5.916122E-01 -1.206962E-01 9.170196E-01 2.972198E-02 4.484303E-03 4.346098E+00 9.061717E+00 
1.700582E-01 6.751893E-03 3.531682E-01 1.723773E-01 -1.367390E+00 5.920791E-01 -9.810908E-02 9.450625E-01 3.200485E-02 1.489024E-03 4.083935E+00 9.127692E+00 
1.609198E-01 4.867917E-03 3.559487E-01 1.746138E-01 -1.441415E+00 5.762419E-01 -1.541338E-01 9.861923E-01 2.679274E-02 1.280205E-03 4.447222E+00 7.557816E+00 
1.702311E-01 4.824268E-03 3.339788E-01 1.724510E-01 -1.464554E+00 5.967882E-01 -1.465903E-01 9.594165E-01 2.630118E-02 1.382907E-03 3.199551E+00 9.314026E+00 
1.652609E-01 5.529862E-03 3.265420E-01 1.756197E-01 -1.378185E+00 5.791980E-01 -8.901296E-02 9.512193E-01 2.634985E-02 1.846684E-04 3.481850E+00 1.086828E+01 
1.573557E-01 4.588058E-03 3.471380E-01 1.695615E-01 -1.366121E+00 5.838164E-01 -1.085516E-01 9.623000E-01 2.805793E-02 2.099201E-03 4.104893E+00 8.439062E+00 
1.982489E-01 5.368930E-03 3.408262E-01 1.805129E-01 -1.414183E+00 5.806001E-01 -8.580378E-02 8.771266E-01 2.866168E-02 2.098526E-03 3.839877E+00 9.698180E+00 
1.573211E-01 2.811172E-02 3.513995E-01 1.736233E-01 -1.520752E+00 4.010475E-01 -8.551662E-02 1.077601E+00 3.111943E-02 6.289040E-03 3.953369E+00 8.639467E+00 
1.644724E-01 6.456383E-03 3.400862E-01 1.745625E-01 -1.445352E+00 5.899184E-01 -1.422306E-01 9.754928E-01 2.810476E-02 1.286287E-03 4.776461E+00 9.230142E+00 
1.781310E-01 3.928440E-03 3.459898E-01 1.794281E-01 -1.621237E+00 5.701945E-01 -1.014359E-01 8.906482E-01 3.184227E-02 1.774062E-03 3.599419E+00 8.925149E+00 
1.648627E-01 5.600951E-03 3.624596E-01 1.771662E-01 -1.437044E+00 5.916394E-01 -1.351791E-01 9.323298E-01 2.805197E-02 1.026708E-04 4.307748E+00 8.103194E+00 
1.437662E-01 1.280798E-02 3.508122E-01 1.802832E-01 -1.289534E+00 5.877762E-01 -1.242555E-01 9.641393E-01 3.089161E-02 1.890897E-02 4.958944E+00 2.213144E+00 
1.512201E-01 4.734071E-03 3.804109E-01 1.787639E-01 -1.468055E+00 4.328105E-01 -1.000000E-02 9.763359E-01 2.864410E-02 1.149095E-02 4.226474E+00 8.281233E+00 
1.664361E-01 5.756121E-03 3.328535E-01 1.729128E-01 -1.389204E+00 5.711815E-01 -1.155713E-01 9.656059E-01 2.798974E-02 1.724616E-03 3.883701E+00 9.057314E+00 
1.920283E-01 4.789882E-03 3.687574E-01 1.813974E-01 -1.400001E+00 5.452537E-01 -9.504810E-02 9.400891E-01 2.797278E-02 3.911483E-04 4.246736E+00 7.221858E+00 
1.664000E-01 5.821122E-03 3.452434E-01 1.751252E-01 -1.439596E+00 6.000000E-01 -1.713841E-01 9.387332E-01 2.760055E-02 1.576566E-03 4.325919E+00 9.936571E+00 
1.554244E-01 9.373031E-03 3.535679E-01 1.808560E-01 -1.235665E+00 5.925088E-01 -1.115052E-01 9.655921E-01 2.977663E-02 7.212627E-03 4.119947E+00 1.153856E+01 
1.524231E-01 5.030545E-03 3.407902E-01 1.725491E-01 -1.435998E+00 5.523379E-01 -5.359811E-02 9.738314E-01 2.740649E-02 2.689238E-03 4.192556E+00 1.041561E+01 
1.719784E-01 9.764962E-03 3.533274E-01 1.776741E-01 -1.526208E+00 5.780033E-01 -1.755511E-01 9.530381E-01 2.890829E-02 2.519344E-03 4.294366E+00 9.688182E+00 
1.567079E-01 7.125368E-03 3.638592E-01 1.788906E-01 -1.297149E+00 5.523850E-01 -9.102124E-02 1.019059E+00 3.011166E-02 1.942150E-03 4.464469E+00 1.082346E+01 
1.600591E-01 6.210048E-03 3.479528E-01 1.693272E-01 -1.426645E+00 6.000000E-01 -1.360836E-01 9.115672E-01 3.076667E-02 1.305725E-03 3.695306E+00 8.373425E+00 
1.570689E-01 7.795287E-03 3.546978E-01 1.739787E-01 -1.520719E+00 5.905699E-01 -7.933990E-02 9.212003E-01 2.643236E-02 1.145837E-03 4.046516E+00 8.320194E+00 
1.655622E-01 6.528730E-03 3.519259E-01 1.749785E-01 -1.449010E+00 5.846228E-01 -9.459083E-02 9.293577E-01 3.001688E-02 8.601665E-04 3.889118E+00 7.875673E+00 
1.519905E-01 1.946062E-03 3.526396E-01 1.720851E-01 -1.525999E+00 5.716317E-01 -8.651376E-02 8.871061E-01 2.857300E-02 5.579200E-03 4.062668E+00 8.646576E+00 
1.531684E-01 4.618333E-03 3.651502E-01 1.760332E-01 -1.309457E+00 5.860032E-01 -1.061259E-01 9.472556E-01 2.778711E-02 8.976679E-04 4.147678E+00 1.010814E+01 
1.772662E-01 7.279961E-03 3.381789E-01 1.786219E-01 -1.374429E+00 5.866107E-01 -1.157556E-01 9.491964E-01 2.834889E-02 3.071339E-03 4.399457E+00 8.820569E+00 
1.532699E-01 1.096691E-02 3.365279E-01 1.682651E-01 -1.383098E+00 5.845705E-01 -1.148156E-01 1.018753E+00 2.934553E-02 1.620750E-03 4.193665E+00 9.473609E+00 
1.776321E-01 5.536268E-03 3.604537E-01 1.771910E-01 -1.452632E+00 5.785928E-01 -1.397676E-01 9.157771E-01 2.866006E-02 3.876961E-03 4.702243E+00 9.528642E+00 
1.589373E-01 4.070425E-03 3.500793E-01 1.750035E-01 -1.352889E+00 5.814463E-01 -1.371181E-01 1.078492E+00 2.822681E-02 4.544181E-03 4.135615E+00 9.145890E+00 
1.804992E-01 1.626220E-02 3.558394E-01 1.870119E-01 -1.358474E+00 5.987267E-01 -1.281613E-01 8.924965E-01 2.726686E-02 2.584710E-04 4.489096E+00 9.465982E+00 
1.738375E-01 1.563391E-02 3.635390E-01 1.755992E-01 -1.487784E+00 5.829146E-01 -1.814087E-01 9.192901E-01 3.005502E-02 1.924593E-03 4.062404E+00 8.580725E+00 
1.711082E-01 3.396333E-03 3.395839E-01 1.809249E-01 -1.398204E+00 5.929134E-01 -1.504830E-01 9.716367E-01 2.847843E-02 1.674486E-03 4.497157E+00 7.859396E+00 
1.618305E-01 5.048327E-03 3.451238E-01 1.736544E-01 -1.437483E+00 5.949097E-01 -1.502005E-01 9.920485E-01 2.701490E-02 1.605782E-03 4.256481E+00 7.931248E+00 
1.873286E-01 1.053903E-02 3.236205E-01 1.913151E-01 -1.344958E+00 5.461375E-01 -9.840631E-02 1.001257E+00 3.227668E-02 4.641276E-04 3.930250E+00 1.134338E+01 
1.621451E-01 1.110504E-02 3.455263E-01 1.775787E-01 -1.458040E+00 5.666905E-01 -5.760173E-02 8.982096E-01 3.102029E-02 6.217689E-03 4.001315E+00 8.559829E+00 
1.474861E-01 5.606143E-03 3.479168E-01 1.699380E-01 -1.392836E+00 5.880771E-01 -1.398220E-01 9.427928E-01 2.758139E-02 2.053847E-03 4.316369E+00 9.713882E+00 
1.891526E-01 1.561480E-02 3.530661E-01 1.906536E-01 -1.316603E+00 5.714089E-01 -1.234373E-01 9.104435E-01 2.780857E-02 6.893299E-04 3.898455E+00 9.367700E+00 
1.728782E-01 6.068723E-03 3.621159E-01 1.783763E-01 -1.244765E+00 5.847884E-01 -1.154094E-01 8.886246E-01 2.801142E-02 7.602454E-04 4.231130E+00 8.251532E+00 
1.576204E-01 7.484020E-03 3.644303E-01 1.740702E-01 -1.498261E+00 5.855541E-01 -1.049082E-01 9.086283E-01 2.795776E-02 1.301145E-03 3.940540E+00 8.191947E+00 
1.181005E-01 3.983431E-02 3.422773E-01 1.761785E-01 -1.382122E+00 5.551427E-01 -5.597081E-02 8.794476E-01 3.223550E-02 3.185969E-03 4.427206E+00 8.850270E+00 
1.631686E-01 3.190780E-03 3.516816E-01 1.766007E-01 -1.371816E+00 5.969134E-01 -7.917171E-02 9.243928E-01 2.942701E-02 1.831491E-03 4.331520E+00 8.500718E+00 
1.705659E-01 6.414231E-03 3.503609E-01 1.718725E-01 -1.442116E+00 5.879904E-01 -1.737911E-01 1.044119E+00 2.973180E-02 2.212585E-03 4.534434E+00 8.638503E+00 
1.640768E-01 5.065458E-03 3.382221E-01 1.722387E-01 -1.569452E+00 5.701838E-01 -1.075089E-01 9.470586E-01 2.873270E-02 1.291693E-03 4.111439E+00 9.172231E+00 
1.534497E-01 3.595235E-03 3.490061E-01 1.772513E-01 -1.591082E+00 5.476446E-01 -5.710065E-02 9.670303E-01 2.995407E-02 4.202278E-03 3.617696E+00 7.833942E+00 
1.593262E-01 1.035237E-02 3.739299E-01 1.732089E-01 -1.446735E+00 5.749229E-01 -2.233235E-02 9.288586E-01 2.670420E-02 9.647378E-04 3.888986E+00 9.275013E+00 
1.560559E-01 4.579864E-03 3.396510E-01 1.783501E-01 -1.497662E+00 5.453868E-01 -4.877326E-02 9.748441E-01 2.951687E-02 1.649267E-03 4.419042E+00 8.682903E+00 
1.714528E-01 9.272691E-03 3.311404E-01 1.774782E-01 -1.529739E+00 5.730982E-01 -8.300369E-02 9.681974E-01 2.770679E-02 1.280375E-03 4.070889E+00 8.048222E+00 
1.672644E-01 2.828634E-03 3.602764E-01 1.679021E-01 -1.372312E+00 5.757200E-01 -1.241680E-01 9.433339E-01 2.932710E-02 2.569902E-03 4.411643E+00 9.065632E+00 
1.580003E-01 6.680913E-03 3.344609E-01 1.739209E-01 -1.487865E+00 5.810173E-01 -1.632401E-01 1.041801E+00 2.782928E-02 1.214061E-03 4.096052E+00 8.241427E+00 
1.704530E-01 6.083272E-03 3.484161E-01 1.822397E-01 -1.409159E+00 5.913468E-01 -8.427232E-02 9.539984E-01 2.839337E-02 7.357397E-04 4.511101E+00 8.766453E+00 
1.755960E-01 5.731581E-03 3.361784E-01 1.749064E-01 -1.570282E+00 5.596454E-01 -1.306368E-01 9.086728E-01 3.173675E-02 1.132423E-03 3.858100E+00 8.316172E+00 
1.608076E-01 5.327568E-03 3.325753E-01 1.744352E-01 -1.423365E+00 5.720453E-01 -1.001196E-01 9.260865E-01 2.824407E-02 2.360326E-04 4.240794E+00 9.442984E+00 
1.604476E-01 2.316228E-02 3.394530E-01 1.687413E-01 -1.398059E+00 5.038379E-01 -2.399454E-02 1.000089E+00 3.318169E-02 7.402252E-04 4.021166E+00 1.153599E+01 
1.616961E-01 7.788750E-03 3.524979E-01 1.759952E-01 -1.406470E+00 5.691457E-01 -1.096029E-01 9.754429E-01 2.768361E-02 5.281173E-04 4.509385E+00 8.583091E+00 
1.331895E-01 1.065075E-02 3.494397E-01 1.763715E-01 -1.350466E+00 5.402522E-01 -2.000000E-01 8.828160E-01 3.008711E-02 2.064656E-03 3.700648E+00 9.384192E+00 
1.788542E-01 4.330129E-03 3.327793E-01 1.695600E-01 -1.417833E+00 5.879362E-01 -1.635014E-01 9.582880E-01 2.870349E-02 9.621386E-04 4.435201E+00 8.013899E+00 
1.737790E-01 5.435632E-03 3.727770E-01 1.899321E-01 -1.617183E+00 5.878028E-01 -1.336891E-02 7.999510E-01 2.726463E-02 2.424690E-03 4.185379E+00 9.749224E+00 
1.584693E-01 3.771092E-03 3.503158E-01 1.763357E-01 -1.426848E+00 5.675076E-01 -9.792471E-02 9.251062E-01 3.016956E-02 3.962768E-04 3.752275E+00 9.058294E+00 
1.500910E-01 9.248053E-03 3.491170E-01 1.772492E-01 -1.432136E+00 5.535999E-01 -7.615234E-02 9.788513E-01 2.525810E-02 9.493887E-04 4.254395E+00 1.009538E+01 
1.380559E-01 8.830678E-03 3.566744E-01 1.558488E-01 -1.261439E+00 5.945959E-01 -1.272488E-01 9.579867E-01 3.116288E-02 2.816195E-03 4.457173E+00 9.067613E-01 
1.515950E-01 5.431610E-03 3.410285E-01 1.687356E-01 -1.369316E+00 5.905090E-01 -1.030670E-01 9.606557E-01 2.429190E-02 2.773598E-03 4.427214E+00 9.361644E+00 
1.621266E-01 2.933362E-03 3.214798E-01 1.764181E-01 -1.310370E+00 5.828525E-01 -1.576604E-01 9.509659E-01 3.141233E-02 5.627646E-04 4.124315E+00 9.109852E+00 
1.343316E-01 7.307428E-03 3.490988E-01 1.839014E-01 -1.617647E+00 6.000000E-01 -1.338082E-01 9.462739E-01 2.799724E-02 7.690588E-03 4.594304E+00 9.927800E-01 
1.683105E-01 8.562058E-03 3.484522E-01 1.787813E-01 -1.428052E+00 5.910381E-01 -1.335828E-01 9.693196E-01 2.925919E-02 1.450556E-03 4.474328E+00 9.126486E+00 
1.701119E-01 8.561267E-03 3.414989E-01 1.789973E-01 -1.407479E+00 5.901954E-01 -1.317861E-01 8.947193E-01 2.616820E-02 1.769205E-03 3.193730E+00 9.699018E+00 
1.632597E-01 6.045208E-03 3.484204E-01 1.688111E-01 -1.378370E+00 5.830343E-01 -1.160655E-01 9.364536E-01 2.775368E-02 2.804447E-03 4.011271E+00 1.082503E+01 
1.602932E-01 3.222831E-03 3.599060E-01 1.771183E-01 -1.502022E+00 5.991704E-01 -1.063975E-01 9.701369E-01 2.881919E-02 0.000000E+00 4.216602E+00 9.795390E+00 
1.587350E-01 1.732169E-03 3.442959E-01 1.761900E-01 -1.375359E+00 4.192682E-01 -4.937637E-02 9.012462E-01 3.154414E-02 3.612792E-03 4.217041E+00 9.327397E+00 
1.551125E-01 4.972755E-03 3.634227E-01 1.710058E-01 -1.477232E+00 5.689561E-01 -1.046047E-01 9.443057E-01 2.781476E-02 2.716255E-03 4.353751E+00 8.907551E+00 
1.629629E-01 9.428143E-03 3.332919E-01 1.760893E-01 -1.553048E+00 5.819800E-01 -8.730138E-02 9.947263E-01 2.867737E-02 1.400138E-03 4.610820E+00 7.711836E+00 
1.605102E-01 5.880021E-03 3.507217E-01 1.739903E-01 -1.516404E+00 5.284917E-01 -9.902827E-02 9.701250E-01 2.764814E-02 5.550316E-03 3.948826E+00 8.466379E+00 
1.757376E-01 7.560316E-03 3.528289E-01 1.797859E-01 -1.455846E+00 5.826566E-01 -1.237806E-01 9.218759E-01 2.766619E-02 9.435592E-04 4.219654E+00 8.611475E+00 
1.584599E-01 6.494998E-03 3.429553E-01 1.799802E-01 -1.435843E+00 5.823861E-01 -7.481851E-02 9.606294E-01 2.931586E-02 9.517470E-04 4.208521E+00 8.781812E+00 
1.589356E-01 6.312660E-03 3.666547E-01 1.716828E-01 -1.618625E+00 5.967097E-01 -1.863741E-01 9.836757E-01 3.182078E-02 1.831259E-03 4.176931E+00 8.305005E+00 
1.683355E-01 6.677423E-03 3.444826E-01 1.745950E-01 -1.496128E+00 5.899550E-01 -1.715020E-01 8.653034E-01 2.642161E-02 1.252910E-03 4.786522E+00 8.358492E+00 
1.705551E-01 5.623933E-03 3.528551E-01 1.693728E-01 -1.442163E+00 5.905189E-01 -1.118454E-01 9.453290E-01 2.925531E-02 5.919210E-04 4.000023E+00 1.037745E+01 
1.471971E-01 3.783078E-03 3.590282E-01 1.779398E-01 -1.430845E+00 5.913658E-01 -1.420264E-01 9.028142E-01 2.919349E-02 2.024201E-03 4.795001E+00 1.067078E+01 
8.300113E-02 1.175018E-02 3.446408E-01 1.727558E-01 -1.376930E+00 5.707034E-01 -1.043480E-01 9.541938E-01 2.827722E-02 7.245012E-03 4.749710E+00 7.985780E+00 
1.578240E-01 9.591194E-03 3.520828E-01 1.771418E-01 -1.578491E+00 5.927432E-01 -2.000000E-01 9.635434E-01 2.855022E-02 5.363177E-03 4.053382E+00 9.567938E+00 
1.753107E-01 1.000000E-04 3.669264E-01 1.768171E-01 -1.394273E+00 5.791024E-01 -9.863046E-02 8.858728E-01 2.751216E-02 2.054856E-03 4.342749E+00 8.220788E+00 
1.772511E-01 9.556489E-03 3.378772E-01 1.761909E-01 -1.423810E+00 5.902040E-01 -1.707963E-01 9.244842E-01 2.928895E-02 1.571688E-03 4.222317E+00 8.653301E+00 
1.653954E-01 6.594131E-03 3.563909E-01 1.823970E-01 -1.496919E+00 5.808840E-01 -1.243246E-01 9.609826E-01 2.847695E-02 2.343503E-03 4.101442E+00 9.692809E+00 
1.666035E-01 8.153418E-03 3.442226E-01 1.790595E-01 -1.523989E+00 5.748460E-01 -1.008360E-01 9.725789E-01 2.909262E-02 6.623112E-04 4.113386E+00 9.332279E+00 
1.568745E-01 5.473394E-03 3.308800E-01 1.729967E-01 -1.336935E+00 4.868710E-01 -5.173211E-02 1.027367E+00 2.883901E-02 1.714252E-03 4.645102E+00 1.000048E+01 
1.773551E-01 6.852050E-03 3.398152E-01 1.778068E-01 -1.431212E+00 5.918552E-01 -1.692987E-01 9.587550E-01 2.767308E-02 1.285107E-03 3.877925E+00 9.182004E+00 
1.747687E-01 8.159951E-03 3.518254E-01 1.768010E-01 -1.391794E+00 5.765149E-01 -1.272557E-01 9.045738E-01 2.918389E-02 5.323415E-04 4.822538E+00 8.838800E+00 
1.599508E-01 5.700981E-03 3.420747E-01 1.757700E-01 -1.495134E+00 5.903256E-01 -8.441493E-02 9.276113E-01 2.593618E-02 1.828326E-04 4.173831E+00 9.464154E+00 
1.636587E-01 5.661083E-03 3.258189E-01 1.750776E-01 -1.377797E+00 5.839941E-01 -1.325191E-01 9.783384E-01 2.766292E-02 1.683982E-03 4.155401E+00 8.673431E+00 
1.780389E-01 6.717807E-03 3.321557E-01 1.781409E-01 -1.423468E+00 5.831818E-01 -9.838660E-02 9.751754E-01 2.964488E-02 1.640073E-03 4.125803E+00 1.006487E+01 
1.566547E-01 5.032060E-03 3.514453E-01 1.747016E-01 -1.378945E+00 5.984709E-01 -8.297392E-02 9.147873E-01 2.828067E-02 2.086301E-03 4.237939E+00 9.571687E+00 
1.651918E-01 6.987670E-03 3.506960E-01 1.724666E-01 -1.432029E+00 5.865276E-01 -1.745380E-01 9.739696E-01 2.722977E-02 1.686167E-03 4.391029E+00 9.288870E+00 
1.919757E-01 5.415217E-03 3.621132E-01 1.793510E-01 -1.438509E+00 5.694889E-01 -1.558206E-01 9.377415E-01 2.894005E-02 1.962620E-03 4.402446E+00 8.804248E+00 
1.684713E-01 8.008202E-03 3.473545E-01 1.793460E-01 -1.477652E+00 5.525390E-01 -1.901440E-01 9.212962E-01 3.132359E-02 2.609595E-03 4.141412E+00 8.709490E+00 
1.645946E-01 6.867466E-03 3.268300E-01 1.748768E-01 -1.475043E+00 5.818135E-01 -1.055374E-01 1.015267E+00 2.805323E-02 1.055898E-03 4.793960E+00 8.706660E+00 
1.607800E-01 4.544135E-03 3.454783E-01 1.669262E-01 -1.373957E+00 5.627523E-01 -1.476903E-01 9.398654E-01 2.667344E-02 2.753038E-03 3.731891E+00 9.727672E+00 
1.767601E-01 7.660162E-03 3.572707E-01 1.761795E-01 -1.265191E+00 5.804216E-01 -7.558963E-02 9.558137E-01 2.661173E-02 2.053626E-03 4.329665E+00 8.781889E+00 
1.844055E-01 4.019002E-03 3.602027E-01 1.734784E-01 -1.460602E+00 5.822265E-01 -1.169387E-01 8.953103E-01 2.743877E-02 2.322480E-03 4.894954E+00 8.206191E+00 
1.681015E-01 5.464624E-03 3.514225E-01 1.828663E-01 -1.358170E+00 5.866277E-01 -1.431157E-01 9.085544E-01 3.121590E-02 2.340101E-03 4.421384E+00 9.083943E+00 
1.604451E-01 5.722122E-03 3.576957E-01 1.802824E-01 -1.476308E+00 5.867827E-01 -8.411429E-02 9.999502E-01 2.797151E-02 1.845966E-03 4.514823E+00 9.259311E+00 
1.682185E-01 5.860317E-03 3.479159E-01 1.717708E-01 -1.478806E+00 5.750247E-01 -8.479177E-02 9.515703E-01 2.927622E-02 0.000000E+00 4.110268E+00 8.689234E+00 
1.578666E-01 2.251463E-02 3.354238E-01 1.846839E-01 -1.461997E+00 6.000000E-01 -1.360289E-01 1.002794E+00 2.747333E-02 7.112140E-03 4.497786E+00 4.508597E+00 
1.444564E-01 2.680684E-02 3.652895E-01 1.620421E-01 -1.298838E+00 5.592511E-01 -9.366313E-02 1.039324E+00 2.813862E-02 5.417434E-03 4.436792E+00 7.351674E+00 
1.634376E-01 6.448456E-03 3.665139E-01 1.705129E-01 -1.324095E+00 5.779240E-01 -1.058293E-01 9.153044E-01 2.876511E-02 3.869798E-03 4.625695E+00 8.972910E+00 
1.650000E-01 8.182490E-03 3.563553E-01 1.722452E-01 -1.539500E+00 5.826825E-01 -1.237124E-01 1.129223E+00 3.303387E-02 1.811842E-03 3.887858E+00 9.863145E+00 
1.701802E-01 7.303854E-03 3.658884E-01 1.816478E-01 -1.337781E+00 5.781619E-01 -1.378719E-01 9.309875E-01 2.886025E-02 2.776710E-03 4.745542E+00 9.600961E+00 
1.854800E-01 5.556728E-02 3.358829E-01 1.725597E-01 -1.426953E+00 5.726387E-01 -5.664705E-02 9.269296E-01 3.052816E-02 4.014491E-03 4.411428E+00 8.115680E+00 
1.614634E-01 1.430252E-03 3.399649E-01 1.800861E-01 -1.397307E+00 5.670106E-01 -1.210241E-01 9.239560E-01 2.981749E-02 2.436908E-03 4.437512E+00 9.513743E+00 
1.493601E-01 1.000000E-04 3.289214E-01 1.744969E-01 -1.493202E+00 5.377931E-01 -1.499424E-01 9.214900E-01 2.805512E-02 4.953128E-03 4.026701E+00 8.693117E+00 
1.624771E-01 4.584409E-03 3.492946E-01 1.739877E-01 -1.463224E+00 5.761789E-01 -9.154382E-02 9.445131E-01 2.843959E-02 2.466126E-03 4.488718E+00 9.776395E+00 
1.650961E-01 5.423723E-03 3.562386E-01 1.850992E-01 -1.410863E+00 5.887056E-01 -8.374240E-02 9.246588E-01 2.711629E-02 1.206543E-03 4.028063E+00 8.227249E+00 
1.622173E-01 4.996013E-03 3.490728E-01 1.774297E-01 -1.371682E+00 5.825018E-01 -1.180152E-01 8.375814E-01 2.765021E-02 8.351219E-04 4.141657E+00 1.047273E+01 
1.730638E-01 7.863799E-03 3.570995E-01 1.686382E-01 -1.414914E+00 5.744627E-01 -1.336891E-01 9.438901E-01 2.850817E-02 3.201807E-03 4.440521E+00 9.380251E+00 
1.691809E-01 3.831400E-03 3.479051E-01 1.775572E-01 -1.491970E+00 5.104713E-01 -9.013253E-02 9.970305E-01 3.141534E-02 1.639499E-03 4.384621E+00 7.646186E+00 
1.700532E-01 6.919806E-03 3.393258E-01 1.813794E-01 -1.389136E+00 5.956994E-01 -6.952011E-02 9.608337E-01 2.692600E-02 1.585887E-03 4.138828E+00 8.832156E+00 
1.561133E-01 2.674861E-03 3.557643E-01 1.696648E-01 -1.400584E+00 5.691172E-01 -1.821844E-01 9.014883E-01 2.835178E-02 1.141422E-03 4.407409E+00 7.220968E+00 
1.651123E-01 5.145255E-03 3.564155E-01 1.739913E-01 -1.432256E+00 5.839932E-01 -9.935363E-02 9.523765E-01 2.800622E-02 2.004934E-03 4.324066E+00 8.839092E+00 
1.796931E-01 2.868529E-03 3.611442E-01 1.814058E-01 -1.553463E+00 5.921775E-01 -6.390765E-02 9.402605E-01 2.844842E-02 3.170896E-04 4.485940E+00 8.762580E+00 
1.209027E-01 3.210181E-02 3.814513E-01 1.517652E-01 -1.426472E+00 2.593059E-01 -3.948227E-02 9.633153E-01 3.317564E-02 5.949179E-03 3.436912E+00 1.148701E+01 
1.426732E-01 4.502918E-03 3.317390E-01 1.732798E-01 -1.303074E+00 5.735750E-01 -1.038356E-01 9.218316E-01 2.709225E-02 2.481285E-03 4.652602E+00 9.805171E+00 
1.701266E-01 4.568933E-03 3.503838E-01 1.769125E-01 -1.410467E+00 5.591086E-01 -8.132565E-02 9.018735E-01 2.954752E-02 1.293212E-03 4.081610E+00 9.427317E+00 
1.688318E-01 1.296956E-03 3.552953E-01 1.804952E-01 -1.449926E+00 5.783619E-01 -1.068421E-01 8.914610E-01 2.930666E-02 1.228556E-03 4.402072E+00 9.025660E+00 
1.769698E-01 1.618134E-02 3.484823E-01 1.667475E-01 -1.405550E+00 5.864586E-01 -8.429432E-02 1.001325E+00 2.788507E-02 1.024519E-03 4.331006E+00 1.029266E+01 
1.851816E-01 9.015073E-03 3.478587E-01 1.651031E-01 -1.501418E+00 5.581226E-01 -9.903084E-02 9.539452E-01 2.924510E-02 4.399792E-03 4.325004E+00 8.191779E+00 
1.667432E-01 5.626124E-03 3.783444E-01 1.709264E-01 -1.325571E+00 5.779453E-01 -1.421125E-01 9.492331E-01 3.032497E-02 0.000000E+00 4.351742E+00 7.730426E+00 
1.721114E-01 3.666798E-03 3.552022E-01 1.800209E-01 -1.449768E+00 5.772312E-01 -1.238631E-01 8.417740E-01 3.085778E-02 2.600001E-03 4.518698E+00 9.169542E+00 
1.762345E-01 9.122578E-03 3.445770E-01 1.807467E-01 -1.332133E+00 5.783718E-01 -1.198861E-01 1.004316E+00 2.980611E-02 2.689505E-03 3.911490E+00 9.673799E+00 
1.557099E-01 7.472148E-03 3.507162E-01 1.735340E-01 -1.311518E+00 5.537325E-01 -9.433160E-02 9.441360E-01 2.989361E-02 3.832200E-03 4.810514E+00 8.692329E+00 
1.506160E-01 6.330622E-03 3.482691E-01 1.749675E-01 -1.464987E+00 5.608323E-01 -2.713736E-02 9.849606E-01 2.999548E-02 7.457974E-04 4.199078E+00 9.642851E+00 
1.759403E-01 8.437731E-03 3.541221E-01 1.913694E-01 -1.437865E+00 5.349818E-01 -6.205234E-02 9.937673E-01 3.014539E-02 3.831899E-03 4.261467E+00 9.699914E+00 
1.535954E-01 9.144154E-03 3.307899E-01 1.762145E-01 -1.367543E+00 5.931469E-01 -1.793071E-01 9.055950E-01 2.841321E-02 1.168356E-03 4.445192E+00 9.353046E+00 
1.364712E-01 4.296125E-02 3.298304E-01 1.828253E-01 -1.213304E+00 4.537786E-01 -1.030295E-01 9.992494E-01 2.750388E-02 7.014241E-03 3.312942E+00 1.025789E+01 
4.046609E-02 3.332374E-02 3.108391E-01 1.557739E-01 -1.363319E+00 4.973039E-01 -4.138314E-02 8.615379E-01 3.389129E-02 8.886056E-04 3.437873E+00 1.251961E+01 
1.636545E-01 5.021390E-03 3.623252E-01 1.748230E-01 -1.585540E+00 5.717459E-01 -9.751396E-02 9.736835E-01 2.967394E-02 7.573256E-04 3.533203E+00 8.763212E+00 
1.449456E-01 1.599026E-02 3.616923E-01 1.741938E-01 -1.487352E+00 5.366336E-01 -1.936577E-01 9.690797E-01 2.746605E-02 3.388837E-03 4.278773E+00 9.656825E+00 
1.834526E-01 3.180589E-03 3.492166E-01 1.725962E-01 -1.503269E+00 6.000000E-01 -1.260048E-01 9.202871E-01 3.042861E-02 3.433195E-03 4.394962E+00 8.735726E+00 
1.595266E-01 4.925568E-03 3.348702E-01 1.670299E-01 -1.385732E+00 5.385146E-01 -1.287115E-01 9.729406E-01 2.978842E-02 2.293056E-03 3.242126E+00 1.012657E+01 
1.713043E-01 1.306713E-02 3.562526E-01 1.716181E-01 -1.460255E+00 5.263663E-01 -1.173865E-01 9.415859E-01 2.845692E-02 1.256364E-03 4.204109E+00 9.109120E+00 
1.614073E-01 5.397685E-03 3.404915E-01 1.753189E-01 -1.496872E+00 5.534930E-01 -9.643163E-02 9.407494E-01 2.768211E-02 1.123594E-03 4.363525E+00 1.047991E+01 
1.772180E-01 8.343533E-03 3.483955E-01 1.808603E-01 -1.524993E+00 5.713021E-01 -5.598304E-02 9.023356E-01 3.082206E-02 5.477114E-04 3.954837E+00 7.345954E+00 
1.686748E-01 7.897200E-03 3.432476E-01 1.792064E-01 -1.470406E+00 5.972982E-01 -1.011555E-01 8.990796E-01 2.974276E-02 1.445591E-03 4.607011E+00 7.584284E+00 
1.559310E-01 4.766886E-03 3.518922E-01 1.780497E-01 -1.380801E+00 5.963794E-01 -8.009758E-02 9.501076E-01 2.937244E-02 2.036242E-03 4.871232E+00 7.955385E+00 
1.572405E-01 1.208896E-02 3.436577E-01 1.691398E-01 -1.388983E+00 5.145284E-01 -4.683577E-02 9.657709E-01 2.713437E-02 4.862902E-03 3.391475E+00 8.697283E+00 
1.663646E-01 4.636530E-03 3.564625E-01 1.764736E-01 -1.429198E+00 5.823111E-01 -9.246675E-02 9.222754E-01 2.853978E-02 1.031856E-03 4.747017E+00 9.941869E+00 
1.852982E-01 9.346706E-03 3.552877E-01 1.731541E-01 -1.398252E+00 5.910711E-01 -1.718748E-01 9.281647E-01 2.879523E-02 2.282819E-03 4.437770E+00 9.002531E+00 
1.415129E-01 1.191713E-02 3.532847E-01 1.725121E-01 -1.480783E+00 5.764352E-01 -1.503593E-01 9.699495E-01 2.723936E-02 1.015769E-02 4.634625E+00 5.508126E+00 
1.422903E-01 4.941602E-03 3.565858E-01 1.753982E-01 -1.454689E+00 5.400859E-01 -1.351904E-01 9.325113E-01 2.834184E-02 2.032263E-03 4.584410E+00 9.503677E+00 
1.588802E-01 7.435929E-03 3.466698E-01 1.737805E-01 -1.457894E+00 5.762918E-01 -1.183830E-01 9.316437E-01 2.626009E-02 2.169212E-03 4.258716E+00 8.985027E+00 
9.068859E-02 1.192852E-02 3.268547E-01 1.757219E-01 -1.423050E+00 5.501947E-01 -1.086636E-01 9.892098E-01 2.838056E-02 1.220483E-02 4.275079E+00 1.077685E+01 
1.530067E-01 8.682140E-03 3.621041E-01 1.753888E-01 -1.508322E+00 5.967545E-01 -1.356104E-01 9.404050E-01 2.752375E-02 1.491621E-03 4.336668E+00 8.357597E+00 
1.284357E-01 9.406165E-03 3.376265E-01 1.661326E-01 -1.469546E+00 4.757446E-01 -1.062693E-01 8.497856E-01 2.994021E-02 7.908809E-04 3.569463E+00 9.072788E+00 
1.602081E-01 5.219009E-03 3.302050E-01 1.772746E-01 -1.478339E+00 5.612629E-01 -8.983074E-02 8.928688E-01 2.924564E-02 8.952150E-04 4.115343E+00 9.088846E+00 
1.689260E-01 5.714400E-03 3.330264E-01 1.779748E-01 -1.526207E+00 5.738097E-01 -1.425755E-01 9.270683E-01 2.874371E-02 4.512223E-03 3.764069E+00 9.148657E+00 
1.599574E-01 8.351262E-03 3.327638E-01 1.742326E-01 -1.417504E+00 5.742554E-01 -1.038930E-01 1.047356E+00 2.899076E-02 1.615317E-03 4.555179E+00 8.993653E+00 
1.679635E-01 7.598072E-03 3.519572E-01 1.905521E-01 -1.515609E+00 5.605957E-01 -1.434625E-01 9.052495E-01 2.783307E-02 1.488902E-03 4.853691E+00 9.370569E+00 
1.584213E-01 7.625857E-03 3.692649E-01 1.753178E-01 -1.533391E+00 5.623587E-01 -4.787098E-02 9.600115E-01 2.941272E-02 2.028767E-03 4.274662E+00 9.313032E+00 
1.654763E-01 7.639296E-03 3.453652E-01 1.749512E-01 -1.377888E+00 5.769688E-01 -8.294999E-02 9.385714E-01 3.024023E-02 2.129229E-03 4.129393E+00 8.728025E+00 
1.585820E-01 8.956254E-03 3.574815E-01 1.727351E-01 -1.535349E+00 5.825281E-01 -8.535153E-02 9.135074E-01 2.855850E-02 1.317044E-03 3.852455E+00 9.352945E+00 
7.611955E-02 2.233739E-02 3.543534E-01 1.795535E-01 -1.377921E+00 3.997568E-01 -1.288637E-01 9.880269E-01 2.833951E-02 1.208413E-02 4.244043E+00 1.186310E+01 
1.717647E-01 4.489095E-03 3.584938E-01 1.773431E-01 -1.387046E+00 5.892094E-01 -8.987381E-02 9.228571E-01 2.865728E-02 2.053394E-03 4.847216E+00 1.142702E+01 
1.641432E-01 7.330728E-03 3.757718E-01 1.732948E-01 -1.392676E+00 5.806243E-01 -1.253608E-01 9.642950E-01 2.916446E-02 1.397941E-03 4.005802E+00 7.932330E+00 
1.611405E-01 6.007264E-03 3.680845E-01 1.741922E-01 -1.352181E+00 5.845757E-01 -1.301891E-01 9.307328E-01 2.839764E-02 1.496963E-03 4.290052E+00 9.546419E+00 
1.880539E-01 5.950053E-03 3.594634E-01 1.737676E-01 -1.479197E+00 5.689883E-01 -7.118027E-02 9.158408E-01 3.022317E-02 7.426907E-04 4.206206E+00 9.275825E+00 
1.706889E-01 2.337528E-03 3.478722E-01 1.703967E-01 -1.527288E+00 5.699981E-01 -7.005200E-02 9.187654E-01 2.576068E-02 7.205985E-04 4.435689E+00 9.613575E+00 
1.660314E-01 5.775003E-03 3.729443E-01 1.764672E-01 -1.411596E+00 5.885727E-01 -1.482590E-01 8.914345E-01 3.043780E-02 1.405581E-03 4.725062E+00 9.684888E+00 
1.632236E-01 4.459996E-03 3.613833E-01 1.786462E-01 -1.344207E+00 5.942681E-01 -1.629247E-01 8.916247E-01 2.886292E-02 4.593658E-04 4.027407E+00 6.228882E+00 
1.590971E-01 1.514303E-03 3.582654E-01 1.729264E-01 -1.404671E+00 5.917469E-01 -1.195570E-01 9.600890E-01 2.995741E-02 2.309702E-03 3.524729E+00 9.215534E+00 
1.660814E-01 6.210392E-03 3.208060E-01 1.732781E-01 -1.579666E+00 5.754011E-01 -1.362182E-01 9.537005E-01 2.635712E-02 1.540848E-03 4.262842E+00 8.654963E+00 
1.696585E-01 3.377127E-03 3.483694E-01 1.813677E-01 -1.691838E+00 5.780882E-01 -9.364382E-02 9.149587E-01 3.006211E-02 1.724723E-03 3.890816E+00 9.537263E+00 
1.056128E-01 1.925033E-02 3.126598E-01 1.697209E-01 -1.419221E+00 5.145809E-01 -9.248805E-02 9.553248E-01 2.676291E-02 8.843390E-03 4.530986E+00 1.027618E+01 
9.567859E-02 2.584330E-02 3.157619E-01 1.734765E-01 -1.298034E+00 5.180603E-01 -8.849756E-02 9.506995E-01 2.639326E-02 1.997339E-03 4.523879E+00 9.313877E+00 
1.756685E-01 6.693294E-03 3.500972E-01 1.824028E-01 -1.415979E+00 5.829997E-01 -1.018268E-01 8.771311E-01 2.633244E-02 5.664609E-04 3.924284E+00 1.046176E+01 
1.286317E-01 2.716249E-02 3.414144E-01 1.596956E-01 -1.290352E+00 4.917051E-01 -8.366631E-02 8.548780E-01 3.227817E-02 1.086183E-03 3.465223E+00 1.421072E+01 
1.622610E-01 5.321843E-03 3.295301E-01 1.755556E-01 -1.580913E+00 5.621128E-01 -9.581959E-02 9.125048E-01 2.817725E-02 3.415759E-03 4.088724E+00 8.685311E+00 
1.637483E-01 1.205968E-02 3.456256E-01 1.699435E-01 -1.385343E+00 5.898811E-01 -1.689400E-01 9.642751E-01 2.806224E-02 6.126504E-04 4.061873E+00 1.006809E+01 
1.567921E-01 7.065559E-03 3.477540E-01 1.750051E-01 -1.441017E+00 5.841139E-01 -8.796168E-02 9.461084E-01 2.915435E-02 0.000000E+00 4.697920E+00 1.024662E+01 
1.249423E-01 3.815857E-02 3.626902E-01 1.778591E-01 -1.341130E+00 5.279254E-01 -3.069817E-02 1.048664E+00 2.863133E-02 6.043444E-03 4.275831E+00 8.535061E+00 
1.963209E-01 1.549850E-02 3.336003E-01 1.792840E-01 -1.473311E+00 5.923498E-01 -1.688953E-01 9.221115E-01 2.769406E-02 1.250382E-04 5.161623E+00 7.808369E+00 
1.456255E-01 7.375542E-03 3.431843E-01 1.699168E-01 -1.422681E+00 5.793570E-01 -8.737846E-02 9.857534E-01 1.980333E-02 3.093454E-03 3.889904E+00 8.349294E+00 
1.679812E-01 8.961924E-03 3.421692E-01 1.744098E-01 -1.431451E+00 5.647726E-01 -1.368533E-01 9.910892E-01 2.777937E-02 1.873055E-03 4.393067E+00 9.778891E+00 
1.775115E-01 7.314345E-03 3.379821E-01 1.774131E-01 -1.515292E+00 5.718064E-01 -3.296481E-02 9.607537E-01 2.794107E-02 2.814652E-03 4.010990E+00 9.227602E+00 
1.581513E-01 1.006205E-02 3.457683E-01 1.682841E-01 -1.451026E+00 5.828622E-01 -6.814461E-02 9.169204E-01 2.911267E-02 2.242996E-03 3.942368E+00 9.548533E+00 
1.849892E-01 3.961453E-03 3.472210E-01 1.747295E-01 -1.325987E+00 5.494941E-01 -1.230974E-01 8.618120E-01 2.464760E-02 2.408368E-03 4.060501E+00 8.920118E+00 
1.752614E-01 6.911043E-03 3.566348E-01 1.704152E-01 -1.550435E+00 5.665163E-01 -3.998757E-02 9.364436E-01 2.630042E-02 0.000000E+00 4.056524E+00 9.807848E+00 
6.512903E-02 1.015377E-02 3.401896E-01 1.650068E-01 -1.253229E+00 5.509654E-01 -2.906057E-02 9.950579E-01 2.040412E-02 1.092195E-02 4.209235E+00 9.242202E+00 
1.666663E-01 3.586773E-03 3.714216E-01 1.771293E-01 -1.459445E+00 5.874547E-01 -8.295642E-02 9.446199E-01 3.186470E-02 4.676571E-04 4.154732E+00 9.436468E+00 
1.545231E-01 6.767385E-03 3.483123E-01 1.741056E-01 -1.403779E+00 5.855047E-01 -1.381087E-01 9.782489E-01 2.848468E-02 2.372039E-03 4.302346E+00 9.650018E+00 
1.644367E-01 2.024068E-03 3.338752E-01 1.746392E-01 -1.377231E+00 5.753899E-01 -1.117108E-01 9.383472E-01 2.912480E-02 2.627209E-03 4.047222E+00 8.821861E+00 
2.000000E-01 6.402887E-03 3.558927E-01 1.797392E-01 -1.279575E+00 5.617316E-01 -1.449629E-01 8.686242E-01 2.696785E-02 0.000000E+00 3.872947E+00 9.424074E+00 
1.722166E-01 1.747601E-02 3.526944E-01 1.751380E-01 -1.342634E+00 5.371852E-01 -7.428743E-02 9.071630E-01 2.790295E-02 1.654282E-03 4.789787E+00 9.029502E+00 
9.466911E-03 2.626459E-02 3.554121E-01 1.678465E-01 -1.174370E+00 4.370343E-01 -5.353630E-02 9.682768E-01 2.950178E-02 8.825309E-03 3.246264E+00 1.050896E+01 
1.394199E-01 3.577486E-02 3.318265E-01 1.644952E-01 -1.232905E+00 4.943253E-01 -1.104765E-01 8.937527E-01 3.435137E-02 1.342577E-03 3.738937E+00 1.455149E+01 
1.598396E-01 4.541224E-03 3.355981E-01 1.714524E-01 -1.452903E+00 5.971127E-01 -7.947740E-02 9.216563E-01 3.138400E-02 1.497501E-03 4.342418E+00 8.826413E+00 
7.525573E-02 3.612019E-02 3.264650E-01 1.476147E-01 -1.165343E+00 4.026738E-01 -7.035047E-02 9.868966E-01 2.855829E-02 5.179122E-03 2.159718E+00 1.207993E+01 
1.917547E-01 6.249414E-03 3.724071E-01 1.767218E-01 -1.572141E+00 5.996217E-01 -1.045279E-01 9.077155E-01 2.695418E-02 3.059085E-04 4.253368E+00 9.350762E+00 
1.778029E-01 8.092291E-03 3.501809E-01 1.772178E-01 -1.413050E+00 5.817614E-01 -1.700906E-01 9.139843E-01 2.687428E-02 3.061688E-03 4.351317E+00 8.823181E+00 
1.532712E-01 1.586673E-02 3.828731E-01 1.760728E-01 -1.551082E+00 5.907601E-01 -1.544460E-01 1.018461E+00 2.249158E-02 3.984990E-04 4.435449E+00 9.238599E+00 
1.727946E-01 6.157353E-03 3.549924E-01 1.751556E-01 -1.450500E+00 5.502130E-01 -9.438922E-02 9.115903E-01 2.885614E-02 1.128131E-03 4.104014E+00 9.218654E+00 
1.700352E-01 5.446016E-02 3.457759E-01 1.656843E-01 -1.282416E+00 5.909454E-01 -8.222224E-02 9.597778E-01 2.946707E-02 1.122753E-02 4.033832E+00 3.567611E-01 
1.723505E-01 8.877144E-03 3.475976E-01 1.731482E-01 -1.454498E+00 5.843799E-01 -1.105511E-01 9.610080E-01 2.512108E-02 2.811756E-04 3.545348E+00 8.960503E+00 
1.890627E-01 7.873065E-03 3.362526E-01 1.911666E-01 -1.533407E+00 5.399607E-01 -1.805508E-01 8.640695E-01 2.820530E-02 0.000000E+00 4.258358E+00 9.384049E+00 
1.747297E-01 3.889736E-03 3.662718E-01 1.711306E-01 -1.427998E+00 5.783033E-01 -1.290553E-01 9.475439E-01 2.716416E-02 9.623457E-04 4.369381E+00 9.291475E+00 
1.612806E-01 4.017821E-03 3.476861E-01 1.715758E-01 -1.400046E+00 5.706943E-01 -6.383735E-02 9.625400E-01 2.683096E-02 5.143418E-03 3.995379E+00 7.770265E+00 
1.396579E-01 2.402366E-02 3.381230E-01 1.755364E-01 -1.519969E+00 5.901865E-01 -1.230637E-01 9.423921E-01 2.434091E-02 1.557047E-03 4.551520E+00 8.403822E+00 
1.702568E-01 8.142809E-03 3.564012E-01 1.723214E-01 -1.360829E+00 5.866308E-01 -1.516245E-01 9.678464E-01 3.050806E-02 2.419380E-03 4.297223E+00 1.193894E+01 
1.538598E-01 8.603263E-03 3.542033E-01 1.706930E-01 -1.445967E+00 5.857305E-01 -8.558059E-02 9.597139E-01 2.966661E-02 1.065869E-03 4.715999E+00 8.287943E+00 
1.824798E-01 3.530900E-03 3.377386E-01 1.854213E-01 -1.484655E+00 5.729556E-01 -1.011051E-01 9.176735E-01 2.881672E-02 1.610158E-03 3.955946E+00 8.079153E+00 
1.586744E-01 7.744046E-03 3.342165E-01 1.886172E-01 -1.286286E+00 5.841394E-01 -1.044547E-01 1.095007E+00 2.949406E-02 1.431991E-03 4.560501E+00 9.245678E+00 
1.733489E-01 7.436879E-03 3.448165E-01 1.761167E-01 -1.590562E+00 5.423088E-01 -1.005883E-01 9.801492E-01 2.943071E-02 1.545846E-03 4.109220E+00 8.887602E+00 
1.639182E-01 4.441389E-03 3.413212E-01 1.747474E-01 -1.594600E+00 5.732003E-01 -1.322772E-01 8.757579E-01 3.090352E-02 1.988010E-03 4.287738E+00 9.696541E+00 
1.662807E-01 7.599498E-03 3.400301E-01 1.737088E-01 -1.504148E+00 5.870047E-01 -1.831644E-01 9.991176E-01 2.659564E-02 2.038498E-03 4.048360E+00 7.353710E+00 
1.650301E-01 6.941907E-03 3.540129E-01 1.730430E-01 -1.504287E+00 5.708974E-01 -1.151403E-01 9.698711E-01 2.711986E-02 1.392316E-03 4.111768E+00 9.534900E+00 
1.811982E-01 7.931879E-03 3.302210E-01 1.765929E-01 -1.559737E+00 5.535824E-01 -1.396846E-01 9.390060E-01 2.527360E-02 9.609084E-04 3.328965E+00 8.371026E+00 
1.638180E-01 5.914008E-03 3.532685E-01 1.726673E-01 -1.574877E+00 5.807604E-01 -1.243059E-01 8.855640E-01 2.764495E-02 2.279894E-03 4.100475E+00 9.365209E+00 
1.721882E-01 5.794619E-03 3.590117E-01 1.697744E-01 -1.370865E+00 5.668831E-01 -1.530242E-01 9.014438E-01 2.912746E-02 3.101106E-03 4.358679E+00 8.870730E+00 
1.637230E-01 4.746726E-03 3.608788E-01 1.711663E-01 -1.382255E+00 5.779384E-01 -1.095962E-01 9.124116E-01 2.892182E-02 2.222333E-03 4.152885E+00 9.597771E+00 
1.728279E-01 6.981885E-03 3.645332E-01 1.704151E-01 -1.490053E+00 5.782324E-01 -1.926789E-01 7.823143E-01 2.710968E-02 1.102999E-03 4.511209E+00 8.186896E+00 
1.700037E-01 2.893953E-03 3.551647E-01 1.799984E-01 -1.399359E+00 5.876451E-01 -1.277368E-01 9.055916E-01 3.034924E-02 1.314114E-03 4.485655E+00 9.303093E+00 
1.395886E-01 2.160750E-02 3.621329E-01 1.708963E-01 -1.474335E+00 5.887473E-01 -9.905218E-02 9.631010E-01 2.763474E-02 5.280319E-03 4.272229E+00 9.027973E+00 
1.601091E-01 5.842922E-03 3.556842E-01 1.738117E-01 -1.419817E+00 5.875775E-01 -4.799712E-02 9.531693E-01 2.763487E-02 2.823560E-03 4.153013E+00 8.293671E+00 
1.687150E-01 5.688923E-03 3.402939E-01 1.766539E-01 -1.449220E+00 5.940175E-01 -7.355969E-02 9.395036E-01 2.936250E-02 2.153330E-03 4.304334E+00 9.081369E+00 
5.607931E-02 2.507667E-02 3.366354E-01 1.541208E-01 -9.781202E-01 4.398385E-01 -4.800870E-02 9.650486E-01 3.065288E-02 7.565957E-03 4.160535E+00 6.506631E+00 
1.419913E-01 1.000000E-04 3.460961E-01 1.721798E-01 -1.747012E+00 5.463663E-01 -6.736012E-02 9.636096E-01 2.893771E-02 1.814861E-03 4.444772E+00 9.853616E+00 
1.559597E-01 3.648260E-03 3.555052E-01 1.747762E-01 -1.388594E+00 5.953081E-01 -1.026929E-01 9.993973E-01 2.878344E-02 1.146103E-03 4.384916E+00 9.724967E+00 
1.524144E-01 4.760433E-03 3.421022E-01 1.770925E-01 -1.317460E+00 5.885976E-01 -1.157456E-01 9.528933E-01 2.884909E-02 1.011635E-03 4.232980E+00 8.335054E+00 
1.615835E-01 6.004228E-03 3.520764E-01 1.856508E-01 -1.495442E+00 5.896954E-01 -1.493418E-01 9.268237E-01 2.979103E-02 2.359856E-03 4.702612E+00 8.450835E+00 
1.283992E-01 1.000000E-04 3.693129E-01 1.673610E-01 -1.083590E+00 5.867374E-01 -1.412709E-01 1.000670E+00 3.184367E-02 1.837132E-03 3.957336E+00 8.987092E+00 
1.631811E-01 1.317168E-02 3.294514E-01 1.767029E-01 -1.419841E+00 4.744219E-01 -8.970689E-02 9.828429E-01 2.884550E-02 1.552204E-03 3.804437E+00 1.013403E+01 
1.813333E-01 1.196999E-02 3.503209E-01 1.688506E-01 -1.517602E+00 5.979694E-01 -1.336718E-01 8.994383E-01 2.913811E-02 1.430633E-03 4.141436E+00 9.264117E+00 
1.696761E-01 4.514745E-03 3.342489E-01 1.744143E-01 -1.467588E+00 5.605132E-01 -8.298705E-02 9.618284E-01 2.557049E-02 1.890216E-03 4.169192E+00 8.962311E+00 
1.676184E-01 5.107306E-03 3.324455E-01 1.750558E-01 -1.221525E+00 5.859974E-01 -1.278678E-01 9.021250E-01 2.946861E-02 1.517336E-03 4.241633E+00 1.003206E+01 
1.222128E-01 2.478526E-02 3.421282E-01 1.650729E-01 -1.393189E+00 5.258253E-01 -7.018926E-02 8.166345E-01 2.733684E-02 2.198460E-03 4.032309E+00 1.056106E+01 
1.599609E-01 2.673380E-03 3.404982E-01 1.725966E-01 -1.327250E+00 5.717638E-01 -6.964106E-02 9.295323E-01 2.602710E-02 1.312767E-03 4.362068E+00 1.110904E+01 
1.847727E-01 1.662032E-03 3.556251E-01 1.909518E-01 -1.407889E+00 5.838447E-01 -1.514252E-01 9.769181E-01 3.032258E-02 3.811303E-03 3.889787E+00 9.601962E+00 
5.097302E-02 4.050147E-02 3.293249E-01 1.688795E-01 -1.216681E+00 5.156451E-01 -7.533073E-02 1.044058E+00 2.998253E-02 5.606976E-03 3.512403E+00 8.025793E+00 
1.706712E-01 7.928962E-03 3.401537E-01 1.713462E-01 -1.422556E+00 5.765332E-01 -4.130754E-02 9.683391E-01 2.622915E-02 1.939033E-03 4.285421E+00 1.059418E+01 
1.610259E-01 3.617714E-03 3.546525E-01 1.738140E-01 -1.504509E+00 5.890938E-01 -6.941886E-02 8.943716E-01 2.619225E-02 1.383015E-04 4.625018E+00 9.543172E+00 
1.699808E-01 6.965713E-03 3.469309E-01 1.778157E-01 -1.458203E+00 5.807711E-01 -9.046194E-02 9.250969E-01 2.962969E-02 1.749410E-03 3.999276E+00 9.212248E+00 
1.496271E-01 4.482408E-03 3.301019E-01 1.801241E-01 -1.528097E+00 5.730809E-01 -1.239895E-01 9.420974E-01 2.851908E-02 1.243082E-03 5.017893E+00 8.378452E+00 
1.680860E-01 2.634301E-03 3.519539E-01 1.785054E-01 -1.517690E+00 5.940072E-01 -9.214896E-02 9.336028E-01 2.847884E-02 2.020290E-03 4.247864E+00 9.608048E+00 
1.638954E-01 6.076009E-03 3.560297E-01 1.771981E-01 -1.156185E+00 5.910383E-01 -1.537174E-01 9.328141E-01 2.929428E-02 1.875380E-03 3.892314E+00 9.564308E+00 
1.840667E-01 6.110685E-03 3.623980E-01 1.757758E-01 -1.331029E+00 5.817132E-01 -1.763473E-01 9.469519E-01 2.738675E-02 2.622457E-03 4.222653E+00 7.384845E+00 
1.519887E-01 2.933506E-03 3.455176E-01 1.699817E-01 -1.310007E+00 6.000000E-01 -1.118667E-01 9.958330E-01 2.910532E-02 2.306257E-03 4.582963E+00 9.603829E+00 
1.638437E-01 7.671750E-03 3.380621E-01 1.774178E-01 -1.434169E+00 5.382433E-01 -7.443192E-02 9.303992E-01 3.057980E-02 1.914037E-03 4.811131E+00 7.730041E+00 
1.620376E-01 1.000000E-04 3.404806E-01 1.772201E-01 -1.359664E+00 5.770873E-01 -9.156803E-02 9.451637E-01 3.110227E-02 1.084874E-03 4.046416E+00 8.764657E+00 
1.629796E-01 8.624974E-03 3.646060E-01 1.727572E-01 -1.534239E+00 5.916355E-01 -1.121712E-01 1.089014E+00 3.004030E-02 2.194507E-03 3.917332E+00 8.563791E+00 
1.614402E-01 5.236264E-03 3.572273E-01 1.761583E-01 -1.369294E+00 5.576306E-01 -4.045103E-02 9.470536E-01 2.697297E-02 1.306930E-03 4.498331E+00 9.429089E+00 
1.624885E-01 6.283217E-03 3.248686E-01 1.745645E-01 -1.465649E+00 5.510341E-01 -7.010656E-02 9.149166E-01 2.413835E-02 2.832875E-03 4.078684E+00 9.079042E+00 
1.688429E-01 7.478046E-03 3.559813E-01 1.722368E-01 -1.367011E+00 5.867775E-01 -1.208355E-01 9.758524E-01 2.695970E-02 1.413803E-03 3.851895E+00 9.319360E+00 
1.633262E-01 9.401319E-03 3.485898E-01 1.765381E-01 -1.532893E+00 5.824411E-01 -1.464658E-01 9.448222E-01 2.410315E-02 1.853154E-03 3.854114E+00 8.515105E+00 
2.000000E-01 1.000000E-04 3.515913E-01 1.957549E-01 -1.471511E+00 5.748293E-01 -1.096079E-01 8.437131E-01 2.990083E-02 7.926727E-04 4.232521E+00 7.797425E+00 
1.735269E-01 5.994753E-03 3.592374E-01 1.728128E-01 -1.503076E+00 6.000000E-01 -1.135690E-01 8.865003E-01 2.779627E-02 1.282651E-03 4.612609E+00 8.236773E+00 
1.670108E-01 3.621153E-03 3.445488E-01 1.767205E-01 -1.553241E+00 5.743339E-01 -1.459784E-01 9.165049E-01 2.803978E-02 2.024227E-03 4.186413E+00 1.136597E+01 
1.753942E-01 4.764999E-03 3.445360E-01 1.747696E-01 -1.400573E+00 5.352834E-01 -9.842601E-02 9.497670E-01 3.210308E-02 1.338624E-03 4.048239E+00 7.799502E+00 
1.625512E-01 5.428458E-03 3.520536E-01 1.781667E-01 -1.648075E+00 5.896401E-01 -1.035993E-01 1.022896E+00 2.976299E-02 1.593875E-03 4.230710E+00 8.448633E+00 
1.632299E-01 6.636857E-03 3.436273E-01 1.730473E-01 -1.477460E+00 5.920903E-01 -1.418242E-01 9.801363E-01 3.239319E-02 1.869557E-03 4.172515E+00 9.012952E+00 
1.809829E-01 5.988457E-03 3.628083E-01 1.728032E-01 -1.467535E+00 5.638524E-01 -1.314798E-01 9.038920E-01 2.801855E-02 2.021721E-03 3.836928E+00 9.803920E+00 
1.678931E-01 4.247500E-03 3.474742E-01 1.707041E-01 -1.339928E+00 5.834759E-01 -1.491570E-01 9.286574E-01 2.698172E-02 3.426841E-03 3.880186E+00 9.225271E+00 
1.683704E-01 7.707445E-03 3.695340E-01 1.806632E-01 -1.397209E+00 5.883671E-01 -1.208171E-01 8.866168E-01 2.647426E-02 1.854737E-03 4.094906E+00 1.037037E+01 
1.602559E-01 5.017505E-03 3.525450E-01 1.762402E-01 -1.534654E+00 5.778743E-01 -3.191902E-02 9.378336E-01 2.922776E-02 2.004194E-03 3.558229E+00 9.588701E+00 
1.596404E-01 8.480962E-03 3.581378E-01 1.768280E-01 -1.334913E+00 5.882674E-01 -5.490285E-02 9.383189E-01 3.493231E-02 7.330005E-04 4.311375E+00 8.409640E+00 
1.601403E-01 6.559838E-03 3.579267E-01 1.809187E-01 -1.709132E+00 5.859528E-01 -7.837990E-02 9.298092E-01 2.892261E-02 1.700274E-03 3.913588E+00 8.755761E+00 
1.758280E-01 5.214038E-03 3.450207E-01 1.786163E-01 -1.320865E+00 6.000000E-01 -1.163705E-01 9.278869E-01 3.135817E-02 0.000000E+00 3.007345E+00 8.313512E+00 
1.678232E-01 5.591104E-03 3.356982E-01 1.755487E-01 -1.446449E+00 5.727356E-01 -2.414712E-02 1.021700E+00 3.035260E-02 4.804516E-03 4.155035E+00 8.664293E+00 
1.535922E-01 4.789016E-03 3.505076E-01 1.749966E-01 -1.544178E+00 5.749005E-01 -4.982768E-02 9.463297E-01 2.785557E-02 6.953356E-04 4.273427E+00 9.124307E+00 
8.593962E-02 3.595266E-02 3.232942E-01 1.700059E-01 -1.357077E+00 4.559829E-01 -1.036495E-01 9.277787E-01 2.972726E-02 1.038956E-02 4.215490E+00 1.038861E+01 
1.585969E-01 1.454272E-02 3.510601E-01 1.735204E-01 -1.507656E+00 2.435968E-01 -4.076258E-02 1.011336E+00 2.661346E-02 1.061158E-03 4.194601E+00 9.267653E+00 
1.860330E-01 6.840256E-03 3.664489E-01 1.726495E-01 -1.379063E+00 5.828115E-01 -1.218863E-01 9.167454E-01 2.987645E-02 8.755225E-04 4.254747E+00 8.951420E+00 
1.671421E-01 7.540849E-03 3.470526E-01 1.734219E-01 -1.397538E+00 5.690039E-01 -1.136339E-01 9.684561E-01 2.893516E-02 1.485539E-03 3.947198E+00 9.723652E+00 
1.681388E-01 8.560910E-03 3.176972E-01 1.810039E-01 -1.338894E+00 5.817982E-01 -1.244163E-01 9.464717E-01 2.729084E-02 1.306118E-03 4.215791E+00 9.953613E+00 
1.620185E-01 4.450819E-03 3.559094E-01 1.704324E-01 -1.443731E+00 5.788474E-01 -1.361242E-01 9.688510E-01 2.754368E-02 1.602180E-03 4.631035E+00 1.024370E+01 
1.704117E-01 8.788580E-03 3.519207E-01 1.693695E-01 -1.363666E+00 5.944074E-01 -1.688044E-01 1.019420E+00 2.933976E-02 1.721005E-03 4.470025E+00 9.958543E+00 
1.833848E-01 9.142135E-03 3.585874E-01 1.680355E-01 -1.471778E+00 5.912445E-01 -1.757765E-01 1.039220E+00 2.612592E-02 1.243652E-04 3.949106E+00 9.557048E+00 
1.634216E-01 9.668096E-03 3.622423E-01 1.768054E-01 -1.397475E+00 5.795871E-01 -9.383835E-02 9.568832E-01 2.671263E-02 1.360270E-03 4.288602E+00 9.420185E+00 
1.583035E-01 1.000000E-04 3.483150E-01 1.766244E-01 -1.407196E+00 5.970982E-01 -1.377067E-01 9.114341E-01 2.921723E-02 9.070755E-04 4.270119E+00 8.717481E+00 
1.893072E-01 3.570997E-03 3.587424E-01 1.743043E-01 -1.476509E+00 5.765847E-01 -1.647584E-01 9.032345E-01 2.626661E-02 1.492362E-03 4.487970E+00 8.336813E+00 
1.775992E-01 4.168511E-03 3.859481E-01 1.775355E-01 -1.315846E+00 5.983295E-01 -1.590995E-01 9.833013E-01 3.313566E-02 2.438066E-03 4.832605E+00 8.866968E+00 
1.428438E-01 1.000000E-04 3.475347E-01 1.722935E-01 -1.396672E+00 6.000000E-01 -2.537613E-02 1.036588E+00 3.502164E-02 5.958998E-04 5.834871E+00 9.447666E+00 
1.475137E-01 4.038439E-03 3.412925E-01 1.772246E-01 -1.447033E+00 5.626517E-01 -9.743613E-02 9.741095E-01 2.889836E-02 4.087245E-03 4.267212E+00 8.481703E+00 
1.657715E-01 2.913781E-03 3.291069E-01 1.705684E-01 -1.413479E+00 5.732304E-01 -9.903016E-02 1.022092E+00 2.937614E-02 1.245962E-03 4.262341E+00 8.750926E+00 
1.819409E-01 4.603716E-03 3.482727E-01 1.785573E-01 -1.386016E+00 4.399438E-01 -8.093238E-02 8.662122E-01 2.876130E-02 4.932586E-04 4.340586E+00 8.646412E+00 
1.756086E-01 8.000451E-03 3.428439E-01 1.778741E-01 -1.466803E+00 5.804282E-01 -8.412696E-02 9.162951E-01 2.953494E-02 7.171007E-04 3.930446E+00 1.058242E+01 
1.731218E-01 4.209826E-03 3.493473E-01 1.747282E-01 -1.362912E+00 5.989175E-01 -1.134430E-01 9.163401E-01 2.627885E-02 1.101486E-03 3.747154E+00 8.662124E+00 
1.601347E-01 2.383319E-03 3.523662E-01 1.749263E-01 -1.539801E+00 5.637341E-01 -1.154537E-01 9.727267E-01 2.479528E-02 1.113889E-03 3.943407E+00 8.933521E+00 
1.674387E-01 6.860743E-03 3.485678E-01 1.728304E-01 -1.459548E+00 5.700098E-01 -9.194495E-02 9.616919E-01 2.949233E-02 3.635333E-03 4.126318E+00 1.150390E+01 
1.548600E-01 4.363272E-03 3.262057E-01 1.682933E-01 -1.453107E+00 5.373854E-01 -1.042053E-01 9.062553E-01 3.247736E-02 3.346198E-03 4.601649E+00 1.045999E+01 
1.550142E-01 9.283330E-03 3.485657E-01 1.561993E-01 -1.433640E+00 5.684244E-01 -8.510505E-02 1.101210E+00 2.888457E-02 2.543741E-03 3.788496E+00 9.213685E+00 
1.606657E-01 3.683523E-03 3.583154E-01 1.745378E-01 -1.487706E+00 5.761686E-01 -1.526224E-01 9.543288E-01 3.000851E-02 1.737624E-03 4.135266E+00 8.933474E+00 
1.765202E-01 2.546702E-03 3.480954E-01 1.754677E-01 -1.362997E+00 5.002545E-01 -9.263417E-02 9.588472E-01 2.902454E-02 1.625092E-03 4.389237E+00 8.680922E+00 
1.679072E-01 6.465773E-03 3.505968E-01 1.796419E-01 -1.347058E+00 5.764200E-01 -7.919300E-02 9.645383E-01 2.846498E-02 1.049880E-03 4.149805E+00 9.045859E+00 
1.731700E-01 5.799487E-03 3.630853E-01 1.743216E-01 -1.319501E+00 5.716991E-01 -8.644887E-02 9.301202E-01 2.953525E-02 2.036724E-03 3.935100E+00 9.802884E+00 
1.274169E-01 1.019985E-02 3.616128E-01 1.392912E-01 -1.139802E+00 4.861679E-01 -1.850846E-01 9.043793E-01 3.042305E-02 7.102431E-04 4.251971E+00 1.128582E+01 
1.608644E-01 6.431898E-03 3.502579E-01 1.735135E-01 -1.534886E+00 5.949146E-01 -8.577432E-02 9.817208E-01 2.258457E-02 2.049104E-03 4.262357E+00 8.991611E+00 
1.583886E-01 3.350426E-03 3.549464E-01 1.734152E-01 -1.386839E+00 5.772972E-01 -8.894520E-02 9.642332E-01 2.802595E-02 1.647520E-03 4.170296E+00 9.297705E+00 
1.630779E-01 7.358110E-03 3.401201E-01 1.774084E-01 -1.345060E+00 5.788816E-01 -6.980848E-02 9.456717E-01 2.505512E-02 1.661958E-03 4.159788E+00 8.742114E+00 
1.719323E-01 4.427541E-03 3.555595E-01 1.809889E-01 -1.498303E+00 5.762090E-01 -1.350737E-01 9.151410E-01 2.842931E-02 2.220062E-03 4.117930E+00 9.396624E+00 
1.746202E-01 5.251748E-03 3.513462E-01 1.745789E-01 -1.324924E+00 5.516102E-01 -8.571398E-02 9.188613E-01 2.823036E-02 1.561455E-03 3.860638E+00 9.662761E+00 
1.604661E-01 4.219451E-03 3.536213E-01 1.751700E-01 -1.563702E+00 5.753681E-01 -5.431176E-02 9.725035E-01 2.921177E-02 0.000000E+00 4.163052E+00 9.579256E+00 
1.591723E-01 5.711808E-03 3.324717E-01 1.699958E-01 -1.401978E+00 5.649471E-01 -6.598870E-02 9.821043E-01 2.871073E-02 2.115571E-03 3.950856E+00 9.709211E+00 
1.754690E-01 5.761221E-03 3.547218E-01 1.773120E-01 -1.413114E+00 5.771164E-01 -5.321961E-02 9.169187E-01 2.737749E-02 0.000000E+00 4.109087E+00 8.262199E+00 
1.714598E-01 6.373902E-03 3.482652E-01 1.802301E-01 -1.427248E+00 5.793700E-01 -9.708835E-02 9.274043E-01 3.003781E-02 3.766650E-03 4.144682E+00 9.354239E+00 
1.617352E-01 1.370569E-02 3.741894E-01 1.673157E-01 -1.476342E+00 4.007408E-01 -8.487900E-02 9.965900E-01 2.802148E-02 1.343640E-03 4.218933E+00 9.071490E+00 
7.698300E-02 4.625561E-02 3.292085E-01 1.663162E-01 -1.400913E+00 5.845568E-01 -9.408790E-02 9.512346E-01 2.425363E-02 1.762700E-02 4.073867E+00 7.172818E+00 
