1.678266E-01 3.642590E-03 3.374077E-01 1.730783E-01 -1.395948E+00 5.699737E-01 -1.148780E-01 9.162634E-01 2.881160E-02 1.693561E-03 4.301000E+00 9.076179E+00 
1.681606E-01 8.354670E-03 3.637267E-01 1.808340E-01 -1.505496E+00 5.923259E-01 -1.286226E-01 9.435682E-01 2.829464E-02 2.145710E-03 4.368710E+00 9.254086E+00 
1.633966E-01 5.874555E-03 3.399441E-01 1.772882E-01 -1.403640E+00 5.788964E-01 -1.268315E-01 9.653016E-01 2.899573E-02 1.749134E-03 4.216737E+00 9.477227E+00 
1.576320E-01 4.404707E-03 3.249255E-01 1.664735E-01 -1.465326E+00 5.656369E-01 -1.157847E-01 1.040847E+00 2.733793E-02 5.932891E-04 4.543617E+00 8.432705E+00 
1.646024E-01 9.005738E-03 3.348706E-01 1.745021E-01 -1.317307E+00 5.862439E-01 -6.894946E-02 9.583224E-01 2.989645E-02 6.350830E-03 4.504476E+00 1.177906E+01 
1.534409E-01 5.151668E-03 3.567895E-01 1.705611E-01 -1.449385E+00 5.880797E-01 -1.133013E-01 9.223506E-01 2.916737E-02 2.710915E-03 3.962396E+00 9.470237E+00 
1.652666E-01 7.733290E-03 3.334051E-01 1.760515E-01 -1.446766E+00 5.873660E-01 -1.283545E-01 9.455107E-01 2.771745E-02 2.181754E-03 4.612338E+00 7.382352E+00 
1.573676E-01 5.590179E-03 3.454365E-01 1.751917E-01 -1.440844E+00 6.000000E-01 -1.286977E-01 9.630849E-01 2.950749E-02 9.021409E-04 4.200942E+00 8.310065E+00 
1.584380E-01 1.106720E-02 3.511171E-01 1.742307E-01 -1.543438E+00 5.793407E-01 -9.147477E-02 8.848113E-01 2.875965E-02 9.640921E-04 4.050440E+00 8.661030E+00 
1.639368E-01 6.085056E-03 3.335124E-01 1.769586E-01 -1.425973E+00 5.754938E-01 -1.440745E-01 9.320786E-01 2.852638E-02 9.141865E-04 4.317833E+00 9.593979E+00 
1.612962E-01 6.775616E-03 3.543752E-01 1.723849E-01 -1.331160E+00 5.819873E-01 -1.206499E-01 9.969829E-01 3.155002E-02 2.409413E-03 3.984162E+00 9.444932E+00 
1.611661E-01 8.751519E-03 3.338533E-01 1.777422E-01 -1.472930E+00 5.643780E-01 -6.543161E-02 9.280449E-01 3.002186E-02 1.725124E-03 4.398529E+00 9.034934E+00 
1.662786E-01 7.467223E-03 3.512849E-01 1.789090E-01 -1.422020E+00 5.788221E-01 -9.749797E-02 8.767065E-01 2.846777E-02 1.744098E-03 4.180480E+00 8.741961E+00 
1.646486E-01 6.367080E-03 3.360690E-01 1.731061E-01 -1.445623E+00 5.775997E-01 -6.427419E-02 9.402051E-01 2.818347E-02 1.576480E-03 4.198748E+00 9.915056E+00 
1.693955E-01 4.567298E-03 3.440177E-01 1.820370E-01 -1.515994E+00 5.735945E-01 -8.931520E-02 9.776044E-01 3.104097E-02 9.357174E-04 4.240730E+00 9.424010E+00 
1.806204E-01 5.492534E-03 3.560435E-01 1.745827E-01 -1.410429E+00 5.925272E-01 -1.455845E-01 9.531895E-01 2.957424E-02 2.880473E-03 4.164347E+00 8.213168E+00 
1.662610E-01 5.644913E-03 3.586147E-01 1.783692E-01 -1.476168E+00 5.890972E-01 -1.381065E-01 9.099536E-01 2.894187E-02 4.722064E-04 4.178214E+00 8.649397E+00 
1.639699E-01 5.329314E-03 3.381912E-01 1.777827E-01 -1.483076E+00 5.994448E-01 -1.246695E-01 8.892953E-01 2.856159E-02 1.943434E-03 4.655592E+00 6.512385E+00 
1.586393E-01 4.980633E-03 3.419287E-01 1.719425E-01 -1.364805E+00 5.764832E-01 -2.000000E-01 9.723704E-01 2.658349E-02 4.944025E-04 4.205047E+00 9.538990E+00 
1.619926E-01 6.857228E-03 3.459292E-01 1.778883E-01 -1.348649E+00 5.850976E-01 -1.208659E-01 9.567377E-01 2.958007E-02 2.146372E-03 3.741288E+00 9.968711E+00 
1.805027E-01 4.334391E-03 3.303043E-01 1.685137E-01 -1.222885E+00 5.773808E-01 -1.453525E-01 9.624097E-01 2.969159E-02 9.008385E-04 4.010734E+00 1.006812E+01 
1.843997E-01 8.418763E-03 3.253735E-01 1.765784E-01 -1.408934E+00 5.901512E-01 -1.211624E-01 9.614182E-01 2.664689E-02 1.111673E-03 4.374832E+00 9.201548E+00 
1.633664E-01 4.094503E-03 3.467484E-01 1.702070E-01 -1.334249E+00 5.879978E-01 -1.537992E-01 9.308862E-01 2.964366E-02 3.574280E-03 3.993827E+00 8.974583E+00 
1.718456E-01 5.536662E-03 3.490692E-01 1.776004E-01 -1.534995E+00 5.667103E-01 -1.314944E-01 9.866717E-01 2.746654E-02 9.197036E-04 3.615746E+00 8.441853E+00 
1.707533E-01 5.397496E-03 3.487552E-01 1.796899E-01 -1.370890E+00 5.699849E-01 -9.233609E-02 9.360617E-01 2.750070E-02 2.321873E-03 4.193203E+00 8.889890E+00 
1.598451E-01 6.105277E-03 3.499002E-01 1.749612E-01 -1.454782E+00 5.705527E-01 -1.124314E-01 9.310465E-01 2.980850E-02 1.433981E-03 4.029023E+00 9.579038E+00 
1.636554E-01 9.219082E-03 3.292138E-01 1.782964E-01 -1.405628E+00 5.701569E-01 -1.184544E-01 9.650246E-01 2.943316E-02 1.104542E-03 4.704056E+00 9.433932E+00 
1.577845E-01 9.884622E-03 3.518232E-01 1.719524E-01 -1.512726E+00 5.780923E-01 -1.235250E-01 9.841263E-01 2.798057E-02 2.030223E-03 4.058758E+00 9.211506E+00 
1.583014E-01 3.782908E-03 3.343337E-01 1.789064E-01 -1.470280E+00 5.909915E-01 -7.916608E-02 9.957302E-01 2.700034E-02 2.290595E-03 3.997559E+00 9.827441E+00 
1.677723E-01 7.115671E-03 3.571761E-01 1.784538E-01 -1.408847E+00 5.933961E-01 -1.149362E-01 9.328145E-01 2.695217E-02 2.270883E-03 4.219148E+00 9.047911E+00 
1.597541E-01 6.644693E-03 3.488585E-01 1.750708E-01 -1.429756E+00 5.864006E-01 -1.147909E-01 9.995769E-01 2.896066E-02 9.067375E-04 3.893310E+00 9.824155E+00 
1.649864E-01 5.546430E-04 3.507626E-01 1.772275E-01 -1.428026E+00 5.825961E-01 -8.043395E-02 9.509351E-01 2.880395E-02 6.082725E-04 4.027389E+00 8.788089E+00 
1.630817E-01 2.156550E-02 3.493811E-01 1.684174E-01 -1.563227E+00 5.938350E-01 -9.012026E-02 9.936661E-01 2.539189E-02 2.062812E-03 4.480356E+00 6.951867E+00 
1.618267E-01 5.365290E-03 3.355535E-01 1.765974E-01 -1.526102E+00 5.732641E-01 -9.183738E-02 9.472604E-01 2.890178E-02 1.510307E-03 4.215906E+00 9.057320E+00 
1.663983E-01 4.919451E-03 3.490724E-01 1.774638E-01 -1.493151E+00 5.996245E-01 -1.404171E-01 1.009100E+00 2.949002E-02 1.680579E-03 3.264366E+00 9.114507E+00 
1.609248E-01 7.541887E-03 3.508856E-01 1.778342E-01 -1.387423E+00 5.987480E-01 -1.084782E-01 8.449047E-01 3.258072E-02 8.632637E-04 4.283996E+00 8.778286E+00 
1.744145E-01 7.972012E-03 3.398366E-01 1.762413E-01 -1.209744E+00 5.381705E-01 -1.801500E-01 9.543761E-01 2.996929E-02 2.726606E-03 4.223603E+00 8.736395E+00 
1.708947E-01 6.933540E-03 3.550016E-01 1.764495E-01 -1.485944E+00 5.871563E-01 -8.781955E-02 9.251388E-01 2.880526E-02 6.117220E-04 4.551136E+00 8.763137E+00 
1.730064E-01 5.577236E-03 3.546482E-01 1.823410E-01 -1.476565E+00 5.985761E-01 -1.174540E-01 9.412551E-01 2.910130E-02 1.581230E-03 4.298029E+00 8.544113E+00 
1.713251E-01 6.066597E-03 3.499761E-01 1.834963E-01 -1.462200E+00 5.775416E-01 -1.109280E-01 9.415653E-01 2.734298E-02 1.504478E-03 4.225267E+00 9.798668E+00 
1.782355E-01 6.623780E-03 3.354341E-01 1.771415E-01 -1.417746E+00 5.683553E-01 -8.988143E-02 1.090228E+00 2.741388E-02 1.710611E-03 4.566102E+00 8.755512E+00 
1.676916E-01 8.821439E-03 3.665736E-01 1.736724E-01 -1.443191E+00 6.000000E-01 -1.280076E-01 9.268518E-01 2.451714E-02 2.776732E-03 4.228286E+00 8.686828E+00 
1.747935E-01 5.510053E-03 3.364537E-01 1.848889E-01 -1.378100E+00 5.776449E-01 -2.000000E-01 9.147128E-01 2.886009E-02 9.557355E-04 4.251118E+00 8.332278E+00 
1.830331E-01 3.029500E-03 3.481804E-01 1.706519E-01 -1.483723E+00 5.795734E-01 -1.417863E-01 8.583460E-01 2.721658E-02 1.784004E-03 4.005180E+00 8.077115E+00 
1.501890E-01 5.989001E-03 3.303517E-01 1.743565E-01 -1.532208E+00 5.963488E-01 -7.868410E-02 1.045297E+00 2.918329E-02 2.331112E-03 4.003049E+00 9.839686E+00 
1.330713E-01 8.207395E-03 3.392257E-01 1.829996E-01 -1.389153E+00 5.899656E-01 -1.224160E-01 9.506981E-01 2.849922E-02 1.554772E-03 4.131168E+00 8.551009E+00 
1.750341E-01 9.160989E-03 3.353898E-01 1.754343E-01 -1.343985E+00 5.842077E-01 -1.535091E-01 9.365273E-01 2.755480E-02 2.538634E-03 4.765989E+00 1.080294E+01 
1.649051E-01 6.558222E-03 3.564139E-01 1.804229E-01 -1.600152E+00 5.219870E-01 -1.112228E-01 9.367323E-01 2.359027E-02 1.374323E-03 4.757526E+00 1.011350E+01 
1.236977E-01 2.670144E-02 3.444467E-01 1.484460E-01 -1.386138E+00 4.871966E-01 -1.191198E-01 9.523609E-01 2.947268E-02 9.411751E-04 3.923820E+00 8.875844E+00 
1.588736E-01 3.840315E-03 3.366642E-01 1.746562E-01 -1.383685E+00 5.829438E-01 -9.148211E-02 9.786620E-01 2.630042E-02 3.374832E-03 4.350803E+00 8.925185E+00 
1.666050E-01 5.042035E-03 3.517779E-01 1.752811E-01 -1.552852E+00 5.697068E-01 -7.494105E-02 9.255729E-01 2.909991E-02 7.417782E-04 4.275563E+00 8.327410E+00 
1.729705E-01 6.248635E-03 3.389361E-01 1.682619E-01 -1.287616E+00 4.909410E-01 -1.769282E-01 1.016781E+00 2.940898E-02 1.073540E-03 3.782415E+00 9.286078E+00 
1.658096E-01 5.601014E-03 3.535363E-01 1.752800E-01 -1.421933E+00 5.433150E-01 -1.174509E-01 8.843526E-01 3.103018E-02 5.585009E-04 4.189535E+00 9.298556E+00 
1.866087E-01 7.585149E-03 3.537647E-01 1.755425E-01 -1.544486E+00 5.853483E-01 -9.883947E-02 9.475044E-01 2.721964E-02 5.925159E-04 4.209074E+00 1.245175E+01 
1.967797E-01 9.054343E-04 3.555647E-01 1.790382E-01 -1.549698E+00 5.928873E-01 -1.000000E-02 9.868951E-01 2.759868E-02 2.604859E-03 4.264398E+00 1.019843E+01 
1.722190E-01 3.112771E-03 3.434345E-01 1.851008E-01 -1.490846E+00 5.505430E-01 -1.297066E-01 9.363803E-01 2.666665E-02 1.414471E-03 4.371516E+00 9.672422E+00 
1.751339E-01 4.464140E-03 3.361045E-01 1.700810E-01 -1.335335E+00 5.920665E-01 -1.397595E-01 8.977823E-01 2.806260E-02 1.851128E-03 4.194769E+00 9.104766E+00 
1.622911E-01 4.620746E-03 3.484936E-01 1.742444E-01 -1.483656E+00 5.859186E-01 -1.061140E-01 8.984594E-01 2.768113E-02 2.055787E-03 4.571976E+00 9.601089E+00 
1.818055E-01 6.384091E-03 3.525694E-01 1.783237E-01 -1.330301E+00 5.865253E-01 -1.207239E-01 9.605863E-01 2.593751E-02 1.376557E-03 4.568109E+00 8.036543E+00 
1.854044E-01 9.275541E-03 3.472138E-01 1.787917E-01 -1.436729E+00 5.635374E-01 -1.469954E-01 1.002487E+00 2.874309E-02 2.043085E-03 4.403928E+00 8.941254E+00 
1.645277E-01 6.647320E-03 3.452828E-01 1.736697E-01 -1.424443E+00 5.890463E-01 -1.894599E-01 9.640662E-01 2.874352E-02 1.568089E-03 3.825924E+00 9.528296E+00 
1.594576E-01 6.686602E-03 3.312678E-01 1.806833E-01 -1.380970E+00 5.858118E-01 -5.432395E-02 9.362691E-01 2.619828E-02 1.154635E-03 4.197256E+00 8.778734E+00 
1.215422E-01 5.229825E-03 3.581154E-01 1.669885E-01 -1.346577E+00 5.796557E-01 -1.404908E-01 9.333434E-01 2.810956E-02 2.731975E-03 4.196179E+00 7.450767E+00 
1.722595E-01 1.891010E-02 3.753292E-01 1.819760E-01 -1.349297E+00 5.421114E-01 -1.001307E-01 1.019017E+00 2.909834E-02 1.156212E-03 3.760677E+00 8.141950E+00 
1.723065E-01 6.427670E-03 3.682369E-01 1.772414E-01 -1.468279E+00 5.828850E-01 -9.587215E-02 9.208368E-01 2.966289E-02 1.527743E-03 4.174215E+00 9.184783E+00 
1.101651E-01 1.113928E-02 3.489924E-01 1.758222E-01 -1.484254E+00 5.911464E-01 -1.329055E-01 9.713690E-01 2.687189E-02 1.190112E-02 4.410569E+00 5.191953E+00 
1.583215E-01 8.011275E-03 3.612870E-01 1.761825E-01 -1.486809E+00 5.889763E-01 -1.323258E-01 9.086577E-01 2.850877E-02 3.419434E-04 4.211519E+00 8.392650E+00 
1.649233E-01 6.977614E-03 3.450362E-01 1.751731E-01 -1.347981E+00 5.724702E-01 -1.060545E-01 1.031041E+00 2.758691E-02 1.569255E-03 4.513641E+00 9.089469E+00 
1.657578E-01 7.620210E-03 3.543767E-01 1.757007E-01 -1.465291E+00 5.852109E-01 -6.310526E-02 1.017661E+00 3.098648E-02 1.433043E-03 4.029678E+00 1.030582E+01 
1.671222E-01 5.085289E-03 3.464346E-01 1.784809E-01 -1.592438E+00 5.967898E-01 -1.209284E-01 9.541423E-01 3.257196E-02 0.000000E+00 3.863044E+00 8.204740E+00 
1.710715E-01 3.538119E-03 3.526614E-01 1.762201E-01 -1.419209E+00 5.800806E-01 -1.316318E-01 9.236130E-01 3.039115E-02 1.327793E-03 4.504465E+00 9.255373E+00 
1.665948E-01 4.183070E-03 3.352592E-01 1.818707E-01 -1.393090E+00 5.795833E-01 -5.847734E-02 9.576217E-01 2.852955E-02 3.249365E-03 4.060573E+00 9.708436E+00 
1.711394E-01 5.599567E-03 3.463596E-01 1.753807E-01 -1.348975E+00 5.716887E-01 -1.474141E-01 9.167651E-01 2.776265E-02 1.022798E-03 4.316926E+00 8.711363E+00 
1.579774E-01 1.412278E-02 3.335193E-01 1.785567E-01 -1.591978E+00 5.887953E-01 -1.243857E-01 1.013216E+00 2.798008E-02 8.799335E-04 4.377817E+00 9.242772E+00 
1.595585E-01 3.732867E-03 3.502845E-01 1.754685E-01 -1.410014E+00 5.827556E-01 -5.419574E-02 8.270047E-01 2.898600E-02 1.223438E-03 4.699397E+00 9.102130E+00 
1.751373E-01 6.665265E-03 3.585205E-01 1.748373E-01 -1.563158E+00 5.901400E-01 -1.154814E-01 9.494108E-01 2.864976E-02 1.737423E-03 4.286349E+00 9.460222E+00 
1.622050E-01 5.770978E-03 3.420217E-01 1.733773E-01 -1.551468E+00 5.705429E-01 -1.461281E-01 9.427543E-01 2.845442E-02 2.682769E-03 4.043515E+00 1.003120E+01 
1.628987E-01 1.000000E-04 3.524066E-01 1.798289E-01 -1.542386E+00 6.000000E-01 -1.442190E-01 9.252155E-01 2.778677E-02 1.457436E-03 4.242233E+00 8.695970E+00 
1.549629E-01 3.345218E-03 3.585704E-01 1.760429E-01 -1.450677E+00 5.776196E-01 -7.815544E-02 9.222085E-01 2.914350E-02 1.770295E-03 4.405340E+00 9.247062E+00 
1.925972E-01 3.964494E-03 3.457096E-01 1.756221E-01 -1.406112E+00 5.962238E-01 -1.562086E-01 9.507309E-01 2.855108E-02 3.526420E-04 4.179339E+00 8.371902E+00 
1.592876E-01 1.003403E-02 3.456001E-01 1.752473E-01 -1.518062E+00 5.514367E-01 -1.143263E-01 8.952356E-01 2.854466E-02 2.027567E-03 4.131354E+00 9.806285E+00 
1.247481E-01 8.471475E-03 3.520327E-01 1.732030E-01 -1.438654E+00 5.590775E-01 -1.456211E-01 1.004233E+00 2.553572E-02 1.499647E-03 4.719759E+00 9.695326E+00 
1.674080E-01 6.862361E-03 3.303912E-01 1.850673E-01 -1.513721E+00 5.456771E-01 -1.413126E-01 8.490387E-01 3.009049E-02 1.689483E-03 4.391774E+00 8.878030E+00 
1.701300E-01 4.070954E-03 3.453887E-01 1.803183E-01 -1.444211E+00 5.577013E-01 -1.523509E-01 9.700535E-01 2.783643E-02 2.007507E-03 3.936527E+00 9.033934E+00 
1.728501E-01 1.288545E-02 3.520522E-01 1.747631E-01 -1.438879E+00 5.130596E-01 -1.126348E-02 9.388048E-01 2.867419E-02 6.958428E-04 4.335572E+00 9.783939E+00 
1.586628E-01 4.768666E-03 3.469797E-01 1.709682E-01 -1.411771E+00 5.778805E-01 -1.154065E-01 9.501184E-01 2.877157E-02 1.901688E-03 4.235932E+00 9.745562E+00 
1.681526E-01 6.272555E-03 3.520818E-01 1.758772E-01 -1.339290E+00 5.746600E-01 -9.683972E-02 1.044165E+00 3.090465E-02 2.051933E-03 4.093295E+00 1.022787E+01 
1.260202E-01 9.432223E-03 3.363824E-01 1.672456E-01 -1.396733E+00 5.781219E-01 -1.015853E-01 9.469663E-01 2.816117E-02 2.029168E-03 4.568002E+00 9.637599E+00 
1.697655E-01 4.882766E-03 3.402442E-01 1.763442E-01 -1.567851E+00 5.673472E-01 -9.951543E-02 9.055599E-01 2.990736E-02 6.229214E-04 4.202029E+00 9.063386E+00 
1.648735E-01 5.715454E-03 3.573093E-01 1.825180E-01 -1.407767E+00 5.806425E-01 -1.530981E-01 9.556115E-01 2.938625E-02 1.083078E-03 4.082353E+00 9.023364E+00 
1.604645E-01 6.601345E-03 3.440199E-01 1.806924E-01 -1.374124E+00 5.916031E-01 -1.318290E-01 9.403531E-01 2.740588E-02 2.181203E-03 4.297199E+00 8.863244E+00 
1.754583E-01 6.952311E-03 3.397270E-01 1.773559E-01 -1.330565E+00 5.800295E-01 -7.119817E-02 8.998340E-01 2.961268E-02 2.838212E-03 3.817814E+00 9.599503E+00 
1.619906E-01 8.157833E-03 3.525960E-01 1.705318E-01 -1.456154E+00 5.868504E-01 -1.626911E-01 9.584817E-01 2.975372E-02 2.161772E-03 4.018046E+00 8.983861E+00 
1.637399E-01 5.147968E-03 3.614219E-01 1.743077E-01 -1.369694E+00 5.891914E-01 -1.422200E-01 8.834951E-01 2.814076E-02 7.970837E-04 4.308951E+00 9.677685E+00 
1.802345E-01 6.277092E-03 3.544731E-01 1.791371E-01 -1.408937E+00 5.816628E-01 -1.128551E-01 1.012758E+00 2.985339E-02 8.095814E-04 4.239883E+00 9.387448E+00 
1.701997E-01 3.863027E-03 3.646324E-01 1.730017E-01 -1.424895E+00 5.835934E-01 -1.372237E-01 8.933503E-01 3.019296E-02 2.184032E-03 3.924141E+00 9.589597E+00 
1.590796E-01 5.014732E-04 3.450498E-01 1.753217E-01 -1.446611E+00 5.615122E-01 -1.204967E-01 8.748469E-01 2.907753E-02 3.410579E-04 4.203694E+00 8.499223E+00 
2.000000E-01 9.921372E-03 3.527226E-01 1.730405E-01 -1.280258E+00 5.675714E-01 -1.897158E-01 9.971735E-01 2.723645E-02 1.565381E-03 4.371230E+00 9.976342E+00 
1.668089E-01 4.964641E-03 3.683341E-01 1.768905E-01 -1.446363E+00 5.895867E-01 -1.320899E-01 9.573189E-01 2.812916E-02 1.861289E-03 4.479434E+00 8.911195E+00 
1.710237E-01 4.500550E-03 3.402413E-01 1.778656E-01 -1.420032E+00 5.555549E-01 -1.427919E-01 9.181706E-01 2.953127E-02 1.500956E-03 3.990651E+00 8.954935E+00 
1.768630E-01 1.429194E-02 3.296334E-01 1.786760E-01 -1.307356E+00 5.832936E-01 -8.566630E-02 9.319862E-01 2.807506E-02 2.797423E-03 5.005604E+00 1.119845E+01 
1.613402E-01 8.449815E-04 3.504857E-01 1.742567E-01 -1.453159E+00 5.804645E-01 -8.590974E-02 9.347867E-01 3.098061E-02 1.270459E-03 4.560275E+00 9.688446E+00 
1.764567E-01 4.126101E-02 2.914780E-01 1.690226E-01 -1.411569E+00 5.223406E-01 -3.199602E-02 8.949264E-01 2.797364E-02 6.196656E-03 3.231713E+00 1.013526E+01 
1.599995E-01 9.310645E-03 3.514434E-01 1.766523E-01 -1.565523E+00 5.953999E-01 -1.593603E-01 9.989037E-01 2.760856E-02 1.938409E-03 5.343881E+00 8.565650E+00 
1.748052E-01 3.730734E-03 3.460151E-01 1.748211E-01 -1.173291E+00 5.849165E-01 -1.096198E-01 9.157927E-01 2.912597E-02 1.878277E-03 4.373710E+00 1.004147E+01 
1.771248E-01 6.959342E-03 3.340500E-01 1.789120E-01 -1.381591E+00 5.799009E-01 -1.333805E-01 9.132772E-01 2.771193E-02 1.825443E-03 4.544002E+00 9.281150E+00 
1.637558E-01 4.837459E-03 3.292391E-01 1.817452E-01 -1.347725E+00 5.724145E-01 -1.038553E-01 9.893738E-01 2.817179E-02 2.065877E-03 4.330125E+00 9.050752E+00 
1.659226E-01 4.230920E-03 3.499904E-01 1.787287E-01 -1.394964E+00 5.806955E-01 -1.544954E-01 9.732323E-01 2.772559E-02 1.098367E-03 4.081493E+00 8.653839E+00 
1.799459E-01 9.898686E-03 3.474420E-01 1.775701E-01 -1.595002E+00 5.536200E-01 -7.629261E-02 9.328650E-01 2.857036E-02 2.756074E-03 4.265990E+00 9.791093E+00 
1.639419E-01 4.216779E-03 3.580078E-01 1.720837E-01 -1.556724E+00 5.633920E-01 -1.255672E-01 9.545049E-01 2.839765E-02 2.225384E-03 4.193267E+00 9.799910E+00 
1.521957E-01 7.556554E-03 3.356889E-01 1.775767E-01 -1.570928E+00 5.722143E-01 -1.304361E-01 9.666629E-01 2.458493E-02 1.605709E-03 3.488305E+00 8.500443E+00 
1.659992E-01 3.342622E-03 3.463818E-01 1.748489E-01 -1.454276E+00 5.781834E-01 -1.308124E-01 9.356158E-01 2.847359E-02 1.917770E-03 3.831426E+00 9.974377E+00 
1.587212E-01 6.436908E-03 3.488899E-01 1.775528E-01 -1.549451E+00 5.594193E-01 -1.040507E-01 9.261917E-01 2.786524E-02 9.419870E-05 4.602894E+00 1.108226E+01 
1.681842E-01 7.087458E-03 3.526758E-01 1.738757E-01 -1.526701E+00 5.810707E-01 -1.086425E-01 8.989338E-01 3.100753E-02 3.778623E-03 4.440214E+00 9.648516E+00 
1.332018E-01 1.000000E-04 3.548786E-01 1.733455E-01 -1.327260E+00 6.000000E-01 -1.260571E-01 9.565323E-01 2.938241E-02 1.181227E-03 3.269947E+00 8.872840E+00 
1.554416E-01 5.386852E-03 3.512800E-01 1.726488E-01 -1.367516E+00 5.729588E-01 -1.197335E-01 9.297390E-01 2.511721E-02 1.181734E-03 3.788766E+00 8.926316E+00 
1.639802E-01 3.772400E-03 3.420931E-01 1.700130E-01 -1.403939E+00 5.854281E-01 -1.083954E-01 9.567689E-01 2.744551E-02 1.211085E-03 4.350215E+00 9.832750E+00 
1.738365E-01 7.487167E-03 3.471292E-01 1.766374E-01 -1.501698E+00 5.710174E-01 -1.129957E-01 9.626644E-01 2.747683E-02 1.802981E-03 4.214799E+00 9.535481E+00 
1.654350E-01 3.289143E-03 3.565561E-01 1.740369E-01 -1.510838E+00 5.818370E-01 -1.172399E-01 9.143051E-01 2.735797E-02 7.408104E-04 4.106984E+00 9.060946E+00 
1.684035E-01 1.700108E-03 3.460863E-01 1.712654E-01 -1.423288E+00 4.874925E-01 -1.541144E-01 9.495098E-01 3.055028E-02 1.318022E-03 4.317804E+00 9.137104E+00 
1.626353E-01 5.518953E-03 3.474710E-01 1.735622E-01 -1.429108E+00 5.741396E-01 -9.208819E-02 8.531004E-01 2.820354E-02 1.350413E-03 3.987558E+00 9.211250E+00 
1.571831E-01 4.144837E-03 3.445357E-01 1.753954E-01 -1.471918E+00 6.000000E-01 -1.424232E-01 9.420097E-01 2.871405E-02 5.553347E-04 4.417212E+00 8.237732E+00 
1.738727E-01 7.007649E-03 3.421700E-01 1.762971E-01 -1.472558E+00 5.822295E-01 -1.008438E-01 9.421556E-01 2.950172E-02 1.424819E-03 4.331715E+00 7.574294E+00 
1.703490E-01 4.549157E-03 3.512455E-01 1.734514E-01 -1.297740E+00 5.749300E-01 -1.066070E-01 9.464869E-01 2.769155E-02 1.358568E-03 4.208600E+00 8.772978E+00 
1.721078E-01 5.951806E-03 3.468929E-01 1.819295E-01 -1.386605E+00 5.673671E-01 -1.601579E-01 9.324831E-01 2.943258E-02 1.932001E-03 4.631149E+00 9.222194E+00 
1.537975E-01 1.218822E-02 3.450622E-01 1.741766E-01 -1.434124E+00 5.648560E-01 -6.983442E-02 9.544986E-01 2.912810E-02 2.273325E-03 3.641097E+00 8.908333E+00 
1.725265E-01 3.461108E-03 3.262614E-01 1.748602E-01 -1.421572E+00 5.793559E-01 -1.152461E-01 9.697242E-01 2.807401E-02 2.669937E-05 4.157826E+00 8.191650E+00 
1.726180E-01 2.555606E-03 3.399877E-01 1.723242E-01 -1.439031E+00 5.855308E-01 -9.946017E-02 8.971266E-01 2.731150E-02 1.200593E-03 4.415274E+00 1.045684E+01 
1.636784E-01 1.309689E-02 3.593290E-01 1.679957E-01 -1.306164E+00 5.207568E-01 -1.473107E-01 9.949296E-01 2.573981E-02 1.775511E-03 4.171257E+00 9.358936E+00 
1.675186E-01 7.358883E-03 3.550821E-01 1.826822E-01 -1.402979E+00 5.736864E-01 -2.000000E-01 9.398390E-01 2.619454E-02 8.108608E-04 4.581885E+00 9.504305E+00 
1.734540E-01 3.756727E-03 3.497092E-01 1.771856E-01 -1.493480E+00 5.722372E-01 -1.339642E-01 9.023912E-01 2.688717E-02 1.843702E-03 4.467327E+00 9.387202E+00 
1.719278E-01 6.938224E-03 3.629997E-01 1.584815E-01 -1.404999E+00 5.884721E-01 -1.936944E-01 9.469826E-01 2.650153E-02 1.088377E-03 4.583817E+00 8.901355E+00 
1.628955E-01 6.252880E-03 3.571374E-01 1.782322E-01 -1.642543E+00 6.000000E-01 -1.436604E-01 9.197211E-01 2.535896E-02 1.439706E-03 4.020853E+00 8.983127E+00 
7.784321E-02 4.313805E-02 2.961382E-01 1.709577E-01 -1.395137E+00 5.627296E-01 -5.898820E-02 9.053139E-01 3.352999E-02 7.786458E-03 3.471978E+00 1.005095E+01 
1.734624E-01 6.896405E-03 3.503686E-01 1.761221E-01 -1.522905E+00 5.822986E-01 -8.251441E-02 9.332702E-01 2.765999E-02 1.551395E-03 4.537730E+00 9.402234E+00 
1.582038E-01 5.865619E-03 3.511963E-01 1.731864E-01 -1.396511E+00 5.708757E-01 -1.923029E-01 9.334071E-01 2.759813E-02 2.372905E-03 3.948373E+00 8.873106E+00 
1.549168E-01 2.738357E-03 3.455377E-01 1.648345E-01 -1.303282E+00 5.882496E-01 -8.483774E-02 9.165621E-01 2.915813E-02 1.384824E-03 4.442069E+00 9.832325E+00 
1.493897E-01 8.928118E-03 3.660766E-01 1.683097E-01 -1.304878E+00 5.446733E-01 -9.364323E-02 9.417571E-01 2.937089E-02 9.648189E-04 4.305604E+00 9.680138E+00 
1.730147E-01 5.943328E-03 3.406508E-01 1.796715E-01 -1.403407E+00 5.887538E-01 -1.930255E-01 9.659886E-01 2.906719E-02 1.075918E-03 4.294918E+00 7.984010E+00 
1.754888E-01 8.217348E-03 3.548456E-01 1.755547E-01 -1.386315E+00 5.878741E-01 -1.503978E-01 9.834103E-01 2.882767E-02 3.403593E-03 4.556984E+00 1.046175E+01 
1.579462E-01 4.641096E-03 3.585166E-01 1.706520E-01 -1.531150E+00 5.862305E-01 -7.464028E-02 9.113351E-01 2.792290E-02 3.491764E-04 4.100968E+00 9.208143E+00 
1.721227E-01 4.648080E-03 3.419886E-01 1.757446E-01 -1.493434E+00 5.745511E-01 -1.408212E-01 9.511098E-01 2.853978E-02 7.619639E-04 4.142951E+00 9.376243E+00 
1.671575E-01 4.490003E-03 3.256202E-01 1.772868E-01 -1.399819E+00 5.792090E-01 -1.050630E-01 1.048404E+00 2.603108E-02 2.269075E-03 4.195876E+00 8.822751E+00 
9.426146E-02 3.186532E-02 3.438890E-01 1.774717E-01 -1.349974E+00 5.465395E-01 -7.569574E-02 1.001795E+00 2.959798E-02 3.600238E-03 4.168168E+00 6.698346E+00 
1.664442E-01 5.589326E-03 3.360308E-01 1.727024E-01 -1.511282E+00 5.788122E-01 -1.200262E-01 9.745943E-01 3.079860E-02 1.380151E-03 3.994638E+00 9.829141E+00 
1.508988E-01 7.213101E-03 3.442647E-01 1.751515E-01 -1.331006E+00 5.924024E-01 -1.776164E-01 9.142684E-01 2.843912E-02 1.421096E-03 4.196901E+00 8.531103E+00 
1.819932E-01 1.000000E-04 3.543662E-01 1.827704E-01 -1.407032E+00 5.337097E-01 -1.425812E-01 9.645400E-01 2.690255E-02 2.379157E-03 4.463317E+00 5.381700E+00 
1.666031E-01 3.067598E-03 3.494921E-01 1.769027E-01 -1.543083E+00 5.822898E-01 -1.184499E-01 9.126029E-01 2.837661E-02 3.095832E-03 4.095442E+00 8.921165E+00 
1.648337E-01 1.791906E-02 3.640336E-01 1.701221E-01 -1.447040E+00 5.620396E-01 -1.729315E-01 9.574144E-01 2.850959E-02 1.918814E-03 4.331763E+00 9.175467E+00 
1.621920E-01 5.002028E-03 3.428091E-01 1.813639E-01 -1.509966E+00 5.878082E-01 -1.326593E-01 1.019760E+00 2.945122E-02 1.403701E-03 4.066255E+00 8.936678E+00 
1.523586E-01 2.662892E-03 3.472114E-01 1.838548E-01 -1.414260E+00 5.879279E-01 -1.239095E-01 9.899560E-01 2.518564E-02 1.432911E-03 4.304295E+00 9.024476E+00 
1.577965E-01 3.125914E-03 3.531739E-01 1.742693E-01 -1.591487E+00 5.848580E-01 -1.290714E-01 9.708099E-01 2.643738E-02 1.006969E-03 4.182705E+00 8.691035E+00 
1.682835E-01 3.749476E-03 3.390120E-01 1.672271E-01 -1.519719E+00 5.869362E-01 -1.140215E-01 9.427752E-01 2.970482E-02 3.644974E-03 4.371937E+00 9.749537E+00 
1.706296E-01 3.263953E-03 3.464177E-01 1.749378E-01 -1.410319E+00 5.903572E-01 -1.635416E-01 1.046429E+00 3.005468E-02 1.714782E-03 4.309317E+00 1.011577E+01 
1.733411E-01 5.488361E-03 3.536578E-01 1.726834E-01 -1.377888E+00 5.301195E-01 -1.393686E-01 9.335493E-01 2.691071E-02 1.432408E-03 4.218246E+00 8.786307E+00 
1.938856E-01 6.606359E-03 3.500609E-01 1.768879E-01 -1.457967E+00 5.849696E-01 -1.427037E-01 9.446504E-01 2.826756E-02 1.624843E-03 3.985880E+00 7.781165E+00 
1.606995E-01 4.768821E-03 3.573614E-01 1.790945E-01 -1.501081E+00 5.924555E-01 -1.829222E-01 9.791519E-01 2.914962E-02 2.624788E-03 4.605010E+00 4.554292E+00 
1.658044E-01 6.795802E-03 3.376077E-01 1.798806E-01 -1.420311E+00 5.792956E-01 -9.882222E-02 9.170225E-01 2.805903E-02 1.186490E-03 3.891337E+00 9.023235E+00 
1.853114E-01 3.240052E-03 3.421137E-01 1.777009E-01 -1.538517E+00 5.942219E-01 -1.130044E-01 8.580927E-01 2.477286E-02 2.220102E-03 4.011643E+00 8.339591E+00 
1.677583E-01 4.729881E-03 3.598981E-01 1.757924E-01 -1.512737E+00 5.757575E-01 -1.200527E-01 9.107066E-01 2.775982E-02 1.789544E-03 4.183447E+00 9.105884E+00 
1.611808E-01 8.443006E-03 3.704363E-01 1.746334E-01 -1.419803E+00 5.739131E-01 -6.465816E-02 9.632319E-01 2.778863E-02 9.533332E-04 3.824465E+00 8.999918E+00 
1.425179E-01 1.000000E-04 3.442240E-01 1.763184E-01 -1.473770E+00 5.392484E-01 -1.550373E-01 8.378641E-01 2.810014E-02 9.528491E-04 3.718233E+00 8.295560E+00 
1.612909E-01 8.157461E-03 3.610962E-01 1.676231E-01 -1.459369E+00 5.775612E-01 -1.491339E-01 8.866533E-01 2.730887E-02 1.330912E-03 4.653008E+00 1.218185E+01 
1.749661E-01 8.120637E-03 3.562199E-01 1.746157E-01 -1.521759E+00 5.883956E-01 -1.856822E-01 1.002510E+00 2.662943E-02 1.678676E-03 3.913356E+00 1.035168E+01 
1.774939E-01 3.768431E-03 3.502908E-01 1.771337E-01 -1.484219E+00 5.827443E-01 -8.622315E-02 9.205188E-01 3.007032E-02 1.977118E-03 3.870697E+00 9.911944E+00 
1.811710E-01 3.938501E-03 3.611070E-01 1.799730E-01 -1.428201E+00 5.545233E-01 -1.465368E-01 8.904274E-01 2.746855E-02 9.601228E-04 4.626434E+00 9.513204E+00 
1.648489E-01 5.805488E-03 3.486525E-01 1.751341E-01 -1.396407E+00 5.719390E-01 -1.117279E-01 8.677477E-01 2.935975E-02 3.578033E-03 4.435346E+00 1.020970E+01 
1.679862E-01 1.557383E-03 3.580436E-01 1.725449E-01 -1.165103E+00 5.901998E-01 -1.591531E-01 9.033495E-01 2.832030E-02 1.898441E-03 4.096755E+00 9.713844E+00 
1.698149E-01 3.912080E-03 3.524644E-01 1.795088E-01 -1.369427E+00 5.790109E-01 -8.634653E-02 8.551523E-01 2.790936E-02 1.446045E-03 4.190661E+00 8.612304E+00 
1.714510E-01 4.384271E-03 3.489512E-01 1.851853E-01 -1.391868E+00 5.883679E-01 -1.762154E-01 9.865871E-01 2.851910E-02 1.150428E-03 4.259876E+00 8.730099E+00 
1.648618E-01 4.346713E-03 3.496582E-01 1.758706E-01 -1.431189E+00 5.892494E-01 -1.276677E-01 9.712620E-01 3.108980E-02 6.115160E-04 4.591844E+00 9.434247E+00 
1.595995E-01 5.642587E-03 3.636334E-01 1.772611E-01 -1.481190E+00 5.990239E-01 -1.530512E-01 1.093913E+00 2.402449E-02 1.346103E-03 4.088667E+00 9.516560E+00 
1.682794E-01 1.052219E-02 3.629424E-01 1.762545E-01 -1.223635E+00 5.952526E-01 -1.082846E-01 1.014861E+00 2.615573E-02 1.139537E-03 4.451420E+00 8.951480E+00 
1.601529E-01 8.526652E-03 3.633993E-01 1.712204E-01 -1.508941E+00 5.721044E-01 -9.606951E-02 9.465791E-01 2.891295E-02 2.304182E-03 3.935936E+00 8.673719E+00 
1.524432E-01 4.069118E-03 3.522650E-01 1.733442E-01 -1.392567E+00 5.714917E-01 -1.042901E-01 9.737833E-01 2.872952E-02 1.111327E-03 3.657065E+00 8.156398E+00 
1.811064E-01 5.239250E-03 3.633403E-01 1.797295E-01 -1.571912E+00 5.800894E-01 -1.747091E-01 9.775916E-01 2.632087E-02 1.256109E-03 4.302376E+00 7.981676E+00 
1.549503E-01 9.445513E-03 3.223682E-01 1.802315E-01 -1.470875E+00 5.917507E-01 -1.443198E-01 8.925986E-01 2.912548E-02 6.346621E-04 4.926890E+00 9.387291E+00 
1.185534E-01 5.175715E-02 3.415897E-01 1.606929E-01 -1.303552E+00 5.882915E-01 -7.971935E-02 9.634565E-01 2.860666E-02 1.465160E-02 4.148195E+00 6.267252E+00 
1.748473E-01 9.485917E-03 3.437151E-01 1.809842E-01 -1.455216E+00 5.704534E-01 -1.138704E-01 9.694539E-01 2.671885E-02 1.475248E-03 4.281001E+00 8.592359E+00 
1.682511E-01 6.734372E-03 3.594292E-01 1.765370E-01 -1.517846E+00 5.723561E-01 -7.952729E-02 9.162774E-01 2.927982E-02 5.309667E-04 4.095429E+00 9.185547E+00 
1.790036E-01 3.207438E-03 3.562163E-01 1.821172E-01 -1.500220E+00 5.222557E-01 -5.558186E-02 9.279180E-01 2.884977E-02 9.249246E-04 4.244103E+00 8.337891E+00 
1.477697E-01 3.007734E-03 3.411750E-01 1.786821E-01 -1.516865E+00 5.762869E-01 -1.593462E-01 9.831232E-01 2.872138E-02 2.092040E-03 4.516581E+00 9.217675E+00 
1.645687E-01 1.364440E-02 3.351501E-01 1.760356E-01 -1.418790E+00 5.856727E-01 -1.016772E-01 9.353859E-01 2.932306E-02 1.141609E-03 4.633831E+00 8.622353E+00 
1.524406E-01 4.820140E-03 3.516167E-01 1.736125E-01 -1.423926E+00 5.360115E-01 -1.414284E-01 9.172741E-01 3.004955E-02 1.098294E-03 3.484361E+00 1.043712E+01 
1.599513E-01 4.769383E-03 3.393391E-01 1.797904E-01 -1.429520E+00 5.824308E-01 -9.935140E-02 9.416469E-01 2.769886E-02 8.176361E-04 3.837699E+00 8.764424E+00 
1.615775E-01 5.279382E-03 3.461379E-01 1.747742E-01 -1.422617E+00 5.839319E-01 -1.185116E-01 9.371115E-01 2.873230E-02 0.000000E+00 4.295935E+00 8.520862E+00 
1.623252E-01 4.351546E-03 3.550386E-01 1.746982E-01 -1.566866E+00 5.759692E-01 -9.417131E-02 9.714062E-01 2.810364E-02 1.825216E-03 3.939706E+00 8.506264E+00 
1.633102E-01 7.617206E-03 3.462420E-01 1.794768E-01 -1.441691E+00 5.877030E-01 -1.099415E-01 9.218115E-01 2.369552E-02 1.975375E-03 3.402517E+00 9.226138E+00 
1.663458E-01 4.706203E-03 3.557058E-01 1.787698E-01 -1.685468E+00 5.794729E-01 -1.391422E-01 9.428494E-01 2.935584E-02 1.807992E-03 4.143910E+00 9.250615E+00 
1.296180E-01 2.053086E-03 3.480090E-01 1.765817E-01 -1.311459E+00 5.262293E-01 -1.707172E-01 9.557133E-01 2.859899E-02 1.050311E-03 4.605043E+00 8.740145E+00 
1.627195E-01 5.627636E-03 3.494107E-01 1.759327E-01 -1.449127E+00 6.000000E-01 -1.094647E-01 9.154335E-01 2.459831E-02 1.565556E-03 4.451465E+00 8.449537E+00 
1.611071E-01 5.278695E-03 3.611265E-01 1.775743E-01 -1.597512E+00 5.807054E-01 -6.704811E-02 8.186906E-01 2.612266E-02 1.031640E-03 4.135698E+00 8.919811E+00 
1.654135E-01 6.173662E-03 3.441644E-01 1.747635E-01 -1.513315E+00 5.859094E-01 -1.359618E-01 9.372556E-01 2.652935E-02 2.316653E-03 4.034748E+00 9.179708E+00 
1.798553E-01 5.377356E-02 3.486463E-01 1.739377E-01 -1.452151E+00 5.750101E-01 -1.128175E-01 9.323353E-01 2.849937E-02 1.580441E-03 3.809558E+00 9.693780E+00 
1.783524E-01 1.412325E-02 3.392067E-01 1.736950E-01 -1.275699E+00 5.820926E-01 -1.022902E-01 9.308914E-01 2.593533E-02 8.639320E-04 3.458043E+00 8.925726E+00 
1.772708E-01 7.315405E-03 3.749145E-01 1.767067E-01 -1.506324E+00 5.902486E-01 -1.316873E-01 9.191831E-01 2.898687E-02 5.076936E-04 2.955523E+00 9.880824E+00 
1.760172E-01 6.626193E-03 3.499152E-01 1.796771E-01 -1.564433E+00 5.807618E-01 -1.591564E-01 9.700167E-01 2.810755E-02 5.307171E-04 4.039436E+00 1.028565E+01 
1.727879E-01 8.955559E-03 3.557629E-01 1.842445E-01 -1.366404E+00 5.728058E-01 -1.890566E-01 1.003171E+00 2.511968E-02 0.000000E+00 4.428239E+00 9.133657E+00 
1.637373E-01 7.742038E-03 3.552726E-01 1.794190E-01 -1.390106E+00 5.857893E-01 -1.125910E-01 9.181783E-01 2.567059E-02 1.664594E-03 4.348344E+00 9.944852E+00 
1.817931E-01 1.022316E-02 3.552055E-01 1.740378E-01 -1.379493E+00 5.828362E-01 -9.734659E-02 9.892164E-01 2.642137E-02 1.047979E-03 4.752465E+00 8.695070E+00 
1.652395E-01 7.765291E-03 3.696105E-01 1.740336E-01 -1.404108E+00 5.766154E-01 -1.453748E-01 9.021873E-01 2.987651E-02 1.756366E-03 4.460218E+00 8.917562E+00 
1.765390E-01 2.709802E-03 3.481614E-01 1.734507E-01 -1.241522E+00 5.413567E-01 -1.020096E-01 9.045208E-01 2.883318E-02 1.863063E-03 4.028413E+00 1.007407E+01 
1.636990E-01 5.375573E-03 3.465872E-01 1.708623E-01 -1.454124E+00 5.819807E-01 -1.826373E-01 8.891728E-01 2.382227E-02 1.577579E-03 4.325792E+00 9.245758E+00 
1.636802E-01 2.676441E-03 3.533595E-01 1.728791E-01 -1.426542E+00 5.886137E-01 -1.312535E-01 8.938101E-01 2.788699E-02 1.754869E-03 4.819626E+00 9.734206E+00 
1.742436E-01 8.003027E-03 3.479392E-01 1.776984E-01 -1.564767E+00 5.852925E-01 -1.119526E-01 9.012317E-01 2.221231E-02 4.301700E-03 3.945794E+00 8.189045E+00 
1.508114E-01 6.050824E-03 3.400198E-01 1.672811E-01 -1.520133E+00 5.863292E-01 -8.434070E-02 8.823906E-01 2.938656E-02 0.000000E+00 4.325529E+00 8.535141E+00 
1.513465E-01 6.568797E-03 3.502586E-01 1.738519E-01 -1.316607E+00 5.584328E-01 -1.059637E-01 1.045732E+00 2.608826E-02 2.770420E-03 4.529108E+00 8.192282E+00 
2.000000E-01 1.593188E-02 3.614659E-01 1.748001E-01 -1.566632E+00 5.623672E-01 -6.870295E-02 8.741518E-01 3.136397E-02 1.463867E-03 4.011677E+00 1.005920E+01 
1.975149E-01 7.558418E-03 3.527674E-01 1.769016E-01 -1.334080E+00 5.912038E-01 -1.794062E-01 9.394004E-01 2.450197E-02 1.898028E-03 4.342013E+00 8.717377E+00 
1.701305E-01 7.176478E-03 3.350772E-01 1.800798E-01 -1.456315E+00 5.755655E-01 -1.398362E-01 9.864783E-01 2.957454E-02 2.758248E-03 3.948108E+00 8.739144E+00 
1.683362E-01 5.281853E-03 3.473171E-01 1.763948E-01 -1.459677E+00 5.855809E-01 -1.268952E-01 9.666060E-01 2.881768E-02 3.008168E-03 3.692258E+00 8.649088E+00 
1.669526E-01 4.092459E-03 3.586104E-01 1.725492E-01 -1.501520E+00 5.691035E-01 -1.710882E-01 9.270418E-01 2.787061E-02 1.594307E-03 4.242316E+00 9.456824E+00 
1.793279E-01 8.820289E-03 3.479611E-01 1.780914E-01 -1.426624E+00 5.838633E-01 -1.444839E-01 9.697298E-01 2.647861E-02 7.047816E-04 3.946317E+00 8.856663E+00 
1.497676E-01 5.913240E-03 3.415562E-01 1.669183E-01 -1.436516E+00 5.822151E-01 -1.787437E-01 8.970712E-01 2.708321E-02 1.255005E-03 4.313070E+00 8.852911E+00 
1.881429E-01 1.314702E-02 3.346574E-01 1.789867E-01 -1.685951E+00 5.837107E-01 -1.234928E-01 1.016292E+00 2.531186E-02 0.000000E+00 4.239159E+00 9.006837E+00 
1.791334E-01 7.051092E-03 3.325581E-01 1.750832E-01 -1.432584E+00 5.853517E-01 -1.302380E-01 9.986588E-01 2.832947E-02 4.536842E-04 3.851843E+00 8.823435E+00 
1.631647E-01 6.097261E-03 3.451180E-01 1.759451E-01 -1.445311E+00 5.919639E-01 -1.810616E-01 1.062363E+00 3.187154E-02 1.838106E-03 4.164677E+00 8.881532E+00 
1.731552E-01 6.516280E-03 3.604748E-01 1.780518E-01 -1.405682E+00 5.525432E-01 -1.261618E-01 9.284912E-01 2.851296E-02 8.617155E-04 4.519586E+00 7.932608E+00 
1.667579E-01 7.743333E-03 3.352456E-01 1.773240E-01 -1.367706E+00 5.805571E-01 -1.166932E-01 1.030953E+00 2.896583E-02 1.589062E-03 4.394463E+00 9.311604E+00 
1.630802E-01 3.549607E-03 3.484470E-01 1.690918E-01 -1.344345E+00 5.719176E-01 -1.077306E-01 9.962912E-01 2.639994E-02 2.090239E-03 4.086194E+00 1.028508E+01 
1.759889E-01 7.062588E-03 3.695043E-01 1.782134E-01 -1.416377E+00 5.839928E-01 -1.245570E-01 1.084026E+00 3.170857E-02 6.644710E-04 4.216282E+00 8.911152E+00 
1.678499E-01 5.838191E-03 3.679176E-01 1.757496E-01 -1.433935E+00 5.845737E-01 -1.964336E-01 9.033893E-01 2.939190E-02 3.919397E-04 4.478493E+00 9.620341E+00 
1.646888E-01 8.681730E-03 3.626519E-01 1.799418E-01 -1.337465E+00 5.974714E-01 -1.452890E-01 9.588427E-01 2.812780E-02 1.741814E-03 3.977690E+00 6.475360E+00 
1.572989E-01 7.587948E-03 3.474599E-01 1.760885E-01 -1.502765E+00 5.794478E-01 -6.411310E-02 9.546827E-01 2.285004E-02 9.657602E-04 4.511922E+00 8.353160E+00 
1.734150E-01 8.513025E-03 3.306517E-01 1.805690E-01 -1.470743E+00 5.861077E-01 -1.329063E-01 1.014326E+00 2.825965E-02 8.339495E-04 3.902699E+00 9.022509E+00 
1.612606E-01 4.802313E-03 3.496241E-01 1.741875E-01 -1.514863E+00 5.775040E-01 -1.125598E-01 1.018384E+00 2.832575E-02 1.695202E-03 4.069479E+00 8.360450E+00 
1.238518E-01 1.256430E-02 3.521685E-01 1.714331E-01 -1.279709E+00 5.414916E-01 -2.000000E-01 1.040662E+00 2.869823E-02 3.034260E-03 3.175905E+00 8.298254E+00 
1.374829E-01 1.756272E-02 3.147533E-01 1.679319E-01 -1.311078E+00 5.561652E-01 -1.471152E-01 9.863886E-01 2.739855E-02 3.033003E-03 4.583138E+00 7.944694E+00 
1.657771E-01 7.170500E-03 3.323499E-01 1.680643E-01 -1.513862E+00 5.769698E-01 -1.228901E-01 9.045973E-01 2.737211E-02 1.453527E-03 4.110363E+00 9.476138E+00 
1.605524E-01 5.299893E-03 3.403328E-01 1.763749E-01 -1.395682E+00 5.961020E-01 -8.569455E-02 9.553708E-01 2.941828E-02 1.106603E-03 3.613748E+00 9.245954E+00 
1.787580E-01 6.630935E-03 3.246216E-01 1.775814E-01 -1.599759E+00 5.860999E-01 -1.460031E-01 9.831606E-01 2.579192E-02 2.102512E-03 4.195502E+00 8.937531E+00 
1.518120E-01 4.834292E-03 3.025648E-01 1.824769E-01 -1.447216E+00 5.351610E-01 -1.393692E-01 1.085226E+00 3.105932E-02 1.882401E-03 3.739669E+00 8.825558E+00 
1.633236E-01 6.268839E-03 3.449760E-01 1.761701E-01 -1.329347E+00 5.942187E-01 -1.364390E-01 9.540088E-01 2.762698E-02 1.442497E-03 4.261434E+00 9.472770E+00 
1.663667E-01 5.020233E-03 3.411780E-01 1.812178E-01 -1.448023E+00 5.900418E-01 -1.150387E-01 9.831364E-01 2.755475E-02 2.087673E-03 4.511475E+00 1.026712E+01 
1.742711E-01 6.362696E-03 3.591114E-01 1.752164E-01 -1.447866E+00 5.943931E-01 -1.557317E-01 1.090043E+00 2.922643E-02 1.306382E-03 4.502068E+00 9.196144E+00 
1.669883E-01 5.565337E-03 3.212185E-01 1.794746E-01 -1.356197E+00 5.770111E-01 -1.318017E-01 1.025892E+00 2.862084E-02 1.094347E-03 4.216621E+00 1.001911E+01 
1.661205E-01 6.185551E-03 3.723264E-01 1.677488E-01 -1.483386E+00 5.939642E-01 -1.342439E-01 9.462297E-01 2.709421E-02 2.262939E-03 4.267665E+00 9.759866E+00 
1.723993E-01 5.231204E-03 3.250981E-01 1.792064E-01 -1.299767E+00 5.859429E-01 -1.118789E-01 9.503468E-01 2.848455E-02 1.641557E-03 4.355693E+00 8.260109E+00 
1.634375E-01 4.681845E-03 3.536579E-01 1.738911E-01 -1.436786E+00 5.890327E-01 -1.547593E-01 9.927041E-01 2.869169E-02 2.297054E-03 4.512948E+00 9.120954E+00 
1.805340E-01 4.029575E-03 3.442533E-01 1.710414E-01 -1.373292E+00 5.885607E-01 -1.040378E-01 9.980057E-01 2.732844E-02 1.281016E-03 4.106608E+00 9.568035E+00 
1.650060E-01 6.537003E-03 3.381919E-01 1.722092E-01 -1.584599E+00 5.690544E-01 -6.605327E-02 1.009099E+00 2.867335E-02 4.444966E-04 4.191421E+00 9.665683E+00 
1.622389E-01 6.054996E-03 3.467145E-01 1.751428E-01 -1.370037E+00 5.749827E-01 -8.435166E-02 1.051748E+00 3.059521E-02 6.776401E-04 3.802962E+00 7.770663E+00 
1.558187E-01 6.440502E-03 3.368390E-01 1.734000E-01 -1.438079E+00 5.831127E-01 -1.027298E-01 9.439964E-01 2.980148E-02 1.016211E-03 4.043425E+00 8.526137E+00 
1.716772E-01 6.472668E-03 3.632796E-01 1.798590E-01 -1.479886E+00 5.807071E-01 -1.113904E-01 9.432577E-01 2.759949E-02 1.155879E-03 4.750911E+00 8.071814E+00 
1.543627E-01 8.744131E-03 3.099947E-01 1.781578E-01 -1.512183E+00 5.925857E-01 -8.240439E-02 9.802360E-01 2.972194E-02 8.499682E-04 4.107238E+00 9.360248E+00 
1.623108E-01 6.142125E-03 3.380957E-01 1.737971E-01 -1.542670E+00 5.888355E-01 -6.782597E-02 9.995482E-01 2.877951E-02 5.926372E-04 4.376818E+00 1.008288E+01 
1.620993E-01 4.768295E-03 3.554895E-01 1.710618E-01 -1.315878E+00 5.790156E-01 -1.303106E-01 9.000062E-01 2.789427E-02 1.382331E-03 4.269335E+00 9.462322E+00 
1.665499E-01 7.474342E-03 3.617606E-01 1.735878E-01 -1.127127E+00 5.855474E-01 -1.808872E-01 1.040365E+00 2.823815E-02 1.812686E-03 4.757242E+00 9.421722E+00 
1.481812E-01 6.917095E-03 3.540836E-01 1.654303E-01 -1.429402E+00 5.856103E-01 -1.682627E-01 9.989051E-01 3.071119E-02 1.371977E-03 3.697576E+00 9.889049E+00 
1.739098E-01 1.006181E-02 3.486973E-01 1.723507E-01 -1.490546E+00 5.802262E-01 -1.165892E-01 9.730970E-01 2.715784E-02 2.744707E-03 4.250773E+00 9.207188E+00 
1.705646E-01 6.446079E-03 3.105388E-01 1.839403E-01 -1.477846E+00 5.798907E-01 -6.676865E-02 9.327086E-01 2.630489E-02 1.413975E-03 4.748584E+00 9.157361E+00 
1.624484E-01 7.554920E-03 3.624298E-01 1.780272E-01 -1.564789E+00 5.781220E-01 -7.949568E-02 9.566630E-01 2.797591E-02 9.932333E-04 4.294689E+00 7.281239E+00 
1.590274E-01 6.269625E-03 3.441792E-01 1.736973E-01 -1.365207E+00 5.609242E-01 -1.290583E-01 9.984719E-01 2.975283E-02 2.630023E-03 3.871840E+00 7.421800E+00 
1.647781E-01 6.226725E-03 3.527764E-01 1.765816E-01 -1.435116E+00 5.732171E-01 -1.580628E-01 9.039828E-01 2.864513E-02 9.665800E-04 4.830014E+00 9.609370E+00 
1.620322E-01 7.137065E-03 3.481105E-01 1.762669E-01 -1.464095E+00 5.495055E-01 -1.312320E-01 9.604960E-01 2.868058E-02 2.081388E-03 4.317886E+00 9.144541E+00 
1.610156E-01 3.052699E-03 3.426701E-01 1.756178E-01 -1.702146E+00 5.886015E-01 -1.206024E-01 1.014492E+00 2.674249E-02 1.674794E-04 4.369998E+00 9.205789E+00 
1.790938E-01 9.071668E-03 3.487398E-01 1.744261E-01 -1.210339E+00 5.817826E-01 -1.119391E-01 9.102576E-01 2.707360E-02 1.468159E-03 3.894731E+00 9.699619E+00 
1.787616E-01 6.651278E-03 3.596593E-01 1.800301E-01 -1.319735E+00 5.870616E-01 -1.951706E-01 8.874221E-01 2.289779E-02 1.291134E-03 4.227986E+00 8.631090E+00 
1.678131E-01 5.973263E-03 3.484073E-01 1.693641E-01 -1.393236E+00 6.000000E-01 -1.326915E-01 9.426030E-01 2.561279E-02 1.582405E-03 4.105291E+00 9.284574E+00 
1.659446E-01 4.607246E-03 3.408976E-01 1.793010E-01 -1.340413E+00 5.740838E-01 -1.300164E-01 9.358316E-01 2.794892E-02 2.363676E-03 4.419551E+00 1.062030E+01 
1.514040E-01 1.788286E-03 3.794593E-01 1.703902E-01 -1.618646E+00 5.787910E-01 -1.026763E-01 9.114649E-01 2.921274E-02 9.773581E-04 4.200529E+00 1.003613E+01 
1.585596E-01 5.705256E-03 3.343322E-01 1.758305E-01 -1.418343E+00 5.924385E-01 -1.395826E-01 9.965434E-01 2.721686E-02 1.953953E-03 3.199280E+00 9.189996E+00 
1.677886E-01 3.473702E-03 3.433689E-01 1.758476E-01 -1.632968E+00 5.909921E-01 -8.305383E-02 9.040758E-01 2.595175E-02 2.122298E-03 3.809920E+00 8.962644E+00 
1.595057E-01 6.058729E-03 3.332694E-01 1.799747E-01 -1.503665E+00 5.887019E-01 -7.959732E-02 1.057901E+00 2.826502E-02 1.699742E-03 4.223845E+00 9.370493E+00 
1.870875E-01 4.258425E-03 3.518041E-01 1.788864E-01 -1.392795E+00 5.872559E-01 -1.209331E-01 9.228304E-01 2.962452E-02 1.973226E-03 4.160556E+00 9.183707E+00 
1.624368E-01 7.245186E-03 3.476777E-01 1.655882E-01 -1.570244E+00 5.809738E-01 -1.126744E-01 1.039411E+00 2.868586E-02 3.578765E-03 4.171810E+00 1.156200E+01 
1.681572E-01 9.036271E-03 3.450543E-01 1.721487E-01 -1.371356E+00 5.914112E-01 -1.319388E-01 1.035013E+00 2.352145E-02 2.513152E-03 4.154833E+00 9.312080E+00 
1.604394E-01 4.336836E-03 3.340990E-01 1.738442E-01 -1.422836E+00 5.829239E-01 -8.325607E-02 9.819114E-01 2.978472E-02 3.442731E-04 4.278289E+00 9.586066E+00 
1.556828E-01 4.629749E-03 3.471722E-01 1.730057E-01 -1.585726E+00 5.841546E-01 -8.879200E-02 9.741583E-01 2.706087E-02 1.137461E-03 4.005766E+00 9.330533E+00 
1.769297E-01 1.019780E-02 3.387859E-01 1.804099E-01 -1.472341E+00 5.923470E-01 -1.170286E-01 9.688039E-01 3.003559E-02 2.116636E-03 4.178386E+00 9.901156E+00 
1.832694E-01 6.714621E-03 3.402362E-01 1.848800E-01 -1.529891E+00 5.863590E-01 -1.000000E-02 9.985165E-01 2.901500E-02 2.153334E-03 4.372009E+00 8.145439E+00 
1.616447E-01 5.063849E-03 3.563198E-01 1.700883E-01 -1.421442E+00 5.941483E-01 -2.000000E-01 9.641457E-01 2.538372E-02 1.092784E-03 4.136867E+00 9.251766E+00 
1.635022E-01 7.952038E-03 3.135271E-01 1.736153E-01 -1.427221E+00 5.798632E-01 -1.173817E-01 9.450797E-01 2.893736E-02 1.004693E-03 4.069727E+00 1.001070E+01 
1.598155E-01 4.876368E-03 3.369596E-01 1.776722E-01 -1.444685E+00 5.886109E-01 -1.152466E-01 1.026697E+00 2.741246E-02 1.435436E-03 4.108758E+00 9.704335E+00 
1.629721E-01 6.490225E-03 3.579226E-01 1.803771E-01 -1.459580E+00 5.815135E-01 -1.209073E-01 9.504394E-01 2.995363E-02 1.755338E-03 3.921264E+00 8.010540E+00 
1.570524E-01 4.209567E-03 3.361114E-01 1.730633E-01 -1.527025E+00 5.802919E-01 -1.326224E-01 9.576841E-01 2.839672E-02 8.201741E-04 4.049379E+00 8.515529E+00 
1.588719E-01 4.970778E-03 3.534747E-01 1.753997E-01 -1.551987E+00 5.928193E-01 -5.876423E-02 9.816742E-01 2.835082E-02 3.724676E-03 4.338836E+00 8.005027E+00 
1.649954E-01 5.859922E-03 3.775937E-01 1.776784E-01 -1.407873E+00 5.953292E-01 -1.169043E-01 9.074804E-01 2.772266E-02 1.476584E-03 4.452608E+00 9.377309E+00 
1.708166E-01 9.487555E-03 3.396619E-01 1.792630E-01 -1.456900E+00 5.890441E-01 -1.395608E-01 9.306945E-01 2.837082E-02 1.327519E-03 4.213066E+00 8.984291E+00 
1.790538E-01 6.493502E-03 3.523384E-01 1.812750E-01 -1.419884E+00 5.883321E-01 -1.536839E-01 9.299606E-01 2.764013E-02 2.597435E-03 4.256514E+00 8.744525E+00 
1.631152E-01 8.484320E-03 3.456217E-01 1.831859E-01 -1.285990E+00 5.862916E-01 -1.515769E-01 9.494683E-01 2.917013E-02 3.133647E-03 4.154005E+00 8.539653E+00 
1.865772E-01 7.540114E-03 3.356947E-01 1.727254E-01 -1.370200E+00 5.735216E-01 -1.029285E-01 1.050205E+00 2.910073E-02 2.064277E-03 4.618450E+00 8.518548E+00 
1.687914E-01 4.201146E-03 3.459584E-01 1.728498E-01 -1.403171E+00 5.859651E-01 -1.201467E-01 9.844906E-01 2.794288E-02 5.831380E-04 4.185673E+00 9.344887E+00 
1.634648E-01 4.144080E-03 3.334322E-01 1.802925E-01 -1.458788E+00 5.845881E-01 -1.909923E-01 1.053315E+00 2.638048E-02 1.390707E-03 3.965841E+00 8.666348E+00 
1.720723E-01 5.218750E-03 3.331437E-01 1.834402E-01 -1.497428E+00 5.887391E-01 -9.939128E-02 9.429534E-01 2.705286E-02 1.209499E-03 4.373399E+00 8.059073E+00 
1.615478E-01 6.234613E-03 3.524063E-01 1.749861E-01 -1.416030E+00 5.916197E-01 -1.621201E-01 9.380710E-01 2.823436E-02 4.563332E-04 4.364903E+00 7.868967E+00 
1.640172E-01 1.279672E-03 3.565400E-01 1.788040E-01 -1.628885E+00 5.799822E-01 -8.919815E-02 8.990842E-01 2.523254E-02 1.260843E-03 4.483178E+00 9.376725E+00 
1.594350E-01 4.440898E-03 3.531163E-01 1.697776E-01 -1.350709E+00 5.340106E-01 -1.228755E-01 9.357951E-01 2.881010E-02 2.939596E-03 4.344360E+00 1.114071E+01 
1.599702E-01 6.156636E-03 3.354961E-01 1.768615E-01 -1.417619E+00 5.745778E-01 -7.515403E-02 9.246154E-01 2.686321E-02 1.822586E-03 3.782321E+00 8.358541E+00 
1.637791E-01 6.720917E-03 3.466839E-01 1.789150E-01 -1.433145E+00 5.831118E-01 -3.886395E-02 9.497276E-01 3.038056E-02 1.484197E-03 3.621277E+00 8.942739E+00 
1.636568E-01 6.348534E-03 3.356769E-01 1.757732E-01 -1.422143E+00 5.696355E-01 -9.519846E-02 9.640704E-01 3.029050E-02 1.928514E-03 4.357161E+00 8.099468E+00 
1.413622E-01 3.358024E-02 3.390616E-01 1.636127E-01 -1.263605E+00 5.259911E-01 -1.139207E-01 8.437298E-01 2.970958E-02 7.881439E-04 3.930874E+00 1.079960E+01 
1.587986E-01 6.593784E-03 3.371804E-01 1.742562E-01 -1.542710E+00 5.758520E-01 -7.342263E-02 9.706414E-01 2.932521E-02 2.127504E-03 3.839892E+00 9.821454E+00 
1.651770E-01 6.283609E-03 3.522878E-01 1.788248E-01 -1.346674E+00 5.475764E-01 -1.097228E-01 7.528991E-01 2.819537E-02 1.730943E-03 4.220409E+00 9.532697E+00 
1.636339E-01 3.809532E-03 3.326740E-01 1.729244E-01 -1.364794E+00 5.808906E-01 -8.492721E-02 8.867583E-01 2.785308E-02 1.564814E-04 4.555424E+00 9.926160E+00 
1.647061E-01 5.896084E-03 3.688371E-01 1.892592E-01 -1.477021E+00 5.890318E-01 -1.182275E-01 1.001275E+00 2.649786E-02 9.900134E-04 4.255962E+00 8.913161E+00 
1.386168E-01 6.590726E-03 3.438261E-01 1.681287E-01 -1.415369E+00 5.832481E-01 -5.697206E-02 9.732171E-01 3.000017E-02 2.863985E-04 3.974175E+00 9.270811E+00 
1.604262E-01 3.121525E-03 3.532659E-01 1.750641E-01 -1.472714E+00 5.848752E-01 -8.852908E-02 1.052540E+00 2.597566E-02 1.671819E-03 4.093725E+00 1.015976E+01 
1.557144E-01 2.105400E-03 3.426523E-01 1.709680E-01 -1.262675E+00 5.699703E-01 -9.726302E-02 9.446772E-01 3.067099E-02 2.265897E-03 4.180396E+00 9.235619E+00 
1.749807E-01 1.864125E-03 3.439278E-01 1.762484E-01 -1.371633E+00 5.839364E-01 -1.674816E-01 8.780525E-01 2.951255E-02 1.906129E-03 4.284063E+00 7.706182E+00 
1.807231E-01 9.021713E-03 3.689544E-01 1.723944E-01 -1.451207E+00 5.663664E-01 -1.449555E-01 9.959217E-01 2.736582E-02 2.447312E-03 4.080332E+00 8.235806E+00 
1.538184E-01 7.959094E-03 3.397293E-01 1.763392E-01 -1.392050E+00 5.797425E-01 -1.135029E-01 9.442663E-01 2.686110E-02 8.938766E-04 4.219133E+00 9.841394E+00 
1.778719E-01 8.982699E-03 3.507826E-01 1.792965E-01 -1.465661E+00 5.719814E-01 -1.321918E-01 9.765993E-01 3.080357E-02 4.975665E-04 4.100120E+00 8.072101E+00 
1.697287E-01 5.481124E-03 3.705571E-01 1.820910E-01 -1.421864E+00 5.845935E-01 -1.046807E-01 9.345534E-01 2.676859E-02 7.396147E-04 4.485566E+00 9.687704E+00 
1.638986E-01 5.824104E-03 3.439411E-01 1.797848E-01 -1.499483E+00 5.714591E-01 -1.093364E-01 9.322966E-01 3.170055E-02 4.893782E-04 4.086336E+00 9.374636E+00 
1.719141E-01 7.282722E-03 3.576964E-01 1.703990E-01 -1.206249E+00 5.962042E-01 -1.810310E-01 9.439531E-01 2.729481E-02 2.725729E-03 4.782983E+00 1.021149E+01 
1.641308E-01 8.178706E-03 3.490738E-01 1.751482E-01 -1.547599E+00 5.934873E-01 -1.365930E-01 1.053256E+00 2.214599E-02 1.379966E-03 4.346278E+00 9.403437E+00 
1.635607E-01 6.229750E-03 3.552972E-01 1.753762E-01 -1.482567E+00 5.666713E-01 -1.020211E-01 9.320912E-01 2.598949E-02 1.248504E-03 4.104040E+00 9.829821E+00 
1.683756E-01 5.539847E-03 3.490014E-01 1.740251E-01 -1.454620E+00 5.695844E-01 -1.331662E-01 9.349159E-01 2.695094E-02 1.080633E-03 4.111040E+00 1.089289E+01 
1.573453E-01 3.961757E-03 3.455388E-01 1.716101E-01 -1.364258E+00 5.645814E-01 -8.570165E-02 1.053281E+00 2.855961E-02 1.746044E-03 4.196868E+00 8.747317E+00 
1.645869E-01 5.592695E-03 3.368467E-01 1.768453E-01 -1.543791E+00 5.800339E-01 -1.323045E-01 9.711257E-01 2.599527E-02 1.192006E-03 4.170084E+00 8.671011E+00 
1.605687E-01 5.658815E-03 3.510588E-01 1.747542E-01 -1.488489E+00 5.900739E-01 -1.366196E-01 9.828520E-01 3.148047E-02 1.846963E-03 3.798023E+00 9.531725E+00 
9.875805E-02 5.408270E-02 3.710849E-01 1.691782E-01 -1.268701E+00 5.883425E-01 -1.418042E-01 9.293475E-01 3.009470E-02 1.531360E-02 4.299878E+00 2.596020E+00 
1.602187E-01 9.626432E-03 3.536478E-01 1.727550E-01 -1.508227E+00 5.727120E-01 -1.387271E-01 9.314697E-01 2.892885E-02 2.496093E-03 3.985633E+00 9.280564E+00 
1.311833E-01 2.146986E-02 3.434545E-01 1.796264E-01 -1.406090E+00 5.286569E-01 -1.284534E-01 9.806257E-01 2.587349E-02 1.942623E-03 3.919815E+00 9.036729E+00 
1.640371E-01 2.890294E-03 3.592504E-01 1.785956E-01 -1.542478E+00 5.563742E-01 -1.081046E-01 9.388121E-01 2.679753E-02 8.968428E-04 4.473298E+00 1.003267E+01 
1.693685E-01 5.070464E-03 3.460264E-01 1.734542E-01 -1.403136E+00 5.874733E-01 -1.326330E-01 1.064558E+00 2.969768E-02 1.318638E-03 4.033407E+00 9.241327E+00 
1.510832E-01 8.082495E-03 3.481041E-01 1.733061E-01 -1.339216E+00 5.802057E-01 -9.332868E-02 9.870054E-01 2.837322E-02 1.089793E-03 4.520174E+00 8.440193E+00 
1.634478E-01 5.944062E-03 3.477760E-01 1.730719E-01 -1.334111E+00 5.830159E-01 -1.736907E-01 9.387919E-01 2.641438E-02 1.530647E-03 4.290916E+00 8.438401E+00 
1.738370E-01 5.263815E-03 3.438117E-01 1.717556E-01 -1.555017E+00 5.814497E-01 -1.434553E-01 9.567365E-01 2.888365E-02 5.102482E-04 4.223648E+00 9.008143E+00 
1.789271E-01 3.926719E-03 3.285216E-01 1.763831E-01 -1.553740E+00 5.792386E-01 -1.557350E-01 9.027957E-01 2.860138E-02 1.996550E-03 4.264570E+00 9.226502E+00 
1.808422E-01 7.472149E-03 3.533001E-01 1.738034E-01 -1.427220E+00 5.842454E-01 -1.523205E-01 9.182557E-01 2.549758E-02 2.616890E-03 4.189823E+00 8.810470E+00 
1.623454E-01 4.744477E-03 3.482899E-01 1.731402E-01 -1.434362E+00 5.985080E-01 -1.465036E-01 9.779143E-01 2.905213E-02 2.057064E-03 4.080171E+00 9.644324E+00 
1.665674E-01 7.509709E-03 3.441897E-01 1.808407E-01 -1.598772E+00 5.900379E-01 -1.226717E-01 1.067626E+00 2.760214E-02 8.047504E-04 4.387814E+00 9.371066E+00 
1.548373E-01 5.341175E-03 3.740228E-01 1.768587E-01 -1.492751E+00 5.777617E-01 -1.117439E-01 9.719914E-01 2.553263E-02 1.959716E-03 4.187609E+00 6.588582E+00 
1.811854E-01 1.035659E-02 3.619554E-01 1.760487E-01 -1.169679E+00 5.957230E-01 -1.786864E-01 9.453198E-01 2.708891E-02 2.781325E-04 4.912808E+00 1.032748E+01 
1.720773E-01 5.890859E-03 3.136247E-01 1.851791E-01 -1.414582E+00 5.743738E-01 -1.487351E-01 9.705639E-01 2.591623E-02 2.287818E-03 4.756919E+00 9.674559E+00 
1.696349E-01 6.427303E-03 3.474200E-01 1.748398E-01 -1.473229E+00 5.791025E-01 -2.000000E-01 1.005285E+00 3.012794E-02 3.506895E-03 4.264110E+00 9.691867E+00 
1.871108E-01 2.673184E-03 3.448245E-01 1.933785E-01 -1.526968E+00 5.842922E-01 -1.247733E-01 9.283448E-01 3.032849E-02 1.889032E-04 4.189314E+00 7.674633E+00 
1.578379E-01 6.675507E-03 3.369388E-01 1.814843E-01 -1.548615E+00 5.548989E-01 -7.350459E-02 9.342400E-01 2.737616E-02 2.003917E-03 4.467749E+00 7.906969E+00 
1.588651E-01 1.618541E-02 3.565302E-01 1.741773E-01 -1.471597E+00 4.822113E-01 -9.796616E-02 7.894913E-01 3.410836E-02 3.902062E-03 3.881508E+00 9.938767E+00 
1.608225E-01 7.033760E-03 3.531567E-01 1.721295E-01 -1.383116E+00 5.254419E-01 -6.235480E-02 9.585358E-01 2.836166E-02 9.283750E-04 4.577725E+00 8.536667E+00 
1.678826E-01 6.379783E-03 3.507446E-01 1.760908E-01 -1.459088E+00 5.755727E-01 -9.607144E-02 9.317829E-01 3.004169E-02 3.930424E-03 4.074357E+00 9.447161E+00 
1.621915E-01 6.786574E-03 3.371421E-01 1.721246E-01 -1.418171E+00 5.778145E-01 -1.629165E-01 9.593852E-01 2.969760E-02 1.867603E-03 4.305092E+00 1.002236E+01 
1.727258E-01 5.935019E-03 3.670337E-01 1.778740E-01 -1.428847E+00 5.761910E-01 -1.379142E-01 9.335401E-01 2.777614E-02 1.168356E-03 4.626124E+00 8.565975E+00 
1.744360E-01 3.735750E-03 3.462389E-01 1.775419E-01 -1.334562E+00 5.841785E-01 -1.175622E-01 9.456103E-01 3.009146E-02 2.708293E-04 3.996709E+00 8.593290E+00 
1.759937E-01 6.724862E-03 3.650112E-01 1.737358E-01 -1.324469E+00 5.960535E-01 -1.332093E-01 9.812945E-01 2.926582E-02 1.713370E-03 4.701227E+00 1.014323E+01 
1.773516E-01 6.321224E-03 3.620158E-01 1.892154E-01 -1.466527E+00 5.956757E-01 -1.313248E-01 9.716983E-01 2.555030E-02 2.422448E-03 4.231193E+00 8.976497E+00 
1.655430E-01 6.539959E-03 3.419555E-01 1.815155E-01 -1.775349E+00 5.839340E-01 -1.262836E-01 9.541824E-01 3.006794E-02 1.831971E-03 4.852774E+00 9.022728E+00 
1.651533E-01 5.237332E-03 3.524489E-01 1.803578E-01 -1.513481E+00 5.915399E-01 -1.954964E-01 9.412290E-01 2.751257E-02 2.560939E-03 3.767244E+00 9.894527E+00 
1.664665E-01 5.667132E-03 3.364545E-01 1.786822E-01 -1.585822E+00 5.981681E-01 -8.830759E-02 9.529177E-01 2.653735E-02 1.148219E-03 4.301060E+00 8.769760E+00 
1.732493E-01 6.395516E-03 3.439981E-01 1.823386E-01 -1.443623E+00 5.780390E-01 -1.060548E-01 9.364534E-01 2.878017E-02 1.763386E-03 4.348980E+00 7.995721E+00 
1.652845E-01 8.925038E-03 3.505663E-01 1.774836E-01 -1.507192E+00 5.782446E-01 -1.011972E-01 1.010805E+00 3.049562E-02 2.828408E-03 4.301663E+00 9.472581E+00 
1.821961E-01 6.985660E-03 3.495119E-01 1.758577E-01 -1.429706E+00 5.723948E-01 -1.973511E-01 9.931454E-01 2.977833E-02 2.521901E-03 4.176354E+00 9.071618E+00 
1.655535E-01 4.655527E-03 3.662382E-01 1.764376E-01 -1.308148E+00 5.728254E-01 -9.405895E-02 9.235971E-01 3.043410E-02 2.222755E-03 4.170069E+00 9.346729E+00 
1.474653E-01 4.066602E-03 3.278481E-01 1.734240E-01 -1.442022E+00 5.918220E-01 -1.114556E-01 9.693727E-01 2.763654E-02 1.352539E-03 4.504644E+00 1.053197E+01 
1.741315E-01 1.642833E-02 3.452835E-01 1.729988E-01 -1.453062E+00 5.668208E-01 -7.761818E-02 9.019661E-01 2.958398E-02 5.721292E-03 2.374075E+00 1.159858E+01 
1.396605E-01 6.737174E-03 3.446558E-01 1.678634E-01 -1.440893E+00 5.031269E-01 -1.546893E-01 9.108295E-01 2.870485E-02 2.218765E-03 3.851006E+00 9.353166E+00 
1.545665E-01 6.525441E-03 3.349663E-01 1.789204E-01 -1.526070E+00 5.731305E-01 -4.666280E-02 9.467722E-01 2.839385E-02 0.000000E+00 4.197268E+00 9.583355E+00 
1.669662E-01 5.689385E-03 3.452542E-01 1.824984E-01 -1.395783E+00 5.893640E-01 -1.358813E-01 9.733964E-01 2.887877E-02 1.104376E-03 4.158369E+00 8.928020E+00 
1.392361E-01 7.790811E-04 3.448508E-01 1.815899E-01 -1.478523E+00 5.878468E-01 -1.347027E-01 9.570269E-01 2.691842E-02 1.110112E-02 4.684654E+00 7.317446E+00 
1.595218E-01 8.483982E-03 3.256116E-01 1.776378E-01 -1.359267E+00 5.861078E-01 -1.079607E-01 9.865951E-01 2.689584E-02 4.833139E-03 4.267099E+00 8.525700E+00 
1.677473E-01 5.538844E-03 3.418770E-01 1.792383E-01 -1.444358E+00 5.762173E-01 -8.153120E-02 9.524024E-01 2.916991E-02 1.408367E-03 4.261780E+00 9.356468E+00 
1.872233E-01 7.181889E-03 3.273027E-01 1.750997E-01 -1.383906E+00 5.892189E-01 -1.903902E-01 9.275305E-01 2.690644E-02 1.570743E-03 4.086577E+00 9.214222E+00 
1.615360E-01 5.276624E-03 3.540223E-01 1.756077E-01 -1.403373E+00 5.736785E-01 -7.909919E-02 9.629841E-01 2.785888E-02 1.368273E-03 4.001277E+00 1.023923E+01 
1.680533E-01 1.322866E-02 3.466024E-01 1.786016E-01 -1.424585E+00 4.665221E-01 -1.035683E-01 1.024258E+00 2.841432E-02 5.575872E-03 4.586084E+00 1.047727E+01 
1.649949E-01 6.360610E-03 3.520971E-01 1.767638E-01 -1.409430E+00 5.874856E-01 -1.234344E-01 9.472399E-01 3.101609E-02 1.870907E-03 4.582028E+00 9.711856E+00 
1.126605E-01 3.863311E-02 3.327187E-01 1.742694E-01 -1.410983E+00 5.884774E-01 -9.874383E-02 8.107136E-01 2.323509E-02 5.514659E-03 4.035258E+00 1.109795E+01 
1.630407E-01 6.216501E-03 3.578177E-01 1.777203E-01 -1.411225E+00 5.902386E-01 -1.777574E-01 9.471443E-01 2.922436E-02 8.584467E-04 4.080262E+00 9.656075E+00 
1.688325E-01 6.039143E-03 3.579172E-01 1.757788E-01 -1.391006E+00 5.886158E-01 -1.400265E-01 9.605467E-01 3.106756E-02 1.874233E-03 4.289996E+00 9.528723E+00 
1.548028E-01 2.794321E-03 3.464377E-01 1.703281E-01 -1.481261E+00 5.750269E-01 -5.401348E-02 8.686051E-01 2.772065E-02 3.276364E-04 4.138750E+00 8.755524E+00 
1.649046E-01 6.320203E-03 3.430225E-01 1.759366E-01 -1.457944E+00 5.637851E-01 -6.850973E-02 9.689150E-01 2.961349E-02 1.246217E-03 4.395381E+00 8.972189E+00 
1.420433E-01 9.454106E-03 3.710073E-01 1.729850E-01 -1.582738E+00 5.761732E-01 -1.145960E-01 9.568150E-01 2.830128E-02 2.069413E-04 4.037404E+00 8.843434E+00 
1.613833E-01 6.043935E-03 3.655263E-01 1.788309E-01 -1.300352E+00 5.814218E-01 -7.893909E-02 9.323179E-01 3.019873E-02 1.042841E-03 4.111419E+00 9.111066E+00 
1.706472E-01 1.282242E-02 3.534495E-01 1.672823E-01 -1.356238E+00 5.814350E-01 -9.868404E-02 9.487879E-01 3.197983E-02 8.840921E-04 4.420747E+00 8.003962E+00 
1.733452E-01 5.560219E-03 3.353840E-01 1.809015E-01 -1.439989E+00 5.773551E-01 -1.242505E-01 9.755346E-01 2.852177E-02 1.427079E-03 4.351311E+00 9.275846E+00 
1.797604E-01 6.214862E-03 3.643727E-01 1.780136E-01 -1.577265E+00 5.564653E-01 -1.634975E-01 8.996898E-01 2.244777E-02 5.876304E-04 4.441839E+00 1.110050E+01 
1.583821E-01 9.460785E-03 3.269726E-01 1.771845E-01 -1.250463E+00 5.642662E-01 -6.775623E-02 9.086329E-01 2.912797E-02 1.452905E-03 4.036277E+00 9.163638E+00 
1.672744E-01 1.438847E-02 3.451634E-01 1.665338E-01 -1.476241E+00 5.861229E-01 -9.395362E-02 9.980619E-01 2.733957E-02 5.212434E-03 3.729574E+00 9.192900E+00 
1.646821E-01 4.231616E-03 3.595174E-01 1.723112E-01 -1.281616E+00 5.942516E-01 -9.410446E-02 9.620561E-01 2.719518E-02 8.435964E-04 4.180283E+00 9.087198E+00 
1.649744E-01 5.791846E-03 3.426088E-01 1.828684E-01 -1.507400E+00 5.962894E-01 -1.334945E-01 9.661318E-01 2.886367E-02 8.288885E-04 4.395013E+00 9.594592E+00 
1.834877E-01 8.358777E-03 3.642369E-01 1.766961E-01 -1.347322E+00 5.961193E-01 -1.556855E-01 9.786019E-01 2.685502E-02 8.757178E-04 4.135152E+00 8.323101E+00 
1.577621E-01 6.938310E-03 3.563796E-01 1.754635E-01 -1.463894E+00 5.886970E-01 -9.444372E-02 9.314840E-01 2.749705E-02 1.524272E-03 4.389242E+00 8.400465E+00 
1.614135E-01 8.457319E-03 3.413009E-01 1.794524E-01 -1.438128E+00 5.827899E-01 -1.090040E-01 9.623555E-01 2.852814E-02 5.751136E-03 4.393282E+00 9.875929E+00 
1.400327E-01 1.975320E-02 3.171420E-01 1.718558E-01 -1.457425E+00 5.985872E-01 -1.289297E-01 9.821557E-01 3.177872E-02 1.741104E-03 4.167441E+00 1.020338E+01 
1.614142E-01 4.424455E-03 3.408235E-01 1.691622E-01 -1.456667E+00 5.854034E-01 -1.057085E-01 8.987231E-01 2.888670E-02 1.931272E-03 3.788022E+00 8.936723E+00 
1.636681E-01 4.972987E-03 3.664821E-01 1.771211E-01 -1.423896E+00 5.875187E-01 -9.395305E-02 9.371767E-01 2.751291E-02 1.001390E-03 4.440121E+00 8.980131E+00 
1.441814E-01 2.967003E-03 3.363735E-01 1.776325E-01 -1.506134E+00 5.801414E-01 -1.000000E-02 9.455532E-01 2.823550E-02 2.158169E-03 4.012297E+00 1.003871E+01 
1.304009E-01 6.963017E-03 3.554954E-01 1.658066E-01 -1.392691E+00 5.867200E-01 -1.403591E-01 9.379733E-01 2.728022E-02 2.037429E-03 4.026749E+00 8.753879E+00 
1.695956E-01 9.417262E-03 3.415998E-01 1.823979E-01 -1.392262E+00 5.704517E-01 -1.033902E-01 9.655369E-01 2.894741E-02 1.585923E-03 3.631486E+00 8.652858E+00 
1.585326E-01 5.784574E-03 3.535375E-01 1.764892E-01 -1.423177E+00 5.794497E-01 -4.887506E-02 9.273287E-01 2.639453E-02 4.796580E-04 4.159946E+00 9.336179E+00 
1.678978E-01 4.262755E-03 3.354975E-01 1.720206E-01 -1.241907E+00 5.769825E-01 -7.351318E-02 9.684337E-01 2.728409E-02 2.993723E-03 3.762805E+00 9.148459E+00 
1.692492E-01 6.287462E-03 3.412576E-01 1.753731E-01 -1.465350E+00 5.897712E-01 -1.953569E-01 1.017199E+00 2.718394E-02 1.308434E-03 4.317440E+00 9.662153E+00 
1.510206E-01 6.011768E-03 3.531418E-01 1.725314E-01 -1.377384E+00 5.773374E-01 -9.592911E-02 9.191271E-01 2.656020E-02 6.072353E-04 3.889911E+00 1.113769E+01 
1.569478E-01 8.173396E-03 3.435674E-01 1.862127E-01 -1.463855E+00 5.847290E-01 -1.509369E-01 9.898539E-01 2.580373E-02 1.205891E-03 4.613871E+00 9.110475E+00 
1.620719E-01 5.575737E-03 3.529018E-01 1.685774E-01 -1.348708E+00 5.773815E-01 -1.364665E-01 9.266890E-01 2.737165E-02 3.987609E-03 3.939160E+00 8.253494E+00 
1.422480E-01 4.785519E-03 3.455908E-01 1.786940E-01 -1.525378E+00 5.895240E-01 -1.234083E-01 8.886169E-01 2.671894E-02 2.503784E-03 4.178387E+00 9.320122E+00 
1.549034E-01 7.789735E-03 3.568863E-01 1.759146E-01 -1.529447E+00 5.862263E-01 -1.090894E-01 9.057436E-01 2.935528E-02 9.611834E-04 3.986606E+00 8.416616E+00 
2.000000E-01 4.060447E-03 3.726997E-01 1.771336E-01 -1.318287E+00 5.808226E-01 -1.550063E-01 9.373993E-01 2.766588E-02 6.008692E-04 4.524950E+00 6.560427E+00 
8.947708E-02 5.546451E-02 3.383903E-01 1.727298E-01 -1.460099E+00 5.893636E-01 -9.202390E-02 9.569353E-01 2.712514E-02 9.393916E-03 4.460921E+00 7.985092E+00 
1.609639E-01 1.534314E-02 3.318183E-01 1.651511E-01 -1.117069E+00 5.648641E-01 -6.249362E-02 8.843485E-01 2.999097E-02 2.280712E-03 4.253482E+00 1.144232E+01 
1.609397E-01 4.823157E-03 3.522363E-01 1.772565E-01 -1.455307E+00 5.798750E-01 -1.200220E-01 9.752784E-01 2.800162E-02 8.238881E-04 4.259686E+00 8.000033E+00 
1.800307E-01 5.279876E-03 3.346451E-01 1.746418E-01 -1.366863E+00 5.841400E-01 -1.441180E-01 9.736473E-01 2.666617E-02 2.155580E-03 4.290488E+00 9.079696E+00 
1.734455E-01 8.725013E-03 3.499041E-01 1.717480E-01 -1.384574E+00 5.714881E-01 -9.089663E-02 1.031237E+00 2.892454E-02 8.004373E-04 4.231160E+00 1.031375E+01 
1.503955E-01 5.993930E-03 3.350011E-01 1.753241E-01 -1.421529E+00 5.770240E-01 -8.905156E-02 9.336441E-01 2.784554E-02 1.918563E-03 4.164937E+00 8.792386E+00 
1.767647E-01 1.064514E-02 3.273795E-01 1.781247E-01 -1.401015E+00 5.837383E-01 -1.439732E-01 9.655293E-01 2.859663E-02 1.324496E-03 4.374106E+00 8.038386E+00 
1.573623E-01 5.141041E-03 3.370488E-01 1.689235E-01 -1.369962E+00 5.750814E-01 -6.643335E-02 9.703655E-01 2.735809E-02 1.541286E-03 4.475759E+00 8.449869E+00 
1.760665E-01 4.117175E-03 3.536568E-01 1.775755E-01 -1.439561E+00 5.876797E-01 -1.223897E-01 8.845361E-01 2.799755E-02 9.204509E-04 4.002257E+00 9.517356E+00 
2.531858E-02 3.322680E-02 3.311322E-01 1.667002E-01 -1.297512E+00 5.506664E-01 -5.776906E-02 9.253040E-01 3.084703E-02 6.614289E-03 4.096951E+00 9.390691E+00 
1.695114E-01 7.949033E-03 3.452787E-01 1.742672E-01 -1.396593E+00 5.920260E-01 -9.250389E-02 9.293567E-01 2.831876E-02 1.038466E-03 4.571963E+00 8.996648E+00 
1.662027E-01 8.941805E-03 3.367459E-01 1.758907E-01 -1.488692E+00 5.701059E-01 -1.629449E-01 1.006159E+00 3.025029E-02 8.286321E-03 4.292497E+00 9.990782E+00 
1.873664E-01 1.040225E-02 3.380625E-01 1.763496E-01 -1.483474E+00 5.713083E-01 -1.200318E-01 9.518395E-01 2.972113E-02 5.215500E-04 4.044766E+00 9.258389E+00 
1.609249E-01 7.878359E-03 3.389809E-01 1.745204E-01 -1.498812E+00 5.959372E-01 -9.890449E-02 9.276340E-01 2.827482E-02 3.679514E-04 4.270614E+00 9.058338E+00 
1.600878E-01 5.020674E-03 3.316823E-01 1.834154E-01 -1.425593E+00 5.803858E-01 -1.117001E-01 9.052371E-01 2.897905E-02 5.529216E-04 4.040045E+00 8.402249E+00 
2.000000E-01 9.594705E-03 3.414644E-01 1.857817E-01 -1.409850E+00 5.860898E-01 -1.282233E-01 8.761648E-01 3.085912E-02 1.101488E-03 3.807177E+00 8.714919E+00 
1.723473E-01 5.312923E-03 3.215412E-01 1.733184E-01 -1.404457E+00 5.915580E-01 -1.221687E-01 9.789869E-01 3.019751E-02 9.872119E-04 3.998126E+00 7.664565E+00 
1.735011E-01 6.296445E-03 3.083489E-01 1.740917E-01 -1.439630E+00 5.846443E-01 -2.000000E-01 9.580128E-01 3.012791E-02 1.152133E-03 4.276839E+00 8.752398E+00 
1.816170E-01 3.147669E-03 3.521866E-01 1.796915E-01 -1.306134E+00 5.840310E-01 -1.140270E-01 9.013264E-01 2.920526E-02 1.536477E-03 3.629877E+00 9.304337E+00 
1.686413E-01 7.168154E-03 3.389535E-01 1.845092E-01 -1.378479E+00 5.803573E-01 -1.282841E-01 9.229081E-01 2.936678E-02 1.176162E-03 4.529124E+00 8.145157E+00 
1.684765E-01 1.748669E-03 3.492532E-01 1.773624E-01 -1.529728E+00 6.000000E-01 -1.596782E-01 9.187681E-01 2.714858E-02 9.562387E-04 4.304442E+00 9.008216E+00 
1.626303E-01 3.569671E-03 3.419648E-01 1.738044E-01 -1.470550E+00 5.785178E-01 -8.093431E-02 8.799909E-01 3.039122E-02 1.172167E-03 4.397712E+00 8.634119E+00 
1.620931E-01 1.000000E-04 3.467298E-01 1.783553E-01 -1.328424E+00 5.860796E-01 -1.161024E-01 9.172302E-01 2.652950E-02 6.604652E-04 3.670847E+00 8.910181E+00 
1.614444E-01 4.266402E-03 3.522390E-01 1.786997E-01 -1.595146E+00 5.917182E-01 -1.638962E-01 8.703843E-01 2.540824E-02 9.146533E-04 4.091553E+00 9.471897E+00 
1.711618E-01 1.196506E-02 3.366839E-01 1.824185E-01 -1.411710E+00 6.000000E-01 -1.152134E-01 1.032250E+00 2.791592E-02 1.102455E-03 3.989316E+00 9.412686E+00 
1.693596E-01 7.279051E-03 3.541303E-01 1.777205E-01 -1.330801E+00 5.934024E-01 -1.251286E-01 9.325226E-01 2.853763E-02 1.872792E-03 4.143665E+00 8.359557E+00 
1.630493E-01 1.102437E-02 3.576683E-01 1.662058E-01 -1.590672E+00 5.893319E-01 -1.512151E-01 9.220084E-01 2.465794E-02 1.934793E-03 4.078833E+00 8.968614E+00 
1.641855E-01 9.054940E-03 3.477379E-01 1.805210E-01 -1.796406E+00 5.696997E-01 -7.227558E-02 9.090750E-01 2.687419E-02 1.468961E-04 4.177581E+00 9.637199E+00 
1.672591E-01 6.858137E-03 3.477475E-01 1.780557E-01 -1.324255E+00 5.829137E-01 -1.122696E-01 8.565126E-01 2.881671E-02 8.228470E-04 4.290021E+00 9.828282E+00 
1.788236E-01 1.238147E-02 3.535003E-01 1.759266E-01 -1.425962E+00 5.925729E-01 -1.259372E-01 8.547434E-01 2.665214E-02 1.063687E-03 4.777357E+00 9.299627E+00 
1.469057E-01 1.104584E-02 3.631279E-01 1.731935E-01 -1.427779E+00 5.542344E-01 -8.848267E-02 9.833287E-01 2.975577E-02 1.894441E-03 4.171450E+00 9.189805E+00 
1.718408E-01 5.613299E-03 3.320453E-01 1.730050E-01 -1.410971E+00 5.821266E-01 -1.032215E-01 1.018214E+00 2.681016E-02 1.182489E-03 4.120227E+00 9.503920E+00 
1.593857E-01 3.154998E-03 3.419127E-01 1.760330E-01 -1.298285E+00 5.915709E-01 -6.955719E-02 9.061045E-01 2.798964E-02 1.010626E-03 4.315499E+00 9.008501E+00 
1.623750E-01 5.502383E-03 3.585679E-01 1.779322E-01 -1.546067E+00 5.846121E-01 -6.021863E-02 9.246151E-01 2.692395E-02 1.473151E-03 4.378019E+00 9.781618E+00 
1.638665E-01 8.153120E-03 3.370281E-01 1.803607E-01 -1.461377E+00 5.816956E-01 -7.699652E-02 9.476724E-01 2.623832E-02 1.388406E-03 4.233631E+00 9.982500E+00 
1.830710E-01 6.915266E-03 3.334595E-01 1.795846E-01 -1.373540E+00 5.783537E-01 -1.111840E-01 8.823867E-01 2.919408E-02 1.371186E-03 4.027932E+00 9.344954E+00 
1.526256E-01 3.529308E-03 3.482459E-01 1.719221E-01 -1.402062E+00 5.756804E-01 -1.152962E-01 8.713790E-01 2.688469E-02 1.246904E-03 4.233290E+00 9.281798E+00 
1.470082E-01 2.223252E-02 3.625554E-01 1.771628E-01 -1.830083E+00 5.901719E-01 -2.000000E-01 9.663633E-01 2.517217E-02 1.953909E-04 4.345507E+00 9.024644E+00 
1.608195E-01 4.461524E-03 3.250831E-01 1.751885E-01 -1.361479E+00 5.870151E-01 -1.482802E-01 9.618091E-01 2.587767E-02 1.889497E-03 3.950554E+00 9.094946E+00 
1.396310E-01 1.946832E-02 3.361293E-01 1.707647E-01 -1.407397E+00 5.448038E-01 -1.112027E-01 8.606150E-01 2.991987E-02 2.501277E-03 4.054311E+00 9.642435E+00 
1.635067E-01 5.162611E-03 3.405121E-01 1.720297E-01 -1.394778E+00 5.639704E-01 -1.357813E-01 9.683034E-01 2.748462E-02 6.525445E-04 4.186852E+00 8.884724E+00 
1.663263E-01 3.820671E-03 3.388970E-01 1.693991E-01 -1.504547E+00 5.724122E-01 -1.045659E-01 9.940124E-01 2.879534E-02 7.703809E-04 3.585507E+00 9.969410E+00 
1.651540E-01 5.091161E-03 3.506013E-01 1.782008E-01 -1.573151E+00 5.807849E-01 -1.257092E-01 9.121798E-01 2.443907E-02 1.747173E-03 4.148598E+00 8.984648E+00 
2.000000E-01 7.707600E-03 3.465161E-01 1.811900E-01 -1.378544E+00 5.783799E-01 -7.275921E-02 9.792144E-01 2.818157E-02 1.504909E-03 4.324483E+00 9.812736E+00 
1.587601E-01 4.388774E-03 3.335942E-01 1.736477E-01 -1.376686E+00 5.732437E-01 -1.155096E-01 9.451621E-01 3.062865E-02 1.732985E-03 3.886720E+00 8.425647E+00 
1.659790E-01 5.435576E-03 3.583450E-01 1.814790E-01 -1.519631E+00 5.930234E-01 -1.187107E-01 9.685952E-01 2.838693E-02 1.346071E-03 4.091248E+00 8.937978E+00 
8.369373E-02 5.464624E-02 3.262091E-01 1.690869E-01 -1.344727E+00 5.250645E-01 -9.436962E-02 1.007113E+00 2.971677E-02 4.550608E-03 2.924279E+00 7.887038E+00 
1.502498E-01 4.427430E-03 3.409265E-01 1.761774E-01 -1.406654E+00 5.839233E-01 -7.511909E-02 9.238558E-01 2.755980E-02 1.640416E-03 3.929679E+00 9.178393E+00 
1.618484E-01 6.949112E-03 3.375074E-01 1.795103E-01 -1.428702E+00 5.865413E-01 -9.288613E-02 9.600418E-01 2.914515E-02 2.426052E-03 4.351443E+00 9.390616E+00 
1.632922E-01 4.479447E-03 3.477344E-01 1.790470E-01 -1.463842E+00 5.873523E-01 -9.494849E-02 9.643221E-01 2.954929E-02 2.473129E-03 3.929634E+00 8.716117E+00 
1.310832E-01 6.991028E-02 3.592224E-01 1.724323E-01 -1.326694E+00 4.231309E-01 -1.759879E-01 1.032360E+00 2.738763E-02 3.650800E-03 3.430902E+00 8.802826E+00 
1.620379E-01 5.350831E-03 3.350735E-01 1.823167E-01 -1.462799E+00 5.819429E-01 -1.171915E-01 9.650306E-01 2.552025E-02 6.342978E-04 4.349375E+00 8.420402E+00 
1.660421E-01 8.030135E-03 3.527597E-01 1.804754E-01 -1.476751E+00 5.977924E-01 -1.411540E-01 9.690612E-01 2.800058E-02 9.704950E-04 4.140589E+00 8.308094E+00 
1.715351E-01 3.409303E-03 3.207692E-01 1.750561E-01 -1.328363E+00 5.993669E-01 -1.192859E-01 1.064667E+00 2.924028E-02 1.500480E-03 4.428816E+00 8.370048E+00 
1.629830E-01 5.170755E-03 3.518440E-01 1.729829E-01 -1.298971E+00 5.719749E-01 -9.380760E-02 9.317473E-01 2.843758E-02 1.904511E-03 4.499054E+00 9.166063E+00 
1.728358E-01 6.259240E-03 3.466386E-01 1.766496E-01 -1.386318E+00 5.584637E-01 -1.145036E-01 9.015380E-01 2.807327E-02 1.507762E-03 4.601499E+00 1.155546E+01 
1.634295E-01 7.594211E-03 3.572997E-01 1.733043E-01 -1.488041E+00 6.000000E-01 -1.719558E-01 9.206258E-01 2.770814E-02 1.836058E-03 4.426657E+00 1.077910E+01 
1.758576E-01 6.393634E-03 3.657530E-01 1.814976E-01 -1.256655E+00 5.939972E-01 -1.964885E-01 9.458158E-01 2.541701E-02 1.408312E-03 4.730286E+00 9.379026E+00 
1.077246E-01 1.054761E-02 3.323055E-01 1.668376E-01 -1.395819E+00 5.636120E-01 -5.360773E-02 8.604416E-01 2.731905E-02 4.359065E-03 3.752450E+00 8.140830E+00 
1.718986E-01 7.041589E-03 3.531318E-01 1.742681E-01 -1.460291E+00 5.900607E-01 -1.785955E-01 9.324104E-01 2.471484E-02 2.568496E-03 4.706604E+00 8.488465E+00 
6.330635E-02 9.109260E-03 3.363638E-01 1.598589E-01 -1.408143E+00 5.800983E-01 -1.085930E-01 9.430903E-01 2.148475E-02 1.211315E-02 4.333033E+00 4.339067E+00 
1.882170E-01 6.597737E-03 3.513674E-01 1.761560E-01 -1.391908E+00 6.000000E-01 -5.920010E-02 9.511005E-01 2.861025E-02 6.720559E-06 4.147173E+00 9.659342E+00 
1.260292E-01 2.221095E-02 3.318970E-01 1.705356E-01 -1.383450E+00 5.931643E-01 -8.608030E-02 9.519621E-01 2.697294E-02 1.613337E-02 4.388660E+00 7.842502E+00 
1.716713E-01 8.934645E-03 3.747359E-01 1.687343E-01 -1.491883E+00 5.619469E-01 -1.791727E-01 9.081905E-01 3.251055E-02 1.150118E-03 4.206524E+00 7.642316E+00 
1.625868E-01 5.868645E-03 3.420506E-01 1.765690E-01 -1.483278E+00 5.791373E-01 -8.422245E-02 9.551556E-01 2.868246E-02 2.271748E-03 4.181457E+00 8.451475E+00 
1.585473E-01 5.478177E-02 3.548402E-01 1.736464E-01 -1.319664E+00 5.528200E-01 -1.014061E-01 9.678655E-01 2.864596E-02 4.407945E-03 3.628573E+00 1.004787E+01 
1.586508E-01 8.160457E-03 3.496164E-01 1.790498E-01 -1.483016E+00 5.971114E-01 -1.385580E-01 8.849010E-01 2.802522E-02 1.007022E-03 3.684467E+00 9.203354E+00 
1.731969E-01 6.013157E-03 3.341220E-01 1.736086E-01 -1.622757E+00 5.845145E-01 -1.693853E-01 9.407564E-01 2.838106E-02 2.273189E-03 4.057176E+00 8.936713E+00 
1.661659E-01 7.108071E-03 3.480040E-01 1.769940E-01 -1.336682E+00 5.972721E-01 -8.872118E-02 9.804203E-01 3.088652E-02 2.035130E-03 4.255791E+00 8.787972E+00 
1.579829E-01 6.439808E-03 3.354393E-01 1.771868E-01 -1.519672E+00 5.953312E-01 -1.050927E-01 1.048258E+00 2.780090E-02 4.742507E-04 3.971783E+00 8.446402E+00 
1.775922E-01 7.006822E-03 3.618290E-01 1.809498E-01 -1.424532E+00 5.724195E-01 -1.660420E-01 9.841135E-01 2.860156E-02 1.199806E-03 4.146381E+00 8.427097E+00 
1.686179E-01 5.580180E-03 3.462394E-01 1.774898E-01 -1.353111E+00 5.881947E-01 -1.114742E-01 1.022170E+00 2.913413E-02 2.722959E-03 4.328173E+00 9.548515E+00 
1.719401E-01 4.219921E-03 3.378531E-01 1.787490E-01 -1.416700E+00 5.778743E-01 -1.016760E-01 8.935487E-01 2.846646E-02 9.436708E-04 4.521725E+00 9.487901E+00 
1.687948E-01 9.859510E-03 3.438606E-01 1.731072E-01 -1.369331E+00 5.802920E-01 -9.076314E-02 8.736238E-01 2.985323E-02 7.581092E-03 4.206382E+00 9.629239E+00 
1.663245E-01 1.057891E-02 3.378012E-01 1.763509E-01 -1.323247E+00 5.565724E-01 -1.272557E-01 9.542533E-01 2.929485E-02 1.595200E-03 4.124761E+00 8.832465E+00 
1.619665E-01 4.832054E-03 3.371157E-01 1.807730E-01 -1.361928E+00 5.783142E-01 -1.188061E-01 9.564291E-01 2.838172E-02 1.252724E-03 3.802583E+00 1.010890E+01 
1.695659E-01 5.387060E-03 3.495030E-01 1.698757E-01 -1.398852E+00 5.884528E-01 -1.242194E-01 8.995758E-01 3.138233E-02 1.261879E-03 4.063228E+00 1.012192E+01 
1.632404E-01 3.662755E-03 3.349451E-01 1.764037E-01 -1.468568E+00 5.816755E-01 -8.779068E-02 9.699429E-01 3.276831E-02 7.112027E-04 4.286754E+00 9.499179E+00 
1.727220E-01 5.746130E-03 3.474386E-01 1.813519E-01 -1.421995E+00 5.797190E-01 -1.386662E-01 9.444195E-01 2.883065E-02 1.169299E-03 4.058066E+00 1.023294E+01 
1.687817E-01 6.614357E-03 3.554531E-01 1.760829E-01 -1.393947E+00 5.806347E-01 -1.250195E-01 9.964118E-01 3.009930E-02 1.194459E-03 4.304879E+00 8.831628E+00 
1.204380E-01 3.160750E-02 3.144358E-01 1.408281E-01 -1.151005E+00 4.775782E-01 -1.999926E-02 9.581376E-01 3.145014E-02 1.753121E-03 2.800736E+00 9.591382E+00 
1.649318E-01 8.744284E-03 3.434334E-01 1.812875E-01 -1.574670E+00 5.724780E-01 -1.078364E-01 8.649939E-01 2.944294E-02 1.492773E-03 3.955776E+00 9.611891E+00 
1.622529E-01 5.589926E-03 3.506495E-01 1.758104E-01 -1.477321E+00 5.775821E-01 -1.020525E-01 9.737863E-01 2.911705E-02 1.943914E-03 3.909728E+00 9.181051E+00 
1.617955E-01 5.299281E-03 3.481812E-01 1.737737E-01 -1.554141E+00 5.734185E-01 -7.656797E-02 9.285860E-01 2.773687E-02 1.519483E-03 4.508654E+00 9.319880E+00 
1.670488E-01 4.035811E-03 3.719836E-01 1.780206E-01 -1.445294E+00 5.933586E-01 -1.195787E-01 9.930457E-01 2.781927E-02 1.587937E-03 4.209593E+00 9.275971E+00 
1.763180E-01 2.348709E-02 3.655012E-01 1.806138E-01 -1.324456E+00 5.791429E-01 -1.043534E-01 9.675676E-01 2.878166E-02 1.744956E-04 4.727947E+00 8.303782E+00 
1.666668E-01 1.023964E-02 3.276589E-01 1.670164E-01 -1.406283E+00 5.852206E-01 -1.110059E-01 9.956846E-01 2.661644E-02 1.586149E-03 4.666736E+00 9.645133E+00 
1.749534E-01 8.029411E-03 3.425401E-01 1.791663E-01 -1.424144E+00 5.848092E-01 -1.167949E-01 9.284403E-01 2.963415E-02 1.010053E-03 4.159764E+00 9.054879E+00 
1.600852E-01 9.973605E-03 3.428314E-01 1.777952E-01 -1.367213E+00 5.868691E-01 -1.600250E-01 8.663331E-01 2.639610E-02 1.514622E-03 4.226506E+00 8.297690E+00 
1.592299E-01 6.719132E-03 3.432063E-01 1.726795E-01 -1.257330E+00 5.368486E-01 -7.375822E-02 9.251451E-01 3.029191E-02 2.627851E-03 3.869685E+00 1.022250E+01 
1.607068E-01 2.840156E-03 3.487994E-01 1.749790E-01 -1.603333E+00 5.893319E-01 -1.178054E-01 9.657558E-01 2.618442E-02 1.435735E-03 3.988847E+00 1.084075E+01 
1.659048E-01 4.351935E-03 3.490842E-01 1.817773E-01 -1.708855E+00 5.936460E-01 -1.041835E-01 9.456072E-01 2.978736E-02 1.803518E-03 3.867976E+00 9.197871E+00 
1.526772E-01 5.658584E-03 3.480406E-01 1.769325E-01 -1.415515E+00 5.922871E-01 -1.408280E-01 9.874887E-01 2.814034E-02 9.833735E-05 3.989963E+00 1.028225E+01 
1.695433E-01 4.554156E-03 3.347153E-01 1.737695E-01 -1.466748E+00 5.138210E-01 -9.218718E-02 8.974310E-01 3.290783E-02 4.004556E-03 4.272590E+00 1.032974E+01 
1.473128E-01 3.163908E-03 3.475712E-01 1.777210E-01 -1.395805E+00 5.809461E-01 -1.737516E-01 9.806617E-01 2.946756E-02 2.059686E-03 4.098189E+00 8.789951E+00 
1.778041E-01 6.914389E-03 3.391726E-01 1.770156E-01 -1.371634E+00 5.901894E-01 -1.218262E-01 1.003581E+00 2.811625E-02 1.304766E-03 4.499397E+00 9.605258E+00 
1.697051E-01 5.695793E-03 3.432350E-01 1.817481E-01 -1.380660E+00 5.883625E-01 -1.483165E-01 9.345806E-01 2.533636E-02 1.501967E-03 4.182495E+00 9.638753E+00 
1.239996E-01 8.597414E-03 3.529578E-01 1.644577E-01 -1.538931E+00 5.833150E-01 -1.842526E-01 9.641189E-01 2.921029E-02 2.704452E-03 3.811372E+00 9.813415E+00 
1.664551E-01 4.429718E-03 3.596556E-01 1.755910E-01 -1.383439E+00 5.840250E-01 -1.648824E-01 9.355063E-01 2.586764E-02 9.056828E-04 4.396322E+00 9.809245E+00 
1.673200E-01 8.340530E-03 3.354774E-01 1.764014E-01 -1.392648E+00 5.904389E-01 -1.758338E-01 9.470810E-01 2.670783E-02 1.227233E-03 4.041793E+00 9.288675E+00 
1.598840E-01 7.300025E-03 3.536525E-01 1.766919E-01 -1.319998E+00 5.944147E-01 -1.573519E-01 8.874318E-01 2.054327E-02 1.497894E-03 4.397656E+00 9.330466E+00 
1.555623E-01 6.321734E-03 3.280194E-01 1.741606E-01 -1.397068E+00 5.785688E-01 -1.311584E-01 1.000998E+00 2.743872E-02 1.266984E-03 4.351556E+00 9.133981E+00 
1.731125E-01 9.423550E-03 3.565108E-01 1.845315E-01 -1.420712E+00 5.938173E-01 -1.312655E-01 9.379626E-01 2.659718E-02 7.713183E-04 4.283987E+00 8.802279E+00 
1.641116E-01 3.329493E-03 3.477666E-01 1.851860E-01 -1.510045E+00 5.844453E-01 -1.500077E-01 8.708531E-01 2.915256E-02 1.278009E-03 4.647371E+00 8.900284E+00 
1.526286E-01 4.342334E-03 3.367903E-01 1.723028E-01 -1.444565E+00 5.838248E-01 -1.165372E-01 1.033720E+00 2.960385E-02 9.079958E-04 4.462720E+00 9.256015E+00 
1.647200E-01 4.568505E-03 3.592029E-01 1.739245E-01 -1.454295E+00 5.786786E-01 -8.811217E-02 9.091524E-01 2.830080E-02 1.459614E-03 4.095960E+00 9.691168E+00 
1.756242E-01 4.362011E-03 3.219524E-01 1.836875E-01 -1.443855E+00 5.664270E-01 -1.055732E-01 9.471505E-01 2.892631E-02 1.254128E-03 4.661720E+00 9.089022E+00 
1.744891E-01 5.442549E-03 3.886100E-01 1.788261E-01 -1.311240E+00 5.945600E-01 -1.600616E-01 9.585373E-01 2.789036E-02 5.614254E-04 4.116745E+00 8.242721E+00 
1.793641E-01 3.613212E-03 3.462457E-01 1.760277E-01 -1.360739E+00 5.861765E-01 -1.434842E-01 9.892302E-01 2.892307E-02 8.925318E-04 4.365603E+00 9.012518E+00 
1.662746E-01 8.946244E-03 3.426747E-01 1.808417E-01 -1.441556E+00 5.849123E-01 -1.890308E-01 9.680897E-01 2.772839E-02 6.597773E-04 4.411829E+00 9.405590E+00 
1.671038E-01 1.300753E-02 3.416320E-01 1.773881E-01 -1.488734E+00 5.987825E-01 -1.696610E-01 9.646016E-01 2.774590E-02 9.936334E-03 4.383299E+00 7.858819E+00 
