6.818721E-02 4.975299E-02 3.094343E-01 1.550512E-01 -9.181673E-01 4.424186E-01 -8.212920E-02 6.829842E-01 5.060373E-02 2.975378E-03 4.710032E+00 7.853603E+00 
1.038082E-01 4.800147E-02 3.621864E-01 1.479217E-01 -9.758915E-01 4.316108E-01 -6.466340E-02 5.365616E-01 4.960423E-02 2.671913E-02 5.060662E+00 1.125075E+01 
6.222291E-02 5.364476E-02 3.791308E-01 1.582904E-01 -1.581994E+00 4.478189E-01 -1.538653E-01 9.251829E-01 1.961131E-02 3.033359E-02 4.481748E+00 7.267145E+00 
6.211996E-02 1.133450E-01 3.738592E-01 1.552328E-01 -1.091040E+00 3.433291E-01 -5.336853E-02 1.156146E+00 5.025951E-02 2.514925E-02 5.303161E+00 3.530913E+00 
1.055422E-01 8.094191E-02 3.814083E-01 1.470466E-01 -6.476562E-02 5.591724E-01 -1.302980E-01 7.982652E-01 2.288042E-02 4.042225E-02 5.722946E+00 2.097158E+00 
3.143905E-02 3.402806E-02 3.675685E-01 1.429500E-01 -7.278022E-01 4.297799E-01 -3.980444E-02 8.608567E-01 4.493821E-02 6.678343E-04 5.681474E+00 1.244492E+01 
6.882943E-02 9.192008E-02 3.908419E-01 1.950674E-01 -2.000000E+00 3.431390E-01 -1.526982E-01 1.134328E+00 4.230179E-02 2.271287E-02 7.696000E+00 3.337464E+00 
6.233361E-02 4.025397E-02 3.776298E-01 1.672334E-01 -1.039486E+00 4.769808E-01 -6.647695E-02 8.773832E-01 3.940552E-02 1.575754E-02 7.578587E+00 4.008805E+00 
3.422945E-02 4.050904E-02 4.138389E-01 1.252579E-01 -1.363717E+00 3.319536E-01 -2.716969E-02 1.125030E+00 3.463472E-02 1.210296E-02 4.689737E+00 1.059935E+01 
8.244322E-02 8.662992E-03 4.778545E-01 1.538247E-01 -1.224108E+00 2.914329E-01 -5.161435E-02 6.133724E-01 3.085617E-02 1.253246E-02 5.611582E+00 1.480655E+01 
8.685241E-02 4.299900E-02 4.423690E-01 1.406678E-01 -2.000000E+00 3.590736E-01 -1.927372E-01 9.318397E-01 3.256534E-02 1.493132E-02 4.631729E+00 5.667241E+00 
6.091910E-02 4.056377E-02 3.408169E-01 1.401906E-01 -1.162921E+00 3.877698E-01 -4.352601E-02 1.062307E+00 2.588494E-02 2.035972E-02 3.682240E+00 7.320463E+00 
2.322249E-02 4.612815E-02 3.525683E-01 1.363078E-01 -6.295771E-01 2.811115E-01 -3.347803E-02 9.413813E-01 2.103823E-02 1.565777E-02 5.499788E+00 1.413485E+01 
6.830167E-02 5.785786E-02 3.845174E-01 1.422432E-01 -1.035850E+00 5.490300E-01 -1.410281E-01 8.435063E-01 4.051292E-02 3.107406E-02 5.322926E+00 1.053188E+01 
5.143699E-02 6.815462E-02 3.595920E-01 1.453822E-01 -1.181346E+00 4.447873E-01 -5.002735E-02 6.972439E-01 3.781277E-02 1.483943E-03 3.641906E+00 1.262988E+01 
5.766929E-02 6.549672E-02 2.980181E-01 1.533232E-01 -1.294903E+00 5.005632E-01 -5.662793E-02 8.044124E-01 3.302213E-02 1.003686E-02 4.343702E+00 8.347853E+00 
8.372230E-02 5.610088E-02 3.105356E-01 1.616070E-01 -9.902411E-01 3.931089E-01 -9.733578E-02 7.668642E-01 5.361957E-02 9.775367E-03 6.469855E+00 9.315358E+00 
8.771687E-02 6.279575E-02 3.400285E-01 1.687424E-01 -1.121531E+00 3.794422E-01 -6.721477E-02 8.838368E-01 3.709742E-02 2.473906E-02 4.499159E+00 1.348204E+01 
7.391613E-02 1.106121E-01 3.522343E-01 1.255114E-01 -9.608307E-01 4.785975E-01 -8.975207E-02 9.193880E-01 1.668078E-02 1.529182E-02 2.954085E+00 3.618137E+00 
3.278570E-02 4.868367E-02 3.396736E-01 1.428437E-01 -1.160396E+00 4.013156E-01 -6.114117E-02 9.727007E-01 2.988852E-02 1.569551E-02 4.462221E+00 1.406288E+01 
1.052169E-01 6.690839E-02 2.931310E-01 1.579764E-01 -1.114112E+00 4.372135E-01 -6.978480E-02 1.250559E+00 6.710659E-02 1.960407E-02 6.547099E+00 6.073712E+00 
1.272269E-01 3.047024E-02 4.045725E-01 1.518792E-01 -1.141678E+00 4.948642E-01 -5.979469E-02 8.471893E-01 2.672889E-02 1.612098E-02 4.248914E+00 1.472927E+01 
1.200369E-01 5.234108E-02 3.356253E-01 1.541985E-01 -1.098151E+00 5.140761E-01 -1.837744E-01 8.844663E-01 1.397620E-02 4.488309E-02 4.486779E+00 4.912575E+00 
7.405876E-02 5.470854E-02 2.978033E-01 1.662708E-01 -1.318948E+00 3.190350E-01 -4.003236E-02 9.599962E-01 6.634472E-02 9.217377E-03 1.494711E+00 8.203551E+00 
8.174890E-02 6.291312E-02 3.399550E-01 1.590431E-01 -1.285798E+00 4.897118E-01 -8.605560E-02 1.251517E+00 4.020883E-02 1.651318E-02 5.206352E+00 5.603268E+00 
7.314014E-02 1.029943E-01 4.044673E-01 1.349610E-01 -9.661662E-01 4.240060E-01 -1.630935E-01 6.892631E-01 4.741801E-02 1.138401E-02 4.867053E+00 1.219972E+01 
8.997084E-02 5.170229E-02 4.267581E-01 1.707216E-01 -2.000000E+00 4.005232E-01 -1.304212E-01 7.547547E-01 3.689332E-02 3.313249E-02 5.626016E+00 7.299513E+00 
4.085446E-02 5.618568E-02 3.087219E-01 1.482132E-01 -8.299152E-01 3.994878E-01 -1.213253E-01 7.678987E-01 3.497808E-02 2.076394E-02 6.874484E-01 5.543563E+00 
8.401632E-02 5.288490E-02 4.012471E-01 1.517577E-01 -1.534438E+00 4.943087E-01 -1.947189E-01 1.166541E+00 2.721822E-02 2.176005E-02 7.023600E+00 5.583977E+00 
1.127532E-01 5.327783E-02 3.243838E-01 1.440367E-01 -1.176909E+00 5.405512E-01 -1.113964E-01 1.052583E+00 0.000000E+00 3.315857E-02 5.120112E+00 6.028655E+00 
6.580789E-02 3.514367E-02 3.174250E-01 1.444448E-01 -1.138421E+00 3.388718E-01 -7.362764E-02 1.070338E+00 4.918706E-02 1.303253E-02 6.264547E+00 1.397438E+01 
9.499977E-02 8.481533E-03 4.327292E-01 1.627664E-01 -1.236358E+00 5.152719E-01 -9.051670E-02 1.050701E+00 3.381196E-02 4.143170E-02 5.239961E+00 5.533745E+00 
1.077454E-01 7.639307E-02 3.332219E-01 1.493752E-01 -1.372015E+00 4.582497E-01 -9.816190E-02 9.314668E-01 3.331603E-02 1.252759E-02 4.992480E+00 7.126055E+00 
6.546676E-02 4.808340E-02 3.627000E-01 1.451954E-01 -9.557023E-01 2.871896E-01 -9.971814E-02 9.556193E-01 6.141845E-02 2.867709E-02 4.659749E+00 1.126675E+01 
1.053333E-01 5.735486E-02 3.344402E-01 1.737271E-01 -1.920421E+00 4.829851E-01 -8.493391E-02 1.080055E+00 4.047826E-02 2.096989E-02 4.038144E+00 7.301868E+00 
6.461678E-02 5.332595E-02 2.893348E-01 1.661658E-01 -7.779423E-01 4.647237E-01 -8.257703E-02 9.561891E-01 3.641204E-02 2.183141E-02 4.854015E+00 3.812452E+00 
6.340676E-02 6.974079E-02 3.751918E-01 1.260511E-01 -8.666799E-01 3.532587E-01 -4.745553E-02 6.679230E-01 3.103695E-02 1.611833E-02 4.361807E+00 1.686370E+01 
3.665303E-02 2.195071E-02 3.642725E-01 1.730828E-01 -1.070148E+00 3.967021E-01 -5.612331E-02 1.071270E+00 3.084326E-02 7.933177E-03 1.649354E+00 1.136390E+01 
6.922826E-02 6.336905E-02 3.785145E-01 1.506576E-01 -1.242965E+00 4.414718E-01 -9.367745E-02 9.515367E-01 2.719580E-02 8.559148E-04 4.851688E+00 7.712962E+00 
1.030194E-01 6.819417E-02 3.495402E-01 1.303759E-01 -1.572731E+00 4.811432E-01 -6.682848E-02 9.967858E-01 1.427631E-02 3.870058E-02 6.649575E+00 1.352662E+01 
6.457850E-02 6.871870E-02 2.611240E-01 1.316792E-01 -9.414732E-01 3.827068E-01 -4.581188E-02 9.620462E-01 5.003894E-02 6.049206E-03 3.314714E+00 1.043215E+01 
8.698390E-02 6.145523E-02 2.685052E-01 1.434589E-01 -1.493478E+00 3.763825E-01 -1.339826E-01 8.554976E-01 1.836958E-02 5.335753E-02 4.900584E+00 1.073964E+01 
9.135618E-02 4.333438E-02 4.588052E-01 1.514577E-01 -1.153855E+00 4.106025E-01 -9.566444E-02 8.194396E-01 2.926851E-02 3.734882E-03 6.751799E+00 1.421554E+01 
2.818931E-02 9.249723E-02 4.780746E-01 1.349516E-01 -1.149657E+00 3.717514E-01 -4.215580E-02 8.412676E-01 4.300403E-02 7.416056E-03 5.742881E+00 6.728441E+00 
6.387524E-02 8.829998E-02 3.434686E-01 1.243617E-01 -6.029219E-01 4.088577E-01 -5.871720E-02 6.870509E-01 2.782032E-02 8.623840E-03 3.579438E+00 9.104923E+00 
5.486860E-02 3.591296E-02 2.778470E-01 1.522087E-01 -1.081775E+00 3.671257E-01 -3.394439E-02 1.006108E+00 3.229361E-02 2.141811E-02 4.128888E+00 9.179956E+00 
7.977640E-02 5.226612E-02 4.642128E-01 1.542662E-01 -1.086177E+00 3.754340E-01 -1.363978E-01 7.775669E-01 3.006397E-02 4.874573E-02 5.481786E+00 4.356019E+00 
5.483856E-02 7.794225E-02 3.334986E-01 1.253878E-01 -6.684425E-01 3.505303E-01 -5.097293E-02 1.034792E+00 3.366987E-02 1.121237E-02 4.807255E+00 8.517663E+00 
5.162301E-02 3.348650E-02 3.823261E-01 1.342552E-01 -8.231757E-01 3.594220E-01 -4.596185E-02 5.178431E-01 2.122270E-02 1.640082E-02 4.213770E+00 1.385810E+01 
4.000014E-02 2.730183E-02 4.408343E-01 1.497116E-01 -1.301977E+00 5.135249E-01 -9.634346E-02 1.476867E+00 3.433633E-02 2.559613E-02 3.824150E+00 1.060766E+01 
9.446859E-02 8.249301E-02 3.667249E-01 1.678802E-01 -1.363037E+00 5.501832E-01 -1.168943E-01 1.319895E+00 5.149239E-02 2.601920E-02 6.977575E+00 1.435715E+01 
5.525312E-02 6.265589E-02 3.546265E-01 1.240773E-01 -1.229373E+00 4.959416E-01 -4.041316E-02 1.199546E+00 1.447751E-02 1.811405E-02 7.464993E+00 8.135944E+00 
7.632400E-02 4.063463E-02 3.823176E-01 1.693404E-01 -7.922888E-01 4.199387E-01 -6.599767E-02 1.157713E+00 4.025318E-02 2.431940E-02 2.956645E+00 1.065527E+01 
3.322389E-02 3.873993E-02 2.910081E-01 1.376046E-01 -1.026053E+00 4.114699E-01 -7.706981E-02 1.111685E+00 5.975598E-02 1.940376E-02 4.505713E+00 1.392755E+01 
1.359400E-01 4.719706E-02 2.557251E-01 1.765588E-01 -1.096258E+00 4.565119E-01 -1.285335E-01 7.576641E-01 1.807490E-02 5.059454E-02 5.572253E+00 7.029988E+00 
7.217438E-02 7.038430E-04 3.657218E-01 1.558816E-01 -2.000000E+00 4.099191E-01 -5.066800E-02 3.336578E-01 4.186801E-02 1.856884E-02 3.226782E+00 1.399795E+01 
4.203659E-02 4.844508E-02 2.955640E-01 1.428310E-01 -1.213013E+00 4.026006E-01 -4.377289E-02 8.962312E-01 3.886933E-02 1.591081E-02 3.609848E+00 9.923285E+00 
7.448214E-02 5.358335E-02 3.235757E-01 1.814582E-01 -1.496439E+00 4.244874E-01 -7.376935E-02 1.067661E+00 3.704950E-02 1.323361E-02 4.721905E+00 7.874954E+00 
5.404665E-02 3.697043E-02 4.487372E-01 1.524473E-01 -1.311920E+00 4.315958E-01 -4.020887E-02 7.719166E-01 2.817156E-02 1.656317E-02 3.767941E+00 1.304468E+01 
1.000000E-04 8.471127E-02 3.065339E-01 1.301242E-01 -1.133486E+00 3.591450E-01 -8.056466E-02 9.550262E-01 3.397496E-02 1.272143E-02 4.549511E+00 7.145407E+00 
1.173579E-01 8.669347E-02 4.197590E-01 1.573469E-01 -1.333803E+00 2.418524E-01 -5.919025E-02 1.180546E+00 3.035532E-02 4.919645E-02 4.362280E+00 1.003239E+01 
8.639917E-02 6.223178E-02 3.253189E-01 1.516098E-01 -9.507214E-01 4.203206E-01 -6.605541E-02 1.030829E+00 7.093587E-02 1.550620E-02 7.090718E+00 3.718675E+00 
7.770054E-02 8.788910E-02 3.682729E-01 1.302790E-01 -1.384152E+00 5.204417E-01 -1.208970E-01 9.656109E-01 2.980963E-02 2.058514E-02 5.388450E+00 1.048299E+01 
8.901248E-02 5.771224E-02 3.584032E-01 1.318358E-01 -1.338669E+00 4.680308E-01 -7.125940E-02 1.143806E+00 2.766855E-02 1.862627E-02 4.623111E+00 1.098094E+01 
6.756439E-02 4.362203E-02 4.310163E-01 1.733464E-01 -1.258400E+00 4.286440E-01 -1.222092E-01 9.226551E-01 1.260757E-02 2.934591E-02 4.219780E+00 7.693143E+00 
2.438661E-02 4.797044E-02 3.467179E-01 1.545727E-01 -9.175793E-01 3.890787E-01 -6.643724E-02 1.151332E+00 3.074291E-02 1.530022E-02 3.506773E+00 1.179075E+01 
9.662833E-02 5.540060E-02 3.899238E-01 1.552461E-01 -8.523919E-01 4.338289E-01 -1.055902E-01 6.884720E-01 2.636310E-02 1.170608E-02 5.626487E+00 6.444968E+00 
6.641258E-02 5.456710E-02 3.277038E-01 1.519643E-01 -9.512337E-01 4.899271E-01 -1.063533E-01 9.808187E-01 1.932862E-02 2.320008E-02 5.974477E+00 1.382699E+01 
7.559672E-02 5.379368E-02 3.933713E-01 1.561968E-01 -7.350109E-01 5.529472E-01 -1.500618E-01 6.582834E-01 4.201491E-02 1.945301E-02 8.066635E+00 7.486739E+00 
1.426251E-01 8.657332E-02 3.745942E-01 1.305347E-01 -1.223692E+00 5.178086E-01 -1.450887E-01 1.042357E+00 4.007008E-02 2.541460E-02 4.432274E+00 5.739043E+00 
7.699803E-02 1.000000E-04 3.934243E-01 1.543528E-01 -1.543945E+00 3.798594E-01 -9.770906E-02 1.263577E+00 3.653685E-02 2.844227E-02 5.813669E+00 7.482153E+00 
6.349096E-02 5.652393E-02 3.720573E-01 1.339053E-01 -1.140125E+00 4.578334E-01 -1.223649E-01 6.071725E-01 3.872996E-02 3.094239E-02 5.206933E+00 1.281601E+01 
7.320734E-02 6.087210E-02 3.398877E-01 1.485069E-01 -9.683189E-01 4.668165E-01 -1.020289E-01 1.136383E+00 2.684875E-02 2.660936E-02 6.815649E+00 6.598046E+00 
2.199483E-02 5.938267E-02 4.439886E-01 1.434927E-01 -1.263996E+00 4.538002E-01 -2.105287E-02 1.028919E+00 3.902283E-02 1.066596E-02 5.502719E+00 9.540824E+00 
7.919134E-02 4.812510E-02 3.606810E-01 1.470947E-01 -1.531343E+00 4.726153E-01 -1.800705E-01 1.006158E+00 2.792658E-02 2.908026E-02 6.792303E+00 7.896256E+00 
7.152508E-02 9.779374E-02 3.254767E-01 1.371685E-01 -1.101493E+00 3.394182E-01 -6.012511E-02 8.103441E-01 5.337924E-02 2.265705E-02 4.848162E+00 6.363966E+00 
8.090116E-02 6.961086E-02 4.601763E-01 1.486446E-01 -1.218407E+00 4.885577E-01 -1.180389E-01 1.000739E+00 2.260969E-02 3.044899E-02 4.412041E+00 7.367437E+00 
6.880402E-02 4.675680E-02 4.153755E-01 1.759997E-01 -1.171055E+00 4.291897E-01 -5.363121E-02 8.980993E-01 3.284329E-02 2.150504E-02 4.912351E+00 9.400007E+00 
3.947309E-02 6.468779E-02 3.577110E-01 1.259639E-01 -1.045885E+00 3.616159E-01 -7.209099E-02 8.423461E-01 2.261811E-02 2.479490E-02 6.418084E+00 1.503630E+01 
1.784229E-02 4.597793E-02 3.087502E-01 1.349254E-01 -1.113288E+00 4.655097E-01 -1.205932E-01 1.096548E+00 3.516585E-02 1.256759E-02 5.134413E+00 1.548060E+01 
4.960999E-02 2.233154E-02 3.796770E-01 1.621033E-01 -1.814676E+00 4.488861E-01 -5.966709E-02 1.107596E+00 3.970595E-02 1.348638E-02 4.451571E+00 6.503489E+00 
7.521621E-02 8.895509E-02 3.281287E-01 1.434005E-01 -9.999654E-01 5.100854E-01 -9.000708E-02 1.053208E+00 4.250925E-02 2.630115E-02 6.785789E+00 3.333736E+00 
6.856960E-02 3.327154E-02 4.018285E-01 1.746974E-01 -1.451676E+00 3.236597E-01 -4.145908E-02 1.105693E+00 3.546710E-02 1.330955E-02 2.922010E+00 8.619008E+00 
5.938146E-02 2.950928E-02 3.019628E-01 1.476848E-01 -1.259519E+00 4.163303E-01 -4.301273E-02 8.716136E-01 8.398604E-03 1.036971E-02 4.027205E+00 4.443957E+00 
6.412208E-02 6.708438E-02 3.040309E-01 1.414177E-01 -1.093982E+00 3.645644E-01 -1.367707E-01 6.572696E-01 2.606584E-02 2.614762E-02 6.976684E+00 1.642598E+01 
