1.610200E-01 5.995251E-03 3.475641E-01 1.764680E-01 -1.464604E+00 5.786916E-01 -8.907867E-02 9.677601E-01 2.857480E-02 1.555706E-03 4.143785E+00 9.696845E+00 
1.607301E-01 6.156411E-03 3.350809E-01 1.718008E-01 -1.521344E+00 5.837769E-01 -1.498168E-01 9.574380E-01 2.755997E-02 1.225379E-03 4.205795E+00 9.296310E+00 
1.645223E-01 6.742228E-03 3.425685E-01 1.768455E-01 -1.379662E+00 5.854754E-01 -1.309056E-01 9.532284E-01 2.879098E-02 3.493068E-04 4.182392E+00 8.923872E+00 
1.817874E-01 6.062319E-03 3.541596E-01 1.880123E-01 -1.391875E+00 5.828488E-01 -9.949194E-02 9.472122E-01 2.791653E-02 1.895292E-03 4.033357E+00 9.225371E+00 
1.689206E-01 5.139698E-03 3.465601E-01 1.769371E-01 -1.434002E+00 5.849697E-01 -1.211694E-01 9.494192E-01 2.523897E-02 1.811418E-03 4.285556E+00 8.933117E+00 
1.679921E-01 7.197917E-03 3.461488E-01 1.799798E-01 -1.245320E+00 5.865144E-01 -1.038826E-01 9.262428E-01 2.880165E-02 8.449097E-04 4.058951E+00 8.874004E+00 
1.706463E-01 5.699025E-03 3.395252E-01 1.774132E-01 -1.549577E+00 5.895850E-01 -1.567037E-01 9.988469E-01 2.866813E-02 1.732308E-03 3.989867E+00 8.742258E+00 
1.659595E-01 4.991323E-03 3.477084E-01 1.744914E-01 -1.423593E+00 5.868264E-01 -8.315637E-02 9.202997E-01 2.732110E-02 2.364154E-03 4.421868E+00 9.485577E+00 
1.636143E-01 7.188257E-03 3.413739E-01 1.765599E-01 -1.546345E+00 5.816632E-01 -1.063917E-01 9.021339E-01 2.890429E-02 1.071897E-03 4.265484E+00 7.879416E+00 
1.649828E-01 6.537189E-03 3.335946E-01 1.706347E-01 -1.468073E+00 5.734188E-01 -1.405311E-01 9.792512E-01 2.869448E-02 9.223776E-04 4.282202E+00 9.004508E+00 
1.723210E-01 3.664243E-03 3.219316E-01 1.724696E-01 -1.296202E+00 5.840600E-01 -1.272600E-01 9.082478E-01 2.875210E-02 9.326162E-04 3.856909E+00 9.440022E+00 
1.789778E-01 4.025022E-03 3.405190E-01 1.784683E-01 -1.415797E+00 5.977958E-01 -1.266394E-01 9.428446E-01 2.686328E-02 1.154168E-03 3.885646E+00 9.806874E+00 
1.704409E-01 4.612491E-03 3.345044E-01 1.753069E-01 -1.432809E+00 5.751060E-01 -9.676491E-02 8.952942E-01 2.930498E-02 1.731136E-03 4.571124E+00 8.936510E+00 
1.833091E-01 2.846836E-03 3.404489E-01 1.760436E-01 -1.422455E+00 5.858983E-01 -1.225781E-01 8.649000E-01 2.591025E-02 1.820931E-03 3.637225E+00 9.590933E+00 
1.575633E-01 1.784178E-03 3.368280E-01 1.906016E-01 -1.427919E+00 5.740266E-01 -9.634693E-02 9.568025E-01 2.920590E-02 3.501403E-03 4.678988E+00 1.028799E+01 
1.614510E-01 5.392018E-03 3.443144E-01 1.740878E-01 -1.472182E+00 5.908237E-01 -1.125048E-01 9.382899E-01 3.027975E-02 8.561200E-04 4.429927E+00 9.972228E+00 
1.617789E-01 5.015211E-03 3.368968E-01 1.722480E-01 -1.404137E+00 5.815743E-01 -9.743568E-02 9.405706E-01 2.844063E-02 2.219068E-03 4.649256E+00 9.452732E+00 
1.651201E-01 5.306610E-03 3.512226E-01 1.845383E-01 -1.460521E+00 5.665096E-01 -9.645751E-02 8.821507E-01 2.625383E-02 1.249374E-03 4.478340E+00 8.592893E+00 
1.584210E-01 8.000536E-03 3.399650E-01 1.755164E-01 -1.186588E+00 5.724472E-01 -6.598282E-02 9.544480E-01 2.743423E-02 1.528428E-03 4.340605E+00 8.750625E+00 
1.557832E-01 5.021662E-03 3.610061E-01 1.694935E-01 -1.464254E+00 5.937077E-01 -1.686405E-01 9.340440E-01 2.720606E-02 1.249767E-03 3.955077E+00 9.129616E+00 
2.000000E-01 1.000000E-04 3.587394E-01 1.729415E-01 -1.347737E+00 5.770836E-01 -7.372585E-02 9.287237E-01 2.855844E-02 6.965649E-04 4.702352E+00 7.555242E+00 
1.695619E-01 3.364208E-03 3.549212E-01 1.770084E-01 -1.425193E+00 5.810508E-01 -1.394446E-01 9.249308E-01 2.973157E-02 7.942787E-04 3.938717E+00 8.809077E+00 
1.738028E-01 4.742083E-03 3.496646E-01 1.816316E-01 -1.435119E+00 5.863749E-01 -1.045423E-01 9.596175E-01 2.944981E-02 1.363618E-03 3.924995E+00 8.176865E+00 
1.718198E-01 2.961577E-03 3.293116E-01 1.813365E-01 -1.454571E+00 5.847388E-01 -1.001624E-01 8.749006E-01 2.682871E-02 5.963421E-04 3.917864E+00 9.605082E+00 
1.821985E-01 6.660926E-03 3.276749E-01 1.868174E-01 -1.456167E+00 5.754165E-01 -1.152917E-01 9.422547E-01 2.653244E-02 1.434331E-03 4.237328E+00 9.347192E+00 
1.781376E-01 4.917124E-03 3.320775E-01 1.721410E-01 -1.389786E+00 5.821447E-01 -1.537002E-01 1.085152E+00 2.701815E-02 1.580925E-03 4.382333E+00 8.791352E+00 
1.765347E-01 1.055329E-02 3.491172E-01 1.787413E-01 -1.499584E+00 4.091217E-01 -9.816680E-02 9.325587E-01 2.843275E-02 1.017713E-03 4.176239E+00 8.253400E+00 
1.666376E-01 4.780609E-03 3.428914E-01 1.745162E-01 -1.415099E+00 5.797214E-01 -1.136435E-01 9.826634E-01 2.763267E-02 1.669198E-03 3.849478E+00 8.749471E+00 
1.692540E-01 6.599594E-03 3.413532E-01 1.825185E-01 -1.382309E+00 5.762013E-01 -1.104035E-01 9.330815E-01 2.851042E-02 2.136955E-03 4.894824E+00 7.771339E+00 
1.587456E-01 7.563703E-03 3.380071E-01 1.709721E-01 -1.324586E+00 5.849889E-01 -1.496301E-01 9.761213E-01 2.909345E-02 5.022109E-04 4.351059E+00 9.590346E+00 
1.701817E-01 6.241549E-03 3.484645E-01 1.767598E-01 -1.453307E+00 5.944419E-01 -1.055962E-01 9.024578E-01 2.895794E-02 3.767449E-04 4.202359E+00 8.992952E+00 
1.642940E-01 4.590185E-03 3.540403E-01 1.752219E-01 -1.302414E+00 5.991183E-01 -1.224147E-01 9.674044E-01 3.191922E-02 1.039292E-04 4.075387E+00 9.360928E+00 
7.487752E-02 2.022185E-02 3.146042E-01 1.762597E-01 -1.320428E+00 5.800447E-01 -7.833133E-02 9.153752E-01 3.059043E-02 1.356226E-02 4.320313E+00 8.609182E+00 
1.341894E-01 1.012464E-02 3.366185E-01 1.622250E-01 -1.340913E+00 4.842002E-01 -9.190631E-02 9.316060E-01 2.860396E-02 4.645988E-03 3.312849E+00 1.051501E+01 
1.549162E-01 6.779947E-03 3.224713E-01 1.767540E-01 -1.617129E+00 5.754838E-01 -6.112395E-02 1.013272E+00 2.724862E-02 2.653671E-03 4.281039E+00 1.138892E+01 
1.644616E-01 5.743130E-03 3.392534E-01 1.760488E-01 -1.390754E+00 5.860197E-01 -1.580608E-01 1.009046E+00 2.349406E-02 8.078025E-04 3.587819E+00 8.737015E+00 
1.617774E-01 6.642391E-03 3.373323E-01 1.772153E-01 -1.390636E+00 5.679648E-01 -1.375285E-01 9.563921E-01 2.788391E-02 1.736395E-03 4.254223E+00 8.727412E+00 
1.609245E-01 4.848113E-03 3.464816E-01 1.731290E-01 -1.298513E+00 5.596598E-01 -1.012188E-01 9.350304E-01 2.735121E-02 2.164090E-03 4.531454E+00 9.316378E+00 
1.696591E-01 7.644605E-03 3.380989E-01 1.767728E-01 -1.387689E+00 5.877652E-01 -1.462140E-01 9.974861E-01 2.724970E-02 1.437689E-03 4.634199E+00 9.022724E+00 
1.661368E-01 6.316231E-03 3.694975E-01 1.660259E-01 -1.427899E+00 5.847809E-01 -1.066860E-01 9.501611E-01 2.768219E-02 1.874979E-03 4.524638E+00 9.555915E+00 
1.665985E-01 5.630573E-03 3.577199E-01 1.789822E-01 -1.200205E+00 5.882860E-01 -1.365578E-01 8.641805E-01 2.732745E-02 2.338069E-03 3.913928E+00 9.749675E+00 
1.706719E-01 4.394834E-03 3.538588E-01 1.772728E-01 -1.367845E+00 6.000000E-01 -1.609501E-01 8.202748E-01 2.808410E-02 2.257834E-03 4.667757E+00 9.840641E+00 
1.693762E-01 6.030868E-03 3.397183E-01 1.763411E-01 -1.367985E+00 5.812973E-01 -1.012309E-01 9.317559E-01 2.703698E-02 3.140784E-03 4.732788E+00 1.014006E+01 
1.727169E-01 7.770476E-03 3.358728E-01 1.828774E-01 -1.382868E+00 5.749673E-01 -9.545943E-02 8.572857E-01 2.928423E-02 2.180250E-03 4.495504E+00 8.143298E+00 
1.619077E-01 5.535992E-03 3.387569E-01 1.795844E-01 -1.502366E+00 5.809333E-01 -1.200993E-01 1.000655E+00 2.668301E-02 1.342790E-03 4.135389E+00 8.919695E+00 
1.729206E-01 5.048661E-03 3.366272E-01 1.750372E-01 -1.393689E+00 5.828574E-01 -1.368447E-01 9.685446E-01 3.013193E-02 1.444676E-03 3.974948E+00 7.576620E+00 
1.469838E-01 4.917184E-03 3.422277E-01 1.741720E-01 -1.311919E+00 5.794567E-01 -1.140879E-01 9.287514E-01 3.056479E-02 9.369777E-04 4.504438E+00 9.986753E+00 
1.739024E-01 6.121861E-03 3.462881E-01 1.803154E-01 -1.455508E+00 5.895672E-01 -1.818289E-01 9.638528E-01 2.871032E-02 1.032183E-03 4.293983E+00 8.977161E+00 
1.743695E-01 7.507539E-03 3.520098E-01 1.879704E-01 -1.388362E+00 6.000000E-01 -1.210527E-01 9.395492E-01 2.826299E-02 1.065459E-03 4.188021E+00 8.891593E+00 
1.747412E-01 4.722237E-03 3.464468E-01 1.745477E-01 -1.448586E+00 5.847431E-01 -9.503156E-02 9.472402E-01 2.658252E-02 2.963158E-03 4.287681E+00 8.689042E+00 
1.531321E-01 5.618417E-03 3.468385E-01 1.684173E-01 -1.510756E+00 5.776368E-01 -1.070354E-01 9.143327E-01 2.897738E-02 2.310410E-03 4.285012E+00 8.367591E+00 
1.672876E-01 7.735437E-03 3.518396E-01 1.780974E-01 -1.386718E+00 5.456488E-01 -1.361842E-01 8.912735E-01 3.022055E-02 2.819518E-03 4.537779E+00 9.139018E+00 
1.639066E-01 3.789118E-04 3.573907E-01 1.731613E-01 -1.453813E+00 5.621023E-01 -7.450263E-02 9.703129E-01 3.251163E-02 1.016521E-04 4.134852E+00 7.876595E+00 
1.742736E-01 5.567851E-03 3.364757E-01 1.778613E-01 -1.501096E+00 5.859715E-01 -1.354470E-01 1.003933E+00 2.875578E-02 1.200481E-03 4.236156E+00 9.659591E+00 
1.899763E-01 8.039408E-03 3.560678E-01 1.763247E-01 -1.431874E+00 5.963435E-01 -2.000000E-01 9.328220E-01 2.622629E-02 1.727866E-03 4.317451E+00 9.573503E+00 
1.850212E-01 7.307891E-03 3.597842E-01 1.798139E-01 -1.452763E+00 5.980475E-01 -1.484467E-01 1.035555E+00 2.508779E-02 3.950843E-03 4.233992E+00 9.539998E+00 
1.640461E-01 6.384160E-03 3.356471E-01 1.804080E-01 -1.447191E+00 5.637261E-01 -9.967837E-02 9.579571E-01 2.680464E-02 1.323831E-03 3.331561E+00 8.649674E+00 
1.656483E-01 3.757269E-03 3.467944E-01 1.904387E-01 -1.492830E+00 5.848779E-01 -1.260197E-01 9.222008E-01 3.080898E-02 7.052112E-04 3.810928E+00 8.089729E+00 
1.636077E-01 4.697430E-03 3.392278E-01 1.701735E-01 -1.468966E+00 5.840371E-01 -1.239786E-01 8.682611E-01 2.890665E-02 9.405944E-04 3.998812E+00 9.191539E+00 
1.716817E-01 5.746193E-03 3.356613E-01 1.749308E-01 -1.333384E+00 5.974344E-01 -1.608637E-01 9.895969E-01 2.971649E-02 4.936415E-04 4.127234E+00 8.352641E+00 
1.667905E-01 5.655663E-03 3.446917E-01 1.798136E-01 -1.433769E+00 5.708579E-01 -1.147483E-01 9.206423E-01 2.790536E-02 9.296423E-04 4.059920E+00 9.148701E+00 
1.541097E-01 5.119430E-03 3.310816E-01 1.692745E-01 -1.315303E+00 5.805138E-01 -1.313382E-01 9.292125E-01 2.703743E-02 2.250471E-03 4.108960E+00 9.169637E+00 
1.581700E-01 1.214057E-02 3.427927E-01 1.741102E-01 -1.512753E+00 5.950354E-01 -1.377799E-01 9.253086E-01 2.793794E-02 2.068205E-03 4.392709E+00 9.488089E+00 
1.733457E-01 4.036267E-03 3.460224E-01 1.853022E-01 -1.341495E+00 5.841150E-01 -1.063055E-01 9.347574E-01 2.526651E-02 1.862962E-03 4.354562E+00 1.014127E+01 
1.691697E-01 5.467928E-03 3.409530E-01 1.752483E-01 -1.507749E+00 5.832587E-01 -1.054134E-01 9.324654E-01 2.668627E-02 1.858944E-03 4.111373E+00 9.155294E+00 
1.811225E-01 8.786308E-03 3.545667E-01 1.831186E-01 -1.518268E+00 5.958881E-01 -1.410764E-01 9.891965E-01 2.388208E-02 2.330923E-03 4.414235E+00 1.046556E+01 
1.675478E-01 6.384102E-03 3.463680E-01 1.748215E-01 -1.447296E+00 5.838332E-01 -1.275796E-01 9.040259E-01 2.977494E-02 3.479653E-04 4.199382E+00 8.893934E+00 
1.674636E-01 5.584041E-03 3.382291E-01 1.767855E-01 -1.462798E+00 5.983882E-01 -1.062778E-01 9.578399E-01 2.828239E-02 7.983092E-04 3.959634E+00 9.337991E+00 
1.548248E-01 1.308955E-02 3.625956E-01 1.708351E-01 -1.483024E+00 5.500107E-01 -1.440829E-01 9.983882E-01 2.835744E-02 2.343149E-03 4.313024E+00 8.869644E+00 
1.644935E-01 1.113448E-02 3.135704E-01 1.715098E-01 -1.484791E+00 5.679007E-01 -1.006858E-01 9.169444E-01 2.850356E-02 3.563482E-03 3.699779E+00 5.881843E+00 
1.518029E-01 3.995338E-03 3.607706E-01 1.747184E-01 -1.468064E+00 6.000000E-01 -6.609258E-02 9.595443E-01 2.817489E-02 1.396540E-03 4.538341E+00 8.841531E+00 
1.641919E-01 6.777649E-03 3.448628E-01 1.777935E-01 -1.475451E+00 5.760490E-01 -1.129294E-01 9.102572E-01 2.931422E-02 1.957679E-03 4.294223E+00 9.668709E+00 
1.595999E-01 1.004752E-02 3.424453E-01 1.726961E-01 -1.391413E+00 5.670402E-01 -1.372240E-01 1.003220E+00 2.680836E-02 1.393468E-03 4.390142E+00 9.240334E+00 
1.641936E-01 6.861701E-03 3.253528E-01 1.813477E-01 -1.533571E+00 5.875079E-01 -9.440642E-02 9.327664E-01 2.672880E-02 1.225361E-03 3.698943E+00 8.730992E+00 
1.572266E-01 6.012403E-03 3.145688E-01 1.761260E-01 -1.255554E+00 5.869423E-01 -1.223446E-01 1.080701E+00 2.876840E-02 1.100146E-03 4.360649E+00 9.499949E+00 
1.543123E-01 4.116300E-03 3.548006E-01 1.736114E-01 -1.435945E+00 5.588783E-01 -1.081321E-01 9.117433E-01 3.036824E-02 1.085810E-03 4.257886E+00 8.990069E+00 
1.753909E-01 4.408179E-03 3.473287E-01 1.726860E-01 -1.322545E+00 5.832650E-01 -1.387711E-01 9.471345E-01 2.888196E-02 1.632592E-03 4.392688E+00 8.751415E+00 
1.786248E-01 4.297561E-03 3.194724E-01 1.741850E-01 -1.597637E+00 5.725167E-01 -1.364884E-01 9.493033E-01 2.853127E-02 7.948005E-04 3.881268E+00 8.457385E+00 
1.779378E-01 4.416615E-03 3.462387E-01 1.783713E-01 -1.558372E+00 5.854639E-01 -1.333019E-01 9.341777E-01 3.051241E-02 1.285781E-03 3.889606E+00 7.924878E+00 
1.783852E-01 6.151720E-03 3.417361E-01 1.830417E-01 -1.452395E+00 5.867200E-01 -1.609597E-01 9.881083E-01 2.828009E-02 1.071945E-03 4.540568E+00 9.124893E+00 
1.751243E-01 5.507090E-03 3.587032E-01 1.780316E-01 -1.532165E+00 5.806157E-01 -2.385113E-02 9.760478E-01 2.733683E-02 2.000528E-03 4.279732E+00 8.017595E+00 
1.607485E-01 5.832562E-03 3.537459E-01 1.776857E-01 -1.474343E+00 5.880137E-01 -1.451968E-01 1.053903E+00 2.546969E-02 1.256845E-03 4.544754E+00 9.422066E+00 
1.677023E-01 7.304496E-03 3.211146E-01 1.758593E-01 -1.378192E+00 5.791012E-01 -1.344850E-01 1.026844E+00 2.945555E-02 5.515311E-04 4.162092E+00 9.017729E+00 
1.799501E-01 7.157780E-03 3.433088E-01 1.637809E-01 -1.510397E+00 5.996872E-01 -1.824456E-01 1.001481E+00 2.815457E-02 2.965110E-03 4.243541E+00 9.940401E+00 
1.705486E-01 1.064797E-02 3.467242E-01 1.788279E-01 -1.502185E+00 5.908837E-01 -1.185387E-01 9.711719E-01 2.755599E-02 1.247189E-03 4.323606E+00 8.449678E+00 
1.750206E-01 5.951293E-03 3.517496E-01 1.789569E-01 -1.509678E+00 5.921101E-01 -8.011783E-02 9.527694E-01 2.904502E-02 7.009336E-04 4.475091E+00 7.722099E+00 
1.673788E-01 5.891550E-03 3.482935E-01 1.783265E-01 -1.464675E+00 5.785982E-01 -1.594415E-01 9.337083E-01 2.958414E-02 2.622405E-03 4.198272E+00 9.668622E+00 
1.830227E-01 1.701356E-03 3.430657E-01 1.776494E-01 -1.423351E+00 5.920028E-01 -9.965887E-02 8.880667E-01 2.839592E-02 1.082554E-03 4.696715E+00 7.850816E+00 
1.563167E-01 4.697634E-03 3.379186E-01 1.790935E-01 -1.351213E+00 5.881400E-01 -1.048034E-01 1.067039E+00 2.691307E-02 1.225002E-03 4.226615E+00 9.640491E+00 
1.693646E-01 2.175455E-03 3.324984E-01 1.784233E-01 -1.406078E+00 5.760215E-01 -1.397760E-01 9.919137E-01 2.582053E-02 1.293920E-03 4.183762E+00 9.303538E+00 
1.650543E-01 7.024948E-03 3.388405E-01 1.779561E-01 -1.562476E+00 5.792716E-01 -1.229239E-01 9.806861E-01 2.847140E-02 1.323244E-03 4.031532E+00 9.334414E+00 
1.661141E-01 7.310327E-03 3.352889E-01 1.741264E-01 -1.474770E+00 5.800682E-01 -1.170561E-01 8.943772E-01 2.940988E-02 2.053355E-03 3.905682E+00 1.044476E+01 
1.634300E-01 6.858594E-03 3.360543E-01 1.754973E-01 -1.467685E+00 5.950759E-01 -1.395727E-01 9.488517E-01 2.696590E-02 1.165276E-03 4.297205E+00 1.029006E+01 
1.664218E-01 6.654695E-03 3.469761E-01 1.732605E-01 -1.527111E+00 5.913993E-01 -1.640932E-01 9.532631E-01 2.764439E-02 1.154159E-03 4.346893E+00 1.047237E+01 
1.787412E-01 6.608387E-03 3.257237E-01 1.784027E-01 -1.329263E+00 5.882730E-01 -1.690893E-01 9.232435E-01 3.003197E-02 1.345679E-03 4.387317E+00 9.239139E+00 
1.437156E-01 6.045627E-03 3.445659E-01 1.706450E-01 -1.490563E+00 5.871892E-01 -1.295349E-01 9.068456E-01 3.098350E-02 4.846284E-04 3.552728E+00 9.591710E+00 
1.806075E-01 6.683982E-03 3.515064E-01 1.716157E-01 -1.403041E+00 5.877550E-01 -1.124766E-01 8.896307E-01 2.896001E-02 1.045592E-03 4.275764E+00 1.029457E+01 
1.717760E-01 3.192808E-03 3.416767E-01 1.743684E-01 -1.527333E+00 5.902688E-01 -1.334045E-01 9.373214E-01 2.836606E-02 1.636462E-03 4.531685E+00 8.867033E+00 
1.658232E-01 4.333215E-03 3.465342E-01 1.735455E-01 -1.311445E+00 5.752496E-01 -1.052754E-01 9.797969E-01 2.730092E-02 2.898602E-03 4.236333E+00 8.826223E+00 
1.592251E-01 8.290044E-03 3.354514E-01 1.793063E-01 -1.550889E+00 5.855998E-01 -8.275140E-02 9.493326E-01 2.627922E-02 1.397598E-03 4.296955E+00 8.617549E+00 
1.731095E-01 1.178423E-02 3.272687E-01 1.785901E-01 -1.425424E+00 5.862233E-01 -1.421531E-01 9.522956E-01 2.728924E-02 1.569375E-03 4.626014E+00 9.067811E+00 
1.707248E-01 1.012778E-02 3.397348E-01 1.797336E-01 -1.444713E+00 5.831539E-01 -1.709427E-01 9.522258E-01 2.760143E-02 2.696295E-03 4.077233E+00 9.356510E+00 
1.812051E-01 1.448131E-02 2.926998E-01 1.736847E-01 -1.347884E+00 5.612623E-01 -4.600932E-02 9.066185E-01 3.026358E-02 5.256468E-03 4.083722E+00 9.788493E+00 
1.621660E-01 6.398866E-03 3.545193E-01 1.741919E-01 -1.399825E+00 5.525858E-01 -7.873520E-02 9.880780E-01 2.782223E-02 1.263780E-03 4.199415E+00 8.106025E+00 
1.571598E-01 4.058772E-03 3.350406E-01 1.738078E-01 -1.306970E+00 5.589534E-01 -1.041552E-01 9.221928E-01 2.760186E-02 2.592962E-03 4.670777E+00 9.594977E+00 
1.666762E-01 7.775738E-03 3.374271E-01 1.795674E-01 -1.402785E+00 5.841411E-01 -1.085269E-01 9.605670E-01 2.861061E-02 1.489134E-03 4.584597E+00 9.093789E+00 
1.516603E-01 8.242329E-03 3.388704E-01 1.704884E-01 -1.568844E+00 5.844541E-01 -8.731526E-02 8.980963E-01 2.852068E-02 5.162996E-04 4.237544E+00 9.450125E+00 
1.590499E-01 5.294756E-03 3.421237E-01 1.761530E-01 -1.363967E+00 5.806566E-01 -8.512324E-02 9.543640E-01 2.891504E-02 2.089169E-03 3.975135E+00 9.220104E+00 
1.741582E-01 5.169785E-03 3.478042E-01 1.813091E-01 -1.452793E+00 5.508768E-01 -1.033614E-01 9.519488E-01 3.028864E-02 5.232475E-04 4.237465E+00 9.506573E+00 
1.706555E-01 9.614067E-03 3.329603E-01 1.784672E-01 -1.359251E+00 5.928976E-01 -1.265699E-01 1.022953E+00 2.593969E-02 1.037056E-03 4.276565E+00 9.379241E+00 
1.615152E-01 8.248976E-03 3.474500E-01 1.757295E-01 -1.439793E+00 5.957441E-01 -1.353888E-01 9.677494E-01 2.707105E-02 8.932368E-04 4.648834E+00 9.054974E+00 
1.605997E-01 2.061620E-03 3.521718E-01 1.820769E-01 -1.435502E+00 5.931328E-01 -1.837105E-01 1.025281E+00 2.547561E-02 8.490716E-04 4.272646E+00 9.459986E+00 
1.639399E-01 1.213191E-02 3.250493E-01 1.758562E-01 -1.348800E+00 5.802376E-01 -1.266822E-01 1.004077E+00 2.800747E-02 3.416745E-04 4.612425E+00 8.344347E+00 
1.609992E-01 5.674083E-03 3.520563E-01 1.747301E-01 -1.458156E+00 5.823974E-01 -1.010766E-01 8.946429E-01 2.678679E-02 1.127348E-03 4.252445E+00 8.917535E+00 
1.587773E-01 6.478277E-03 3.370105E-01 1.719950E-01 -1.328878E+00 5.801839E-01 -1.121593E-01 9.035303E-01 2.843203E-02 2.018754E-03 3.667499E+00 9.187353E+00 
1.647583E-01 8.622412E-03 3.492464E-01 1.736095E-01 -1.389005E+00 5.785343E-01 -1.248173E-01 1.003221E+00 2.722780E-02 1.276415E-03 4.240287E+00 9.311690E+00 
1.618742E-01 5.661060E-03 3.557022E-01 1.750580E-01 -1.321441E+00 5.941698E-01 -5.486135E-02 8.827302E-01 2.932145E-02 1.947186E-03 4.701233E+00 8.313187E+00 
1.697210E-01 8.037486E-03 3.432039E-01 1.778633E-01 -1.351680E+00 5.887592E-01 -1.350504E-01 9.148899E-01 2.957467E-02 1.624645E-03 4.019122E+00 9.171972E+00 
1.699031E-01 5.342318E-03 3.368395E-01 1.772841E-01 -1.396463E+00 5.887966E-01 -1.555212E-01 9.150401E-01 2.893746E-02 1.910145E-03 4.260644E+00 9.032018E+00 
1.340662E-01 8.709214E-03 3.394181E-01 1.933019E-01 -1.472129E+00 6.000000E-01 -1.338841E-01 9.795905E-01 2.697188E-02 9.465029E-03 4.339430E+00 8.996313E+00 
1.700051E-01 6.381067E-03 3.469240E-01 1.775459E-01 -1.399465E+00 5.976921E-01 -1.745874E-01 9.329399E-01 2.911920E-02 1.239537E-03 4.106067E+00 8.462068E+00 
1.633233E-01 5.277316E-03 3.486416E-01 1.748666E-01 -1.451278E+00 5.833906E-01 -1.336225E-01 9.530516E-01 2.982727E-02 1.353381E-03 3.814878E+00 9.349304E+00 
1.672811E-01 2.903869E-03 3.432592E-01 1.780681E-01 -1.575373E+00 5.721399E-01 -1.181860E-01 9.498846E-01 2.967733E-02 1.076931E-03 4.249221E+00 8.099348E+00 
1.834032E-01 6.339805E-03 3.469055E-01 1.756055E-01 -1.334868E+00 5.811787E-01 -1.384807E-01 9.546428E-01 2.529211E-02 1.656015E-04 3.668234E+00 8.640126E+00 
1.791471E-01 4.681205E-03 3.519051E-01 1.764197E-01 -1.509668E+00 5.778408E-01 -8.023009E-02 9.191593E-01 2.806858E-02 9.608798E-04 4.527311E+00 8.588045E+00 
1.554188E-01 9.910996E-03 3.499025E-01 1.758458E-01 -1.436222E+00 5.664357E-01 -8.851168E-02 9.676111E-01 2.800878E-02 1.941262E-03 4.252261E+00 6.763197E+00 
1.563619E-01 5.071111E-03 3.645618E-01 1.644266E-01 -1.574883E+00 5.859085E-01 -1.344416E-01 9.340845E-01 2.833932E-02 2.860103E-04 4.351696E+00 7.092486E+00 
1.687404E-01 5.837404E-03 3.420357E-01 1.740048E-01 -1.527773E+00 5.797312E-01 -8.663542E-02 9.367997E-01 2.834127E-02 1.872064E-03 4.238686E+00 9.335166E+00 
1.565165E-01 8.976947E-03 3.516713E-01 1.807093E-01 -1.480825E+00 5.997742E-01 -4.488529E-02 8.697519E-01 2.884230E-02 1.468993E-03 4.173379E+00 8.654004E+00 
1.629926E-01 6.851508E-03 3.131650E-01 1.728283E-01 -1.470942E+00 5.766623E-01 -1.535143E-01 9.417787E-01 3.017006E-02 7.122978E-04 4.054929E+00 9.916806E+00 
1.677697E-01 3.843328E-03 3.464863E-01 1.773513E-01 -1.433917E+00 5.859990E-01 -1.470323E-01 9.258265E-01 2.708982E-02 1.050748E-03 4.017717E+00 9.237952E+00 
1.743284E-01 1.044438E-02 3.721525E-01 1.670486E-01 -1.289160E+00 5.877638E-01 -1.380561E-01 9.448141E-01 2.679594E-02 5.966505E-04 4.883632E+00 8.949281E+00 
1.521377E-01 4.140283E-03 3.501473E-01 1.739178E-01 -1.575735E+00 5.915653E-01 -1.069520E-01 9.571533E-01 2.593420E-02 1.606079E-03 4.135269E+00 9.491086E+00 
1.782721E-01 9.140328E-03 3.462409E-01 1.763116E-01 -1.441561E+00 5.870636E-01 -1.452581E-01 9.000728E-01 3.009970E-02 1.864131E-03 3.792956E+00 8.160890E+00 
1.655540E-01 4.389393E-03 3.422196E-01 1.661621E-01 -1.374950E+00 5.869274E-01 -1.064354E-01 9.337899E-01 2.913516E-02 1.973952E-03 4.305854E+00 8.580712E+00 
1.807827E-01 7.686879E-03 3.554419E-01 1.758188E-01 -1.395945E+00 5.639307E-01 -1.455279E-01 9.282355E-01 2.701570E-02 1.234192E-03 4.023750E+00 9.383021E+00 
1.667077E-01 9.099665E-03 3.376279E-01 1.811269E-01 -1.436704E+00 5.948583E-01 -1.325901E-01 8.999193E-01 2.994505E-02 2.698276E-03 4.565115E+00 7.763715E+00 
1.677602E-01 6.912228E-03 3.526203E-01 1.784071E-01 -1.550600E+00 6.000000E-01 -1.755111E-01 9.542872E-01 2.953374E-02 3.298037E-04 3.780833E+00 7.866730E+00 
1.592365E-01 4.900246E-03 3.517556E-01 1.734446E-01 -1.372160E+00 5.926362E-01 -1.127520E-01 9.192011E-01 2.941525E-02 1.030173E-03 3.950654E+00 8.513984E+00 
1.643154E-01 5.498921E-03 3.438452E-01 1.770284E-01 -1.510344E+00 5.839827E-01 -1.270968E-01 9.663703E-01 2.742034E-02 9.508238E-04 4.180608E+00 1.024520E+01 
1.622248E-01 3.588076E-03 3.573748E-01 1.754583E-01 -1.302066E+00 5.862293E-01 -1.567787E-01 8.804557E-01 2.905853E-02 1.652314E-03 3.911542E+00 9.054337E+00 
1.649158E-01 3.606941E-03 3.500877E-01 1.743342E-01 -1.334194E+00 5.926825E-01 -1.343047E-01 9.771016E-01 3.171586E-02 1.284760E-03 4.396841E+00 9.273389E+00 
1.593682E-01 5.973277E-03 3.253890E-01 1.762082E-01 -1.415538E+00 5.727629E-01 -7.924471E-02 9.591129E-01 2.946802E-02 1.279523E-03 4.036829E+00 8.816854E+00 
1.909903E-01 1.123091E-03 3.359444E-01 1.757161E-01 -1.702172E+00 5.893991E-01 -9.336135E-02 9.610015E-01 2.831018E-02 4.119942E-04 4.435420E+00 8.599542E+00 
1.604261E-01 3.552249E-03 3.451375E-01 1.714216E-01 -1.340961E+00 5.822300E-01 -9.961836E-02 8.840493E-01 2.627443E-02 1.798216E-03 4.090480E+00 8.381557E+00 
1.570265E-01 6.335262E-03 3.434868E-01 1.783470E-01 -1.364347E+00 5.425614E-01 -1.079467E-01 8.756578E-01 3.028897E-02 1.275640E-03 4.466916E+00 9.328506E+00 
1.589451E-01 6.470463E-03 3.436457E-01 1.762239E-01 -1.423273E+00 5.873542E-01 -1.409214E-01 9.838551E-01 2.801072E-02 1.248840E-03 4.200263E+00 8.838140E+00 
1.616027E-01 7.285007E-03 3.523632E-01 1.750680E-01 -1.440398E+00 5.755518E-01 -1.098249E-01 9.120202E-01 2.558596E-02 1.771098E-03 4.092981E+00 7.974105E+00 
1.551244E-01 8.898917E-03 3.476915E-01 1.686936E-01 -1.414761E+00 5.708875E-01 -1.352753E-01 8.985607E-01 2.669285E-02 1.530549E-03 4.240115E+00 8.646037E+00 
1.791788E-01 3.757929E-03 3.370000E-01 1.770355E-01 -1.484229E+00 5.855153E-01 -1.430393E-01 9.833130E-01 2.838790E-02 1.216349E-03 4.444221E+00 7.545633E+00 
1.568295E-01 6.231301E-03 3.547135E-01 1.836101E-01 -1.326344E+00 5.827253E-01 -1.157867E-01 9.705169E-01 2.750601E-02 9.635142E-04 4.157211E+00 9.069095E+00 
1.744988E-01 7.356874E-03 3.513344E-01 1.804942E-01 -1.508966E+00 5.878185E-01 -1.574113E-01 9.309035E-01 3.047115E-02 1.983461E-03 4.465313E+00 8.633301E+00 
1.653032E-01 7.253659E-03 3.443713E-01 1.779423E-01 -1.492643E+00 5.830968E-01 -9.630601E-02 9.548463E-01 2.772715E-02 1.592708E-03 4.618117E+00 8.316110E+00 
1.708230E-01 3.992684E-03 3.331564E-01 1.790588E-01 -1.442137E+00 5.839195E-01 -1.365488E-01 1.007428E+00 2.916100E-02 1.756674E-03 4.602011E+00 8.282032E+00 
1.555239E-01 6.237162E-03 3.356568E-01 1.747557E-01 -1.453450E+00 5.809515E-01 -8.475335E-02 8.714540E-01 3.152487E-02 2.077785E-03 4.429789E+00 8.828005E+00 
1.843979E-01 3.803427E-03 3.600644E-01 1.758254E-01 -1.465217E+00 5.833726E-01 -1.719454E-01 9.368321E-01 2.879049E-02 2.249230E-03 4.580702E+00 1.030018E+01 
1.607120E-01 6.732504E-03 3.389874E-01 1.792943E-01 -1.520043E+00 6.000000E-01 -1.478702E-01 9.403816E-01 3.037121E-02 2.542773E-03 4.504004E+00 5.617333E+00 
1.843553E-01 1.084507E-02 3.136877E-01 1.891487E-01 -1.401105E+00 5.913158E-01 -1.228161E-01 9.625500E-01 2.961359E-02 1.786613E-03 4.932073E+00 9.828780E+00 
1.666810E-01 3.116357E-03 3.628785E-01 1.812733E-01 -1.664001E+00 5.954860E-01 -1.224961E-01 9.852404E-01 2.328679E-02 2.453547E-03 4.521601E+00 9.730236E+00 
1.907076E-01 7.267259E-03 3.491295E-01 1.770405E-01 -1.392864E+00 5.875538E-01 -1.550198E-01 9.581539E-01 2.626050E-02 2.002078E-03 4.274500E+00 8.757950E+00 
1.634244E-01 5.397824E-03 3.509910E-01 1.755115E-01 -1.465206E+00 5.716075E-01 -9.313479E-02 9.119509E-01 3.067153E-02 1.096962E-03 3.661364E+00 8.859222E+00 
1.630336E-01 4.570511E-03 3.334961E-01 1.763091E-01 -1.531250E+00 5.921895E-01 -1.100830E-01 9.159963E-01 2.837533E-02 1.538527E-03 4.022769E+00 9.107232E+00 
1.630776E-01 5.896343E-03 3.526523E-01 1.744920E-01 -1.394346E+00 5.906464E-01 -1.176054E-01 9.325923E-01 2.724119E-02 1.022985E-03 3.807164E+00 9.315307E+00 
1.570901E-01 8.032455E-03 3.524580E-01 1.775339E-01 -1.532308E+00 5.873169E-01 -1.632264E-01 9.971318E-01 2.989580E-02 1.747060E-03 4.058314E+00 1.079855E+01 
1.715189E-01 6.064855E-03 3.480122E-01 1.776073E-01 -1.503491E+00 5.806261E-01 -7.297906E-02 8.885055E-01 2.568922E-02 1.561316E-03 3.784482E+00 8.902116E+00 
1.542990E-01 6.310302E-03 3.399551E-01 1.718397E-01 -1.437020E+00 5.776852E-01 -1.050063E-01 9.964408E-01 2.781023E-02 2.249560E-03 4.136478E+00 1.032910E+01 
1.548202E-01 5.262952E-03 3.279785E-01 1.750429E-01 -1.373794E+00 5.922276E-01 -1.348106E-01 9.556880E-01 2.620237E-02 1.141359E-03 3.835369E+00 8.198888E+00 
1.690204E-01 7.801610E-03 3.519949E-01 1.778865E-01 -1.399142E+00 5.820813E-01 -1.619137E-01 9.651148E-01 2.643571E-02 1.239068E-04 4.238046E+00 9.440302E+00 
1.642670E-01 7.859294E-03 3.360605E-01 1.753962E-01 -1.619304E+00 5.856452E-01 -1.084640E-01 1.040052E+00 2.929069E-02 1.745689E-03 4.498616E+00 8.147448E+00 
1.622470E-01 6.248788E-03 3.434092E-01 1.753098E-01 -1.478543E+00 5.797012E-01 -6.048071E-02 9.234314E-01 2.916931E-02 1.300082E-03 4.122885E+00 9.111109E+00 
1.780321E-01 9.431282E-03 3.353354E-01 1.762947E-01 -1.589823E+00 5.727244E-01 -1.505444E-01 9.434582E-01 2.777744E-02 1.567291E-03 4.245729E+00 7.812697E+00 
1.488849E-01 4.507972E-03 3.414065E-01 1.752246E-01 -1.390532E+00 5.910840E-01 -1.292888E-01 9.703507E-01 2.869452E-02 1.056492E-03 4.027290E+00 8.640069E+00 
1.795607E-01 4.851928E-03 3.502508E-01 1.722366E-01 -1.506822E+00 5.778302E-01 -1.814510E-01 9.604041E-01 2.870486E-02 1.278394E-03 4.197046E+00 8.793414E+00 
1.586533E-01 3.314613E-03 3.388381E-01 1.752261E-01 -1.428509E+00 5.665731E-01 -1.029448E-01 9.390924E-01 2.964348E-02 1.234223E-03 4.218346E+00 9.360967E+00 
1.756740E-01 6.073373E-03 3.426686E-01 1.822118E-01 -1.204297E+00 5.857271E-01 -1.781999E-01 9.278550E-01 2.925089E-02 1.402722E-03 4.492806E+00 9.858551E+00 
1.632553E-01 5.034737E-03 3.464640E-01 1.783299E-01 -1.475515E+00 5.797701E-01 -1.055664E-01 9.357467E-01 2.565908E-02 1.003806E-03 4.023197E+00 1.020586E+01 
1.405195E-01 1.000000E-04 3.436322E-01 1.739793E-01 -1.466719E+00 5.670955E-01 -9.535867E-02 9.404611E-01 2.554598E-02 1.486152E-03 4.401535E+00 9.464291E+00 
1.780955E-01 9.245535E-03 3.360873E-01 1.702081E-01 -1.464726E+00 5.814051E-01 -9.169283E-02 9.288754E-01 2.811728E-02 8.009195E-03 4.272409E+00 7.432648E+00 
1.654143E-01 7.464763E-03 3.419871E-01 1.450596E-01 -1.376193E+00 5.114107E-01 -9.224393E-02 7.584964E-01 2.736409E-02 1.378353E-03 4.129990E+00 9.683971E+00 
1.600481E-01 5.749267E-03 3.463628E-01 1.833698E-01 -1.414469E+00 5.923631E-01 -1.170805E-01 9.944019E-01 2.649744E-02 1.389922E-03 4.304760E+00 9.106113E+00 
1.725584E-01 5.826720E-03 3.453626E-01 1.785784E-01 -1.471226E+00 5.779791E-01 -5.698289E-02 8.303880E-01 2.828290E-02 7.474547E-04 4.508320E+00 9.624351E+00 
1.529161E-01 2.204598E-02 3.410078E-01 1.713601E-01 -1.372910E+00 5.898855E-01 -6.936676E-02 9.318580E-01 2.809563E-02 3.252835E-03 4.611858E+00 9.470449E+00 
1.589023E-01 8.564367E-03 3.619271E-01 1.734428E-01 -1.574514E+00 5.817762E-01 -1.208406E-01 9.486718E-01 2.838577E-02 1.982750E-03 4.162419E+00 8.002425E+00 
1.574183E-01 8.135273E-03 3.391163E-01 1.731547E-01 -1.429711E+00 5.744756E-01 -9.865672E-02 9.680957E-01 2.898017E-02 9.433853E-04 4.330586E+00 8.996072E+00 
1.728945E-01 2.379287E-02 3.509614E-01 1.790241E-01 -1.361773E+00 5.324966E-01 -1.070476E-01 9.171190E-01 2.753028E-02 3.775898E-04 3.857691E+00 8.950714E+00 
1.642294E-01 8.688679E-03 3.354901E-01 1.719487E-01 -1.463082E+00 5.740494E-01 -1.033800E-01 9.267364E-01 2.341885E-02 1.449644E-03 4.300066E+00 8.919409E+00 
1.634510E-01 8.260820E-03 3.597525E-01 1.724777E-01 -1.365742E+00 5.730084E-01 -1.196752E-01 8.825807E-01 2.837993E-02 5.356739E-04 3.974480E+00 7.892270E+00 
1.706095E-01 6.813995E-03 3.508551E-01 1.806457E-01 -1.341784E+00 5.814578E-01 -1.775408E-01 9.328086E-01 2.972059E-02 9.656837E-04 4.394154E+00 8.900064E+00 
1.692572E-01 2.655505E-03 3.507759E-01 1.755170E-01 -1.440747E+00 5.843267E-01 -1.210556E-01 9.381250E-01 2.800272E-02 1.517021E-03 4.031265E+00 9.274186E+00 
1.754054E-01 4.067094E-03 3.466353E-01 1.802545E-01 -1.425289E+00 6.000000E-01 -7.589938E-02 9.324030E-01 2.710187E-02 2.096459E-03 4.368741E+00 8.210023E+00 
1.681992E-01 6.129804E-03 3.432024E-01 1.752708E-01 -1.573603E+00 5.798969E-01 -1.619126E-01 9.489123E-01 2.150886E-02 1.102519E-03 4.287370E+00 8.994611E+00 
1.701869E-01 5.022712E-03 3.500942E-01 1.752942E-01 -1.500923E+00 5.870037E-01 -1.269428E-01 9.332062E-01 2.851276E-02 1.316604E-03 4.321030E+00 9.486761E+00 
1.708564E-01 3.508698E-03 3.499003E-01 1.761497E-01 -1.358537E+00 5.906578E-01 -1.215128E-01 9.847443E-01 2.960637E-02 1.858691E-03 4.210569E+00 9.137732E+00 
1.605299E-01 1.245137E-02 3.459937E-01 1.755577E-01 -1.391596E+00 5.963743E-01 -1.291040E-01 9.087647E-01 2.873079E-02 3.660982E-04 4.083155E+00 8.982807E+00 
1.616711E-01 1.258912E-03 3.545776E-01 1.779631E-01 -1.562148E+00 5.739673E-01 -9.644373E-02 8.782362E-01 2.854917E-02 1.299840E-03 4.217619E+00 9.074312E+00 
1.789090E-01 8.733385E-03 3.531397E-01 1.745375E-01 -1.461573E+00 5.850745E-01 -1.639009E-01 9.598022E-01 2.555591E-02 9.545434E-04 3.682945E+00 9.208649E+00 
1.602564E-01 2.533984E-03 3.288045E-01 1.718744E-01 -1.368110E+00 5.873636E-01 -1.039555E-01 9.704495E-01 2.674726E-02 2.465043E-03 4.537227E+00 9.337060E+00 
1.594802E-01 9.952951E-03 3.322274E-01 1.818091E-01 -1.331675E+00 5.713849E-01 -6.933292E-02 9.500489E-01 2.728179E-02 1.314501E-03 4.248991E+00 9.414017E+00 
1.771618E-01 6.535482E-03 3.293075E-01 1.842457E-01 -1.369978E+00 5.819094E-01 -9.687506E-02 9.729310E-01 2.925305E-02 1.887705E-03 4.308735E+00 9.558504E+00 
1.856018E-01 8.919306E-03 3.405352E-01 1.795672E-01 -1.382859E+00 5.947545E-01 -1.476094E-01 9.894526E-01 2.767425E-02 1.692409E-03 3.945928E+00 1.036905E+01 
1.623231E-01 8.547636E-03 3.517769E-01 1.757983E-01 -1.334762E+00 5.646129E-01 -9.899155E-02 9.527812E-01 2.976745E-02 3.886193E-03 4.258004E+00 8.942670E+00 
1.754335E-01 1.171631E-02 3.400419E-01 1.813702E-01 -1.451741E+00 5.747023E-01 -1.525425E-01 9.697604E-01 3.024668E-02 1.763903E-03 4.843000E+00 9.369311E+00 
1.814159E-01 9.511465E-03 3.527439E-01 1.840053E-01 -1.415056E+00 5.979660E-01 -1.065087E-01 9.483208E-01 2.817393E-02 8.765202E-04 3.512484E+00 8.958714E+00 
1.537511E-01 4.439836E-03 3.358320E-01 1.760578E-01 -1.426544E+00 5.863572E-01 -1.281251E-01 9.704607E-01 3.093015E-02 1.280808E-03 4.377297E+00 8.363893E+00 
1.692174E-01 5.929245E-03 3.452822E-01 1.734665E-01 -1.524952E+00 5.639725E-01 -1.289035E-01 9.447664E-01 2.837844E-02 1.007948E-03 4.038193E+00 8.693015E+00 
1.645607E-01 1.258742E-02 3.407197E-01 1.769347E-01 -1.470425E+00 5.769757E-01 -1.358377E-01 9.077203E-01 2.879035E-02 7.314054E-04 4.804541E+00 8.611512E+00 
1.683675E-01 5.945005E-03 3.583170E-01 1.751416E-01 -1.350839E+00 5.720102E-01 -6.696415E-02 1.002617E+00 2.688676E-02 4.195658E-03 4.053939E+00 9.689627E+00 
2.000000E-01 5.435979E-03 2.987258E-01 1.837452E-01 -1.556558E+00 5.767766E-01 -8.828471E-02 1.012779E+00 2.804672E-02 1.266996E-03 4.225526E+00 8.661865E+00 
1.662158E-01 5.214175E-03 3.433168E-01 1.716827E-01 -1.415488E+00 5.811791E-01 -1.228029E-01 1.039642E+00 2.874679E-02 2.836063E-03 4.125577E+00 9.125926E+00 
1.702977E-01 1.047125E-02 3.163967E-01 1.788359E-01 -1.420137E+00 5.617900E-01 -9.982367E-02 1.002722E+00 2.762401E-02 0.000000E+00 4.243568E+00 9.012633E+00 
1.638528E-01 1.062653E-02 3.494094E-01 1.641566E-01 -1.383770E+00 4.108518E-01 -9.212572E-02 7.685886E-01 2.889437E-02 2.952313E-03 4.094211E+00 1.542953E+01 
1.664466E-01 7.273599E-03 3.482710E-01 1.736960E-01 -1.496708E+00 5.822172E-01 -1.329072E-01 9.118934E-01 2.783940E-02 1.307741E-03 4.581262E+00 1.053154E+01 
1.695293E-01 5.985617E-03 3.283072E-01 1.756397E-01 -1.211770E+00 5.944758E-01 -1.597176E-01 9.275486E-01 2.521535E-02 9.287784E-04 3.804238E+00 8.966707E+00 
1.651758E-01 6.406790E-03 3.419701E-01 1.717098E-01 -1.338314E+00 5.867139E-01 -1.035274E-01 9.283191E-01 2.653293E-02 1.934834E-03 4.268185E+00 9.674327E+00 
1.371727E-01 2.486045E-02 3.343771E-01 1.662034E-01 -1.387913E+00 5.903304E-01 -1.840519E-01 9.480674E-01 2.872968E-02 2.600357E-04 4.819379E+00 7.724745E+00 
1.615054E-01 1.095531E-02 3.419060E-01 1.643978E-01 -1.443225E+00 5.801166E-01 -1.278977E-01 9.435364E-01 2.945069E-02 6.492989E-04 4.000980E+00 9.728630E+00 
1.566887E-01 1.000000E-04 3.545783E-01 1.730449E-01 -1.455922E+00 5.972763E-01 -7.844411E-02 9.768897E-01 2.784346E-02 2.177511E-03 4.031022E+00 8.724692E+00 
1.774883E-01 6.714863E-03 3.444069E-01 1.758603E-01 -1.401632E+00 5.757357E-01 -1.775220E-01 9.534516E-01 2.642215E-02 2.578970E-03 4.158730E+00 9.386033E+00 
1.584815E-01 3.735315E-03 3.320203E-01 1.720426E-01 -1.390271E+00 5.774213E-01 -1.423922E-01 9.657487E-01 3.005610E-02 6.194532E-04 4.417012E+00 9.294974E+00 
1.708308E-01 7.169610E-03 3.593916E-01 1.808878E-01 -1.256921E+00 5.587521E-01 -1.257285E-01 9.676142E-01 2.943200E-02 1.782379E-03 4.226173E+00 8.525061E+00 
1.532482E-01 5.839773E-03 3.397389E-01 1.773938E-01 -1.479276E+00 5.779463E-01 -6.799161E-02 9.279784E-01 2.862000E-02 9.276989E-04 4.331231E+00 9.760681E+00 
1.645813E-01 3.723038E-03 3.762302E-01 1.723461E-01 -1.378173E+00 5.928949E-01 -9.752636E-02 1.014570E+00 2.891049E-02 8.351996E-04 4.312291E+00 1.057666E+01 
1.537559E-01 1.678805E-02 3.589145E-01 1.755212E-01 -1.202306E+00 5.948123E-01 -1.147384E-01 9.892241E-01 2.803683E-02 2.234376E-03 4.485253E+00 9.356972E+00 
1.638800E-01 3.831357E-03 3.239329E-01 1.737515E-01 -1.386597E+00 5.833096E-01 -1.225786E-01 1.164223E+00 2.907722E-02 1.231389E-03 4.268360E+00 9.397786E+00 
1.778175E-01 4.522074E-03 3.633009E-01 1.779665E-01 -1.452584E+00 5.709881E-01 -1.615668E-01 9.605662E-01 2.942263E-02 1.293005E-03 4.393631E+00 8.557381E+00 
1.633595E-01 4.091840E-03 3.475495E-01 1.749813E-01 -1.494478E+00 5.861619E-01 -1.354508E-01 1.004933E+00 2.769784E-02 1.725065E-03 4.220570E+00 9.324544E+00 
1.625113E-01 5.210000E-03 3.570347E-01 1.762262E-01 -1.379593E+00 5.814633E-01 -1.062352E-01 9.512165E-01 2.891879E-02 1.121903E-03 4.668870E+00 9.693637E+00 
1.751949E-01 8.891652E-03 3.158740E-01 1.802249E-01 -1.364354E+00 6.000000E-01 -1.729932E-01 9.052751E-01 2.835197E-02 4.425378E-04 4.443249E+00 8.694932E+00 
1.774310E-01 4.788744E-03 3.490315E-01 1.743726E-01 -1.609750E+00 5.633584E-01 -9.258605E-02 9.138103E-01 2.809227E-02 7.691097E-04 4.196576E+00 8.957301E+00 
1.741681E-01 5.671235E-03 3.340116E-01 1.715370E-01 -1.332932E+00 5.851881E-01 -1.325897E-01 9.582177E-01 2.830255E-02 1.592921E-03 4.315286E+00 9.364699E+00 
1.859065E-01 7.669256E-03 3.491298E-01 1.842072E-01 -1.488192E+00 5.883223E-01 -1.848269E-01 8.789427E-01 2.579368E-02 1.190992E-03 4.258844E+00 8.764427E+00 
1.619150E-01 3.680026E-03 3.464962E-01 1.696652E-01 -1.393717E+00 5.785171E-01 -1.465513E-01 9.478005E-01 2.901374E-02 1.662316E-03 4.028067E+00 9.063377E+00 
1.704151E-01 6.345189E-03 3.373020E-01 1.719635E-01 -1.474966E+00 5.841555E-01 -8.460745E-02 9.291642E-01 2.861389E-02 1.927378E-03 4.328171E+00 8.021866E+00 
1.654097E-01 5.059479E-03 3.440600E-01 1.807568E-01 -1.364450E+00 5.827599E-01 -1.323788E-01 9.341142E-01 2.754810E-02 1.830395E-03 4.265382E+00 1.013199E+01 
1.792509E-01 3.557008E-03 3.478438E-01 1.790728E-01 -1.351512E+00 5.880380E-01 -1.385212E-01 9.104839E-01 2.900265E-02 7.032109E-04 4.622606E+00 8.636792E+00 
1.585502E-01 5.072474E-03 3.474484E-01 1.759962E-01 -1.525920E+00 5.713573E-01 -1.232237E-01 1.028502E+00 2.753750E-02 1.624563E-03 4.283369E+00 8.958394E+00 
1.618510E-01 7.618747E-03 3.569614E-01 1.748459E-01 -1.413594E+00 5.900214E-01 -7.952561E-02 9.351073E-01 2.767726E-02 5.056428E-04 4.121423E+00 9.493053E+00 
1.651798E-01 5.790503E-03 3.501899E-01 1.734012E-01 -1.538946E+00 5.760578E-01 -1.194417E-01 9.539190E-01 2.612135E-02 1.523330E-03 3.716522E+00 9.271262E+00 
1.732783E-01 9.161347E-03 3.479875E-01 1.815507E-01 -1.486637E+00 5.849132E-01 -1.225215E-01 9.471937E-01 2.843397E-02 9.123816E-04 4.505827E+00 1.058224E+01 
1.701696E-01 5.633751E-03 3.519379E-01 1.755369E-01 -1.398149E+00 5.735331E-01 -7.805664E-02 8.944617E-01 2.962861E-02 1.369777E-03 4.046650E+00 8.894450E+00 
1.626029E-01 6.414654E-03 3.219765E-01 1.759732E-01 -1.443381E+00 5.656352E-01 -1.172417E-01 9.828796E-01 2.899727E-02 1.141558E-03 4.107315E+00 9.132293E+00 
1.646600E-01 3.888802E-03 3.367787E-01 1.731958E-01 -1.377726E+00 5.737708E-01 -1.211630E-01 1.008718E+00 2.583279E-02 5.781843E-04 3.211951E+00 9.724438E+00 
1.693549E-01 5.013918E-03 3.414599E-01 1.769797E-01 -1.422997E+00 5.951906E-01 -1.076530E-01 9.677325E-01 2.773876E-02 1.592712E-03 3.944626E+00 9.043246E+00 
1.582076E-01 4.596337E-03 3.436425E-01 1.738934E-01 -1.319985E+00 5.722327E-01 -8.554189E-02 8.897258E-01 2.797919E-02 1.361962E-03 4.082416E+00 9.492278E+00 
1.675966E-01 6.345721E-03 3.471224E-01 1.765194E-01 -1.461140E+00 5.913243E-01 -1.015922E-01 9.178191E-01 2.786066E-02 2.622418E-03 4.141865E+00 9.972836E+00 
1.714068E-01 5.612639E-03 3.553948E-01 1.799550E-01 -1.359990E+00 5.893171E-01 -1.454832E-01 9.540093E-01 2.756132E-02 1.538599E-03 4.428034E+00 8.158560E+00 
1.640422E-01 4.375385E-03 3.492758E-01 1.712513E-01 -1.338127E+00 5.758404E-01 -1.250931E-01 1.024343E+00 2.847810E-02 2.783690E-03 4.182861E+00 6.396324E+00 
1.666681E-01 6.896508E-03 3.405768E-01 1.791350E-01 -1.408372E+00 5.591450E-01 -1.001708E-01 8.998687E-01 2.819253E-02 1.883166E-03 3.996309E+00 9.132398E+00 
1.941485E-01 6.614460E-03 3.415118E-01 1.778595E-01 -1.457718E+00 5.962407E-01 -1.179734E-01 9.761450E-01 2.697037E-02 1.607286E-03 4.318870E+00 9.170361E+00 
1.676795E-01 4.093934E-03 3.323420E-01 1.757679E-01 -1.430591E+00 5.850456E-01 -9.420665E-02 9.504587E-01 2.651175E-02 1.578044E-03 4.114567E+00 8.478395E+00 
1.542533E-01 3.642318E-03 3.497069E-01 1.732787E-01 -1.271217E+00 5.743438E-01 -1.149351E-01 9.837828E-01 3.120880E-02 1.263592E-03 4.100188E+00 9.477598E+00 
1.654569E-01 8.363886E-03 3.349242E-01 1.787129E-01 -1.437722E+00 5.857416E-01 -1.563119E-01 9.274027E-01 2.883611E-02 1.071743E-03 4.105516E+00 9.205699E+00 
1.756501E-01 6.386353E-03 3.327373E-01 1.831123E-01 -1.476603E+00 5.962587E-01 -1.536550E-01 1.048398E+00 2.851172E-02 1.267918E-03 4.054863E+00 8.697636E+00 
1.655548E-01 6.189256E-03 3.264735E-01 1.765500E-01 -1.405305E+00 5.817324E-01 -1.164252E-01 9.565312E-01 2.628683E-02 1.547371E-03 4.103511E+00 8.951980E+00 
1.628484E-01 5.724001E-03 3.440870E-01 1.750239E-01 -1.425059E+00 5.814083E-01 -1.071682E-01 9.404507E-01 2.936288E-02 2.448200E-03 4.336350E+00 9.520682E+00 
1.898152E-01 7.067404E-03 3.509372E-01 1.783677E-01 -1.408374E+00 5.853822E-01 -1.255507E-01 9.339180E-01 2.862610E-02 5.058238E-04 4.296635E+00 7.411103E+00 
1.623655E-01 6.589341E-03 3.208681E-01 1.746375E-01 -1.329066E+00 5.929884E-01 -7.199137E-02 9.584598E-01 2.942714E-02 2.404454E-03 4.186841E+00 9.690762E+00 
1.778376E-01 7.904136E-03 3.517043E-01 1.723471E-01 -1.474796E+00 5.762718E-01 -8.296251E-02 9.862308E-01 2.816293E-02 1.250451E-03 4.234679E+00 8.253167E+00 
1.669053E-01 4.279931E-03 3.474296E-01 1.735583E-01 -1.428567E+00 5.905196E-01 -1.739543E-01 9.368735E-01 2.750739E-02 3.810823E-04 4.034853E+00 9.370081E+00 
1.794087E-01 2.929444E-03 3.493959E-01 1.889072E-01 -1.542143E+00 5.842148E-01 -1.325402E-01 9.279342E-01 2.976509E-02 2.536299E-03 3.990815E+00 8.805174E+00 
1.694387E-01 6.508945E-03 3.650905E-01 1.770555E-01 -1.513974E+00 5.830661E-01 -7.173803E-02 9.487731E-01 2.885713E-02 1.809790E-03 4.003394E+00 8.906894E+00 
1.730905E-01 6.885003E-03 3.648142E-01 1.781093E-01 -1.428029E+00 5.916101E-01 -2.000000E-01 9.463404E-01 2.991470E-02 2.689325E-03 4.248840E+00 9.541586E+00 
1.592705E-01 3.809299E-03 3.305212E-01 1.745139E-01 -1.501802E+00 5.887687E-01 -9.657009E-02 9.556929E-01 2.875722E-02 2.597723E-03 3.876977E+00 7.939649E+00 
1.673125E-01 1.000000E-04 3.516482E-01 1.788475E-01 -1.526647E+00 5.815229E-01 -1.713206E-01 9.264468E-01 2.718347E-02 8.930211E-04 4.083862E+00 7.180962E+00 
1.822899E-01 5.545240E-03 3.433908E-01 1.811493E-01 -1.295330E+00 5.886632E-01 -9.700735E-02 9.239575E-01 2.768502E-02 2.256214E-03 4.272109E+00 9.618053E+00 
1.672496E-01 7.423899E-03 3.465569E-01 1.742575E-01 -1.335486E+00 5.663771E-01 -1.237172E-01 1.008582E+00 2.830643E-02 1.638334E-03 4.501375E+00 8.865574E+00 
1.720240E-01 6.241479E-03 3.491292E-01 1.802301E-01 -1.502108E+00 5.902215E-01 -1.459867E-01 8.844543E-01 2.874969E-02 3.366853E-04 4.301088E+00 7.645630E+00 
1.808584E-01 6.316974E-03 3.384073E-01 1.755899E-01 -1.314180E+00 5.879262E-01 -1.766395E-01 9.663365E-01 2.728985E-02 1.667773E-03 4.385223E+00 9.191531E+00 
1.573303E-01 4.568270E-03 3.631889E-01 1.729448E-01 -1.547543E+00 5.816341E-01 -4.939925E-02 8.701672E-01 2.756654E-02 7.681856E-04 4.641502E+00 9.285684E+00 
1.737114E-01 7.112597E-03 3.452963E-01 1.773263E-01 -1.467384E+00 5.815558E-01 -1.063836E-01 9.232932E-01 3.100020E-02 2.270026E-03 4.030239E+00 9.172477E+00 
1.598576E-01 4.412636E-03 3.407118E-01 1.795293E-01 -1.439963E+00 5.781314E-01 -1.000000E-02 9.211730E-01 2.943473E-02 1.421248E-03 4.210616E+00 9.814705E+00 
1.748455E-01 8.551838E-03 3.701001E-01 1.720534E-01 -1.417906E+00 4.751914E-01 -1.893403E-01 9.477259E-01 2.494832E-02 1.320729E-03 4.562894E+00 9.229009E+00 
1.595302E-01 7.003864E-03 3.427718E-01 1.810266E-01 -1.472616E+00 5.717137E-01 -9.583641E-02 1.016517E+00 2.761606E-02 9.539759E-04 4.125359E+00 8.472717E+00 
1.661416E-01 5.966286E-03 3.633096E-01 1.711535E-01 -1.605768E+00 5.703200E-01 -8.634793E-02 8.662559E-01 2.980685E-02 1.732573E-03 4.305247E+00 8.624393E+00 
1.647953E-01 6.437003E-03 3.450530E-01 1.779055E-01 -1.438455E+00 5.551796E-01 -1.136260E-01 8.999587E-01 2.889196E-02 2.225312E-03 4.007673E+00 9.881572E+00 
1.665174E-01 4.694713E-03 3.397647E-01 1.756900E-01 -1.400133E+00 5.802764E-01 -1.130741E-01 9.638107E-01 2.786554E-02 2.029508E-03 4.628356E+00 8.925298E+00 
1.654477E-01 4.027996E-03 3.395963E-01 1.770689E-01 -1.394445E+00 5.894797E-01 -1.004438E-01 9.184046E-01 2.879205E-02 1.223256E-03 4.296330E+00 9.335109E+00 
1.694720E-01 6.438352E-03 3.735708E-01 1.776683E-01 -1.543416E+00 5.924153E-01 -1.107611E-01 9.651808E-01 2.897549E-02 1.503357E-03 4.213177E+00 8.891581E+00 
1.601947E-01 4.227128E-03 3.286699E-01 1.755209E-01 -1.370635E+00 5.637765E-01 -8.349265E-02 9.812814E-01 2.645026E-02 0.000000E+00 4.672670E+00 8.674487E+00 
1.625860E-01 5.293562E-03 3.527413E-01 1.763949E-01 -1.330150E+00 5.833423E-01 -6.045976E-02 9.984906E-01 2.725456E-02 6.738586E-04 4.546400E+00 8.637224E+00 
1.830231E-01 7.150066E-04 3.553078E-01 1.742599E-01 -1.321632E+00 5.694894E-01 -1.584969E-01 1.012528E+00 2.834270E-02 1.745001E-03 4.493549E+00 9.930137E+00 
1.803910E-01 8.721007E-03 3.498272E-01 1.814926E-01 -1.473677E+00 5.579229E-01 -9.767738E-02 9.454061E-01 2.748070E-02 1.612404E-03 4.050628E+00 9.600782E+00 
1.723280E-01 7.154271E-03 3.513747E-01 1.801847E-01 -1.386987E+00 5.713841E-01 -1.499950E-01 9.846411E-01 3.032784E-02 2.026107E-03 5.036575E+00 8.959747E+00 
1.565472E-01 7.077410E-03 3.358954E-01 1.738684E-01 -1.425605E+00 5.885448E-01 -1.526904E-01 1.033088E+00 2.441633E-02 8.644259E-04 3.964422E+00 8.671331E+00 
1.549393E-01 6.087086E-03 3.694209E-01 1.714383E-01 -1.379098E+00 5.828590E-01 -1.177998E-01 8.986362E-01 2.927529E-02 1.551883E-03 4.542271E+00 8.159538E+00 
1.644237E-01 3.847995E-03 3.550034E-01 1.753500E-01 -1.482783E+00 5.790804E-01 -1.072096E-01 9.348156E-01 2.877347E-02 2.530716E-04 4.111825E+00 8.897411E+00 
1.694073E-01 5.031986E-03 3.550572E-01 1.769074E-01 -1.470439E+00 5.749408E-01 -1.483466E-01 9.043989E-01 2.751265E-02 9.231507E-04 4.179834E+00 9.157276E+00 
1.599659E-01 5.281205E-03 3.587983E-01 1.714333E-01 -1.421128E+00 5.704225E-01 -9.239023E-02 9.704063E-01 2.967891E-02 2.609032E-03 4.657909E+00 8.481849E+00 
1.345809E-01 3.719514E-02 3.094593E-01 1.778094E-01 -1.457007E+00 5.771384E-01 -1.011190E-01 8.648776E-01 3.045691E-02 2.073040E-03 4.674586E+00 8.647112E+00 
1.706432E-01 5.250093E-03 3.488408E-01 1.812210E-01 -1.446337E+00 5.737423E-01 -3.859794E-02 9.265257E-01 2.987141E-02 1.314707E-03 4.048217E+00 9.315444E+00 
1.663963E-01 3.356968E-03 3.574549E-01 1.734601E-01 -1.409587E+00 5.759326E-01 -1.104486E-01 9.925235E-01 2.829942E-02 1.644148E-03 4.377994E+00 9.234475E+00 
1.440802E-01 4.596235E-03 3.500868E-01 1.789991E-01 -1.512636E+00 4.773819E-01 -3.854014E-02 9.328544E-01 3.086531E-02 1.344674E-03 3.868903E+00 9.092535E+00 
1.648178E-01 6.855401E-03 3.306584E-01 1.753767E-01 -1.420308E+00 5.787647E-01 -1.034392E-01 1.009018E+00 2.893269E-02 1.135952E-03 4.084362E+00 8.771930E+00 
1.583382E-01 1.239094E-02 3.267880E-01 1.809958E-01 -1.456823E+00 5.830608E-01 -8.341835E-02 9.741765E-01 2.926851E-02 1.935000E-04 4.103452E+00 9.204905E+00 
1.672446E-01 5.380908E-03 3.502378E-01 1.777219E-01 -1.461593E+00 5.830606E-01 -1.127433E-01 9.610377E-01 2.835577E-02 1.236711E-03 4.090355E+00 8.175877E+00 
1.582520E-01 6.122579E-03 3.568734E-01 1.772939E-01 -1.412681E+00 5.804188E-01 -5.418695E-02 9.549144E-01 2.675414E-02 1.686178E-03 4.480098E+00 9.234157E+00 
1.734376E-01 4.931247E-03 3.375916E-01 1.746314E-01 -1.297512E+00 5.614897E-01 -1.459086E-01 9.565490E-01 2.670249E-02 2.022763E-03 3.966212E+00 8.985692E+00 
1.649325E-01 5.311543E-03 3.560484E-01 1.768868E-01 -1.473192E+00 5.802785E-01 -8.271084E-02 9.476185E-01 2.879527E-02 1.368443E-03 4.270734E+00 9.659340E+00 
1.659526E-01 7.178909E-03 3.670876E-01 1.774898E-01 -1.450240E+00 5.954577E-01 -1.631943E-01 1.016855E+00 2.855814E-02 2.271024E-03 4.147055E+00 6.953761E+00 
1.748549E-01 5.282152E-03 3.409032E-01 1.767672E-01 -1.318611E+00 5.855655E-01 -1.711237E-01 8.760331E-01 2.983925E-02 1.928422E-03 4.370589E+00 9.389701E+00 
1.620262E-01 5.908257E-03 3.431089E-01 1.842817E-01 -1.467562E+00 5.811957E-01 -8.971508E-02 9.327081E-01 2.922295E-02 2.682091E-03 4.182648E+00 8.932803E+00 
1.687650E-01 2.954947E-03 3.506707E-01 1.746863E-01 -1.361738E+00 5.745156E-01 -1.421119E-01 8.970657E-01 2.991013E-02 1.311360E-03 4.177301E+00 9.677740E+00 
1.645970E-01 6.755217E-03 3.415510E-01 1.739451E-01 -1.430258E+00 5.780914E-01 -1.270783E-01 9.214882E-01 2.886044E-02 8.812927E-04 4.186327E+00 8.474232E+00 
1.599252E-01 3.914524E-03 3.504883E-01 1.760426E-01 -1.489546E+00 5.917312E-01 -1.043746E-01 9.187895E-01 2.936963E-02 1.929347E-03 4.446573E+00 9.472168E+00 
1.588557E-01 5.867457E-03 3.542831E-01 1.771819E-01 -1.535630E+00 5.677690E-01 -1.081636E-01 9.160444E-01 2.883109E-02 1.112353E-03 3.582426E+00 8.944732E+00 
1.812376E-01 6.082537E-03 3.444229E-01 1.770413E-01 -1.542648E+00 5.864844E-01 -1.076280E-01 9.314053E-01 2.659719E-02 7.278533E-04 4.228400E+00 8.448575E+00 
1.689582E-01 7.334045E-03 3.574901E-01 1.732673E-01 -1.469185E+00 5.930406E-01 -1.606674E-01 1.006203E+00 2.476746E-02 1.673720E-03 3.600385E+00 9.526159E+00 
1.792014E-01 6.214423E-03 3.423498E-01 1.769551E-01 -1.460984E+00 5.942783E-01 -1.525262E-01 9.049330E-01 3.053189E-02 1.426914E-03 4.135970E+00 9.570106E+00 
1.686034E-01 6.366834E-03 3.281548E-01 1.765130E-01 -1.361085E+00 5.861347E-01 -9.105112E-02 9.595862E-01 3.040161E-02 6.431896E-04 4.306265E+00 8.553381E+00 
1.707811E-01 6.080644E-03 3.474293E-01 1.790516E-01 -1.272211E+00 5.908500E-01 -2.000000E-01 9.641338E-01 2.779365E-02 1.216765E-03 4.338889E+00 8.477807E+00 
1.695783E-01 8.684336E-03 3.460065E-01 1.805567E-01 -1.392874E+00 5.787734E-01 -1.294282E-01 9.397497E-01 2.534925E-02 9.538792E-04 4.566852E+00 9.853080E+00 
1.749301E-01 5.226265E-03 3.581357E-01 1.799849E-01 -1.313991E+00 5.896479E-01 -1.228961E-01 9.563693E-01 3.071689E-02 1.506887E-03 4.133217E+00 9.474355E+00 
1.452691E-01 1.368218E-02 3.334587E-01 1.768712E-01 -1.527790E+00 5.818940E-01 -1.015306E-01 1.000679E+00 2.903358E-02 3.142784E-03 4.346963E+00 6.288321E+00 
1.713347E-01 9.305570E-03 3.467162E-01 1.765232E-01 -1.301096E+00 4.643292E-01 -1.007939E-01 9.456043E-01 3.023866E-02 2.530710E-03 4.356179E+00 9.493745E+00 
1.662263E-01 9.852852E-03 3.717421E-01 1.790656E-01 -1.450124E+00 5.913231E-01 -7.929015E-02 9.590520E-01 3.285498E-02 4.914179E-03 4.029922E+00 8.034095E+00 
1.660499E-01 4.328205E-03 3.577730E-01 1.768690E-01 -1.374029E+00 5.700979E-01 -1.144165E-01 8.957444E-01 2.794648E-02 5.952007E-04 3.339196E+00 9.499925E+00 
1.672637E-01 4.329038E-03 3.256519E-01 1.759322E-01 -1.353758E+00 5.843284E-01 -1.134250E-01 9.948368E-01 2.834259E-02 1.800004E-03 4.073291E+00 9.790764E+00 
1.645557E-01 5.947622E-03 3.416085E-01 1.734044E-01 -1.347007E+00 5.790177E-01 -8.343265E-02 9.850518E-01 2.905168E-02 1.344619E-03 4.488771E+00 8.952765E+00 
1.647599E-01 4.495247E-03 3.443588E-01 1.744875E-01 -1.339797E+00 5.867650E-01 -1.226994E-01 9.890420E-01 2.777976E-02 1.674798E-03 4.129969E+00 8.758483E+00 
1.616899E-01 7.497605E-03 3.607262E-01 1.672992E-01 -1.443659E+00 5.764221E-01 -1.389434E-01 9.673444E-01 2.923188E-02 3.318580E-03 4.402463E+00 9.300892E+00 
1.604828E-01 6.886578E-03 3.325842E-01 1.750861E-01 -1.481229E+00 5.980450E-01 -1.432614E-01 9.616860E-01 2.767863E-02 2.514001E-03 4.609949E+00 9.670117E+00 
1.649813E-01 4.853280E-03 3.478590E-01 1.830174E-01 -1.440977E+00 5.953377E-01 -1.576314E-01 9.763271E-01 2.727000E-02 1.833278E-03 4.031941E+00 8.951692E+00 
1.788978E-01 4.413685E-03 3.388615E-01 1.727929E-01 -1.474423E+00 5.917003E-01 -1.813490E-01 1.038865E+00 2.897952E-02 2.740385E-03 3.864973E+00 9.189516E+00 
1.268224E-01 4.945034E-02 3.276279E-01 1.593469E-01 -1.355755E+00 3.867095E-01 -4.831068E-02 7.222080E-01 3.222546E-02 1.748593E-03 3.720169E+00 9.939579E+00 
1.654951E-01 6.828654E-03 3.506626E-01 1.768884E-01 -1.487591E+00 5.747747E-01 -9.617697E-02 9.832211E-01 2.478380E-02 1.763394E-03 3.874340E+00 5.681551E+00 
1.607997E-01 8.139073E-03 3.605826E-01 1.751376E-01 -1.454672E+00 5.743516E-01 -1.321980E-01 9.423303E-01 3.031873E-02 1.683281E-03 4.346236E+00 9.296161E+00 
1.668611E-01 6.861500E-03 3.417308E-01 1.645738E-01 -1.429512E+00 5.830322E-01 -1.543857E-01 8.698124E-01 3.001948E-02 1.461829E-03 4.277617E+00 9.585899E+00 
1.722152E-01 7.383429E-03 3.130585E-01 1.768030E-01 -1.403468E+00 5.737615E-01 -1.261893E-01 9.213543E-01 2.797672E-02 8.503638E-04 3.937152E+00 9.717585E+00 
1.110340E-01 8.446712E-03 3.519315E-01 1.793689E-01 -1.452545E+00 5.774315E-01 -9.991794E-02 9.075570E-01 3.168939E-02 1.110707E-03 4.432655E+00 8.364313E+00 
1.412980E-01 3.864350E-02 3.477802E-01 1.654360E-01 -1.489383E+00 5.757454E-01 -6.629906E-02 9.392592E-01 2.802505E-02 3.078698E-03 4.247555E+00 8.435715E+00 
1.494621E-01 1.220941E-02 3.583528E-01 1.708515E-01 -1.446764E+00 5.444863E-01 -8.863953E-02 9.354064E-01 3.511701E-02 1.919321E-03 4.195281E+00 9.646136E+00 
1.618740E-01 5.736728E-03 3.551800E-01 1.739351E-01 -1.378752E+00 5.857635E-01 -1.242536E-01 1.041932E+00 2.844343E-02 1.267774E-03 4.467080E+00 9.413838E+00 
1.540489E-01 6.969242E-03 3.361288E-01 1.772354E-01 -1.554369E+00 5.961304E-01 -6.117621E-02 9.331052E-01 3.077863E-02 1.532638E-03 4.353013E+00 9.349407E+00 
1.781431E-01 7.492419E-03 3.476434E-01 1.801727E-01 -1.575997E+00 5.931066E-01 -1.639484E-01 8.182970E-01 1.836504E-02 1.302045E-03 4.643029E+00 9.412420E+00 
1.660234E-01 6.200444E-03 3.526552E-01 1.748271E-01 -1.403200E+00 5.923015E-01 -1.553166E-01 9.364864E-01 2.867783E-02 7.062306E-04 4.273567E+00 9.380365E+00 
1.723838E-01 7.153612E-03 3.576848E-01 1.750546E-01 -1.533917E+00 5.801526E-01 -1.673931E-01 9.633553E-01 2.859876E-02 1.610050E-03 4.316562E+00 9.248083E+00 
1.859963E-01 2.709008E-03 3.387689E-01 1.777856E-01 -1.473697E+00 5.938140E-01 -1.256802E-01 9.021996E-01 2.883174E-02 1.729346E-03 3.819285E+00 8.698620E+00 
1.756683E-01 4.434028E-03 3.462294E-01 1.707040E-01 -1.408927E+00 5.871786E-01 -1.351354E-01 9.798921E-01 3.055668E-02 1.563397E-03 4.169537E+00 9.071149E+00 
1.721427E-01 5.591754E-03 3.288083E-01 1.844863E-01 -1.329859E+00 5.884802E-01 -1.782115E-01 9.283497E-01 3.113606E-02 1.825973E-03 4.647043E+00 1.007382E+01 
1.616523E-01 5.384190E-03 3.534876E-01 1.761392E-01 -1.379208E+00 5.871905E-01 -1.020505E-01 9.563846E-01 2.763665E-02 2.372078E-03 3.853905E+00 8.765232E+00 
1.260441E-01 1.212940E-02 3.347851E-01 1.693928E-01 -1.265377E+00 6.000000E-01 -9.564658E-02 9.043321E-01 2.880152E-02 5.900908E-03 4.052372E+00 9.716025E+00 
1.682399E-01 5.290382E-03 3.455955E-01 1.783997E-01 -1.389371E+00 5.928161E-01 -1.093814E-01 8.267116E-01 2.735474E-02 1.053974E-03 4.436211E+00 1.078443E+01 
1.812057E-01 1.060256E-02 3.307275E-01 1.771138E-01 -1.472741E+00 5.828925E-01 -1.223448E-01 9.911513E-01 2.918543E-02 1.700154E-03 4.586401E+00 8.895508E+00 
1.718046E-01 3.197625E-02 3.820858E-01 1.665201E-01 -1.291509E+00 4.564353E-01 -1.201957E-01 7.318850E-01 3.078340E-02 1.308489E-03 4.027366E+00 9.754836E+00 
1.682006E-01 5.684552E-03 3.421175E-01 1.823083E-01 -1.407462E+00 5.723593E-01 -9.018124E-02 9.224045E-01 2.853758E-02 1.444221E-03 4.182127E+00 8.879017E+00 
1.688941E-01 5.170719E-03 3.398284E-01 1.787936E-01 -1.529184E+00 5.829974E-01 -1.023418E-01 9.199408E-01 2.757166E-02 2.201481E-03 4.288270E+00 8.806612E+00 
1.604117E-01 1.088142E-02 3.332492E-01 1.711956E-01 -1.365234E+00 5.664879E-01 -6.385658E-02 9.131818E-01 2.826172E-02 3.350155E-03 3.144814E+00 1.083681E+01 
1.809633E-01 4.802370E-03 3.485527E-01 1.746315E-01 -1.458333E+00 5.715617E-01 -7.239401E-02 9.537870E-01 2.962989E-02 1.795696E-03 4.097442E+00 8.303752E+00 
1.623154E-01 4.588777E-03 3.466756E-01 1.744613E-01 -1.378354E+00 5.843290E-01 -1.906081E-01 9.400565E-01 2.772201E-02 1.609068E-03 4.344149E+00 9.421569E+00 
1.648828E-01 8.118169E-03 3.386209E-01 1.750782E-01 -1.469521E+00 5.501383E-01 -1.545786E-01 9.546033E-01 2.863183E-02 1.479577E-03 4.156251E+00 7.822635E+00 
1.619266E-01 4.120130E-03 3.457265E-01 1.763250E-01 -1.332951E+00 5.894569E-01 -9.855632E-02 8.946163E-01 2.685777E-02 2.730591E-03 3.637467E+00 1.075141E+01 
1.681219E-01 7.868385E-03 3.287664E-01 1.761296E-01 -1.384992E+00 5.939540E-01 -1.104369E-01 9.783553E-01 2.977031E-02 2.782462E-03 4.236691E+00 8.879778E+00 
1.740319E-01 4.675066E-03 3.589534E-01 1.823662E-01 -1.388766E+00 5.976970E-01 -1.179082E-01 8.744608E-01 2.705902E-02 6.246058E-04 4.338675E+00 9.580996E+00 
1.633154E-01 4.243359E-03 3.531614E-01 1.865174E-01 -1.510537E+00 5.784796E-01 -9.830772E-02 9.456410E-01 2.676515E-02 1.289088E-03 4.266451E+00 8.560831E+00 
1.629833E-01 6.660662E-03 3.433339E-01 1.763779E-01 -1.465167E+00 5.885938E-01 -8.155635E-02 9.209956E-01 2.802635E-02 1.665051E-03 4.278253E+00 9.398320E+00 
1.646563E-01 6.030393E-03 3.364295E-01 1.729157E-01 -1.402288E+00 5.523901E-01 -7.859888E-02 9.310832E-01 2.498355E-02 2.057433E-03 4.216745E+00 9.691118E+00 
1.629200E-01 4.495658E-03 3.430637E-01 1.781992E-01 -1.464710E+00 5.878554E-01 -1.324212E-01 9.681170E-01 2.822106E-02 1.056097E-03 4.317472E+00 9.000140E+00 
1.791808E-01 4.392914E-02 3.298655E-01 1.740557E-01 -1.251742E+00 5.450710E-01 -1.270717E-01 8.824499E-01 2.647386E-02 3.776867E-03 3.654696E+00 1.018300E+01 
1.662469E-01 8.750854E-03 3.397341E-01 1.756645E-01 -1.451049E+00 5.455205E-01 -1.408188E-01 9.479266E-01 2.852947E-02 2.260921E-03 3.990195E+00 9.020206E+00 
1.677661E-01 6.519981E-03 3.299705E-01 1.778988E-01 -1.371441E+00 5.967027E-01 -1.702366E-01 9.756568E-01 2.539284E-02 1.270133E-03 4.414807E+00 9.239201E+00 
1.499321E-01 2.528147E-02 3.007705E-01 1.436127E-01 -1.423652E+00 5.623989E-01 -1.049654E-01 7.524847E-01 2.819873E-02 5.266219E-03 3.948468E+00 8.819512E+00 
1.720293E-01 5.576663E-03 3.367809E-01 1.785520E-01 -1.505856E+00 5.816998E-01 -8.652317E-02 1.016088E+00 2.908623E-02 1.658838E-03 4.599704E+00 1.032581E+01 
1.612667E-01 9.747179E-03 3.346855E-01 1.705921E-01 -1.364319E+00 5.915239E-01 -1.553138E-01 1.031539E+00 3.006756E-02 1.179896E-03 4.290487E+00 8.195263E+00 
1.786773E-01 7.786244E-03 3.528068E-01 1.785360E-01 -1.393200E+00 5.759615E-01 -9.974518E-02 9.170316E-01 2.787257E-02 1.464730E-03 3.997052E+00 8.825310E+00 
1.549084E-01 4.751445E-03 3.567172E-01 1.762418E-01 -1.650081E+00 5.904341E-01 -1.143565E-01 9.224982E-01 2.893954E-02 1.934142E-03 4.415015E+00 1.064932E+01 
1.789209E-01 9.309630E-03 3.386798E-01 1.798465E-01 -1.341287E+00 5.852200E-01 -1.173351E-01 9.235358E-01 2.832682E-02 5.222881E-04 5.197135E+00 7.453398E+00 
1.771966E-01 3.772688E-03 3.445264E-01 1.750323E-01 -1.401299E+00 5.799161E-01 -1.558135E-01 9.975509E-01 2.714745E-02 5.404681E-04 4.283231E+00 8.541794E+00 
1.651972E-01 6.628260E-03 3.415357E-01 1.761180E-01 -1.304118E+00 5.583288E-01 -1.011834E-01 8.999532E-01 2.871429E-02 2.451384E-03 4.805476E+00 8.346106E+00 
1.674104E-01 4.646094E-03 3.303900E-01 1.769259E-01 -1.484219E+00 5.996117E-01 -1.580200E-01 1.023180E+00 2.849550E-02 0.000000E+00 4.183199E+00 9.085866E+00 
1.754976E-01 5.669905E-03 3.581991E-01 1.720602E-01 -1.326630E+00 5.950383E-01 -1.816711E-01 9.305526E-01 2.758163E-02 1.220023E-03 4.137834E+00 8.584049E+00 
1.636848E-01 6.631525E-03 3.289504E-01 1.738901E-01 -1.302200E+00 5.893263E-01 -1.354303E-01 1.038903E+00 2.956667E-02 3.251219E-03 4.591242E+00 8.034975E+00 
1.689215E-01 5.878207E-03 3.573028E-01 1.796071E-01 -1.360659E+00 5.902588E-01 -9.229702E-02 9.622127E-01 2.898207E-02 1.675112E-03 4.121322E+00 8.867740E+00 
1.505595E-01 8.681950E-03 3.538370E-01 1.741945E-01 -1.415365E+00 5.772670E-01 -1.193503E-01 8.887988E-01 2.847199E-02 2.221254E-03 3.838624E+00 9.478424E+00 
1.539702E-01 9.595044E-03 3.587317E-01 1.736349E-01 -1.348549E+00 5.444026E-01 -1.136489E-01 9.551789E-01 2.860211E-02 3.514842E-03 4.365806E+00 8.322870E+00 
1.981050E-01 1.679985E-02 3.127074E-01 1.779981E-01 -1.407611E+00 5.676524E-01 -1.041569E-01 9.212341E-01 2.906185E-02 3.786355E-04 4.489012E+00 9.133055E+00 
1.064126E-01 2.923584E-02 3.593034E-01 1.651051E-01 -1.168849E+00 5.231953E-01 -2.608307E-02 9.076981E-01 2.959075E-02 3.429181E-03 3.043214E+00 1.147913E+01 
1.729416E-01 5.660717E-03 3.501627E-01 1.620524E-01 -1.230201E+00 5.858701E-01 -1.474941E-01 9.713299E-01 2.911464E-02 1.272038E-03 4.108291E+00 9.135813E+00 
1.544474E-01 8.270206E-03 3.453030E-01 1.784670E-01 -1.483937E+00 5.805381E-01 -1.303276E-01 9.699657E-01 2.830561E-02 1.182663E-03 4.237220E+00 8.947763E+00 
1.669576E-01 5.697659E-03 3.509533E-01 1.733048E-01 -1.474495E+00 5.857589E-01 -1.113067E-01 1.017111E+00 3.016936E-02 1.164638E-03 4.218152E+00 9.641183E+00 
1.782439E-01 7.652528E-03 3.663565E-01 1.791101E-01 -1.406453E+00 5.802574E-01 -1.425055E-01 9.184530E-01 2.853541E-02 1.493488E-03 3.742113E+00 8.995058E+00 
1.649220E-01 7.047091E-03 3.470940E-01 1.824587E-01 -1.435416E+00 5.807152E-01 -6.012917E-02 9.220365E-01 2.637636E-02 1.628228E-03 4.021953E+00 9.083273E+00 
1.663044E-01 7.174357E-03 3.399629E-01 1.775816E-01 -1.300461E+00 5.817068E-01 -1.307804E-01 9.494644E-01 2.670174E-02 1.918550E-03 3.841351E+00 8.769941E+00 
1.801493E-01 6.543047E-03 3.431699E-01 1.785989E-01 -1.522138E+00 5.905755E-01 -6.309784E-02 9.129031E-01 2.774045E-02 1.461894E-03 4.115876E+00 9.451796E+00 
1.702741E-01 5.742061E-03 3.356233E-01 1.766882E-01 -1.303469E+00 5.972545E-01 -1.590513E-01 1.012416E+00 2.926616E-02 1.184728E-03 3.849494E+00 1.010345E+01 
1.703994E-01 1.422641E-02 3.518170E-01 1.754603E-01 -1.323098E+00 5.994290E-01 -1.251683E-01 9.015912E-01 2.743006E-02 3.757126E-04 5.243799E+00 9.277606E+00 
1.746177E-01 4.408532E-03 3.469244E-01 1.758100E-01 -1.455019E+00 5.895103E-01 -1.256420E-01 9.111229E-01 2.888703E-02 1.794286E-03 3.831925E+00 8.805761E+00 
1.668925E-01 6.233429E-03 3.364586E-01 1.809365E-01 -1.390614E+00 6.000000E-01 -6.830882E-02 1.045314E+00 2.933244E-02 7.441193E-04 4.227202E+00 8.368141E+00 
1.597551E-01 5.644637E-03 3.499289E-01 1.736155E-01 -1.428697E+00 5.851569E-01 -8.713716E-02 8.512433E-01 2.790550E-02 7.647274E-04 3.503883E+00 8.407705E+00 
1.651314E-01 6.378906E-03 3.475916E-01 1.796869E-01 -1.436442E+00 5.833685E-01 -8.926666E-02 9.490497E-01 2.742718E-02 1.320300E-03 4.408906E+00 9.143305E+00 
1.413505E-01 4.252329E-03 3.334976E-01 1.785493E-01 -1.398120E+00 5.939774E-01 -9.945038E-02 9.372300E-01 2.945308E-02 8.843620E-04 4.187901E+00 8.629754E+00 
1.653207E-01 8.062332E-03 3.496994E-01 1.736809E-01 -1.476480E+00 5.591488E-01 -1.670478E-01 8.435169E-01 2.736188E-02 1.632118E-03 4.432504E+00 9.361521E+00 
1.563021E-01 4.326812E-03 3.424587E-01 1.746276E-01 -1.394395E+00 5.829816E-01 -1.269452E-01 9.467422E-01 2.923859E-02 3.354228E-03 4.345826E+00 9.610018E+00 
1.668611E-01 5.174505E-03 3.493295E-01 1.788192E-01 -1.437218E+00 5.830221E-01 -1.122689E-01 9.934914E-01 2.625739E-02 1.389427E-03 4.232717E+00 7.636018E+00 
1.637586E-01 6.159485E-03 3.425436E-01 1.747179E-01 -1.454936E+00 5.870761E-01 -1.245363E-01 9.242034E-01 2.996857E-02 2.282766E-03 4.222954E+00 9.111923E+00 
1.805826E-01 8.231363E-03 3.378594E-01 1.863304E-01 -1.447180E+00 5.943426E-01 -1.495616E-01 9.254175E-01 2.801366E-02 8.655065E-04 4.317516E+00 9.458688E+00 
1.344228E-01 3.143662E-02 3.466852E-01 1.675843E-01 -1.375872E+00 5.569437E-01 -1.150883E-01 6.192596E-01 2.990218E-02 2.190063E-03 4.080643E+00 1.124229E+01 
1.607179E-01 5.346020E-03 3.406214E-01 1.736158E-01 -1.466077E+00 5.651434E-01 -1.304751E-01 1.036962E+00 2.902487E-02 2.702108E-03 4.561855E+00 9.456611E+00 
1.688292E-01 7.248020E-03 3.463163E-01 1.770995E-01 -1.475972E+00 5.903097E-01 -1.506390E-01 9.546060E-01 2.812823E-02 1.239526E-03 4.788141E+00 8.440392E+00 
1.463897E-01 9.497590E-03 3.777152E-01 1.786039E-01 -1.403012E+00 5.890816E-01 -1.157602E-01 8.880444E-01 3.096873E-02 9.982534E-05 4.226768E+00 9.036771E+00 
1.735732E-01 6.567938E-03 3.472406E-01 1.773168E-01 -1.426641E+00 5.880574E-01 -1.007181E-01 9.921863E-01 2.917587E-02 2.356950E-03 4.658871E+00 9.587825E+00 
1.682447E-01 5.943225E-03 3.566323E-01 1.711470E-01 -1.504648E+00 5.891034E-01 -1.185685E-01 9.617419E-01 2.717006E-02 2.451183E-03 4.634847E+00 8.541597E+00 
1.605438E-01 6.122878E-03 3.477758E-01 1.728244E-01 -1.476072E+00 5.836516E-01 -1.597531E-01 9.373893E-01 2.931874E-02 1.796247E-03 4.206407E+00 9.167849E+00 
1.621132E-01 3.599950E-03 3.653579E-01 1.785604E-01 -1.416046E+00 5.847484E-01 -1.135634E-01 8.884837E-01 2.523891E-02 1.746071E-03 4.048636E+00 9.424586E+00 
1.765877E-01 6.667566E-03 3.474812E-01 1.743426E-01 -1.377249E+00 6.000000E-01 -1.131963E-01 8.917063E-01 2.713372E-02 5.459657E-04 3.945000E+00 7.702846E+00 
1.532532E-01 5.381613E-03 3.459411E-01 1.771809E-01 -1.305962E+00 5.774001E-01 -1.169866E-01 9.638169E-01 2.617384E-02 8.514799E-04 4.095249E+00 1.046543E+01 
1.611684E-01 5.405723E-03 3.396382E-01 1.721465E-01 -1.287693E+00 5.814868E-01 -1.367105E-01 9.388297E-01 2.694777E-02 1.239444E-03 3.322940E+00 9.101840E+00 
1.861228E-01 6.026813E-03 3.577491E-01 1.719832E-01 -1.324211E+00 5.873183E-01 -1.181646E-01 1.003158E+00 2.929711E-02 2.207714E-03 3.920017E+00 9.744275E+00 
1.624296E-01 7.294802E-03 3.462511E-01 1.784839E-01 -1.414038E+00 5.947518E-01 -1.459891E-01 9.750765E-01 2.883533E-02 1.953664E-03 4.354088E+00 8.582228E+00 
1.723360E-01 6.528799E-03 3.629401E-01 1.802895E-01 -1.335236E+00 5.873815E-01 -1.974357E-01 9.547293E-01 2.909792E-02 1.028071E-03 4.337351E+00 9.674122E+00 
1.666539E-01 7.736198E-03 3.414334E-01 1.730003E-01 -1.322483E+00 5.649282E-01 -8.000638E-02 9.461500E-01 2.663433E-02 1.987162E-03 3.833002E+00 9.169320E+00 
1.656707E-01 8.918258E-03 3.433675E-01 1.784164E-01 -1.362790E+00 5.804732E-01 -8.230242E-02 9.768915E-01 2.688356E-02 4.816471E-03 4.430362E+00 5.959459E+00 
1.662529E-01 1.839282E-02 3.465111E-01 1.826379E-01 -1.449852E+00 5.926312E-01 -7.672485E-02 9.969183E-01 2.829824E-02 3.927116E-04 4.617102E+00 8.366571E+00 
1.649849E-01 5.292740E-03 3.661946E-01 1.695915E-01 -1.346661E+00 5.919548E-01 -1.891104E-01 9.493138E-01 2.720320E-02 1.031793E-03 3.858501E+00 7.943966E+00 
1.747663E-01 1.380705E-02 3.282404E-01 1.734009E-01 -1.367371E+00 5.864421E-01 -9.866714E-02 1.015515E+00 2.718097E-02 1.459434E-03 3.854828E+00 9.195530E+00 
1.724207E-01 1.019458E-03 3.313278E-01 1.723068E-01 -1.375416E+00 5.967310E-01 -1.042186E-01 9.238233E-01 2.732875E-02 1.394214E-03 4.059600E+00 6.710642E+00 
1.352100E-01 1.452761E-02 3.476024E-01 1.716941E-01 -1.472416E+00 5.903805E-01 -1.095261E-01 1.016128E+00 2.870602E-02 1.372352E-03 4.509274E+00 1.064934E+01 
1.617106E-01 3.782063E-03 3.638342E-01 1.771100E-01 -1.349317E+00 5.922850E-01 -1.162114E-01 9.426672E-01 3.115660E-02 2.084336E-03 4.382375E+00 9.904434E+00 
1.630641E-01 5.414453E-03 3.411910E-01 1.774789E-01 -1.346068E+00 5.885057E-01 -1.658466E-01 9.653791E-01 2.727519E-02 1.559341E-03 3.975193E+00 8.935547E+00 
1.800917E-01 4.923096E-03 3.471971E-01 1.724950E-01 -1.363530E+00 5.862831E-01 -1.218204E-01 9.652767E-01 2.995486E-02 1.580432E-03 4.140768E+00 8.786600E+00 
1.771001E-01 6.305673E-03 3.451226E-01 1.790275E-01 -1.480890E+00 5.794264E-01 -9.621345E-02 9.197458E-01 2.495289E-02 1.272003E-03 4.044160E+00 1.008234E+01 
1.651896E-01 6.071133E-03 3.413480E-01 1.691674E-01 -1.366321E+00 5.752654E-01 -1.257945E-01 9.246364E-01 3.076023E-02 1.443616E-03 3.982416E+00 9.338296E+00 
1.601173E-01 4.197239E-03 3.597695E-01 1.781374E-01 -1.447299E+00 5.754758E-01 -1.000987E-01 9.710661E-01 2.738287E-02 6.020086E-04 4.278454E+00 9.074507E+00 
1.661782E-01 5.287738E-03 3.280592E-01 1.778814E-01 -1.503443E+00 6.000000E-01 -1.066827E-01 9.534062E-01 2.761941E-02 1.173363E-03 4.007628E+00 8.491598E+00 
1.593692E-01 5.633053E-03 3.228984E-01 1.737214E-01 -1.426707E+00 5.836032E-01 -1.164517E-01 1.037848E+00 2.759861E-02 2.906952E-03 3.600180E+00 9.002355E+00 
1.638071E-01 5.747018E-03 3.479386E-01 1.726202E-01 -1.371552E+00 5.868663E-01 -1.111009E-01 9.314775E-01 2.990011E-02 1.781552E-03 4.064056E+00 9.028739E+00 
1.637020E-01 1.012436E-02 3.299513E-01 1.810412E-01 -1.516862E+00 5.781915E-01 -1.007877E-01 9.131370E-01 2.860171E-02 9.235304E-04 4.646282E+00 9.001964E+00 
1.780553E-01 2.299624E-03 3.283463E-01 1.857595E-01 -1.557328E+00 5.735403E-01 -9.681621E-02 9.933766E-01 3.150575E-02 2.618349E-03 4.259262E+00 9.551951E+00 
1.712107E-01 4.900373E-03 3.445939E-01 1.775593E-01 -1.359999E+00 5.834754E-01 -1.113946E-01 9.830043E-01 2.881405E-02 1.415021E-03 4.279291E+00 9.396747E+00 
1.635853E-01 6.580738E-03 3.482297E-01 1.761250E-01 -1.383732E+00 5.373261E-01 -9.764642E-02 9.050311E-01 3.165698E-02 2.284836E-03 4.213946E+00 9.794079E+00 
1.684093E-01 4.322530E-03 3.387986E-01 1.766239E-01 -1.344308E+00 5.579198E-01 -1.430395E-01 9.414802E-01 2.579284E-02 1.832004E-03 4.440130E+00 8.907675E+00 
1.642414E-01 4.316073E-03 3.413093E-01 1.729232E-01 -1.535264E+00 5.994769E-01 -1.199730E-01 1.046074E+00 2.866773E-02 3.767173E-04 4.125116E+00 9.854202E+00 
1.665907E-01 4.502010E-03 3.682174E-01 1.805701E-01 -1.570984E+00 5.895768E-01 -8.865193E-02 8.267925E-01 2.943698E-02 1.036304E-03 4.429881E+00 8.965046E+00 
1.736472E-01 4.752500E-03 3.474072E-01 1.686254E-01 -1.364020E+00 5.898601E-01 -1.662725E-01 1.049019E+00 2.777072E-02 9.746906E-04 3.611349E+00 9.375661E+00 
1.620649E-01 4.816140E-03 3.356325E-01 1.769232E-01 -1.533654E+00 5.746837E-01 -8.100030E-02 9.270390E-01 2.843546E-02 1.687566E-03 4.487964E+00 1.003195E+01 
1.633782E-01 6.072663E-03 3.531057E-01 1.719291E-01 -1.566706E+00 5.804694E-01 -9.157150E-02 8.587886E-01 2.714361E-02 1.166076E-03 4.076066E+00 9.417236E+00 
1.702089E-01 7.640445E-03 3.520452E-01 1.782122E-01 -1.418128E+00 5.784970E-01 -1.571752E-01 9.793480E-01 2.862894E-02 9.706242E-04 3.679182E+00 9.739207E+00 
1.616879E-01 5.737567E-03 3.536136E-01 1.748859E-01 -1.391856E+00 5.835163E-01 -1.554255E-01 9.022985E-01 2.894420E-02 3.283801E-03 4.001233E+00 9.505217E+00 
1.676678E-01 5.978213E-03 3.470700E-01 1.760784E-01 -1.441996E+00 5.789901E-01 -7.679189E-02 9.695603E-01 2.865364E-02 1.679683E-03 3.971432E+00 8.788604E+00 
1.620412E-01 4.971499E-03 3.392890E-01 1.767132E-01 -1.378779E+00 5.975514E-01 -1.025019E-01 9.460882E-01 2.748514E-02 1.545499E-03 4.132620E+00 8.326945E+00 
1.692297E-01 1.000000E-04 3.460725E-01 1.754658E-01 -1.413274E+00 5.523949E-01 -1.487875E-01 8.855430E-01 2.704815E-02 9.015789E-04 3.690868E+00 8.469004E+00 
1.642956E-01 4.448661E-03 3.107062E-01 1.782289E-01 -1.256928E+00 5.824931E-01 -1.152431E-01 9.942744E-01 2.718692E-02 1.717826E-03 4.598133E+00 9.330672E+00 
1.581323E-01 7.160544E-03 3.656687E-01 1.745152E-01 -1.476319E+00 5.711194E-01 -1.401732E-01 1.044505E+00 2.914982E-02 1.163052E-03 4.263604E+00 9.105671E+00 
1.506165E-01 4.991866E-03 3.611242E-01 1.724993E-01 -1.393450E+00 5.783840E-01 -6.690918E-02 8.914587E-01 2.981868E-02 2.494683E-03 4.487643E+00 1.000929E+01 
1.593361E-01 1.844564E-02 3.511817E-01 1.802133E-01 -1.356162E+00 5.852314E-01 -1.210133E-01 1.105562E+00 2.723926E-02 5.848333E-03 4.086239E+00 1.047995E+01 
1.365758E-01 1.209858E-02 3.366686E-01 1.756484E-01 -1.503770E+00 5.730182E-01 -1.617671E-01 9.624024E-01 3.114750E-02 0.000000E+00 4.638665E+00 8.612996E+00 
1.599292E-01 5.102356E-02 3.512319E-01 1.791983E-01 -1.415421E+00 4.347390E-01 -9.197903E-02 8.367308E-01 3.228552E-02 6.189161E-03 3.361196E+00 9.491227E+00 
1.540280E-01 5.683320E-03 3.508563E-01 1.749465E-01 -1.469233E+00 5.753657E-01 -1.135338E-01 8.939119E-01 2.615322E-02 4.710558E-04 4.699463E+00 9.195308E+00 
1.757961E-01 7.666801E-03 3.455083E-01 1.728273E-01 -1.396766E+00 5.975374E-01 -1.464212E-01 9.226417E-01 2.827306E-02 4.842889E-04 4.203725E+00 9.518228E+00 
1.637778E-01 4.771501E-03 3.488884E-01 1.712405E-01 -1.353765E+00 5.780232E-01 -1.166690E-01 8.753817E-01 3.046910E-02 5.473399E-04 4.355438E+00 9.188630E+00 
1.074097E-01 7.286934E-03 3.326573E-01 1.779395E-01 -1.448580E+00 5.741403E-01 -9.473279E-02 1.056950E+00 2.213875E-02 9.655756E-04 4.820570E+00 8.103997E+00 
1.213578E-01 1.030508E-02 3.433453E-01 1.661821E-01 -1.387667E+00 4.763976E-01 -9.741817E-02 9.290787E-01 2.890686E-02 5.337803E-03 3.534728E+00 9.358540E+00 
1.712464E-01 4.869484E-03 3.476119E-01 1.764599E-01 -1.411159E+00 5.856436E-01 -1.187122E-01 9.503271E-01 2.914123E-02 1.558605E-03 4.229249E+00 9.529751E+00 
1.724460E-01 6.347284E-03 3.375994E-01 1.800937E-01 -1.510485E+00 5.973332E-01 -1.504897E-01 9.680825E-01 2.655659E-02 1.366986E-03 4.193121E+00 9.170980E+00 
1.576979E-01 6.832393E-03 3.517768E-01 1.714677E-01 -1.446739E+00 5.836707E-01 -1.474894E-01 9.341000E-01 3.061247E-02 1.439408E-03 4.391402E+00 8.694579E+00 
1.811097E-01 1.588296E-02 3.430816E-01 1.819151E-01 -1.802783E+00 5.858287E-01 -4.290196E-02 9.877992E-01 3.032388E-02 2.126119E-03 4.249534E+00 8.508262E+00 
1.730630E-01 2.812755E-03 3.452689E-01 1.781753E-01 -1.339724E+00 5.852567E-01 -1.642392E-01 1.010271E+00 2.833001E-02 1.111748E-03 4.215617E+00 9.322688E+00 
1.805757E-01 6.564350E-03 3.475736E-01 1.816858E-01 -1.310113E+00 5.941849E-01 -1.676750E-01 9.426006E-01 2.569030E-02 2.513616E-03 4.323938E+00 9.775775E+00 
1.739220E-01 3.597548E-03 3.324802E-01 1.805339E-01 -1.486213E+00 5.550442E-01 -8.286072E-02 9.519202E-01 2.698988E-02 1.180001E-03 4.306119E+00 8.933088E+00 
1.650131E-01 5.196025E-03 3.400106E-01 1.780989E-01 -1.459125E+00 5.680153E-01 -1.083834E-01 9.187810E-01 2.938090E-02 1.094306E-03 4.173089E+00 9.582919E+00 
1.653232E-01 8.506624E-03 3.183278E-01 1.787332E-01 -1.453298E+00 5.829886E-01 -1.622402E-01 1.012786E+00 3.065333E-02 1.376790E-03 4.169980E+00 8.401978E+00 
1.733720E-01 1.008963E-02 3.402253E-01 1.787956E-01 -1.474707E+00 5.976915E-01 -1.865886E-01 9.480582E-01 2.889955E-02 1.029033E-03 4.399528E+00 8.982011E+00 
1.598174E-01 3.201619E-03 3.634993E-01 1.692602E-01 -1.516672E+00 5.967202E-01 -1.280005E-01 9.364464E-01 2.556794E-02 2.000616E-04 4.306480E+00 9.913257E+00 
1.652578E-01 4.384906E-03 3.451225E-01 1.757610E-01 -1.499230E+00 5.928268E-01 -1.067726E-01 1.014695E+00 2.747688E-02 2.728975E-03 4.150873E+00 8.491776E+00 
1.694347E-01 5.697731E-03 3.430022E-01 1.651044E-01 -1.388485E+00 5.720743E-01 -1.656743E-01 9.715799E-01 3.325181E-02 1.812929E-03 3.767593E+00 9.498663E+00 
1.622291E-01 5.001758E-03 3.426479E-01 1.762351E-01 -1.335852E+00 5.814817E-01 -9.281659E-02 8.734621E-01 2.984485E-02 0.000000E+00 4.507424E+00 8.717372E+00 
1.795749E-01 8.429657E-03 3.434295E-01 1.824350E-01 -1.567201E+00 5.833413E-01 -5.893790E-02 9.666647E-01 2.952505E-02 1.071394E-03 4.673207E+00 9.135822E+00 
1.609265E-01 3.350672E-03 3.382340E-01 1.746663E-01 -1.459376E+00 5.904504E-01 -5.121233E-02 9.102690E-01 2.933879E-02 1.140464E-03 4.128295E+00 8.789876E+00 
1.805462E-01 7.487674E-03 3.425242E-01 1.769392E-01 -1.309161E+00 5.837500E-01 -1.744134E-01 9.886620E-01 2.435363E-02 1.030126E-03 4.033728E+00 9.131993E+00 
1.664912E-01 3.384301E-03 3.957245E-01 1.827979E-01 -1.418958E+00 5.783695E-01 -7.588735E-02 9.202660E-01 2.601295E-02 1.739229E-03 4.364840E+00 9.248248E+00 
1.642781E-01 2.441050E-02 3.232869E-01 1.750145E-01 -1.396516E+00 5.895120E-01 -7.079532E-02 9.530715E-01 2.795101E-02 1.558890E-03 3.721347E+00 8.291083E+00 
1.730593E-01 4.967883E-03 3.622226E-01 1.727814E-01 -1.481547E+00 5.966381E-01 -7.076380E-02 9.660036E-01 2.757782E-02 1.548622E-03 4.116051E+00 8.459795E+00 
1.573085E-01 3.459102E-03 3.489545E-01 1.745500E-01 -1.444160E+00 5.826811E-01 -1.248424E-01 9.974198E-01 2.850272E-02 1.232670E-03 4.254085E+00 8.375316E+00 
1.931352E-01 3.104651E-03 3.588773E-01 1.723446E-01 -1.457980E+00 5.950324E-01 -1.656178E-01 9.564181E-01 2.986334E-02 1.754948E-03 4.331178E+00 9.536007E+00 
1.843205E-01 4.393163E-03 3.362985E-01 1.783423E-01 -1.477054E+00 5.771899E-01 -8.347358E-02 8.258308E-01 2.461951E-02 9.312974E-04 4.399834E+00 9.330173E+00 
1.499814E-01 7.353131E-03 3.667042E-01 1.689074E-01 -1.450719E+00 5.871864E-01 -3.834007E-02 1.003699E+00 3.069531E-02 0.000000E+00 4.164140E+00 9.431112E+00 
1.640415E-01 7.133481E-03 3.444129E-01 1.756079E-01 -1.484549E+00 5.771197E-01 -1.001862E-01 1.037246E+00 2.805038E-02 1.338383E-03 4.617582E+00 9.027023E+00 
1.649987E-01 1.464854E-02 3.807007E-01 1.776866E-01 -1.530130E+00 5.693545E-01 -9.006912E-02 9.228549E-01 3.078139E-02 2.111363E-03 4.388737E+00 9.585654E+00 
1.630080E-01 5.542063E-03 3.534748E-01 1.782052E-01 -1.394289E+00 5.791036E-01 -1.197750E-01 9.863898E-01 2.921549E-02 1.379813E-03 4.438766E+00 9.092865E+00 
1.623123E-01 5.359493E-03 3.203865E-01 1.733253E-01 -1.497523E+00 6.000000E-01 -1.325715E-01 9.661987E-01 2.828643E-02 3.255735E-03 3.908995E+00 8.543939E+00 
1.759310E-01 5.056669E-03 3.510428E-01 1.824148E-01 -1.444886E+00 5.804112E-01 -1.513319E-01 8.996032E-01 2.973559E-02 5.428829E-04 4.165443E+00 9.328694E+00 
1.577848E-01 6.385408E-03 3.365431E-01 1.740156E-01 -1.323221E+00 5.880994E-01 -9.019089E-02 9.551906E-01 2.910599E-02 1.972662E-03 4.172615E+00 9.046500E+00 
1.744299E-01 7.640932E-03 3.589138E-01 1.744384E-01 -1.435499E+00 5.998184E-01 -1.699766E-01 9.628192E-01 2.788055E-02 7.810311E-04 4.135050E+00 9.353986E+00 
1.782034E-01 4.499422E-03 3.355787E-01 1.816150E-01 -1.423741E+00 5.370914E-01 -9.971684E-02 9.529887E-01 3.013661E-02 2.303349E-03 4.472445E+00 7.923370E+00 
1.595957E-01 6.177614E-03 3.672975E-01 1.798787E-01 -1.480078E+00 5.745499E-01 -8.859094E-02 9.256788E-01 2.905639E-02 1.582899E-03 4.232599E+00 7.466132E+00 
1.644046E-01 7.101532E-03 3.248798E-01 1.762727E-01 -1.418196E+00 5.733529E-01 -1.109483E-01 9.765653E-01 2.878977E-02 1.477553E-03 4.101388E+00 9.891706E+00 
1.678643E-01 1.183547E-02 3.221283E-01 1.730259E-01 -1.438223E+00 5.294366E-01 -1.112658E-01 9.250301E-01 2.649637E-02 7.049615E-03 2.816896E+00 9.372826E+00 
1.531851E-01 5.873216E-03 3.533064E-01 1.735191E-01 -1.422592E+00 5.787525E-01 -1.374647E-01 8.934156E-01 3.029103E-02 2.812526E-03 4.145493E+00 9.138810E+00 
1.626174E-01 5.160028E-03 3.542510E-01 1.812342E-01 -1.424238E+00 5.774447E-01 -3.759670E-02 1.000774E+00 2.820456E-02 8.402419E-04 4.444038E+00 9.723987E+00 
1.725564E-01 4.503863E-03 3.567830E-01 1.806300E-01 -1.452732E+00 5.931704E-01 -1.182455E-01 9.882108E-01 2.766748E-02 8.205358E-04 4.328785E+00 9.438771E+00 
1.886166E-01 6.608979E-03 3.418823E-01 1.821700E-01 -1.397034E+00 5.972684E-01 -1.299110E-01 9.608854E-01 2.721135E-02 1.261639E-03 4.347290E+00 8.700740E+00 
1.739875E-01 7.008461E-03 3.306062E-01 1.766528E-01 -1.447339E+00 5.650521E-01 -9.301741E-02 9.980709E-01 2.910765E-02 1.820922E-03 3.959269E+00 6.923900E+00 
1.697817E-01 5.510978E-03 3.525757E-01 1.784705E-01 -1.568399E+00 5.937268E-01 -1.115191E-01 9.307651E-01 2.788018E-02 9.614157E-04 4.425077E+00 8.476776E+00 
1.577956E-01 4.706944E-03 3.166437E-01 1.796506E-01 -1.326150E+00 5.800845E-01 -8.540512E-02 9.662753E-01 2.945546E-02 1.437403E-03 3.419542E+00 8.720659E+00 
1.811277E-01 8.475080E-03 3.398889E-01 1.875398E-01 -1.394238E+00 5.875347E-01 -1.218627E-01 9.490686E-01 3.028598E-02 1.962053E-03 4.028378E+00 1.027081E+01 
1.685954E-01 7.215793E-03 3.382731E-01 1.781365E-01 -1.460803E+00 5.828662E-01 -1.123101E-01 9.627567E-01 2.883061E-02 1.238977E-03 4.661914E+00 9.231046E+00 
9.370447E-02 2.535517E-02 3.254340E-01 1.464198E-01 -1.206493E+00 4.786089E-01 -5.214697E-02 8.917044E-01 2.852729E-02 2.394863E-03 4.338637E+00 1.227624E+01 
1.617244E-01 6.932512E-03 3.325986E-01 1.863782E-01 -1.455381E+00 5.848269E-01 -1.289738E-01 9.247265E-01 3.019033E-02 1.608771E-03 4.901049E+00 9.109408E+00 
1.715186E-01 3.658087E-03 3.327663E-01 1.792462E-01 -1.435834E+00 5.935876E-01 -1.163567E-01 9.459337E-01 2.679378E-02 1.581038E-03 3.807858E+00 9.083285E+00 
1.630347E-01 8.515386E-03 3.462394E-01 1.824482E-01 -1.382260E+00 5.910352E-01 -1.634331E-01 9.661101E-01 2.626438E-02 1.647956E-04 4.411410E+00 8.278320E+00 
1.810158E-01 4.289226E-03 3.455127E-01 1.815154E-01 -1.357930E+00 5.810591E-01 -1.096375E-01 9.202291E-01 3.079274E-02 1.968912E-03 3.972574E+00 9.635455E+00 
