1.603391E-01 5.618280E-03 3.363986E-01 1.774233E-01 -1.386987E+00 5.853403E-01 -8.564172E-02 9.639941E-01 2.735599E-02 1.560301E-03 3.961987E+00 7.324467E+00 
1.740293E-01 6.268497E-03 3.501880E-01 1.773246E-01 -1.540918E+00 5.895658E-01 -1.011753E-01 9.398661E-01 2.693172E-02 1.713257E-03 4.266378E+00 9.767804E+00 
1.605631E-01 4.201336E-03 3.279483E-01 1.712761E-01 -1.393871E+00 5.818059E-01 -6.389726E-02 9.216962E-01 2.975308E-02 1.736144E-03 4.248473E+00 9.520548E+00 
1.775951E-01 5.338078E-03 3.349440E-01 1.768019E-01 -1.393258E+00 5.807761E-01 -1.497504E-01 9.250661E-01 2.860569E-02 1.139778E-03 4.107937E+00 8.194830E+00 
1.520136E-01 7.739304E-03 3.191306E-01 1.836603E-01 -1.331856E+00 5.686088E-01 -1.019281E-01 1.025653E+00 3.174112E-02 1.610311E-04 4.569400E+00 9.064450E+00 
1.665350E-01 7.029030E-03 3.328378E-01 1.842686E-01 -1.406679E+00 5.782691E-01 -1.067940E-01 9.846407E-01 2.873358E-02 9.503448E-04 4.387697E+00 9.205603E+00 
1.734295E-01 3.877627E-03 3.500928E-01 1.751492E-01 -1.545544E+00 5.862914E-01 -1.462342E-01 9.870051E-01 2.811664E-02 1.921193E-03 3.737616E+00 8.622576E+00 
1.690804E-01 6.679835E-03 3.351053E-01 1.707630E-01 -1.453717E+00 5.830985E-01 -1.035194E-01 9.956916E-01 2.852260E-02 2.538688E-03 4.073286E+00 8.250469E+00 
1.686925E-01 6.478178E-03 3.419175E-01 1.780477E-01 -1.435563E+00 5.703867E-01 -1.354789E-01 9.570996E-01 2.814238E-02 1.557426E-03 4.256992E+00 9.047711E+00 
1.726130E-01 5.789595E-03 3.408601E-01 1.800990E-01 -1.322977E+00 5.741718E-01 -1.542810E-01 9.550750E-01 2.945835E-02 2.143672E-03 4.109866E+00 9.483077E+00 
1.642923E-01 5.593281E-03 3.489951E-01 1.745434E-01 -1.498420E+00 5.782139E-01 -1.062743E-01 9.038139E-01 2.879580E-02 9.787321E-04 4.161326E+00 9.437040E+00 
1.680737E-01 4.104441E-03 3.377408E-01 1.777890E-01 -1.351532E+00 5.939874E-01 -1.132686E-01 9.510207E-01 2.836636E-02 1.704718E-03 4.093084E+00 9.231390E+00 
1.753473E-01 3.183098E-03 3.487955E-01 1.768361E-01 -1.441703E+00 5.972878E-01 -1.007927E-01 9.546170E-01 2.810498E-02 1.678796E-03 4.073475E+00 1.011248E+01 
1.687051E-01 7.584359E-03 3.379281E-01 1.805595E-01 -1.543714E+00 5.864996E-01 -7.581161E-02 9.870816E-01 2.847583E-02 8.896236E-04 4.063846E+00 9.658076E+00 
1.569457E-01 6.464246E-03 3.339563E-01 1.721834E-01 -1.453662E+00 5.766177E-01 -1.224556E-01 9.096650E-01 2.619700E-02 1.760927E-03 4.450607E+00 9.145321E+00 
1.857869E-01 5.588829E-03 3.492400E-01 1.834842E-01 -1.399370E+00 5.729891E-01 -1.557811E-01 9.381500E-01 2.871667E-02 3.187373E-03 4.098140E+00 8.600884E+00 
1.803990E-01 6.346201E-03 3.489358E-01 1.776456E-01 -1.581713E+00 5.778314E-01 -1.367766E-01 9.160215E-01 2.745796E-02 2.263648E-03 3.923251E+00 8.846029E+00 
1.682625E-01 5.877654E-03 3.459211E-01 1.763996E-01 -1.483238E+00 5.850302E-01 -1.008644E-01 9.644281E-01 2.892090E-02 1.032124E-03 4.397388E+00 1.024640E+01 
1.392131E-01 2.829226E-03 3.305209E-01 1.674633E-01 -1.237081E+00 5.741966E-01 -8.365275E-02 1.026062E+00 2.786741E-02 1.299066E-03 4.380150E+00 9.362745E+00 
1.852714E-01 7.506880E-03 3.666362E-01 1.691401E-01 -1.383886E+00 5.884189E-01 -1.755354E-01 8.848052E-01 3.177188E-02 2.660957E-03 4.262012E+00 9.453475E+00 
1.755371E-01 2.774284E-03 3.534882E-01 1.709950E-01 -1.484196E+00 5.819878E-01 -9.859836E-02 9.251821E-01 2.944486E-02 1.416835E-03 4.509143E+00 7.847252E+00 
1.693846E-01 3.121555E-03 3.337630E-01 1.724541E-01 -1.224528E+00 5.853630E-01 -1.514314E-01 9.573266E-01 2.764413E-02 1.635170E-03 4.384565E+00 9.755634E+00 
1.619876E-01 7.514953E-03 3.510593E-01 1.823123E-01 -1.243113E+00 5.835707E-01 -1.148338E-01 9.543365E-01 3.067127E-02 1.195446E-03 4.104271E+00 8.818386E+00 
1.889068E-01 5.355653E-03 3.413077E-01 1.854705E-01 -1.460611E+00 5.830778E-01 -1.624079E-01 8.961826E-01 2.570836E-02 1.175150E-04 4.612340E+00 9.107153E+00 
1.902882E-01 5.153999E-03 3.508699E-01 1.784015E-01 -1.494722E+00 6.000000E-01 -1.551394E-01 8.993552E-01 2.710392E-02 1.453575E-03 4.319098E+00 9.288240E+00 
1.206424E-01 1.222091E-02 3.310065E-01 1.789949E-01 -1.338677E+00 5.661575E-01 -1.324926E-01 9.167116E-01 2.831002E-02 1.488759E-03 3.321589E+00 8.953288E+00 
1.610312E-01 5.859238E-03 3.420271E-01 1.768450E-01 -1.439564E+00 5.584156E-01 -1.439374E-01 9.315027E-01 2.935510E-02 8.489637E-04 4.222862E+00 8.914218E+00 
1.606189E-01 7.114399E-03 3.449357E-01 1.738178E-01 -1.255049E+00 5.881268E-01 -1.150320E-01 9.549984E-01 2.761662E-02 9.840202E-04 4.203142E+00 9.628523E+00 
1.679951E-01 8.000420E-03 3.319095E-01 1.793213E-01 -1.476569E+00 5.774033E-01 -1.419532E-01 9.535921E-01 2.867880E-02 5.254358E-04 4.222453E+00 8.578233E+00 
1.669016E-01 6.480540E-03 3.368760E-01 1.737191E-01 -1.405570E+00 5.585258E-01 -1.359064E-01 9.554263E-01 2.731923E-02 2.093871E-03 4.324197E+00 9.329252E+00 
1.694068E-01 5.628278E-03 3.561136E-01 1.772593E-01 -1.339228E+00 5.729328E-01 -5.995715E-02 9.221413E-01 2.867373E-02 1.026998E-03 4.455048E+00 9.627773E+00 
1.688226E-01 5.716643E-03 3.558489E-01 1.805799E-01 -1.385009E+00 5.923641E-01 -1.604525E-01 9.218473E-01 3.000747E-02 1.905622E-03 4.448090E+00 9.079028E+00 
9.522880E-02 3.736572E-02 4.000612E-01 1.715421E-01 -1.339623E+00 5.171616E-01 -1.031104E-01 6.766177E-01 2.902493E-02 1.118573E-03 3.904682E+00 1.173149E+01 
1.571010E-01 8.868639E-03 3.454839E-01 1.753873E-01 -1.417916E+00 5.669349E-01 -1.260707E-01 8.396630E-01 2.651877E-02 2.559581E-03 3.451174E+00 9.388674E+00 
1.704635E-01 6.558963E-03 3.179947E-01 1.827518E-01 -1.526612E+00 5.834165E-01 -9.633546E-02 9.404620E-01 2.745017E-02 9.762052E-04 4.493243E+00 9.202434E+00 
1.614866E-01 5.240980E-03 3.321461E-01 1.725897E-01 -1.473696E+00 5.811571E-01 -1.374636E-01 9.641265E-01 2.579076E-02 1.630967E-03 3.976406E+00 8.073519E+00 
1.690294E-01 5.373762E-03 3.369419E-01 1.746998E-01 -1.472128E+00 5.851652E-01 -7.929427E-02 9.273446E-01 2.959703E-02 2.273155E-03 4.057134E+00 9.322249E+00 
1.760099E-01 2.943023E-03 3.436851E-01 1.799291E-01 -1.412285E+00 6.000000E-01 -1.138181E-01 8.164929E-01 2.565164E-02 2.766372E-03 4.497092E+00 6.807186E+00 
1.733521E-01 6.332496E-03 3.699118E-01 1.762881E-01 -1.551207E+00 5.804650E-01 -1.720938E-01 9.689677E-01 2.772581E-02 1.539770E-03 3.701856E+00 8.823721E+00 
1.738795E-01 1.085867E-02 3.470951E-01 1.694539E-01 -1.423367E+00 5.619319E-01 -1.097328E-01 7.865496E-01 2.781786E-02 6.941263E-04 4.422013E+00 9.346623E+00 
1.290003E-01 1.058290E-02 3.366759E-01 1.687020E-01 -1.485262E+00 5.707260E-01 -1.108129E-01 1.039738E+00 2.821513E-02 1.764111E-03 4.765929E+00 9.469084E+00 
1.661987E-01 4.068061E-03 3.319838E-01 1.796943E-01 -1.404227E+00 5.775327E-01 -5.673628E-02 1.004525E+00 2.810383E-02 8.269178E-04 4.193711E+00 8.623813E+00 
1.709737E-01 5.431901E-03 3.442415E-01 1.807607E-01 -1.386288E+00 5.736148E-01 -1.270164E-01 9.434291E-01 3.029128E-02 2.555912E-03 3.877966E+00 9.548642E+00 
1.264564E-01 7.032750E-03 3.401730E-01 1.703002E-01 -1.324221E+00 5.890084E-01 -1.588667E-01 1.079565E+00 2.759486E-02 1.607618E-03 3.980092E+00 1.018221E+01 
1.730680E-01 7.269888E-03 3.529169E-01 1.780435E-01 -1.560507E+00 5.644134E-01 -1.127729E-01 8.887505E-01 2.916678E-02 3.863574E-03 3.694334E+00 9.934001E+00 
1.687593E-01 6.432025E-03 3.422139E-01 1.824919E-01 -1.240738E+00 5.750695E-01 -1.326530E-01 9.532534E-01 2.765001E-02 2.275180E-03 4.130579E+00 9.130835E+00 
1.663503E-01 5.088845E-03 3.453922E-01 1.746676E-01 -1.429288E+00 5.835016E-01 -1.656037E-01 8.926285E-01 2.561235E-02 1.779199E-03 4.178622E+00 9.278742E+00 
1.619650E-01 5.195133E-03 3.494540E-01 1.772940E-01 -1.420015E+00 5.814100E-01 -1.136965E-01 9.103969E-01 2.968920E-02 1.057225E-03 3.496440E+00 9.022491E+00 
1.679227E-01 1.069595E-02 3.424086E-01 1.790808E-01 -1.378418E+00 5.874856E-01 -1.408212E-01 9.281591E-01 2.744354E-02 5.402373E-04 4.793357E+00 8.769824E+00 
1.654393E-01 5.206221E-03 3.088205E-01 1.781017E-01 -1.373929E+00 6.000000E-01 -1.396667E-01 9.786486E-01 2.923663E-02 2.587998E-03 4.599975E+00 9.280510E+00 
1.438996E-01 3.742993E-03 3.499235E-01 1.738114E-01 -1.564922E+00 5.763113E-01 -1.152216E-01 8.962560E-01 2.643549E-02 2.014300E-03 4.117053E+00 9.721471E+00 
1.618329E-01 3.550795E-03 3.471988E-01 1.719099E-01 -1.403291E+00 5.820178E-01 -1.274402E-01 1.022387E+00 2.871321E-02 1.776284E-03 4.619537E+00 1.040600E+01 
1.632229E-01 4.079133E-03 3.484215E-01 1.748530E-01 -1.441740E+00 5.866140E-01 -9.574707E-02 9.329809E-01 2.637898E-02 6.396973E-04 4.277584E+00 9.376809E+00 
1.692031E-01 3.371507E-03 3.547067E-01 1.752754E-01 -1.448859E+00 5.696573E-01 -1.056033E-01 9.467898E-01 2.662196E-02 1.214623E-03 3.991182E+00 9.681872E+00 
1.434873E-01 5.938330E-03 3.399716E-01 1.751765E-01 -1.481587E+00 5.819152E-01 -1.127642E-01 1.035178E+00 2.799583E-02 9.366271E-04 3.757906E+00 9.737784E+00 
1.598391E-01 6.871989E-03 3.375427E-01 1.765338E-01 -1.479882E+00 5.769210E-01 -1.376547E-01 9.387497E-01 2.585206E-02 2.157227E-03 4.071227E+00 1.001205E+01 
1.652024E-01 5.565514E-03 3.570823E-01 1.764138E-01 -1.392181E+00 5.754996E-01 -9.019994E-02 8.604003E-01 2.935979E-02 1.587755E-03 4.133794E+00 8.690050E+00 
1.583487E-01 6.098401E-03 3.505385E-01 1.724360E-01 -1.418811E+00 5.776946E-01 -9.265687E-02 8.991835E-01 2.924708E-02 2.508126E-03 4.160551E+00 9.379666E+00 
1.887698E-01 8.138238E-03 3.547534E-01 1.815653E-01 -1.404667E+00 5.892401E-01 -9.782879E-02 9.495456E-01 2.872712E-02 2.905919E-03 4.022573E+00 9.838553E+00 
1.696957E-01 4.956620E-03 3.515159E-01 1.769861E-01 -1.417384E+00 5.906681E-01 -1.562928E-01 9.705542E-01 3.140986E-02 8.613412E-04 4.126693E+00 9.501474E+00 
1.665994E-01 5.150784E-03 3.542525E-01 1.774768E-01 -1.463545E+00 5.745525E-01 -1.290425E-01 9.583676E-01 2.982097E-02 7.767035E-04 4.274444E+00 8.026315E+00 
1.661222E-01 6.635372E-03 3.462168E-01 1.760842E-01 -1.456678E+00 5.930353E-01 -1.249749E-01 9.266377E-01 2.769388E-02 6.221834E-04 4.202614E+00 8.575664E+00 
1.671428E-01 5.060240E-03 3.267066E-01 1.715630E-01 -1.331498E+00 5.755210E-01 -1.299200E-01 9.398236E-01 2.944716E-02 1.742659E-03 4.212151E+00 9.283834E+00 
1.732431E-01 5.390884E-03 3.127450E-01 1.853513E-01 -1.512037E+00 5.817531E-01 -8.874065E-02 9.743506E-01 2.680183E-02 2.673218E-03 4.173990E+00 9.853489E+00 
1.864611E-01 7.248170E-03 3.456454E-01 1.760185E-01 -1.489869E+00 5.865847E-01 -1.951491E-01 9.196782E-01 2.900438E-02 2.299397E-03 4.318345E+00 8.786579E+00 
1.620693E-01 3.349898E-03 3.521902E-01 1.786183E-01 -1.614392E+00 5.817579E-01 -1.185930E-01 8.916267E-01 2.764866E-02 2.124204E-03 4.025946E+00 1.097113E+01 
1.613587E-01 7.864693E-03 3.398993E-01 1.776248E-01 -1.412077E+00 5.633894E-01 -8.129909E-02 9.547512E-01 3.019338E-02 2.556544E-03 4.223419E+00 9.686436E+00 
1.665955E-01 6.520502E-03 3.490440E-01 1.771799E-01 -1.356675E+00 5.774562E-01 -1.444580E-01 9.570276E-01 2.857575E-02 1.379911E-03 4.013715E+00 8.968143E+00 
1.628308E-01 3.854023E-03 3.286900E-01 1.725779E-01 -1.402663E+00 5.874037E-01 -1.364314E-01 9.362002E-01 3.130422E-02 4.554584E-04 4.149715E+00 8.616039E+00 
8.220950E-02 3.253294E-02 3.323246E-01 1.712177E-01 -1.345074E+00 5.877512E-01 -1.427662E-01 9.766333E-01 2.562511E-02 1.317077E-02 4.480938E+00 5.051685E+00 
1.660617E-01 2.535270E-03 3.517156E-01 1.750174E-01 -1.471101E+00 5.812132E-01 -1.753007E-01 9.176745E-01 2.922594E-02 2.008730E-03 3.860312E+00 9.169586E+00 
1.663695E-01 5.329435E-03 3.549723E-01 1.758533E-01 -1.379347E+00 5.931501E-01 -1.497170E-01 1.014489E+00 2.621235E-02 8.295323E-04 4.391646E+00 9.021689E+00 
1.671338E-01 1.013117E-02 3.389569E-01 1.776341E-01 -1.366688E+00 5.857682E-01 -1.110358E-01 9.492945E-01 2.871644E-02 7.552860E-04 4.948159E+00 1.077258E+01 
1.610457E-01 9.761009E-03 3.490282E-01 1.719865E-01 -1.372007E+00 5.874426E-01 -1.582131E-01 9.605885E-01 2.810192E-02 1.344292E-03 3.851681E+00 1.084847E+01 
1.624971E-01 5.349862E-03 3.418806E-01 1.754884E-01 -1.394519E+00 5.849789E-01 -1.470532E-01 1.040316E+00 2.669772E-02 1.059210E-03 4.196401E+00 9.006079E+00 
1.725701E-01 5.474926E-03 3.556012E-01 1.786559E-01 -1.360487E+00 5.748004E-01 -1.170704E-01 9.375731E-01 2.986166E-02 2.833260E-03 4.380189E+00 8.132290E+00 
1.734581E-01 6.472651E-03 3.465729E-01 1.776302E-01 -1.320707E+00 5.796456E-01 -1.359904E-01 9.113622E-01 2.908984E-02 1.718901E-03 4.598984E+00 9.946711E+00 
1.580552E-01 3.785102E-03 3.788781E-01 1.756885E-01 -1.276351E+00 5.899138E-01 -1.251945E-01 9.594382E-01 2.844536E-02 1.409625E-03 4.032517E+00 9.124384E+00 
1.577349E-01 7.821198E-03 3.355139E-01 1.731437E-01 -1.446137E+00 5.760765E-01 -1.072761E-01 9.941123E-01 2.768156E-02 1.265905E-03 4.424584E+00 8.175801E+00 
1.645405E-01 4.261476E-03 3.476739E-01 1.693286E-01 -1.356714E+00 5.741154E-01 -1.517408E-01 9.793574E-01 2.905046E-02 9.530360E-04 4.309924E+00 9.102420E+00 
1.649036E-01 6.693060E-03 3.593596E-01 1.756090E-01 -1.615788E+00 5.936207E-01 -1.362753E-01 9.558644E-01 2.741663E-02 1.503756E-03 4.078371E+00 9.697337E+00 
1.540443E-01 4.741188E-03 3.510909E-01 1.751509E-01 -1.473750E+00 5.832696E-01 -1.167856E-01 8.859943E-01 2.641661E-02 1.266540E-03 4.420041E+00 1.024292E+01 
1.963188E-01 5.356083E-03 3.347279E-01 1.740192E-01 -1.332930E+00 5.727318E-01 -1.014192E-01 9.747385E-01 3.112198E-02 1.293682E-03 4.477177E+00 9.248682E+00 
1.627596E-01 5.013999E-03 3.482400E-01 1.722425E-01 -1.362700E+00 5.739287E-01 -1.265267E-01 9.805295E-01 2.867961E-02 2.268820E-03 4.254077E+00 8.964889E+00 
1.645743E-01 6.440522E-03 3.474054E-01 1.746021E-01 -1.684849E+00 5.534715E-01 -8.144406E-02 9.627634E-01 2.889694E-02 2.049481E-03 4.260237E+00 8.550211E+00 
1.581560E-01 6.067338E-03 3.427704E-01 1.749274E-01 -1.422873E+00 5.804787E-01 -1.903929E-01 9.212850E-01 2.875336E-02 0.000000E+00 4.619046E+00 8.159792E+00 
1.740489E-01 4.594467E-03 3.460763E-01 1.799522E-01 -1.577818E+00 5.826321E-01 -1.023040E-01 8.998198E-01 2.846125E-02 1.452892E-03 4.079721E+00 1.067143E+01 
1.744121E-01 8.412367E-03 3.305203E-01 1.789432E-01 -1.365889E+00 5.886169E-01 -1.857864E-01 8.766644E-01 2.746438E-02 5.072873E-04 4.365261E+00 9.079227E+00 
1.813134E-01 4.707065E-03 3.297790E-01 1.758444E-01 -1.472249E+00 5.874198E-01 -1.243474E-01 9.576518E-01 2.866653E-02 1.407374E-03 4.029013E+00 8.961674E+00 
1.850853E-01 3.716018E-03 3.476508E-01 1.710817E-01 -1.483119E+00 5.958979E-01 -1.539815E-01 9.086871E-01 3.050433E-02 2.455396E-03 4.234293E+00 8.344434E+00 
1.561360E-01 1.834707E-03 3.140948E-01 1.702535E-01 -1.410263E+00 5.762461E-01 -1.202213E-01 9.513752E-01 2.804742E-02 9.699944E-04 4.199304E+00 9.149271E+00 
1.627540E-01 6.537491E-03 3.244492E-01 1.756378E-01 -1.493770E+00 5.945213E-01 -1.143635E-01 1.002582E+00 2.885933E-02 1.734114E-03 4.096254E+00 8.055778E+00 
1.664923E-01 6.109179E-03 3.391859E-01 1.751986E-01 -1.319566E+00 5.847901E-01 -9.569178E-02 9.658346E-01 2.999308E-02 8.791332E-04 3.997212E+00 9.691704E+00 
1.737112E-01 5.953382E-03 3.513322E-01 1.788633E-01 -1.476706E+00 5.751155E-01 -1.793649E-01 9.309159E-01 2.728311E-02 1.846042E-03 4.096423E+00 9.846039E+00 
1.600435E-01 4.055496E-03 3.388054E-01 1.725278E-01 -1.386230E+00 5.877801E-01 -1.490858E-01 9.471400E-01 2.709867E-02 9.006239E-04 3.643253E+00 9.772772E+00 
1.631943E-01 5.042151E-03 3.320933E-01 1.756977E-01 -1.490894E+00 5.623984E-01 -9.292676E-02 9.526915E-01 2.844113E-02 1.888410E-03 4.154428E+00 8.930476E+00 
1.721218E-01 6.143505E-03 3.440945E-01 1.754143E-01 -1.402238E+00 5.873760E-01 -6.684170E-02 9.563694E-01 2.717800E-02 1.957239E-03 4.351367E+00 8.662781E+00 
1.648520E-01 4.851753E-03 3.405443E-01 1.797953E-01 -1.461549E+00 5.917184E-01 -5.938138E-02 9.251958E-01 2.866165E-02 1.653203E-03 4.318621E+00 8.832540E+00 
1.569251E-01 3.441436E-03 3.494093E-01 1.708352E-01 -1.408160E+00 5.745398E-01 -1.179078E-01 9.181066E-01 2.906975E-02 1.323024E-03 4.105639E+00 9.683603E+00 
1.623278E-01 6.622731E-03 3.408803E-01 1.775611E-01 -1.349547E+00 5.852937E-01 -1.100061E-01 9.148885E-01 2.780865E-02 1.279712E-03 4.541285E+00 7.337321E+00 
1.584920E-01 6.564757E-03 3.328679E-01 1.744437E-01 -1.485257E+00 5.836118E-01 -1.492231E-01 9.339523E-01 2.577295E-02 1.404274E-03 3.927364E+00 9.222979E+00 
1.646967E-01 7.448856E-03 3.567286E-01 1.772714E-01 -1.449395E+00 5.849112E-01 -1.301120E-01 9.422224E-01 2.924804E-02 9.248689E-04 4.289867E+00 8.826629E+00 
1.682673E-01 5.164910E-03 3.490283E-01 1.772955E-01 -1.370916E+00 5.876479E-01 -1.413366E-01 9.371056E-01 2.762170E-02 1.055151E-03 4.429384E+00 9.017317E+00 
1.659069E-01 6.695595E-03 3.367114E-01 1.779179E-01 -1.462670E+00 6.000000E-01 -7.702395E-02 9.377692E-01 2.835955E-02 1.678286E-03 4.116275E+00 9.327187E+00 
1.913401E-01 4.456056E-03 3.600623E-01 1.748062E-01 -1.199447E+00 5.876429E-01 -1.720976E-01 9.704766E-01 2.891518E-02 2.450719E-03 4.194363E+00 9.559227E+00 
1.665331E-01 3.663595E-03 3.445061E-01 1.782570E-01 -1.528729E+00 5.976557E-01 -7.509176E-02 8.726144E-01 2.848925E-02 1.761370E-03 4.246522E+00 9.974743E+00 
1.623653E-01 3.059192E-03 3.315323E-01 1.714938E-01 -1.373417E+00 5.798597E-01 -1.230012E-01 9.414800E-01 2.907973E-02 1.781224E-03 4.285998E+00 7.795640E+00 
1.556385E-01 4.243309E-03 3.540283E-01 1.762596E-01 -1.410877E+00 5.833888E-01 -1.242507E-01 9.856180E-01 3.061581E-02 1.087199E-03 4.186263E+00 9.961213E+00 
1.606416E-01 4.804691E-03 3.369816E-01 1.789146E-01 -1.373071E+00 5.806334E-01 -1.616620E-01 1.015261E+00 2.662834E-02 1.904930E-03 4.193608E+00 9.500886E+00 
1.728631E-01 5.783958E-03 3.684980E-01 1.698055E-01 -1.524951E+00 5.871862E-01 -1.727527E-01 9.871012E-01 2.734835E-02 4.221844E-04 4.676034E+00 8.614930E+00 
1.742108E-01 1.185392E-02 3.451735E-01 1.775499E-01 -1.563559E+00 5.789805E-01 -1.444881E-01 1.013037E+00 2.560117E-02 2.063401E-03 3.750968E+00 9.020163E+00 
1.522666E-01 7.386822E-03 3.440456E-01 1.770824E-01 -1.636246E+00 5.863738E-01 -1.354312E-01 9.648644E-01 2.778537E-02 7.913612E-04 4.103346E+00 9.225418E+00 
1.606476E-01 5.883853E-03 3.445566E-01 1.802110E-01 -1.400641E+00 5.719687E-01 -1.007431E-01 9.560149E-01 2.901925E-02 1.604097E-03 3.861975E+00 9.401390E+00 
1.685339E-01 6.517719E-03 3.413599E-01 1.817021E-01 -1.269835E+00 5.580798E-01 -1.301821E-01 9.097232E-01 2.901021E-02 1.711608E-03 4.639327E+00 8.381332E+00 
1.679683E-01 6.063555E-03 3.451312E-01 1.722246E-01 -1.401093E+00 5.642353E-01 -1.171875E-01 9.252645E-01 2.837437E-02 1.374173E-03 3.774510E+00 9.179134E+00 
1.725239E-01 6.097083E-03 3.510692E-01 1.779230E-01 -1.517933E+00 5.953667E-01 -1.938910E-01 8.378348E-01 2.456294E-02 1.212943E-03 4.338031E+00 1.010917E+01 
1.641915E-01 5.112488E-03 3.443563E-01 1.770415E-01 -1.461761E+00 5.854882E-01 -1.224555E-01 9.223617E-01 2.441310E-02 7.628075E-04 4.146995E+00 9.638644E+00 
1.752760E-01 6.380695E-03 3.526573E-01 1.785151E-01 -1.389009E+00 5.866517E-01 -1.752938E-01 9.028999E-01 2.752605E-02 9.265942E-04 4.294610E+00 8.537202E+00 
1.693492E-01 2.439467E-03 3.484662E-01 1.830621E-01 -1.428081E+00 5.720292E-01 -1.420493E-01 8.854473E-01 3.118271E-02 1.295261E-03 4.124965E+00 1.001626E+01 
1.750257E-01 6.413354E-03 3.510576E-01 1.804212E-01 -1.528232E+00 5.772648E-01 -1.343435E-01 9.762232E-01 2.755221E-02 2.094663E-03 4.073958E+00 9.366239E+00 
1.645397E-01 5.527096E-03 3.310661E-01 1.765855E-01 -1.397748E+00 5.940227E-01 -1.380813E-01 9.860802E-01 3.021960E-02 1.613267E-03 4.116286E+00 9.188829E+00 
1.868749E-01 7.486186E-03 3.324199E-01 1.773124E-01 -1.395092E+00 5.901778E-01 -1.540247E-01 9.414695E-01 2.927278E-02 9.364493E-04 4.205028E+00 9.242185E+00 
1.642851E-01 5.016054E-03 3.406264E-01 1.773184E-01 -1.366524E+00 5.766591E-01 -1.051223E-01 9.423515E-01 2.754107E-02 1.379139E-03 4.584080E+00 9.181604E+00 
1.763246E-01 5.656098E-03 3.290152E-01 1.754115E-01 -1.448873E+00 5.802483E-01 -1.166156E-01 9.661349E-01 2.615057E-02 6.824668E-04 3.770352E+00 8.561719E+00 
1.670762E-01 4.023950E-03 3.523698E-01 1.748851E-01 -1.305177E+00 5.820310E-01 -1.039413E-01 1.029675E+00 2.947881E-02 1.388932E-03 4.519027E+00 9.015426E+00 
1.594584E-01 4.574581E-03 3.657333E-01 1.772466E-01 -1.492501E+00 5.780271E-01 -1.154817E-01 9.784961E-01 2.943509E-02 1.841154E-03 4.149875E+00 6.867988E+00 
1.792122E-01 4.794306E-03 3.460661E-01 1.787427E-01 -1.420861E+00 5.886466E-01 -1.104808E-01 9.882178E-01 2.809416E-02 1.397015E-03 4.249092E+00 8.704410E+00 
1.738520E-01 6.427203E-03 3.454037E-01 1.797265E-01 -1.319280E+00 5.834453E-01 -1.298222E-01 9.570180E-01 2.960627E-02 1.735106E-03 3.701716E+00 8.475104E+00 
1.717765E-01 9.723571E-03 3.560428E-01 1.780630E-01 -1.523763E+00 5.822707E-01 -1.414372E-01 9.851091E-01 2.964481E-02 2.442987E-03 4.108304E+00 9.217661E+00 
6.943468E-02 5.155886E-02 2.955483E-01 1.708874E-01 -1.403808E+00 5.127503E-01 -1.218346E-01 9.411724E-01 3.027671E-02 1.104729E-02 4.379056E+00 1.091147E+01 
1.560661E-01 3.018121E-03 3.500970E-01 1.739432E-01 -1.419439E+00 5.712443E-01 -1.175475E-01 9.430499E-01 2.809168E-02 1.093524E-03 3.892232E+00 7.631429E+00 
1.864741E-01 6.311415E-03 3.287447E-01 1.805324E-01 -1.293795E+00 5.906034E-01 -1.650996E-01 8.936828E-01 2.746802E-02 1.240242E-03 4.211727E+00 9.006739E+00 
1.647559E-01 4.600397E-03 3.194606E-01 1.789681E-01 -1.407252E+00 5.810756E-01 -7.183519E-02 9.524393E-01 3.015569E-02 1.826548E-03 4.193159E+00 9.680349E+00 
1.671504E-01 8.672553E-03 3.475903E-01 1.688442E-01 -1.460589E+00 5.593766E-01 -1.167883E-01 8.739999E-01 3.032529E-02 2.843846E-03 4.071116E+00 8.426565E+00 
1.621215E-01 6.263654E-03 3.482030E-01 1.753186E-01 -1.415246E+00 5.885467E-01 -1.561114E-01 9.573626E-01 2.825957E-02 1.798426E-03 4.336159E+00 7.751711E+00 
1.620607E-01 5.582436E-03 3.451918E-01 1.733677E-01 -1.470500E+00 5.766779E-01 -9.393874E-02 8.901675E-01 2.931105E-02 1.322101E-03 4.105273E+00 9.369453E+00 
1.667287E-01 5.911077E-03 3.326663E-01 1.813247E-01 -1.428125E+00 5.858506E-01 -1.324156E-01 9.160554E-01 2.638384E-02 1.174194E-03 3.794644E+00 8.486354E+00 
1.660787E-01 5.549614E-03 3.619089E-01 1.784858E-01 -1.556621E+00 5.714036E-01 -1.294247E-01 9.519899E-01 2.609839E-02 1.616141E-03 4.268953E+00 9.765394E+00 
1.652274E-01 5.359437E-03 3.413573E-01 1.778141E-01 -1.530929E+00 5.805353E-01 -1.032378E-01 9.448665E-01 2.853160E-02 1.431851E-03 5.233916E+00 9.736677E+00 
1.646960E-01 6.220559E-03 3.518895E-01 1.718326E-01 -1.476682E+00 5.812144E-01 -1.128726E-01 9.492445E-01 2.841035E-02 2.941014E-03 4.007313E+00 8.120431E+00 
1.593968E-01 4.494163E-03 3.253202E-01 1.708517E-01 -1.545129E+00 5.738876E-01 -1.062846E-01 9.808718E-01 3.095341E-02 2.404155E-03 4.347447E+00 8.181125E+00 
1.766551E-01 4.595272E-03 3.484888E-01 1.782007E-01 -1.415392E+00 5.889674E-01 -1.193165E-01 9.164233E-01 2.739864E-02 1.221984E-03 4.348153E+00 9.729616E+00 
1.722386E-01 3.554030E-03 3.389465E-01 1.743465E-01 -1.339978E+00 5.790606E-01 -1.205586E-01 9.849960E-01 2.849817E-02 8.030049E-04 4.190513E+00 9.092266E+00 
1.764890E-01 4.992965E-03 3.463316E-01 1.759955E-01 -1.487282E+00 5.954422E-01 -1.711294E-01 9.481104E-01 2.669216E-02 1.571834E-03 4.240901E+00 9.324725E+00 
1.608111E-01 6.458686E-03 3.610336E-01 1.771168E-01 -1.527613E+00 5.806650E-01 -5.653532E-02 1.012299E+00 2.529369E-02 2.550770E-03 4.234052E+00 8.295085E+00 
1.624437E-01 4.331788E-03 3.400064E-01 1.827676E-01 -1.504028E+00 5.732535E-01 -9.270251E-02 9.975064E-01 3.071153E-02 8.995546E-04 4.284924E+00 9.122694E+00 
1.612260E-01 6.245414E-03 3.207540E-01 1.827146E-01 -1.382321E+00 5.815295E-01 -8.314308E-02 9.932560E-01 2.917568E-02 8.008244E-04 4.204741E+00 7.808511E+00 
1.656917E-01 7.125334E-03 3.653192E-01 1.770366E-01 -1.563911E+00 5.781784E-01 -1.382903E-01 9.400140E-01 2.724257E-02 5.019578E-04 4.393408E+00 9.581127E+00 
1.695389E-01 4.180738E-03 3.476739E-01 1.787411E-01 -1.376950E+00 5.987228E-01 -1.543791E-01 9.236708E-01 2.875327E-02 1.570067E-03 4.636353E+00 8.564448E+00 
1.794190E-01 4.506124E-03 3.326958E-01 1.783524E-01 -1.401683E+00 5.858914E-01 -1.460106E-01 9.102829E-01 2.903721E-02 1.961536E-03 4.310616E+00 8.395191E+00 
1.676996E-01 5.082199E-03 3.607119E-01 1.802194E-01 -1.536968E+00 5.803574E-01 -1.084176E-01 9.098018E-01 2.734310E-02 2.319675E-03 3.691657E+00 8.214621E+00 
1.662136E-01 5.241733E-03 3.494406E-01 1.795066E-01 -1.464467E+00 5.949989E-01 -1.512930E-01 8.957198E-01 2.853239E-02 1.002932E-03 4.486582E+00 8.536526E+00 
1.593387E-01 3.422932E-03 3.506467E-01 1.743715E-01 -1.279954E+00 5.843742E-01 -1.289934E-01 9.865949E-01 2.763252E-02 1.737616E-03 4.344951E+00 8.957915E+00 
6.190700E-02 3.225679E-02 3.381701E-01 1.658421E-01 -1.530940E+00 5.373710E-01 -1.016418E-01 9.299268E-01 2.991777E-02 7.649987E-03 3.523599E+00 8.277422E+00 
1.705987E-01 1.953876E-03 3.543992E-01 1.744001E-01 -1.301132E+00 5.810704E-01 -1.323843E-01 1.021799E+00 2.945699E-02 2.140011E-03 4.480525E+00 9.731375E+00 
1.688808E-01 5.521912E-03 3.481372E-01 1.756319E-01 -1.369521E+00 5.810685E-01 -1.317023E-01 9.568479E-01 2.849811E-02 1.241213E-03 4.087494E+00 9.001587E+00 
1.652169E-01 6.345654E-03 3.414791E-01 1.809520E-01 -1.271479E+00 5.826239E-01 -1.497002E-01 1.014725E+00 2.864528E-02 1.972660E-03 4.343845E+00 8.376802E+00 
1.824099E-01 5.238881E-03 3.212461E-01 1.730752E-01 -1.387499E+00 5.876475E-01 -1.604987E-01 9.896871E-01 2.734983E-02 7.326933E-04 4.312522E+00 9.177835E+00 
1.754686E-01 1.665310E-03 3.587080E-01 1.829469E-01 -1.608728E+00 5.951048E-01 -9.808249E-02 9.589035E-01 2.507739E-02 9.734943E-04 4.596823E+00 9.115446E+00 
1.591255E-01 6.924120E-03 3.444244E-01 1.751631E-01 -1.432274E+00 5.767305E-01 -1.514981E-01 9.942118E-01 2.613188E-02 0.000000E+00 4.044719E+00 9.251591E+00 
1.702073E-01 6.759185E-03 3.469562E-01 1.848952E-01 -1.451915E+00 5.850588E-01 -1.173816E-01 9.564673E-01 2.791374E-02 1.207251E-03 4.304094E+00 8.820751E+00 
1.235269E-01 1.662101E-02 3.540564E-01 1.458973E-01 -1.517684E+00 2.638916E-01 -2.657388E-02 6.995657E-01 3.220400E-02 4.446193E-03 3.646634E+00 1.164648E+01 
1.636850E-01 5.900869E-03 3.570247E-01 1.765974E-01 -1.554935E+00 5.922993E-01 -1.092433E-01 9.176605E-01 2.771420E-02 9.989377E-04 4.139694E+00 9.893232E+00 
1.552418E-01 7.501697E-03 3.476795E-01 1.732397E-01 -1.485165E+00 5.837690E-01 -1.307335E-01 9.467068E-01 3.017186E-02 8.038277E-04 4.211980E+00 1.061077E+01 
1.558014E-01 6.908200E-03 3.395288E-01 1.747313E-01 -1.370502E+00 5.972546E-01 -1.149700E-01 9.276245E-01 2.730933E-02 2.008896E-03 4.172286E+00 8.165645E+00 
1.944844E-01 5.516976E-03 3.415330E-01 1.870482E-01 -1.315850E+00 5.872939E-01 -1.392464E-01 9.104405E-01 2.859835E-02 5.243485E-04 5.156959E+00 8.553223E+00 
1.683880E-01 4.565606E-03 3.475842E-01 1.777401E-01 -1.459686E+00 5.955227E-01 -6.333768E-02 9.076580E-01 2.757032E-02 1.259637E-03 4.372111E+00 1.004342E+01 
1.760471E-01 8.707044E-03 3.389133E-01 1.789602E-01 -1.399688E+00 5.759662E-01 -1.336733E-01 9.125934E-01 2.601571E-02 1.392183E-03 4.336559E+00 9.067031E+00 
1.761997E-01 4.693595E-03 3.500796E-01 1.795440E-01 -1.425474E+00 5.947044E-01 -1.370142E-01 9.429506E-01 2.779935E-02 2.854839E-03 4.341543E+00 8.846305E+00 
1.580426E-01 6.466426E-03 3.456452E-01 1.795753E-01 -1.485393E+00 5.646338E-01 -4.378049E-02 9.833688E-01 2.862264E-02 1.593318E-03 4.137557E+00 8.486899E+00 
1.723032E-01 3.397152E-03 3.589180E-01 1.781589E-01 -1.432238E+00 5.993018E-01 -1.009861E-01 9.528259E-01 2.806083E-02 2.004512E-03 4.208631E+00 9.844600E+00 
1.300186E-01 3.338129E-03 3.566275E-01 1.824558E-01 -1.327782E+00 5.887729E-01 -1.083058E-01 9.310303E-01 2.646904E-02 1.341196E-03 4.239447E+00 9.375399E+00 
1.724847E-01 6.459791E-03 3.557365E-01 1.769375E-01 -1.443559E+00 5.936096E-01 -1.939080E-01 9.043791E-01 3.017364E-02 1.431844E-03 3.756025E+00 9.110728E+00 
1.717966E-01 3.438214E-03 3.449825E-01 1.795555E-01 -1.451593E+00 5.752393E-01 -1.165391E-01 9.888148E-01 2.698716E-02 8.951891E-04 4.277750E+00 9.810609E+00 
1.748200E-01 6.271583E-03 3.578414E-01 1.773246E-01 -1.410785E+00 5.824911E-01 -1.332938E-01 9.692771E-01 2.810169E-02 2.022138E-03 4.196373E+00 8.802295E+00 
1.579776E-01 5.389235E-03 3.448367E-01 1.722922E-01 -1.467789E+00 5.805543E-01 -1.223448E-01 9.413974E-01 2.612940E-02 1.872045E-03 4.296512E+00 9.820106E+00 
1.541554E-01 4.567832E-03 3.329684E-01 1.761201E-01 -1.471829E+00 5.735777E-01 -8.123883E-02 1.021816E+00 2.837676E-02 1.994180E-03 4.400994E+00 8.482591E+00 
1.633529E-01 7.893047E-03 3.493248E-01 1.916215E-01 -1.431829E+00 5.740854E-01 -1.253638E-01 9.496752E-01 2.691566E-02 1.781369E-03 4.021803E+00 8.750404E+00 
1.661844E-01 8.967114E-03 3.491954E-01 1.648206E-01 -1.459803E+00 5.665603E-01 -1.424620E-01 7.805747E-01 2.989483E-02 1.793339E-03 4.397077E+00 1.000268E+01 
1.586323E-01 6.003066E-03 3.311280E-01 1.806864E-01 -1.323241E+00 5.890069E-01 -1.453778E-01 1.030697E+00 2.864928E-02 9.731025E-04 4.331116E+00 8.754029E+00 
1.700985E-01 6.832716E-03 3.424734E-01 1.766964E-01 -1.344147E+00 5.892565E-01 -8.182396E-02 9.489602E-01 2.727232E-02 1.464591E-03 4.243568E+00 9.107404E+00 
2.014578E-02 3.589756E-02 3.283939E-01 1.671869E-01 -1.284264E+00 4.062064E-01 -1.513203E-01 1.001192E+00 2.627575E-02 6.413610E-03 3.794557E+00 8.901032E+00 
1.566732E-01 7.303690E-03 3.363047E-01 1.756824E-01 -1.725950E+00 5.662220E-01 -8.208430E-02 9.240084E-01 2.782885E-02 1.083325E-03 4.237855E+00 7.912795E+00 
1.653298E-01 5.645185E-03 3.214965E-01 1.774141E-01 -1.440212E+00 5.743774E-01 -8.697418E-02 9.970541E-01 2.983580E-02 9.199295E-04 4.090328E+00 9.411596E+00 
1.802518E-01 1.421672E-02 3.425366E-01 1.764051E-01 -1.494837E+00 5.763391E-01 -1.416419E-01 9.430448E-01 2.781585E-02 8.580870E-04 3.912782E+00 9.265233E+00 
1.701189E-01 6.457819E-03 3.556180E-01 1.837972E-01 -1.391385E+00 5.952239E-01 -1.291868E-01 9.426615E-01 2.681366E-02 7.415174E-04 4.244284E+00 9.594639E+00 
1.865631E-01 3.895891E-03 3.454341E-01 1.921356E-01 -1.362961E+00 5.783339E-01 -1.196726E-01 9.908191E-01 2.985659E-02 2.626784E-03 4.287663E+00 8.906753E+00 
1.335887E-01 3.275750E-02 2.895625E-01 1.654338E-01 -1.359106E+00 4.361170E-01 -9.883583E-02 7.457945E-01 3.388841E-02 3.987407E-03 3.796523E+00 9.709825E+00 
1.669001E-01 6.842850E-03 3.449127E-01 1.745543E-01 -1.401371E+00 5.837692E-01 -8.846664E-02 9.068574E-01 2.518283E-02 1.541572E-03 3.482140E+00 9.021800E+00 
1.682467E-01 7.232664E-03 3.405446E-01 1.799987E-01 -1.540698E+00 5.539890E-01 -1.185456E-01 9.277426E-01 3.104443E-02 1.048954E-03 3.125461E+00 8.708452E+00 
1.643198E-01 5.210144E-03 3.539948E-01 1.778817E-01 -1.475047E+00 5.756770E-01 -1.088367E-01 8.664945E-01 2.750551E-02 1.034537E-03 3.825486E+00 9.123175E+00 
1.665453E-01 6.502814E-03 3.567985E-01 1.741074E-01 -1.400951E+00 5.725805E-01 -1.298254E-01 9.322363E-01 2.863557E-02 4.101184E-03 4.517408E+00 9.046162E+00 
1.680197E-01 5.051906E-03 3.489686E-01 1.666768E-01 -1.456690E+00 5.822871E-01 -1.766255E-01 9.548305E-01 2.869375E-02 1.609944E-03 3.604542E+00 8.640099E+00 
1.661093E-01 6.653598E-03 3.656638E-01 1.741200E-01 -1.363750E+00 5.795426E-01 -1.671911E-01 9.279505E-01 2.776890E-02 1.878672E-03 4.107917E+00 9.460754E+00 
1.512055E-01 4.771850E-03 3.383323E-01 1.692800E-01 -1.442916E+00 5.711445E-01 -1.159023E-01 9.305370E-01 2.919179E-02 1.814954E-03 4.240636E+00 8.527277E+00 
1.653640E-01 6.796605E-03 3.589856E-01 1.786006E-01 -1.427938E+00 5.954482E-01 -1.143382E-01 9.804215E-01 2.909880E-02 1.045288E-03 4.436862E+00 9.608166E+00 
1.560404E-01 4.012276E-03 3.435132E-01 1.704500E-01 -1.320676E+00 5.809314E-01 -1.000000E-02 1.012515E+00 2.930925E-02 2.712824E-03 4.116259E+00 8.997218E+00 
1.662682E-01 5.241784E-03 3.457302E-01 1.816852E-01 -1.511548E+00 5.916527E-01 -9.718414E-02 9.445597E-01 2.709885E-02 1.205211E-03 3.778594E+00 9.080235E+00 
1.699045E-01 6.036081E-03 3.405298E-01 1.817452E-01 -1.404915E+00 5.961080E-01 -1.078999E-01 9.359509E-01 2.867414E-02 1.712085E-03 4.462706E+00 9.235884E+00 
7.484883E-02 3.929173E-02 3.122659E-01 1.756945E-01 -1.225473E+00 4.178977E-01 -1.679316E-01 9.570301E-01 2.657063E-02 3.729320E-03 2.888986E+00 1.141353E+01 
1.616693E-01 7.835576E-03 3.416584E-01 1.672739E-01 -1.298515E+00 5.546950E-01 -1.254449E-01 1.003467E+00 3.157554E-02 3.880592E-03 4.338067E+00 8.192724E+00 
1.712451E-01 4.903071E-03 3.544267E-01 1.753648E-01 -1.541910E+00 5.816362E-01 -1.516610E-01 9.345844E-01 2.673906E-02 1.167137E-03 4.272365E+00 8.836291E+00 
1.587779E-01 6.341141E-03 3.575854E-01 1.828656E-01 -1.444839E+00 5.892759E-01 -1.272973E-01 1.005158E+00 3.105135E-02 2.093600E-03 4.099140E+00 8.293850E+00 
1.668749E-01 4.963576E-03 3.401418E-01 1.749384E-01 -1.379961E+00 5.792267E-01 -8.562674E-02 9.487510E-01 2.854636E-02 1.423939E-03 3.689240E+00 9.377143E+00 
1.674366E-01 8.013725E-03 3.665144E-01 1.766627E-01 -1.522018E+00 3.919415E-01 -6.384004E-02 8.874348E-01 2.943656E-02 7.776738E-04 4.151602E+00 9.419181E+00 
1.583984E-01 3.943707E-03 3.346397E-01 1.717185E-01 -1.416417E+00 5.833164E-01 -9.363168E-02 1.008512E+00 2.752519E-02 1.705526E-03 4.275126E+00 9.079816E+00 
1.574771E-01 7.426516E-03 3.656433E-01 1.699159E-01 -1.558100E+00 6.000000E-01 -1.671431E-01 9.465773E-01 2.229197E-02 4.585882E-03 4.579374E+00 9.427414E+00 
1.703971E-01 5.871388E-03 3.602196E-01 1.775008E-01 -1.411835E+00 5.827205E-01 -1.035263E-01 9.084385E-01 2.840178E-02 1.344527E-03 4.033631E+00 8.710085E+00 
1.707364E-01 3.147336E-03 3.513443E-01 1.713147E-01 -1.397024E+00 5.864971E-01 -1.264229E-01 9.873197E-01 2.880840E-02 1.473479E-03 3.995455E+00 9.964808E+00 
1.631477E-01 6.599594E-03 3.438095E-01 1.742929E-01 -1.390381E+00 5.687437E-01 -1.169788E-01 1.049128E+00 2.792482E-02 0.000000E+00 4.278581E+00 9.441384E+00 
1.721765E-01 1.230638E-02 3.415627E-01 1.766935E-01 -1.430291E+00 5.602659E-01 -9.191387E-02 8.733195E-01 2.725105E-02 6.571673E-04 4.365598E+00 8.707271E+00 
8.013245E-02 1.183992E-02 3.301142E-01 1.659521E-01 -1.331088E+00 5.624067E-01 -1.100825E-01 1.029291E+00 3.208221E-02 8.808896E-03 4.453554E+00 9.395825E+00 
1.621212E-01 6.241537E-03 3.382624E-01 1.779244E-01 -1.208335E+00 5.875357E-01 -9.984695E-02 1.002588E+00 3.116963E-02 1.365000E-03 4.050951E+00 8.656796E+00 
1.646823E-01 6.260182E-03 3.629532E-01 1.741976E-01 -1.391825E+00 5.879598E-01 -1.606995E-01 9.291286E-01 2.781230E-02 1.958921E-03 4.000533E+00 6.786220E+00 
1.479187E-01 1.798682E-02 3.298235E-01 1.758720E-01 -1.395505E+00 5.830559E-01 -1.235859E-01 9.380223E-01 2.596518E-02 2.296059E-04 4.550613E+00 8.911087E+00 
1.637464E-01 5.244978E-03 3.292075E-01 1.689420E-01 -1.548106E+00 5.882250E-01 -1.272844E-01 1.029256E+00 2.794488E-02 3.587314E-03 4.099568E+00 1.038671E+01 
1.627040E-01 4.756552E-03 3.534878E-01 1.757398E-01 -1.440776E+00 5.718722E-01 -1.207122E-01 9.726301E-01 2.981448E-02 1.896272E-03 3.970474E+00 8.110522E+00 
1.625468E-01 6.911553E-03 3.447715E-01 1.750363E-01 -1.450703E+00 5.534672E-01 -1.439219E-01 9.260935E-01 2.897702E-02 3.494946E-04 4.273126E+00 9.685239E+00 
1.704601E-01 3.093659E-03 3.512961E-01 1.756404E-01 -1.422147E+00 5.815340E-01 -1.497857E-01 9.051452E-01 2.755804E-02 1.478010E-03 4.130378E+00 9.788341E+00 
1.675726E-01 5.195102E-03 3.433674E-01 1.736354E-01 -1.445554E+00 5.696983E-01 -1.293704E-01 9.809951E-01 2.785620E-02 7.759719E-04 4.235661E+00 8.712899E+00 
1.767702E-01 3.672632E-03 3.343059E-01 1.801631E-01 -1.529871E+00 5.904503E-01 -9.790376E-02 9.457044E-01 2.846146E-02 1.455891E-03 4.596550E+00 8.791360E+00 
1.534474E-01 5.010050E-03 3.477971E-01 1.758074E-01 -1.331856E+00 5.735996E-01 -1.256943E-01 9.420009E-01 2.895844E-02 1.579128E-03 3.542308E+00 9.145890E+00 
1.330986E-01 1.343853E-02 3.483851E-01 1.716673E-01 -1.323278E+00 5.742874E-01 -1.031140E-01 1.030769E+00 2.828619E-02 1.686674E-03 4.258900E+00 8.551242E+00 
1.709232E-01 5.516769E-03 3.543267E-01 1.775463E-01 -1.376199E+00 5.796752E-01 -1.521592E-01 9.552811E-01 2.759766E-02 8.107555E-04 4.291938E+00 8.545782E+00 
1.848397E-01 5.898979E-03 3.363051E-01 1.759140E-01 -1.342450E+00 5.922361E-01 -1.468316E-01 9.527469E-01 2.719750E-02 2.273314E-03 4.156935E+00 9.083396E+00 
1.865750E-01 4.521550E-03 3.416011E-01 1.866425E-01 -1.481220E+00 5.793904E-01 -1.339888E-01 9.736906E-01 3.168203E-02 1.896586E-04 4.180625E+00 8.525685E+00 
1.556838E-01 3.796693E-03 3.611204E-01 1.736849E-01 -1.362067E+00 5.886450E-01 -1.041999E-01 9.461103E-01 2.798009E-02 5.989958E-04 4.248492E+00 7.677977E+00 
1.728026E-01 6.027155E-03 3.253774E-01 1.777988E-01 -1.505626E+00 5.908748E-01 -1.566548E-01 9.900317E-01 2.856650E-02 1.250363E-03 4.056687E+00 9.794088E+00 
1.119695E-01 4.604065E-03 3.399866E-01 1.768657E-01 -1.440986E+00 5.729702E-01 -1.679126E-01 9.937636E-01 2.917492E-02 1.985632E-03 3.965995E+00 9.644204E+00 
1.765894E-01 6.270610E-03 3.321442E-01 1.823526E-01 -1.545720E+00 5.777965E-01 -9.872175E-02 9.475629E-01 2.491140E-02 1.319027E-03 4.562260E+00 8.626272E+00 
1.577337E-01 5.741651E-03 3.334227E-01 1.771526E-01 -1.437815E+00 5.976651E-01 -1.327565E-01 1.095552E+00 2.943220E-02 1.174803E-03 4.349070E+00 9.195092E+00 
1.644541E-01 6.501523E-03 3.368032E-01 1.740454E-01 -1.381234E+00 5.853839E-01 -1.241279E-01 9.554538E-01 2.783031E-02 1.947578E-03 4.065126E+00 8.619447E+00 
1.589514E-01 6.838466E-03 3.328444E-01 1.727071E-01 -1.463733E+00 5.706260E-01 -9.418717E-02 9.036968E-01 2.873161E-02 1.008946E-03 4.277960E+00 9.780574E+00 
1.590226E-01 4.695838E-03 3.383916E-01 1.715399E-01 -1.392287E+00 5.761053E-01 -7.790407E-02 9.380100E-01 2.893907E-02 1.491825E-03 3.926998E+00 9.588405E+00 
1.574817E-01 5.431977E-03 3.411623E-01 1.777935E-01 -1.535900E+00 5.800952E-01 -8.613466E-02 9.415807E-01 2.765668E-02 2.678869E-03 3.959923E+00 8.416461E+00 
1.669647E-01 5.413481E-03 3.549028E-01 1.773511E-01 -1.495763E+00 5.972930E-01 -1.239995E-01 9.811554E-01 2.562115E-02 1.602264E-03 4.237346E+00 1.056134E+01 
1.710777E-01 1.104125E-02 3.313477E-01 1.866286E-01 -1.510339E+00 5.844018E-01 -1.041304E-01 9.446059E-01 2.715489E-02 4.781213E-04 4.430504E+00 9.349380E+00 
1.760843E-01 4.672602E-03 3.470585E-01 1.780177E-01 -1.176202E+00 5.845800E-01 -1.405950E-01 9.234741E-01 2.798066E-02 1.894196E-03 3.841237E+00 8.328405E+00 
9.859949E-02 2.421986E-02 3.602823E-01 1.634323E-01 -1.341528E+00 5.521828E-01 -4.023764E-02 4.508278E-01 3.075732E-02 2.899047E-03 4.009744E+00 1.069001E+01 
1.676596E-01 6.166623E-03 3.521533E-01 1.742203E-01 -1.430683E+00 5.771211E-01 -6.267133E-02 8.913670E-01 3.061622E-02 7.011233E-04 4.388571E+00 8.977777E+00 
1.669804E-01 1.207820E-02 3.422839E-01 1.751925E-01 -1.675719E+00 5.458387E-01 -1.106021E-01 8.996085E-01 2.701294E-02 1.707651E-03 3.153623E+00 9.621538E+00 
1.723643E-01 1.141630E-02 3.580341E-01 1.791135E-01 -1.282159E+00 5.756833E-01 -7.272141E-02 1.065302E+00 2.973818E-02 1.198053E-03 5.166156E+00 8.633565E+00 
1.718851E-01 5.228116E-03 3.570255E-01 1.787465E-01 -1.486584E+00 5.921016E-01 -1.269835E-01 9.410796E-01 2.441633E-02 9.826694E-04 4.089242E+00 9.133988E+00 
1.733632E-01 4.929532E-03 3.438097E-01 1.785946E-01 -1.324456E+00 5.790509E-01 -1.622515E-01 9.549017E-01 2.706756E-02 9.170101E-04 4.125212E+00 8.939798E+00 
1.705245E-01 8.341703E-03 3.362825E-01 1.776372E-01 -1.394280E+00 5.975243E-01 -1.153739E-01 1.000096E+00 2.903055E-02 9.804448E-04 4.279548E+00 8.859784E+00 
1.751943E-01 4.228106E-03 3.438337E-01 1.795315E-01 -1.482059E+00 5.964100E-01 -1.005251E-01 9.333279E-01 2.853540E-02 8.292638E-04 4.132852E+00 9.615002E+00 
1.582021E-01 1.397427E-02 3.275649E-01 1.819540E-01 -1.394669E+00 5.879310E-01 -1.249046E-01 1.022246E+00 3.008796E-02 2.076981E-03 4.929364E+00 1.074156E+01 
1.642707E-01 5.568127E-03 3.458445E-01 1.688909E-01 -1.466836E+00 5.713646E-01 -1.268483E-01 8.963138E-01 2.909964E-02 2.631286E-03 4.314459E+00 9.354676E+00 
1.626985E-01 5.362083E-03 3.447000E-01 1.787456E-01 -1.392786E+00 5.757647E-01 -1.313414E-01 9.435724E-01 2.690995E-02 8.424432E-04 4.158018E+00 9.010127E+00 
1.745551E-01 6.350069E-03 3.428551E-01 1.743084E-01 -1.394922E+00 5.873333E-01 -1.729918E-01 1.091236E+00 2.957107E-02 1.486450E-03 4.243727E+00 9.778897E+00 
1.808679E-01 5.976902E-03 3.488109E-01 1.790229E-01 -1.299568E+00 5.913960E-01 -2.000000E-01 9.688854E-01 2.602044E-02 1.393274E-03 4.330373E+00 9.345983E+00 
1.730867E-01 4.555117E-03 3.477733E-01 1.762462E-01 -1.327047E+00 5.936325E-01 -1.550239E-01 9.486735E-01 2.806368E-02 1.176238E-03 4.184068E+00 8.661684E+00 
1.622494E-01 8.722597E-03 3.468513E-01 1.712854E-01 -1.345246E+00 5.337647E-01 -1.354033E-01 9.661063E-01 3.324907E-02 1.523827E-03 4.174820E+00 8.632654E+00 
1.330273E-01 1.036533E-02 3.277407E-01 1.431049E-01 -1.424521E+00 5.093268E-01 -8.982513E-02 8.962850E-01 2.815736E-02 4.807027E-03 3.007342E+00 1.072750E+01 
1.168660E-01 9.990761E-02 3.387656E-01 1.752307E-01 -1.329524E+00 2.327986E-01 -1.021191E-01 9.942869E-01 2.875043E-02 4.210639E-03 3.389727E+00 7.749880E+00 
1.513514E-01 5.576041E-03 3.418942E-01 1.736850E-01 -1.374090E+00 5.940618E-01 -1.029295E-01 9.503632E-01 2.843452E-02 1.089221E-03 4.419849E+00 9.778083E+00 
1.626688E-01 6.118282E-03 3.560950E-01 1.764279E-01 -1.420000E+00 5.817283E-01 -1.167985E-01 9.454459E-01 2.956453E-02 1.291927E-03 3.873169E+00 7.508808E+00 
1.512379E-01 7.448432E-03 3.304354E-01 1.732314E-01 -1.665649E+00 5.914968E-01 -1.190451E-01 1.001104E+00 2.594068E-02 2.523346E-03 4.020235E+00 9.520563E+00 
1.714361E-01 5.680438E-03 3.479879E-01 1.717714E-01 -1.445738E+00 5.894376E-01 -1.068826E-01 9.194068E-01 2.896568E-02 6.043818E-04 4.019638E+00 8.905941E+00 
1.659952E-01 5.769546E-03 3.328504E-01 1.823396E-01 -1.325200E+00 5.813025E-01 -1.235816E-01 9.434450E-01 3.019972E-02 1.306534E-03 4.190820E+00 9.553194E+00 
1.690395E-01 5.289170E-03 3.395940E-01 1.801652E-01 -1.621606E+00 5.881993E-01 -9.744078E-02 9.654237E-01 2.878279E-02 1.462770E-03 4.034404E+00 9.612215E+00 
1.720420E-01 4.742286E-03 3.408567E-01 1.772411E-01 -1.476362E+00 5.935635E-01 -9.101283E-02 8.736606E-01 2.626416E-02 1.054136E-03 4.095503E+00 9.696760E+00 
1.806766E-01 4.455838E-03 3.477326E-01 1.755355E-01 -1.440972E+00 5.754105E-01 -1.358469E-01 8.953093E-01 2.810460E-02 1.901137E-03 4.261262E+00 9.314666E+00 
1.420720E-01 4.907810E-03 3.370071E-01 1.676129E-01 -1.418710E+00 5.745885E-01 -9.877921E-02 9.265695E-01 2.795808E-02 3.319528E-03 4.440967E+00 9.743547E+00 
1.505097E-01 2.432853E-02 3.505831E-01 1.507671E-01 -1.454767E+00 5.521828E-01 -1.579081E-01 9.522587E-01 2.548246E-02 2.550414E-03 3.348187E+00 9.112040E+00 
1.716828E-01 4.870441E-03 3.406221E-01 1.760460E-01 -1.425466E+00 5.681410E-01 -1.464171E-01 9.826831E-01 2.743682E-02 1.529115E-03 4.208593E+00 7.692199E+00 
1.660013E-01 6.687033E-03 3.288607E-01 1.804793E-01 -1.454826E+00 5.790315E-01 -1.129701E-01 9.240477E-01 2.780660E-02 1.358304E-03 4.170331E+00 8.818319E+00 
1.796646E-01 6.775518E-03 3.359532E-01 1.776272E-01 -1.305840E+00 5.847927E-01 -1.594649E-01 9.342315E-01 2.650192E-02 9.023950E-04 4.231273E+00 9.465792E+00 
1.728769E-01 4.414965E-03 3.266236E-01 1.755795E-01 -1.282758E+00 5.895342E-01 -1.510476E-01 9.709945E-01 2.757812E-02 2.881447E-03 4.152809E+00 9.190289E+00 
1.607038E-01 7.469516E-03 3.418397E-01 1.743191E-01 -1.369581E+00 5.771255E-01 -9.078088E-02 9.093586E-01 2.868395E-02 2.501685E-04 3.842594E+00 8.078979E+00 
1.884922E-01 5.317506E-03 3.378622E-01 1.773706E-01 -1.437879E+00 5.763128E-01 -1.493083E-01 9.723800E-01 2.901317E-02 1.705752E-03 4.309576E+00 9.211883E+00 
1.919141E-01 6.811205E-03 3.536769E-01 1.756591E-01 -1.387789E+00 5.671655E-01 -1.165853E-01 9.328070E-01 2.801600E-02 1.388328E-03 3.984564E+00 9.454628E+00 
2.000000E-01 5.758263E-03 3.713778E-01 1.705597E-01 -1.426715E+00 5.495430E-01 -1.574269E-01 9.821836E-01 2.648123E-02 1.358690E-03 4.090435E+00 6.824335E+00 
1.652597E-01 5.197498E-03 3.481952E-01 1.753586E-01 -1.324026E+00 5.908155E-01 -1.289451E-01 9.221625E-01 3.032454E-02 1.714542E-03 4.269067E+00 8.316932E+00 
1.703696E-01 3.997306E-03 3.444453E-01 1.773739E-01 -1.425375E+00 5.826172E-01 -8.909155E-02 9.085361E-01 2.708128E-02 1.197221E-03 3.956849E+00 8.959534E+00 
1.618903E-01 5.056915E-03 3.501002E-01 1.760670E-01 -1.543473E+00 5.926220E-01 -1.364321E-01 9.433124E-01 2.782991E-02 6.866780E-04 4.316811E+00 7.864730E+00 
1.837945E-01 7.840811E-03 3.415835E-01 1.753582E-01 -1.423791E+00 5.749329E-01 -1.490425E-01 9.564838E-01 2.783936E-02 1.889495E-03 4.548401E+00 9.207829E+00 
1.638695E-01 4.243320E-03 3.711679E-01 1.724465E-01 -1.280973E+00 5.873789E-01 -1.042418E-01 9.509302E-01 3.139596E-02 2.652388E-03 4.102132E+00 9.432273E+00 
1.692211E-01 4.657360E-03 3.526767E-01 1.774416E-01 -1.383382E+00 5.881756E-01 -1.177233E-01 9.935740E-01 2.787892E-02 1.836538E-03 4.373572E+00 1.000643E+01 
1.613562E-01 5.302659E-03 3.454562E-01 1.779974E-01 -1.267664E+00 5.738068E-01 -1.001419E-01 1.013828E+00 3.013145E-02 1.231250E-03 4.242737E+00 7.672080E+00 
1.739610E-01 1.129544E-02 3.401750E-01 1.779580E-01 -1.355363E+00 5.871441E-01 -1.384072E-01 1.005588E+00 3.021631E-02 9.955498E-04 4.171763E+00 8.525571E+00 
1.136456E-01 1.995376E-02 3.431310E-01 1.805884E-01 -1.500713E+00 5.969459E-01 -1.223242E-01 9.713208E-01 2.883876E-02 3.586799E-03 4.647392E+00 6.459035E+00 
1.681560E-01 6.343297E-03 3.141357E-01 1.814595E-01 -1.329607E+00 5.788586E-01 -1.719744E-01 9.719775E-01 2.723312E-02 2.393356E-03 4.735891E+00 8.605575E+00 
1.738278E-01 3.319403E-03 3.321953E-01 1.786878E-01 -1.426748E+00 5.704109E-01 -1.280565E-01 9.161622E-01 3.065604E-02 2.751534E-03 4.012712E+00 9.236696E+00 
1.754343E-01 6.529261E-03 3.517019E-01 1.815328E-01 -1.453719E+00 5.974008E-01 -1.274781E-01 9.080892E-01 3.069609E-02 5.971638E-05 4.034076E+00 8.494433E+00 
1.684228E-01 5.674209E-03 3.463300E-01 1.772586E-01 -1.353995E+00 5.879224E-01 -1.538964E-01 1.034148E+00 2.810541E-02 1.332639E-03 4.080461E+00 9.690606E+00 
1.687397E-01 5.934671E-03 3.406450E-01 1.766978E-01 -1.361385E+00 5.715416E-01 -1.273292E-01 8.917036E-01 2.765589E-02 7.436687E-06 4.024438E+00 8.709745E+00 
1.567217E-01 1.311777E-02 3.498470E-01 1.676030E-01 -1.377808E+00 5.798701E-01 -8.673303E-02 9.108432E-01 2.860890E-02 2.229391E-03 4.230298E+00 8.908861E+00 
1.556503E-01 4.317872E-03 3.896868E-01 1.726568E-01 -1.328283E+00 4.824735E-01 -8.559919E-02 9.247833E-01 2.856911E-02 2.223867E-03 4.339174E+00 9.779209E+00 
1.774535E-01 7.316722E-03 3.393161E-01 1.801042E-01 -1.373892E+00 5.960898E-01 -1.155849E-01 9.662185E-01 2.860344E-02 1.260251E-03 4.549631E+00 1.004683E+01 
1.689097E-01 5.760856E-03 3.414942E-01 1.795185E-01 -1.446415E+00 5.851615E-01 -8.494389E-02 9.312190E-01 2.888396E-02 1.420025E-03 4.317957E+00 9.422113E+00 
1.567635E-01 5.069694E-03 3.455850E-01 1.704290E-01 -1.405387E+00 5.674140E-01 -3.459653E-02 9.212520E-01 2.865086E-02 1.295506E-03 4.207870E+00 9.134860E+00 
1.666830E-01 5.893231E-03 3.401170E-01 1.752545E-01 -1.312634E+00 5.959514E-01 -1.001441E-01 9.293005E-01 3.054111E-02 1.770782E-03 4.201800E+00 1.003569E+01 
1.640159E-01 8.664270E-03 3.464856E-01 1.755735E-01 -1.368449E+00 5.843003E-01 -1.350989E-01 9.676541E-01 3.173194E-02 2.546512E-03 4.124887E+00 9.433700E+00 
1.645716E-01 9.014965E-03 3.369071E-01 1.748927E-01 -1.477218E+00 5.861132E-01 -1.233338E-01 8.975322E-01 2.742139E-02 1.755455E-03 4.283395E+00 9.318161E+00 
1.725303E-01 2.122986E-03 3.263096E-01 1.762865E-01 -1.462109E+00 5.684755E-01 -7.082347E-02 9.438696E-01 2.520864E-02 0.000000E+00 4.467141E+00 9.739177E+00 
1.841827E-01 7.806479E-03 3.382525E-01 1.809901E-01 -1.521939E+00 5.940722E-01 -5.855437E-02 8.919459E-01 2.978798E-02 1.980551E-03 4.209436E+00 8.108834E+00 
1.489345E-01 1.151818E-02 3.638898E-01 1.587069E-01 -1.417056E+00 4.155225E-01 -7.919472E-02 7.098109E-01 3.004885E-02 4.724430E-04 4.048698E+00 1.206066E+01 
1.618416E-01 7.456629E-03 3.414158E-01 1.728341E-01 -1.402722E+00 5.824231E-01 -1.144948E-01 9.873949E-01 2.981060E-02 2.925002E-03 4.149213E+00 9.652637E+00 
1.629556E-01 4.625696E-03 3.607913E-01 1.626539E-01 -1.505568E+00 5.845301E-01 -1.977595E-01 9.966882E-01 2.959314E-02 1.696391E-03 4.032439E+00 8.283704E+00 
1.784333E-01 7.392835E-03 3.494698E-01 1.805922E-01 -1.472387E+00 5.920504E-01 -1.031566E-01 9.905794E-01 2.834944E-02 3.536424E-05 4.308206E+00 8.829844E+00 
1.765582E-01 7.441733E-03 3.477021E-01 1.837205E-01 -1.450020E+00 5.834729E-01 -1.299344E-01 9.164730E-01 2.904386E-02 8.276839E-04 4.138990E+00 7.904277E+00 
1.804079E-01 4.048664E-03 3.417984E-01 1.753978E-01 -1.397060E+00 5.664312E-01 -9.533926E-02 9.802386E-01 2.762083E-02 9.538679E-04 3.955135E+00 7.860415E+00 
1.645201E-01 5.495067E-03 3.415230E-01 1.715331E-01 -1.339627E+00 5.568662E-01 -1.412237E-01 9.481697E-01 2.942740E-02 1.408187E-03 4.140587E+00 8.502463E+00 
1.712927E-01 6.171270E-03 3.541986E-01 1.872665E-01 -1.241209E+00 5.928947E-01 -2.000000E-01 9.882772E-01 2.771793E-02 1.271405E-03 4.620293E+00 8.647658E+00 
1.736698E-01 6.785226E-03 3.413316E-01 1.760108E-01 -1.415827E+00 5.864865E-01 -1.317712E-01 9.699087E-01 2.844205E-02 2.817272E-03 4.409875E+00 9.140696E+00 
1.704927E-01 3.340335E-03 3.358018E-01 1.781986E-01 -1.511349E+00 5.897026E-01 -1.131500E-01 1.021996E+00 2.853619E-02 1.248772E-03 4.262307E+00 8.579251E+00 
1.158215E-01 4.151279E-02 3.412764E-01 1.652701E-01 -1.445538E+00 5.873697E-01 -1.127944E-01 8.762327E-01 3.045485E-02 3.495240E-03 3.699840E+00 1.039624E+01 
1.540748E-01 6.520340E-03 3.375162E-01 1.734343E-01 -1.532256E+00 5.864529E-01 -1.207440E-01 9.528591E-01 2.746076E-02 2.403667E-03 4.158734E+00 9.426335E+00 
1.746116E-01 4.967475E-03 3.559712E-01 1.758620E-01 -1.304388E+00 5.731202E-01 -9.634028E-02 8.971990E-01 2.779424E-02 1.912108E-03 3.997531E+00 8.829976E+00 
1.593975E-01 6.863162E-03 3.385215E-01 1.766985E-01 -1.390757E+00 5.792683E-01 -1.142596E-01 9.353675E-01 2.582187E-02 1.306440E-03 4.355403E+00 9.322451E+00 
1.666094E-01 6.688881E-03 3.419609E-01 1.807358E-01 -1.410667E+00 5.890399E-01 -1.226767E-01 9.783282E-01 2.874786E-02 1.772253E-03 4.098361E+00 9.902419E+00 
1.699732E-01 6.262060E-03 3.284942E-01 1.798301E-01 -1.351436E+00 5.787956E-01 -9.308532E-02 9.559282E-01 2.982669E-02 1.771750E-03 4.086388E+00 9.178586E+00 
1.657543E-01 6.734491E-03 3.499775E-01 1.665447E-01 -1.391586E+00 5.799681E-01 -1.864524E-01 9.278201E-01 2.873085E-02 1.172927E-03 4.534624E+00 9.236855E+00 
1.552858E-01 1.315113E-02 3.370752E-01 1.769330E-01 -1.432083E+00 5.980127E-01 -1.481276E-01 9.445562E-01 2.850192E-02 2.744999E-03 4.399681E+00 9.240352E+00 
1.619905E-01 4.864829E-03 3.545515E-01 1.781247E-01 -1.386701E+00 5.819273E-01 -1.092036E-01 8.883039E-01 2.939310E-02 1.508349E-03 4.595115E+00 8.844883E+00 
1.589456E-01 3.938433E-03 3.447605E-01 1.767961E-01 -1.418665E+00 5.816835E-01 -7.557168E-02 1.002230E+00 2.815677E-02 1.472704E-03 3.776209E+00 9.639306E+00 
1.565601E-01 7.007356E-03 3.541719E-01 1.723949E-01 -1.296231E+00 5.749486E-01 -9.874694E-02 9.399323E-01 3.009265E-02 1.581866E-03 4.839493E+00 8.421186E+00 
1.911115E-01 1.185334E-02 3.320825E-01 1.778124E-01 -1.284641E+00 5.751596E-01 -1.620811E-01 9.910409E-01 2.833356E-02 3.129929E-03 4.144122E+00 9.520995E+00 
1.638786E-01 3.889140E-03 3.391574E-01 1.728384E-01 -1.332516E+00 5.883703E-01 -1.386280E-01 9.913421E-01 2.964203E-02 9.184251E-04 4.195177E+00 9.178425E+00 
1.681475E-01 6.909278E-03 3.081947E-01 1.712952E-01 -1.448715E+00 5.818786E-01 -1.397275E-01 1.018298E+00 2.924463E-02 1.892117E-03 4.131111E+00 9.668330E+00 
1.756890E-01 6.050205E-03 3.489540E-01 1.784988E-01 -1.381586E+00 5.912292E-01 -1.591134E-01 9.683637E-01 2.798446E-02 2.563899E-03 4.595806E+00 9.197860E+00 
1.763875E-01 5.457272E-03 3.278147E-01 1.722545E-01 -1.453380E+00 5.925084E-01 -1.537758E-01 9.317485E-01 2.893028E-02 4.338370E-04 4.210705E+00 9.598792E+00 
1.862089E-01 5.782358E-03 3.416627E-01 1.690825E-01 -1.436309E+00 6.000000E-01 -1.667370E-01 8.757965E-01 2.856105E-02 1.185454E-03 4.743894E+00 9.881401E+00 
1.798423E-01 4.536810E-03 3.408004E-01 1.739457E-01 -1.353534E+00 5.796260E-01 -1.731808E-01 9.434227E-01 2.773022E-02 1.577345E-03 4.121360E+00 7.375418E+00 
1.634722E-01 6.767063E-03 3.084688E-01 1.752569E-01 -1.383330E+00 5.836766E-01 -1.266212E-01 1.077609E+00 2.837099E-02 1.081995E-03 4.078985E+00 9.015591E+00 
1.601076E-01 5.347091E-03 3.652778E-01 1.777321E-01 -1.419493E+00 5.855883E-01 -7.980160E-02 9.340116E-01 2.760835E-02 1.305311E-03 4.181466E+00 9.084270E+00 
1.633359E-01 6.955497E-03 3.304586E-01 1.753011E-01 -1.417515E+00 5.818028E-01 -6.270389E-02 9.706239E-01 2.864256E-02 2.157239E-03 4.070333E+00 8.689441E+00 
1.904855E-01 5.313700E-03 3.534009E-01 1.773878E-01 -1.428353E+00 5.925392E-01 -1.652214E-01 9.279470E-01 2.746106E-02 0.000000E+00 4.358694E+00 8.953328E+00 
1.715699E-01 1.747895E-02 3.342274E-01 1.760060E-01 -1.439029E+00 5.663944E-01 -8.396093E-02 9.720511E-01 2.807410E-02 1.461185E-03 4.465544E+00 8.600000E+00 
1.569272E-01 1.010053E-02 3.537240E-01 1.707907E-01 -1.402707E+00 5.583188E-01 -1.653671E-01 1.011025E+00 2.188161E-02 4.305622E-03 4.283276E+00 9.308967E+00 
1.776059E-01 5.261609E-03 3.435194E-01 1.866577E-01 -1.424952E+00 6.000000E-01 -1.301431E-01 9.924242E-01 3.494113E-02 1.075032E-03 4.170811E+00 8.161863E+00 
1.547921E-01 5.018748E-03 3.456588E-01 1.784641E-01 -1.461185E+00 5.917071E-01 -9.466928E-02 9.125914E-01 2.978268E-02 1.426399E-03 4.346670E+00 8.977705E+00 
1.597883E-01 7.016359E-03 3.498405E-01 1.832855E-01 -1.485207E+00 5.890564E-01 -6.634508E-02 9.570703E-01 2.294054E-02 1.149298E-03 4.319960E+00 9.402919E+00 
1.687446E-01 4.939931E-03 3.501607E-01 1.750751E-01 -1.412099E+00 5.891404E-01 -1.541802E-01 9.658863E-01 2.845036E-02 1.155457E-03 4.469048E+00 9.549992E+00 
1.518632E-01 7.439855E-03 3.442467E-01 1.822758E-01 -1.535368E+00 5.803653E-01 -1.195509E-01 9.784594E-01 2.938564E-02 5.650578E-04 4.747822E+00 8.781368E+00 
1.641983E-01 7.455237E-03 3.508989E-01 1.741746E-01 -1.366700E+00 5.553113E-01 -1.062055E-01 9.638970E-01 2.908738E-02 1.013791E-03 4.277850E+00 9.550834E+00 
1.570529E-01 5.728858E-03 3.451063E-01 1.780938E-01 -1.323955E+00 5.839537E-01 -8.815632E-02 9.622394E-01 2.855145E-02 2.021816E-03 4.220111E+00 9.915088E+00 
1.682619E-01 8.823492E-03 3.235028E-01 1.796504E-01 -1.504865E+00 5.939783E-01 -1.178523E-01 9.371574E-01 2.533130E-02 7.654500E-04 3.800024E+00 9.161468E+00 
1.654177E-01 6.812215E-03 3.466351E-01 1.772504E-01 -1.560851E+00 5.799568E-01 -1.513399E-01 9.060593E-01 2.696189E-02 1.493819E-03 4.152006E+00 9.543898E+00 
1.467061E-01 7.802033E-03 3.320613E-01 1.720036E-01 -1.306209E+00 5.819076E-01 -9.526719E-02 9.124124E-01 2.758277E-02 4.609553E-03 3.696481E+00 9.804226E+00 
1.602085E-01 5.316543E-03 3.370811E-01 1.782727E-01 -1.492601E+00 5.759210E-01 -1.049552E-01 1.093806E+00 2.648756E-02 1.139651E-03 4.312930E+00 1.020115E+01 
1.578116E-01 5.759600E-03 3.337047E-01 1.765842E-01 -1.397633E+00 5.832476E-01 -9.951066E-02 9.482717E-01 2.911414E-02 8.675601E-04 4.343377E+00 7.609990E+00 
1.736493E-01 1.128280E-02 3.515753E-01 1.787636E-01 -1.500103E+00 5.769330E-01 -1.541266E-01 9.722288E-01 2.991694E-02 1.306102E-03 4.297265E+00 8.951601E+00 
1.603196E-01 8.734114E-03 3.765349E-01 1.718840E-01 -1.363219E+00 5.759994E-01 -1.104344E-01 9.525390E-01 2.996366E-02 7.864443E-04 4.233860E+00 8.962673E+00 
1.674479E-01 6.852898E-03 3.486009E-01 1.795868E-01 -1.395178E+00 5.979565E-01 -1.212099E-01 9.282590E-01 2.856700E-02 1.144795E-03 3.370809E+00 8.530779E+00 
1.827671E-01 6.287532E-03 3.376452E-01 1.858729E-01 -1.454570E+00 5.692303E-01 -8.767789E-02 1.009225E+00 2.792405E-02 1.385948E-03 4.145365E+00 9.164239E+00 
1.705841E-01 1.226399E-02 3.467995E-01 1.820783E-01 -1.418549E+00 5.925544E-01 -1.180685E-01 9.446085E-01 2.669613E-02 4.223966E-04 4.679760E+00 8.878541E+00 
1.598393E-01 6.684361E-03 3.515611E-01 1.743059E-01 -1.423119E+00 5.803910E-01 -1.400213E-01 9.089196E-01 3.221780E-02 1.329433E-03 4.330734E+00 8.926625E+00 
1.640265E-01 7.042626E-03 3.354409E-01 1.724125E-01 -1.508067E+00 5.781611E-01 -1.247480E-01 9.618463E-01 2.843919E-02 8.147726E-04 4.116523E+00 8.474458E+00 
1.671913E-01 6.466752E-03 3.463718E-01 1.770907E-01 -1.498546E+00 5.971779E-01 -7.170954E-02 8.968903E-01 2.690481E-02 2.156998E-03 3.814076E+00 9.768773E+00 
1.689429E-01 7.393819E-03 3.580493E-01 1.790392E-01 -1.334832E+00 5.842576E-01 -1.558365E-01 9.271004E-01 2.551050E-02 0.000000E+00 4.047610E+00 8.785686E+00 
1.682194E-01 5.311118E-03 3.548646E-01 1.772697E-01 -1.326453E+00 5.736012E-01 -1.347072E-01 8.659225E-01 3.061607E-02 7.475656E-04 4.353520E+00 9.278719E+00 
1.668784E-01 4.493367E-03 3.377245E-01 1.817886E-01 -1.369887E+00 5.828246E-01 -1.305969E-01 9.579726E-01 2.856826E-02 1.142230E-03 4.665001E+00 9.686462E+00 
1.743168E-01 5.569041E-03 3.519117E-01 1.800143E-01 -1.561080E+00 5.873948E-01 -1.773490E-01 9.406771E-01 2.820390E-02 1.009877E-03 4.219680E+00 9.658567E+00 
1.579526E-01 5.739079E-03 3.411733E-01 1.770377E-01 -1.356752E+00 5.903699E-01 -1.351610E-01 9.479770E-01 2.800839E-02 1.477968E-03 4.362707E+00 8.934965E+00 
1.515822E-01 2.470235E-03 3.372430E-01 1.781538E-01 -1.418506E+00 5.831427E-01 -1.333059E-01 9.897799E-01 2.809470E-02 6.849289E-04 4.405724E+00 8.351771E+00 
1.274758E-01 1.369141E-02 3.308689E-01 1.740579E-01 -1.396572E+00 5.864397E-01 -6.028007E-02 8.748149E-01 2.610061E-02 1.587344E-03 4.915740E+00 9.521895E+00 
1.704666E-01 4.898414E-03 3.397705E-01 1.749161E-01 -1.378167E+00 5.737732E-01 -9.173795E-02 9.609697E-01 2.868779E-02 1.407527E-03 4.294255E+00 9.484045E+00 
1.684295E-01 5.314187E-03 3.560017E-01 1.735776E-01 -1.359193E+00 5.833378E-01 -1.639782E-01 9.204219E-01 2.707291E-02 1.147394E-03 4.260463E+00 9.098404E+00 
1.482201E-01 5.023026E-03 3.094664E-01 1.665242E-01 -1.357106E+00 5.738926E-01 -1.121833E-01 8.800381E-01 2.893612E-02 2.648817E-03 4.259078E+00 8.755716E+00 
1.716970E-01 6.674082E-03 3.243358E-01 1.872483E-01 -1.493427E+00 5.749641E-01 -1.011646E-01 9.699549E-01 2.887000E-02 1.518612E-03 4.316099E+00 8.236929E+00 
1.586211E-01 3.906549E-03 3.564401E-01 1.741423E-01 -1.385196E+00 5.823043E-01 -1.069970E-01 9.721664E-01 3.123044E-02 1.139694E-03 3.761665E+00 8.113677E+00 
1.729437E-01 4.918131E-03 3.461852E-01 1.828922E-01 -1.406869E+00 5.765781E-01 -7.563917E-02 9.670391E-01 2.837304E-02 1.932374E-03 4.329662E+00 9.638355E+00 
1.298363E-01 1.571877E-02 3.477168E-01 1.849849E-01 -1.489653E+00 5.631901E-01 -9.261918E-02 9.046300E-01 2.771922E-02 3.311477E-04 4.670118E+00 9.431653E+00 
1.786589E-01 7.652087E-03 3.451250E-01 1.801631E-01 -1.361267E+00 5.879735E-01 -1.161955E-01 9.356086E-01 2.821007E-02 1.903219E-03 4.394444E+00 8.543961E+00 
1.740525E-01 6.972186E-03 3.337609E-01 1.812399E-01 -1.460288E+00 5.720434E-01 -1.649558E-01 9.440143E-01 3.007626E-02 1.054688E-03 4.207282E+00 8.876698E+00 
9.824011E-02 9.047848E-03 3.416364E-01 1.754950E-01 -1.397563E+00 5.939486E-01 -1.121497E-01 1.019219E+00 2.820936E-02 9.169005E-04 4.282074E+00 8.423526E+00 
1.665894E-01 6.654710E-03 3.368868E-01 1.735576E-01 -1.462984E+00 5.852968E-01 -1.023869E-01 9.422524E-01 2.814635E-02 1.681825E-03 3.789297E+00 8.903386E+00 
1.985020E-01 3.340696E-03 3.594929E-01 1.794228E-01 -1.434730E+00 5.937444E-01 -1.490275E-01 9.717658E-01 2.685243E-02 9.799613E-04 4.335079E+00 7.873104E+00 
1.688587E-01 8.025965E-03 3.422026E-01 1.809871E-01 -1.364522E+00 5.831883E-01 -1.061392E-01 9.616410E-01 2.929457E-02 1.040164E-03 4.310161E+00 9.124666E+00 
1.655594E-01 5.474520E-03 3.053739E-01 1.725985E-01 -1.469931E+00 5.773317E-01 -1.164408E-01 1.028163E+00 3.008110E-02 9.534179E-04 4.071734E+00 1.057366E+01 
1.709119E-01 8.736476E-03 3.323738E-01 1.735981E-01 -1.375777E+00 5.917560E-01 -1.402674E-01 8.874094E-01 2.785815E-02 5.273255E-04 4.267918E+00 9.235029E+00 
1.722518E-01 5.040693E-03 3.684978E-01 1.742751E-01 -1.371676E+00 5.883695E-01 -1.469018E-01 1.107753E+00 2.837553E-02 1.578826E-03 4.467230E+00 9.111594E+00 
1.710145E-01 5.627910E-03 3.309704E-01 1.743113E-01 -1.483700E+00 5.836743E-01 -1.604120E-01 9.736690E-01 2.774804E-02 2.209741E-03 4.594851E+00 8.760718E+00 
1.900518E-01 1.519659E-02 3.464289E-01 1.725301E-01 -1.544040E+00 5.444959E-01 -1.187106E-01 9.006817E-01 2.791941E-02 2.943535E-03 3.574369E+00 9.614438E+00 
1.748731E-01 5.593082E-03 3.532506E-01 1.832416E-01 -1.436621E+00 5.906057E-01 -1.628140E-01 9.188566E-01 2.772202E-02 1.724706E-03 4.989307E+00 8.907414E+00 
1.711761E-01 6.695829E-03 3.434857E-01 1.795783E-01 -1.495130E+00 5.858844E-01 -1.164323E-01 9.066755E-01 2.787214E-02 2.152155E-03 4.286050E+00 9.938443E+00 
1.689497E-01 6.718907E-03 3.434241E-01 1.832206E-01 -1.527331E+00 5.597627E-01 -1.242356E-01 9.315525E-01 2.686319E-02 5.902838E-04 3.902530E+00 8.704984E+00 
1.654084E-01 5.691967E-03 3.645351E-01 1.737280E-01 -1.510977E+00 5.923396E-01 -8.002205E-02 1.019008E+00 2.975786E-02 0.000000E+00 3.962641E+00 1.040030E+01 
1.631970E-01 5.046077E-03 3.273345E-01 1.762132E-01 -1.390818E+00 5.753440E-01 -1.040211E-01 1.030383E+00 2.891928E-02 7.091068E-04 3.874699E+00 9.439575E+00 
1.702436E-01 5.561201E-03 3.388732E-01 1.771241E-01 -1.472413E+00 5.897913E-01 -1.218268E-01 9.479907E-01 2.757002E-02 4.438327E-05 4.643014E+00 8.854213E+00 
1.761922E-01 2.363096E-03 3.276594E-01 1.706852E-01 -1.420621E+00 5.768474E-01 -1.527237E-01 9.906939E-01 2.702989E-02 6.331500E-04 4.251503E+00 8.910426E+00 
1.703661E-01 6.206699E-03 3.633211E-01 1.629868E-01 -1.401300E+00 5.763192E-01 -1.479101E-01 9.242488E-01 2.744052E-02 1.218338E-03 3.889251E+00 8.513496E+00 
1.657739E-01 6.523311E-03 3.476455E-01 1.766176E-01 -1.250206E+00 5.837657E-01 -1.205200E-01 9.181848E-01 2.888813E-02 1.771070E-03 3.937356E+00 8.785480E+00 
1.730985E-01 5.092311E-03 3.682835E-01 1.753212E-01 -1.442205E+00 6.000000E-01 -1.052228E-01 9.466325E-01 3.009744E-02 1.073427E-03 4.406352E+00 8.340473E+00 
1.654346E-01 4.210714E-03 3.737730E-01 1.732313E-01 -1.484283E+00 5.770092E-01 -1.155574E-01 9.406439E-01 2.828718E-02 1.711300E-03 4.281135E+00 1.002457E+01 
1.668915E-01 2.725685E-03 3.486801E-01 1.713941E-01 -1.423516E+00 5.918300E-01 -1.550015E-01 1.071912E+00 2.626047E-02 4.739053E-04 4.039788E+00 8.895098E+00 
1.814557E-01 8.160550E-03 3.402817E-01 1.792513E-01 -1.302564E+00 5.877369E-01 -1.603313E-01 8.969929E-01 2.938547E-02 1.061427E-04 4.374652E+00 9.170547E+00 
1.591883E-01 1.612823E-02 3.528932E-01 1.700618E-01 -1.347921E+00 5.925758E-01 -1.210679E-01 9.289130E-01 2.520558E-02 2.879006E-03 4.314960E+00 8.034731E+00 
1.624582E-01 4.791875E-03 3.394117E-01 1.766770E-01 -1.411078E+00 5.784183E-01 -1.049266E-01 8.988440E-01 2.778603E-02 8.680916E-04 4.314801E+00 9.973164E+00 
1.702592E-01 3.373074E-03 3.319277E-01 1.765290E-01 -1.361568E+00 5.990284E-01 -1.133332E-01 9.237437E-01 2.825157E-02 1.296793E-03 4.065921E+00 9.884656E+00 
1.676909E-01 9.159398E-04 3.329921E-01 1.772977E-01 -1.427374E+00 5.843164E-01 -1.870744E-01 1.048489E+00 2.609676E-02 2.925867E-03 4.249278E+00 8.962990E+00 
1.484457E-01 8.254944E-03 3.425912E-01 1.675203E-01 -1.355692E+00 5.672893E-01 -1.025612E-01 9.807117E-01 2.903512E-02 2.048888E-03 4.630522E+00 9.219253E+00 
1.778673E-01 9.759991E-03 3.419838E-01 1.787999E-01 -1.352133E+00 5.869177E-01 -1.378470E-01 9.953628E-01 2.763815E-02 1.041361E-03 4.336499E+00 8.572274E+00 
1.798044E-01 7.075468E-03 3.643118E-01 1.856271E-01 -1.539428E+00 5.939244E-01 -6.935228E-02 9.476715E-01 2.739893E-02 2.045734E-03 4.335380E+00 1.050904E+01 
1.714146E-01 4.029776E-03 3.564656E-01 1.746166E-01 -1.460871E+00 5.713925E-01 -1.131663E-01 9.582399E-01 2.836067E-02 1.745735E-03 4.543297E+00 9.624131E+00 
1.695978E-01 4.719978E-03 3.592674E-01 1.771640E-01 -1.458627E+00 5.866191E-01 -1.400559E-01 9.007204E-01 2.915537E-02 9.737176E-04 4.220271E+00 9.218815E+00 
1.653795E-01 7.241873E-03 3.609416E-01 1.775358E-01 -1.395114E+00 5.957085E-01 -1.203473E-01 9.134062E-01 2.829960E-02 1.687231E-03 4.499540E+00 1.020784E+01 
1.578762E-01 7.603617E-03 3.475765E-01 1.662458E-01 -1.350630E+00 5.886982E-01 -1.335392E-01 9.552329E-01 2.632448E-02 2.330713E-03 3.692483E+00 9.160981E+00 
1.597567E-01 7.039561E-03 3.525093E-01 1.715705E-01 -1.486285E+00 5.882832E-01 -1.309206E-01 9.404053E-01 2.695586E-02 4.701651E-04 4.184436E+00 8.331323E+00 
1.719286E-01 4.153363E-03 3.618684E-01 1.827922E-01 -1.521598E+00 5.854078E-01 -3.885876E-02 9.345342E-01 2.794162E-02 0.000000E+00 4.949036E+00 9.622461E+00 
1.570599E-01 5.573593E-03 3.605707E-01 1.797936E-01 -1.497904E+00 5.707810E-01 -1.086128E-01 9.468746E-01 2.993476E-02 2.358792E-04 4.049195E+00 1.014740E+01 
1.616721E-01 5.439210E-03 3.603086E-01 1.755294E-01 -1.281625E+00 5.864183E-01 -1.463454E-01 8.337278E-01 2.775979E-02 5.530624E-04 3.843936E+00 8.913295E+00 
1.493883E-01 5.491812E-03 3.396075E-01 1.773680E-01 -1.354398E+00 5.846262E-01 -1.785610E-01 9.990502E-01 2.657979E-02 1.266532E-03 4.461831E+00 9.494859E+00 
1.710466E-01 7.353906E-03 3.559083E-01 1.796932E-01 -1.343559E+00 5.929952E-01 -1.704023E-01 9.425751E-01 2.699881E-02 1.665416E-03 4.285177E+00 8.345746E+00 
1.621658E-01 2.557478E-02 3.410517E-01 1.682593E-01 -1.360650E+00 5.089452E-01 -5.524859E-02 9.802650E-01 3.283292E-02 5.647173E-03 4.264185E+00 1.018021E+01 
1.626444E-01 5.461275E-03 3.320087E-01 1.720804E-01 -1.371778E+00 5.814762E-01 -1.242041E-01 1.023395E+00 2.744838E-02 6.057198E-04 4.144415E+00 9.814963E+00 
1.667422E-01 5.572982E-03 3.396561E-01 1.718780E-01 -1.497343E+00 5.858635E-01 -1.623840E-01 9.814227E-01 2.684892E-02 2.172163E-03 5.110125E+00 8.185913E+00 
1.672979E-01 6.073936E-03 3.398274E-01 1.760068E-01 -1.352320E+00 5.854659E-01 -1.025120E-01 9.526167E-01 2.924671E-02 1.696237E-03 4.326716E+00 9.992988E+00 
1.563128E-01 5.587836E-03 3.480226E-01 1.716255E-01 -1.356052E+00 5.929330E-01 -1.333223E-01 9.250979E-01 2.771110E-02 1.106442E-03 4.321877E+00 1.007591E+01 
1.590571E-01 1.007088E-02 3.460733E-01 1.797196E-01 -1.426027E+00 5.909999E-01 -1.588110E-01 9.366530E-01 2.551141E-02 1.819711E-03 4.273950E+00 9.101891E+00 
1.246039E-01 1.299694E-02 3.291536E-01 1.765313E-01 -1.364289E+00 5.640342E-01 -1.408154E-01 9.779774E-01 2.724448E-02 2.850686E-03 3.804109E+00 9.247196E+00 
1.578009E-01 3.189848E-03 3.331357E-01 1.754935E-01 -1.407664E+00 5.777683E-01 -9.040226E-02 9.040812E-01 2.771513E-02 1.525446E-03 4.430443E+00 9.407714E+00 
1.738985E-01 6.982395E-03 3.560829E-01 1.824056E-01 -1.453664E+00 5.829129E-01 -7.774062E-02 9.764923E-01 2.757138E-02 2.633433E-03 4.167407E+00 9.020211E+00 
1.468133E-01 8.810565E-04 3.498772E-01 1.698689E-01 -1.300905E+00 5.800308E-01 -1.356136E-01 8.498199E-01 2.823625E-02 1.838654E-03 4.346997E+00 1.005207E+01 
1.711140E-01 6.693895E-03 3.417484E-01 1.789361E-01 -1.402561E+00 5.805308E-01 -1.430544E-01 9.055758E-01 2.828995E-02 1.876196E-03 4.432668E+00 8.622743E+00 
1.712158E-01 5.047940E-03 3.420016E-01 1.800841E-01 -1.403438E+00 5.823501E-01 -9.616318E-02 9.554728E-01 2.722729E-02 1.736493E-03 3.706317E+00 1.000784E+01 
1.788613E-01 6.782381E-03 3.308556E-01 1.787717E-01 -1.407311E+00 5.891312E-01 -8.982816E-02 9.456715E-01 2.579812E-02 1.661333E-03 4.320627E+00 9.438926E+00 
1.647666E-01 2.733657E-03 3.481613E-01 1.831774E-01 -1.663218E+00 5.681833E-01 -1.356318E-01 9.346151E-01 2.989846E-02 2.515804E-03 4.916896E+00 9.604318E+00 
1.818968E-01 6.021264E-03 3.429973E-01 1.728639E-01 -1.300902E+00 5.911665E-01 -1.463809E-01 9.231319E-01 2.609617E-02 9.512002E-04 3.989737E+00 8.633828E+00 
1.726768E-01 4.700816E-02 3.352876E-01 1.819103E-01 -1.403851E+00 4.158810E-01 -1.269288E-01 9.375410E-01 3.075177E-02 2.734335E-03 4.085074E+00 8.670650E+00 
1.697343E-01 5.757808E-03 3.598027E-01 1.754857E-01 -1.411954E+00 5.900584E-01 -1.098934E-01 9.776190E-01 2.694033E-02 1.323504E-04 4.420177E+00 9.139794E+00 
1.626048E-01 5.639782E-03 3.310059E-01 1.734644E-01 -1.432194E+00 5.834335E-01 -7.393272E-02 1.020284E+00 2.835826E-02 1.315487E-03 3.831722E+00 8.621082E+00 
1.832458E-01 7.054158E-03 3.327976E-01 1.760404E-01 -1.367368E+00 5.886610E-01 -1.585417E-01 9.013225E-01 2.780386E-02 1.789194E-03 4.307647E+00 9.491908E+00 
8.112098E-02 1.234735E-02 3.267480E-01 1.379251E-01 -1.153727E+00 4.312615E-01 -9.924179E-02 9.202516E-01 2.743544E-02 4.332410E-03 3.170284E+00 1.068102E+01 
1.449940E-01 2.627218E-03 3.314430E-01 1.761507E-01 -1.452163E+00 5.641910E-01 -1.001869E-01 9.510395E-01 2.742477E-02 2.286968E-03 4.293915E+00 1.038256E+01 
1.718854E-01 5.466322E-03 3.317098E-01 1.733723E-01 -1.443519E+00 5.874456E-01 -1.462561E-01 9.347692E-01 2.789224E-02 1.557597E-03 4.669702E+00 9.457016E+00 
1.687688E-01 4.893299E-03 3.273071E-01 1.796147E-01 -1.570604E+00 5.805002E-01 -1.179679E-01 1.068215E+00 2.768182E-02 1.565396E-03 3.957131E+00 9.666365E+00 
1.772043E-01 6.040250E-03 3.374894E-01 1.767536E-01 -1.377425E+00 5.853785E-01 -1.172321E-01 9.054104E-01 3.036895E-02 2.043253E-03 4.336099E+00 8.675597E+00 
1.725207E-01 6.750604E-03 3.555010E-01 1.836698E-01 -1.360069E+00 6.000000E-01 -1.267017E-01 9.775598E-01 2.904576E-02 5.421903E-04 4.490169E+00 7.666890E+00 
1.796179E-01 6.864673E-03 3.514759E-01 1.781489E-01 -1.452733E+00 5.838424E-01 -1.302888E-01 9.229613E-01 2.553789E-02 1.524697E-03 4.474404E+00 9.149700E+00 
1.673382E-01 3.798499E-03 3.544656E-01 1.753369E-01 -1.440501E+00 5.844149E-01 -1.181736E-01 9.273014E-01 2.685847E-02 1.060379E-03 4.006062E+00 8.422473E+00 
1.566705E-01 6.098497E-03 3.202936E-01 1.764964E-01 -1.603944E+00 5.749946E-01 -9.283752E-02 9.339492E-01 2.652633E-02 8.330087E-04 4.365693E+00 9.024961E+00 
1.472335E-01 1.029504E-02 3.598605E-01 1.684543E-01 -1.459690E+00 5.840456E-01 -1.064193E-01 8.151078E-01 2.905005E-02 1.810838E-03 4.085400E+00 1.060905E+01 
1.649626E-01 6.052218E-03 3.480713E-01 1.811259E-01 -1.441001E+00 5.934157E-01 -1.681241E-01 9.432238E-01 2.661939E-02 2.535489E-03 4.217929E+00 9.372294E+00 
1.706018E-01 5.331501E-03 3.467464E-01 1.810212E-01 -1.396320E+00 5.793323E-01 -1.518869E-01 8.436084E-01 3.019337E-02 4.396249E-03 4.006927E+00 9.667999E+00 
1.705858E-01 4.209357E-03 3.350282E-01 1.805213E-01 -1.420981E+00 5.685771E-01 -1.141317E-01 1.001838E+00 2.727895E-02 9.593657E-04 4.187130E+00 8.867207E+00 
1.597745E-01 4.842694E-03 3.469579E-01 1.762863E-01 -1.321601E+00 5.910781E-01 -1.196785E-01 9.050467E-01 2.792794E-02 8.527233E-04 4.376004E+00 8.237868E+00 
1.676246E-01 1.888653E-03 3.623871E-01 1.736007E-01 -1.481250E+00 5.476221E-01 -8.175300E-02 8.815906E-01 3.171100E-02 6.070836E-04 4.485436E+00 8.384355E+00 
1.638177E-01 4.983397E-03 3.425811E-01 1.796139E-01 -1.370048E+00 5.912255E-01 -1.205563E-01 9.192091E-01 2.873306E-02 6.113326E-03 4.615632E+00 9.024600E+00 
1.608175E-01 5.908152E-03 3.433300E-01 1.786530E-01 -1.448857E+00 5.865520E-01 -1.544386E-01 9.308481E-01 2.941910E-02 1.363866E-03 4.082316E+00 1.034130E+01 
1.714570E-01 1.113439E-02 3.428411E-01 1.742172E-01 -1.375123E+00 5.646511E-01 -1.341369E-01 9.727030E-01 2.937002E-02 9.381572E-04 4.316882E+00 8.210845E+00 
1.673293E-01 6.643558E-03 3.556982E-01 1.690694E-01 -1.431985E+00 5.881148E-01 -1.283451E-01 9.756997E-01 2.855778E-02 9.569513E-04 4.479998E+00 8.992729E+00 
1.574479E-01 3.848790E-03 3.438585E-01 1.810486E-01 -1.363728E+00 5.933242E-01 -1.063747E-01 9.630899E-01 2.756139E-02 1.138717E-03 4.417939E+00 9.101586E+00 
1.847717E-01 1.256934E-02 3.487543E-01 1.780151E-01 -1.458355E+00 5.647099E-01 -1.221739E-01 9.111505E-01 2.887452E-02 3.325336E-03 4.163802E+00 9.522927E+00 
1.679609E-01 5.715255E-03 3.500211E-01 1.755480E-01 -1.509084E+00 5.911364E-01 -7.601354E-02 9.394203E-01 2.902370E-02 2.191771E-03 4.555606E+00 8.213042E+00 
1.626495E-01 4.389907E-03 3.418200E-01 1.743730E-01 -1.351342E+00 5.810334E-01 -1.198101E-01 9.500116E-01 2.542230E-02 1.083078E-03 4.243740E+00 8.912275E+00 
1.674086E-01 5.075748E-03 3.362209E-01 1.770405E-01 -1.524533E+00 5.836326E-01 -1.184166E-01 9.668789E-01 2.355865E-02 1.128014E-03 4.633943E+00 7.834018E+00 
1.509110E-01 4.313098E-03 3.324187E-01 1.766091E-01 -1.291009E+00 5.934777E-01 -1.084067E-01 9.286115E-01 2.961508E-02 9.945689E-04 4.175243E+00 8.781694E+00 
1.583293E-01 5.871072E-03 3.405720E-01 1.799298E-01 -1.410808E+00 5.628949E-01 -1.092329E-01 9.096055E-01 2.975957E-02 5.321688E-04 4.296511E+00 9.011090E+00 
1.651646E-01 6.365545E-03 3.512027E-01 1.757896E-01 -1.416601E+00 5.713814E-01 -1.138479E-01 9.194619E-01 2.666286E-02 1.966121E-03 4.175582E+00 1.056352E+01 
1.665060E-01 7.151842E-03 3.512554E-01 1.813693E-01 -1.394800E+00 5.892084E-01 -1.392238E-01 9.411301E-01 2.912298E-02 2.881976E-03 4.552928E+00 8.651421E+00 
1.564297E-01 9.686449E-03 3.386964E-01 1.808711E-01 -1.557137E+00 5.935711E-01 -9.913645E-02 9.405921E-01 2.874897E-02 1.390091E-03 4.975240E+00 9.513088E+00 
1.622493E-01 1.950820E-03 3.392835E-01 1.720720E-01 -1.376133E+00 5.728882E-01 -1.067456E-01 1.009389E+00 2.528134E-02 1.821426E-03 3.705410E+00 8.996835E+00 
1.651549E-01 4.623869E-03 3.503843E-01 1.761769E-01 -1.218932E+00 5.881232E-01 -1.003666E-01 1.053374E+00 2.914192E-02 8.625170E-04 4.200414E+00 9.139978E+00 
1.695754E-01 6.047058E-03 3.399317E-01 1.745295E-01 -1.317054E+00 5.948097E-01 -1.476477E-01 9.370843E-01 2.969328E-02 7.474949E-04 4.002828E+00 9.210874E+00 
1.795346E-01 1.839076E-03 3.383088E-01 1.802245E-01 -1.347936E+00 5.751678E-01 -1.127446E-01 9.011637E-01 2.764477E-02 1.541940E-03 4.196555E+00 8.301885E+00 
1.666919E-01 4.960935E-03 3.502473E-01 1.790024E-01 -1.478376E+00 5.664183E-01 -9.576827E-02 9.334607E-01 2.501894E-02 1.519296E-03 3.927157E+00 9.097475E+00 
1.651061E-01 3.798002E-03 3.522517E-01 1.712117E-01 -1.398805E+00 5.928643E-01 -1.334576E-01 9.308365E-01 2.872510E-02 1.218821E-03 4.356636E+00 9.577423E+00 
8.806088E-02 9.839521E-03 3.422587E-01 1.747840E-01 -1.408500E+00 4.348188E-01 -1.299018E-01 8.580940E-01 2.990638E-02 2.431991E-03 4.187272E+00 9.009956E+00 
1.812512E-01 4.515297E-03 3.409630E-01 1.857448E-01 -1.443972E+00 5.785170E-01 -1.000526E-01 9.672451E-01 2.787049E-02 2.308693E-03 4.071152E+00 9.057362E+00 
1.539190E-01 7.127912E-03 3.266234E-01 1.779032E-01 -1.414382E+00 5.771077E-01 -1.068079E-01 9.336495E-01 2.829279E-02 2.260368E-03 4.490861E+00 9.236784E+00 
1.644399E-01 1.003308E-02 3.375994E-01 1.871665E-01 -1.433901E+00 5.546610E-01 -1.352248E-01 1.022035E+00 2.894686E-02 2.426519E-03 3.954327E+00 8.731427E+00 
1.649491E-01 8.846715E-03 3.248068E-01 1.755536E-01 -1.375203E+00 5.836768E-01 -1.513467E-01 9.661019E-01 2.595597E-02 1.835149E-03 4.015606E+00 9.357248E+00 
1.716533E-01 8.688785E-03 3.512914E-01 1.807701E-01 -1.480735E+00 5.602121E-01 -7.870226E-02 9.355824E-01 2.922747E-02 5.150686E-04 4.259619E+00 7.734450E+00 
1.612687E-01 4.614765E-03 3.540367E-01 1.733170E-01 -1.414845E+00 5.714183E-01 -8.735409E-02 1.037079E+00 2.831046E-02 5.435826E-04 4.108105E+00 8.945496E+00 
1.770872E-01 5.262723E-03 3.483806E-01 1.752367E-01 -1.486226E+00 5.784099E-01 -1.086025E-01 9.550148E-01 2.920231E-02 7.942296E-04 4.240368E+00 9.243761E+00 
1.641845E-01 3.971416E-03 3.474057E-01 1.750526E-01 -1.356308E+00 5.849652E-01 -1.543915E-01 9.923319E-01 2.844488E-02 9.488426E-04 4.260090E+00 9.347950E+00 
1.689756E-01 1.304127E-02 3.202867E-01 1.861969E-01 -1.338615E+00 5.846996E-01 -1.713044E-01 9.375574E-01 2.835790E-02 1.905421E-04 4.860447E+00 9.033861E+00 
1.514635E-01 9.337911E-03 3.371566E-01 1.719794E-01 -1.384453E+00 5.895871E-01 -8.654607E-02 9.866687E-01 2.970282E-02 5.704586E-04 4.341007E+00 8.754434E+00 
1.632979E-01 6.513047E-03 3.314245E-01 1.762127E-01 -1.531530E+00 5.772479E-01 -1.068439E-01 9.228424E-01 2.862729E-02 9.335262E-04 4.180937E+00 9.563353E+00 
1.829257E-01 3.822769E-03 3.643223E-01 1.675313E-01 -1.442610E+00 5.836432E-01 -2.000000E-01 9.601490E-01 2.550781E-02 8.576398E-04 3.441447E+00 9.582334E+00 
1.802393E-01 5.620696E-03 3.244781E-01 1.772568E-01 -1.309373E+00 5.839429E-01 -1.249447E-01 9.239868E-01 2.536210E-02 1.021042E-03 4.214948E+00 9.044714E+00 
1.821909E-01 8.487989E-03 3.615172E-01 1.809484E-01 -1.369416E+00 5.890533E-01 -1.642110E-01 1.038971E+00 2.806643E-02 5.971924E-04 4.641263E+00 8.951554E+00 
1.701840E-01 6.242802E-03 3.524097E-01 1.785014E-01 -1.482431E+00 5.756823E-01 -1.047803E-01 9.320560E-01 3.034601E-02 1.339667E-03 4.651259E+00 9.548588E+00 
1.715729E-01 9.101246E-03 3.392199E-01 1.732633E-01 -1.461458E+00 4.151885E-01 -2.000000E-01 1.015949E+00 2.970154E-02 0.000000E+00 4.223134E+00 8.552487E+00 
1.690693E-01 4.702889E-03 3.441123E-01 1.772765E-01 -1.468250E+00 5.575275E-01 -1.084901E-01 8.745940E-01 2.934974E-02 9.518692E-04 3.723870E+00 8.955030E+00 
1.614633E-01 6.716370E-03 3.513180E-01 1.749568E-01 -1.396955E+00 6.000000E-01 -1.421004E-01 9.211688E-01 2.763402E-02 3.220992E-03 4.259453E+00 9.723954E+00 
1.751281E-01 4.426479E-03 3.517255E-01 1.812290E-01 -1.453116E+00 5.817214E-01 -1.063418E-01 8.501319E-01 2.966085E-02 7.446105E-04 4.242117E+00 9.493410E+00 
1.509216E-01 7.294865E-03 3.720754E-01 1.684467E-01 -1.367072E+00 5.504280E-01 -8.916011E-02 9.299566E-01 2.793813E-02 1.956713E-03 4.596688E+00 9.275195E+00 
1.677129E-01 5.561156E-03 3.248480E-01 1.773591E-01 -1.474071E+00 5.857614E-01 -1.185098E-01 9.356376E-01 2.790292E-02 1.942926E-03 4.569142E+00 9.429807E+00 
1.802011E-01 4.309197E-03 3.663731E-01 1.783986E-01 -1.514053E+00 5.893174E-01 -1.177377E-01 9.149223E-01 2.826562E-02 4.632986E-04 4.378940E+00 9.194292E+00 
1.698439E-01 9.541398E-03 3.387371E-01 1.807921E-01 -1.363677E+00 5.980041E-01 -1.195420E-01 8.989766E-01 2.813183E-02 6.598120E-03 4.135924E+00 8.378218E+00 
1.862172E-01 6.844464E-03 3.548419E-01 1.841403E-01 -1.552119E+00 5.870490E-01 -1.147690E-02 9.536168E-01 2.750071E-02 0.000000E+00 4.308966E+00 9.770216E+00 
1.662151E-01 2.574681E-02 3.119641E-01 1.729956E-01 -1.305609E+00 5.885913E-01 -4.906704E-02 9.963947E-01 2.747178E-02 4.612922E-03 3.401559E+00 9.281370E+00 
1.682204E-01 8.087226E-03 3.326117E-01 1.782930E-01 -1.467010E+00 5.806877E-01 -1.283500E-01 9.881952E-01 2.718314E-02 1.491809E-03 4.285652E+00 8.696189E+00 
1.659333E-01 4.766838E-03 3.439642E-01 1.783884E-01 -1.436285E+00 5.740415E-01 -5.006493E-02 9.697555E-01 2.797991E-02 1.397465E-03 3.697359E+00 8.928683E+00 
1.683397E-01 7.138020E-03 3.350870E-01 1.768840E-01 -1.542493E+00 5.784886E-01 -8.522275E-02 9.387175E-01 2.715965E-02 1.221826E-03 4.348208E+00 7.864017E+00 
1.668457E-01 7.418029E-03 3.434788E-01 1.838197E-01 -1.352703E+00 5.768838E-01 -8.206009E-02 9.371053E-01 2.861917E-02 1.759208E-03 3.691449E+00 9.591754E+00 
1.798289E-01 5.957159E-03 3.454890E-01 1.835574E-01 -1.320108E+00 5.830399E-01 -1.459916E-01 9.636919E-01 2.734568E-02 1.767446E-03 4.377508E+00 9.487852E+00 
1.657998E-01 8.432621E-03 3.422039E-01 1.673786E-01 -1.396753E+00 5.503399E-01 -1.388564E-01 1.072729E+00 2.655093E-02 2.228992E-03 4.640767E+00 1.002321E+01 
1.635589E-01 4.077247E-03 3.485050E-01 1.786774E-01 -1.297356E+00 5.820838E-01 -1.489456E-01 9.451922E-01 2.636490E-02 1.539250E-03 3.683878E+00 8.625454E+00 
1.607666E-01 4.826977E-03 3.507462E-01 1.763332E-01 -1.343088E+00 5.827382E-01 -1.181473E-01 9.230161E-01 2.834380E-02 1.623756E-03 4.253028E+00 9.561677E+00 
1.734510E-01 4.162213E-03 3.376933E-01 1.734290E-01 -1.553695E+00 5.766164E-01 -1.053605E-01 9.830086E-01 3.215226E-02 8.152015E-04 4.449601E+00 9.078579E+00 
1.919725E-01 8.049293E-03 3.454254E-01 1.924684E-01 -1.431550E+00 5.689914E-01 -1.134740E-01 9.860403E-01 2.851708E-02 8.877239E-04 4.384547E+00 9.303466E+00 
1.645793E-01 4.880085E-03 3.449383E-01 1.758838E-01 -1.411712E+00 5.787362E-01 -1.578325E-01 8.806859E-01 2.737231E-02 3.910722E-04 4.648691E+00 1.005138E+01 
1.599179E-01 2.622549E-03 3.404203E-01 1.800218E-01 -1.473999E+00 5.566035E-01 -1.147338E-01 9.329440E-01 2.519264E-02 1.687418E-03 4.428987E+00 1.001188E+01 
1.623189E-01 7.926846E-03 3.412616E-01 1.776559E-01 -1.577554E+00 5.789701E-01 -1.359529E-01 9.269069E-01 2.692782E-02 9.641875E-04 4.106733E+00 8.488012E+00 
1.808283E-01 7.238001E-03 3.459987E-01 1.781842E-01 -1.474578E+00 5.897879E-01 -9.576502E-02 8.799025E-01 2.865075E-02 9.469729E-04 4.388674E+00 8.750886E+00 
