1.713676E-01 5.340493E-03 3.339690E-01 1.795367E-01 -1.452692E+00 5.879847E-01 -1.315389E-01 9.687598E-01 2.800595E-02 8.120959E-04 3.993440E+00 9.200511E+00 
1.486920E-01 5.231446E-03 3.577596E-01 1.782848E-01 -1.584764E+00 5.813296E-01 -1.036391E-01 8.704653E-01 2.498892E-02 7.583690E-04 4.125051E+00 9.762231E+00 
1.701261E-01 4.121485E-03 3.343694E-01 1.802054E-01 -1.576324E+00 5.748455E-01 -1.084823E-01 9.500064E-01 3.085003E-02 1.374400E-03 4.173260E+00 8.887057E+00 
1.670072E-01 6.286279E-03 3.573073E-01 1.811764E-01 -1.455906E+00 5.814589E-01 -1.444355E-01 9.066772E-01 2.866043E-02 1.060817E-03 3.945510E+00 8.873768E+00 
1.748638E-01 7.661408E-03 3.436026E-01 1.852965E-01 -1.385751E+00 5.914080E-01 -1.524201E-01 9.527213E-01 3.133589E-02 1.653912E-03 4.134039E+00 9.433702E+00 
1.736611E-01 7.414379E-03 3.466100E-01 1.823407E-01 -1.441538E+00 5.842937E-01 -1.219706E-01 9.372499E-01 2.818012E-02 1.969277E-04 4.073739E+00 8.822198E+00 
1.496387E-01 1.003378E-02 3.321274E-01 1.773630E-01 -1.408507E+00 5.942336E-01 -9.281651E-02 9.139712E-01 2.973445E-02 3.289017E-03 3.666778E+00 8.024645E+00 
1.754093E-01 6.474157E-03 3.404851E-01 1.798098E-01 -1.425281E+00 5.895033E-01 -1.627098E-01 9.253566E-01 2.622370E-02 1.051883E-03 4.267733E+00 8.630791E+00 
1.715768E-01 4.941384E-03 3.268214E-01 1.765443E-01 -1.322559E+00 5.816543E-01 -1.061240E-01 9.603853E-01 2.784540E-02 1.303188E-03 4.054284E+00 8.543095E+00 
1.632198E-01 7.824681E-03 3.336873E-01 1.763650E-01 -1.377954E+00 5.792071E-01 -1.003819E-01 9.168448E-01 2.894894E-02 6.635085E-04 4.335380E+00 9.247655E+00 
1.821807E-01 5.275892E-03 3.235724E-01 1.757327E-01 -1.361209E+00 5.882142E-01 -1.410139E-01 9.562168E-01 2.823231E-02 2.067716E-03 4.168353E+00 8.843632E+00 
1.839362E-01 7.353066E-03 3.417599E-01 1.779854E-01 -1.391875E+00 5.892221E-01 -1.445734E-01 9.842596E-01 2.977900E-02 1.424652E-03 4.778288E+00 8.204383E+00 
1.811652E-01 3.514734E-03 3.494749E-01 1.722601E-01 -1.345738E+00 5.886160E-01 -1.448999E-01 9.909928E-01 2.862420E-02 1.052680E-03 4.552995E+00 8.609581E+00 
1.629800E-01 4.597807E-03 3.389392E-01 1.695428E-01 -1.402309E+00 5.901337E-01 -1.397174E-01 1.003569E+00 2.941832E-02 1.175019E-03 4.341475E+00 8.829348E+00 
1.557123E-01 3.885678E-03 3.481879E-01 1.731702E-01 -1.368141E+00 5.763818E-01 -1.373796E-01 9.809038E-01 2.727228E-02 1.488283E-03 4.345299E+00 9.732179E+00 
9.139523E-02 2.915246E-02 3.304791E-01 1.553612E-01 -1.298906E+00 5.539038E-01 -1.234544E-01 9.417079E-01 2.972624E-02 4.168052E-03 4.079484E+00 9.151675E+00 
1.662524E-01 5.918433E-03 2.988111E-01 1.841277E-01 -1.425630E+00 5.932316E-01 -1.298253E-01 9.332443E-01 2.823883E-02 7.286058E-04 4.398107E+00 9.753105E+00 
1.506539E-01 5.258794E-03 3.800410E-01 1.780497E-01 -1.442144E+00 5.524296E-01 -1.409505E-01 1.099942E+00 2.755183E-02 3.972329E-04 3.971814E+00 7.768883E+00 
1.772702E-01 6.162854E-03 3.338202E-01 1.792340E-01 -1.379518E+00 5.681805E-01 -1.455027E-01 9.668308E-01 2.804323E-02 2.345456E-03 4.317350E+00 9.719595E+00 
1.679511E-01 3.877214E-03 3.418287E-01 1.823200E-01 -1.521712E+00 5.835935E-01 -1.198133E-01 1.005523E+00 2.812573E-02 1.882296E-03 4.242468E+00 7.380664E+00 
1.637731E-01 6.507083E-03 3.106831E-01 1.782401E-01 -1.371968E+00 6.000000E-01 -1.172085E-01 9.025012E-01 2.673135E-02 1.023473E-04 4.248534E+00 9.029366E+00 
1.724431E-01 4.594474E-03 3.519282E-01 1.704093E-01 -1.348482E+00 5.857600E-01 -1.331389E-01 9.592210E-01 2.900945E-02 5.539852E-04 4.532718E+00 8.957443E+00 
1.674606E-01 5.295676E-03 3.411026E-01 1.801626E-01 -1.366236E+00 5.792024E-01 -1.331829E-01 8.976562E-01 2.863844E-02 8.920547E-04 4.354373E+00 8.886272E+00 
1.583149E-01 4.915959E-03 3.442545E-01 1.824422E-01 -1.387671E+00 5.977843E-01 -1.314802E-01 9.776022E-01 2.739994E-02 7.186298E-04 4.236170E+00 8.740335E+00 
1.899092E-01 5.647848E-03 3.416854E-01 1.755863E-01 -1.373258E+00 5.857427E-01 -1.505118E-01 9.520439E-01 2.951525E-02 1.263733E-03 4.153942E+00 8.727200E+00 
1.632659E-01 6.024497E-03 3.397112E-01 1.797476E-01 -1.441928E+00 5.917353E-01 -1.756638E-01 9.097426E-01 2.643491E-02 1.241579E-03 3.524262E+00 8.975581E+00 
1.682597E-01 4.737849E-03 3.411045E-01 1.771479E-01 -1.341971E+00 5.752288E-01 -1.245045E-01 9.546243E-01 2.888320E-02 1.139664E-03 4.333383E+00 9.289979E+00 
1.799738E-01 5.506009E-03 3.495777E-01 1.783550E-01 -1.384713E+00 5.787368E-01 -1.849654E-01 9.669785E-01 2.839672E-02 2.573934E-04 4.242969E+00 8.963726E+00 
1.968127E-01 2.259965E-03 3.327039E-01 1.785803E-01 -1.298058E+00 5.880441E-01 -2.000000E-01 9.252272E-01 2.984925E-02 1.397222E-03 3.818050E+00 8.295121E+00 
1.674449E-01 5.382612E-03 3.192874E-01 1.732391E-01 -1.411447E+00 5.847052E-01 -1.414513E-01 1.074706E+00 2.686434E-02 1.546574E-03 4.389562E+00 8.904298E+00 
1.670423E-01 9.646380E-03 3.383122E-01 1.768333E-01 -1.344062E+00 5.852076E-01 -1.623580E-01 9.954457E-01 2.709821E-02 1.631134E-03 4.164591E+00 1.011996E+01 
1.744043E-01 4.839359E-03 3.343495E-01 1.857815E-01 -1.418606E+00 5.904727E-01 -1.155532E-01 9.561951E-01 3.395814E-02 1.742084E-04 4.007837E+00 8.746731E+00 
1.654309E-01 7.983040E-03 3.427301E-01 1.819418E-01 -1.297963E+00 5.773385E-01 -1.255928E-01 9.913249E-01 3.003013E-02 3.644301E-04 4.733049E+00 8.141056E+00 
1.670968E-01 6.101849E-03 3.532365E-01 1.790076E-01 -1.431871E+00 5.902775E-01 -1.436200E-01 9.020182E-01 2.982734E-02 1.636927E-03 4.125215E+00 1.013393E+01 
1.616662E-01 5.271761E-03 3.418189E-01 1.794953E-01 -1.521647E+00 5.926948E-01 -9.313899E-02 9.152422E-01 2.441553E-02 1.441767E-03 4.340909E+00 9.401309E+00 
1.655472E-01 5.693513E-03 3.279371E-01 1.705344E-01 -1.396507E+00 5.976426E-01 -1.746621E-01 9.607899E-01 2.902943E-02 1.620935E-03 4.164774E+00 9.079382E+00 
1.637768E-01 9.210551E-03 3.356965E-01 1.773036E-01 -1.372604E+00 5.781851E-01 -1.494364E-01 9.079130E-01 2.775411E-02 1.547069E-03 4.043053E+00 9.086469E+00 
1.666192E-01 3.864591E-03 3.363190E-01 1.781143E-01 -1.445414E+00 5.764453E-01 -1.137165E-01 9.977087E-01 2.993000E-02 2.039758E-03 4.383762E+00 9.187340E+00 
1.765664E-01 6.385201E-03 3.453392E-01 1.870365E-01 -1.438468E+00 5.595175E-01 -1.073557E-01 9.096205E-01 2.883240E-02 1.284435E-03 3.846361E+00 9.041386E+00 
1.890125E-01 4.222809E-03 3.383870E-01 1.866625E-01 -1.475859E+00 5.983672E-01 -1.445562E-01 9.028785E-01 2.863236E-02 2.970251E-04 4.277302E+00 8.318198E+00 
1.618519E-01 6.753373E-03 3.351540E-01 1.735988E-01 -1.419721E+00 5.749535E-01 -1.205538E-01 9.420108E-01 2.737082E-02 1.817782E-03 4.277482E+00 8.971875E+00 
1.717667E-01 6.462876E-03 3.481248E-01 1.791182E-01 -1.391350E+00 5.822288E-01 -1.319721E-01 1.008826E+00 2.732342E-02 9.514307E-04 4.035969E+00 9.169645E+00 
1.572355E-01 5.142779E-03 3.149204E-01 1.806819E-01 -1.439195E+00 5.790592E-01 -1.043527E-01 1.003961E+00 3.028957E-02 1.502809E-03 4.390083E+00 8.996837E+00 
1.700500E-01 5.472341E-03 3.280443E-01 1.818072E-01 -1.383021E+00 5.704424E-01 -1.507893E-01 9.960010E-01 2.885223E-02 1.058066E-03 4.401566E+00 9.300521E+00 
1.649025E-01 6.005594E-03 3.387488E-01 1.770511E-01 -1.713277E+00 5.770878E-01 -9.156704E-02 9.657113E-01 2.799078E-02 6.289539E-04 4.271708E+00 9.224773E+00 
1.757198E-01 8.313421E-03 3.460866E-01 1.801882E-01 -1.409822E+00 5.935096E-01 -1.726191E-01 9.571784E-01 2.890050E-02 8.751976E-04 3.870247E+00 9.119226E+00 
1.690010E-01 3.497474E-03 3.462321E-01 1.761003E-01 -1.431582E+00 5.900485E-01 -1.259511E-01 9.371747E-01 2.743538E-02 8.780139E-04 4.243621E+00 9.748024E+00 
1.670429E-01 3.027310E-03 3.381618E-01 1.811190E-01 -1.462595E+00 5.837665E-01 -7.661684E-02 1.002660E+00 3.125562E-02 1.972926E-03 4.352809E+00 9.322573E+00 
1.679653E-01 7.187972E-03 3.540821E-01 1.848610E-01 -1.570950E+00 6.000000E-01 -1.189488E-01 9.398414E-01 2.076634E-02 8.263145E-04 4.202239E+00 8.890652E+00 
1.672272E-01 6.199063E-03 3.313579E-01 1.742740E-01 -1.397819E+00 5.717110E-01 -8.852548E-02 8.971010E-01 2.981480E-02 9.367899E-04 3.966861E+00 9.112618E+00 
1.776939E-01 1.000000E-04 3.371095E-01 1.743275E-01 -1.476650E+00 5.855440E-01 -1.389568E-01 1.006545E+00 2.812713E-02 0.000000E+00 4.125864E+00 8.611027E+00 
1.680189E-01 7.358596E-03 3.635681E-01 1.767991E-01 -1.431330E+00 5.976702E-01 -1.317924E-01 8.793791E-01 2.691073E-02 9.243198E-04 4.184628E+00 9.147328E+00 
1.645681E-01 8.394163E-03 3.390945E-01 1.850856E-01 -1.467186E+00 5.589958E-01 -1.114762E-01 9.620763E-01 2.836589E-02 4.908352E-04 4.204841E+00 8.058064E+00 
1.594595E-01 3.438580E-03 3.422049E-01 1.809322E-01 -1.361662E+00 5.803203E-01 -1.188594E-01 9.606577E-01 2.699094E-02 8.517484E-04 4.409842E+00 9.852684E+00 
1.622651E-01 3.987334E-03 3.335016E-01 1.755742E-01 -1.360389E+00 5.878784E-01 -1.471287E-01 9.699584E-01 2.799724E-02 3.493145E-03 4.179539E+00 8.367733E+00 
1.741146E-01 3.415886E-03 3.543191E-01 1.763622E-01 -1.472101E+00 5.904364E-01 -1.831898E-01 8.944715E-01 2.796703E-02 3.427402E-04 4.555309E+00 9.282921E+00 
1.912432E-01 6.726351E-03 3.527916E-01 1.794456E-01 -1.284908E+00 5.852150E-01 -1.174690E-01 9.710622E-01 2.995996E-02 1.451792E-03 4.020654E+00 7.992722E+00 
1.610515E-01 5.623227E-03 3.610960E-01 2.000000E-01 -1.479040E+00 6.000000E-01 -1.182973E-01 9.247028E-01 2.666029E-02 2.839520E-03 5.733612E+00 8.834844E+00 
1.706018E-01 6.783359E-03 3.446600E-01 1.756282E-01 -1.508489E+00 5.805945E-01 -1.302378E-01 9.691254E-01 2.698390E-02 9.691595E-04 4.253238E+00 8.044586E+00 
1.754851E-01 6.508741E-03 3.497288E-01 1.772515E-01 -1.299416E+00 5.946159E-01 -1.404108E-01 1.095282E+00 2.584115E-02 1.249681E-03 4.246820E+00 9.893824E+00 
1.857636E-01 5.617699E-03 3.358403E-01 1.783230E-01 -1.325065E+00 5.863408E-01 -1.276298E-01 9.174555E-01 2.861478E-02 6.149071E-04 4.369522E+00 8.534568E+00 
1.702541E-01 5.182970E-03 3.534955E-01 1.849634E-01 -1.343989E+00 5.935508E-01 -1.225953E-01 9.780825E-01 2.789872E-02 1.422214E-03 4.393772E+00 9.999893E+00 
1.690108E-01 1.145748E-02 3.401559E-01 1.777455E-01 -1.367578E+00 5.903477E-01 -1.425127E-01 8.994854E-01 2.821902E-02 1.309389E-03 4.468926E+00 1.083374E+01 
1.674786E-01 4.914749E-03 3.529968E-01 1.772040E-01 -1.287671E+00 5.878117E-01 -1.354117E-01 9.866011E-01 2.785353E-02 1.476025E-03 4.173119E+00 7.442161E+00 
1.721120E-01 5.257134E-03 3.359633E-01 1.816567E-01 -1.378677E+00 5.879328E-01 -1.394272E-01 9.656350E-01 2.737192E-02 9.976718E-04 4.349520E+00 8.330206E+00 
1.689083E-01 7.366036E-03 3.443207E-01 1.785173E-01 -1.517522E+00 5.893981E-01 -1.305603E-01 9.685576E-01 2.657631E-02 8.977986E-04 3.641698E+00 8.833261E+00 
1.773297E-01 5.592623E-03 3.486970E-01 1.720040E-01 -1.375327E+00 5.844239E-01 -1.055440E-01 9.422502E-01 2.736622E-02 5.045300E-04 4.259788E+00 9.127091E+00 
1.772741E-01 1.041554E-02 3.453655E-01 1.855301E-01 -1.532556E+00 5.878705E-01 -1.555267E-01 9.549536E-01 2.592384E-02 7.080768E-04 4.194222E+00 7.926807E+00 
1.796794E-01 7.805264E-03 3.438257E-01 1.787278E-01 -1.394790E+00 5.824487E-01 -1.720833E-01 9.923164E-01 3.034235E-02 5.152317E-04 4.321434E+00 8.866843E+00 
1.810977E-01 4.392650E-03 3.414739E-01 1.811580E-01 -1.436203E+00 5.775949E-01 -1.007555E-01 9.705052E-01 2.832593E-02 1.382788E-03 4.350227E+00 9.072164E+00 
1.734118E-01 1.296849E-02 3.481797E-01 1.823364E-01 -1.489810E+00 5.778392E-01 -1.435457E-01 9.199881E-01 2.702968E-02 8.061332E-04 4.118294E+00 9.423541E+00 
1.629334E-01 3.983215E-03 3.393023E-01 1.764021E-01 -1.449860E+00 5.834412E-01 -1.332809E-01 1.033015E+00 2.864051E-02 1.346114E-03 4.075033E+00 8.043507E+00 
1.907362E-01 5.530667E-03 3.311862E-01 1.804358E-01 -1.401044E+00 5.929516E-01 -1.833751E-01 9.131090E-01 2.832930E-02 0.000000E+00 4.144393E+00 8.386798E+00 
1.689927E-01 5.831617E-03 3.306417E-01 1.787724E-01 -1.410098E+00 5.776461E-01 -1.233666E-01 9.383907E-01 3.121895E-02 5.751514E-04 3.837320E+00 8.548037E+00 
1.681227E-01 4.578845E-03 3.420061E-01 1.797968E-01 -1.342494E+00 5.855001E-01 -1.748507E-01 9.442029E-01 2.696148E-02 1.039866E-03 3.680026E+00 8.808149E+00 
1.718312E-01 8.382486E-03 3.329360E-01 1.779745E-01 -1.465286E+00 5.902052E-01 -1.669201E-01 9.410197E-01 2.743861E-02 8.627230E-04 4.375990E+00 9.276148E+00 
1.729011E-01 5.091393E-03 3.354631E-01 1.772016E-01 -1.377639E+00 5.905309E-01 -1.243066E-01 9.567789E-01 2.928344E-02 1.044767E-03 4.299867E+00 8.653062E+00 
1.724091E-01 1.073659E-02 3.184194E-01 1.866553E-01 -1.405498E+00 5.980790E-01 -8.646874E-02 9.514095E-01 3.021129E-02 3.970503E-04 4.312667E+00 8.963802E+00 
1.850025E-01 5.754650E-03 3.365311E-01 1.767943E-01 -1.290475E+00 5.983936E-01 -1.672116E-01 8.806767E-01 2.817895E-02 3.006838E-03 3.960584E+00 8.711229E+00 
1.758982E-01 5.508174E-03 3.462407E-01 1.877091E-01 -1.362876E+00 5.961761E-01 -1.396352E-01 9.629458E-01 2.852631E-02 1.500823E-03 4.304844E+00 8.548085E+00 
1.859103E-01 1.048434E-02 3.555521E-01 1.728729E-01 -1.423832E+00 5.933449E-01 -1.675677E-01 9.666755E-01 2.995213E-02 1.266725E-03 4.524743E+00 9.074711E+00 
1.653272E-01 4.463597E-03 3.309964E-01 1.805434E-01 -1.398258E+00 5.794474E-01 -1.000505E-01 1.031284E+00 2.918973E-02 7.738715E-04 4.262548E+00 8.864672E+00 
1.559235E-01 7.043098E-03 3.445970E-01 1.896645E-01 -1.448584E+00 5.961210E-01 -1.122521E-01 9.280862E-01 3.016818E-02 3.980535E-03 4.709222E+00 2.279269E+00 
1.726047E-01 5.864874E-03 3.318083E-01 1.798052E-01 -1.369678E+00 5.817507E-01 -1.387044E-01 8.834716E-01 2.850659E-02 1.452779E-03 4.318224E+00 8.760495E+00 
1.489472E-01 4.263615E-03 3.364930E-01 1.740893E-01 -1.448889E+00 5.921059E-01 -1.367453E-01 8.810406E-01 2.851785E-02 5.382316E-04 4.124222E+00 8.023632E+00 
1.619257E-01 7.508471E-03 3.438769E-01 1.708832E-01 -1.427596E+00 5.777391E-01 -1.549178E-01 8.870230E-01 2.836260E-02 1.094423E-03 3.772833E+00 9.071293E+00 
1.782943E-01 5.144250E-03 3.361800E-01 1.792631E-01 -1.344764E+00 5.886880E-01 -1.308693E-01 9.445098E-01 2.824463E-02 1.121871E-03 4.294936E+00 8.528318E+00 
1.709270E-01 6.792371E-03 3.494814E-01 1.779245E-01 -1.429926E+00 5.929241E-01 -1.614359E-01 8.446340E-01 2.684188E-02 1.282334E-03 4.115362E+00 8.889166E+00 
1.920557E-01 5.403026E-03 3.470336E-01 1.777182E-01 -1.374421E+00 5.895104E-01 -1.828173E-01 9.131378E-01 2.700021E-02 6.801603E-04 4.338271E+00 9.229535E+00 
1.671186E-01 4.408773E-03 3.418212E-01 1.774891E-01 -1.508557E+00 5.838342E-01 -1.397278E-01 9.242749E-01 2.873220E-02 8.337428E-04 4.205047E+00 9.971839E+00 
1.638740E-01 4.937106E-03 3.137746E-01 1.789545E-01 -1.440566E+00 5.781993E-01 -1.299108E-01 9.730444E-01 2.855148E-02 4.896459E-04 4.153334E+00 8.514749E+00 
1.818398E-01 6.005630E-03 3.035652E-01 1.818425E-01 -1.432678E+00 5.856741E-01 -1.316407E-01 9.358640E-01 2.631328E-02 8.258732E-04 4.309931E+00 9.212301E+00 
1.848657E-01 4.582678E-03 3.313954E-01 1.786271E-01 -1.349223E+00 5.865619E-01 -1.551509E-01 9.920311E-01 2.873568E-02 8.194756E-04 4.427303E+00 8.346718E+00 
1.735241E-01 6.493361E-03 3.370127E-01 1.825893E-01 -1.459602E+00 5.817379E-01 -1.148635E-01 9.640560E-01 2.803339E-02 1.155756E-03 4.282566E+00 8.404860E+00 
1.749409E-01 6.127953E-03 3.430769E-01 1.785622E-01 -1.425657E+00 5.969349E-01 -1.193798E-01 9.457911E-01 2.922937E-02 8.028599E-04 4.213635E+00 9.119760E+00 
1.768129E-01 6.231287E-03 3.410445E-01 1.767588E-01 -1.393891E+00 5.887019E-01 -1.715010E-01 9.773051E-01 2.829051E-02 1.400283E-04 4.303096E+00 8.870097E+00 
1.703557E-01 6.287706E-03 3.311705E-01 1.843333E-01 -1.377778E+00 5.834314E-01 -1.462690E-01 9.460046E-01 3.122128E-02 5.311428E-04 4.072007E+00 9.498531E+00 
1.800954E-01 5.949147E-03 3.674684E-01 1.791854E-01 -1.459734E+00 6.000000E-01 -1.851750E-01 9.518865E-01 2.784006E-02 1.056404E-03 4.131637E+00 9.205103E+00 
1.717259E-01 4.860907E-03 3.427965E-01 1.725158E-01 -1.266257E+00 5.865179E-01 -1.666843E-01 9.131823E-01 3.025852E-02 1.174550E-03 4.086303E+00 8.759256E+00 
1.670214E-01 7.602407E-03 3.391573E-01 1.755690E-01 -1.449009E+00 5.795233E-01 -1.459561E-01 9.528906E-01 2.926155E-02 5.670746E-04 4.300057E+00 9.212133E+00 
1.833111E-01 6.555650E-03 3.343612E-01 1.758045E-01 -1.420456E+00 5.860223E-01 -1.957006E-01 9.484212E-01 2.783950E-02 1.080023E-03 4.265476E+00 8.993703E+00 
1.614232E-01 4.081249E-03 3.465495E-01 1.778378E-01 -1.415664E+00 5.803405E-01 -1.097320E-01 9.986067E-01 2.816115E-02 9.699535E-04 4.170105E+00 9.949163E+00 
1.752912E-01 4.877687E-03 3.209672E-01 1.785477E-01 -1.261835E+00 5.745811E-01 -1.441919E-01 1.072116E+00 2.856753E-02 1.399912E-03 3.936533E+00 7.600953E+00 
1.769477E-01 2.583990E-03 3.589147E-01 1.765991E-01 -1.375103E+00 5.883790E-01 -1.073690E-01 9.908593E-01 2.898476E-02 4.147042E-04 4.217616E+00 9.977961E+00 
1.723707E-01 4.770763E-03 3.374704E-01 1.793489E-01 -1.423925E+00 5.847822E-01 -1.620852E-01 9.845249E-01 2.777859E-02 7.800399E-04 4.133751E+00 8.662562E+00 
1.615286E-01 5.688353E-03 3.410992E-01 1.813188E-01 -1.426927E+00 5.812168E-01 -1.288115E-01 9.764395E-01 2.995282E-02 1.593986E-03 4.243645E+00 8.410902E+00 
1.505776E-01 1.127453E-02 3.472919E-01 1.788194E-01 -1.421843E+00 5.956358E-01 -9.082750E-02 8.890728E-01 2.650701E-02 1.025233E-03 4.381073E+00 9.235518E+00 
1.667505E-01 4.830627E-02 3.511476E-01 1.787849E-01 -1.362379E+00 5.655302E-01 -1.591600E-01 9.286199E-01 2.704738E-02 8.490634E-04 4.107797E+00 9.539040E+00 
1.678869E-01 3.954913E-03 3.223928E-01 1.747326E-01 -1.426382E+00 5.942108E-01 -1.158876E-01 9.365029E-01 2.803916E-02 1.246788E-03 4.527067E+00 7.665806E+00 
1.857778E-01 4.949481E-02 3.352673E-01 1.728008E-01 -1.423569E+00 6.000000E-01 -1.217314E-01 9.224675E-01 2.814541E-02 0.000000E+00 4.917863E+00 8.812283E+00 
1.749555E-01 1.061949E-02 3.521340E-01 1.817056E-01 -1.368806E+00 5.936423E-01 -1.310074E-01 8.962018E-01 2.944158E-02 8.981215E-04 4.635437E+00 9.750540E+00 
1.653048E-01 5.365226E-03 3.437452E-01 1.800157E-01 -1.513989E+00 5.843987E-01 -1.088991E-01 9.206184E-01 2.850051E-02 1.372455E-03 4.091495E+00 9.663765E+00 
1.241997E-01 4.437911E-02 3.806792E-01 1.579082E-01 -1.249448E+00 4.932041E-01 -9.075486E-02 7.353296E-01 2.661271E-02 2.952507E-03 3.763230E+00 1.178121E+01 
1.740615E-01 6.523667E-03 3.540270E-01 1.698006E-01 -1.390586E+00 5.923757E-01 -1.246412E-01 9.239657E-01 2.826321E-02 1.387327E-03 4.110189E+00 9.445305E+00 
1.730684E-01 9.497640E-03 3.388921E-01 1.790128E-01 -1.401970E+00 5.878641E-01 -1.505018E-01 9.625870E-01 3.081178E-02 3.723469E-04 3.536357E+00 8.537306E+00 
1.772432E-01 4.508528E-03 3.389604E-01 1.734050E-01 -1.344258E+00 5.832638E-01 -1.537915E-01 9.346999E-01 2.797670E-02 2.698589E-03 3.953362E+00 8.471775E+00 
1.650556E-01 4.860572E-03 3.485447E-01 1.759180E-01 -1.436033E+00 5.895271E-01 -1.485581E-01 8.897759E-01 2.908790E-02 1.613857E-03 3.702140E+00 9.346119E+00 
1.900564E-01 3.401935E-03 3.416908E-01 1.756194E-01 -1.418525E+00 5.814581E-01 -1.911009E-01 1.008106E+00 2.766032E-02 5.778839E-04 4.673258E+00 8.048005E+00 
1.671816E-01 5.606064E-03 3.408253E-01 1.768859E-01 -1.419247E+00 5.749769E-01 -1.504075E-01 9.925943E-01 2.941898E-02 5.403825E-04 4.531419E+00 9.491080E+00 
1.645875E-01 6.799857E-03 3.395651E-01 1.796089E-01 -1.577307E+00 5.733897E-01 -1.123278E-01 9.361891E-01 3.177381E-02 9.074047E-04 3.959408E+00 8.973669E+00 
1.716791E-01 6.357684E-03 3.387106E-01 1.826591E-01 -1.474757E+00 5.948256E-01 -1.711616E-01 9.613622E-01 2.947431E-02 1.236432E-03 4.059315E+00 8.219362E+00 
1.663165E-01 5.249962E-03 3.430106E-01 1.779625E-01 -1.449078E+00 5.863004E-01 -1.196513E-01 1.009367E+00 2.704300E-02 2.437361E-03 4.192669E+00 9.160335E+00 
1.462118E-01 4.087400E-03 3.409696E-01 1.796245E-01 -1.504547E+00 5.887857E-01 -1.489350E-01 9.154087E-01 2.743845E-02 1.301180E-03 4.277367E+00 9.510781E+00 
1.646690E-01 6.126779E-03 3.432005E-01 1.825783E-01 -1.471750E+00 5.810267E-01 -1.928053E-01 9.535225E-01 2.516689E-02 1.582845E-03 4.429360E+00 8.784263E+00 
1.820858E-01 3.015229E-03 3.493018E-01 1.784000E-01 -1.291780E+00 5.819706E-01 -1.373146E-01 9.251577E-01 2.873426E-02 5.899187E-04 4.350895E+00 1.008086E+01 
1.551527E-01 1.687168E-02 3.223996E-01 1.506845E-01 -1.185875E+00 5.887100E-01 -8.196844E-02 9.028609E-01 2.777898E-02 3.989055E-03 2.227364E+00 1.115528E+01 
1.697251E-01 4.882089E-03 3.408785E-01 1.807647E-01 -1.432707E+00 5.796355E-01 -1.372657E-01 9.039608E-01 2.928681E-02 7.363041E-04 3.860962E+00 8.484058E+00 
1.747027E-01 3.815272E-03 3.331603E-01 1.828346E-01 -1.445134E+00 5.868050E-01 -1.056061E-01 9.552928E-01 2.908711E-02 1.121518E-03 4.531087E+00 8.929205E+00 
1.727560E-01 6.685941E-03 3.329999E-01 1.797328E-01 -1.400795E+00 5.810773E-01 -1.448001E-01 9.458904E-01 2.960369E-02 7.682450E-04 4.335470E+00 9.972534E+00 
1.642698E-01 4.286395E-03 3.308867E-01 1.782393E-01 -1.404319E+00 5.715307E-01 -1.356462E-01 9.269276E-01 3.021580E-02 0.000000E+00 4.058533E+00 9.017962E+00 
1.789574E-01 3.556328E-03 3.426658E-01 1.777659E-01 -1.404372E+00 5.908875E-01 -1.606385E-01 9.669602E-01 2.693981E-02 1.782182E-03 4.192523E+00 9.361393E+00 
1.887955E-01 9.912987E-03 3.423322E-01 1.819056E-01 -1.419524E+00 5.917955E-01 -1.394169E-01 1.006701E+00 2.851634E-02 7.272607E-04 4.306781E+00 9.262653E+00 
1.775449E-01 7.118285E-03 3.443151E-01 1.820739E-01 -1.327194E+00 5.811996E-01 -5.994248E-02 9.132019E-01 2.764367E-02 5.155445E-04 4.218136E+00 8.305865E+00 
1.679161E-01 6.586390E-03 3.443937E-01 1.812493E-01 -1.373602E+00 5.833272E-01 -1.234836E-01 9.132656E-01 3.009614E-02 1.007430E-03 4.060033E+00 9.213882E+00 
1.743671E-01 4.979752E-03 3.595486E-01 1.745884E-01 -1.475063E+00 5.824458E-01 -1.610295E-01 9.380169E-01 2.467016E-02 1.290756E-03 4.357949E+00 9.085640E+00 
1.769611E-01 6.158131E-03 3.099877E-01 1.790759E-01 -1.263580E+00 5.840899E-01 -1.338568E-01 8.928032E-01 2.755564E-02 1.439098E-03 4.222217E+00 9.414893E+00 
1.836986E-01 6.905425E-03 3.507692E-01 1.794746E-01 -1.425378E+00 5.894303E-01 -1.373096E-01 9.984128E-01 2.758180E-02 8.107562E-04 4.176093E+00 9.138474E+00 
1.941866E-01 9.380553E-03 3.320340E-01 1.735478E-01 -1.570205E+00 5.739596E-01 -1.598337E-01 9.327585E-01 2.547991E-02 1.268107E-03 4.019072E+00 8.485579E+00 
1.669915E-01 8.735566E-03 3.431155E-01 1.777864E-01 -1.488073E+00 5.745099E-01 -1.578277E-01 8.792862E-01 2.629932E-02 1.430529E-03 3.966781E+00 9.094595E+00 
1.723541E-01 4.744267E-03 3.438800E-01 1.780663E-01 -1.431703E+00 5.903859E-01 -1.699378E-01 8.876498E-01 2.900764E-02 6.320767E-04 4.076802E+00 9.398413E+00 
1.786055E-01 6.292223E-03 3.415209E-01 1.807772E-01 -1.473235E+00 5.855856E-01 -1.790147E-01 9.701250E-01 2.844324E-02 1.382572E-03 4.251021E+00 8.717193E+00 
1.639536E-01 8.138204E-03 3.384480E-01 1.783840E-01 -1.366878E+00 5.721132E-01 -1.464984E-01 1.032250E+00 2.841092E-02 1.950331E-03 4.396451E+00 9.213137E+00 
1.737469E-01 6.196554E-03 3.401120E-01 1.832035E-01 -1.429041E+00 5.771689E-01 -1.346370E-01 8.934758E-01 2.814065E-02 7.209980E-04 4.369944E+00 8.274360E+00 
1.729184E-01 8.023424E-03 3.227467E-01 1.743696E-01 -1.501296E+00 5.940984E-01 -1.763619E-01 9.648205E-01 2.832883E-02 8.124530E-04 4.149470E+00 9.477734E+00 
1.701346E-01 6.557665E-03 3.568752E-01 1.723153E-01 -1.439531E+00 5.955511E-01 -1.470010E-01 9.508076E-01 2.813475E-02 1.660040E-03 4.304666E+00 8.530443E+00 
1.592967E-01 3.494907E-03 3.269216E-01 1.778177E-01 -1.435407E+00 5.725711E-01 -1.068737E-01 1.012862E+00 2.777829E-02 8.292357E-04 3.824637E+00 8.034928E+00 
1.713599E-01 3.785926E-03 3.478436E-01 1.799000E-01 -1.342347E+00 5.879141E-01 -1.796539E-01 9.346242E-01 2.699190E-02 9.842600E-04 3.631195E+00 9.262616E+00 
1.738940E-01 6.704793E-03 3.491595E-01 1.761947E-01 -1.476676E+00 5.807734E-01 -1.581999E-01 9.535091E-01 2.609312E-02 9.164361E-04 4.186952E+00 8.972722E+00 
1.677280E-01 4.672031E-03 3.618674E-01 1.751190E-01 -1.280720E+00 5.835160E-01 -1.705149E-01 8.344756E-01 2.958936E-02 1.476123E-03 4.444332E+00 9.810126E+00 
1.646903E-01 5.712783E-03 3.386627E-01 1.828303E-01 -1.471829E+00 5.817404E-01 -1.123209E-01 9.266207E-01 2.885116E-02 6.626719E-05 4.487845E+00 9.215933E+00 
1.793237E-01 5.277127E-03 3.342078E-01 1.791643E-01 -1.478446E+00 5.833181E-01 -1.559106E-01 9.441801E-01 2.871422E-02 1.038547E-03 4.461040E+00 8.116795E+00 
1.704732E-01 4.880072E-03 3.491636E-01 1.716084E-01 -1.365370E+00 5.882498E-01 -1.336711E-01 9.221020E-01 3.095923E-02 2.094119E-03 4.449714E+00 9.830976E+00 
1.639808E-01 5.210517E-03 3.677871E-01 1.757090E-01 -1.237852E+00 5.733026E-01 -1.215999E-01 9.220298E-01 2.748579E-02 1.505969E-03 4.691226E+00 1.000222E+01 
1.710018E-01 3.608846E-03 3.436296E-01 1.819985E-01 -1.454361E+00 5.783273E-01 -1.458681E-01 9.551116E-01 2.641401E-02 8.980088E-04 4.353772E+00 9.535472E+00 
1.676928E-01 5.012829E-03 3.360252E-01 1.795417E-01 -1.377072E+00 5.728976E-01 -1.117713E-01 9.800912E-01 2.830422E-02 1.650253E-03 4.130911E+00 8.974756E+00 
1.727696E-01 4.829203E-03 3.479276E-01 1.803220E-01 -1.358656E+00 5.827261E-01 -1.703352E-01 9.362314E-01 2.755568E-02 1.510766E-03 4.694069E+00 9.240447E+00 
1.782423E-01 5.690584E-03 3.432901E-01 1.805822E-01 -1.452791E+00 5.889012E-01 -1.405256E-01 9.452855E-01 2.915603E-02 4.636481E-04 4.131678E+00 8.356946E+00 
1.618657E-01 6.005829E-03 3.157243E-01 1.807973E-01 -1.278327E+00 5.869254E-01 -7.736515E-02 1.022238E+00 2.580825E-02 1.055954E-03 4.662747E+00 9.022974E+00 
1.720407E-01 1.088655E-02 3.376506E-01 1.776289E-01 -1.568773E+00 5.867450E-01 -1.404651E-01 9.550650E-01 2.671425E-02 6.093954E-03 3.902244E+00 8.295062E+00 
1.679661E-01 6.343329E-03 3.326043E-01 1.797803E-01 -1.575073E+00 5.641315E-01 -1.317984E-01 9.303614E-01 2.682977E-02 4.473386E-04 3.952844E+00 8.532368E+00 
1.741757E-01 7.142850E-03 3.428365E-01 1.760907E-01 -1.437609E+00 5.845492E-01 -1.556589E-01 9.183450E-01 2.558030E-02 2.644358E-04 4.235229E+00 9.791368E+00 
1.672399E-01 4.935880E-03 3.380516E-01 1.747337E-01 -1.400054E+00 5.831040E-01 -1.626739E-01 1.062028E+00 3.007398E-02 8.482337E-04 4.043212E+00 9.015472E+00 
1.678071E-01 6.245764E-03 3.369149E-01 1.762165E-01 -1.259419E+00 5.773229E-01 -1.427607E-01 9.249987E-01 2.819392E-02 1.280429E-03 4.517366E+00 9.156631E+00 
1.488405E-01 7.629527E-03 3.173512E-01 1.721957E-01 -1.339099E+00 5.772528E-01 -1.007095E-01 1.026903E+00 2.957953E-02 9.221048E-04 3.980608E+00 8.307907E+00 
1.664464E-01 6.119083E-03 3.434918E-01 1.795970E-01 -1.346312E+00 5.904042E-01 -1.162135E-01 9.278859E-01 2.846060E-02 1.189058E-03 4.371004E+00 9.126718E+00 
1.539675E-01 3.964945E-03 3.399335E-01 1.781357E-01 -1.516965E+00 5.625384E-01 -1.304418E-01 9.869900E-01 2.755952E-02 1.030534E-03 4.259170E+00 8.510847E+00 
1.701711E-01 4.707954E-03 3.350172E-01 1.770921E-01 -1.347425E+00 5.853798E-01 -1.150049E-01 1.033349E+00 2.844699E-02 6.782722E-04 4.189597E+00 1.001479E+01 
1.780718E-01 8.096069E-03 3.515138E-01 1.848547E-01 -1.386778E+00 5.990872E-01 -1.420027E-01 9.759982E-01 2.450709E-02 8.030016E-04 4.291810E+00 7.123998E+00 
1.840751E-01 4.623165E-03 3.407787E-01 1.773481E-01 -1.421678E+00 5.880366E-01 -1.419362E-01 9.304342E-01 2.798834E-02 1.200398E-03 4.189717E+00 9.427127E+00 
1.686739E-01 6.113814E-03 3.354091E-01 1.789386E-01 -1.481926E+00 5.935511E-01 -1.183507E-01 9.527089E-01 3.024161E-02 1.812592E-03 4.180366E+00 8.822770E+00 
1.604244E-01 6.163321E-03 3.426335E-01 1.747885E-01 -1.483119E+00 5.935427E-01 -1.434767E-01 1.023549E+00 2.456612E-02 1.175770E-03 4.254659E+00 9.108440E+00 
1.766327E-01 6.542731E-03 3.394456E-01 1.801486E-01 -1.400073E+00 5.884022E-01 -1.396208E-01 9.780802E-01 2.856909E-02 8.620093E-04 4.267669E+00 8.820265E+00 
1.263420E-01 1.219095E-02 3.368571E-01 1.744064E-01 -1.226406E+00 5.928537E-01 -1.457649E-01 9.868280E-01 2.599262E-02 2.139596E-03 4.365218E+00 7.688633E+00 
1.646441E-01 5.389562E-03 3.209456E-01 1.749113E-01 -1.390778E+00 5.812656E-01 -1.378401E-01 8.269055E-01 2.422620E-02 9.201955E-04 4.510597E+00 8.799149E+00 
1.648876E-01 8.856041E-03 3.400886E-01 1.730595E-01 -1.365431E+00 5.838608E-01 -1.442871E-01 1.002456E+00 2.935046E-02 1.400010E-03 3.916413E+00 8.220095E+00 
1.636273E-01 5.906942E-03 3.389002E-01 1.769769E-01 -1.410255E+00 5.866527E-01 -1.462491E-01 9.812292E-01 2.743898E-02 5.038973E-04 4.241341E+00 9.395971E+00 
1.786563E-01 5.743697E-03 3.490200E-01 1.813486E-01 -1.347476E+00 5.781492E-01 -1.183847E-01 9.499889E-01 2.673787E-02 4.005076E-05 3.308697E+00 9.156187E+00 
1.317396E-01 1.400588E-02 3.116236E-01 1.796125E-01 -1.282994E+00 5.587967E-01 -6.142202E-02 8.744815E-01 2.744897E-02 1.852161E-03 4.402533E+00 9.291477E+00 
1.807917E-01 5.838364E-03 3.449392E-01 1.754816E-01 -1.440190E+00 5.851630E-01 -9.187028E-02 9.709994E-01 2.780947E-02 1.609348E-03 4.124074E+00 9.291486E+00 
1.694125E-01 5.807848E-03 3.408934E-01 1.778218E-01 -1.520789E+00 5.766070E-01 -1.072793E-01 1.015103E+00 2.888863E-02 9.134569E-04 4.209802E+00 7.849084E+00 
1.563045E-01 8.198007E-03 3.385326E-01 1.720889E-01 -1.378647E+00 5.975910E-01 -1.611344E-01 9.357117E-01 2.886841E-02 1.406466E-03 4.573688E+00 8.067895E+00 
1.755544E-01 5.093460E-03 3.215089E-01 1.824678E-01 -1.293790E+00 5.877973E-01 -1.344688E-01 9.537574E-01 2.830212E-02 9.159240E-04 4.211644E+00 9.338230E+00 
1.710281E-01 7.408955E-03 3.317748E-01 1.768682E-01 -1.439854E+00 5.806226E-01 -9.711531E-02 8.730629E-01 2.985009E-02 9.357081E-04 4.279866E+00 7.876785E+00 
1.781353E-01 1.359403E-02 3.167804E-01 1.732770E-01 -1.340380E+00 5.854798E-01 -1.286249E-01 9.802622E-01 2.874274E-02 1.214586E-03 4.685787E+00 9.563031E+00 
1.557187E-01 3.667942E-03 3.416937E-01 1.763247E-01 -1.328507E+00 5.845019E-01 -9.141507E-02 9.305454E-01 2.773923E-02 1.051442E-03 4.443258E+00 8.981944E+00 
1.660923E-01 5.966288E-03 3.394472E-01 1.801529E-01 -1.559947E+00 5.868862E-01 -1.043800E-01 9.429253E-01 2.851340E-02 7.184578E-04 4.412059E+00 8.943679E+00 
1.505219E-01 4.871144E-03 3.342090E-01 1.736529E-01 -1.408313E+00 5.935207E-01 -1.540365E-01 9.746866E-01 2.708121E-02 1.851053E-03 4.225927E+00 4.879941E+00 
1.805263E-01 5.484476E-03 3.402965E-01 1.817554E-01 -1.595578E+00 5.887559E-01 -1.083713E-01 1.001119E+00 2.722722E-02 1.226613E-03 4.155124E+00 8.399294E+00 
1.631052E-01 5.518909E-03 3.405464E-01 1.775480E-01 -1.385205E+00 5.721330E-01 -8.909845E-02 9.591261E-01 2.795767E-02 1.460148E-03 4.004169E+00 9.281126E+00 
1.800080E-01 5.313095E-03 3.329732E-01 1.746882E-01 -1.429281E+00 5.792224E-01 -1.372637E-01 9.352730E-01 2.755685E-02 2.171479E-03 4.003561E+00 8.540011E+00 
1.598331E-01 3.942891E-03 3.346966E-01 1.778697E-01 -1.403162E+00 5.859992E-01 -1.193851E-01 9.271680E-01 2.768266E-02 1.144570E-03 4.104965E+00 9.455167E+00 
1.630023E-01 5.550941E-03 3.377231E-01 1.769815E-01 -1.427213E+00 5.874744E-01 -1.546134E-01 9.666408E-01 2.963958E-02 8.004737E-04 4.369249E+00 8.353797E+00 
1.787971E-01 3.401013E-03 3.439713E-01 1.742055E-01 -1.280943E+00 5.853893E-01 -1.890436E-01 9.538986E-01 2.844615E-02 2.101228E-03 4.467184E+00 8.707871E+00 
1.717644E-01 6.167960E-03 3.398764E-01 1.751422E-01 -1.465401E+00 5.632507E-01 -9.631798E-02 9.439692E-01 2.793498E-02 1.332533E-03 4.216366E+00 8.429356E+00 
1.555831E-01 8.571094E-03 3.334451E-01 1.811813E-01 -1.398566E+00 5.855852E-01 -1.380711E-01 9.620444E-01 2.609658E-02 4.801254E-04 4.266377E+00 8.569987E+00 
1.788689E-01 7.564008E-03 3.337214E-01 1.768639E-01 -1.389440E+00 4.620381E-01 -1.589137E-01 9.837275E-01 2.753323E-02 1.784852E-03 3.798570E+00 9.667229E+00 
1.660508E-01 6.020952E-03 3.497450E-01 1.801558E-01 -1.472716E+00 5.866632E-01 -1.293936E-01 8.978081E-01 2.781692E-02 1.490730E-03 4.499262E+00 9.537385E+00 
1.697265E-01 4.032057E-03 3.376220E-01 1.789516E-01 -1.459469E+00 5.849858E-01 -1.195248E-01 9.434168E-01 2.737696E-02 1.306975E-03 4.308266E+00 9.124941E+00 
1.856066E-01 5.750082E-03 3.569798E-01 1.796747E-01 -1.421753E+00 5.891709E-01 -1.393633E-01 9.376542E-01 2.746794E-02 9.526928E-04 4.210667E+00 9.034510E+00 
1.566105E-01 1.000000E-04 3.330006E-01 1.750389E-01 -1.410629E+00 5.857076E-01 -1.113383E-01 8.690749E-01 2.708863E-02 1.441790E-03 4.463844E+00 1.068919E+01 
1.711498E-01 6.949458E-03 3.422289E-01 1.790595E-01 -1.351061E+00 5.859541E-01 -1.552013E-01 9.242784E-01 2.697618E-02 1.203440E-03 4.294646E+00 8.301291E+00 
1.788111E-01 6.408728E-03 3.432532E-01 1.753791E-01 -1.367707E+00 5.950841E-01 -1.769894E-01 9.736843E-01 2.752372E-02 8.841249E-04 4.265129E+00 8.546313E+00 
1.699566E-01 4.584985E-03 3.521130E-01 1.763290E-01 -1.399958E+00 5.908839E-01 -9.801739E-02 9.295934E-01 2.902473E-02 1.773043E-03 4.246390E+00 9.510628E+00 
1.998077E-01 1.482197E-02 3.344019E-01 1.774785E-01 -1.482003E+00 5.888535E-01 -1.457245E-01 9.070787E-01 2.820839E-02 1.656516E-03 4.642684E+00 9.177517E+00 
1.694190E-01 5.498290E-03 3.481547E-01 1.822085E-01 -1.489604E+00 5.715715E-01 -9.185504E-02 9.580704E-01 2.951084E-02 1.058900E-03 4.442753E+00 9.685721E+00 
1.426356E-01 8.127264E-03 3.432828E-01 1.776629E-01 -1.394354E+00 6.000000E-01 -1.091650E-01 1.034870E+00 2.869011E-02 1.202611E-03 4.161794E+00 9.774084E+00 
1.817341E-01 3.874385E-03 3.543859E-01 1.767397E-01 -1.410914E+00 5.874232E-01 -1.338063E-01 8.719262E-01 2.911795E-02 4.814066E-04 4.328821E+00 8.666027E+00 
1.747508E-01 7.203089E-03 3.380194E-01 1.800128E-01 -1.374902E+00 5.724763E-01 -1.479800E-01 9.203597E-01 2.844224E-02 1.578722E-03 4.065332E+00 8.582102E+00 
1.194046E-01 8.576699E-03 3.397740E-01 1.715608E-01 -1.348873E+00 5.694812E-01 -1.154275E-01 1.004591E+00 2.782436E-02 2.305762E-03 4.740519E+00 9.586228E+00 
1.804726E-01 5.972022E-03 3.276909E-01 1.783700E-01 -1.447291E+00 5.787399E-01 -1.211918E-01 9.661159E-01 2.935521E-02 2.101100E-03 4.158239E+00 8.498231E+00 
1.640176E-01 5.808219E-03 3.339758E-01 1.670692E-01 -1.497395E+00 5.859868E-01 -1.241866E-01 1.052678E+00 2.895068E-02 5.007572E-03 4.098202E+00 1.011322E+01 
1.737669E-01 6.776494E-03 3.354941E-01 1.889278E-01 -1.267605E+00 5.763020E-01 -1.363905E-01 1.020753E+00 2.919880E-02 4.078193E-04 3.968153E+00 8.932233E+00 
1.676498E-01 1.195374E-02 3.407196E-01 1.824569E-01 -1.481403E+00 5.720154E-01 -1.045431E-01 9.644481E-01 2.697548E-02 1.009758E-03 4.071484E+00 8.140113E+00 
1.632104E-01 3.988913E-03 3.295888E-01 1.780105E-01 -1.395105E+00 5.761450E-01 -1.047676E-01 9.780199E-01 2.815697E-02 4.023854E-04 4.065809E+00 8.071960E+00 
1.597712E-01 3.966387E-03 3.283301E-01 1.755784E-01 -1.289329E+00 5.870777E-01 -1.156467E-01 9.680008E-01 2.729746E-02 1.742067E-03 4.305692E+00 9.041804E+00 
1.717826E-01 4.631155E-03 3.455177E-01 1.737354E-01 -1.377592E+00 5.816190E-01 -1.069044E-01 9.601167E-01 2.809285E-02 1.496551E-03 4.274297E+00 8.473371E+00 
1.737468E-01 5.022155E-03 3.521378E-01 1.771852E-01 -1.408255E+00 5.863684E-01 -1.735332E-01 9.206917E-01 2.828298E-02 6.084567E-04 4.060612E+00 8.656290E+00 
1.668418E-01 7.371409E-03 3.339704E-01 1.703470E-01 -1.255035E+00 5.891422E-01 -1.130185E-01 9.885633E-01 2.828133E-02 4.533422E-04 4.459564E+00 8.684418E+00 
1.693971E-01 4.780189E-03 3.443066E-01 1.786926E-01 -1.386074E+00 5.899794E-01 -9.309737E-02 9.758681E-01 2.936036E-02 5.906667E-04 4.402652E+00 9.093214E+00 
1.740891E-01 4.324913E-03 3.329876E-01 1.857408E-01 -1.440197E+00 5.767334E-01 -1.164008E-01 9.516364E-01 2.855830E-02 6.215623E-04 4.182449E+00 9.427353E+00 
1.729522E-01 6.316143E-03 3.464463E-01 1.732329E-01 -1.450441E+00 5.787128E-01 -9.421406E-02 9.000488E-01 3.038309E-02 3.090014E-03 3.803271E+00 8.513598E+00 
1.805385E-01 4.466138E-03 3.606304E-01 1.723597E-01 -1.453002E+00 5.931625E-01 -1.161179E-01 1.052240E+00 2.884551E-02 1.854939E-03 3.759869E+00 9.010370E+00 
1.758497E-01 4.460274E-02 3.507692E-01 1.756886E-01 -1.283372E+00 2.382358E-01 -3.014048E-02 3.551414E-01 2.862486E-02 3.205780E-03 4.070186E+00 9.922693E+00 
1.671754E-01 6.063840E-03 3.505966E-01 1.762557E-01 -1.374964E+00 5.842088E-01 -1.385557E-01 9.620496E-01 2.706776E-02 1.425551E-03 4.358295E+00 8.020927E+00 
1.651969E-01 5.053133E-03 3.413384E-01 1.855914E-01 -1.390689E+00 5.868177E-01 -1.071644E-01 9.965523E-01 2.977367E-02 1.552850E-03 4.444090E+00 8.830962E+00 
1.633499E-01 4.616688E-03 3.325730E-01 1.757106E-01 -1.480791E+00 5.871395E-01 -1.276912E-01 9.326785E-01 2.963470E-02 1.469542E-03 4.126412E+00 9.478126E+00 
1.650805E-01 6.880304E-03 3.374938E-01 1.838231E-01 -1.446835E+00 5.818107E-01 -9.139795E-02 9.586372E-01 2.936532E-02 6.947673E-04 4.219341E+00 9.080990E+00 
1.822085E-01 6.081873E-03 3.322052E-01 1.843509E-01 -1.393429E+00 5.720890E-01 -1.231344E-01 9.776007E-01 2.689534E-02 9.597481E-04 4.320466E+00 9.172536E+00 
1.748578E-01 4.635192E-03 3.412207E-01 1.771720E-01 -1.387088E+00 5.985094E-01 -1.370003E-01 9.353854E-01 2.908259E-02 2.089123E-03 4.356808E+00 8.568133E+00 
1.499388E-01 6.438403E-03 3.446268E-01 1.753707E-01 -1.347049E+00 5.687514E-01 -6.785407E-02 9.606921E-01 2.905720E-02 1.356889E-03 3.932862E+00 9.274439E+00 
1.753741E-01 4.134760E-03 3.301400E-01 1.719631E-01 -1.353044E+00 5.804564E-01 -1.241593E-01 1.018032E+00 2.785138E-02 1.838939E-03 4.178897E+00 8.790150E+00 
1.555828E-01 4.192704E-03 3.161224E-01 1.831227E-01 -1.573661E+00 5.919813E-01 -1.034868E-01 9.717749E-01 2.710942E-02 2.003157E-04 4.503575E+00 9.022538E+00 
1.542314E-01 6.506299E-03 3.355363E-01 1.770331E-01 -1.383881E+00 5.909508E-01 -1.653442E-01 9.836429E-01 2.867453E-02 8.405910E-04 4.527375E+00 8.536851E+00 
1.641641E-01 8.349341E-03 3.453910E-01 1.890182E-01 -1.381901E+00 5.860203E-01 -1.326841E-01 1.032651E+00 2.782469E-02 6.388372E-04 4.223144E+00 8.598665E+00 
1.786631E-01 5.233409E-03 3.367440E-01 1.786606E-01 -1.300782E+00 5.987550E-01 -1.125974E-01 9.333319E-01 2.640641E-02 2.615804E-03 4.454632E+00 1.141581E+01 
1.645623E-01 7.627579E-03 3.393257E-01 1.831212E-01 -1.420695E+00 5.922119E-01 -1.246706E-01 9.012402E-01 2.803361E-02 1.267743E-03 4.112734E+00 9.437781E+00 
1.650810E-01 8.363053E-03 3.430465E-01 1.782294E-01 -1.358561E+00 5.731068E-01 -1.218303E-01 1.014100E+00 2.588462E-02 1.864903E-03 4.466378E+00 9.040833E+00 
1.478465E-01 5.815140E-03 3.467247E-01 1.784974E-01 -1.367779E+00 5.804431E-01 -1.017311E-01 9.708027E-01 2.950408E-02 1.149585E-03 4.238518E+00 9.511684E+00 
1.677997E-01 4.541596E-03 3.432229E-01 1.759187E-01 -1.422309E+00 5.833966E-01 -1.657226E-01 9.061677E-01 2.648161E-02 7.947734E-04 4.317617E+00 9.242796E+00 
1.686384E-01 6.266122E-03 3.377345E-01 1.825445E-01 -1.476540E+00 5.850558E-01 -1.118984E-01 9.865000E-01 2.595736E-02 1.480741E-03 3.841631E+00 8.979737E+00 
1.434212E-01 3.669321E-03 3.204377E-01 1.771165E-01 -1.492881E+00 5.883934E-01 -1.415732E-01 9.694121E-01 2.802066E-02 2.790259E-03 3.299625E+00 9.533277E+00 
1.550245E-01 7.095657E-03 3.366919E-01 1.810119E-01 -1.362178E+00 5.897475E-01 -1.168306E-01 9.663245E-01 2.773146E-02 1.367858E-03 4.146873E+00 9.922139E+00 
1.750500E-01 6.887094E-03 3.382977E-01 1.795697E-01 -1.446266E+00 5.980638E-01 -1.413154E-01 9.745679E-01 2.911738E-02 1.045609E-03 4.242195E+00 8.923464E+00 
1.700329E-01 8.561378E-03 3.243428E-01 1.773709E-01 -1.565258E+00 5.985704E-01 -1.670182E-01 9.538769E-01 2.880305E-02 5.269907E-04 4.323442E+00 8.949279E+00 
1.704396E-01 6.246296E-03 3.509760E-01 1.803580E-01 -1.446784E+00 5.869004E-01 -1.434498E-01 9.711824E-01 2.751996E-02 1.308447E-03 4.256474E+00 1.008273E+01 
1.752476E-01 4.138407E-03 3.476348E-01 1.717840E-01 -1.352619E+00 5.769530E-01 -1.261317E-01 9.354375E-01 2.807307E-02 1.834518E-03 4.270104E+00 8.045470E+00 
1.713959E-01 4.359104E-03 3.533551E-01 1.807608E-01 -1.439308E+00 5.806658E-01 -1.761694E-01 9.410871E-01 2.871201E-02 2.065942E-03 4.070808E+00 9.090945E+00 
1.798628E-01 6.527802E-03 3.450853E-01 1.867486E-01 -1.390170E+00 5.841197E-01 -1.076019E-01 9.625613E-01 2.857026E-02 1.423084E-03 4.064674E+00 9.892595E+00 
1.666671E-01 4.952287E-03 3.342414E-01 1.791905E-01 -1.442819E+00 5.736133E-01 -1.503355E-01 1.035757E+00 2.987196E-02 5.789905E-04 3.701206E+00 9.837583E+00 
1.711588E-01 6.844278E-03 3.569953E-01 1.841791E-01 -1.507086E+00 5.967367E-01 -1.219317E-01 9.133125E-01 2.856392E-02 3.947147E-04 3.800880E+00 8.731589E+00 
1.470608E-01 6.571024E-03 3.401049E-01 1.734703E-01 -1.478950E+00 5.948653E-01 -1.680164E-01 1.077411E+00 2.610924E-02 1.567062E-03 4.020078E+00 9.879902E+00 
1.573637E-01 1.000000E-04 3.488100E-01 1.710467E-01 -1.410394E+00 4.957675E-01 -6.122455E-02 9.190263E-01 2.830940E-02 1.834709E-03 4.112095E+00 9.125994E+00 
1.612313E-01 3.851543E-03 3.473781E-01 1.735031E-01 -1.312515E+00 5.872524E-01 -1.813792E-01 9.023137E-01 2.922993E-02 2.234857E-03 4.094105E+00 8.939091E+00 
1.686037E-01 5.649125E-03 3.238532E-01 1.754564E-01 -1.436423E+00 5.844304E-01 -1.136006E-01 1.009119E+00 2.720465E-02 0.000000E+00 4.190584E+00 8.980964E+00 
1.822663E-01 5.784941E-03 3.431092E-01 1.806275E-01 -1.597165E+00 5.920885E-01 -1.199946E-01 9.095327E-01 3.012042E-02 1.925802E-03 4.518533E+00 9.066618E+00 
1.829826E-01 5.847286E-03 3.311885E-01 1.798986E-01 -1.511690E+00 5.912814E-01 -1.557176E-01 9.564275E-01 2.809239E-02 1.210188E-03 3.624084E+00 8.181975E+00 
1.594479E-01 5.488513E-03 3.416938E-01 1.782223E-01 -1.420220E+00 5.914178E-01 -1.290467E-01 9.883887E-01 2.888662E-02 1.558887E-03 3.863325E+00 8.084207E+00 
1.688441E-01 5.328910E-03 3.529147E-01 1.865418E-01 -1.459830E+00 5.848640E-01 -1.321222E-01 9.243363E-01 2.935809E-02 4.516214E-04 4.084645E+00 8.707884E+00 
1.701090E-01 4.588182E-03 3.296997E-01 1.801117E-01 -1.442586E+00 5.746810E-01 -1.770604E-01 9.484983E-01 2.802792E-02 1.453286E-03 4.437742E+00 8.335255E+00 
1.845110E-01 7.416316E-03 3.447663E-01 1.803752E-01 -1.399886E+00 6.000000E-01 -9.550172E-02 9.589689E-01 2.824686E-02 1.000251E-03 3.942594E+00 9.356000E+00 
1.571021E-01 6.891824E-03 3.374327E-01 1.739375E-01 -1.452996E+00 5.458844E-01 -9.805227E-02 9.173308E-01 2.915456E-02 2.075214E-03 3.942542E+00 8.502805E+00 
1.227549E-01 4.354556E-02 3.067892E-01 1.680145E-01 -1.360317E+00 4.970171E-01 -8.746781E-02 9.477767E-01 3.326707E-02 8.304344E-03 4.230813E+00 9.072624E+00 
1.733734E-01 5.192411E-03 3.456225E-01 1.754550E-01 -1.380052E+00 5.839813E-01 -1.456088E-01 9.059157E-01 2.823339E-02 1.511938E-03 4.329893E+00 8.759560E+00 
1.746427E-01 6.101131E-03 3.454510E-01 1.794926E-01 -1.328818E+00 5.862146E-01 -1.513027E-01 9.750328E-01 2.786122E-02 1.057833E-03 4.343067E+00 9.581432E+00 
1.756071E-01 4.466357E-03 3.420518E-01 1.807115E-01 -1.130313E+00 5.908306E-01 -1.352361E-01 9.371694E-01 2.834927E-02 4.763870E-04 4.041758E+00 8.314378E+00 
1.778553E-01 6.307140E-03 3.501236E-01 1.863073E-01 -1.355854E+00 5.853197E-01 -5.495989E-02 8.869190E-01 2.675578E-02 9.483582E-04 4.166939E+00 9.817352E+00 
1.691586E-01 2.892754E-03 3.524334E-01 1.694948E-01 -1.538221E+00 6.000000E-01 -1.902189E-01 9.537450E-01 2.571558E-02 1.440815E-03 3.931739E+00 8.383111E+00 
1.682928E-01 4.920595E-03 3.489748E-01 1.777362E-01 -1.537051E+00 5.793256E-01 -1.236317E-01 9.289254E-01 2.657329E-02 1.090233E-03 4.403696E+00 9.221301E+00 
1.634610E-01 5.779856E-03 3.385963E-01 1.734736E-01 -1.450933E+00 5.786134E-01 -1.457884E-01 8.825125E-01 2.806654E-02 1.279326E-03 4.181745E+00 9.706389E+00 
1.756153E-01 5.987669E-03 3.451547E-01 1.793457E-01 -1.370560E+00 5.927134E-01 -1.070354E-01 9.247709E-01 2.766070E-02 7.892014E-04 4.182184E+00 9.106305E+00 
1.768707E-01 3.486218E-03 3.381089E-01 1.798057E-01 -1.354237E+00 5.831761E-01 -1.380396E-01 9.367611E-01 2.541455E-02 8.698315E-04 4.518742E+00 8.064800E+00 
1.679248E-01 8.348683E-03 3.069635E-01 1.801245E-01 -1.427803E+00 5.602440E-01 -1.124984E-01 9.689286E-01 2.877970E-02 1.073681E-03 4.110433E+00 9.174538E+00 
1.568218E-01 3.560125E-03 3.359149E-01 1.763215E-01 -1.364588E+00 5.979800E-01 -1.586453E-01 9.023660E-01 2.684160E-02 8.995964E-04 3.860292E+00 8.880364E+00 
1.554684E-01 7.640305E-03 3.422539E-01 1.719953E-01 -1.355002E+00 5.812554E-01 -1.099513E-01 9.447066E-01 2.952849E-02 9.548070E-04 3.812621E+00 8.207569E+00 
1.750395E-01 3.450867E-03 3.467852E-01 1.749974E-01 -1.437608E+00 5.861055E-01 -1.547436E-01 9.917879E-01 2.594821E-02 9.080396E-04 4.249333E+00 8.923955E+00 
1.649661E-01 6.339553E-03 3.558795E-01 1.758510E-01 -1.406743E+00 5.943577E-01 -1.063734E-01 9.240044E-01 2.738428E-02 1.177444E-03 4.219255E+00 9.716033E+00 
1.763858E-01 1.285747E-03 3.162363E-01 1.835836E-01 -1.381027E+00 5.929920E-01 -1.617482E-01 9.118279E-01 2.883585E-02 1.081677E-03 3.557194E+00 8.135714E+00 
1.662782E-01 4.756533E-03 3.373721E-01 1.787947E-01 -1.393862E+00 5.782498E-01 -1.085255E-01 9.399316E-01 2.643300E-02 1.666071E-03 4.219494E+00 8.495282E+00 
1.645650E-01 5.845100E-03 3.442984E-01 1.752160E-01 -1.447050E+00 5.889001E-01 -1.507866E-01 9.618954E-01 2.787035E-02 0.000000E+00 4.201031E+00 8.633183E+00 
1.658627E-01 4.448989E-03 3.298884E-01 1.788180E-01 -1.307070E+00 5.803105E-01 -1.043941E-01 1.062853E+00 2.706483E-02 5.911041E-04 4.213360E+00 9.643369E+00 
1.664407E-01 5.430957E-03 3.504549E-01 1.775403E-01 -1.295500E+00 5.821849E-01 -1.434610E-01 9.620862E-01 2.802905E-02 1.651811E-03 4.148147E+00 8.346712E+00 
1.781824E-01 3.991587E-03 3.265383E-01 1.706419E-01 -1.403072E+00 5.860061E-01 -1.359900E-01 1.021931E+00 3.036562E-02 1.005530E-03 4.045554E+00 8.840171E+00 
1.756522E-01 5.646749E-03 3.317489E-01 1.727480E-01 -1.286590E+00 5.790560E-01 -1.365476E-01 9.559163E-01 2.834872E-02 8.184754E-04 4.230699E+00 8.540191E+00 
1.802612E-01 6.057030E-03 3.317023E-01 1.761703E-01 -1.417534E+00 5.921327E-01 -1.617382E-01 9.527545E-01 2.830024E-02 1.288746E-03 4.288059E+00 9.425037E+00 
1.465952E-01 6.585083E-03 3.334654E-01 1.870266E-01 -1.425716E+00 5.881287E-01 -1.655798E-01 9.328814E-01 3.103550E-02 1.506736E-03 3.936653E+00 9.919062E+00 
9.190032E-02 1.758535E-02 3.969084E-01 1.597101E-01 -1.530855E+00 2.475591E-01 -2.950327E-02 3.509616E-01 3.061960E-02 4.631903E-03 4.191623E+00 1.082829E+01 
1.672983E-01 7.077834E-03 3.357161E-01 1.826569E-01 -1.378116E+00 5.964624E-01 -1.691760E-01 9.417492E-01 2.812617E-02 7.941805E-04 3.981686E+00 9.951706E+00 
1.754541E-01 4.206987E-03 3.523823E-01 1.729222E-01 -1.465811E+00 5.847250E-01 -1.096027E-01 8.951784E-01 2.928917E-02 8.329446E-04 4.271304E+00 9.230075E+00 
1.817579E-01 4.832091E-03 3.344482E-01 1.825410E-01 -1.388243E+00 5.856063E-01 -1.537761E-01 8.719934E-01 2.694309E-02 9.324154E-04 4.623327E+00 8.747282E+00 
1.709219E-01 3.614405E-03 3.347156E-01 1.798563E-01 -1.287779E+00 5.778542E-01 -1.469686E-01 8.880539E-01 2.547439E-02 1.306758E-03 4.352498E+00 8.516403E+00 
1.706171E-01 4.684855E-03 3.330205E-01 1.751420E-01 -1.421180E+00 5.986019E-01 -1.169941E-01 9.505271E-01 2.884472E-02 5.899440E-04 4.063110E+00 9.040981E+00 
1.765967E-01 5.677632E-03 3.375561E-01 1.796021E-01 -1.532826E+00 5.826385E-01 -1.721876E-01 9.689186E-01 3.030740E-02 9.070982E-04 4.136213E+00 8.866661E+00 
1.152531E-01 6.579033E-02 3.387929E-01 1.733348E-01 -1.504207E+00 1.933851E-01 -1.198581E-01 1.018109E+00 2.978072E-02 6.192204E-03 3.206882E+00 7.199207E+00 
1.651399E-01 7.549240E-03 3.457590E-01 1.771858E-01 -1.339551E+00 5.940406E-01 -1.835844E-01 9.326825E-01 2.796967E-02 3.823486E-04 4.173765E+00 8.796685E+00 
1.724299E-01 5.620742E-03 3.648368E-01 1.799511E-01 -1.409030E+00 5.894807E-01 -1.663012E-01 9.169328E-01 2.661856E-02 1.496276E-03 4.267087E+00 8.845915E+00 
1.626755E-01 4.497323E-03 3.488130E-01 1.734717E-01 -1.289402E+00 5.824051E-01 -1.406897E-01 8.622888E-01 2.876096E-02 1.430577E-03 3.987151E+00 8.689432E+00 
1.759802E-01 4.717619E-03 3.396768E-01 1.816671E-01 -1.432395E+00 5.906922E-01 -1.468064E-01 9.955594E-01 3.097141E-02 7.851280E-04 4.264367E+00 8.929151E+00 
1.650302E-01 7.968898E-03 3.493716E-01 1.785941E-01 -1.394270E+00 5.847671E-01 -1.047372E-01 9.615101E-01 2.731028E-02 1.990229E-03 4.345413E+00 9.687346E+00 
1.666957E-01 5.243925E-03 3.262249E-01 1.808184E-01 -1.471358E+00 5.864106E-01 -1.166412E-01 9.831239E-01 2.761744E-02 4.389805E-04 4.006409E+00 8.754581E+00 
1.778507E-01 6.019183E-03 3.392863E-01 1.842401E-01 -1.453329E+00 6.000000E-01 -1.696327E-01 9.567838E-01 3.041283E-02 7.888516E-04 3.654621E+00 9.774289E+00 
1.722234E-01 3.461496E-03 3.329350E-01 1.766790E-01 -1.452196E+00 5.862969E-01 -1.430857E-01 9.222819E-01 2.573231E-02 9.060366E-04 4.259136E+00 8.967831E+00 
1.778085E-01 5.545749E-03 3.396864E-01 1.726515E-01 -1.436994E+00 5.801596E-01 -7.953256E-02 9.620873E-01 2.777725E-02 1.330167E-04 4.632315E+00 9.277874E+00 
1.586844E-01 7.033643E-03 3.401532E-01 1.797872E-01 -1.413312E+00 5.751739E-01 -1.303690E-01 9.623163E-01 3.104489E-02 1.161311E-03 3.647707E+00 8.972474E+00 
1.690603E-01 3.289577E-03 3.425236E-01 1.800704E-01 -1.399461E+00 5.832021E-01 -1.445280E-01 8.787891E-01 2.740604E-02 1.457932E-03 3.911358E+00 8.701688E+00 
1.669383E-01 5.318907E-03 3.497008E-01 1.831003E-01 -1.375185E+00 5.842698E-01 -1.024066E-01 9.407836E-01 2.893666E-02 1.635958E-03 4.220954E+00 8.202095E+00 
1.644314E-01 5.777078E-03 3.359489E-01 1.779239E-01 -1.483456E+00 5.737331E-01 -1.220976E-01 9.628021E-01 2.759498E-02 1.174258E-03 3.593721E+00 9.095867E+00 
1.795453E-01 4.676545E-03 3.423750E-01 1.807236E-01 -1.434391E+00 5.833473E-01 -1.200834E-01 8.857631E-01 2.780614E-02 1.619759E-03 4.273909E+00 9.720559E+00 
1.757062E-01 4.251100E-03 3.376217E-01 1.759276E-01 -1.384348E+00 5.872130E-01 -1.498504E-01 9.471464E-01 2.850128E-02 1.320473E-03 4.425249E+00 7.482293E+00 
1.663197E-01 5.160186E-03 3.350095E-01 1.760272E-01 -1.327644E+00 5.813264E-01 -1.230811E-01 9.538823E-01 2.812695E-02 1.669718E-03 4.398846E+00 7.527673E+00 
1.894812E-01 3.417496E-03 3.440886E-01 1.820022E-01 -1.481599E+00 5.810734E-01 -1.500147E-01 9.243620E-01 2.793812E-02 8.710224E-04 4.342331E+00 7.629030E+00 
1.584521E-01 5.045413E-03 3.536536E-01 1.730609E-01 -1.447211E+00 5.988698E-01 -1.452183E-01 9.598947E-01 2.916963E-02 1.360499E-03 4.119214E+00 7.925434E+00 
1.813582E-01 6.168907E-03 3.366857E-01 1.774010E-01 -1.374542E+00 5.827277E-01 -1.698797E-01 9.010734E-01 2.801197E-02 1.260332E-03 4.403085E+00 9.179431E+00 
1.698278E-01 3.396854E-03 3.402412E-01 1.751912E-01 -1.401317E+00 5.801568E-01 -1.411513E-01 9.979019E-01 2.489882E-02 8.944887E-04 4.108855E+00 8.559822E+00 
1.697702E-01 5.075218E-03 3.419106E-01 1.714934E-01 -1.398629E+00 5.837272E-01 -1.204984E-01 9.283698E-01 2.838569E-02 7.355649E-04 3.952137E+00 8.826152E+00 
1.724065E-01 6.695552E-03 3.111009E-01 1.784448E-01 -1.344272E+00 5.845362E-01 -1.224048E-01 9.854048E-01 2.730150E-02 1.191423E-03 4.245457E+00 8.494910E+00 
1.736729E-01 5.541911E-03 3.402029E-01 1.696482E-01 -1.471535E+00 5.903345E-01 -1.456151E-01 9.371017E-01 2.837929E-02 8.019351E-04 4.284639E+00 9.530073E+00 
1.876741E-01 9.528927E-03 3.427864E-01 1.861615E-01 -1.485392E+00 5.848998E-01 -1.069964E-01 9.509139E-01 2.864529E-02 1.485261E-03 4.215878E+00 8.657385E+00 
1.634937E-01 6.307958E-03 3.373565E-01 1.771324E-01 -1.293674E+00 5.702135E-01 -1.030905E-01 9.688677E-01 2.819261E-02 1.556768E-03 4.423170E+00 9.146566E+00 
1.144555E-01 5.411806E-03 3.356535E-01 1.757217E-01 -1.364253E+00 5.932731E-01 -1.223964E-01 9.781862E-01 2.666248E-02 1.092988E-03 4.004705E+00 9.278019E+00 
1.750716E-01 4.015331E-03 3.390914E-01 1.834226E-01 -1.236232E+00 5.840978E-01 -1.328006E-01 9.525453E-01 2.697524E-02 8.774797E-04 4.355447E+00 9.297318E+00 
1.769979E-01 2.130103E-03 3.220528E-01 1.702011E-01 -1.353681E+00 5.888185E-01 -1.551711E-01 9.520675E-01 2.711205E-02 1.104757E-03 4.283232E+00 8.435846E+00 
1.729488E-01 5.528364E-03 3.200912E-01 1.807818E-01 -1.383107E+00 5.828241E-01 -1.343253E-01 9.124267E-01 2.819264E-02 8.621526E-04 4.197884E+00 1.051082E+01 
1.800856E-01 5.664835E-03 3.478488E-01 1.775987E-01 -1.357089E+00 5.921617E-01 -1.118094E-01 9.567146E-01 2.845488E-02 1.524121E-04 4.641404E+00 9.224905E+00 
1.724657E-01 5.542622E-03 3.518037E-01 1.760907E-01 -1.587994E+00 5.852722E-01 -1.471509E-01 9.551818E-01 2.370993E-02 9.405714E-04 4.198807E+00 8.990247E+00 
1.766352E-01 7.555342E-03 3.538696E-01 1.815325E-01 -1.414291E+00 5.890845E-01 -1.794026E-01 9.461619E-01 2.794916E-02 9.172515E-04 4.311028E+00 7.736606E+00 
1.667219E-01 4.572210E-03 3.392675E-01 1.772545E-01 -1.479689E+00 5.782930E-01 -1.138179E-01 9.831659E-01 2.935030E-02 2.449515E-03 3.957814E+00 8.905510E+00 
1.652384E-01 6.606694E-03 3.254257E-01 1.801340E-01 -1.514041E+00 5.800770E-01 -1.336977E-01 9.156913E-01 3.047960E-02 1.129490E-03 4.186004E+00 8.362287E+00 
1.894862E-01 6.546712E-03 3.456918E-01 1.766706E-01 -1.458573E+00 5.959423E-01 -1.963578E-01 1.106682E+00 2.646709E-02 1.891628E-03 4.320047E+00 9.587086E+00 
1.725200E-01 7.050295E-04 3.552124E-01 1.764952E-01 -1.233410E+00 5.845073E-01 -1.542822E-01 9.576080E-01 2.761093E-02 1.020864E-03 4.123102E+00 9.159543E+00 
1.677152E-01 3.724205E-03 3.534476E-01 1.758347E-01 -1.550075E+00 5.879871E-01 -1.412313E-01 9.219736E-01 2.678759E-02 1.155289E-03 4.101244E+00 8.296112E+00 
1.208100E-01 2.492166E-02 3.415791E-01 1.840389E-01 -1.516132E+00 5.847648E-01 -1.293564E-01 9.818019E-01 2.753592E-02 1.069500E-02 4.607025E+00 7.431217E+00 
1.572918E-01 7.660899E-03 3.304504E-01 1.782816E-01 -1.491306E+00 5.898183E-01 -1.227021E-01 9.099010E-01 2.986844E-02 1.053229E-03 3.867384E+00 9.158366E+00 
1.892993E-01 9.827462E-03 3.207048E-01 1.881260E-01 -1.447804E+00 5.847141E-01 -1.434123E-01 9.627815E-01 2.834607E-02 1.047164E-03 4.651498E+00 9.396320E+00 
1.756514E-01 7.188501E-03 3.526344E-01 1.770935E-01 -1.456783E+00 5.952353E-01 -1.961637E-01 8.945970E-01 2.807216E-02 9.805667E-04 4.315849E+00 9.631336E+00 
1.663220E-01 5.098200E-03 3.209138E-01 1.767364E-01 -1.483864E+00 5.842459E-01 -9.367467E-02 9.440510E-01 2.829777E-02 1.003429E-03 4.417223E+00 9.002324E+00 
1.752651E-01 5.544475E-03 3.180238E-01 1.790919E-01 -1.501534E+00 5.881768E-01 -1.077099E-01 1.037770E+00 3.169620E-02 4.446854E-04 3.364325E+00 6.518487E+00 
1.725423E-01 5.415623E-03 3.345826E-01 1.813934E-01 -1.356980E+00 5.958529E-01 -1.520741E-01 9.426894E-01 2.857169E-02 1.046352E-03 4.353242E+00 9.184842E+00 
1.659289E-01 3.715038E-03 3.416995E-01 1.767596E-01 -1.353133E+00 5.998429E-01 -1.322511E-01 9.481357E-01 3.095547E-02 1.138668E-03 4.254641E+00 9.161213E+00 
1.553263E-01 9.253089E-03 3.411364E-01 1.769906E-01 -1.574608E+00 5.377633E-01 -9.144611E-02 9.265305E-01 2.722487E-02 1.695245E-03 4.357498E+00 8.879028E+00 
1.773694E-01 5.186895E-03 3.253765E-01 1.842942E-01 -1.432042E+00 5.851990E-01 -1.284824E-01 9.326883E-01 2.930399E-02 1.036599E-03 4.356870E+00 9.245231E+00 
1.559403E-01 7.314695E-03 3.392192E-01 1.720338E-01 -1.443396E+00 5.782913E-01 -1.094994E-01 9.723228E-01 2.991560E-02 2.066772E-03 4.340500E+00 8.838566E+00 
1.500204E-01 3.618628E-03 3.405997E-01 1.795121E-01 -1.372297E+00 5.793243E-01 -1.256120E-01 9.682646E-01 2.811480E-02 1.058272E-03 3.971931E+00 9.612228E+00 
1.802325E-01 6.207432E-03 3.437461E-01 1.837586E-01 -1.457132E+00 5.965005E-01 -1.811618E-01 9.521383E-01 2.820100E-02 5.619183E-04 4.483149E+00 9.219144E+00 
1.574708E-01 1.038570E-02 3.424435E-01 1.742728E-01 -1.463317E+00 5.794238E-01 -1.030261E-01 1.011357E+00 2.844470E-02 4.446320E-03 3.855234E+00 1.060726E+01 
1.727914E-01 4.874993E-03 3.270261E-01 1.749905E-01 -1.454851E+00 5.836902E-01 -9.840132E-02 1.010072E+00 3.135874E-02 6.025630E-04 4.853998E+00 9.413157E+00 
1.723593E-01 8.550092E-03 3.566771E-01 1.823546E-01 -1.478491E+00 5.979217E-01 -1.638080E-01 8.408541E-01 2.735141E-02 5.750078E-04 4.247587E+00 8.856201E+00 
1.663338E-01 5.709659E-03 3.507050E-01 1.772373E-01 -1.486476E+00 5.907339E-01 -1.402030E-01 9.638463E-01 2.620526E-02 1.554270E-03 4.319657E+00 8.629862E+00 
1.683483E-01 5.440254E-03 3.281628E-01 1.767403E-01 -1.411826E+00 5.851062E-01 -1.082119E-01 9.704043E-01 3.104103E-02 1.176705E-03 4.173144E+00 9.111491E+00 
1.762581E-01 4.544764E-03 3.427018E-01 1.796318E-01 -1.438665E+00 5.812682E-01 -1.434615E-01 9.592584E-01 2.716147E-02 7.387624E-04 4.349258E+00 9.174913E+00 
1.410939E-01 4.104838E-03 3.329346E-01 1.780341E-01 -1.445473E+00 5.679527E-01 -1.312869E-01 1.000749E+00 2.840629E-02 4.369442E-04 4.122747E+00 8.492107E+00 
1.771881E-01 5.121299E-03 3.419197E-01 1.784443E-01 -1.375756E+00 5.849957E-01 -1.331957E-01 8.973137E-01 2.791478E-02 7.759394E-04 3.547367E+00 8.415650E+00 
1.701994E-01 5.195013E-03 3.432444E-01 1.745316E-01 -1.275778E+00 5.800936E-01 -1.364293E-01 9.489150E-01 3.131675E-02 4.934603E-04 4.254386E+00 8.256445E+00 
1.661596E-01 8.076121E-03 3.438799E-01 1.781359E-01 -1.381708E+00 6.000000E-01 -1.776103E-01 9.204191E-01 2.784926E-02 1.125705E-03 3.828163E+00 8.598915E+00 
1.705667E-01 5.628185E-03 3.441989E-01 1.746376E-01 -1.492463E+00 5.765555E-01 -1.046104E-01 9.449548E-01 2.888685E-02 8.595038E-04 3.985708E+00 8.954145E+00 
1.766645E-01 5.884640E-03 3.455831E-01 1.769545E-01 -1.431208E+00 5.796562E-01 -2.000000E-01 9.463000E-01 2.897456E-02 2.514445E-04 4.309089E+00 8.582348E+00 
1.627421E-01 5.232778E-03 3.253882E-01 1.797330E-01 -1.463015E+00 5.901952E-01 -1.238081E-01 9.732783E-01 3.075714E-02 5.459764E-04 4.043845E+00 8.280698E+00 
1.628496E-01 1.000000E-04 3.340261E-01 1.827257E-01 -1.526168E+00 5.815509E-01 -1.151947E-01 9.339904E-01 3.103178E-02 5.422933E-04 4.180734E+00 9.933996E+00 
1.307117E-01 1.356172E-03 3.404107E-01 1.762607E-01 -1.479361E+00 5.795514E-01 -1.265968E-01 1.013234E+00 2.969210E-02 9.010442E-04 4.192398E+00 9.392549E+00 
1.684469E-01 4.878363E-03 3.208663E-01 1.779565E-01 -1.389076E+00 5.855538E-01 -1.155852E-01 9.721320E-01 2.807096E-02 9.968542E-04 4.247751E+00 7.324707E+00 
1.695814E-01 9.436302E-03 3.493038E-01 1.763407E-01 -1.349346E+00 5.851463E-01 -1.871162E-01 9.654382E-01 2.970239E-02 6.982287E-04 4.026053E+00 9.058848E+00 
1.714189E-01 6.964977E-03 3.540166E-01 1.791092E-01 -1.383337E+00 5.871887E-01 -1.407973E-01 9.800772E-01 2.777568E-02 1.736419E-03 4.201365E+00 9.116927E+00 
1.600621E-01 5.578770E-03 3.277571E-01 1.763390E-01 -1.412367E+00 5.863248E-01 -1.614832E-01 9.684133E-01 2.928404E-02 2.406940E-03 4.089764E+00 8.913173E+00 
1.711101E-01 5.340765E-03 3.249337E-01 1.779875E-01 -1.461838E+00 5.906319E-01 -1.206315E-01 9.731109E-01 2.705609E-02 4.765888E-04 3.759611E+00 9.022039E+00 
1.867258E-01 6.592953E-03 3.591302E-01 1.788727E-01 -1.508519E+00 5.836092E-01 -1.186390E-01 8.619884E-01 2.999882E-02 0.000000E+00 4.070450E+00 8.552235E+00 
1.723035E-01 3.590481E-03 3.496287E-01 1.804475E-01 -1.526990E+00 5.899190E-01 -1.599605E-01 9.336062E-01 2.592815E-02 2.823703E-04 4.413940E+00 9.429581E+00 
1.817795E-01 6.823839E-03 3.538948E-01 1.688313E-01 -1.389698E+00 5.838101E-01 -1.514867E-01 8.957337E-01 2.885057E-02 2.721810E-03 4.065336E+00 8.851801E+00 
1.922897E-01 1.116281E-02 3.367969E-01 1.859249E-01 -1.362561E+00 6.000000E-01 -1.138398E-01 9.504532E-01 2.908282E-02 1.940822E-03 4.268110E+00 8.645441E+00 
1.707048E-01 5.338749E-03 3.387204E-01 1.784522E-01 -1.392129E+00 5.877783E-01 -9.976836E-02 9.294796E-01 2.625867E-02 4.635818E-04 3.789065E+00 8.896769E+00 
1.678842E-01 5.883946E-03 3.463259E-01 1.746152E-01 -1.427387E+00 5.896168E-01 -1.784731E-01 1.020567E+00 2.861258E-02 5.008884E-04 4.187386E+00 8.899492E+00 
1.664387E-01 5.211792E-03 3.356249E-01 1.764915E-01 -1.441908E+00 5.881077E-01 -1.399893E-01 9.767478E-01 3.261486E-02 1.545857E-03 4.288681E+00 9.051908E+00 
1.713193E-01 6.410173E-03 3.389286E-01 1.774133E-01 -1.400201E+00 5.919742E-01 -1.113420E-01 9.804095E-01 2.851558E-02 5.530800E-04 4.677982E+00 8.455531E+00 
1.850494E-01 4.772288E-03 3.466703E-01 1.769854E-01 -1.374805E+00 5.938231E-01 -1.431018E-01 9.628751E-01 2.932958E-02 5.467015E-04 4.173924E+00 8.371785E+00 
1.586194E-01 5.926731E-03 3.525747E-01 1.757297E-01 -1.536475E+00 5.963948E-01 -1.416601E-01 1.011435E+00 2.578715E-02 2.896671E-03 3.934688E+00 7.771547E+00 
1.837130E-01 6.864263E-03 3.420540E-01 1.894201E-01 -1.489464E+00 5.932982E-01 -5.465580E-02 9.376865E-01 2.769825E-02 1.598367E-03 4.035878E+00 9.436111E+00 
1.744435E-01 5.359584E-03 3.482206E-01 1.793052E-01 -1.379284E+00 6.000000E-01 -1.402778E-01 9.619067E-01 2.640658E-02 8.455705E-04 4.144889E+00 8.585638E+00 
1.671986E-01 5.825967E-03 3.437044E-01 1.775331E-01 -1.341405E+00 5.878133E-01 -1.162134E-01 9.578920E-01 3.022162E-02 1.217990E-03 4.205290E+00 8.943685E+00 
1.730521E-01 5.905454E-03 3.444552E-01 1.763557E-01 -1.340242E+00 5.821892E-01 -1.359301E-01 9.785755E-01 3.012040E-02 1.118147E-03 4.171849E+00 8.107074E+00 
1.767386E-01 5.348064E-03 3.459632E-01 1.812584E-01 -1.402773E+00 5.805171E-01 -1.279345E-01 9.399346E-01 2.893832E-02 1.464056E-03 4.271009E+00 9.859143E+00 
1.531950E-01 5.829021E-03 3.355818E-01 1.785154E-01 -1.536268E+00 5.902330E-01 -1.814420E-01 9.112762E-01 2.820646E-02 1.056218E-03 4.285482E+00 9.186041E+00 
1.667244E-01 5.857002E-03 3.532880E-01 1.775884E-01 -1.320401E+00 5.931392E-01 -1.491844E-01 9.311164E-01 2.884742E-02 1.513964E-03 4.166592E+00 8.791632E+00 
1.733025E-01 6.563662E-03 3.782963E-01 1.762292E-01 -1.313144E+00 5.927588E-01 -1.540799E-01 9.213823E-01 2.856806E-02 2.337303E-04 4.120058E+00 6.426163E+00 
1.671627E-01 6.612288E-03 3.183812E-01 1.799640E-01 -1.396576E+00 5.884606E-01 -1.006110E-01 1.057511E+00 2.797475E-02 4.465303E-04 3.891670E+00 9.702281E+00 
1.812641E-01 7.589580E-03 3.488255E-01 1.781332E-01 -1.363981E+00 5.834517E-01 -1.589221E-01 9.054423E-01 2.889194E-02 1.279023E-03 4.044846E+00 9.539137E+00 
1.783763E-01 4.520121E-03 3.560780E-01 1.742731E-01 -1.522062E+00 5.840895E-01 -1.277562E-01 8.751539E-01 2.513349E-02 1.323504E-03 3.949352E+00 8.950248E+00 
1.698631E-01 5.187487E-03 3.398280E-01 1.793147E-01 -1.489781E+00 5.877205E-01 -8.636523E-02 1.022377E+00 2.966132E-02 2.168798E-03 4.463281E+00 8.743099E+00 
1.868606E-01 5.798576E-03 3.416571E-01 1.745905E-01 -1.438355E+00 5.971055E-01 -1.554677E-01 8.987719E-01 2.777913E-02 2.165395E-03 4.166312E+00 9.305004E+00 
1.708935E-01 3.660199E-03 3.349368E-01 1.804376E-01 -1.366983E+00 5.810525E-01 -1.434064E-01 9.519828E-01 2.713313E-02 1.130308E-04 4.022087E+00 1.000488E+01 
1.696883E-01 4.457525E-03 3.340328E-01 1.720311E-01 -1.449699E+00 5.779113E-01 -1.570289E-01 9.192300E-01 2.650120E-02 1.366134E-03 4.248577E+00 9.231444E+00 
1.814774E-01 7.000671E-03 3.404951E-01 1.785388E-01 -1.349918E+00 5.859430E-01 -8.866143E-02 9.681783E-01 2.810378E-02 9.866505E-04 4.213000E+00 9.048705E+00 
1.648658E-01 4.610106E-03 3.316863E-01 1.766070E-01 -1.396221E+00 5.853555E-01 -1.393077E-01 9.836749E-01 2.838249E-02 1.901122E-04 4.214286E+00 8.827146E+00 
1.588839E-01 5.256692E-03 3.410560E-01 1.776841E-01 -1.466377E+00 5.642652E-01 -1.250412E-01 9.896173E-01 2.906048E-02 1.424572E-03 4.337619E+00 6.176001E+00 
1.575875E-01 8.323360E-03 3.413771E-01 1.718642E-01 -1.308619E+00 5.956399E-01 -1.567678E-01 9.458016E-01 2.803221E-02 1.376488E-03 4.060552E+00 8.679407E+00 
1.682692E-01 4.862341E-03 3.354031E-01 1.761669E-01 -1.399443E+00 5.845996E-01 -1.153695E-01 9.595573E-01 2.851634E-02 1.115594E-03 3.581116E+00 9.518737E+00 
1.926016E-01 4.810235E-03 3.411472E-01 1.840629E-01 -1.412120E+00 5.951394E-01 -1.481741E-01 9.269102E-01 2.894866E-02 7.158249E-04 4.073029E+00 8.631871E+00 
1.685039E-01 6.460184E-03 3.559169E-01 1.842557E-01 -1.400642E+00 5.823564E-01 -9.076156E-02 9.753250E-01 2.839929E-02 1.932711E-03 4.549171E+00 9.484196E+00 
1.777500E-01 4.536093E-03 3.214669E-01 1.801097E-01 -1.360362E+00 5.561627E-01 -1.796955E-01 9.455597E-01 2.848747E-02 4.464284E-04 4.342343E+00 8.241152E+00 
1.567562E-01 2.050439E-02 2.045930E-01 1.752552E-01 -1.322779E+00 5.565479E-01 -6.562674E-02 8.850915E-01 3.217844E-02 1.767325E-03 4.185785E+00 9.918511E+00 
1.635724E-01 8.194298E-03 3.446127E-01 1.687365E-01 -1.515915E+00 5.845486E-01 -1.524320E-01 9.649727E-01 3.043231E-02 5.553552E-04 3.493152E+00 9.621064E+00 
1.665313E-01 7.490442E-03 3.438991E-01 1.837149E-01 -1.353781E+00 5.967172E-01 -1.161460E-01 9.042029E-01 2.668661E-02 4.196702E-04 3.893954E+00 9.080167E+00 
1.822891E-01 5.678432E-03 3.389279E-01 1.841959E-01 -1.419884E+00 5.796396E-01 -1.335321E-01 9.670909E-01 2.943432E-02 6.130084E-04 4.459133E+00 8.200824E+00 
1.655395E-01 3.817628E-03 3.334772E-01 1.788873E-01 -1.330153E+00 5.979138E-01 -1.406593E-01 9.468568E-01 2.614828E-02 1.502962E-03 3.932186E+00 9.271770E+00 
1.668623E-01 1.805832E-03 3.664267E-01 1.711310E-01 -1.357027E+00 5.958112E-01 -1.452583E-01 9.069268E-01 2.786603E-02 7.483791E-04 4.273864E+00 7.347527E+00 
1.706246E-01 7.459285E-03 3.731139E-01 1.821663E-01 -1.379490E+00 5.887594E-01 -1.422218E-01 9.337671E-01 2.566184E-02 6.591535E-04 4.417106E+00 9.426435E+00 
1.556155E-01 3.753982E-03 3.142067E-01 1.785986E-01 -1.273742E+00 5.852262E-01 -1.123704E-01 9.923054E-01 2.803833E-02 1.278145E-03 4.485074E+00 9.492715E+00 
1.468377E-01 1.364034E-02 3.195192E-01 1.836543E-01 -1.390274E+00 5.912331E-01 -1.344886E-01 9.328397E-01 2.826138E-02 2.776202E-03 4.184341E+00 8.752004E+00 
1.470308E-01 4.287048E-03 3.315542E-01 1.862314E-01 -1.339030E+00 5.059173E-01 -9.109505E-02 9.449411E-01 2.893322E-02 8.292877E-04 3.856345E+00 8.625912E+00 
1.736236E-01 5.470553E-03 3.350915E-01 1.772362E-01 -1.403847E+00 5.914742E-01 -1.307082E-01 9.391081E-01 2.888410E-02 9.465182E-04 4.208402E+00 9.237878E+00 
1.645112E-01 4.866221E-03 3.200706E-01 1.795603E-01 -1.366310E+00 5.837433E-01 -1.073696E-01 9.396264E-01 2.797713E-02 1.241818E-03 4.250363E+00 9.333600E+00 
1.725204E-01 6.249049E-03 3.112969E-01 1.783144E-01 -1.436989E+00 5.813939E-01 -1.273846E-01 9.802830E-01 2.799843E-02 7.230435E-04 4.254333E+00 9.031302E+00 
1.705239E-01 4.795759E-03 3.443627E-01 1.809089E-01 -1.287897E+00 5.835630E-01 -1.322161E-01 9.617229E-01 2.706517E-02 9.828158E-04 4.065310E+00 9.212719E+00 
1.797095E-01 6.126213E-03 3.418418E-01 1.807410E-01 -1.391370E+00 5.881172E-01 -1.824557E-01 1.028956E+00 2.668804E-02 7.563454E-04 4.114415E+00 9.001018E+00 
1.835437E-01 4.349355E-03 3.503218E-01 1.775255E-01 -1.409127E+00 5.855639E-01 -1.033493E-01 8.982548E-01 2.765796E-02 7.558776E-04 4.403815E+00 8.810293E+00 
1.829760E-01 1.044923E-02 3.372418E-01 1.826457E-01 -1.428934E+00 5.885691E-01 -2.000000E-01 9.029781E-01 2.804124E-02 7.177568E-04 4.170081E+00 9.054107E+00 
1.612375E-01 7.886065E-03 3.233910E-01 1.829394E-01 -1.438369E+00 5.835519E-01 -1.243778E-01 8.918691E-01 2.782092E-02 1.689752E-04 4.011223E+00 9.269260E+00 
1.798909E-01 9.346583E-03 3.439991E-01 1.724648E-01 -1.539820E+00 5.861162E-01 -1.487539E-01 9.753913E-01 2.902084E-02 4.893721E-04 4.205609E+00 8.847107E+00 
1.560056E-01 9.442162E-03 3.372474E-01 1.832121E-01 -1.364686E+00 5.749629E-01 -1.675443E-01 9.502028E-01 2.968866E-02 1.614399E-03 4.253791E+00 9.161468E+00 
1.708831E-01 5.525065E-03 3.440207E-01 1.800202E-01 -1.531994E+00 5.897210E-01 -1.298000E-01 9.838698E-01 2.659624E-02 1.416515E-03 4.040304E+00 7.999595E+00 
1.699248E-01 4.350956E-03 3.411648E-01 1.783966E-01 -1.298334E+00 5.973804E-01 -1.280777E-01 9.985519E-01 3.279914E-02 6.077483E-04 3.019762E+00 9.732561E+00 
1.763995E-01 6.757983E-03 3.503142E-01 1.811752E-01 -1.399333E+00 5.740068E-01 -1.138356E-01 9.014218E-01 3.024130E-02 1.280666E-03 4.124872E+00 8.498385E+00 
1.728005E-01 6.681626E-03 3.570064E-01 1.758924E-01 -1.439729E+00 5.953585E-01 -1.817763E-01 1.024239E+00 2.734750E-02 9.455682E-04 3.362615E+00 9.485707E+00 
1.186591E-01 1.187632E-02 3.300814E-01 1.730261E-01 -1.307736E+00 5.871674E-01 -1.249849E-01 1.056500E+00 2.815857E-02 2.300446E-03 4.690698E+00 9.799810E+00 
1.653902E-01 4.730326E-03 3.446375E-01 1.771462E-01 -1.450380E+00 5.891405E-01 -1.179445E-01 8.881319E-01 3.158456E-02 1.689999E-03 4.230888E+00 9.227642E+00 
1.697051E-01 5.915876E-03 3.309636E-01 1.773275E-01 -1.311272E+00 5.825929E-01 -1.398887E-01 9.163505E-01 2.781469E-02 1.113844E-03 3.833630E+00 8.414065E+00 
1.748874E-01 6.805233E-03 3.204684E-01 1.816291E-01 -1.428033E+00 5.912568E-01 -1.283383E-01 9.351714E-01 2.772687E-02 1.142356E-03 4.111442E+00 8.778771E+00 
1.691829E-01 5.212922E-03 3.396410E-01 1.827457E-01 -1.331215E+00 5.876529E-01 -1.116189E-01 9.034521E-01 3.038297E-02 7.615849E-04 4.119926E+00 8.356939E+00 
1.540212E-01 5.229188E-03 3.255303E-01 1.775140E-01 -1.433524E+00 5.757304E-01 -1.180272E-01 9.428333E-01 2.803508E-02 1.267808E-03 4.224391E+00 8.449216E+00 
1.617906E-01 5.344295E-03 3.277854E-01 1.760962E-01 -1.387429E+00 5.657118E-01 -1.119982E-01 9.510005E-01 2.746736E-02 1.416438E-03 4.519473E+00 9.400897E+00 
9.947168E-02 6.658979E-02 3.329021E-01 1.796585E-01 -1.502724E+00 5.600992E-01 -9.539311E-02 1.001481E+00 2.815083E-02 2.468210E-03 3.387190E+00 8.745643E+00 
1.846078E-01 6.586271E-03 3.328378E-01 1.769666E-01 -1.347725E+00 5.880344E-01 -1.024008E-01 9.671245E-01 2.774613E-02 1.903608E-04 4.377785E+00 9.197099E+00 
1.261783E-01 8.895032E-03 3.178589E-01 1.731983E-01 -1.430796E+00 5.945027E-01 -5.736556E-02 4.666421E-01 2.884447E-02 2.803347E-03 3.647402E+00 8.878879E+00 
1.929250E-01 7.323397E-03 3.515007E-01 1.763764E-01 -1.409042E+00 5.948917E-01 -1.379131E-01 9.258997E-01 2.524685E-02 1.180711E-03 4.322902E+00 9.057577E+00 
1.867515E-01 1.210053E-02 3.445141E-01 1.804702E-01 -1.414557E+00 5.836889E-01 -1.146100E-01 9.556556E-01 2.799878E-02 1.014666E-03 4.374725E+00 9.409168E+00 
1.830661E-01 3.835130E-03 3.600252E-01 1.748480E-01 -1.452739E+00 5.837413E-01 -1.435267E-01 8.822940E-01 2.757598E-02 3.546969E-04 4.254707E+00 1.006113E+01 
7.313047E-02 9.055721E-02 3.314654E-01 1.728769E-01 -1.346257E+00 4.508227E-01 -8.887425E-02 1.078571E+00 3.113524E-02 4.566268E-03 2.805440E+00 8.554432E+00 
1.743003E-01 8.157410E-03 3.496882E-01 1.794605E-01 -1.345488E+00 5.819429E-01 -1.625312E-01 9.562869E-01 2.723485E-02 7.000911E-04 4.673800E+00 8.269263E+00 
1.702927E-01 3.746596E-03 3.419644E-01 1.781866E-01 -1.267068E+00 5.758659E-01 -1.151358E-01 9.417793E-01 2.758910E-02 1.082388E-03 4.015391E+00 8.740916E+00 
1.791616E-01 5.222250E-03 3.551070E-01 1.770843E-01 -1.488419E+00 5.940438E-01 -1.363766E-01 9.480095E-01 2.798569E-02 1.134244E-03 4.291753E+00 9.014405E+00 
1.765664E-01 6.906346E-03 3.340176E-01 1.823306E-01 -1.413216E+00 5.879004E-01 -1.772435E-01 9.156351E-01 2.691735E-02 1.477092E-03 4.283259E+00 7.563419E+00 
1.746976E-01 5.247035E-03 3.426067E-01 1.823210E-01 -1.367042E+00 5.813852E-01 -1.551223E-01 9.283342E-01 2.945298E-02 1.026353E-03 4.468699E+00 9.124787E+00 
1.737674E-01 6.581784E-03 3.283981E-01 1.814790E-01 -1.365477E+00 5.835737E-01 -9.900434E-02 9.667121E-01 2.964210E-02 1.130384E-03 4.048363E+00 8.552649E+00 
1.782689E-01 7.359803E-03 3.451256E-01 1.758290E-01 -1.432944E+00 5.800787E-01 -1.563389E-01 9.433037E-01 2.846130E-02 2.257942E-03 4.597037E+00 9.211000E+00 
1.672524E-01 5.812418E-03 3.674011E-01 1.792958E-01 -1.518412E+00 5.871734E-01 -1.484212E-01 9.422696E-01 3.051800E-02 9.697084E-04 3.913762E+00 7.840032E+00 
1.488381E-01 4.213210E-03 3.510460E-01 1.776222E-01 -1.281973E+00 5.769049E-01 -1.248348E-01 9.668768E-01 2.691239E-02 7.773050E-04 4.222163E+00 1.016885E+01 
1.615702E-01 5.381366E-03 3.434567E-01 1.757006E-01 -1.378395E+00 5.809161E-01 -1.523735E-01 9.329448E-01 2.906974E-02 1.312143E-03 4.266560E+00 1.002218E+01 
1.608161E-01 4.887662E-03 3.516998E-01 1.759802E-01 -1.284836E+00 5.854265E-01 -1.284797E-01 9.390109E-01 2.853547E-02 1.114472E-03 4.141260E+00 9.048605E+00 
1.627740E-01 7.900570E-03 3.346607E-01 1.826133E-01 -1.415406E+00 4.727648E-01 -1.252461E-01 9.307522E-01 2.911808E-02 1.281564E-03 4.057240E+00 8.992039E+00 
1.738212E-01 4.327512E-03 3.416420E-01 1.845679E-01 -1.389664E+00 5.826036E-01 -2.000000E-01 1.060188E+00 2.762133E-02 1.101807E-03 4.643774E+00 9.252764E+00 
1.591765E-01 8.164549E-03 3.387562E-01 1.809604E-01 -1.442626E+00 5.856031E-01 -9.101468E-02 8.829288E-01 3.004093E-02 1.518968E-03 4.282700E+00 8.633559E+00 
1.755522E-01 6.901925E-03 3.394106E-01 1.762957E-01 -1.489535E+00 5.865057E-01 -1.526916E-01 9.307638E-01 2.844466E-02 1.299823E-03 4.226218E+00 8.909377E+00 
1.740026E-01 5.827790E-03 3.548161E-01 1.799602E-01 -1.513287E+00 5.858958E-01 -9.850789E-02 9.565961E-01 2.515716E-02 9.737446E-04 4.019864E+00 9.066435E+00 
1.736407E-01 5.204960E-03 3.458746E-01 1.791225E-01 -1.538635E+00 5.937680E-01 -1.435919E-01 9.256459E-01 2.818657E-02 1.346783E-03 4.279505E+00 9.499545E+00 
1.703268E-01 6.577273E-03 3.479521E-01 1.823146E-01 -1.532935E+00 5.941708E-01 -1.392069E-01 9.571404E-01 2.658991E-02 5.387683E-04 4.252198E+00 9.120764E+00 
1.811871E-01 6.985191E-03 3.210903E-01 1.869730E-01 -1.643228E+00 5.689669E-01 -9.996874E-02 9.057165E-01 2.900616E-02 1.396625E-03 4.169644E+00 8.755069E+00 
1.652147E-01 6.382004E-03 3.431233E-01 1.797826E-01 -1.416384E+00 5.866350E-01 -1.663540E-01 9.520276E-01 2.907577E-02 1.077869E-03 3.869776E+00 8.368929E+00 
1.744924E-01 5.051772E-03 3.223852E-01 1.769388E-01 -1.390558E+00 5.884373E-01 -1.033685E-01 1.059219E+00 2.894355E-02 1.721421E-03 3.840908E+00 7.184421E+00 
1.721013E-01 6.119366E-03 3.328231E-01 1.834310E-01 -1.389879E+00 5.846951E-01 -9.148139E-02 1.004780E+00 3.199877E-02 8.846840E-04 4.240303E+00 9.274889E+00 
1.791470E-01 8.179847E-03 3.380743E-01 1.784844E-01 -1.315605E+00 5.886613E-01 -1.450448E-01 9.103222E-01 2.730865E-02 5.867478E-04 4.444227E+00 9.376996E+00 
1.511273E-01 7.462258E-03 3.484293E-01 1.814080E-01 -1.620118E+00 5.319042E-01 -8.272351E-02 1.015834E+00 2.866376E-02 2.093367E-03 4.006776E+00 8.710199E+00 
1.744788E-01 5.537412E-03 3.348470E-01 1.809101E-01 -1.420547E+00 5.832077E-01 -1.310485E-01 9.334363E-01 2.841915E-02 5.865487E-04 4.223323E+00 8.536917E+00 
1.627802E-01 7.475426E-03 3.392649E-01 1.762131E-01 -1.317116E+00 5.823194E-01 -1.311153E-01 1.052851E+00 2.898708E-02 1.745848E-03 4.499800E+00 9.797508E+00 
1.869104E-01 7.014912E-03 3.107127E-01 1.903528E-01 -1.442874E+00 5.590357E-01 -9.969883E-02 9.883045E-01 2.628152E-02 2.422658E-03 3.714277E+00 8.251734E+00 
1.740654E-01 8.545446E-03 3.282490E-01 1.777402E-01 -1.307148E+00 5.940016E-01 -1.243906E-01 9.403136E-01 2.526998E-02 1.221297E-03 4.257355E+00 9.302720E+00 
1.622760E-01 4.285334E-03 3.285838E-01 1.771034E-01 -1.350621E+00 5.748289E-01 -1.447929E-01 9.103031E-01 2.893970E-02 0.000000E+00 4.222493E+00 7.954567E+00 
1.719752E-01 1.000000E-04 3.360008E-01 1.786789E-01 -1.414585E+00 5.933594E-01 -1.405668E-01 9.657262E-01 3.015643E-02 2.415175E-03 3.743936E+00 9.824397E+00 
1.733575E-01 7.102981E-03 3.339568E-01 1.748384E-01 -1.324698E+00 5.884418E-01 -1.959799E-01 9.610005E-01 2.765114E-02 3.237162E-03 4.095895E+00 9.615339E+00 
1.742063E-01 3.994450E-03 3.271450E-01 1.771453E-01 -1.336135E+00 5.847960E-01 -1.664512E-01 9.332638E-01 2.511712E-02 1.949343E-03 4.121704E+00 9.168094E+00 
1.769480E-01 7.605343E-03 3.357846E-01 1.852618E-01 -1.409456E+00 5.838926E-01 -1.655996E-01 1.000572E+00 3.042294E-02 1.185241E-03 4.736668E+00 8.415540E+00 
1.717594E-01 6.034084E-03 3.387560E-01 1.818859E-01 -1.437604E+00 5.927179E-01 -1.184839E-01 9.030775E-01 2.957619E-02 6.383925E-04 4.113690E+00 9.536975E+00 
1.678468E-01 6.500172E-03 3.567686E-01 1.572972E-01 -1.239985E+00 5.798256E-01 -1.583422E-01 9.890802E-01 2.827581E-02 1.290026E-03 4.076846E+00 9.250155E+00 
1.662277E-01 5.738420E-03 3.389395E-01 1.769089E-01 -1.386243E+00 5.781765E-01 -1.711950E-01 9.693758E-01 2.878757E-02 1.773706E-03 4.244671E+00 7.518537E+00 
1.825748E-01 5.676350E-03 3.200522E-01 1.846122E-01 -1.452774E+00 5.687799E-01 -1.257873E-01 1.009533E+00 2.908295E-02 1.168146E-03 4.308159E+00 8.785762E+00 
1.732988E-01 3.736169E-03 3.384607E-01 1.826854E-01 -1.282162E+00 5.882819E-01 -1.003809E-01 9.064010E-01 2.659981E-02 1.100132E-03 4.500926E+00 9.902811E+00 
1.595098E-01 7.155988E-03 3.281041E-01 1.790485E-01 -1.368810E+00 5.841685E-01 -1.290415E-01 9.368262E-01 2.785813E-02 1.658194E-03 4.113749E+00 8.130433E+00 
1.572199E-01 6.763866E-03 3.537863E-01 1.726818E-01 -1.358945E+00 5.841237E-01 -1.474996E-01 9.534707E-01 2.648715E-02 9.313826E-04 4.633541E+00 9.680201E+00 
1.359269E-01 8.484966E-03 3.106276E-01 1.761271E-01 -1.437881E+00 5.565858E-01 -1.060441E-01 9.452057E-01 2.778211E-02 6.297986E-03 4.210279E+00 9.924235E+00 
1.694559E-01 4.978492E-03 3.465984E-01 1.751950E-01 -1.446457E+00 5.920784E-01 -1.554454E-01 1.052722E+00 2.700757E-02 1.200485E-03 4.129454E+00 9.304105E+00 
1.738987E-01 5.634064E-03 3.432436E-01 1.786471E-01 -1.430772E+00 5.802777E-01 -1.494572E-01 9.337961E-01 2.858081E-02 1.168803E-03 3.689057E+00 8.695305E+00 
1.818971E-01 6.133569E-03 3.461628E-01 1.791175E-01 -1.356129E+00 5.900595E-01 -1.885209E-01 9.900574E-01 2.823012E-02 8.357358E-04 4.511115E+00 8.460510E+00 
1.759861E-01 4.513286E-03 3.490974E-01 1.843001E-01 -1.330472E+00 5.936889E-01 -1.430888E-01 1.002436E+00 2.743557E-02 8.344421E-04 3.918890E+00 9.419256E+00 
1.640147E-01 6.585599E-03 3.583798E-01 1.822335E-01 -1.454405E+00 5.801499E-01 -1.488412E-01 9.652920E-01 2.746040E-02 1.293412E-03 4.145537E+00 9.107644E+00 
1.547694E-01 6.931644E-03 3.394041E-01 1.740034E-01 -1.417310E+00 5.738377E-01 -1.341255E-01 1.019817E+00 2.629345E-02 2.113389E-03 3.892128E+00 8.955526E+00 
1.601602E-01 6.408140E-03 3.483597E-01 1.797620E-01 -1.283200E+00 5.973442E-01 -1.152911E-01 9.699962E-01 2.800706E-02 1.310397E-03 4.385418E+00 8.913187E+00 
1.654026E-01 5.722365E-03 3.273324E-01 1.787625E-01 -1.480769E+00 6.000000E-01 -2.000000E-01 9.358470E-01 2.623280E-02 1.666179E-03 4.219133E+00 8.546568E+00 
1.665199E-01 7.276991E-03 3.613658E-01 1.813788E-01 -1.292528E+00 5.845216E-01 -9.475414E-02 9.564776E-01 2.756331E-02 1.084445E-03 4.473457E+00 7.727011E+00 
1.518116E-01 7.461938E-03 3.409700E-01 1.790179E-01 -1.374549E+00 5.834614E-01 -1.455492E-01 9.555617E-01 2.773444E-02 1.374862E-03 4.222732E+00 8.954668E+00 
1.832875E-01 5.907670E-03 3.214409E-01 1.763316E-01 -1.456989E+00 5.902244E-01 -1.785785E-01 9.667474E-01 2.793075E-02 1.016310E-03 3.966953E+00 8.335485E+00 
1.705253E-01 3.154100E-03 3.407098E-01 1.771917E-01 -1.533370E+00 5.854695E-01 -1.531775E-01 8.761626E-01 2.748649E-02 9.421168E-04 4.112822E+00 8.088138E+00 
1.616086E-01 2.478345E-02 3.198140E-01 1.777039E-01 -1.334698E+00 5.151569E-01 -1.328678E-01 9.771951E-01 2.988253E-02 1.967951E-03 4.511022E+00 8.930200E+00 
1.732167E-01 5.148129E-03 3.400856E-01 1.793106E-01 -1.412263E+00 5.791543E-01 -1.081268E-01 9.442945E-01 2.681397E-02 1.419465E-03 4.544492E+00 9.139942E+00 
1.690558E-01 5.571417E-03 3.310399E-01 1.828356E-01 -1.469791E+00 5.847357E-01 -1.223994E-01 9.366438E-01 2.876549E-02 1.719689E-03 3.946943E+00 8.967834E+00 
1.779473E-01 5.706863E-03 3.531917E-01 1.761864E-01 -1.439752E+00 5.795789E-01 -1.498372E-01 9.270943E-01 2.729243E-02 2.622664E-04 4.251190E+00 8.823436E+00 
1.615645E-01 2.628581E-03 3.496886E-01 1.761851E-01 -1.407947E+00 5.808597E-01 -1.538163E-01 9.511102E-01 2.875853E-02 7.979391E-04 4.210852E+00 8.613015E+00 
1.649786E-01 6.905230E-03 3.446512E-01 1.776353E-01 -1.388293E+00 5.817695E-01 -9.002655E-02 9.712451E-01 2.719579E-02 5.434247E-04 4.066753E+00 9.089790E+00 
1.748775E-01 6.227198E-03 3.525930E-01 1.757353E-01 -1.377128E+00 5.902975E-01 -1.990979E-01 9.169562E-01 2.397433E-02 1.996899E-03 4.048470E+00 7.847619E+00 
1.756796E-01 4.877698E-03 3.443445E-01 1.739286E-01 -1.509030E+00 5.823321E-01 -1.162155E-01 1.034950E+00 3.231162E-02 9.852287E-04 4.073693E+00 8.654786E+00 
1.667982E-01 4.905883E-03 3.458484E-01 1.782024E-01 -1.504764E+00 5.943022E-01 -1.242577E-01 9.898138E-01 2.972612E-02 1.218069E-03 4.512578E+00 9.325916E+00 
1.750257E-01 5.728155E-03 3.510992E-01 1.839970E-01 -1.392830E+00 5.481772E-01 -1.235847E-01 9.332035E-01 2.748525E-02 8.035444E-04 4.096810E+00 8.156662E+00 
1.600137E-01 5.856867E-03 3.355946E-01 1.844173E-01 -1.415194E+00 5.872363E-01 -1.091575E-01 9.578228E-01 2.675897E-02 6.334184E-04 4.461717E+00 9.009268E+00 
1.784227E-01 4.082435E-03 3.246144E-01 1.849176E-01 -1.421232E+00 5.853216E-01 -1.542009E-01 9.443534E-01 2.895547E-02 1.133097E-03 4.094948E+00 8.690901E+00 
1.719954E-01 5.219082E-03 3.460276E-01 1.798648E-01 -1.414715E+00 5.535759E-01 -1.400190E-01 9.914480E-01 2.781863E-02 4.638498E-04 4.512072E+00 9.324338E+00 
