1.859328E-01 6.017638E-03 3.388803E-01 1.761641E-01 -1.348812E+00 5.893506E-01 -1.371127E-01 9.798983E-01 2.981332E-02 2.371272E-03 4.223800E+00 9.616708E+00 
1.521081E-01 7.322684E-03 3.440249E-01 1.727286E-01 -1.411794E+00 5.795758E-01 -8.445257E-02 8.592131E-01 2.958107E-02 8.682087E-04 4.212837E+00 8.828326E+00 
1.663238E-01 8.690967E-03 3.437125E-01 1.796686E-01 -1.547799E+00 5.882818E-01 -1.547433E-01 8.828540E-01 2.584390E-02 1.067283E-03 3.697923E+00 1.023134E+01 
1.710539E-01 6.706328E-03 3.313484E-01 1.802253E-01 -1.588449E+00 5.835107E-01 -5.698657E-02 9.990107E-01 3.068578E-02 1.114548E-03 4.238182E+00 9.258006E+00 
1.627203E-01 4.564659E-03 3.432683E-01 1.761986E-01 -1.424355E+00 5.803103E-01 -9.727693E-02 9.877397E-01 2.606129E-02 6.477239E-04 3.320409E+00 9.932381E+00 
1.587540E-01 2.378731E-03 3.330997E-01 1.828393E-01 -1.408089E+00 5.920951E-01 -1.236825E-01 1.019847E+00 2.899730E-02 3.846022E-03 4.510597E+00 8.768224E+00 
1.444225E-01 3.024942E-02 3.402039E-01 1.696802E-01 -1.418427E+00 5.742522E-01 -1.735618E-01 9.610348E-01 3.136137E-02 3.848807E-03 4.429840E+00 9.825802E+00 
1.653994E-01 1.012418E-02 3.379877E-01 1.796369E-01 -1.364639E+00 5.799351E-01 -1.553183E-01 9.872884E-01 2.833690E-02 2.097777E-03 4.241711E+00 8.952685E+00 
1.667580E-01 8.090971E-03 3.465667E-01 1.781506E-01 -1.409901E+00 5.776163E-01 -1.491431E-01 9.463725E-01 2.762166E-02 1.484524E-03 4.264461E+00 9.019438E+00 
1.625657E-01 5.073214E-03 3.432155E-01 1.776028E-01 -1.435313E+00 5.940492E-01 -1.780759E-01 9.938451E-01 2.705560E-02 1.659182E-03 4.030859E+00 8.932737E+00 
1.795080E-01 8.040927E-03 3.458193E-01 1.913660E-01 -1.419523E+00 5.875048E-01 -1.273011E-01 8.389745E-01 2.929832E-02 4.168027E-04 4.015589E+00 9.011441E+00 
1.690510E-01 2.950245E-03 3.421293E-01 1.802222E-01 -1.386106E+00 5.610010E-01 -1.454508E-01 9.136097E-01 2.584291E-02 1.505221E-03 4.283515E+00 9.368178E+00 
1.721774E-01 7.394164E-03 3.259075E-01 1.754339E-01 -1.389682E+00 5.745147E-01 -9.947318E-02 9.570707E-01 2.950502E-02 4.234617E-04 4.228592E+00 8.757465E+00 
1.609393E-01 7.648057E-03 3.371696E-01 1.798746E-01 -1.367377E+00 5.754709E-01 -1.330486E-01 9.634008E-01 2.741155E-02 1.015649E-03 4.295579E+00 8.520599E+00 
1.675419E-01 4.587162E-03 3.454313E-01 1.796630E-01 -1.462521E+00 5.805857E-01 -1.365832E-01 9.821505E-01 2.731622E-02 1.052264E-03 4.096847E+00 1.011988E+01 
1.587355E-01 5.848857E-03 3.432739E-01 1.740755E-01 -1.533220E+00 5.808115E-01 -1.766500E-01 9.328568E-01 2.513881E-02 7.824805E-04 4.207636E+00 8.972287E+00 
1.613096E-01 5.607331E-03 3.018336E-01 1.757394E-01 -1.344329E+00 5.460281E-01 -7.919908E-02 9.495323E-01 2.691368E-02 1.626611E-03 3.885937E+00 9.866573E+00 
1.670809E-01 6.016148E-03 3.386119E-01 1.734527E-01 -1.360431E+00 5.894052E-01 -1.244379E-01 9.958670E-01 2.820246E-02 1.436454E-03 4.255651E+00 7.837635E+00 
1.829514E-01 4.733905E-03 3.679010E-01 1.739292E-01 -1.481145E+00 5.944756E-01 -1.665286E-01 9.309859E-01 2.779450E-02 2.049210E-03 4.267404E+00 8.809057E+00 
1.873647E-01 4.450293E-03 3.487630E-01 1.831835E-01 -1.336903E+00 5.807835E-01 -1.694713E-01 8.848157E-01 2.929607E-02 9.920632E-04 4.296911E+00 9.669522E+00 
1.590716E-01 1.607906E-02 3.566854E-01 1.710957E-01 -1.482718E+00 4.768822E-01 -1.567402E-01 9.373736E-01 2.815034E-02 2.513087E-03 4.002266E+00 1.002149E+01 
1.693027E-01 9.766194E-03 3.491896E-01 1.877875E-01 -1.499289E+00 5.760268E-01 -1.217746E-01 1.039356E+00 2.916577E-02 9.277275E-04 4.509913E+00 9.529087E+00 
1.663826E-01 4.038527E-03 3.431674E-01 1.778315E-01 -1.475151E+00 5.791943E-01 -1.314807E-01 9.497102E-01 2.870320E-02 1.338008E-03 4.397780E+00 8.593292E+00 
1.658656E-01 5.340116E-03 3.451750E-01 1.785219E-01 -1.445295E+00 5.807083E-01 -1.267095E-01 9.168627E-01 2.839054E-02 7.988256E-04 4.079806E+00 8.476907E+00 
1.844418E-01 1.234469E-02 3.468840E-01 1.821757E-01 -1.417600E+00 5.814971E-01 -1.011307E-01 1.059895E+00 2.978782E-02 1.772218E-03 4.362571E+00 9.790373E+00 
1.895285E-01 3.934614E-04 3.524129E-01 1.814229E-01 -1.258080E+00 5.932800E-01 -1.287904E-01 9.546211E-01 2.803667E-02 1.411563E-03 4.190422E+00 8.644051E+00 
1.804696E-01 5.061219E-03 3.296995E-01 1.840292E-01 -1.525596E+00 5.594040E-01 -1.457485E-01 9.336053E-01 3.118636E-02 1.642955E-03 4.219532E+00 8.565742E+00 
1.836595E-01 5.631197E-03 3.372185E-01 1.735619E-01 -1.383426E+00 5.913268E-01 -1.879894E-01 9.675255E-01 2.820155E-02 1.279944E-03 4.376984E+00 8.919337E+00 
1.889116E-01 5.454140E-03 3.508284E-01 1.707458E-01 -1.365608E+00 5.632162E-01 -1.842974E-01 9.808174E-01 2.867700E-02 9.977791E-04 3.398381E+00 8.426014E+00 
1.642777E-01 4.007192E-03 3.355418E-01 1.745135E-01 -1.243837E+00 5.796187E-01 -1.182987E-01 9.972806E-01 2.846284E-02 9.636869E-04 4.270793E+00 8.960170E+00 
1.702408E-01 8.078563E-03 3.658745E-01 1.797702E-01 -1.325482E+00 5.917692E-01 -1.438045E-01 9.053052E-01 2.870384E-02 8.385655E-04 4.766379E+00 9.796519E+00 
1.720590E-01 4.992885E-03 3.647224E-01 1.820117E-01 -1.403702E+00 5.833365E-01 -1.627120E-01 9.531464E-01 2.893426E-02 9.533830E-04 4.236877E+00 7.907393E+00 
1.585908E-01 4.824771E-03 3.376439E-01 1.771561E-01 -1.314364E+00 5.930152E-01 -1.224192E-01 9.619906E-01 2.998643E-02 8.988862E-04 4.194668E+00 7.825706E+00 
1.712915E-01 3.880342E-03 3.372118E-01 1.729383E-01 -1.097238E+00 5.817192E-01 -1.490692E-01 9.509718E-01 2.889137E-02 4.179190E-03 4.114428E+00 1.004869E+01 
1.678027E-01 2.712093E-03 3.338819E-01 1.750034E-01 -1.375386E+00 5.944839E-01 -1.008140E-01 9.382305E-01 2.737053E-02 2.364781E-03 4.434072E+00 9.224864E+00 
1.768172E-01 5.256828E-03 3.366760E-01 1.792504E-01 -1.367540E+00 5.946839E-01 -1.559387E-01 9.704952E-01 2.997962E-02 4.426188E-04 3.638255E+00 8.740309E+00 
1.590387E-01 4.228341E-03 3.534599E-01 1.731367E-01 -1.391951E+00 5.782481E-01 -1.341166E-01 9.328925E-01 2.864605E-02 9.113728E-04 4.256127E+00 8.012486E+00 
1.762740E-01 3.775774E-03 3.410589E-01 1.750582E-01 -1.326747E+00 5.847634E-01 -1.293494E-01 9.339731E-01 2.825894E-02 2.097290E-03 3.828329E+00 9.462416E+00 
1.820985E-01 8.003439E-03 3.216432E-01 1.892023E-01 -1.386747E+00 5.735779E-01 -1.086032E-01 9.774846E-01 2.983778E-02 1.444349E-03 4.275795E+00 9.236527E+00 
1.659263E-01 1.020772E-02 3.500591E-01 1.791310E-01 -1.335340E+00 5.737297E-01 -1.470757E-01 1.045527E+00 2.810900E-02 1.775863E-03 4.647549E+00 9.321548E+00 
1.568217E-01 3.091740E-03 3.383793E-01 1.723514E-01 -1.374001E+00 5.806186E-01 -9.889281E-02 9.240185E-01 2.833656E-02 3.224515E-04 4.195490E+00 1.020570E+01 
1.534556E-01 4.560803E-03 3.565298E-01 1.711929E-01 -1.443274E+00 5.653107E-01 -1.281130E-01 8.937105E-01 2.913332E-02 1.861496E-03 3.915746E+00 8.495017E+00 
1.821151E-01 8.305870E-03 3.365899E-01 1.812923E-01 -1.427942E+00 5.939166E-01 -1.889451E-01 9.057225E-01 2.456029E-02 9.911451E-04 4.283298E+00 8.733235E+00 
1.585688E-01 5.813244E-03 3.207859E-01 1.767299E-01 -1.418597E+00 5.724641E-01 -9.120442E-02 1.017686E+00 2.955073E-02 1.248734E-03 4.109285E+00 7.195788E+00 
1.687441E-01 6.935859E-03 3.483438E-01 1.766465E-01 -1.442098E+00 5.743347E-01 -9.036133E-02 9.517406E-01 2.838488E-02 1.353415E-03 4.413581E+00 8.609059E+00 
1.878691E-01 5.115266E-03 3.514947E-01 1.819322E-01 -1.641109E+00 5.974586E-01 -2.000000E-01 8.903910E-01 2.784864E-02 6.579692E-04 4.478814E+00 9.140354E+00 
1.860580E-01 5.936632E-03 3.424365E-01 1.831829E-01 -1.487626E+00 5.882357E-01 -1.068937E-01 9.021351E-01 2.729310E-02 1.271149E-03 4.381996E+00 8.752213E+00 
1.520269E-01 7.841119E-03 3.340541E-01 1.804296E-01 -1.301178E+00 5.914276E-01 -1.784821E-01 9.622599E-01 2.836549E-02 1.649959E-03 4.262641E+00 9.007311E+00 
1.614109E-01 5.016985E-03 3.374198E-01 1.763166E-01 -1.554333E+00 5.662545E-01 -1.258913E-01 9.294515E-01 2.929615E-02 1.907966E-04 3.991426E+00 8.657256E+00 
1.674206E-01 7.534388E-03 3.453125E-01 1.715790E-01 -1.378467E+00 5.922785E-01 -1.741963E-01 1.019824E+00 2.815302E-02 1.631991E-03 4.468617E+00 9.158451E+00 
1.671903E-01 7.072810E-03 3.310655E-01 1.782171E-01 -1.360269E+00 5.868068E-01 -1.123620E-01 9.187876E-01 3.088705E-02 7.605226E-04 4.318154E+00 9.338044E+00 
1.628036E-01 7.234670E-03 3.542046E-01 1.771872E-01 -1.395875E+00 5.936904E-01 -1.782707E-01 8.720598E-01 2.430948E-02 2.724832E-03 4.461832E+00 8.448742E+00 
1.624604E-01 1.143282E-02 3.482901E-01 1.858184E-01 -1.386470E+00 5.826093E-01 -1.076295E-01 9.299551E-01 2.956833E-02 1.301777E-04 4.608887E+00 8.413110E+00 
1.621122E-01 5.981274E-03 3.408483E-01 1.747905E-01 -1.415667E+00 5.776722E-01 -1.625642E-01 9.806751E-01 2.887950E-02 4.038683E-03 4.323266E+00 8.722983E+00 
1.634812E-01 5.090712E-03 3.404627E-01 1.774388E-01 -1.479427E+00 5.891454E-01 -9.945511E-02 9.891809E-01 2.663156E-02 1.130826E-03 4.281000E+00 8.744874E+00 
1.682085E-01 4.389716E-03 3.510725E-01 1.766636E-01 -1.431214E+00 5.820537E-01 -1.188445E-01 9.080330E-01 2.683292E-02 6.855252E-04 4.046603E+00 9.451838E+00 
1.753350E-01 6.038726E-03 3.496961E-01 1.811617E-01 -1.303419E+00 5.851357E-01 -1.705727E-01 9.523378E-01 2.635878E-02 8.408129E-04 4.215660E+00 9.743539E+00 
1.660976E-01 7.822218E-03 3.564293E-01 1.753815E-01 -1.448551E+00 5.767666E-01 -1.166193E-01 9.475858E-01 2.722657E-02 1.102359E-03 4.556387E+00 9.727673E+00 
1.833437E-01 2.918997E-03 3.481677E-01 1.740331E-01 -1.403537E+00 5.990497E-01 -1.614951E-01 9.280292E-01 2.832933E-02 1.824348E-03 4.264343E+00 9.216065E+00 
1.678783E-01 6.401354E-03 3.522475E-01 1.776115E-01 -1.537426E+00 5.746677E-01 -1.016721E-01 9.115693E-01 2.973861E-02 2.578001E-05 4.024569E+00 9.893872E+00 
1.060200E-01 1.578017E-02 3.411432E-01 1.795865E-01 -1.447085E+00 5.822345E-01 -9.623543E-02 9.922718E-01 2.741586E-02 5.282638E-03 4.474815E+00 4.084466E+00 
1.707514E-01 7.499944E-03 3.556256E-01 1.746903E-01 -1.400952E+00 5.751520E-01 -1.270517E-01 9.302304E-01 2.717581E-02 1.564029E-03 4.246522E+00 9.368984E+00 
1.671464E-01 4.653278E-03 3.505853E-01 1.770620E-01 -1.332611E+00 5.899125E-01 -1.288939E-01 1.085192E+00 2.717672E-02 1.504833E-03 4.362147E+00 1.107325E+01 
1.794812E-01 4.175889E-03 3.317112E-01 1.764598E-01 -1.465647E+00 5.928243E-01 -1.919783E-01 8.895678E-01 2.968881E-02 1.409749E-03 4.047086E+00 9.754941E+00 
1.749323E-01 6.342758E-03 3.466733E-01 1.765895E-01 -1.443882E+00 5.904933E-01 -1.635429E-01 9.633161E-01 2.814441E-02 1.677829E-03 3.959554E+00 9.037393E+00 
1.701612E-01 4.827662E-03 3.313962E-01 1.800967E-01 -1.486016E+00 5.797190E-01 -1.179616E-01 9.931192E-01 2.964324E-02 8.212295E-04 3.538604E+00 9.009022E+00 
1.620952E-01 6.459108E-03 3.392377E-01 1.773788E-01 -1.472895E+00 5.851636E-01 -1.523045E-01 9.251909E-01 2.602292E-02 8.174413E-04 4.000738E+00 9.389879E+00 
1.740066E-01 8.169018E-03 3.364695E-01 1.747519E-01 -1.442189E+00 5.885984E-01 -1.824822E-01 9.844817E-01 2.829946E-02 6.920972E-04 4.430101E+00 8.579114E+00 
1.658647E-01 3.193422E-03 3.413526E-01 1.803944E-01 -1.528032E+00 5.865920E-01 -1.134612E-01 9.559549E-01 2.839114E-02 1.081726E-03 4.227075E+00 8.814497E+00 
1.627572E-01 6.792511E-03 3.561295E-01 1.789607E-01 -1.456969E+00 5.893077E-01 -1.253327E-01 9.742693E-01 2.638060E-02 1.101622E-03 4.378794E+00 9.438232E+00 
1.702701E-01 8.898896E-03 3.471490E-01 1.790137E-01 -1.313664E+00 5.628903E-01 -1.190745E-01 8.957894E-01 2.845704E-02 8.759125E-04 4.215005E+00 1.000062E+01 
1.578912E-01 5.059962E-03 3.389466E-01 1.750811E-01 -1.521203E+00 5.847141E-01 -1.715824E-01 9.389414E-01 2.726816E-02 1.181174E-03 4.116870E+00 9.072439E+00 
1.636062E-01 5.242034E-03 3.679509E-01 1.723134E-01 -1.462463E+00 5.597548E-01 -9.580175E-02 9.734495E-01 2.969684E-02 1.235411E-03 4.064086E+00 8.813159E+00 
1.689488E-01 8.824231E-03 3.423423E-01 1.809990E-01 -1.398039E+00 5.606642E-01 -1.293678E-01 9.378829E-01 2.786121E-02 1.627297E-03 4.387486E+00 8.609578E+00 
1.755125E-01 5.336709E-03 3.345051E-01 1.803472E-01 -1.334662E+00 5.848241E-01 -1.212359E-01 9.347561E-01 2.767333E-02 1.890511E-04 3.722829E+00 9.647197E+00 
1.708155E-01 5.422640E-03 3.462705E-01 1.816664E-01 -1.365073E+00 5.870121E-01 -1.537216E-01 9.450669E-01 2.667476E-02 0.000000E+00 4.435729E+00 8.708131E+00 
1.698297E-01 6.077387E-03 3.238599E-01 1.790408E-01 -1.418007E+00 5.739218E-01 -1.126813E-01 1.025199E+00 2.881007E-02 1.105367E-03 4.084573E+00 8.654536E+00 
1.732075E-01 3.921760E-03 3.545565E-01 1.793969E-01 -1.372149E+00 5.880381E-01 -1.726796E-01 8.901309E-01 2.832239E-02 0.000000E+00 4.064709E+00 9.379169E+00 
1.611957E-01 5.886951E-03 3.544104E-01 1.810345E-01 -1.468621E+00 5.725156E-01 -9.846275E-02 9.490634E-01 2.864224E-02 5.482005E-04 3.940625E+00 9.120173E+00 
1.551999E-01 5.260962E-03 3.377270E-01 1.858917E-01 -1.294574E+00 5.582375E-01 -9.619294E-02 9.330977E-01 2.798970E-02 1.748303E-03 4.537102E+00 9.304554E+00 
1.712743E-01 9.339511E-03 3.540142E-01 1.789997E-01 -1.272818E+00 5.819428E-01 -1.260213E-01 9.070252E-01 3.003521E-02 1.170350E-03 3.817103E+00 7.643758E+00 
1.624674E-01 2.626061E-03 3.378655E-01 1.815819E-01 -1.393028E+00 5.804889E-01 -1.443547E-01 9.491237E-01 2.767695E-02 7.870221E-04 4.415016E+00 8.412261E+00 
1.622814E-01 6.105975E-03 3.724875E-01 1.815425E-01 -1.240999E+00 5.867397E-01 -9.842800E-02 9.473315E-01 2.944079E-02 8.648361E-04 4.050963E+00 8.048221E+00 
1.633550E-01 5.836824E-03 3.559350E-01 1.776585E-01 -1.443615E+00 5.837066E-01 -1.425714E-01 9.567259E-01 2.910024E-02 2.698730E-03 4.098052E+00 8.754712E+00 
1.647509E-01 5.537517E-03 3.327747E-01 1.760581E-01 -1.481514E+00 5.948841E-01 -1.428140E-01 8.913340E-01 2.823200E-02 1.250974E-03 3.781500E+00 9.215737E+00 
1.697194E-01 7.992633E-03 3.306112E-01 1.772935E-01 -1.485059E+00 5.775103E-01 -1.054431E-01 9.312074E-01 3.016187E-02 1.740794E-03 3.971859E+00 8.248721E+00 
1.724370E-01 5.891893E-03 3.450661E-01 1.784748E-01 -1.347247E+00 5.871493E-01 -1.341911E-01 1.015344E+00 2.950005E-02 2.273074E-03 4.365574E+00 9.829850E+00 
1.592205E-01 9.617747E-03 3.366919E-01 1.785530E-01 -1.427648E+00 5.934805E-01 -1.146722E-01 1.000480E+00 2.826345E-02 0.000000E+00 3.978632E+00 9.430433E+00 
1.851461E-01 8.111314E-03 3.151813E-01 1.796714E-01 -1.494581E+00 5.872722E-01 -1.479186E-01 1.001274E+00 2.864832E-02 8.032938E-04 4.411443E+00 8.250180E+00 
1.606132E-01 5.241903E-03 3.291095E-01 1.778922E-01 -1.362937E+00 5.821828E-01 -1.257318E-01 9.216851E-01 2.939632E-02 1.334322E-03 4.071666E+00 9.663201E+00 
1.661275E-01 4.042192E-03 3.547894E-01 1.754018E-01 -1.429179E+00 5.669396E-01 -1.434838E-01 9.310067E-01 2.642996E-02 4.090759E-04 4.370014E+00 8.444154E+00 
1.636823E-01 4.970417E-03 3.255695E-01 1.786706E-01 -1.409129E+00 5.757764E-01 -1.103976E-01 9.913082E-01 2.943558E-02 4.691577E-04 4.199300E+00 7.662438E+00 
1.883642E-01 5.045304E-03 3.575708E-01 1.791533E-01 -1.258377E+00 5.881409E-01 -1.710693E-01 9.739284E-01 2.678881E-02 1.513583E-03 4.473494E+00 8.366553E+00 
1.869825E-01 4.021157E-03 3.566764E-01 1.789120E-01 -1.248790E+00 5.726845E-01 -1.233334E-01 9.506925E-01 2.759278E-02 5.707307E-04 4.056329E+00 8.753340E+00 
1.648165E-01 4.830927E-03 3.565957E-01 1.762288E-01 -1.558827E+00 5.815020E-01 -1.203735E-01 9.723241E-01 2.444810E-02 1.967064E-03 4.128389E+00 9.420636E+00 
1.800315E-01 6.146618E-03 3.389278E-01 1.788105E-01 -1.416200E+00 5.836040E-01 -1.407657E-01 9.603705E-01 2.812432E-02 2.578671E-04 4.539055E+00 8.576940E+00 
1.860759E-01 9.492877E-03 3.462596E-01 1.800860E-01 -1.416377E+00 5.763886E-01 -1.423410E-01 9.667219E-01 3.041044E-02 2.553500E-03 4.288743E+00 8.443640E+00 
1.635575E-01 7.180372E-03 3.648867E-01 1.803159E-01 -1.421365E+00 5.951175E-01 -1.625806E-01 9.831297E-01 2.909466E-02 1.340725E-03 4.386641E+00 8.707204E+00 
1.636271E-01 6.499309E-03 3.588881E-01 1.680204E-01 -1.415107E+00 5.472799E-01 -1.183585E-01 9.056407E-01 2.815248E-02 8.358580E-04 3.715914E+00 9.248614E+00 
1.549462E-01 6.061360E-03 3.254765E-01 1.790407E-01 -1.393884E+00 5.784711E-01 -1.338320E-01 9.441172E-01 2.822972E-02 1.440361E-03 4.305524E+00 9.086837E+00 
1.713430E-01 4.368739E-03 3.403464E-01 1.782327E-01 -1.357288E+00 5.807527E-01 -1.120621E-01 9.389042E-01 2.892127E-02 3.581507E-04 4.056844E+00 8.887456E+00 
1.578581E-01 2.980575E-03 3.515722E-01 1.773353E-01 -1.449266E+00 5.667057E-01 -1.282487E-01 9.220271E-01 2.951331E-02 1.504752E-03 4.076281E+00 9.198796E+00 
1.828164E-01 6.009238E-03 3.281459E-01 1.734892E-01 -1.466881E+00 5.938511E-01 -1.976161E-01 9.570528E-01 2.696595E-02 8.945316E-04 3.924396E+00 8.877212E+00 
1.815949E-01 2.599347E-03 3.482166E-01 1.801611E-01 -1.345156E+00 5.888311E-01 -1.279959E-01 9.775807E-01 2.924034E-02 9.466576E-04 4.249372E+00 9.176615E+00 
1.756917E-01 2.515685E-03 3.286391E-01 1.763695E-01 -1.430464E+00 5.826727E-01 -9.146461E-02 9.569011E-01 2.937392E-02 1.054553E-03 4.450206E+00 9.103707E+00 
1.735488E-01 4.881978E-03 3.431343E-01 1.839784E-01 -1.390885E+00 5.876520E-01 -8.186469E-02 9.144418E-01 2.519563E-02 2.221876E-03 4.349876E+00 9.193636E+00 
1.783919E-01 6.689558E-03 3.510228E-01 1.819032E-01 -1.414491E+00 5.880941E-01 -1.736267E-01 9.558643E-01 2.801687E-02 2.360523E-04 3.963424E+00 8.716120E+00 
1.755828E-01 5.763707E-02 3.475677E-01 1.782812E-01 -1.369042E+00 5.874354E-01 -1.798150E-01 9.511481E-01 2.922577E-02 4.955887E-04 4.093583E+00 1.014855E+01 
1.669099E-01 5.930424E-03 3.589415E-01 1.822867E-01 -1.451708E+00 5.968752E-01 -1.241556E-01 9.324091E-01 2.832342E-02 1.063198E-03 4.483088E+00 8.827101E+00 
1.834398E-01 6.137301E-03 3.299237E-01 1.699319E-01 -1.417750E+00 5.860494E-01 -1.247492E-01 9.337465E-01 3.246059E-02 6.527629E-04 4.221974E+00 8.586314E+00 
1.639646E-01 4.741949E-03 3.366729E-01 1.693463E-01 -1.406240E+00 5.971442E-01 -1.438817E-01 9.590550E-01 2.902651E-02 1.434738E-03 4.393389E+00 8.699362E+00 
1.752812E-01 4.238570E-03 3.603787E-01 1.738453E-01 -1.446190E+00 5.805742E-01 -1.460400E-01 9.824764E-01 2.226170E-02 1.007368E-03 4.141201E+00 8.026859E+00 
1.869791E-01 9.862184E-03 3.247562E-01 1.866438E-01 -1.508963E+00 5.871309E-01 -1.338258E-01 9.215344E-01 2.914336E-02 9.901766E-05 4.680065E+00 9.241657E+00 
1.807697E-01 5.514162E-03 3.610384E-01 1.773231E-01 -1.405570E+00 5.661799E-01 -1.378398E-01 9.760419E-01 2.725614E-02 1.333454E-03 4.357305E+00 8.987101E+00 
1.781971E-01 7.998771E-03 3.505756E-01 1.777726E-01 -1.444248E+00 5.890044E-01 -1.716517E-01 8.926985E-01 3.129996E-02 1.051332E-03 3.528565E+00 7.859222E+00 
1.781014E-01 8.482342E-03 3.419661E-01 1.744632E-01 -1.441001E+00 5.812377E-01 -9.135789E-02 9.468061E-01 2.829910E-02 3.055582E-03 3.650285E+00 8.935838E+00 
1.767600E-01 5.173951E-03 3.418758E-01 1.781092E-01 -1.306393E+00 5.825194E-01 -1.243592E-01 9.201318E-01 2.809483E-02 8.246900E-04 4.072068E+00 1.028073E+01 
1.775886E-01 6.007304E-03 3.571300E-01 1.865309E-01 -1.422852E+00 5.950160E-01 -9.410680E-02 9.511507E-01 3.015699E-02 1.730789E-03 4.579898E+00 8.930776E+00 
1.829759E-01 4.728755E-03 3.622599E-01 1.756553E-01 -1.404083E+00 5.959896E-01 -2.000000E-01 9.812590E-01 2.780534E-02 1.020244E-03 4.621167E+00 8.676998E+00 
1.820355E-01 5.566886E-03 3.303605E-01 1.804646E-01 -1.537312E+00 5.747663E-01 -1.564659E-01 9.480890E-01 2.892532E-02 1.551665E-03 4.080795E+00 8.281137E+00 
1.690029E-01 6.319974E-03 3.386847E-01 1.683817E-01 -1.492206E+00 5.823313E-01 -1.517747E-01 9.708322E-01 3.032317E-02 1.052917E-03 3.770842E+00 8.153080E+00 
1.703568E-01 6.231979E-03 3.384707E-01 1.791176E-01 -1.383959E+00 5.809883E-01 -1.000283E-01 9.830426E-01 2.858923E-02 8.785834E-04 4.278481E+00 9.088889E+00 
1.865817E-01 5.680124E-03 3.433839E-01 1.736300E-01 -1.541550E+00 5.976274E-01 -1.833326E-01 8.472724E-01 2.663162E-02 1.536086E-03 4.270577E+00 9.033746E+00 
1.151925E-01 6.535339E-03 3.145737E-01 1.854443E-01 -1.475951E+00 5.865747E-01 -1.040963E-01 9.329089E-01 2.859295E-02 2.749431E-03 3.961928E+00 9.054110E+00 
1.829778E-01 6.160378E-03 3.354315E-01 1.760926E-01 -1.424184E+00 5.849669E-01 -1.437522E-01 8.956260E-01 2.846015E-02 1.701401E-03 4.173014E+00 9.460790E+00 
1.737059E-01 5.944074E-03 3.369052E-01 1.789277E-01 -1.456746E+00 5.772321E-01 -1.036668E-01 9.034958E-01 2.832928E-02 0.000000E+00 4.160870E+00 8.661760E+00 
1.740996E-01 5.591550E-03 3.365846E-01 1.822399E-01 -1.414222E+00 5.921856E-01 -9.086402E-02 9.470788E-01 2.863389E-02 1.296115E-03 4.195971E+00 8.702877E+00 
1.584686E-01 8.190030E-03 3.399898E-01 1.870850E-01 -1.515397E+00 5.742078E-01 -1.230285E-01 9.423987E-01 2.811334E-02 6.601274E-04 4.698757E+00 8.744697E+00 
1.622957E-01 6.463695E-03 3.324259E-01 1.774692E-01 -1.508566E+00 5.958331E-01 -1.297904E-01 9.660383E-01 2.930094E-02 9.105104E-04 3.735000E+00 8.480154E+00 
1.653181E-01 4.195164E-03 3.449459E-01 1.768612E-01 -1.500706E+00 5.608768E-01 -9.398273E-02 9.258307E-01 2.865657E-02 1.105932E-03 3.917366E+00 9.189975E+00 
1.750287E-01 8.240133E-03 3.370888E-01 1.777096E-01 -1.531540E+00 5.726069E-01 -1.040217E-01 9.360338E-01 2.586951E-02 1.255538E-03 4.207848E+00 9.878479E+00 
1.651072E-01 5.243111E-03 3.273610E-01 1.810212E-01 -1.407917E+00 5.803711E-01 -1.405049E-01 9.930528E-01 2.802623E-02 1.407623E-03 3.927013E+00 9.525332E+00 
1.752726E-01 5.718084E-03 3.119302E-01 1.814246E-01 -1.379137E+00 5.842992E-01 -1.321472E-01 9.315081E-01 2.691466E-02 5.865105E-04 4.196552E+00 8.475805E+00 
1.609762E-01 3.113211E-03 3.486458E-01 1.698714E-01 -1.332202E+00 5.654868E-01 -8.404521E-02 9.228537E-01 2.877378E-02 1.555253E-03 4.122925E+00 1.001045E+01 
1.736946E-01 4.221311E-03 3.602463E-01 1.801862E-01 -1.351101E+00 5.814322E-01 -1.021719E-01 9.456485E-01 2.734515E-02 9.117144E-04 4.381175E+00 8.242901E+00 
1.749824E-01 5.935825E-03 3.382375E-01 1.750757E-01 -1.335392E+00 5.928520E-01 -1.309432E-01 1.069224E+00 2.521760E-02 1.172406E-03 4.323128E+00 9.636965E+00 
1.625048E-01 4.840634E-03 3.440967E-01 1.816290E-01 -1.429898E+00 5.887693E-01 -1.460174E-01 9.997252E-01 2.677185E-02 1.031528E-03 4.454919E+00 8.950996E+00 
1.911510E-01 9.070145E-03 3.356827E-01 1.753488E-01 -1.592775E+00 5.724728E-01 -1.523264E-01 9.545738E-01 2.853111E-02 8.388844E-04 4.135835E+00 1.019284E+01 
1.681898E-01 5.514775E-03 3.569643E-01 1.741271E-01 -1.465393E+00 5.692167E-01 -1.032331E-01 9.192332E-01 2.878659E-02 2.187910E-03 4.242879E+00 8.707217E+00 
1.557732E-01 5.337712E-03 3.331298E-01 1.736780E-01 -1.315455E+00 5.821380E-01 -1.273334E-01 1.051528E+00 2.895332E-02 1.519971E-03 4.017608E+00 8.749690E+00 
1.657993E-01 5.448976E-03 3.457164E-01 1.748795E-01 -1.326341E+00 5.901379E-01 -1.472389E-01 9.268140E-01 3.007646E-02 2.762509E-03 3.874753E+00 9.698395E+00 
1.680768E-01 4.431199E-03 3.513350E-01 1.760969E-01 -1.431166E+00 5.839831E-01 -9.029311E-02 9.420403E-01 2.735594E-02 8.806077E-04 4.399498E+00 9.270683E+00 
1.603185E-01 5.196535E-03 3.362264E-01 1.746999E-01 -1.377014E+00 5.902298E-01 -1.111092E-01 9.332205E-01 2.921874E-02 3.540329E-03 4.035745E+00 9.299672E+00 
1.643522E-01 4.099522E-03 3.423070E-01 1.765672E-01 -1.339540E+00 5.839340E-01 -1.139383E-01 1.020526E+00 2.702139E-02 1.743321E-03 4.287488E+00 8.849756E+00 
1.680273E-01 5.932079E-03 3.638606E-01 1.780721E-01 -1.541604E+00 5.785137E-01 -1.283414E-01 9.105049E-01 2.610516E-02 1.128410E-03 4.289253E+00 8.954440E+00 
1.628338E-01 2.933536E-03 3.298376E-01 1.773281E-01 -1.412450E+00 5.730592E-01 -1.019101E-01 9.999080E-01 2.844952E-02 1.780673E-03 3.736493E+00 9.152081E+00 
1.808738E-01 5.588185E-03 3.310570E-01 1.667793E-01 -1.250628E+00 5.824956E-01 -1.598243E-01 1.006756E+00 2.723579E-02 1.623291E-03 4.904977E+00 8.974856E+00 
1.695800E-01 6.234524E-03 3.624533E-01 1.752735E-01 -1.411142E+00 5.820309E-01 -1.161186E-01 9.569191E-01 3.026154E-02 1.354470E-03 4.824411E+00 8.937708E+00 
1.684996E-01 4.649272E-03 3.490095E-01 1.796688E-01 -1.398382E+00 5.936205E-01 -1.057039E-01 9.460725E-01 2.842571E-02 1.515343E-03 4.430936E+00 9.309255E+00 
1.669453E-01 3.941662E-03 3.477988E-01 1.762712E-01 -1.399770E+00 5.958594E-01 -1.431996E-01 9.359979E-01 2.914966E-02 1.734063E-03 3.929117E+00 9.354953E+00 
1.772185E-01 6.832494E-03 3.612513E-01 1.796088E-01 -1.507629E+00 5.725333E-01 -1.463493E-01 9.284726E-01 2.969364E-02 9.069309E-04 3.971993E+00 9.060533E+00 
1.829332E-01 8.780536E-03 3.313735E-01 1.788045E-01 -1.293485E+00 5.810335E-01 -1.459140E-01 9.685155E-01 2.911680E-02 1.238162E-03 4.532754E+00 8.913187E+00 
1.699172E-01 4.930037E-03 3.422751E-01 1.764486E-01 -1.263495E+00 5.847740E-01 -1.403532E-01 9.781143E-01 2.925707E-02 2.250451E-03 4.016763E+00 1.013660E+01 
1.805883E-01 5.498920E-03 3.356316E-01 1.735089E-01 -1.406742E+00 5.781009E-01 -1.325186E-01 1.019549E+00 3.018833E-02 8.683934E-04 4.657027E+00 8.223717E+00 
1.805201E-01 6.170653E-03 3.547476E-01 1.760494E-01 -1.338583E+00 5.771558E-01 -1.766430E-01 9.133872E-01 2.796262E-02 8.715781E-04 4.092573E+00 8.517458E+00 
1.774704E-01 3.831019E-03 3.398447E-01 1.771418E-01 -1.342706E+00 5.892615E-01 -9.371412E-02 9.479768E-01 2.777354E-02 1.623534E-03 4.387001E+00 8.553370E+00 
1.691231E-01 6.115910E-03 3.329389E-01 1.770884E-01 -1.578041E+00 5.872562E-01 -1.433728E-01 9.824722E-01 2.812869E-02 1.328252E-03 4.494352E+00 8.846376E+00 
1.192833E-01 1.702561E-02 3.414641E-01 1.811933E-01 -1.357983E+00 5.699940E-01 -1.543274E-01 1.072291E+00 2.989621E-02 2.131631E-03 4.672561E+00 1.017472E+01 
1.685695E-01 5.075110E-03 3.551765E-01 1.782666E-01 -1.455931E+00 5.565472E-01 -1.035275E-01 9.136337E-01 2.713626E-02 1.529475E-03 4.272457E+00 7.899278E+00 
1.689794E-01 4.439340E-03 3.393961E-01 1.799827E-01 -1.495242E+00 5.810782E-01 -9.777941E-02 9.141351E-01 2.947392E-02 9.384345E-04 3.986319E+00 1.014393E+01 
1.736638E-01 6.890647E-03 3.380488E-01 1.759641E-01 -1.424643E+00 5.907854E-01 -1.553241E-01 9.204239E-01 2.878154E-02 1.849320E-03 4.081210E+00 7.203651E+00 
1.568127E-01 6.584760E-03 3.293995E-01 1.781797E-01 -1.453906E+00 5.905916E-01 -1.669156E-01 1.032188E+00 2.792267E-02 1.873328E-03 4.272199E+00 8.797334E+00 
1.705357E-01 5.763491E-03 3.430549E-01 1.759567E-01 -1.341645E+00 5.764503E-01 -1.271344E-01 9.132732E-01 2.935639E-02 1.150002E-03 4.124427E+00 9.187286E+00 
1.423649E-01 4.493685E-03 3.025990E-01 1.852404E-01 -1.357035E+00 5.795085E-01 -1.309735E-01 1.010287E+00 2.918018E-02 1.253659E-03 4.351387E+00 9.007288E+00 
1.812626E-01 5.197611E-03 3.339601E-01 1.769286E-01 -1.371915E+00 5.817709E-01 -1.278246E-01 9.240482E-01 2.654478E-02 1.838351E-03 3.975212E+00 9.319884E+00 
1.608367E-01 5.675951E-03 3.647276E-01 1.741243E-01 -1.519431E+00 6.000000E-01 -1.485585E-01 9.964549E-01 2.799808E-02 6.105586E-04 4.344349E+00 1.000962E+01 
1.916536E-01 6.171918E-03 3.407161E-01 1.791488E-01 -1.410920E+00 5.765810E-01 -1.416079E-01 9.153970E-01 2.829255E-02 1.193826E-03 4.034446E+00 9.318764E+00 
1.786599E-01 5.779657E-03 3.381836E-01 1.782430E-01 -1.403974E+00 5.908740E-01 -1.254385E-01 9.437697E-01 2.656885E-02 4.236466E-04 4.584154E+00 9.341925E+00 
1.536483E-01 4.441243E-03 3.122917E-01 1.797254E-01 -1.462430E+00 5.722170E-01 -7.854931E-02 9.197881E-01 2.934821E-02 0.000000E+00 4.044223E+00 8.703992E+00 
1.665764E-01 5.916229E-03 3.438968E-01 1.786017E-01 -1.473602E+00 5.833491E-01 -7.036238E-02 9.261411E-01 2.748970E-02 1.139662E-03 4.263449E+00 9.413444E+00 
1.678462E-01 9.072627E-03 3.278319E-01 1.873780E-01 -1.373540E+00 5.918959E-01 -1.199055E-01 1.011213E+00 2.929169E-02 4.194745E-04 4.837703E+00 9.485601E+00 
1.670293E-01 4.219738E-03 3.282169E-01 1.840993E-01 -1.433008E+00 5.843784E-01 -1.226885E-01 9.761895E-01 3.292271E-02 6.591598E-04 4.099716E+00 9.286341E+00 
1.678196E-01 6.712935E-03 3.574312E-01 1.745470E-01 -1.466248E+00 5.909311E-01 -1.266420E-01 9.510017E-01 2.801338E-02 1.520574E-03 4.455962E+00 9.206928E+00 
1.552529E-01 4.653930E-03 3.313191E-01 1.772941E-01 -1.435834E+00 5.800033E-01 -1.144387E-01 8.249682E-01 2.515491E-02 1.441911E-03 4.221824E+00 8.349737E+00 
1.673215E-01 1.174637E-02 3.389983E-01 1.788033E-01 -1.372409E+00 5.864933E-01 -1.391269E-01 9.198374E-01 2.768777E-02 5.773724E-04 4.373673E+00 8.649016E+00 
1.608372E-01 7.840708E-03 3.302177E-01 1.817841E-01 -1.461204E+00 5.822521E-01 -9.653563E-02 1.009517E+00 2.723705E-02 1.825685E-03 4.233268E+00 9.014596E+00 
1.640993E-01 9.464455E-03 3.221954E-01 1.781519E-01 -1.405146E+00 5.680500E-01 -1.148627E-01 9.857547E-01 2.888624E-02 2.004852E-03 4.165911E+00 8.965086E+00 
1.778557E-01 3.900695E-03 3.444517E-01 1.745499E-01 -1.415179E+00 5.796190E-01 -1.166376E-01 9.462738E-01 2.981707E-02 7.258743E-04 4.106215E+00 8.428653E+00 
1.755205E-01 5.116593E-03 3.392115E-01 1.755070E-01 -1.395444E+00 5.832391E-01 -1.873755E-01 1.011989E+00 2.779952E-02 3.002511E-04 4.481692E+00 8.912476E+00 
1.675689E-01 7.047093E-03 3.384114E-01 1.747657E-01 -1.523393E+00 5.777934E-01 -1.059344E-01 1.012242E+00 2.719997E-02 1.424208E-03 4.189725E+00 1.057794E+01 
1.808441E-01 5.458170E-03 3.414051E-01 1.799955E-01 -1.373480E+00 5.895153E-01 -1.784766E-01 9.455025E-01 2.788743E-02 7.567800E-04 4.592919E+00 8.671834E+00 
1.725258E-01 4.955797E-03 3.612946E-01 1.800542E-01 -1.433814E+00 5.881990E-01 -3.665110E-02 9.506031E-01 2.791687E-02 2.601583E-03 4.169588E+00 9.197652E+00 
1.779576E-01 5.211719E-03 3.482442E-01 1.764114E-01 -1.375784E+00 5.963657E-01 -1.951572E-01 9.022029E-01 2.768386E-02 3.405281E-04 3.989380E+00 9.190687E+00 
1.576841E-01 5.979745E-03 3.566824E-01 1.754479E-01 -1.303590E+00 5.769849E-01 -1.264137E-01 9.607011E-01 2.613618E-02 9.834890E-04 3.988757E+00 8.942299E+00 
1.382609E-01 3.606894E-03 3.435447E-01 1.717907E-01 -1.492743E+00 5.728989E-01 -9.896304E-02 9.824641E-01 2.922577E-02 8.858682E-04 4.718988E+00 1.002964E+01 
1.578909E-01 3.631315E-03 3.254296E-01 1.821983E-01 -1.582438E+00 5.683411E-01 -1.706845E-01 1.072364E+00 3.050390E-02 2.073174E-03 4.411790E+00 8.952071E+00 
1.112441E-01 5.367799E-03 3.475564E-01 1.802097E-01 -1.469777E+00 5.980441E-01 -1.143842E-01 9.222999E-01 2.635404E-02 1.695943E-03 4.171688E+00 4.127162E+00 
1.398020E-01 6.701124E-03 3.074484E-01 1.765965E-01 -1.413525E+00 5.841828E-01 -1.488878E-01 8.162360E-01 2.750739E-02 1.204892E-03 4.260267E+00 9.434649E+00 
1.797588E-01 8.621358E-03 3.330695E-01 1.796051E-01 -1.458255E+00 5.818491E-01 -1.177693E-01 9.719415E-01 2.967714E-02 8.807150E-04 4.097692E+00 9.722228E+00 
1.759432E-01 8.516938E-03 3.486344E-01 1.809203E-01 -1.452764E+00 5.911000E-01 -1.854684E-01 9.213504E-01 2.915708E-02 8.825960E-04 3.978872E+00 8.838399E+00 
1.599091E-01 3.840121E-03 3.286958E-01 1.788783E-01 -1.418132E+00 5.913747E-01 -9.673109E-02 9.930709E-01 2.915730E-02 1.016681E-03 4.225186E+00 8.999582E+00 
1.831499E-01 6.579026E-03 3.343172E-01 1.751853E-01 -1.415857E+00 5.666329E-01 -1.130258E-01 9.583740E-01 2.709580E-02 3.117669E-03 4.125667E+00 9.467653E+00 
1.793577E-01 3.965657E-03 3.340782E-01 1.724474E-01 -1.539498E+00 5.802381E-01 -1.421894E-01 9.611342E-01 2.873714E-02 1.482377E-03 4.590126E+00 9.017360E+00 
1.707552E-01 6.570550E-03 3.367215E-01 1.774194E-01 -1.474025E+00 5.624815E-01 -9.095152E-02 9.902844E-01 2.816371E-02 5.339881E-04 4.143160E+00 7.906898E+00 
1.550428E-01 4.717241E-03 3.375745E-01 1.736400E-01 -1.437439E+00 6.000000E-01 -1.428118E-01 1.113976E+00 3.166250E-02 7.971510E-04 3.817293E+00 9.766764E+00 
1.370356E-01 2.256873E-02 3.952218E-01 1.674495E-01 -1.355256E+00 3.057353E-01 -7.462217E-02 7.251796E-01 2.899500E-02 4.471394E-03 3.944340E+00 1.184397E+01 
1.506202E-01 7.065323E-03 3.310892E-01 1.721169E-01 -1.388934E+00 5.820684E-01 -1.560847E-01 9.395157E-01 2.791573E-02 2.214726E-03 4.147816E+00 8.131916E+00 
1.877270E-01 2.183671E-02 3.651206E-01 1.957417E-01 -1.479167E+00 5.882439E-01 -1.697836E-01 9.687486E-01 2.911637E-02 1.679624E-03 5.074258E+00 8.195635E+00 
1.676913E-01 6.815228E-03 3.615444E-01 1.778352E-01 -1.424398E+00 5.886820E-01 -2.000000E-01 9.341347E-01 2.914436E-02 1.125727E-03 4.293393E+00 9.182499E+00 
1.694371E-01 3.990439E-03 3.548791E-01 1.806517E-01 -1.383596E+00 5.867330E-01 -1.302987E-01 9.109809E-01 2.786099E-02 2.554692E-04 4.155702E+00 8.442047E+00 
1.484311E-01 1.000000E-04 3.591852E-01 1.750369E-01 -1.453895E+00 5.824303E-01 -1.283834E-01 9.261529E-01 2.841115E-02 9.545516E-04 4.126495E+00 7.565788E+00 
1.777874E-01 4.996087E-03 3.332290E-01 1.796544E-01 -1.426506E+00 5.841937E-01 -1.659287E-01 9.647408E-01 2.719049E-02 1.295408E-03 4.478179E+00 8.986021E+00 
1.763631E-01 3.699899E-03 3.359749E-01 1.823802E-01 -1.366636E+00 5.896822E-01 -1.538786E-01 9.555357E-01 2.717231E-02 2.168226E-03 4.131137E+00 9.397107E+00 
1.697732E-01 4.951844E-03 3.523539E-01 1.760488E-01 -1.524923E+00 5.912210E-01 -1.334793E-01 9.561075E-01 2.816410E-02 1.581725E-03 4.709211E+00 9.359373E+00 
1.636304E-01 4.738958E-03 3.448401E-01 1.760356E-01 -1.454162E+00 5.714449E-01 -6.626399E-02 9.599669E-01 2.712648E-02 1.401612E-03 4.819793E+00 9.809096E+00 
1.080191E-01 1.240496E-02 3.358731E-01 1.720494E-01 -1.436116E+00 5.664137E-01 -1.065623E-01 9.783357E-01 2.901479E-02 2.156730E-03 4.156959E+00 9.296644E+00 
1.691976E-01 4.341764E-03 3.361185E-01 1.816868E-01 -1.535389E+00 5.963503E-01 -9.782655E-02 9.567800E-01 2.883583E-02 3.079566E-04 3.806406E+00 8.979551E+00 
1.726494E-01 7.927653E-03 3.453653E-01 1.694551E-01 -1.497783E+00 5.844550E-01 -1.617914E-01 9.379182E-01 2.906711E-02 2.198143E-04 3.096955E+00 1.094000E+01 
1.635890E-01 5.623617E-03 3.514851E-01 1.842823E-01 -1.427123E+00 5.857116E-01 -1.176632E-01 9.727164E-01 2.980229E-02 1.308781E-03 4.588603E+00 9.424105E+00 
1.840799E-01 6.634642E-03 3.486893E-01 1.826506E-01 -1.437615E+00 5.763788E-01 -1.433420E-01 9.444891E-01 2.744775E-02 2.185574E-03 4.635337E+00 9.289828E+00 
1.904664E-01 6.046314E-03 3.538205E-01 1.808745E-01 -1.469382E+00 5.895345E-01 -1.667997E-01 9.604215E-01 2.910428E-02 1.366373E-03 4.408016E+00 7.960259E+00 
1.799762E-01 5.726711E-03 3.362143E-01 1.796441E-01 -1.353411E+00 5.884314E-01 -1.896063E-01 9.268673E-01 2.767735E-02 8.067313E-04 4.331672E+00 8.623769E+00 
1.824290E-01 4.463640E-03 3.490164E-01 1.786307E-01 -1.356188E+00 5.983118E-01 -1.562642E-01 9.583780E-01 2.856418E-02 6.689329E-04 4.280335E+00 7.613062E+00 
1.601602E-01 5.686998E-03 3.376304E-01 1.740015E-01 -1.499817E+00 5.932454E-01 -1.383627E-01 1.007820E+00 2.856564E-02 3.444290E-03 3.711851E+00 8.125061E+00 
1.680039E-01 2.753835E-03 3.194879E-01 1.853601E-01 -1.370009E+00 5.751857E-01 -1.083293E-01 9.811641E-01 2.811512E-02 1.201126E-03 4.440632E+00 8.905840E+00 
1.660190E-01 5.698790E-03 3.406967E-01 1.746740E-01 -1.444428E+00 5.599848E-01 -1.276762E-01 9.091747E-01 2.452796E-02 7.305662E-04 4.228106E+00 8.246805E+00 
1.649184E-01 6.497011E-03 3.316844E-01 1.771355E-01 -1.454585E+00 5.788208E-01 -7.681197E-02 8.805146E-01 2.837154E-02 7.509424E-04 4.194952E+00 9.693191E+00 
1.658019E-01 6.215080E-03 3.254157E-01 1.768079E-01 -1.401576E+00 5.953900E-01 -1.101601E-01 9.085863E-01 2.760948E-02 1.223746E-03 4.447639E+00 8.874782E+00 
1.610075E-01 5.596913E-03 3.427927E-01 1.804780E-01 -1.243000E+00 5.786826E-01 -8.710969E-02 9.260564E-01 2.742452E-02 6.421481E-04 4.164861E+00 1.044483E+01 
1.728503E-01 7.555759E-03 3.256842E-01 1.760457E-01 -1.454559E+00 5.851547E-01 -1.818066E-01 9.391918E-01 2.736025E-02 2.220843E-03 4.121159E+00 9.220886E+00 
1.684808E-01 5.723773E-03 3.308434E-01 1.776056E-01 -1.286623E+00 5.835765E-01 -1.358285E-01 9.633425E-01 2.652495E-02 3.652349E-03 4.147796E+00 9.623134E+00 
1.617112E-01 6.124883E-03 3.569037E-01 1.684544E-01 -1.444020E+00 5.740526E-01 -9.239684E-02 9.680255E-01 2.820219E-02 5.363652E-03 4.095415E+00 9.801872E+00 
1.728976E-01 3.462582E-03 3.460748E-01 1.780698E-01 -1.398833E+00 5.794028E-01 -1.485773E-01 1.066719E+00 2.924835E-02 1.170481E-03 4.348575E+00 1.003786E+01 
1.813845E-01 6.556466E-03 3.555489E-01 1.694005E-01 -1.320681E+00 5.874894E-01 -1.493339E-01 1.005334E+00 2.815313E-02 7.828341E-04 4.460600E+00 8.663980E+00 
1.635184E-01 5.762914E-03 3.555407E-01 1.796086E-01 -1.438317E+00 5.984185E-01 -1.217461E-01 9.668201E-01 2.859481E-02 1.450070E-03 4.423254E+00 8.705682E+00 
1.661270E-01 5.253998E-03 3.477567E-01 1.755423E-01 -1.424757E+00 5.828433E-01 -8.899007E-02 9.438839E-01 2.818694E-02 1.004461E-03 3.880344E+00 8.998220E+00 
1.774268E-01 7.622771E-03 3.341714E-01 1.839336E-01 -1.409387E+00 5.732565E-01 -1.095830E-01 1.033650E+00 2.961552E-02 1.162581E-03 4.384692E+00 8.240102E+00 
1.850469E-01 6.488918E-03 3.561170E-01 1.920537E-01 -1.360222E+00 5.877911E-01 -1.880216E-01 9.393768E-01 2.924772E-02 9.782425E-04 4.400513E+00 8.999680E+00 
1.645304E-01 7.656333E-03 3.403442E-01 1.809749E-01 -1.362891E+00 5.772153E-01 -1.691004E-01 9.200182E-01 2.876364E-02 8.658181E-04 4.542772E+00 8.151695E+00 
1.590178E-01 5.402120E-03 3.296945E-01 1.764704E-01 -1.384242E+00 5.761761E-01 -1.000000E-02 9.467415E-01 2.938000E-02 1.521464E-03 3.607860E+00 9.627073E+00 
1.683640E-01 4.649904E-03 3.275238E-01 1.747195E-01 -1.334695E+00 5.834676E-01 -8.909930E-02 9.609819E-01 2.790435E-02 1.827393E-03 4.228621E+00 8.638499E+00 
1.830527E-01 7.947210E-03 3.549725E-01 1.851576E-01 -1.390558E+00 5.893695E-01 -1.343100E-01 9.398129E-01 2.819050E-02 1.464469E-03 4.178005E+00 9.242555E+00 
1.714687E-01 7.251724E-03 3.462774E-01 1.833544E-01 -1.259426E+00 5.784940E-01 -1.266870E-01 9.571472E-01 2.796312E-02 1.722904E-03 4.517218E+00 9.832869E+00 
1.705853E-01 7.615538E-03 3.645271E-01 1.630615E-01 -1.271493E+00 5.923171E-01 -1.573911E-01 8.520579E-01 2.773734E-02 8.092836E-04 4.420923E+00 8.603486E+00 
1.629844E-01 4.700144E-03 3.381601E-01 1.797289E-01 -1.384491E+00 5.726204E-01 -1.327025E-01 9.084713E-01 2.733658E-02 7.958153E-04 3.936943E+00 1.376168E+01 
1.728057E-01 6.623232E-03 3.383672E-01 1.855888E-01 -1.550619E+00 5.919625E-01 -1.385528E-01 9.777958E-01 2.861747E-02 6.353977E-04 4.374254E+00 8.803268E+00 
1.633766E-01 5.568208E-03 3.434176E-01 1.774629E-01 -1.378562E+00 5.870557E-01 -1.245521E-01 9.190494E-01 2.744121E-02 1.032549E-03 4.617827E+00 8.810062E+00 
1.544446E-01 7.739328E-03 3.344982E-01 1.785051E-01 -1.504575E+00 5.892446E-01 -1.253609E-01 9.223405E-01 2.677477E-02 7.750055E-04 3.926665E+00 9.240566E+00 
1.660261E-01 3.304150E-03 3.435513E-01 1.779052E-01 -1.456241E+00 5.828980E-01 -1.123434E-01 9.092850E-01 3.006457E-02 1.193740E-03 3.901885E+00 8.562568E+00 
1.770192E-01 8.302811E-03 3.431319E-01 1.929006E-01 -1.204280E+00 5.863689E-01 -1.206813E-01 9.857156E-01 2.681778E-02 2.955673E-03 4.163916E+00 9.024438E+00 
1.660131E-01 4.207482E-03 3.528732E-01 1.794085E-01 -1.393089E+00 5.717286E-01 -1.476291E-01 9.361222E-01 2.888528E-02 1.234813E-03 3.748315E+00 9.519520E+00 
1.547619E-01 8.083212E-03 3.196821E-01 1.729065E-01 -1.353777E+00 5.324854E-01 -8.854966E-02 9.779739E-01 2.784522E-02 2.157349E-03 4.376094E+00 9.556060E+00 
1.765523E-01 5.444020E-03 3.366047E-01 1.799440E-01 -1.436533E+00 5.822321E-01 -1.174957E-01 9.646617E-01 2.714574E-02 1.350085E-03 4.281968E+00 9.490345E+00 
1.645891E-01 4.493493E-03 3.410722E-01 1.751310E-01 -1.283364E+00 5.901636E-01 -1.136283E-01 1.006196E+00 2.953230E-02 1.654426E-03 4.299828E+00 8.868135E+00 
1.729640E-01 6.257815E-03 3.390437E-01 1.764667E-01 -1.372800E+00 5.824450E-01 -1.275200E-01 9.326392E-01 2.449638E-02 6.046304E-04 4.243469E+00 9.810164E+00 
1.571797E-01 5.587624E-03 3.503267E-01 1.770168E-01 -1.482125E+00 5.816467E-01 -1.464102E-01 9.082714E-01 2.553277E-02 1.762855E-03 3.824587E+00 8.384007E+00 
1.597897E-01 1.634816E-03 3.437223E-01 1.831480E-01 -1.367685E+00 5.853076E-01 -1.483992E-01 9.683073E-01 2.866650E-02 5.169941E-05 4.508364E+00 7.162199E+00 
1.787398E-01 7.046410E-03 3.482684E-01 1.730621E-01 -1.426180E+00 5.851721E-01 -1.030610E-01 9.591783E-01 2.515888E-02 1.603015E-03 4.481212E+00 1.132424E+01 
1.678185E-01 8.158242E-03 3.220908E-01 1.745986E-01 -1.465801E+00 5.798738E-01 -1.237276E-01 9.503463E-01 2.858619E-02 5.150398E-04 4.086264E+00 1.038906E+01 
1.717469E-01 1.072147E-02 3.472621E-01 1.819181E-01 -1.453183E+00 6.000000E-01 -1.393811E-01 9.598488E-01 2.709370E-02 6.800054E-04 4.513316E+00 8.560246E+00 
1.640064E-01 6.496964E-03 3.473527E-01 1.772024E-01 -1.408991E+00 5.687759E-01 -1.018401E-01 8.577779E-01 2.946348E-02 1.103877E-03 4.232518E+00 8.265481E+00 
1.739982E-01 1.000000E-04 3.518962E-01 1.828764E-01 -1.439263E+00 4.059244E-01 -1.589198E-01 1.011368E+00 2.623991E-02 6.490349E-04 4.411900E+00 9.151635E+00 
1.613557E-01 5.972430E-03 3.285639E-01 1.728339E-01 -1.323463E+00 5.785426E-01 -1.360542E-01 9.720006E-01 2.781742E-02 1.442441E-03 4.248002E+00 8.748532E+00 
1.501488E-01 5.643894E-03 3.497505E-01 1.782549E-01 -1.434486E+00 6.000000E-01 -1.292121E-01 9.572249E-01 3.036299E-02 1.456743E-03 3.854734E+00 8.168828E+00 
1.624613E-01 2.279175E-02 3.331210E-01 1.787018E-01 -1.239015E+00 5.501787E-01 -9.073052E-02 1.024303E+00 2.774386E-02 1.870501E-03 3.653638E+00 8.636039E+00 
1.944544E-01 7.183213E-03 3.202770E-01 1.881394E-01 -1.431913E+00 5.802351E-01 -1.122864E-01 9.816803E-01 2.694978E-02 1.770766E-03 3.632559E+00 8.314775E+00 
1.656945E-01 5.429878E-03 3.440308E-01 1.794696E-01 -1.391125E+00 5.885458E-01 -1.417360E-01 1.011437E+00 2.822878E-02 1.030572E-03 4.047548E+00 9.247446E+00 
1.887866E-01 5.555063E-03 3.373300E-01 1.839697E-01 -1.479463E+00 5.584612E-01 -1.196744E-01 9.106181E-01 3.220100E-02 2.277761E-04 4.079226E+00 8.284964E+00 
1.647551E-01 4.648490E-03 3.539102E-01 1.718178E-01 -1.412859E+00 5.867875E-01 -1.599018E-01 8.887626E-01 2.868057E-02 7.516560E-04 4.108166E+00 9.479189E+00 
1.622159E-01 5.708584E-03 3.384551E-01 1.823252E-01 -1.518299E+00 6.000000E-01 -1.701339E-01 9.546043E-01 2.901812E-02 1.706952E-03 4.189811E+00 8.978251E+00 
1.621409E-01 3.853761E-03 3.399932E-01 1.762372E-01 -1.470263E+00 5.790727E-01 -9.387303E-02 1.027739E+00 2.493994E-02 1.404046E-03 4.214738E+00 9.504722E+00 
1.729666E-01 5.900913E-03 3.476617E-01 1.826470E-01 -1.385200E+00 5.873590E-01 -1.586940E-01 9.717480E-01 2.861660E-02 1.066026E-03 4.138575E+00 8.414539E+00 
1.634081E-01 5.862643E-03 3.266513E-01 1.767853E-01 -1.504708E+00 5.871244E-01 -1.770416E-01 9.982171E-01 2.780975E-02 1.387728E-03 4.022174E+00 9.403588E+00 
1.840080E-01 5.606123E-03 3.368146E-01 1.785648E-01 -1.333538E+00 5.828342E-01 -1.383866E-01 9.443205E-01 2.799799E-02 1.352110E-03 4.423776E+00 8.393321E+00 
1.647667E-01 1.058317E-02 3.293670E-01 1.806768E-01 -1.536185E+00 5.785959E-01 -1.180816E-01 9.461649E-01 2.805439E-02 3.128126E-03 4.276861E+00 9.730827E+00 
1.626278E-01 4.007753E-03 3.478098E-01 1.771543E-01 -1.250592E+00 5.806403E-01 -1.083101E-01 9.666667E-01 2.770300E-02 5.023716E-04 4.409110E+00 9.575864E+00 
1.761934E-01 5.680254E-03 3.430284E-01 1.688372E-01 -1.294693E+00 5.845472E-01 -1.598641E-01 9.573342E-01 2.933402E-02 7.462610E-04 3.993787E+00 8.195947E+00 
1.703964E-01 5.499133E-03 3.550904E-01 1.803385E-01 -1.460938E+00 5.862059E-01 -1.090528E-01 9.159684E-01 2.774425E-02 9.299344E-04 4.381700E+00 8.785527E+00 
1.670769E-01 7.616781E-03 3.378404E-01 1.737909E-01 -1.365871E+00 5.928606E-01 -1.233258E-01 9.620874E-01 2.726436E-02 0.000000E+00 4.383650E+00 9.166569E+00 
1.775394E-01 7.311647E-03 3.448179E-01 1.797074E-01 -1.393730E+00 5.976328E-01 -1.525862E-01 9.221036E-01 2.623433E-02 4.397932E-03 4.550819E+00 9.353879E+00 
1.695319E-01 5.299763E-03 3.458182E-01 1.792270E-01 -1.298736E+00 5.821330E-01 -1.427331E-01 9.469964E-01 2.580115E-02 1.099442E-03 4.146833E+00 9.048456E+00 
1.905561E-01 8.354706E-03 3.856084E-01 1.833591E-01 -1.476124E+00 6.000000E-01 -1.534352E-01 9.976143E-01 2.458883E-02 7.327612E-04 4.732565E+00 9.955611E+00 
1.674592E-01 2.698344E-03 3.447448E-01 1.740677E-01 -1.258001E+00 5.911444E-01 -1.800618E-01 9.559028E-01 2.788474E-02 1.778483E-03 4.150514E+00 8.861289E+00 
1.642339E-01 5.852906E-03 3.133550E-01 1.768626E-01 -1.353677E+00 5.804778E-01 -1.134153E-01 1.012496E+00 2.889414E-02 2.253689E-03 3.842417E+00 9.831346E+00 
1.708611E-01 8.225460E-03 3.463195E-01 1.720527E-01 -1.434361E+00 5.783570E-01 -9.253828E-02 8.853989E-01 3.028521E-02 1.824179E-03 4.314810E+00 9.413901E+00 
1.637293E-01 5.639513E-03 3.498930E-01 1.811773E-01 -1.424722E+00 5.749483E-01 -1.171295E-01 9.479558E-01 2.797475E-02 1.897498E-03 4.042180E+00 9.875498E+00 
1.772086E-01 4.379907E-03 3.365273E-01 1.844755E-01 -1.425268E+00 6.000000E-01 -1.263413E-01 9.424842E-01 2.954631E-02 3.689768E-04 3.971158E+00 8.959320E+00 
1.862664E-01 6.297792E-03 3.381903E-01 1.793222E-01 -1.359961E+00 5.943138E-01 -1.685026E-01 9.377566E-01 2.731867E-02 1.444602E-03 4.300756E+00 1.004153E+01 
1.717475E-01 4.096406E-03 3.467023E-01 1.793519E-01 -1.370223E+00 6.000000E-01 -1.389920E-01 9.209964E-01 2.897477E-02 1.087498E-03 3.934856E+00 8.914668E+00 
1.662052E-01 4.804848E-03 3.498947E-01 1.770835E-01 -1.370233E+00 5.994615E-01 -1.392863E-01 9.477230E-01 2.689824E-02 1.351577E-03 4.126362E+00 7.011060E+00 
1.762475E-01 1.094905E-02 3.692471E-01 1.785058E-01 -1.407041E+00 5.795130E-01 -1.146015E-01 9.157515E-01 3.094379E-02 6.796890E-04 3.752638E+00 9.221536E+00 
1.683320E-01 4.986167E-03 3.369624E-01 1.798043E-01 -1.393179E+00 5.888461E-01 -9.308744E-02 9.007361E-01 2.802440E-02 9.441054E-04 4.076737E+00 8.852893E+00 
1.731459E-01 6.089597E-03 3.496467E-01 1.860265E-01 -1.399379E+00 5.942668E-01 -1.812167E-01 9.135178E-01 2.717584E-02 1.710138E-03 4.541498E+00 8.631380E+00 
1.755043E-01 7.255874E-03 3.323742E-01 1.775416E-01 -1.364784E+00 5.785485E-01 -8.801613E-02 9.576488E-01 2.918922E-02 7.425586E-04 4.262097E+00 9.435217E+00 
1.775355E-01 4.299491E-03 3.539957E-01 1.767798E-01 -1.488054E+00 5.723821E-01 -1.186113E-01 9.609934E-01 2.701161E-02 4.219639E-04 4.201392E+00 7.895387E+00 
1.697543E-01 5.465439E-03 3.488682E-01 1.664733E-01 -1.409182E+00 5.860915E-01 -1.360835E-01 1.011137E+00 2.950933E-02 1.999125E-03 4.316871E+00 8.691582E+00 
1.877119E-01 7.882306E-03 3.373366E-01 1.801320E-01 -1.408261E+00 5.900432E-01 -1.532460E-01 9.019571E-01 2.711303E-02 7.582760E-04 4.219062E+00 8.460978E+00 
1.728208E-01 4.003352E-03 3.490488E-01 1.791725E-01 -1.555503E+00 5.988675E-01 -1.327518E-01 9.144937E-01 2.793027E-02 8.967270E-04 3.931366E+00 9.025705E+00 
1.816849E-01 6.531786E-03 3.194168E-01 1.838872E-01 -1.382233E+00 5.749987E-01 -1.439207E-01 9.387051E-01 2.710604E-02 7.827751E-04 4.428289E+00 8.793293E+00 
1.588010E-01 6.897367E-03 3.431075E-01 1.756960E-01 -1.419199E+00 5.781135E-01 -1.561980E-01 8.406647E-01 2.962426E-02 8.903648E-04 4.483742E+00 7.896504E+00 
1.780608E-01 4.695553E-03 3.380570E-01 1.771709E-01 -1.450361E+00 5.730868E-01 -9.286483E-02 9.667734E-01 2.991304E-02 2.243538E-03 4.156709E+00 8.006154E+00 
1.859629E-01 6.612524E-03 3.268637E-01 1.798949E-01 -1.387868E+00 5.825214E-01 -1.262872E-01 9.629805E-01 3.190173E-02 1.417310E-03 4.144071E+00 8.530977E+00 
1.643180E-01 2.235917E-03 3.411910E-01 1.778442E-01 -1.367877E+00 5.885017E-01 -1.186628E-01 9.307055E-01 2.867505E-02 1.732334E-03 3.956213E+00 9.187931E+00 
1.644618E-01 5.373062E-03 3.589665E-01 1.731598E-01 -1.511659E+00 5.893619E-01 -1.510959E-01 9.748732E-01 2.914641E-02 4.058773E-03 4.114779E+00 9.787563E+00 
1.637158E-01 7.783851E-03 3.141683E-01 1.781152E-01 -1.378179E+00 5.854505E-01 -1.662461E-01 9.485784E-01 2.809720E-02 2.799952E-03 4.307995E+00 8.695785E+00 
1.747952E-01 4.626153E-03 3.344732E-01 1.772163E-01 -1.499640E+00 5.949193E-01 -1.539278E-01 9.547082E-01 2.490372E-02 1.809752E-03 4.142803E+00 9.539412E+00 
1.748721E-01 4.831918E-03 3.476433E-01 1.798344E-01 -1.415298E+00 5.799992E-01 -1.343269E-01 8.991283E-01 2.792781E-02 8.193749E-04 4.131849E+00 9.576979E+00 
1.700227E-01 4.356460E-03 3.322364E-01 1.783392E-01 -1.423944E+00 5.884955E-01 -1.431380E-01 9.206429E-01 2.670374E-02 1.656672E-03 3.273682E+00 8.864386E+00 
1.854339E-01 4.377146E-03 3.520985E-01 1.788646E-01 -1.416098E+00 5.914038E-01 -2.000000E-01 1.010975E+00 2.678060E-02 9.714777E-04 4.678303E+00 9.368391E+00 
1.656875E-01 1.532323E-03 3.418202E-01 1.795291E-01 -1.415486E+00 5.876876E-01 -1.068990E-01 9.756917E-01 2.834223E-02 1.516442E-03 4.459999E+00 9.515205E+00 
1.678769E-01 4.925301E-03 3.266457E-01 1.754833E-01 -1.306395E+00 5.798107E-01 -1.279899E-01 9.012517E-01 2.085039E-02 1.023050E-03 4.202692E+00 9.010869E+00 
1.708515E-01 4.842628E-03 3.386799E-01 1.765721E-01 -1.441739E+00 5.782404E-01 -8.950642E-02 9.044969E-01 2.788740E-02 6.228097E-04 4.595384E+00 8.173837E+00 
1.568783E-01 3.287484E-03 3.320254E-01 1.733595E-01 -1.379387E+00 5.702961E-01 -1.255504E-01 9.920562E-01 2.879398E-02 1.498373E-03 4.232130E+00 8.886078E+00 
1.711100E-01 6.882171E-03 3.395748E-01 1.751586E-01 -1.340627E+00 5.881317E-01 -1.566607E-01 1.025378E+00 2.936420E-02 6.142123E-04 4.179871E+00 9.160449E+00 
1.765752E-01 7.081548E-03 3.224694E-01 1.818039E-01 -1.484425E+00 5.834859E-01 -1.432713E-01 9.267826E-01 2.744976E-02 9.602653E-04 4.165586E+00 8.842585E+00 
1.684208E-01 7.294674E-03 3.329975E-01 1.778827E-01 -1.549876E+00 5.831486E-01 -9.436070E-02 9.934647E-01 2.773374E-02 1.240555E-03 3.917546E+00 9.160302E+00 
1.700247E-01 8.581342E-03 3.548837E-01 1.805454E-01 -1.438827E+00 5.871841E-01 -1.821940E-01 9.768386E-01 2.835310E-02 5.673911E-04 4.285133E+00 9.985569E+00 
1.705042E-01 3.554401E-03 3.306092E-01 1.767931E-01 -1.395645E+00 5.862432E-01 -1.567734E-01 9.431584E-01 2.764175E-02 1.567974E-03 3.898171E+00 9.050283E+00 
1.784479E-01 8.103724E-03 3.448151E-01 1.782437E-01 -1.491452E+00 5.911122E-01 -1.688595E-01 9.341682E-01 2.720170E-02 1.608397E-03 4.201320E+00 9.198378E+00 
1.685885E-01 4.865833E-03 3.314817E-01 1.777224E-01 -1.468862E+00 5.702265E-01 -1.157611E-01 9.450864E-01 2.776560E-02 1.697549E-03 4.287641E+00 9.209301E+00 
1.706181E-01 5.208846E-03 3.412088E-01 1.771881E-01 -1.423304E+00 5.730261E-01 -1.145578E-01 8.669322E-01 2.784325E-02 1.360197E-03 4.174218E+00 9.684603E+00 
1.881462E-01 6.452398E-03 3.446302E-01 1.763836E-01 -1.358667E+00 5.819336E-01 -1.499831E-01 8.959326E-01 2.687943E-02 5.072798E-04 4.453145E+00 9.348309E+00 
1.723796E-01 4.197116E-03 3.508509E-01 1.830351E-01 -1.422849E+00 5.876192E-01 -1.567481E-01 9.756909E-01 2.888518E-02 0.000000E+00 4.290868E+00 8.873579E+00 
1.701930E-01 6.052044E-03 3.453700E-01 1.778711E-01 -1.401693E+00 5.863673E-01 -9.340969E-02 9.424531E-01 2.673768E-02 1.573797E-03 3.965902E+00 9.143969E+00 
1.554124E-01 1.124374E-02 3.232467E-01 1.782774E-01 -1.483555E+00 5.843809E-01 -1.044912E-01 9.726774E-01 2.788139E-02 2.013063E-03 4.112540E+00 8.780474E+00 
1.528818E-01 8.555634E-03 3.402198E-01 1.872292E-01 -1.401720E+00 5.842321E-01 -1.077753E-01 9.352164E-01 2.708387E-02 5.073233E-04 4.631099E+00 9.280598E+00 
1.831596E-01 3.201163E-03 3.490374E-01 1.772313E-01 -1.392824E+00 5.822843E-01 -1.558936E-01 9.642577E-01 2.793892E-02 7.436896E-04 4.371281E+00 8.950208E+00 
1.766939E-01 7.813317E-03 3.516763E-01 1.775067E-01 -1.384000E+00 5.764928E-01 -1.290412E-01 9.528205E-01 2.961674E-02 7.186659E-04 4.124894E+00 8.247728E+00 
2.125345E-03 1.497330E-02 3.330908E-01 1.669544E-01 -1.300441E+00 5.691661E-01 -1.048259E-01 9.898843E-01 2.625006E-02 4.314074E-03 3.893148E+00 9.436888E+00 
1.787076E-01 7.967289E-03 3.466119E-01 1.744663E-01 -1.403437E+00 5.867000E-01 -1.395298E-01 8.901484E-01 2.687170E-02 1.104673E-03 4.016142E+00 8.097038E+00 
1.715297E-01 6.713091E-03 3.051433E-01 1.793369E-01 -1.287639E+00 5.852414E-01 -1.545018E-01 9.419313E-01 2.935821E-02 6.785496E-04 4.332122E+00 9.461966E+00 
1.778246E-01 4.836942E-03 3.411511E-01 1.784757E-01 -1.323926E+00 5.925397E-01 -1.669156E-01 9.631182E-01 3.018646E-02 5.766880E-04 4.255701E+00 8.602932E+00 
1.763411E-01 5.926366E-03 3.522464E-01 1.772181E-01 -1.412952E+00 5.859769E-01 -1.453115E-01 9.943254E-01 2.729083E-02 9.446113E-04 3.844362E+00 9.625234E+00 
1.778688E-01 3.509791E-03 3.395508E-01 1.779095E-01 -1.332612E+00 5.861495E-01 -1.582945E-01 9.124379E-01 2.841920E-02 6.185915E-04 4.502124E+00 8.685680E+00 
1.610509E-01 6.230595E-03 3.377658E-01 1.710930E-01 -1.416750E+00 6.000000E-01 -1.410508E-01 9.527766E-01 2.993926E-02 1.460664E-03 4.229174E+00 1.048675E+01 
1.736259E-01 5.497279E-03 3.523620E-01 1.773601E-01 -1.407415E+00 5.894161E-01 -1.021496E-01 9.954885E-01 2.812808E-02 9.189645E-04 4.405576E+00 8.427434E+00 
1.677132E-01 4.430055E-03 3.506241E-01 1.755033E-01 -1.440878E+00 5.809620E-01 -1.215108E-01 9.668766E-01 2.357087E-02 1.145711E-03 4.279855E+00 9.061634E+00 
1.733860E-01 8.546443E-03 3.395890E-01 1.751552E-01 -1.409243E+00 5.953967E-01 -2.000000E-01 1.110084E+00 2.819229E-02 1.887594E-03 4.092165E+00 8.903007E+00 
1.201341E-01 3.473391E-02 3.275948E-01 1.745777E-01 -1.233012E+00 5.556376E-01 -3.902308E-02 9.131599E-01 2.841778E-02 1.247876E-03 2.984686E+00 1.122029E+01 
1.852740E-01 5.306880E-03 3.371056E-01 1.802740E-01 -1.407846E+00 5.790783E-01 -1.583322E-01 9.626299E-01 2.544115E-02 6.501510E-04 4.011170E+00 9.098506E+00 
1.631328E-01 5.456266E-03 3.480276E-01 1.756392E-01 -1.605459E+00 5.864273E-01 -6.308971E-02 8.998731E-01 2.807784E-02 1.729335E-03 4.128970E+00 8.627037E+00 
1.673244E-01 4.494871E-03 2.889106E-01 1.745304E-01 -1.417571E+00 5.865099E-01 -1.372855E-01 8.818538E-01 2.677605E-02 2.420455E-03 4.220474E+00 9.705908E+00 
1.838646E-01 8.235602E-03 3.418497E-01 1.835493E-01 -1.432661E+00 5.821705E-01 -1.469985E-01 9.413377E-01 2.637234E-02 9.581222E-04 4.245640E+00 8.073016E+00 
1.738463E-01 5.727788E-03 3.685032E-01 1.836693E-01 -1.495792E+00 5.841547E-01 -1.478980E-01 9.023479E-01 2.719213E-02 5.514755E-04 4.237435E+00 9.484888E+00 
1.727494E-01 9.898630E-03 3.483016E-01 1.795389E-01 -1.344111E+00 5.892418E-01 -1.269838E-01 9.534426E-01 2.836213E-02 9.092640E-04 4.080947E+00 8.732345E+00 
1.607224E-01 5.767049E-03 3.305523E-01 1.750588E-01 -1.422150E+00 5.860816E-01 -1.420091E-01 1.040080E+00 2.883497E-02 7.984394E-04 4.248718E+00 9.295319E+00 
1.742786E-01 7.826107E-03 3.445197E-01 1.823793E-01 -1.352791E+00 5.892654E-01 -1.240438E-01 9.311183E-01 2.909849E-02 6.310532E-04 3.884405E+00 8.772593E+00 
1.729361E-01 6.965960E-03 3.567549E-01 1.735725E-01 -1.344658E+00 5.758106E-01 -1.207562E-01 9.131579E-01 3.010766E-02 1.336286E-03 4.105456E+00 8.133211E+00 
1.381969E-01 1.292816E-02 3.332951E-01 1.629284E-01 -1.394112E+00 4.886137E-01 -8.680535E-02 9.256225E-01 2.707360E-02 1.783168E-03 3.582210E+00 9.904251E+00 
1.679813E-01 5.868019E-03 3.427325E-01 1.749668E-01 -1.510999E+00 5.870363E-01 -8.631559E-02 9.878684E-01 2.419286E-02 2.043743E-03 4.509650E+00 9.815361E+00 
1.789550E-01 6.602787E-03 3.526211E-01 1.826972E-01 -1.457983E+00 5.873243E-01 -1.506604E-01 8.985203E-01 2.775550E-02 6.696208E-04 4.232048E+00 9.261704E+00 
1.738633E-01 4.025275E-03 3.367183E-01 1.730400E-01 -1.454229E+00 5.881533E-01 -1.718558E-01 9.330474E-01 2.845431E-02 1.144954E-03 4.147986E+00 9.614727E+00 
1.717377E-01 7.301922E-03 3.329434E-01 1.849752E-01 -1.372919E+00 5.943726E-01 -1.435936E-01 9.566508E-01 2.766269E-02 0.000000E+00 4.182367E+00 9.312373E+00 
1.664896E-01 3.295634E-03 3.386936E-01 1.765957E-01 -1.404801E+00 5.721537E-01 -1.316772E-01 9.807950E-01 2.697795E-02 1.334958E-03 4.241997E+00 8.858428E+00 
1.798438E-01 5.977397E-03 3.456763E-01 1.848336E-01 -1.379913E+00 5.762028E-01 -1.339932E-01 9.650843E-01 2.882554E-02 1.638784E-03 4.569460E+00 9.234222E+00 
1.687714E-01 3.856059E-03 3.500134E-01 1.725711E-01 -1.410519E+00 5.883425E-01 -1.446547E-01 9.301720E-01 2.757061E-02 1.383297E-03 4.253954E+00 9.059046E+00 
1.602401E-01 5.352809E-03 3.266150E-01 1.776220E-01 -1.300251E+00 5.922288E-01 -1.008764E-01 9.771951E-01 2.668123E-02 5.206253E-04 4.146988E+00 9.575247E+00 
1.762326E-01 4.845591E-03 3.055232E-01 1.812722E-01 -1.426314E+00 5.742306E-01 -1.170260E-01 9.506431E-01 2.817490E-02 1.847464E-03 4.419669E+00 9.025343E+00 
1.586864E-01 1.076018E-02 3.499453E-01 1.746845E-01 -1.335022E+00 5.636099E-01 -1.083958E-01 9.079195E-01 2.691571E-02 6.814291E-04 4.173606E+00 1.054402E+01 
1.626333E-01 5.924604E-03 3.263069E-01 1.794158E-01 -1.411650E+00 5.888224E-01 -1.397265E-01 1.034284E+00 2.779848E-02 2.256189E-04 4.007269E+00 8.793652E+00 
1.786520E-01 6.008408E-03 3.454646E-01 1.787634E-01 -1.335384E+00 5.688765E-01 -1.403023E-01 9.687822E-01 2.986691E-02 1.381253E-03 4.454464E+00 9.437882E+00 
1.708632E-01 4.650721E-03 3.461229E-01 1.794433E-01 -1.423795E+00 5.758455E-01 -1.341519E-01 9.014562E-01 2.911617E-02 2.002304E-03 4.445186E+00 9.872069E+00 
1.667429E-01 7.514382E-03 3.454972E-01 1.777466E-01 -1.433100E+00 5.739722E-01 -1.140162E-01 9.065015E-01 2.957386E-02 6.836479E-04 3.810841E+00 8.938246E+00 
1.668027E-01 1.000000E-04 3.385586E-01 1.769838E-01 -1.440916E+00 5.943508E-01 -7.619526E-02 9.210070E-01 2.910445E-02 1.116991E-03 4.423222E+00 8.578472E+00 
1.668902E-01 8.751107E-03 3.215131E-01 1.859996E-01 -1.374132E+00 5.773367E-01 -1.562662E-01 9.807408E-01 2.930500E-02 2.352545E-04 4.527349E+00 8.746057E+00 
1.649725E-01 6.114513E-03 3.434863E-01 1.782115E-01 -1.318598E+00 5.884128E-01 -1.385918E-01 1.000468E+00 2.721853E-02 3.802047E-03 4.185453E+00 9.653090E+00 
1.759561E-01 1.787590E-02 3.355275E-01 1.817368E-01 -1.282765E+00 5.829561E-01 -1.570518E-01 9.348440E-01 2.783476E-02 0.000000E+00 4.404917E+00 8.636770E+00 
1.642068E-01 5.394444E-03 3.425642E-01 1.760249E-01 -1.389034E+00 5.856882E-01 -1.566259E-01 9.081570E-01 2.952900E-02 2.874863E-03 4.446137E+00 9.143542E+00 
1.629554E-01 4.482585E-03 3.504991E-01 1.761048E-01 -1.427867E+00 5.840479E-01 -1.240172E-01 9.412121E-01 2.786092E-02 2.375992E-03 4.488672E+00 9.528419E+00 
1.803495E-01 5.027540E-03 3.474463E-01 1.831113E-01 -1.309601E+00 5.837292E-01 -1.764489E-01 1.135393E+00 2.555652E-02 1.046729E-03 4.111496E+00 8.797903E+00 
1.779056E-01 4.911532E-03 3.424813E-01 1.716204E-01 -1.269795E+00 5.829535E-01 -1.385024E-01 9.278129E-01 3.179402E-02 3.751281E-04 4.164134E+00 8.867161E+00 
1.794291E-01 7.326296E-03 3.325234E-01 1.758361E-01 -1.379948E+00 5.823327E-01 -1.532058E-01 9.380786E-01 2.691595E-02 2.120246E-03 4.116606E+00 9.384324E+00 
1.571008E-01 6.665060E-03 3.441471E-01 1.657854E-01 -1.401082E+00 5.469078E-01 -1.092821E-01 9.258184E-01 2.953343E-02 4.485667E-03 4.318845E+00 9.658150E+00 
1.983534E-01 5.996167E-03 3.374560E-01 1.837221E-01 -1.278323E+00 5.973849E-01 -1.404137E-01 9.053022E-01 2.905243E-02 8.032267E-05 4.107890E+00 8.106278E+00 
1.713707E-01 4.746226E-03 3.328533E-01 1.771052E-01 -1.415749E+00 5.881467E-01 -1.388523E-01 9.376313E-01 2.620763E-02 3.345356E-04 4.043134E+00 9.192676E+00 
1.611353E-01 6.661150E-03 3.454092E-01 1.732803E-01 -1.466933E+00 5.794137E-01 -1.527128E-01 9.778372E-01 2.881005E-02 2.098793E-03 3.558596E+00 9.052468E+00 
1.676708E-01 4.613977E-03 3.443551E-01 1.826393E-01 -1.414285E+00 5.919471E-01 -1.123937E-01 9.374266E-01 2.826060E-02 1.335174E-03 4.496382E+00 8.839551E+00 
1.763241E-01 7.127539E-03 3.246285E-01 1.768073E-01 -1.404634E+00 5.820160E-01 -2.000000E-01 9.208921E-01 2.788926E-02 1.555957E-03 4.133616E+00 9.038969E+00 
1.807367E-01 6.807913E-03 3.390342E-01 1.789771E-01 -1.359031E+00 5.726931E-01 -1.152918E-01 9.245416E-01 2.694197E-02 1.255404E-03 4.296421E+00 8.845930E+00 
1.610605E-01 7.231258E-03 3.529212E-01 1.781985E-01 -1.490440E+00 5.913185E-01 -1.354442E-01 1.000890E+00 2.467640E-02 2.124988E-03 4.316217E+00 9.393162E+00 
1.607536E-01 6.604363E-03 3.214531E-01 1.785854E-01 -1.376920E+00 5.824356E-01 -9.598546E-02 1.003644E+00 2.968456E-02 4.516565E-04 4.126622E+00 8.816532E+00 
1.720908E-01 4.939900E-03 3.614865E-01 1.700213E-01 -1.405708E+00 5.711381E-01 -1.224834E-01 9.965006E-01 2.970787E-02 1.933496E-03 4.170113E+00 8.084718E+00 
1.709615E-01 6.290181E-03 3.514116E-01 1.823823E-01 -1.493427E+00 5.870600E-01 -1.494548E-01 8.916075E-01 2.664138E-02 9.658726E-04 4.524884E+00 8.341512E+00 
1.701203E-01 4.552754E-03 3.403560E-01 1.760075E-01 -1.476625E+00 5.958828E-01 -1.077713E-01 1.005810E+00 2.899493E-02 1.237697E-03 3.733288E+00 8.933200E+00 
1.674039E-01 2.450623E-02 3.412747E-01 1.785846E-01 -1.469065E+00 5.809440E-01 -1.763140E-01 9.367465E-01 2.769662E-02 1.300585E-03 4.114017E+00 8.427566E+00 
1.814166E-01 9.354935E-03 3.412290E-01 1.800849E-01 -1.493779E+00 6.000000E-01 -1.398294E-01 9.602648E-01 2.858968E-02 1.547920E-03 4.570556E+00 9.288487E+00 
1.691452E-01 4.268910E-03 3.311607E-01 1.799684E-01 -1.401598E+00 5.720195E-01 -1.052121E-01 1.014368E+00 3.306144E-02 5.482326E-04 3.865182E+00 8.371802E+00 
1.783975E-01 5.252315E-03 3.413300E-01 1.751827E-01 -1.388979E+00 5.904148E-01 -1.660940E-01 9.759364E-01 2.826135E-02 1.074944E-03 4.170084E+00 8.449145E+00 
1.719046E-01 7.363614E-03 3.492958E-01 1.800364E-01 -1.558933E+00 5.770586E-01 -8.551358E-02 9.276951E-01 2.907586E-02 5.222952E-04 3.776649E+00 8.005521E+00 
1.638105E-01 6.722991E-03 3.585856E-01 1.697957E-01 -1.538918E+00 6.000000E-01 -1.590558E-01 9.323180E-01 2.454574E-02 2.529902E-04 4.317309E+00 8.939256E+00 
1.763337E-01 4.098086E-03 3.606637E-01 1.798038E-01 -1.477653E+00 5.796512E-01 -9.915376E-02 9.220825E-01 3.096366E-02 2.392113E-04 4.148848E+00 7.814614E+00 
1.745315E-01 5.138586E-03 3.326334E-01 1.811329E-01 -1.512096E+00 5.871710E-01 -1.195047E-01 9.617588E-01 2.826337E-02 1.151405E-03 4.470020E+00 9.086742E+00 
1.429011E-01 1.000000E-04 3.320670E-01 1.741645E-01 -1.473766E+00 5.662471E-01 -6.600864E-02 1.026883E+00 2.827846E-02 1.840039E-03 3.681787E+00 8.837814E+00 
1.741378E-01 3.977261E-03 3.434574E-01 1.728016E-01 -1.383730E+00 5.948580E-01 -1.626358E-01 9.773038E-01 2.519306E-02 1.005625E-03 4.268564E+00 8.762222E+00 
1.710437E-01 4.641491E-03 3.476551E-01 1.756051E-01 -1.347766E+00 5.766829E-01 -8.224521E-02 9.635570E-01 2.952416E-02 6.874459E-04 4.232835E+00 9.236592E+00 
1.720107E-01 6.683055E-03 3.434107E-01 1.839849E-01 -1.467132E+00 5.897956E-01 -2.000000E-01 9.193992E-01 2.585925E-02 2.143415E-04 4.266089E+00 8.308025E+00 
1.759543E-01 8.763548E-03 3.457816E-01 1.742011E-01 -1.394583E+00 5.923228E-01 -1.258624E-01 9.813153E-01 3.090953E-02 2.444146E-04 3.947055E+00 8.601669E+00 
1.829448E-01 4.462181E-03 3.460970E-01 1.804553E-01 -1.506442E+00 5.798714E-01 -1.723564E-01 9.569420E-01 2.782079E-02 1.905162E-03 4.358575E+00 7.623798E+00 
1.569996E-01 4.518369E-03 3.428462E-01 1.741005E-01 -1.431789E+00 5.950428E-01 -9.099853E-02 1.002700E+00 2.774026E-02 8.779387E-04 4.251971E+00 9.477226E+00 
1.648865E-01 2.857773E-03 3.476642E-01 1.794761E-01 -1.412225E+00 5.841356E-01 -1.156257E-01 9.409917E-01 2.892428E-02 9.078728E-04 4.091741E+00 9.061528E+00 
1.731398E-01 3.957502E-03 3.415629E-01 1.779322E-01 -1.479880E+00 5.829915E-01 -1.579477E-01 9.362940E-01 2.984175E-02 4.010550E-03 3.854851E+00 9.241904E+00 
1.691771E-01 8.668677E-03 3.544350E-01 1.816189E-01 -1.420384E+00 5.939502E-01 -1.474777E-01 9.358815E-01 2.856483E-02 1.688470E-03 4.155814E+00 7.969378E+00 
1.682664E-01 7.145365E-03 3.611371E-01 1.756151E-01 -1.394716E+00 5.874519E-01 -1.125412E-01 9.809597E-01 2.820928E-02 1.108138E-03 4.346050E+00 9.461180E+00 
1.676511E-01 6.642240E-03 3.418921E-01 1.771531E-01 -1.316936E+00 5.826635E-01 -9.765450E-02 9.192403E-01 2.807733E-02 1.744700E-03 4.439263E+00 1.029500E+01 
1.752418E-01 6.159118E-03 3.161975E-01 1.801295E-01 -1.353902E+00 5.848171E-01 -1.296923E-01 9.501291E-01 2.719723E-02 1.131093E-03 4.177198E+00 7.825275E+00 
1.654142E-01 5.189552E-03 3.544408E-01 1.751801E-01 -1.564334E+00 5.796654E-01 -9.965038E-02 9.698351E-01 2.918825E-02 1.933040E-03 4.128444E+00 8.216409E+00 
1.606789E-01 6.704091E-03 3.091179E-01 1.749508E-01 -1.383993E+00 5.622070E-01 -1.180954E-01 9.822257E-01 2.994050E-02 1.510299E-03 4.146224E+00 9.216008E+00 
1.631044E-01 5.586791E-03 3.350026E-01 1.776755E-01 -1.412859E+00 5.889366E-01 -1.347749E-01 9.546777E-01 2.841448E-02 1.511167E-03 3.809350E+00 9.234055E+00 
1.725796E-01 5.690898E-03 3.367452E-01 1.786893E-01 -1.429774E+00 5.853706E-01 -1.394428E-01 9.554461E-01 2.824288E-02 1.281929E-03 4.103825E+00 8.028987E+00 
1.831619E-01 6.299292E-03 3.311001E-01 1.788868E-01 -1.416338E+00 5.770342E-01 -1.045691E-01 9.301228E-01 2.791639E-02 1.138301E-03 4.634729E+00 8.671793E+00 
1.656949E-01 7.053636E-03 3.552451E-01 1.784472E-01 -1.436041E+00 5.824204E-01 -1.481879E-01 9.898831E-01 2.669834E-02 2.340463E-03 4.102316E+00 9.644310E+00 
1.843473E-01 8.081520E-03 3.366049E-01 1.814349E-01 -1.361299E+00 5.951584E-01 -1.351027E-01 9.495066E-01 2.827735E-02 1.795852E-03 4.082524E+00 8.995394E+00 
1.714948E-01 8.220207E-03 3.434899E-01 1.816271E-01 -1.424176E+00 5.871452E-01 -1.263722E-01 9.825192E-01 2.635178E-02 2.100600E-03 3.918186E+00 9.419646E+00 
1.437699E-01 9.097669E-03 2.930537E-01 1.774016E-01 -1.460529E+00 5.865822E-01 -1.430300E-01 9.802814E-01 2.438289E-02 2.237609E-03 4.395177E+00 8.812431E+00 
5.852886E-02 4.110001E-02 3.105491E-01 1.726847E-01 -1.319762E+00 5.588467E-01 -6.346411E-02 9.394436E-01 3.105670E-02 8.976201E-03 4.437281E+00 9.503658E+00 
1.699386E-01 8.512321E-03 3.135054E-01 1.818429E-01 -1.502572E+00 5.987598E-01 -1.510078E-01 9.602556E-01 2.801535E-02 1.129570E-03 4.179228E+00 8.295572E+00 
1.682211E-01 4.311706E-03 3.372352E-01 1.755037E-01 -1.415235E+00 5.906534E-01 -6.319151E-02 8.521585E-01 2.716132E-02 1.598623E-03 4.380134E+00 1.002776E+01 
1.728054E-01 1.260050E-02 3.191699E-01 1.749480E-01 -1.456273E+00 5.896170E-01 -1.672049E-01 9.357820E-01 2.733818E-02 1.698631E-03 3.933367E+00 8.745191E+00 
1.641942E-01 3.896776E-03 3.402625E-01 1.765538E-01 -1.436709E+00 5.990624E-01 -8.246723E-02 9.626621E-01 2.794939E-02 1.185346E-03 4.352950E+00 8.935645E+00 
1.580189E-01 6.239360E-03 3.215707E-01 1.877737E-01 -1.417066E+00 5.785944E-01 -1.437943E-01 9.465476E-01 2.761224E-02 4.256465E-04 4.248848E+00 9.106973E+00 
1.670683E-01 3.122951E-03 3.336781E-01 1.770707E-01 -1.506370E+00 5.745957E-01 -1.272009E-01 9.377257E-01 3.064804E-02 1.559542E-03 3.993565E+00 9.186711E+00 
1.527065E-01 5.832488E-03 3.549133E-01 1.736604E-01 -1.417232E+00 5.935283E-01 -1.537287E-01 9.330773E-01 2.804646E-02 1.091292E-03 4.262000E+00 9.941083E+00 
1.566104E-01 5.569430E-03 3.602503E-01 1.744002E-01 -1.394826E+00 5.866884E-01 -5.674058E-02 9.263464E-01 2.667430E-02 6.516482E-04 4.147278E+00 8.809369E+00 
1.582299E-01 1.001376E-02 3.393047E-01 1.845208E-01 -1.286390E+00 5.779582E-01 -1.127316E-01 9.417982E-01 2.903295E-02 2.957277E-04 4.649498E+00 8.578566E+00 
1.796041E-01 6.438418E-03 3.455265E-01 1.775672E-01 -1.471394E+00 5.857135E-01 -1.994995E-01 9.369333E-01 2.897178E-02 1.260526E-03 4.157269E+00 9.275702E+00 
1.875371E-01 8.528654E-03 3.331750E-01 1.800011E-01 -1.368024E+00 5.867183E-01 -1.348855E-01 9.386454E-01 2.855174E-02 9.201109E-04 4.419496E+00 8.731475E+00 
1.785120E-01 5.871229E-03 3.340827E-01 1.799415E-01 -1.409132E+00 5.847124E-01 -1.000676E-01 9.905469E-01 2.887320E-02 1.642672E-03 4.194312E+00 9.063590E+00 
1.739640E-01 5.041928E-03 3.546151E-01 1.842293E-01 -1.390407E+00 5.890381E-01 -1.739970E-01 9.059781E-01 2.717683E-02 1.298406E-03 4.594639E+00 9.059100E+00 
1.777044E-01 4.947700E-03 3.530008E-01 1.799993E-01 -1.403682E+00 5.892518E-01 -1.406876E-01 9.424059E-01 2.681934E-02 9.896186E-04 4.554044E+00 9.191554E+00 
1.613324E-01 3.938659E-03 3.383829E-01 1.755508E-01 -1.449041E+00 5.902693E-01 -1.579012E-01 1.044145E+00 2.842874E-02 9.100845E-04 4.444586E+00 9.109891E+00 
1.464975E-01 2.589871E-02 3.371643E-01 1.798952E-01 -1.448996E+00 5.848762E-01 -1.067201E-01 9.212527E-01 2.821375E-02 3.112769E-03 4.158513E+00 5.944346E+00 
1.654208E-01 3.421403E-03 3.389972E-01 1.863925E-01 -1.471037E+00 5.809909E-01 -1.932078E-01 9.492639E-01 3.100351E-02 1.645728E-03 4.212491E+00 9.094127E+00 
1.688592E-01 6.458866E-03 3.524328E-01 1.802577E-01 -1.391407E+00 5.750976E-01 -1.116613E-01 9.374842E-01 2.860870E-02 1.126868E-03 4.359549E+00 8.592297E+00 
1.721074E-01 3.219087E-03 3.570130E-01 1.763436E-01 -1.288836E+00 5.808389E-01 -1.278084E-01 9.067228E-01 2.762739E-02 0.000000E+00 4.471125E+00 8.932312E+00 
1.740890E-01 4.665130E-03 3.311323E-01 1.706347E-01 -1.372292E+00 5.845777E-01 -1.607369E-01 9.844999E-01 2.637827E-02 1.170644E-03 4.214852E+00 8.473139E+00 
1.664656E-01 5.879630E-03 3.315532E-01 1.749458E-01 -1.327408E+00 5.822918E-01 -1.002303E-01 1.046052E+00 2.811746E-02 8.022006E-04 4.312965E+00 8.835865E+00 
1.702501E-01 8.327635E-03 3.433846E-01 1.855111E-01 -1.507634E+00 5.859000E-01 -9.868307E-02 9.091517E-01 2.805490E-02 4.052459E-05 4.409589E+00 1.046335E+01 
1.631287E-01 4.631493E-03 3.081594E-01 1.781131E-01 -1.305691E+00 5.843521E-01 -1.158104E-01 9.813730E-01 2.921145E-02 1.914994E-03 4.415784E+00 9.206685E+00 
1.576023E-01 8.532980E-03 3.362046E-01 1.771770E-01 -1.465905E+00 5.822524E-01 -1.098492E-01 9.402414E-01 2.609559E-02 1.608017E-03 4.345552E+00 7.790166E+00 
1.606682E-01 5.106700E-03 3.461540E-01 1.766977E-01 -1.397897E+00 5.805983E-01 -1.332818E-01 9.160928E-01 2.907440E-02 2.322566E-03 3.768904E+00 9.059313E+00 
1.724703E-01 4.300350E-03 3.486026E-01 1.753009E-01 -1.452517E+00 5.822829E-01 -1.721909E-01 9.627607E-01 2.835118E-02 1.764659E-03 4.309555E+00 9.024906E+00 
1.744017E-01 5.496290E-03 3.457461E-01 1.867527E-01 -1.377716E+00 5.777170E-01 -1.299984E-01 8.637258E-01 2.734765E-02 1.025970E-03 4.208810E+00 9.561595E+00 
1.780772E-01 6.492772E-03 3.333045E-01 1.856569E-01 -1.397257E+00 5.849880E-01 -1.352575E-01 9.455123E-01 2.844237E-02 1.708324E-03 4.217489E+00 9.188824E+00 
1.681977E-01 2.699400E-03 3.364969E-01 1.777422E-01 -1.437277E+00 5.773195E-01 -9.133798E-02 9.712707E-01 2.864808E-02 2.222385E-03 4.274774E+00 9.152788E+00 
1.729021E-01 5.817787E-03 3.554310E-01 1.763456E-01 -1.406147E+00 5.784376E-01 -1.364900E-01 9.563487E-01 2.653967E-02 9.709485E-04 3.791238E+00 9.954459E+00 
1.677979E-01 3.860606E-03 3.373716E-01 1.698992E-01 -1.359972E+00 5.352686E-01 -1.144219E-01 9.000788E-01 2.718863E-02 7.506827E-04 4.057267E+00 8.592063E+00 
1.909258E-01 6.767487E-03 3.515803E-01 1.737713E-01 -1.425433E+00 5.877553E-01 -1.175403E-01 9.502553E-01 2.930755E-02 1.216331E-03 4.200524E+00 9.217554E+00 
1.688330E-01 2.892415E-03 3.576132E-01 1.771736E-01 -1.449201E+00 5.856478E-01 -1.521091E-01 9.452931E-01 2.809846E-02 0.000000E+00 3.969208E+00 7.936994E+00 
1.806256E-01 4.278641E-03 3.269319E-01 1.726476E-01 -1.429869E+00 5.849861E-01 -1.649604E-01 9.902831E-01 2.678128E-02 1.196853E-03 4.014595E+00 9.052560E+00 
1.707974E-01 6.049242E-03 3.539095E-01 1.730295E-01 -1.486572E+00 5.807840E-01 -1.732712E-01 9.827509E-01 2.381875E-02 1.351594E-03 3.904758E+00 8.445258E+00 
1.612881E-01 4.293526E-03 3.529558E-01 1.765070E-01 -1.394892E+00 5.878823E-01 -1.430363E-01 9.098105E-01 2.971984E-02 9.104146E-04 3.684941E+00 9.059712E+00 
1.634310E-01 5.840181E-03 3.704062E-01 1.762995E-01 -1.622793E+00 5.864336E-01 -1.228323E-01 1.006985E+00 2.715668E-02 9.741938E-04 3.848978E+00 7.926270E+00 
1.485323E-01 3.564551E-03 3.369990E-01 1.758528E-01 -1.270403E+00 5.748231E-01 -1.518190E-01 9.821740E-01 2.653947E-02 5.885076E-04 4.342610E+00 8.962314E+00 
1.691319E-01 5.779270E-03 3.337417E-01 1.809405E-01 -1.355408E+00 5.791791E-01 -1.303727E-01 9.076491E-01 2.830644E-02 1.745560E-03 4.396679E+00 9.386061E+00 
1.723761E-01 4.407388E-03 3.510674E-01 1.776052E-01 -1.322910E+00 5.938870E-01 -1.373753E-01 9.545044E-01 2.694719E-02 1.149262E-03 4.285230E+00 9.104539E+00 
1.572917E-01 8.991818E-03 3.501279E-01 1.754117E-01 -1.585293E+00 5.401353E-01 -1.284879E-01 8.841436E-01 2.898680E-02 1.863834E-03 4.089181E+00 9.360357E+00 
1.452014E-01 1.065287E-02 3.555954E-01 1.611115E-01 -1.445623E+00 5.673518E-01 -1.103735E-01 5.282423E-01 2.765879E-02 2.189959E-03 4.234799E+00 1.038980E+01 
1.816532E-01 6.000566E-03 3.455126E-01 1.828925E-01 -1.451647E+00 5.842430E-01 -1.513330E-01 8.755720E-01 2.923155E-02 7.880770E-04 4.098558E+00 8.581516E+00 
1.751992E-01 7.642505E-03 3.196552E-01 1.825767E-01 -1.635934E+00 5.790722E-01 -9.030849E-02 9.087617E-01 2.872344E-02 1.223418E-03 4.375943E+00 8.036638E+00 
1.803731E-01 2.902921E-03 3.160350E-01 1.843255E-01 -1.349050E+00 5.793312E-01 -1.057482E-01 9.094185E-01 2.868555E-02 5.059385E-04 3.469107E+00 9.559375E+00 
1.770998E-01 5.779853E-03 3.467985E-01 1.727796E-01 -1.337347E+00 5.867294E-01 -1.541460E-01 9.453234E-01 2.777523E-02 1.699677E-03 4.080682E+00 8.743167E+00 
1.694756E-01 5.072275E-03 3.478981E-01 1.764260E-01 -1.403160E+00 5.902895E-01 -1.327580E-01 8.869414E-01 2.673744E-02 8.572367E-05 4.299196E+00 9.383648E+00 
1.730083E-01 6.302898E-03 3.680515E-01 1.841141E-01 -1.531634E+00 5.807933E-01 -1.203246E-01 8.942944E-01 2.805257E-02 8.157834E-04 4.172886E+00 9.478467E+00 
1.709292E-01 9.530971E-03 3.383692E-01 1.771532E-01 -1.557562E+00 5.871510E-01 -1.432185E-01 8.948028E-01 3.114028E-02 1.113265E-03 4.429635E+00 9.571461E+00 
1.617145E-01 7.160845E-03 3.136228E-01 1.785984E-01 -1.472664E+00 5.839745E-01 -1.698730E-01 9.584728E-01 2.937133E-02 1.858632E-03 4.287794E+00 9.319373E+00 
1.761003E-01 5.493870E-03 3.410254E-01 1.789160E-01 -1.186811E+00 5.788462E-01 -1.183961E-01 9.943497E-01 2.742435E-02 9.401848E-04 4.070884E+00 8.421682E+00 
1.685479E-01 6.379854E-03 3.431112E-01 1.767243E-01 -1.363104E+00 5.894339E-01 -1.320537E-01 9.943173E-01 2.718602E-02 1.624989E-03 4.056974E+00 9.503465E+00 
1.015236E-01 5.995713E-03 3.106580E-01 1.768451E-01 -1.556181E+00 5.202361E-01 -1.225934E-01 9.506391E-01 2.898350E-02 2.452498E-03 4.137469E+00 8.652625E+00 
1.748081E-01 4.704345E-03 3.401089E-01 1.736779E-01 -1.369074E+00 5.885925E-01 -1.515105E-01 9.682306E-01 3.012479E-02 6.441774E-04 3.865626E+00 7.925816E+00 
1.699845E-01 4.949590E-03 3.471970E-01 1.762746E-01 -1.399488E+00 5.904606E-01 -1.555743E-01 9.396726E-01 2.713919E-02 1.772100E-03 4.588445E+00 9.118321E+00 
1.579336E-01 8.625735E-03 3.411125E-01 1.687987E-01 -1.315560E+00 4.686891E-01 -1.204423E-01 8.734814E-01 2.858968E-02 1.335322E-03 4.608918E+00 9.826235E+00 
1.672090E-01 4.014434E-03 3.519672E-01 1.747062E-01 -1.369033E+00 5.888474E-01 -1.272855E-01 1.008117E+00 2.869682E-02 1.356682E-03 4.570458E+00 8.561114E+00 
1.717608E-01 4.226128E-03 3.478967E-01 1.774101E-01 -1.357515E+00 5.831865E-01 -1.079102E-01 8.314558E-01 2.792222E-02 1.779579E-03 4.385162E+00 8.900097E+00 
1.682879E-01 3.304675E-03 3.477794E-01 1.798224E-01 -1.368308E+00 5.793863E-01 -1.671802E-01 9.316181E-01 2.794724E-02 1.966284E-03 4.162415E+00 9.935707E+00 
1.655673E-01 7.811256E-03 3.415526E-01 1.737085E-01 -1.392540E+00 5.310960E-01 -1.325197E-01 9.763161E-01 3.060460E-02 4.406737E-03 3.888505E+00 9.664192E+00 
1.664253E-01 5.811621E-03 3.371612E-01 1.792574E-01 -1.446050E+00 5.763681E-01 -1.137075E-01 9.981868E-01 2.887852E-02 1.289342E-03 4.195428E+00 8.851301E+00 
1.701597E-01 7.033798E-03 3.555421E-01 1.801451E-01 -1.462888E+00 5.951101E-01 -1.731248E-01 9.718474E-01 2.761894E-02 1.027986E-03 3.944491E+00 9.085548E+00 
1.598461E-01 4.839878E-03 3.293834E-01 1.815333E-01 -1.485355E+00 5.870813E-01 -8.372588E-02 9.513729E-01 2.889756E-02 8.191452E-04 4.284951E+00 8.727065E+00 
1.642702E-01 7.295280E-03 3.437560E-01 1.874283E-01 -1.484192E+00 5.798187E-01 -1.074443E-01 9.666778E-01 2.835131E-02 1.074071E-04 4.336705E+00 9.236436E+00 
1.474233E-01 3.230450E-03 3.371076E-01 1.822933E-01 -1.396987E+00 5.625912E-01 -1.265378E-01 1.044321E+00 2.831994E-02 6.672181E-05 4.513955E+00 9.696098E+00 
1.775181E-01 4.739313E-03 3.485442E-01 1.661146E-01 -1.393373E+00 5.555549E-01 -1.359160E-01 8.926731E-01 2.753379E-02 6.401408E-04 3.998975E+00 8.955670E+00 
1.645804E-01 5.359746E-03 3.446623E-01 1.771324E-01 -1.436523E+00 5.834317E-01 -1.051495E-01 1.036618E+00 3.006872E-02 1.348440E-03 4.326895E+00 9.081234E+00 
1.516158E-01 6.352872E-03 3.238593E-01 1.768675E-01 -1.447772E+00 5.839337E-01 -3.096854E-02 9.060900E-01 2.598920E-02 2.152061E-03 4.280950E+00 9.839035E+00 
1.777220E-01 7.883829E-03 3.020077E-01 1.876456E-01 -1.303616E+00 5.832899E-01 -9.485515E-02 1.011933E+00 2.885795E-02 1.243442E-03 4.473361E+00 8.264506E+00 
1.526360E-01 6.528197E-03 3.309034E-01 1.763732E-01 -1.451181E+00 5.532272E-01 -1.221242E-01 9.532792E-01 2.866539E-02 1.366849E-03 4.268151E+00 1.029365E+01 
1.523708E-01 3.683488E-03 3.147160E-01 1.782265E-01 -1.384159E+00 5.887755E-01 -6.744211E-02 1.039874E+00 2.725076E-02 3.817041E-04 3.777249E+00 9.836304E+00 
1.667806E-01 5.246512E-03 3.294233E-01 1.751975E-01 -1.384822E+00 5.707295E-01 -1.282840E-01 9.595045E-01 2.796119E-02 1.969618E-03 4.354925E+00 8.902368E+00 
1.741395E-01 4.758800E-03 3.396566E-01 1.809388E-01 -1.407285E+00 5.875530E-01 -1.476262E-01 9.324903E-01 2.900132E-02 5.180929E-04 4.549815E+00 8.705223E+00 
1.656019E-01 5.534131E-03 3.431761E-01 1.763454E-01 -1.460283E+00 5.801548E-01 -1.375991E-01 9.423200E-01 2.927510E-02 1.379772E-03 4.495465E+00 9.709360E+00 
1.726024E-01 6.059613E-03 3.472310E-01 1.759659E-01 -1.515393E+00 5.777716E-01 -1.538019E-01 9.339971E-01 2.575750E-02 9.971757E-04 4.372743E+00 9.292441E+00 
1.767405E-01 5.808856E-03 3.485108E-01 1.776824E-01 -1.474099E+00 5.798777E-01 -1.381008E-01 1.036477E+00 2.700502E-02 2.150917E-03 4.388027E+00 8.956457E+00 
1.703693E-01 5.964306E-03 3.491748E-01 1.724756E-01 -1.489752E+00 5.719295E-01 -1.039023E-01 9.867381E-01 2.783887E-02 5.014286E-03 3.938142E+00 9.596957E+00 
1.656302E-01 2.512323E-03 3.655832E-01 1.765311E-01 -1.285886E+00 5.912543E-01 -1.615185E-01 9.297367E-01 2.889011E-02 8.155150E-04 4.290388E+00 8.766851E+00 
1.683766E-01 6.620976E-03 3.363314E-01 1.810374E-01 -1.373572E+00 5.787028E-01 -1.189863E-01 8.645681E-01 2.953132E-02 9.881110E-04 3.843959E+00 9.030624E+00 
1.797185E-01 8.715227E-03 3.448032E-01 1.769437E-01 -1.349226E+00 5.798177E-01 -1.714946E-01 9.686305E-01 2.702154E-02 1.107155E-03 4.236265E+00 9.504659E+00 
1.692384E-01 6.018807E-03 3.453589E-01 1.791629E-01 -1.511499E+00 5.834222E-01 -1.079144E-01 9.679266E-01 2.861670E-02 1.820901E-03 4.045310E+00 9.895008E+00 
1.504235E-01 6.322451E-03 3.559772E-01 1.776848E-01 -1.454030E+00 5.799547E-01 -1.702357E-01 9.707235E-01 2.766780E-02 2.053841E-03 3.817318E+00 8.951356E+00 
1.770800E-01 9.105561E-03 3.131318E-01 1.847039E-01 -1.456181E+00 5.781049E-01 -1.160785E-01 9.462999E-01 2.844040E-02 1.252767E-03 4.240337E+00 8.525785E+00 
1.709817E-01 5.325401E-03 3.468871E-01 1.785647E-01 -1.395288E+00 5.842770E-01 -1.100454E-01 9.435421E-01 2.818619E-02 1.154103E-03 4.271796E+00 8.806277E+00 
1.869717E-01 4.669501E-03 3.416935E-01 1.782900E-01 -1.504838E+00 5.846355E-01 -1.631185E-01 8.965856E-01 2.817030E-02 1.150772E-03 4.245436E+00 9.179729E+00 
1.723955E-01 4.312825E-03 3.518869E-01 1.827051E-01 -1.469370E+00 5.929307E-01 -9.291605E-02 9.382346E-01 2.883431E-02 7.983548E-04 4.156596E+00 9.108712E+00 
1.786694E-01 2.869011E-03 3.511869E-01 1.769393E-01 -1.393172E+00 5.855940E-01 -1.662957E-01 9.624313E-01 2.919492E-02 1.010349E-03 4.344888E+00 9.390619E+00 
1.724556E-01 6.117588E-03 3.330004E-01 1.691052E-01 -1.460036E+00 5.896110E-01 -1.501872E-01 9.536312E-01 2.770739E-02 1.248652E-03 4.245272E+00 9.165042E+00 
1.299985E-01 6.178314E-03 3.445083E-01 1.734052E-01 -1.372837E+00 5.887780E-01 -1.551311E-01 9.117102E-01 2.852374E-02 1.502561E-03 4.115000E+00 9.807202E+00 
1.689982E-01 6.353111E-03 3.222478E-01 1.732602E-01 -1.494774E+00 5.781442E-01 -1.344962E-01 9.788821E-01 3.104155E-02 1.796064E-03 4.260318E+00 9.261760E+00 
1.754191E-01 6.865749E-03 3.492994E-01 1.793742E-01 -1.575546E+00 5.745592E-01 -9.153024E-02 8.816431E-01 2.917543E-02 4.294414E-04 4.044748E+00 7.821718E+00 
1.690361E-01 7.792356E-03 3.316453E-01 1.785273E-01 -1.420202E+00 5.402902E-01 -1.543936E-01 9.521785E-01 2.602227E-02 2.847534E-03 4.298540E+00 9.320093E+00 
1.704937E-01 4.303222E-03 3.443373E-01 1.786926E-01 -1.406550E+00 5.815690E-01 -9.766244E-02 9.746201E-01 2.689071E-02 1.387629E-03 4.472529E+00 9.233907E+00 
1.815077E-01 6.676151E-03 3.390371E-01 1.782104E-01 -1.415801E+00 5.810845E-01 -1.471198E-01 9.369954E-01 2.760248E-02 1.146846E-03 4.586403E+00 8.961542E+00 
1.556089E-01 1.399722E-02 3.250421E-01 1.712468E-01 -1.366235E+00 5.410709E-01 -1.052366E-01 8.018092E-01 2.894196E-02 2.744594E-03 4.420771E+00 9.623938E+00 
