1.741179E-01 5.024697E-03 3.488104E-01 1.788049E-01 -1.258022E+00 5.900083E-01 -1.474760E-01 9.485354E-01 2.870442E-02 9.786941E-04 3.996664E+00 9.164186E+00 
1.657467E-01 5.134289E-03 3.489615E-01 1.746788E-01 -1.390282E+00 5.934970E-01 -1.690028E-01 9.568401E-01 2.927771E-02 1.127815E-03 4.142032E+00 9.322319E+00 
1.680248E-01 5.169337E-03 3.367346E-01 1.759172E-01 -1.383426E+00 5.868190E-01 -1.018501E-01 8.385811E-01 2.949302E-02 9.397769E-04 4.637954E+00 8.647246E+00 
1.648244E-01 4.280563E-03 3.409859E-01 1.728308E-01 -1.515412E+00 5.879345E-01 -1.090788E-01 9.748931E-01 2.699820E-02 7.543129E-04 4.174596E+00 9.041008E+00 
1.749596E-01 4.619780E-03 3.239859E-01 1.738062E-01 -1.434856E+00 5.742170E-01 -1.550511E-01 9.013157E-01 2.459785E-02 8.872065E-04 4.566307E+00 8.314609E+00 
1.797453E-01 7.466625E-03 3.171370E-01 1.859097E-01 -1.418982E+00 5.780384E-01 -9.293190E-02 9.686318E-01 2.925618E-02 2.201872E-03 4.222371E+00 9.154589E+00 
1.750561E-01 4.879240E-03 3.617297E-01 1.783205E-01 -1.597940E+00 5.914107E-01 -1.599930E-01 9.683656E-01 3.142749E-02 1.573207E-03 4.270938E+00 8.666381E+00 
1.747404E-01 4.899304E-03 3.478939E-01 1.708429E-01 -1.458992E+00 5.891853E-01 -1.743915E-01 9.675593E-01 2.814296E-02 1.014993E-03 4.345330E+00 8.803008E+00 
1.635731E-01 4.976928E-03 3.447988E-01 1.787589E-01 -1.360053E+00 5.835162E-01 -1.282592E-01 9.303989E-01 2.793071E-02 9.414356E-04 4.537096E+00 8.638838E+00 
1.629363E-01 7.108429E-03 3.344956E-01 1.776895E-01 -1.372399E+00 5.829615E-01 -1.577146E-01 9.825216E-01 2.667862E-02 1.038999E-03 4.312277E+00 9.382927E+00 
1.840520E-01 7.398814E-03 3.299870E-01 1.893926E-01 -1.489147E+00 5.864115E-01 -1.249822E-01 9.567136E-01 2.839253E-02 2.124807E-03 4.063701E+00 9.082465E+00 
1.644463E-01 4.969485E-03 3.499401E-01 1.778875E-01 -1.383411E+00 5.941081E-01 -7.473870E-02 1.025609E+00 2.837452E-02 1.392886E-03 4.108297E+00 9.636293E+00 
1.542176E-01 1.365022E-02 3.386006E-01 1.690719E-01 -1.407526E+00 5.303814E-01 -1.223356E-01 1.002005E+00 2.939895E-02 1.582976E-03 3.624369E+00 8.747881E+00 
1.678292E-01 8.488764E-03 3.437049E-01 1.773177E-01 -1.499034E+00 5.647265E-01 -1.418469E-01 9.480015E-01 2.982472E-02 6.959813E-04 4.203152E+00 8.487453E+00 
1.513656E-01 4.788763E-03 3.600541E-01 1.739272E-01 -1.551421E+00 5.882712E-01 -1.509981E-01 8.992387E-01 2.679016E-02 2.598568E-03 3.943161E+00 8.740552E+00 
1.802171E-01 5.301856E-03 3.407715E-01 1.818331E-01 -1.469666E+00 5.831365E-01 -1.185000E-01 9.879827E-01 2.908269E-02 2.264924E-03 4.548729E+00 9.227142E+00 
1.640118E-01 7.735013E-03 3.368543E-01 1.808903E-01 -1.434713E+00 5.804994E-01 -1.142431E-01 9.959796E-01 2.761782E-02 1.165196E-03 4.258273E+00 8.806544E+00 
1.696903E-01 5.704419E-03 3.464011E-01 1.773116E-01 -1.414497E+00 5.907150E-01 -1.374321E-01 9.556466E-01 2.577060E-02 9.129690E-04 4.372493E+00 8.697646E+00 
1.658163E-01 4.144257E-03 3.625561E-01 1.788522E-01 -1.668654E+00 5.964815E-01 -1.145444E-01 9.563218E-01 2.988108E-02 3.134086E-03 4.053523E+00 8.703672E+00 
1.473586E-01 8.756567E-03 3.447825E-01 1.785397E-01 -1.405733E+00 5.713011E-01 -1.166039E-01 9.599634E-01 2.817800E-02 1.802226E-03 4.468463E+00 8.433375E+00 
1.654548E-01 4.272736E-03 3.453899E-01 1.748962E-01 -1.425342E+00 5.741578E-01 -6.429238E-02 9.718376E-01 2.832676E-02 1.500853E-03 4.369703E+00 9.264630E+00 
1.627918E-01 6.213542E-03 3.357767E-01 1.802583E-01 -1.516523E+00 5.735093E-01 -1.268653E-01 9.304325E-01 2.979810E-02 1.155783E-03 4.167426E+00 9.295925E+00 
1.767459E-01 6.454719E-03 3.349002E-01 1.830223E-01 -1.370352E+00 5.954865E-01 -1.516155E-01 9.360995E-01 2.820803E-02 8.462275E-04 4.266585E+00 8.893268E+00 
1.812653E-01 4.973311E-03 3.441582E-01 1.814065E-01 -1.384019E+00 5.859009E-01 -1.565952E-01 9.569421E-01 2.628845E-02 4.284168E-04 4.414788E+00 8.563729E+00 
1.659589E-01 6.016535E-03 3.609806E-01 1.756602E-01 -1.445564E+00 5.849068E-01 -9.906895E-02 8.971923E-01 3.217311E-02 2.444232E-03 4.086002E+00 9.462677E+00 
1.326782E-01 7.531194E-03 3.217760E-01 1.828151E-01 -1.289591E+00 5.845585E-01 -1.111363E-01 9.258551E-01 2.633495E-02 1.486762E-03 4.319661E+00 9.989372E+00 
1.663902E-01 6.275330E-03 3.333100E-01 1.755372E-01 -1.502132E+00 5.503762E-01 -1.553843E-01 9.054874E-01 3.083940E-02 1.306736E-03 3.604629E+00 8.844627E+00 
1.547202E-01 4.694474E-03 3.381136E-01 1.759860E-01 -1.334957E+00 5.909690E-01 -1.250396E-01 9.709169E-01 2.757306E-02 1.372344E-03 4.420881E+00 9.016607E+00 
1.764545E-01 4.526703E-03 3.496101E-01 1.792077E-01 -1.477311E+00 5.947655E-01 -8.461028E-02 9.552221E-01 2.915510E-02 1.075290E-03 4.343980E+00 9.492629E+00 
1.722330E-01 1.123124E-02 3.290563E-01 1.758213E-01 -1.495660E+00 6.000000E-01 -1.212908E-01 9.528244E-01 2.905263E-02 9.406630E-04 4.501264E+00 8.730694E+00 
1.749371E-01 5.710571E-03 3.536136E-01 1.808328E-01 -1.359317E+00 5.794004E-01 -1.261455E-01 1.034717E+00 3.173069E-02 1.630804E-03 4.126480E+00 9.978332E+00 
1.667772E-01 6.342599E-03 3.373846E-01 1.794832E-01 -1.470236E+00 5.838716E-01 -1.235222E-01 9.417632E-01 2.942571E-02 1.394319E-03 4.276056E+00 8.553950E+00 
1.545286E-01 4.889876E-03 3.316896E-01 1.754420E-01 -1.394071E+00 5.768259E-01 -1.308008E-01 8.334884E-01 2.828706E-02 4.310898E-04 4.235098E+00 8.124168E+00 
1.665527E-01 7.595254E-03 3.654578E-01 1.716985E-01 -1.517019E+00 5.852417E-01 -1.277948E-01 9.659328E-01 2.587637E-02 1.122798E-03 4.511641E+00 9.347694E+00 
1.672606E-01 6.590345E-03 3.487832E-01 1.773501E-01 -1.507360E+00 5.908808E-01 -5.759106E-02 9.207654E-01 2.961637E-02 2.065585E-03 4.217695E+00 8.977068E+00 
1.553149E-01 5.187147E-03 3.549162E-01 1.771937E-01 -1.421731E+00 5.759057E-01 -1.254918E-01 9.405370E-01 2.615256E-02 8.052267E-04 4.139491E+00 1.017038E+01 
1.785363E-01 5.562581E-03 3.411079E-01 1.775861E-01 -1.393136E+00 5.929645E-01 -1.426912E-01 9.322427E-01 2.753897E-02 4.808633E-04 4.330734E+00 8.808417E+00 
1.768022E-01 4.100995E-03 3.392536E-01 1.789844E-01 -1.381526E+00 5.733072E-01 -1.397501E-01 9.671635E-01 2.754837E-02 1.275882E-03 4.375905E+00 9.367276E+00 
1.703917E-01 6.771892E-03 3.369447E-01 1.861432E-01 -1.315465E+00 5.745841E-01 -1.139541E-01 8.996780E-01 2.922483E-02 2.015167E-03 4.391057E+00 9.418764E+00 
1.742263E-01 8.953975E-03 3.435759E-01 1.763679E-01 -1.420486E+00 5.667008E-01 -1.358961E-01 9.432597E-01 2.769577E-02 1.037036E-03 4.557835E+00 9.280328E+00 
1.880356E-01 6.585664E-03 3.308613E-01 1.766688E-01 -1.574916E+00 5.790198E-01 -1.206250E-01 9.319117E-01 2.965376E-02 2.026720E-03 3.817776E+00 8.956112E+00 
1.458589E-01 4.432537E-03 3.374640E-01 1.788907E-01 -1.363539E+00 5.815656E-01 -1.400027E-01 9.736946E-01 2.850052E-02 1.396084E-03 4.055533E+00 8.900428E+00 
1.685858E-01 7.884803E-03 3.437273E-01 1.775374E-01 -1.362010E+00 5.691992E-01 -9.684417E-02 9.573795E-01 2.652443E-02 1.595627E-03 4.163327E+00 8.811782E+00 
1.489500E-01 6.358460E-03 3.422709E-01 1.757531E-01 -1.323458E+00 5.903051E-01 -1.643437E-01 1.045952E+00 3.011552E-02 1.565337E-03 4.058447E+00 9.294318E+00 
1.688579E-01 4.622954E-03 3.407574E-01 1.776926E-01 -1.333830E+00 5.684478E-01 -9.550166E-02 9.485599E-01 2.907330E-02 2.061467E-03 3.660293E+00 9.361464E+00 
1.713763E-01 4.033927E-03 3.476927E-01 1.783303E-01 -1.538287E+00 5.940746E-01 -9.265136E-02 9.615684E-01 2.744412E-02 1.694033E-03 4.279738E+00 9.278525E+00 
1.681527E-01 5.358567E-03 3.506373E-01 1.766363E-01 -1.451430E+00 5.905440E-01 -9.130577E-02 9.094657E-01 2.723116E-02 1.730091E-03 4.135863E+00 9.776879E+00 
1.595455E-01 7.714955E-03 3.338849E-01 1.826184E-01 -1.453080E+00 5.236607E-01 -9.021433E-02 9.203626E-01 2.794263E-02 1.746923E-03 4.249915E+00 9.957340E+00 
1.664240E-01 1.052390E-02 3.342483E-01 1.786776E-01 -1.376827E+00 5.802177E-01 -1.280940E-01 1.027706E+00 2.663737E-02 1.020806E-03 4.416871E+00 8.895218E+00 
1.749421E-01 6.697916E-03 3.396916E-01 1.735939E-01 -1.504853E+00 5.754108E-01 -1.286550E-01 9.982770E-01 2.782596E-02 1.458192E-03 4.140283E+00 8.745284E+00 
1.760434E-01 4.940339E-03 3.347916E-01 1.712875E-01 -1.282593E+00 5.851426E-01 -1.421706E-01 1.070343E+00 2.912150E-02 1.107650E-04 4.299048E+00 8.966607E+00 
1.854416E-01 7.313871E-03 3.571120E-01 1.661733E-01 -1.273549E+00 5.933436E-01 -1.752563E-01 9.007706E-01 2.790578E-02 1.398949E-03 4.789638E+00 9.531237E+00 
1.648199E-01 1.040129E-02 3.320839E-01 1.842003E-01 -1.429167E+00 5.785926E-01 -1.056646E-01 9.701180E-01 2.972436E-02 1.783864E-03 4.858074E+00 9.871552E+00 
1.583871E-01 5.618261E-03 3.514619E-01 1.778178E-01 -1.417586E+00 5.920114E-01 -1.540154E-01 1.004303E+00 3.037369E-02 3.691129E-04 3.904294E+00 9.150801E+00 
1.542957E-01 5.091849E-03 3.454375E-01 1.762050E-01 -1.495472E+00 5.757165E-01 -1.176939E-01 9.319465E-01 2.755644E-02 1.268505E-03 4.429878E+00 8.865644E+00 
1.797015E-01 4.972080E-03 3.521822E-01 1.833462E-01 -1.472548E+00 5.927660E-01 -1.381406E-01 9.439149E-01 2.870818E-02 3.100432E-04 4.150326E+00 9.109059E+00 
1.562944E-01 4.667551E-03 3.359761E-01 1.753388E-01 -1.491388E+00 5.776095E-01 -9.174951E-02 1.018291E+00 2.838462E-02 2.025384E-03 3.622106E+00 9.027035E+00 
1.599276E-01 5.386310E-03 3.368924E-01 1.719858E-01 -1.428060E+00 5.849543E-01 -1.276804E-01 9.949895E-01 2.725214E-02 1.123492E-03 4.202388E+00 9.457978E+00 
1.610269E-01 8.129402E-03 3.224141E-01 1.858685E-01 -1.312053E+00 5.873345E-01 -9.877084E-02 1.054835E+00 2.853864E-02 8.213744E-04 4.138773E+00 8.343102E+00 
1.620508E-01 7.216517E-03 3.244875E-01 1.786950E-01 -1.543808E+00 5.894504E-01 -1.139996E-01 9.398925E-01 2.830062E-02 5.814394E-04 4.290135E+00 9.243077E+00 
1.840325E-01 5.652658E-03 3.525932E-01 1.739586E-01 -1.502480E+00 6.000000E-01 -1.308795E-01 8.368352E-01 2.878495E-02 1.068075E-03 4.303561E+00 8.218250E+00 
1.653689E-01 8.283067E-03 3.247672E-01 1.759808E-01 -1.430318E+00 5.879416E-01 -1.147244E-01 9.553590E-01 2.377553E-02 6.852970E-04 4.537491E+00 9.030331E+00 
1.676225E-01 5.787768E-03 3.265849E-01 1.805703E-01 -1.353102E+00 5.935261E-01 -1.423692E-01 1.008947E+00 2.691074E-02 1.188619E-03 4.415230E+00 9.803810E+00 
1.602843E-01 3.536593E-03 3.697559E-01 1.740054E-01 -1.382398E+00 5.964428E-01 -1.125247E-01 9.452011E-01 2.982718E-02 1.064546E-03 4.516317E+00 8.198859E+00 
1.689027E-01 6.811337E-03 3.532631E-01 1.829579E-01 -1.446089E+00 5.813272E-01 -9.781752E-02 8.996685E-01 2.899836E-02 1.554430E-03 4.210053E+00 9.560218E+00 
1.725384E-01 5.284913E-03 3.505587E-01 1.804715E-01 -1.547969E+00 5.738187E-01 -1.159452E-01 9.365504E-01 2.809851E-02 6.891119E-04 4.079392E+00 8.916734E+00 
1.623357E-01 5.813028E-03 3.392844E-01 1.806586E-01 -1.425729E+00 5.767967E-01 -1.333786E-01 9.497207E-01 3.001603E-02 2.071711E-03 4.163231E+00 8.073818E+00 
1.644551E-01 6.128011E-03 3.414743E-01 1.849720E-01 -1.408670E+00 5.830157E-01 -9.634563E-02 8.548093E-01 2.772641E-02 1.307447E-03 4.190640E+00 9.028824E+00 
1.747603E-01 5.137473E-03 3.471497E-01 1.820174E-01 -1.559050E+00 5.819085E-01 -1.742840E-01 1.023322E+00 2.828698E-02 1.641803E-03 4.047674E+00 8.217354E+00 
1.891621E-01 8.899330E-03 3.376169E-01 1.836518E-01 -1.634978E+00 5.741799E-01 -9.945313E-02 9.115204E-01 2.910783E-02 3.902435E-03 4.116597E+00 1.016341E+01 
1.738149E-01 1.683090E-02 3.419507E-01 1.776140E-01 -1.240854E+00 5.317259E-01 -1.847666E-01 1.019256E+00 2.789324E-02 3.845668E-03 4.127096E+00 8.051188E+00 
1.296777E-01 4.521931E-03 3.549031E-01 1.778385E-01 -1.432709E+00 5.493634E-01 -1.352073E-01 1.004207E+00 2.872226E-02 2.047179E-03 4.272527E+00 8.812365E+00 
1.625874E-01 6.333043E-03 3.322080E-01 1.778833E-01 -1.416563E+00 5.749328E-01 -9.554543E-02 9.757789E-01 2.932004E-02 1.217914E-03 4.097290E+00 7.901179E+00 
1.635418E-01 1.098913E-02 3.375136E-01 1.802950E-01 -1.448599E+00 5.641872E-01 -1.158782E-01 9.388131E-01 2.861690E-02 1.264854E-03 4.656018E+00 9.353033E+00 
1.746151E-01 4.818547E-03 3.354604E-01 1.812124E-01 -1.359518E+00 5.849069E-01 -1.378643E-01 9.682535E-01 2.963408E-02 2.493343E-04 3.659409E+00 8.870320E+00 
1.666102E-01 7.754540E-03 3.600986E-01 1.824599E-01 -1.545562E+00 5.924506E-01 -9.768107E-02 9.178367E-01 2.816313E-02 1.912455E-03 4.278674E+00 1.030335E+01 
1.646019E-01 5.051495E-03 3.501801E-01 1.740952E-01 -1.429209E+00 5.924087E-01 -8.633344E-02 1.036034E+00 2.908020E-02 8.988648E-04 4.143500E+00 9.633319E+00 
1.732384E-01 2.332716E-03 3.626701E-01 1.779425E-01 -1.364664E+00 5.823412E-01 -1.381714E-01 8.856359E-01 2.325040E-02 1.202040E-03 4.544096E+00 9.698096E+00 
1.656816E-01 6.949188E-03 3.514998E-01 1.743976E-01 -1.391097E+00 5.924130E-01 -1.449013E-01 9.566292E-01 2.895877E-02 1.052659E-03 4.088707E+00 8.187348E+00 
1.607175E-01 7.550972E-03 3.401070E-01 1.777058E-01 -1.478212E+00 5.921160E-01 -1.522191E-01 1.009171E+00 2.524382E-02 9.489743E-04 4.268028E+00 9.365921E+00 
1.612133E-01 5.691315E-03 3.331962E-01 1.796827E-01 -1.457995E+00 5.777914E-01 -1.220784E-01 9.882052E-01 2.670478E-02 1.046572E-03 4.371173E+00 1.031209E+01 
1.655043E-01 6.672725E-03 3.431943E-01 1.734972E-01 -1.433935E+00 5.757042E-01 -1.193428E-01 9.774375E-01 2.821238E-02 8.748924E-04 4.043153E+00 8.113964E+00 
1.413094E-01 4.897329E-03 3.637536E-01 1.870610E-01 -1.453401E+00 5.837674E-01 -1.166007E-01 9.341063E-01 3.012281E-02 6.533507E-04 4.321958E+00 8.554170E+00 
1.790367E-01 6.155819E-03 3.491837E-01 1.740806E-01 -1.421892E+00 5.840392E-01 -1.332914E-01 9.012774E-01 2.723537E-02 5.032633E-04 4.286966E+00 9.336187E+00 
1.575181E-01 5.020004E-03 3.428884E-01 1.768631E-01 -1.462528E+00 5.843259E-01 -1.253597E-01 9.415953E-01 3.022139E-02 4.669760E-04 4.133952E+00 9.758519E+00 
1.686494E-01 2.925529E-03 3.187214E-01 1.780833E-01 -1.267409E+00 5.865166E-01 -1.111245E-01 1.004824E+00 2.591196E-02 1.229464E-03 4.480436E+00 9.039606E+00 
1.604917E-01 6.806587E-03 3.435304E-01 1.780378E-01 -1.429466E+00 5.755381E-01 -7.941691E-02 9.218362E-01 3.032004E-02 8.049587E-04 3.727209E+00 8.210380E+00 
1.662423E-01 1.195085E-02 3.442543E-01 1.777851E-01 -1.451708E+00 5.732084E-01 -1.352466E-01 1.005648E+00 2.915012E-02 2.327943E-03 4.511407E+00 9.893060E+00 
1.673935E-01 5.605445E-03 3.259112E-01 1.777522E-01 -1.510841E+00 5.698949E-01 -1.075340E-01 9.455230E-01 2.739935E-02 1.419084E-03 4.224442E+00 1.034910E+01 
1.602892E-01 5.153184E-03 3.401963E-01 1.757228E-01 -1.362986E+00 5.715307E-01 -8.952432E-02 9.100062E-01 2.914343E-02 8.697923E-04 3.634671E+00 9.058071E+00 
1.860253E-01 8.329787E-03 3.327960E-01 1.641469E-01 -1.289456E+00 5.816532E-01 -1.751229E-01 9.764371E-01 2.782884E-02 1.683633E-03 4.781875E+00 8.502533E+00 
1.749325E-01 8.550176E-03 3.373286E-01 1.786949E-01 -1.415504E+00 6.000000E-01 -8.209499E-02 9.572424E-01 2.640590E-02 1.164858E-03 3.799728E+00 8.872406E+00 
1.805148E-01 6.244835E-03 3.516660E-01 1.833057E-01 -1.638875E+00 5.835165E-01 -1.297078E-01 8.620885E-01 2.554729E-02 5.103350E-04 4.265834E+00 9.121565E+00 
1.667911E-01 3.828916E-03 3.259404E-01 1.800214E-01 -1.402094E+00 5.885661E-01 -1.062801E-01 9.223795E-01 2.666887E-02 6.679139E-04 3.869871E+00 9.373092E+00 
1.677978E-01 5.081257E-03 3.367855E-01 1.853625E-01 -1.521650E+00 5.822905E-01 -6.880185E-02 8.990892E-01 2.595705E-02 9.148407E-04 3.546642E+00 9.248443E+00 
1.652880E-01 5.013285E-03 3.442312E-01 1.757929E-01 -1.396966E+00 5.753903E-01 -1.199543E-01 9.296052E-01 2.958305E-02 1.276718E-03 4.143511E+00 9.451535E+00 
1.654650E-01 5.679313E-03 3.325729E-01 1.751693E-01 -1.470992E+00 5.741657E-01 -1.283674E-01 1.059737E+00 2.743209E-02 9.220049E-04 4.350864E+00 8.470266E+00 
1.775127E-01 6.101977E-03 3.373358E-01 1.750372E-01 -1.447698E+00 5.776109E-01 -6.657297E-02 9.384940E-01 2.776085E-02 1.392569E-03 4.163792E+00 8.449810E+00 
1.568317E-01 5.076116E-03 3.414693E-01 1.741387E-01 -1.393706E+00 5.643572E-01 -9.179612E-02 9.074206E-01 2.882871E-02 1.602783E-03 4.101572E+00 9.284260E+00 
1.725999E-01 6.053657E-03 3.467341E-01 1.780565E-01 -1.467970E+00 5.953159E-01 -2.000000E-01 9.306213E-01 2.662118E-02 1.835665E-03 3.916972E+00 9.462033E+00 
1.672778E-01 4.813944E-03 3.368821E-01 1.748918E-01 -1.439535E+00 5.816983E-01 -1.905418E-01 9.358273E-01 2.775113E-02 8.098259E-04 4.093687E+00 8.838563E+00 
1.646671E-01 6.794954E-03 3.533497E-01 1.789181E-01 -1.455978E+00 5.829297E-01 -1.537085E-01 8.961999E-01 2.780289E-02 1.853248E-03 4.313888E+00 9.089505E+00 
1.712403E-01 7.158660E-03 3.268471E-01 1.822153E-01 -1.306932E+00 5.900620E-01 -8.970485E-02 9.065097E-01 2.496779E-02 1.089004E-03 4.402337E+00 9.139113E+00 
1.875328E-01 6.806216E-03 3.426266E-01 1.838905E-01 -1.370679E+00 5.881608E-01 -7.583132E-02 9.484933E-01 2.761614E-02 5.515067E-04 4.185123E+00 9.107868E+00 
1.838283E-01 4.304237E-03 3.574929E-01 1.788592E-01 -1.454566E+00 5.928321E-01 -9.486426E-02 9.377152E-01 2.829839E-02 7.811643E-04 4.654841E+00 9.275714E+00 
1.691191E-01 5.056529E-03 3.449102E-01 1.819041E-01 -1.341207E+00 6.000000E-01 -1.418878E-01 9.264936E-01 2.872562E-02 8.678713E-04 2.993602E+00 8.890813E+00 
1.681767E-01 5.146336E-03 3.319168E-01 1.732525E-01 -1.448106E+00 5.700932E-01 -9.172115E-02 9.576723E-01 3.099694E-02 1.244935E-03 3.353765E+00 1.013371E+01 
1.496704E-01 8.323347E-02 3.413723E-01 1.699610E-01 -1.338160E+00 5.449865E-01 -9.333040E-02 9.710455E-01 2.880331E-02 3.004445E-03 3.817893E+00 9.142495E+00 
1.771717E-01 5.111979E-03 3.478188E-01 1.744689E-01 -1.362226E+00 5.759343E-01 -1.226005E-01 9.055021E-01 2.868901E-02 1.212503E-03 4.247982E+00 9.389483E+00 
1.549158E-01 2.900927E-03 3.251768E-01 1.752022E-01 -1.441291E+00 5.835486E-01 -1.323828E-01 1.061652E+00 2.783910E-02 1.141830E-03 4.424259E+00 8.932516E+00 
1.865903E-01 5.233053E-03 3.399156E-01 1.885258E-01 -1.433556E+00 5.938480E-01 -1.473777E-01 9.300360E-01 3.017954E-02 3.990811E-04 4.343105E+00 7.835431E+00 
1.708334E-01 9.024677E-03 3.458267E-01 1.762503E-01 -1.405489E+00 5.775484E-01 -1.613795E-01 9.072957E-01 2.907139E-02 1.356124E-03 4.249121E+00 9.322900E+00 
1.685679E-01 5.930856E-03 3.504185E-01 1.780211E-01 -1.428771E+00 5.786691E-01 -2.000000E-01 9.531328E-01 3.088699E-02 1.334096E-03 4.391357E+00 9.265706E+00 
1.669176E-01 6.572693E-03 3.292636E-01 1.766451E-01 -1.511026E+00 5.918058E-01 -1.010036E-01 9.632408E-01 2.846773E-02 1.016892E-03 4.266761E+00 8.288719E+00 
1.799657E-01 6.311778E-03 3.351122E-01 1.799056E-01 -1.431689E+00 5.946910E-01 -1.131488E-01 9.230509E-01 2.930906E-02 1.746992E-03 4.208731E+00 9.311610E+00 
1.665337E-01 6.773031E-03 3.306217E-01 1.778293E-01 -1.514958E+00 5.764141E-01 -1.205075E-01 9.617484E-01 2.981733E-02 1.741753E-03 3.080537E+00 8.848863E+00 
1.758966E-01 8.622757E-03 3.405698E-01 1.761478E-01 -1.398061E+00 5.937231E-01 -1.985072E-01 8.828742E-01 2.769969E-02 7.446605E-04 3.947376E+00 8.938561E+00 
1.813957E-01 5.684403E-03 3.135953E-01 1.826667E-01 -1.537102E+00 5.813516E-01 -1.079166E-01 9.471755E-01 2.632336E-02 1.198304E-03 4.273664E+00 8.616141E+00 
1.835132E-01 7.688998E-03 3.599152E-01 1.798479E-01 -1.367627E+00 5.788728E-01 -1.336766E-01 8.883071E-01 2.727765E-02 2.321813E-04 3.977737E+00 9.215658E+00 
1.549989E-01 5.204583E-03 3.262767E-01 1.751615E-01 -1.300874E+00 5.838263E-01 -1.249653E-01 9.546909E-01 2.762819E-02 1.952410E-03 4.367718E+00 8.929215E+00 
1.705550E-01 5.174185E-03 3.065643E-01 1.782159E-01 -1.467037E+00 5.838264E-01 -1.154085E-01 9.729286E-01 2.771475E-02 1.122088E-03 4.133098E+00 8.862853E+00 
1.683370E-01 7.851145E-03 3.354896E-01 1.791387E-01 -1.423058E+00 5.767979E-01 -1.397625E-01 9.338366E-01 2.863754E-02 1.157247E-03 4.452842E+00 8.431071E+00 
1.634398E-01 5.957236E-03 3.336881E-01 1.781845E-01 -1.455101E+00 5.739209E-01 -1.069382E-01 9.991766E-01 2.938425E-02 2.514253E-03 4.577380E+00 7.600402E+00 
1.732715E-01 2.377454E-03 3.397599E-01 1.845254E-01 -1.486202E+00 5.808552E-01 -1.169242E-01 9.527704E-01 3.107598E-02 1.369358E-03 4.314081E+00 8.479856E+00 
1.636579E-01 6.364372E-03 3.390738E-01 1.831467E-01 -1.401619E+00 5.860622E-01 -1.647868E-01 9.476440E-01 2.738878E-02 8.650406E-04 4.380407E+00 9.750933E+00 
1.719144E-01 2.904710E-03 3.545148E-01 1.811938E-01 -1.442867E+00 5.702758E-01 -1.003931E-01 9.419779E-01 2.870602E-02 2.815750E-03 4.402008E+00 8.377318E+00 
1.659904E-01 5.213462E-03 3.401362E-01 1.708221E-01 -1.337569E+00 5.819220E-01 -1.369825E-01 8.854921E-01 2.836682E-02 4.888162E-04 4.022935E+00 8.890486E+00 
1.719139E-01 7.314899E-03 3.545817E-01 1.753151E-01 -1.564016E+00 5.780422E-01 -1.306210E-01 9.365106E-01 2.869725E-02 1.935062E-03 3.903188E+00 8.386517E+00 
1.462370E-01 4.622457E-03 3.433915E-01 1.700955E-01 -1.486007E+00 5.997904E-01 -1.219622E-01 1.013032E+00 2.976413E-02 2.967707E-03 3.160900E+00 8.652404E+00 
1.895431E-01 6.117746E-03 3.545636E-01 1.785461E-01 -1.415907E+00 5.880327E-01 -1.018015E-01 9.244676E-01 2.630716E-02 3.364625E-03 4.427049E+00 8.504514E+00 
1.771547E-01 6.114463E-03 3.255440E-01 1.841260E-01 -1.459156E+00 5.953130E-01 -1.292836E-01 9.340317E-01 2.743418E-02 1.409078E-03 3.926769E+00 8.245541E+00 
1.530760E-01 5.653884E-03 3.163105E-01 1.824269E-01 -1.381952E+00 5.844177E-01 -1.252731E-01 9.204745E-01 2.939717E-02 1.051464E-03 4.410058E+00 9.206710E+00 
1.793162E-01 3.545564E-03 3.578172E-01 1.795740E-01 -1.497327E+00 5.929996E-01 -1.752855E-01 9.321053E-01 2.775011E-02 2.476932E-03 4.330776E+00 8.767868E+00 
1.672873E-01 5.022288E-03 3.482150E-01 1.724715E-01 -1.257063E+00 5.779177E-01 -8.452996E-02 9.231088E-01 2.928699E-02 1.450989E-03 4.145030E+00 1.011036E+01 
1.616281E-01 7.075552E-03 3.327317E-01 1.763769E-01 -1.465054E+00 5.838179E-01 -1.587261E-01 9.063435E-01 2.732158E-02 1.185273E-03 4.252116E+00 9.657260E+00 
1.583946E-01 4.960641E-03 3.250058E-01 1.766968E-01 -1.364282E+00 5.730379E-01 -1.038331E-01 9.832505E-01 2.938165E-02 1.626980E-03 4.010632E+00 7.091943E+00 
1.622429E-01 4.927670E-03 3.370323E-01 1.747590E-01 -1.501447E+00 5.808440E-01 -1.658665E-01 1.027400E+00 2.931522E-02 1.212773E-03 3.501979E+00 9.157819E+00 
1.612268E-01 4.857594E-03 3.402050E-01 1.756979E-01 -1.574760E+00 5.915340E-01 -1.492600E-01 9.224523E-01 2.881053E-02 7.934953E-04 4.248843E+00 8.796411E+00 
1.660136E-01 4.361406E-03 3.276136E-01 1.751296E-01 -1.419305E+00 5.864681E-01 -1.502428E-01 9.215219E-01 2.672894E-02 7.764700E-04 4.245936E+00 9.217760E+00 
1.614253E-01 4.637176E-03 3.426040E-01 1.769108E-01 -1.504170E+00 5.796403E-01 -1.146538E-01 1.113147E+00 2.586163E-02 1.630054E-03 4.074271E+00 8.412217E+00 
1.683586E-01 3.316302E-03 3.559976E-01 1.788138E-01 -1.381007E+00 5.863761E-01 -1.146029E-01 9.295795E-01 3.053588E-02 1.834142E-03 4.004306E+00 8.181127E+00 
1.788907E-01 6.350455E-03 3.518548E-01 1.781529E-01 -1.415978E+00 5.920261E-01 -1.425868E-01 9.478126E-01 2.755320E-02 7.073089E-04 4.288078E+00 8.658194E+00 
1.707217E-01 6.833593E-03 3.363081E-01 1.833295E-01 -1.452765E+00 5.815035E-01 -1.150680E-01 9.912094E-01 2.880181E-02 1.284879E-03 4.364089E+00 8.612624E+00 
1.739693E-01 5.458328E-03 3.374918E-01 1.797934E-01 -1.396193E+00 5.790600E-01 -1.346579E-01 9.592182E-01 2.922454E-02 1.247206E-03 4.354279E+00 1.022931E+01 
1.689962E-01 3.808992E-03 3.474403E-01 1.778532E-01 -1.455804E+00 5.869960E-01 -1.238366E-01 9.832389E-01 2.879837E-02 9.945042E-04 4.432622E+00 9.151470E+00 
1.715935E-01 6.835747E-03 3.252131E-01 1.813396E-01 -1.492450E+00 5.886167E-01 -8.338858E-02 9.296937E-01 2.660359E-02 7.921951E-04 4.153411E+00 9.219182E+00 
1.665260E-01 4.765205E-03 3.296671E-01 1.745336E-01 -1.372139E+00 5.874821E-01 -1.393322E-01 8.803763E-01 2.801418E-02 1.262853E-03 4.072237E+00 9.258718E+00 
1.711368E-01 4.843818E-03 3.645180E-01 1.742318E-01 -1.485983E+00 5.895622E-01 -1.625272E-01 9.658282E-01 2.764737E-02 9.761253E-04 4.366281E+00 9.094139E+00 
1.654507E-01 5.540104E-03 3.418047E-01 1.793898E-01 -1.486805E+00 5.850231E-01 -9.478447E-02 9.058327E-01 2.638107E-02 9.841824E-04 4.362766E+00 9.499453E+00 
1.596155E-01 5.490893E-03 3.516744E-01 1.682613E-01 -1.400287E+00 5.898926E-01 -1.219528E-01 9.749530E-01 2.960817E-02 2.636001E-03 4.356120E+00 9.554868E+00 
1.698376E-01 5.178961E-03 3.388039E-01 1.717088E-01 -1.423495E+00 5.829032E-01 -1.509255E-01 9.546407E-01 2.973177E-02 1.028996E-03 4.842481E+00 8.241989E+00 
1.555387E-01 8.113102E-03 3.395222E-01 1.779525E-01 -1.412293E+00 5.707980E-01 -9.772555E-02 9.506101E-01 2.844227E-02 2.106244E-03 4.618755E+00 9.685229E+00 
1.798230E-01 3.059612E-03 3.417601E-01 1.878897E-01 -1.487616E+00 5.766488E-01 -1.110604E-01 9.706631E-01 2.804901E-02 1.234093E-03 4.615847E+00 7.980993E+00 
1.838182E-01 2.582884E-03 3.475873E-01 1.857208E-01 -1.317862E+00 5.803173E-01 -1.121926E-01 9.629010E-01 2.885211E-02 3.437454E-03 4.196182E+00 9.074749E+00 
1.787610E-01 3.156238E-03 3.506705E-01 1.806821E-01 -1.308224E+00 5.830314E-01 -7.677729E-02 1.014746E+00 2.933379E-02 1.747863E-03 4.223657E+00 9.329593E+00 
1.753471E-01 4.276633E-03 3.544171E-01 1.776661E-01 -1.521977E+00 5.862042E-01 -1.191122E-01 9.233148E-01 2.800544E-02 1.008209E-03 4.500099E+00 8.453585E+00 
1.617690E-01 7.817950E-03 3.321641E-01 1.776432E-01 -1.390768E+00 5.880476E-01 -1.464984E-01 9.253578E-01 2.936599E-02 1.722449E-03 4.144311E+00 9.585000E+00 
2.000000E-01 1.000000E-04 3.483209E-01 1.750547E-01 -1.509472E+00 6.000000E-01 -2.000000E-01 1.010013E+00 2.583106E-02 2.381047E-03 4.084954E+00 8.578244E+00 
1.750342E-01 8.398641E-03 3.376098E-01 1.790053E-01 -1.304732E+00 5.831263E-01 -1.265802E-01 9.715359E-01 2.922968E-02 2.288923E-03 4.613931E+00 8.953465E+00 
1.628622E-01 5.588005E-03 3.219787E-01 1.789246E-01 -1.407862E+00 5.761151E-01 -1.204743E-01 9.731041E-01 2.816729E-02 1.013733E-03 3.968692E+00 9.592617E+00 
1.651778E-01 6.765560E-03 3.542823E-01 1.772282E-01 -1.472968E+00 6.000000E-01 -2.000000E-01 8.802667E-01 2.867999E-02 1.988076E-03 4.565763E+00 8.790090E+00 
1.781285E-01 7.824799E-03 3.310328E-01 1.846723E-01 -1.426927E+00 4.890005E-01 -1.930790E-01 9.640485E-01 2.449781E-02 8.974540E-04 4.388123E+00 9.011248E+00 
1.733498E-01 6.872022E-03 3.534140E-01 1.750867E-01 -1.404966E+00 5.928976E-01 -9.616827E-02 9.142875E-01 3.090281E-02 9.781597E-04 3.929228E+00 9.008108E+00 
1.300394E-01 1.608229E-02 3.268074E-01 1.717584E-01 -1.255643E+00 5.864478E-01 -1.258015E-01 1.010887E+00 2.699303E-02 1.961232E-03 4.420478E+00 8.655031E+00 
1.789842E-01 7.412579E-03 3.433025E-01 1.742945E-01 -1.400331E+00 5.831620E-01 -1.683344E-01 9.376780E-01 2.873599E-02 5.843588E-03 3.920975E+00 9.939003E+00 
1.598301E-01 5.816156E-03 3.649198E-01 1.848474E-01 -1.478255E+00 5.815498E-01 -1.546738E-01 8.962416E-01 3.077672E-02 0.000000E+00 3.948425E+00 8.534707E+00 
1.619955E-01 2.892849E-03 3.383385E-01 1.738123E-01 -1.424119E+00 5.920404E-01 -1.649171E-01 9.857695E-01 2.836908E-02 2.446585E-03 4.160773E+00 9.215370E+00 
1.643139E-01 6.576107E-03 3.550443E-01 1.768766E-01 -1.487854E+00 5.641523E-01 -1.477030E-01 9.275803E-01 2.985251E-02 1.416029E-03 4.182007E+00 9.275023E+00 
1.681821E-01 5.792418E-03 3.317725E-01 1.838029E-01 -1.384756E+00 5.831098E-01 -1.089261E-01 9.940758E-01 2.869910E-02 1.512390E-03 4.466844E+00 1.041126E+01 
1.728338E-01 8.362537E-03 3.522812E-01 1.833099E-01 -1.472637E+00 5.846198E-01 -9.164743E-02 9.139733E-01 2.769928E-02 6.492460E-04 4.219773E+00 6.124598E+00 
1.415823E-01 8.768155E-03 3.464985E-01 1.731097E-01 -1.458565E+00 5.997264E-01 -1.105514E-01 1.004100E+00 2.756685E-02 5.483314E-03 4.153404E+00 7.683390E+00 
1.668395E-01 1.716728E-03 3.443739E-01 1.768876E-01 -1.397772E+00 5.982455E-01 -1.856095E-01 8.921820E-01 2.993569E-02 8.076995E-04 3.378465E+00 8.706011E+00 
1.705221E-01 6.163757E-03 3.467397E-01 1.721391E-01 -1.416745E+00 5.881895E-01 -9.287104E-02 9.457832E-01 2.792278E-02 1.056099E-03 4.198364E+00 9.334562E+00 
1.736663E-01 5.573326E-03 3.326875E-01 1.787099E-01 -1.592873E+00 5.886614E-01 -1.293142E-01 9.102052E-01 2.555081E-02 1.318931E-03 4.419042E+00 9.182428E+00 
1.706310E-01 4.020916E-03 3.242542E-01 1.761691E-01 -1.474734E+00 5.902232E-01 -1.283877E-01 8.958471E-01 2.713482E-02 1.330315E-03 4.154396E+00 9.210497E+00 
1.554818E-01 8.018929E-03 3.212169E-01 1.750533E-01 -1.371692E+00 5.868036E-01 -1.140936E-01 1.018397E+00 2.673180E-02 5.691888E-04 4.378169E+00 9.637713E+00 
1.426117E-01 9.869346E-03 3.359627E-01 1.776051E-01 -1.419646E+00 5.701883E-01 -8.489501E-02 9.632029E-01 2.933081E-02 4.167000E-03 4.145781E+00 9.285054E+00 
1.630372E-01 8.369414E-03 3.564047E-01 1.847724E-01 -1.413602E+00 5.827300E-01 -1.698093E-01 9.874922E-01 2.938205E-02 1.146509E-03 4.496871E+00 7.488582E+00 
1.660749E-01 4.955200E-03 3.409550E-01 1.735929E-01 -1.333555E+00 5.689370E-01 -1.187625E-01 9.314212E-01 2.806348E-02 1.650440E-03 4.396589E+00 8.364853E+00 
1.720581E-01 5.148898E-03 3.318587E-01 1.734803E-01 -1.438919E+00 5.801718E-01 -1.326493E-01 9.800668E-01 2.912683E-02 2.636409E-03 4.193816E+00 9.223233E+00 
1.728166E-01 5.606530E-03 3.484317E-01 1.792530E-01 -1.501122E+00 5.940287E-01 -1.125385E-01 9.044474E-01 2.951529E-02 8.747792E-04 3.736221E+00 8.700006E+00 
1.349897E-01 1.000000E-04 3.120901E-01 1.770724E-01 -1.452677E+00 5.582328E-01 -1.208212E-01 9.684581E-01 2.787376E-02 3.364419E-03 4.161561E+00 8.711270E+00 
1.700169E-01 5.152705E-03 3.300923E-01 1.837248E-01 -1.525185E+00 5.840832E-01 -1.404696E-01 1.148567E+00 2.766892E-02 8.997354E-04 4.737849E+00 8.451468E+00 
1.623714E-01 6.962221E-03 3.589246E-01 1.788245E-01 -1.299006E+00 5.830328E-01 -1.778327E-01 9.745833E-01 2.468510E-02 1.104958E-03 4.117835E+00 9.208930E+00 
1.607449E-01 7.231008E-03 3.426248E-01 1.756101E-01 -1.417123E+00 5.786952E-01 -1.283534E-01 9.310172E-01 2.842658E-02 8.369589E-04 4.623198E+00 8.238170E+00 
1.615315E-01 4.903660E-03 3.377987E-01 1.804811E-01 -1.448386E+00 5.705320E-01 -1.146800E-01 9.310840E-01 2.910121E-02 8.596333E-04 4.504918E+00 8.941762E+00 
1.694383E-01 4.103275E-03 3.269262E-01 1.805620E-01 -1.352925E+00 5.914458E-01 -1.451682E-01 9.255015E-01 2.968149E-02 1.075156E-03 4.321984E+00 8.839245E+00 
1.228698E-01 1.623583E-02 3.125679E-01 1.737961E-01 -1.422066E+00 5.665144E-01 -1.083406E-01 8.274632E-01 2.828856E-02 3.671597E-03 3.904922E+00 9.408253E+00 
1.675498E-01 5.739995E-03 3.451334E-01 1.826697E-01 -1.452603E+00 5.872751E-01 -7.965817E-02 9.331421E-01 2.708058E-02 1.681068E-03 4.251548E+00 8.554427E+00 
1.710118E-01 4.792361E-03 3.373656E-01 1.786404E-01 -1.311163E+00 5.791043E-01 -1.705734E-01 9.116590E-01 3.011500E-02 1.496571E-03 4.145304E+00 8.661185E+00 
1.753585E-01 4.864055E-03 3.507377E-01 1.776848E-01 -1.414451E+00 5.921706E-01 -1.056052E-01 9.311967E-01 2.826828E-02 8.407616E-04 3.858465E+00 9.367551E+00 
1.576900E-01 3.012224E-03 3.329510E-01 1.754596E-01 -1.411016E+00 5.865236E-01 -1.199118E-01 9.915595E-01 2.801683E-02 1.047784E-03 4.275419E+00 9.026541E+00 
1.499583E-01 6.862061E-03 3.516486E-01 1.775081E-01 -1.405594E+00 5.863013E-01 -9.558776E-02 9.224810E-01 2.920715E-02 1.519295E-03 3.969794E+00 9.143278E+00 
1.719329E-01 3.735322E-03 3.442732E-01 1.721198E-01 -1.473409E+00 5.873862E-01 -1.208671E-01 9.880895E-01 2.751752E-02 1.697629E-03 4.204113E+00 8.125266E+00 
1.700261E-01 5.599894E-03 3.511974E-01 1.733463E-01 -1.503040E+00 5.790836E-01 -1.656919E-01 8.967220E-01 2.861060E-02 8.696068E-04 4.440132E+00 7.773081E+00 
1.735190E-01 7.076998E-03 3.516008E-01 1.822989E-01 -1.436060E+00 5.940329E-01 -1.548006E-01 9.268787E-01 2.988193E-02 7.717483E-04 4.337500E+00 9.196936E+00 
1.520177E-01 2.798514E-03 3.341410E-01 1.770358E-01 -1.353264E+00 5.843764E-01 -8.108527E-02 8.993408E-01 2.483795E-02 8.065603E-04 4.328862E+00 9.471010E+00 
1.411178E-01 3.868660E-02 3.250372E-01 1.551194E-01 -1.204674E+00 4.752659E-01 -1.007917E-01 9.221931E-01 2.807912E-02 5.158157E-03 2.263913E+00 9.479380E+00 
1.645912E-01 7.248549E-03 3.625519E-01 1.797828E-01 -1.445846E+00 5.950714E-01 -1.717168E-01 9.424020E-01 2.968865E-02 2.473444E-03 4.273409E+00 9.564589E+00 
1.597724E-01 1.020623E-02 3.542458E-01 1.750995E-01 -1.322407E+00 6.000000E-01 -9.474745E-02 9.522125E-01 2.856823E-02 1.767213E-03 3.835970E+00 9.041257E+00 
1.662486E-01 4.854112E-03 3.462367E-01 1.771692E-01 -1.305120E+00 5.725959E-01 -1.354025E-01 8.937239E-01 2.781036E-02 9.785732E-04 4.272413E+00 9.189007E+00 
1.730809E-01 5.076260E-03 3.370177E-01 1.767840E-01 -1.466411E+00 5.956483E-01 -1.749833E-01 9.586841E-01 2.651346E-02 1.501963E-03 4.396462E+00 9.698280E+00 
1.704848E-01 5.258279E-03 3.478965E-01 1.757215E-01 -1.502739E+00 5.838427E-01 -1.335566E-01 1.032173E+00 2.827320E-02 4.183169E-03 4.071205E+00 9.554137E+00 
1.662828E-01 7.123087E-03 3.331987E-01 1.795138E-01 -1.454301E+00 5.892129E-01 -1.401676E-01 9.717837E-01 2.901416E-02 1.185900E-03 4.155414E+00 9.280641E+00 
1.675560E-01 6.336659E-03 3.421021E-01 1.798390E-01 -1.463278E+00 5.349704E-01 -9.210696E-02 9.184546E-01 2.774075E-02 7.908645E-04 4.495902E+00 9.040211E+00 
1.736447E-01 5.686395E-03 3.389639E-01 1.751737E-01 -1.315599E+00 5.810387E-01 -1.707628E-01 9.792321E-01 2.768152E-02 1.302088E-03 4.188395E+00 9.215649E+00 
1.674255E-01 4.598106E-03 3.408722E-01 1.751131E-01 -1.568119E+00 6.000000E-01 -1.650128E-01 9.969177E-01 2.568479E-02 3.614731E-03 4.230211E+00 9.755914E+00 
1.649341E-01 6.045810E-03 3.319217E-01 1.743138E-01 -1.451910E+00 5.502697E-01 -1.180574E-01 9.635030E-01 2.926791E-02 1.211047E-03 4.088796E+00 1.080578E+01 
1.753858E-01 5.657604E-03 3.398707E-01 1.829027E-01 -1.455341E+00 5.843926E-01 -1.633087E-01 9.711356E-01 2.728456E-02 1.927375E-03 4.421158E+00 8.951133E+00 
1.702365E-01 5.052471E-03 3.289883E-01 1.771183E-01 -1.412860E+00 5.743394E-01 -1.348688E-01 9.407478E-01 2.990881E-02 1.070113E-03 4.056614E+00 9.064188E+00 
1.749775E-01 8.283848E-03 3.434300E-01 1.758617E-01 -1.494565E+00 5.972258E-01 -1.306842E-01 8.893805E-01 2.674432E-02 7.578213E-04 4.207583E+00 9.170508E+00 
1.709653E-01 9.508331E-03 3.546172E-01 1.762178E-01 -1.475974E+00 5.769114E-01 -1.497585E-01 9.203192E-01 2.901277E-02 1.254734E-03 3.440431E+00 7.993346E+00 
1.786384E-01 6.612701E-03 3.483723E-01 1.772815E-01 -1.466104E+00 5.800966E-01 -1.267228E-01 9.015214E-01 2.936438E-02 5.565835E-04 3.829025E+00 7.993381E+00 
1.295851E-01 1.057332E-02 3.407246E-01 1.701395E-01 -1.470490E+00 5.723918E-01 -1.427073E-01 1.040817E+00 2.807375E-02 2.455030E-03 4.263410E+00 8.775223E+00 
1.538989E-01 1.979992E-02 3.479879E-01 1.695785E-01 -1.470208E+00 5.873515E-01 -1.204650E-01 9.726589E-01 2.838033E-02 6.746056E-04 4.523986E+00 7.889453E+00 
1.716008E-01 6.264892E-03 3.427790E-01 1.805416E-01 -1.479680E+00 5.932473E-01 -1.130942E-01 8.827083E-01 2.923795E-02 9.370196E-04 4.131866E+00 9.145044E+00 
1.626241E-01 5.226107E-03 3.296944E-01 1.799803E-01 -1.369144E+00 5.776836E-01 -1.281863E-01 9.441237E-01 2.842441E-02 1.722744E-03 4.305005E+00 9.185402E+00 
1.817071E-01 6.527718E-03 3.438312E-01 1.887204E-01 -1.444414E+00 5.816788E-01 -1.625772E-01 9.787586E-01 2.787700E-02 1.020074E-03 4.242214E+00 9.642372E+00 
1.681375E-01 6.111997E-03 3.510769E-01 1.754717E-01 -1.427630E+00 5.846079E-01 -9.723252E-02 9.514290E-01 2.711606E-02 1.019738E-03 4.117217E+00 9.603970E+00 
1.682667E-01 4.015319E-03 3.333995E-01 1.823981E-01 -1.493587E+00 5.756445E-01 -1.063742E-01 9.871627E-01 3.110529E-02 3.052618E-03 4.261918E+00 9.510514E+00 
1.794762E-01 7.391556E-03 3.653542E-01 1.804592E-01 -1.526295E+00 5.898335E-01 -1.635276E-01 1.029250E+00 2.841396E-02 2.180539E-03 4.281954E+00 8.694558E+00 
1.646218E-01 5.062379E-03 3.490137E-01 1.803178E-01 -1.407668E+00 5.848630E-01 -8.211831E-02 9.942322E-01 2.933168E-02 9.926294E-04 4.363366E+00 9.312482E+00 
1.638837E-01 5.488325E-03 3.474384E-01 1.802852E-01 -1.582531E+00 5.882040E-01 -9.723976E-02 1.006514E+00 2.897558E-02 2.120454E-03 3.853115E+00 1.017425E+01 
1.624790E-01 5.863452E-03 3.279289E-01 1.764469E-01 -1.546777E+00 5.707222E-01 -1.341866E-01 9.199848E-01 2.836458E-02 1.009552E-03 5.006125E+00 9.820645E+00 
1.667855E-01 5.220852E-03 3.471813E-01 1.813954E-01 -1.462090E+00 5.732711E-01 -1.271691E-01 9.430263E-01 2.874549E-02 1.986251E-03 4.240422E+00 8.130690E+00 
1.664436E-01 5.822044E-03 3.336934E-01 1.841437E-01 -1.483680E+00 5.706497E-01 -9.480513E-02 9.415310E-01 2.918548E-02 4.355088E-04 3.989725E+00 8.921120E+00 
1.838079E-01 7.278589E-03 3.411018E-01 1.825807E-01 -1.421657E+00 5.633197E-01 -1.030736E-01 1.076644E+00 2.733260E-02 1.344880E-03 4.330177E+00 8.259880E+00 
1.649033E-01 7.057733E-03 3.547554E-01 1.779363E-01 -1.358173E+00 5.888327E-01 -1.760856E-01 9.498902E-01 2.964246E-02 5.168451E-04 3.909454E+00 8.828631E+00 
1.512242E-01 4.038686E-03 3.515480E-01 1.829950E-01 -1.503975E+00 5.807101E-01 -9.275166E-02 9.319261E-01 2.803119E-02 1.654298E-03 3.876521E+00 8.802132E+00 
1.750644E-01 7.329954E-03 3.389746E-01 1.763196E-01 -1.433485E+00 5.849842E-01 -1.337653E-01 9.553549E-01 2.925250E-02 6.139279E-04 4.013563E+00 8.836381E+00 
1.680570E-01 4.457212E-03 3.315130E-01 1.782933E-01 -1.333807E+00 5.883943E-01 -1.209324E-01 9.533872E-01 2.795264E-02 1.823163E-03 3.933105E+00 9.303077E+00 
1.831275E-01 6.245219E-03 3.505151E-01 1.814688E-01 -1.426612E+00 5.823420E-01 -1.418982E-01 9.558112E-01 2.711806E-02 9.721581E-04 4.398108E+00 7.514998E+00 
1.660858E-01 5.262821E-03 3.472529E-01 1.719648E-01 -1.391793E+00 5.787581E-01 -1.384227E-01 9.348344E-01 2.536753E-02 5.465439E-04 4.457302E+00 9.167807E+00 
1.706762E-01 2.577284E-03 3.393657E-01 1.772513E-01 -1.457688E+00 5.874258E-01 -9.151829E-02 8.930672E-01 2.756440E-02 1.103466E-03 4.201897E+00 1.027532E+01 
1.695556E-01 4.062240E-03 3.387535E-01 1.829484E-01 -1.346764E+00 5.808779E-01 -8.929919E-02 8.750532E-01 2.774378E-02 1.753764E-03 4.174007E+00 9.810926E+00 
1.780549E-01 7.232578E-03 3.375958E-01 1.774592E-01 -1.415600E+00 5.670528E-01 -1.137399E-01 9.536061E-01 2.852273E-02 1.132147E-03 4.314751E+00 8.402261E+00 
1.648561E-01 1.039860E-02 3.421411E-01 1.705074E-01 -1.470653E+00 5.881231E-01 -1.865368E-01 1.048578E+00 3.006558E-02 3.000130E-03 4.290781E+00 8.521006E+00 
1.637447E-01 7.642302E-03 3.547659E-01 1.793771E-01 -1.405169E+00 5.809242E-01 -1.243852E-01 9.550015E-01 2.842688E-02 5.336450E-04 4.361754E+00 8.605736E+00 
1.254476E-01 1.045495E-02 3.388317E-01 1.727239E-01 -1.471572E+00 5.827762E-01 -8.607524E-02 8.962176E-01 2.765003E-02 1.577979E-03 4.374289E+00 1.006509E+01 
1.673598E-01 5.836505E-03 3.488292E-01 1.814553E-01 -1.486945E+00 5.718661E-01 -1.183131E-01 9.329945E-01 2.939953E-02 3.050773E-03 4.104794E+00 9.700072E+00 
1.746008E-01 5.562242E-03 3.555745E-01 1.748291E-01 -1.343020E+00 5.736001E-01 -2.000000E-01 9.591359E-01 2.870102E-02 2.705688E-03 3.687615E+00 9.604466E+00 
1.690044E-01 7.113412E-03 3.760441E-01 1.767841E-01 -1.258254E+00 5.835586E-01 -9.594117E-02 9.829587E-01 2.865871E-02 1.494818E-03 4.283233E+00 9.725262E+00 
1.556691E-01 5.357885E-03 3.490839E-01 1.739373E-01 -1.438308E+00 5.983314E-01 -1.210137E-01 9.366889E-01 2.587036E-02 1.079826E-03 4.165380E+00 8.878413E+00 
1.704961E-01 4.318456E-03 3.451627E-01 1.777975E-01 -1.483412E+00 5.882233E-01 -7.870259E-02 9.544288E-01 3.073732E-02 1.102247E-03 4.222970E+00 8.995058E+00 
1.746785E-01 7.590765E-03 3.697406E-01 1.827709E-01 -1.512462E+00 5.873790E-01 -1.048208E-01 8.682908E-01 2.896595E-02 7.233380E-04 3.607547E+00 7.984155E+00 
1.672990E-01 7.540824E-03 3.425303E-01 1.726726E-01 -1.463077E+00 5.824628E-01 -1.124657E-01 9.159938E-01 2.888933E-02 1.070900E-03 4.832206E+00 9.653037E+00 
1.425930E-01 9.199943E-03 3.426502E-01 1.769627E-01 -1.395330E+00 5.822589E-01 -1.199833E-01 1.088121E+00 2.824839E-02 1.122511E-03 4.482928E+00 1.035665E+01 
1.683103E-01 3.643250E-03 3.496726E-01 1.676978E-01 -1.475780E+00 5.738309E-01 -1.070321E-01 9.234659E-01 2.794284E-02 2.280128E-03 4.759792E+00 7.885322E+00 
1.510905E-01 6.557536E-03 3.432031E-01 1.775398E-01 -1.433839E+00 5.888347E-01 -1.481082E-01 1.001571E+00 2.809169E-02 1.170887E-03 3.673272E+00 9.967232E+00 
1.681092E-01 8.922913E-03 3.439471E-01 1.876078E-01 -1.510480E+00 5.927680E-01 -1.612961E-01 9.169047E-01 2.724783E-02 1.090229E-03 4.258787E+00 8.769159E+00 
1.557725E-01 7.708012E-03 3.450593E-01 1.707883E-01 -1.320160E+00 5.699818E-01 -6.806179E-02 9.351558E-01 2.775201E-02 1.705071E-03 3.863176E+00 9.421719E+00 
1.603473E-01 4.742783E-03 3.531365E-01 1.795945E-01 -1.407910E+00 5.781014E-01 -9.544136E-02 8.807163E-01 2.856372E-02 8.133804E-04 4.085487E+00 9.812675E+00 
1.624899E-01 8.292500E-03 3.431467E-01 1.750568E-01 -1.367146E+00 5.512058E-01 -1.210189E-01 9.506743E-01 2.790848E-02 1.221268E-03 4.005399E+00 8.119061E+00 
1.480013E-01 4.697905E-03 3.327614E-01 1.687515E-01 -1.424290E+00 5.628363E-01 -1.745258E-01 9.183799E-01 2.775571E-02 6.601845E-04 4.361677E+00 1.015637E+01 
1.557906E-01 3.698824E-02 3.391421E-01 1.804972E-01 -1.432745E+00 4.574322E-01 -7.839571E-02 1.004388E+00 2.637209E-02 4.601298E-03 3.849032E+00 7.929896E+00 
1.512878E-01 5.610634E-03 3.485275E-01 1.713085E-01 -1.428871E+00 5.876094E-01 -1.277628E-01 9.528031E-01 3.253650E-02 1.807200E-03 4.215019E+00 9.826203E+00 
1.663431E-01 5.881124E-03 3.430203E-01 1.776128E-01 -1.472364E+00 5.957909E-01 -1.117818E-01 1.013032E+00 2.857347E-02 2.371320E-03 3.557286E+00 8.459677E+00 
1.548863E-01 4.798145E-03 3.354732E-01 1.829033E-01 -1.570989E+00 5.971333E-01 -8.675746E-02 1.037333E+00 2.716749E-02 9.374936E-04 4.423079E+00 9.048317E+00 
1.908507E-01 1.234177E-02 3.410536E-01 1.776762E-01 -1.361194E+00 5.964088E-01 -1.300137E-01 9.300954E-01 2.900599E-02 0.000000E+00 4.113613E+00 9.170098E+00 
1.585036E-01 6.622204E-03 3.502717E-01 1.840904E-01 -1.498013E+00 5.586194E-01 -1.008533E-01 9.360372E-01 2.842401E-02 1.451349E-03 4.268737E+00 8.740041E+00 
1.857630E-01 8.637247E-03 3.647043E-01 1.738289E-01 -1.354367E+00 5.847366E-01 -1.791758E-01 9.207356E-01 2.745538E-02 2.957339E-03 4.017071E+00 1.036079E+01 
1.721603E-01 3.777176E-03 3.352539E-01 1.798206E-01 -1.499220E+00 5.788784E-01 -1.123687E-01 9.733111E-01 3.176414E-02 2.223279E-03 4.028991E+00 9.768626E+00 
1.612556E-01 4.316147E-03 3.310656E-01 1.753088E-01 -1.689358E+00 5.856483E-01 -1.614158E-01 1.011729E+00 2.817173E-02 1.030791E-03 4.550867E+00 8.852145E+00 
1.891056E-01 5.309944E-03 3.411982E-01 1.791853E-01 -1.282742E+00 5.890065E-01 -1.486092E-01 9.592276E-01 2.712038E-02 1.024153E-03 4.162701E+00 9.383079E+00 
1.608953E-01 6.750238E-03 3.500191E-01 1.753886E-01 -1.511816E+00 5.632658E-01 -8.700052E-02 8.929823E-01 2.622480E-02 3.643115E-03 4.202433E+00 8.984489E+00 
1.595716E-01 7.460223E-03 3.369356E-01 1.835059E-01 -1.289749E+00 5.864418E-01 -9.690106E-02 9.358299E-01 2.911824E-02 0.000000E+00 4.705075E+00 9.362635E+00 
1.674259E-01 4.237091E-03 3.409018E-01 1.756937E-01 -1.446073E+00 5.805594E-01 -1.508410E-01 9.485080E-01 3.018500E-02 1.773417E-03 4.099485E+00 8.322537E+00 
1.686291E-01 4.553896E-03 3.457305E-01 1.743658E-01 -1.547399E+00 5.781744E-01 -1.649167E-01 9.552103E-01 2.945825E-02 7.460470E-04 4.032790E+00 8.767788E+00 
1.622674E-01 3.921441E-03 3.254212E-01 1.752029E-01 -1.339641E+00 5.806385E-01 -1.096108E-01 1.029449E+00 2.693289E-02 2.165835E-03 4.190591E+00 9.036436E+00 
1.645199E-01 6.391877E-03 3.463906E-01 1.752054E-01 -1.517453E+00 5.722878E-01 -8.014193E-02 1.017669E+00 2.959799E-02 1.134031E-03 3.843717E+00 9.770195E+00 
1.811222E-01 5.245820E-03 3.350902E-01 1.855794E-01 -1.382986E+00 5.797738E-01 -1.111872E-01 9.904716E-01 3.012702E-02 7.047596E-04 4.198261E+00 8.419536E+00 
1.649784E-01 5.463653E-03 3.508315E-01 1.766984E-01 -1.571102E+00 5.938805E-01 -8.435267E-02 9.812163E-01 2.716685E-02 2.655851E-03 4.340521E+00 9.134900E+00 
1.686196E-01 5.282966E-03 3.504202E-01 1.727741E-01 -1.242101E+00 5.515483E-01 -1.093211E-01 9.737391E-01 2.838156E-02 2.006748E-03 4.504762E+00 8.462827E+00 
1.673912E-01 4.802282E-03 3.556411E-01 1.743382E-01 -1.380448E+00 5.791815E-01 -1.102928E-01 9.414664E-01 2.994415E-02 1.464667E-03 4.057052E+00 9.052993E+00 
1.698833E-01 9.757844E-03 3.437025E-01 1.771388E-01 -1.380844E+00 5.875343E-01 -1.075717E-01 9.441526E-01 2.698706E-02 1.365060E-03 4.232045E+00 9.141168E+00 
1.666061E-01 5.774178E-03 3.536183E-01 1.765283E-01 -1.448471E+00 5.871928E-01 -1.252873E-01 9.130680E-01 2.735130E-02 5.188123E-04 4.001318E+00 9.370894E+00 
1.612129E-01 9.639121E-03 3.427556E-01 1.706055E-01 -1.540793E+00 5.960005E-01 -1.117352E-01 1.009814E+00 2.672056E-02 3.250681E-03 4.281594E+00 1.021150E+01 
1.495952E-01 3.976283E-03 3.537576E-01 1.710579E-01 -1.264253E+00 5.746365E-01 -1.097346E-01 9.983266E-01 3.070048E-02 1.483867E-03 4.137346E+00 8.338674E+00 
1.745612E-01 6.246857E-03 3.426436E-01 1.767317E-01 -1.417492E+00 5.746340E-01 -1.752284E-01 9.574505E-01 2.863267E-02 5.952051E-04 4.117149E+00 8.491340E+00 
1.602385E-01 4.325452E-03 3.469838E-01 1.759418E-01 -1.473863E+00 5.893029E-01 -1.112809E-01 9.868198E-01 2.571225E-02 1.373536E-03 4.584337E+00 8.315743E+00 
1.774727E-01 6.966513E-03 3.392364E-01 1.814205E-01 -1.391555E+00 5.895720E-01 -1.457933E-01 9.683408E-01 2.524090E-02 2.218618E-03 4.259040E+00 8.923888E+00 
1.686283E-01 4.730161E-03 3.522185E-01 1.839783E-01 -1.287016E+00 5.787179E-01 -1.160780E-01 9.759677E-01 3.204956E-02 8.329579E-04 4.009659E+00 9.825265E+00 
1.755839E-01 7.039970E-03 3.397365E-01 1.823207E-01 -1.390794E+00 5.998327E-01 -1.593556E-01 9.213102E-01 2.494778E-02 1.124340E-03 3.940044E+00 8.687620E+00 
1.716138E-01 5.059115E-03 3.550014E-01 1.787317E-01 -1.594557E+00 5.863416E-01 -1.315615E-01 9.594550E-01 2.918577E-02 1.242811E-03 4.023817E+00 8.518308E+00 
1.555880E-01 6.039939E-03 3.163061E-01 1.766827E-01 -1.307074E+00 5.900394E-01 -1.016018E-01 9.992481E-01 2.938252E-02 1.085273E-03 4.044321E+00 8.773471E+00 
1.751730E-01 5.674332E-03 3.382273E-01 1.843094E-01 -1.485874E+00 5.699436E-01 -1.071036E-01 9.204050E-01 2.484726E-02 3.022075E-04 3.720010E+00 9.425234E+00 
1.694788E-01 6.449664E-03 3.489432E-01 1.767847E-01 -1.594303E+00 5.818021E-01 -1.560698E-01 8.986488E-01 2.630148E-02 9.195786E-04 4.053590E+00 9.633177E+00 
1.790598E-01 2.974434E-03 3.357155E-01 1.789783E-01 -1.567858E+00 5.802058E-01 -1.477854E-01 9.116487E-01 2.782742E-02 1.255339E-03 4.049849E+00 8.559552E+00 
1.605327E-01 8.497429E-03 3.434298E-01 1.791598E-01 -1.313795E+00 5.504863E-01 -9.611017E-02 9.941044E-01 2.833551E-02 1.410782E-03 4.285794E+00 8.445022E+00 
1.575275E-01 4.563420E-03 3.255751E-01 1.777035E-01 -1.485768E+00 5.927318E-01 -9.824548E-02 9.448146E-01 2.697067E-02 1.323636E-03 4.132262E+00 8.955191E+00 
1.700640E-01 5.477209E-03 3.355452E-01 1.848868E-01 -1.582767E+00 5.802345E-01 -2.696093E-02 9.756515E-01 3.063299E-02 1.415650E-03 3.947842E+00 9.139987E+00 
1.733235E-01 5.073602E-03 3.478715E-01 1.802714E-01 -1.425716E+00 5.776438E-01 -1.298074E-01 9.332308E-01 2.853903E-02 9.608199E-04 4.212820E+00 8.494226E+00 
1.633262E-01 5.426235E-03 3.284970E-01 1.803975E-01 -1.465339E+00 5.799486E-01 -1.150337E-01 9.882820E-01 2.878692E-02 1.547996E-03 4.442054E+00 8.823312E+00 
1.651741E-01 1.107331E-02 3.570587E-01 1.783978E-01 -1.539597E+00 5.890055E-01 -1.544805E-01 9.400564E-01 2.906351E-02 1.499028E-03 4.133266E+00 8.949505E+00 
1.622476E-01 7.914844E-03 3.271648E-01 1.790948E-01 -1.307411E+00 5.769471E-01 -9.584143E-02 9.069078E-01 2.905640E-02 1.261653E-03 4.216365E+00 9.388171E+00 
1.653945E-01 2.756669E-03 3.346194E-01 1.766987E-01 -1.416787E+00 5.858965E-01 -1.306671E-01 8.940815E-01 2.787403E-02 1.091425E-03 4.114155E+00 8.546057E+00 
1.794835E-01 6.962752E-03 3.145566E-01 1.809103E-01 -1.541294E+00 5.812456E-01 -1.023940E-01 9.763079E-01 2.783304E-02 1.524479E-03 4.219374E+00 8.840635E+00 
1.691406E-01 6.901887E-03 3.342679E-01 1.809761E-01 -1.443655E+00 5.569372E-01 -1.041836E-01 9.017135E-01 2.950796E-02 1.938459E-03 4.069766E+00 9.074522E+00 
1.657648E-01 3.056763E-03 3.383072E-01 1.775565E-01 -1.337967E+00 5.864349E-01 -1.212230E-01 9.218901E-01 2.649674E-02 2.575051E-03 4.998013E+00 1.039774E+01 
1.787108E-01 6.903699E-03 3.329810E-01 1.798391E-01 -1.447810E+00 5.825222E-01 -1.590399E-01 9.837962E-01 2.917435E-02 1.268898E-03 4.325121E+00 9.075451E+00 
1.606650E-01 4.270197E-03 3.436874E-01 1.796806E-01 -1.439647E+00 5.558280E-01 -1.414732E-01 9.434111E-01 2.207850E-02 8.070014E-04 3.997970E+00 9.859946E+00 
1.866286E-01 4.456084E-03 3.544891E-01 1.817968E-01 -1.530024E+00 5.942433E-01 -1.494819E-01 9.386843E-01 2.857706E-02 3.961910E-03 3.889116E+00 9.952574E+00 
1.772180E-01 3.760158E-03 3.666848E-01 1.750971E-01 -1.647401E+00 5.915182E-01 -1.534642E-01 1.043361E+00 2.986113E-02 0.000000E+00 4.063337E+00 8.782551E+00 
1.669652E-01 4.752369E-03 3.536478E-01 1.756393E-01 -1.408345E+00 5.958867E-01 -1.527766E-01 9.559489E-01 2.931968E-02 1.468804E-03 4.364183E+00 9.507713E+00 
1.698367E-01 4.816313E-03 3.427625E-01 1.822455E-01 -1.402372E+00 5.940139E-01 -9.990637E-02 9.236378E-01 2.970801E-02 3.567447E-03 4.182390E+00 9.632867E+00 
1.628306E-01 5.806700E-03 3.452762E-01 1.763250E-01 -1.411568E+00 5.748333E-01 -1.062824E-01 9.624844E-01 2.743196E-02 1.372645E-03 4.385248E+00 8.549767E+00 
1.655033E-01 6.048392E-03 3.113907E-01 1.730555E-01 -1.335351E+00 5.873378E-01 -1.940461E-01 1.012798E+00 2.764648E-02 1.251038E-03 4.168765E+00 9.070893E+00 
1.576529E-01 5.590297E-03 3.535087E-01 1.776314E-01 -1.458109E+00 5.903043E-01 -1.703105E-01 9.151946E-01 3.050172E-02 1.419121E-03 3.867362E+00 9.979817E+00 
1.870148E-01 6.346043E-03 3.355421E-01 1.769249E-01 -1.593515E+00 5.806533E-01 -1.175822E-01 9.699320E-01 2.782715E-02 2.183109E-03 4.116945E+00 9.112692E+00 
1.624682E-01 6.368346E-03 3.442005E-01 1.764912E-01 -1.350719E+00 5.864003E-01 -1.629874E-01 9.333394E-01 2.898234E-02 9.028089E-04 4.184294E+00 8.646563E+00 
1.631050E-01 8.931088E-03 3.358874E-01 1.809343E-01 -1.446243E+00 5.662722E-01 -9.486490E-02 9.847589E-01 2.878659E-02 1.835083E-04 4.257246E+00 8.187572E+00 
1.776388E-01 6.817871E-03 3.470996E-01 1.832627E-01 -1.466746E+00 5.722475E-01 -1.300662E-01 9.636560E-01 2.776886E-02 7.130197E-04 4.495678E+00 9.661636E+00 
1.776831E-01 4.634591E-03 3.684910E-01 1.757530E-01 -1.406430E+00 5.877414E-01 -1.492959E-01 9.462892E-01 2.657150E-02 1.421987E-03 4.081325E+00 9.484687E+00 
1.788262E-01 6.112714E-03 3.411722E-01 1.871522E-01 -1.382847E+00 5.828092E-01 -1.764633E-01 9.263108E-01 2.750444E-02 1.651629E-03 4.389084E+00 9.708863E+00 
1.607386E-01 1.068225E-02 3.329615E-01 1.744210E-01 -1.452196E+00 5.899902E-01 -1.208696E-01 9.918489E-01 2.940106E-02 2.202610E-03 4.392275E+00 9.394145E+00 
1.678717E-01 5.686966E-03 3.374593E-01 1.790261E-01 -1.393393E+00 5.806369E-01 -1.278654E-01 1.015132E+00 2.820620E-02 2.612183E-03 4.412372E+00 8.330653E+00 
1.699904E-01 5.595795E-03 3.454898E-01 1.788284E-01 -1.397434E+00 5.779944E-01 -1.274096E-01 9.591792E-01 2.778209E-02 7.973416E-04 4.257113E+00 9.097483E+00 
1.678775E-01 4.909166E-03 3.420168E-01 1.780741E-01 -1.298080E+00 5.771779E-01 -1.233268E-01 8.969295E-01 2.866756E-02 8.734033E-04 4.423798E+00 9.055216E+00 
1.584569E-01 5.841958E-03 3.271615E-01 1.846846E-01 -1.384446E+00 5.820969E-01 -1.237757E-01 9.493536E-01 2.954149E-02 1.931870E-03 4.142711E+00 9.030696E+00 
1.621871E-01 1.021902E-02 3.390105E-01 1.713016E-01 -1.413471E+00 5.898540E-01 -1.509457E-01 9.491382E-01 2.847638E-02 3.305087E-04 4.106336E+00 9.169643E+00 
1.789998E-01 4.533591E-03 3.682066E-01 1.778425E-01 -1.379222E+00 5.790450E-01 -1.172385E-01 8.576194E-01 3.150003E-02 1.476589E-03 4.339879E+00 7.741274E+00 
1.701517E-01 7.838813E-03 3.443178E-01 1.786967E-01 -1.458019E+00 5.927110E-01 -1.438882E-01 9.468300E-01 2.850295E-02 2.107626E-03 4.519477E+00 9.207904E+00 
1.688536E-01 6.446206E-03 3.393344E-01 1.712655E-01 -1.505744E+00 5.925236E-01 -1.744139E-01 9.445260E-01 2.596856E-02 1.441726E-03 4.200913E+00 9.243353E+00 
1.759797E-01 6.399721E-03 3.253614E-01 1.792054E-01 -1.487997E+00 5.806632E-01 -1.445715E-01 1.050382E+00 2.829894E-02 2.441420E-03 4.456868E+00 9.295776E+00 
1.399847E-01 5.408636E-03 3.392136E-01 1.677951E-01 -1.428013E+00 5.616166E-01 -5.957338E-02 9.286595E-01 3.085317E-02 1.173498E-03 4.116266E+00 9.545948E+00 
1.710102E-01 9.427175E-03 3.708077E-01 1.797119E-01 -1.190701E+00 5.902670E-01 -1.795609E-01 9.517227E-01 2.920072E-02 4.035545E-04 4.001275E+00 8.655578E+00 
1.524575E-01 2.833226E-03 3.427556E-01 1.750621E-01 -1.402304E+00 5.991710E-01 -1.153364E-01 9.529292E-01 2.894622E-02 1.251140E-03 4.439628E+00 9.131224E+00 
1.695079E-01 5.079883E-03 3.392292E-01 1.780374E-01 -1.380497E+00 5.790201E-01 -1.221639E-01 9.137103E-01 2.832354E-02 1.162476E-03 3.799193E+00 9.896680E+00 
1.545208E-01 3.015407E-03 3.429567E-01 1.733030E-01 -1.435217E+00 5.694080E-01 -8.694643E-02 9.261622E-01 3.073176E-02 1.188928E-03 4.097676E+00 9.734229E+00 
1.680110E-01 5.105448E-03 3.570174E-01 1.778957E-01 -1.418327E+00 5.957344E-01 -1.129304E-01 9.509473E-01 3.056393E-02 2.048873E-03 4.186816E+00 1.046855E+01 
1.685908E-01 4.812353E-03 3.371283E-01 1.766011E-01 -1.422428E+00 5.964645E-01 -1.001879E-01 9.676407E-01 2.587704E-02 2.054947E-03 4.391458E+00 9.093786E+00 
1.685793E-01 5.022834E-03 3.369241E-01 1.857341E-01 -1.489538E+00 5.869541E-01 -1.065216E-01 1.079445E+00 2.720179E-02 1.519144E-03 4.341347E+00 9.170615E+00 
1.614358E-01 1.000000E-04 3.143861E-01 1.784667E-01 -1.484396E+00 5.764645E-01 -7.632720E-02 9.946139E-01 3.064683E-02 1.514186E-03 4.224260E+00 8.678089E+00 
1.536159E-01 6.565777E-03 3.228796E-01 1.743609E-01 -1.442688E+00 5.777951E-01 -1.101973E-01 9.184631E-01 3.099476E-02 2.581439E-03 4.261601E+00 8.845241E+00 
1.632861E-01 4.508665E-03 3.284477E-01 1.777660E-01 -1.335365E+00 5.871635E-01 -1.502113E-01 9.595362E-01 2.611804E-02 1.414873E-03 4.342996E+00 8.997671E+00 
1.684023E-01 7.660475E-03 3.476190E-01 1.731521E-01 -1.333804E+00 5.769463E-01 -9.992810E-02 1.024217E+00 2.161470E-02 1.992176E-04 4.080944E+00 9.199344E+00 
1.617001E-01 9.729191E-03 3.553636E-01 1.751583E-01 -1.405894E+00 5.529045E-01 -8.736299E-02 9.427497E-01 2.888480E-02 1.041147E-03 4.282323E+00 8.492519E+00 
1.693510E-01 6.774713E-03 3.664075E-01 1.775173E-01 -1.272647E+00 5.797042E-01 -1.287282E-01 9.227429E-01 2.961843E-02 7.081240E-04 4.049212E+00 9.913845E+00 
1.717519E-01 5.081814E-03 3.496269E-01 1.766314E-01 -1.289483E+00 5.782069E-01 -9.353264E-02 9.162916E-01 2.973196E-02 8.590444E-04 4.118598E+00 8.567061E+00 
1.668505E-01 4.975715E-03 3.417375E-01 1.796645E-01 -1.483365E+00 5.740362E-01 -5.906756E-02 9.195202E-01 2.807128E-02 2.179242E-04 4.369412E+00 8.514851E+00 
1.620109E-01 7.644642E-03 3.393396E-01 1.761577E-01 -1.311590E+00 5.743923E-01 -9.493294E-02 1.018626E+00 2.839508E-02 4.460512E-03 3.860171E+00 9.253637E+00 
1.528609E-01 4.152874E-03 3.389513E-01 1.762461E-01 -1.483364E+00 5.864591E-01 -1.239796E-01 9.620378E-01 2.906631E-02 1.854272E-03 4.287574E+00 9.998427E+00 
1.773853E-01 7.707768E-03 3.421206E-01 1.792174E-01 -1.481206E+00 5.944151E-01 -1.651365E-01 1.011511E+00 2.761772E-02 6.998263E-04 4.158314E+00 9.280968E+00 
1.644673E-01 5.378511E-03 3.444738E-01 1.769974E-01 -1.439054E+00 5.869233E-01 -1.480384E-01 9.195943E-01 3.157482E-02 1.579221E-03 4.047649E+00 9.131631E+00 
1.736949E-01 6.752726E-03 3.361696E-01 1.770865E-01 -1.448530E+00 5.861370E-01 -1.399474E-01 1.075741E+00 2.773198E-02 1.820077E-03 4.342180E+00 1.036415E+01 
1.795425E-01 5.863384E-03 3.553707E-01 1.752458E-01 -1.394473E+00 5.902636E-01 -1.480186E-01 9.650649E-01 2.687557E-02 1.412967E-03 3.889891E+00 8.369280E+00 
1.701366E-01 6.604330E-03 3.500796E-01 1.760458E-01 -1.516999E+00 5.833377E-01 -1.368647E-01 1.015769E+00 2.899531E-02 1.026518E-03 4.209493E+00 8.172896E+00 
1.607477E-01 7.163504E-03 3.564771E-01 1.827925E-01 -1.395181E+00 5.860436E-01 -1.196900E-01 9.146792E-01 2.956456E-02 8.933932E-04 4.312730E+00 9.889476E+00 
2.000000E-01 1.000000E-04 3.433140E-01 1.738256E-01 -1.586127E+00 6.000000E-01 -1.472165E-01 8.923379E-01 2.709410E-02 6.584184E-04 4.140561E+00 9.208329E+00 
1.674785E-01 8.144773E-03 3.475434E-01 1.698809E-01 -1.247501E+00 5.790599E-01 -1.187467E-01 9.618610E-01 2.829959E-02 5.359368E-03 4.356067E+00 9.404107E+00 
1.729441E-01 6.714061E-03 3.402338E-01 1.790303E-01 -1.479785E+00 5.805874E-01 -9.238504E-02 9.664451E-01 2.795959E-02 8.287954E-04 4.390641E+00 8.721388E+00 
1.570066E-01 2.484408E-03 3.338922E-01 1.742408E-01 -1.502881E+00 5.831567E-01 -1.015046E-01 9.158803E-01 3.023647E-02 2.181032E-03 4.261335E+00 8.585580E+00 
1.690224E-01 1.009973E-02 3.305767E-01 1.886114E-01 -1.364221E+00 5.918018E-01 -1.109712E-01 9.055152E-01 2.960481E-02 0.000000E+00 5.152054E+00 8.477432E+00 
1.829029E-01 8.077538E-03 3.485221E-01 1.815023E-01 -1.428321E+00 5.853448E-01 -1.451611E-01 9.709118E-01 2.835800E-02 1.541403E-03 4.554663E+00 9.472131E+00 
1.721267E-01 6.686101E-03 3.424821E-01 1.794631E-01 -1.423432E+00 5.873133E-01 -1.791743E-01 1.027654E+00 2.985488E-02 1.608861E-03 4.201826E+00 9.173609E+00 
1.730105E-01 7.061355E-03 3.256411E-01 1.793862E-01 -1.352362E+00 5.846134E-01 -1.234826E-01 9.354658E-01 2.910617E-02 1.323039E-03 4.101314E+00 9.413141E+00 
1.087310E-01 5.030520E-02 3.355008E-01 1.701329E-01 -1.229870E+00 5.834434E-01 -8.395956E-02 9.261643E-01 2.534242E-02 1.141684E-02 4.467243E+00 8.053728E+00 
1.885225E-01 8.360405E-03 3.397344E-01 1.748282E-01 -1.405315E+00 5.864948E-01 -2.000000E-01 9.628061E-01 2.934545E-02 7.499378E-04 4.423780E+00 9.060681E+00 
1.645064E-01 5.073564E-03 3.308058E-01 1.758784E-01 -1.431457E+00 5.830411E-01 -1.397159E-01 9.641299E-01 2.837304E-02 1.897282E-03 4.299390E+00 9.553557E+00 
1.572464E-01 1.673981E-03 3.464729E-01 1.793370E-01 -1.496162E+00 5.826015E-01 -1.256656E-01 1.129750E+00 3.126125E-02 6.156610E-04 4.102819E+00 9.445536E+00 
1.554691E-01 5.205158E-03 3.280756E-01 1.775595E-01 -1.313862E+00 5.799228E-01 -1.130698E-01 8.896708E-01 2.913764E-02 1.330563E-03 4.149490E+00 8.728177E+00 
1.607741E-01 5.780815E-03 3.389409E-01 1.736730E-01 -1.399974E+00 5.158536E-01 -1.630548E-01 8.698011E-01 2.812228E-02 1.732545E-03 4.279068E+00 9.462743E+00 
1.713027E-01 8.018051E-03 3.639936E-01 1.770860E-01 -1.442737E+00 5.807036E-01 -1.456783E-01 9.869881E-01 2.760541E-02 4.218346E-03 3.979414E+00 1.001826E+01 
1.773007E-01 4.209872E-03 3.364054E-01 1.742809E-01 -1.406778E+00 5.822718E-01 -1.411029E-01 9.502262E-01 2.690851E-02 2.472197E-03 4.157408E+00 8.947934E+00 
1.666337E-01 7.497673E-03 3.526350E-01 1.830884E-01 -1.400939E+00 5.862568E-01 -1.183493E-01 1.003279E+00 2.975676E-02 1.692258E-03 4.115197E+00 8.880334E+00 
1.705894E-01 5.976264E-03 3.423314E-01 1.818561E-01 -1.352720E+00 5.873827E-01 -8.682285E-02 9.237309E-01 2.432161E-02 1.756532E-03 4.244312E+00 9.557581E+00 
1.583790E-01 6.759933E-03 3.348811E-01 1.794075E-01 -1.452389E+00 5.956860E-01 -1.487618E-01 9.472204E-01 3.142951E-02 1.504356E-03 4.134592E+00 9.621093E+00 
1.805779E-01 6.626787E-03 3.478337E-01 1.755339E-01 -1.350173E+00 5.813484E-01 -2.000000E-01 9.625873E-01 2.843785E-02 1.004700E-03 4.262192E+00 8.566354E+00 
1.663247E-01 4.554779E-03 3.386793E-01 1.780617E-01 -1.463140E+00 5.971641E-01 -8.596077E-02 8.802348E-01 2.725971E-02 1.456779E-03 3.998678E+00 9.541065E+00 
1.678711E-01 5.510944E-03 3.420115E-01 1.780530E-01 -1.426140E+00 5.870983E-01 -1.476005E-01 1.013924E+00 2.576481E-02 1.289852E-03 4.177617E+00 9.583772E+00 
1.604396E-01 5.681289E-03 3.366770E-01 1.778865E-01 -1.308165E+00 5.760645E-01 -1.120611E-01 1.017188E+00 2.859377E-02 7.141256E-04 4.191440E+00 8.633417E+00 
1.597174E-01 5.270379E-03 3.261579E-01 1.808796E-01 -1.486579E+00 5.860100E-01 -1.129343E-01 9.630401E-01 2.895996E-02 3.748888E-04 4.174273E+00 9.298563E+00 
1.773938E-01 8.207579E-03 3.365589E-01 1.830243E-01 -1.456034E+00 5.689955E-01 -1.004432E-01 9.779284E-01 2.840357E-02 9.495800E-04 4.256967E+00 8.108099E+00 
1.780191E-01 4.449833E-03 3.415955E-01 1.802985E-01 -1.362870E+00 5.776349E-01 -1.215456E-01 9.494747E-01 2.629852E-02 8.988576E-04 4.256325E+00 7.544080E+00 
1.769578E-01 4.297032E-02 3.315252E-01 1.730240E-01 -1.198972E+00 5.068437E-01 -6.552376E-02 9.112895E-01 2.826964E-02 3.931203E-03 4.067806E+00 9.065822E+00 
1.785351E-01 1.278116E-02 3.439240E-01 1.764620E-01 -1.659120E+00 5.745964E-01 -9.176352E-02 9.348851E-01 2.742147E-02 3.120602E-03 3.746436E+00 8.187518E+00 
1.610577E-01 7.148311E-03 3.621190E-01 1.860725E-01 -1.386928E+00 5.931535E-01 -1.819995E-01 8.798865E-01 2.683594E-02 1.291738E-03 4.906382E+00 1.084115E+01 
1.512796E-01 6.050077E-03 3.407332E-01 1.761523E-01 -1.446819E+00 5.786010E-01 -9.024660E-02 9.135941E-01 2.758618E-02 1.651448E-03 4.103966E+00 9.503602E+00 
1.662595E-01 5.029583E-03 3.642609E-01 1.763863E-01 -1.425895E+00 5.886566E-01 -1.065864E-01 9.945680E-01 2.720643E-02 7.832989E-04 4.399049E+00 1.040095E+01 
1.689603E-01 1.204966E-02 3.458736E-01 1.791467E-01 -1.439089E+00 5.653755E-01 -1.193335E-01 9.248422E-01 2.891325E-02 1.719917E-03 3.813654E+00 8.805116E+00 
1.775961E-01 5.032167E-03 3.474342E-01 1.739069E-01 -1.457305E+00 5.673800E-01 -1.258214E-01 9.468279E-01 2.913419E-02 8.142635E-04 4.351714E+00 1.023792E+01 
1.525961E-01 5.946967E-03 3.469979E-01 1.766572E-01 -1.498008E+00 5.834303E-01 -9.242208E-02 9.583614E-01 2.644517E-02 2.644072E-04 4.422086E+00 9.012118E+00 
8.773757E-02 2.375643E-02 3.625835E-01 1.468391E-01 -1.277467E+00 3.654471E-01 -5.624111E-02 6.411951E-01 2.889984E-02 5.416233E-03 3.539434E+00 1.375867E+01 
1.748934E-01 5.859231E-03 3.556681E-01 1.812809E-01 -1.391666E+00 5.791149E-01 -1.061741E-01 9.203647E-01 3.025355E-02 1.100919E-03 4.271688E+00 8.663198E+00 
1.697980E-01 5.447645E-03 3.417956E-01 1.765761E-01 -1.442433E+00 5.792911E-01 -1.020459E-01 1.001872E+00 2.761168E-02 1.001935E-03 4.287120E+00 1.000198E+01 
1.676638E-01 5.675418E-03 3.459434E-01 1.732618E-01 -1.412546E+00 5.791093E-01 -2.000000E-01 8.907052E-01 2.536096E-02 7.782370E-04 4.291497E+00 9.399211E+00 
1.746581E-01 9.270390E-03 3.433994E-01 1.839492E-01 -1.517958E+00 5.845553E-01 -1.637604E-01 9.955068E-01 2.398899E-02 3.805937E-04 4.398162E+00 7.847511E+00 
1.687806E-01 8.415750E-03 3.478987E-01 1.767455E-01 -1.668770E+00 5.781443E-01 -1.946304E-01 1.006767E+00 2.673662E-02 2.301504E-03 4.148234E+00 8.272583E+00 
1.775877E-01 6.909932E-03 3.408225E-01 1.796739E-01 -1.387202E+00 5.819460E-01 -1.495484E-01 9.317113E-01 2.867371E-02 4.609547E-04 4.285265E+00 8.763353E+00 
1.638608E-01 8.206962E-03 3.468050E-01 1.802531E-01 -1.397990E+00 5.778559E-01 -1.318242E-01 9.853657E-01 2.937371E-02 1.237173E-03 4.477758E+00 9.249597E+00 
1.579385E-01 6.065557E-03 3.312062E-01 1.779565E-01 -1.434515E+00 5.815053E-01 -8.842123E-02 9.429037E-01 2.833088E-02 1.514188E-03 4.210679E+00 8.678860E+00 
1.521632E-01 2.350263E-03 3.321393E-01 1.741751E-01 -1.395540E+00 5.900234E-01 -1.195034E-01 9.544435E-01 2.918073E-02 2.500890E-03 4.116299E+00 8.672460E+00 
1.633162E-01 5.405562E-03 3.535620E-01 1.747959E-01 -1.474755E+00 5.790695E-01 -9.076181E-02 8.554086E-01 3.006071E-02 6.963087E-04 3.970778E+00 8.251067E+00 
1.740125E-01 6.389237E-03 3.425753E-01 1.777014E-01 -1.345576E+00 5.919282E-01 -1.313562E-01 1.050487E+00 2.622829E-02 2.838992E-03 4.339602E+00 8.832821E+00 
1.757974E-01 6.888347E-03 3.563896E-01 1.762508E-01 -1.385492E+00 5.868809E-01 -1.753237E-01 9.625339E-01 2.734187E-02 1.351198E-03 4.043709E+00 8.116365E+00 
1.703451E-01 5.508312E-03 3.513721E-01 1.740590E-01 -1.451881E+00 5.892398E-01 -1.729468E-01 9.713003E-01 2.974241E-02 1.041592E-03 4.329963E+00 7.310628E+00 
1.666414E-01 2.676896E-03 3.605742E-01 1.745155E-01 -1.401654E+00 5.858995E-01 -1.393032E-01 9.615442E-01 2.917084E-02 2.388187E-03 3.970926E+00 1.007424E+01 
1.729750E-01 6.363541E-03 3.615405E-01 1.759337E-01 -1.452746E+00 5.780061E-01 -9.981541E-02 8.023254E-01 2.972623E-02 1.321946E-03 4.200764E+00 8.807116E+00 
1.680674E-01 5.534491E-03 3.527595E-01 1.773067E-01 -1.353105E+00 5.810541E-01 -7.477617E-02 9.325559E-01 2.809732E-02 9.138472E-04 4.526027E+00 9.500577E+00 
1.722125E-01 5.399843E-03 3.484516E-01 1.720801E-01 -1.478317E+00 5.875705E-01 -8.614775E-02 9.309456E-01 2.946897E-02 1.597647E-03 4.194921E+00 9.097745E+00 
1.648688E-01 5.022070E-03 3.454111E-01 1.764294E-01 -1.335165E+00 5.780207E-01 -1.080698E-01 9.480229E-01 3.066115E-02 1.846051E-03 4.135610E+00 8.864124E+00 
1.716305E-01 8.192879E-03 3.286131E-01 1.877141E-01 -1.292591E+00 5.828302E-01 -1.248460E-01 9.497356E-01 2.894214E-02 7.363519E-05 4.537185E+00 8.825767E+00 
1.870119E-01 3.583437E-03 3.484766E-01 1.809749E-01 -1.392772E+00 5.992050E-01 -1.381804E-01 9.113795E-01 2.970637E-02 2.509745E-03 4.458609E+00 8.576970E+00 
1.538216E-01 3.312553E-03 2.977949E-01 1.780915E-01 -1.418591E+00 5.816979E-01 -1.282987E-01 1.014929E+00 2.784239E-02 1.107112E-03 4.228976E+00 9.443678E+00 
1.516307E-01 4.122936E-03 3.360450E-01 1.760940E-01 -1.479488E+00 5.747251E-01 -9.099774E-02 8.883583E-01 2.768049E-02 1.310579E-03 4.385730E+00 9.397331E+00 
1.602425E-01 5.921829E-03 3.428600E-01 1.736659E-01 -1.462988E+00 5.679565E-01 -1.341601E-01 8.991512E-01 2.850459E-02 2.849930E-04 4.200314E+00 9.891328E+00 
1.616067E-01 4.330205E-03 3.253564E-01 1.800458E-01 -1.407308E+00 5.677783E-01 -1.459281E-01 9.552706E-01 2.933307E-02 1.140616E-03 4.317700E+00 8.696384E+00 
1.740521E-01 6.639525E-03 3.558334E-01 1.792378E-01 -1.427490E+00 5.904613E-01 -8.407959E-02 8.849998E-01 2.838371E-02 2.155095E-03 4.508845E+00 9.141099E+00 
1.673214E-01 6.160984E-03 3.387024E-01 1.778511E-01 -1.518771E+00 5.813407E-01 -1.544002E-01 9.105114E-01 2.723639E-02 1.319830E-03 3.939087E+00 8.242982E+00 
1.619678E-01 7.515100E-03 3.143763E-01 1.767278E-01 -1.407832E+00 5.737311E-01 -1.124794E-01 9.766720E-01 2.545011E-02 1.163882E-03 4.168431E+00 9.137378E+00 
1.810658E-01 6.226494E-03 3.367540E-01 1.819276E-01 -1.393972E+00 5.835588E-01 -1.480042E-01 9.936113E-01 2.924674E-02 2.751039E-04 3.713083E+00 9.254181E+00 
1.781349E-01 5.641592E-03 3.486861E-01 1.809801E-01 -1.415482E+00 5.971063E-01 -1.784428E-01 9.146440E-01 2.644465E-02 2.411510E-03 3.951189E+00 9.377808E+00 
1.691122E-01 5.955395E-03 3.411855E-01 1.783701E-01 -1.537126E+00 5.741010E-01 -1.325310E-01 8.860892E-01 2.904822E-02 1.205831E-03 4.161970E+00 8.785923E+00 
1.904143E-01 3.958800E-03 3.855831E-01 1.667426E-01 -1.494524E+00 5.925679E-01 -1.352751E-01 9.144124E-01 2.685358E-02 3.719770E-05 4.036166E+00 9.543182E+00 
1.735113E-01 6.522265E-03 3.355283E-01 1.805530E-01 -1.542970E+00 6.000000E-01 -6.876380E-02 9.571740E-01 2.553952E-02 1.531016E-03 4.354073E+00 1.028700E+01 
1.632789E-01 7.666879E-03 3.428584E-01 1.764373E-01 -1.428601E+00 5.699159E-01 -1.217759E-01 9.616017E-01 2.878821E-02 1.191121E-03 4.260278E+00 9.458493E+00 
1.794632E-01 8.313355E-03 3.405783E-01 1.755466E-01 -1.471266E+00 5.883056E-01 -1.887216E-01 9.692606E-01 2.942881E-02 1.243472E-03 4.109689E+00 9.077071E+00 
1.661323E-01 5.232985E-03 3.321042E-01 1.800915E-01 -1.552433E+00 5.814745E-01 -1.527746E-01 1.005884E+00 2.863799E-02 2.152712E-03 3.536294E+00 8.910567E+00 
1.626381E-01 6.582919E-03 3.335018E-01 1.860496E-01 -1.452747E+00 5.814071E-01 -1.058531E-01 9.856692E-01 2.924660E-02 1.009690E-03 4.168643E+00 8.637291E+00 
1.689392E-01 6.357567E-03 3.487130E-01 1.834089E-01 -1.492267E+00 5.849270E-01 -1.462453E-01 9.379823E-01 2.852266E-02 1.459694E-03 4.834969E+00 9.167741E+00 
1.748131E-01 4.459435E-03 3.436509E-01 1.777668E-01 -1.510510E+00 5.910634E-01 -1.163203E-01 1.026072E+00 2.813366E-02 7.288609E-04 4.129881E+00 8.385601E+00 
1.739734E-01 2.361077E-02 3.329139E-01 1.810118E-01 -1.373455E+00 5.794745E-01 -1.064530E-01 9.160468E-01 2.813775E-02 8.093860E-04 4.373390E+00 9.600146E+00 
1.608905E-01 6.481985E-03 3.301654E-01 1.754612E-01 -1.427837E+00 5.765634E-01 -1.289649E-01 1.011479E+00 2.774710E-02 1.502744E-03 4.059647E+00 6.471571E+00 
1.676955E-01 4.270043E-03 3.436920E-01 1.733962E-01 -1.399087E+00 5.902648E-01 -9.801839E-02 9.818805E-01 2.761917E-02 9.517116E-04 4.521034E+00 9.169677E+00 
1.685317E-01 1.055329E-02 3.434436E-01 1.791209E-01 -1.370674E+00 5.875394E-01 -1.509791E-01 9.555745E-01 2.741998E-02 5.936196E-04 4.613516E+00 9.376342E+00 
1.549034E-01 6.974467E-03 3.358772E-01 1.804193E-01 -1.408329E+00 5.669870E-01 -8.894768E-02 9.148422E-01 2.813107E-02 8.983898E-04 4.436650E+00 8.869207E+00 
1.691165E-01 4.010170E-03 3.352916E-01 1.875063E-01 -1.506565E+00 5.912630E-01 -7.425246E-02 8.899554E-01 2.820704E-02 9.620553E-04 4.240978E+00 9.242639E+00 
1.787941E-01 6.870418E-03 3.434679E-01 1.849704E-01 -1.352394E+00 5.831257E-01 -1.280523E-01 9.355028E-01 2.791591E-02 8.636881E-04 4.096953E+00 9.260201E+00 
1.569466E-01 9.127647E-03 3.190779E-01 1.772065E-01 -1.409783E+00 5.905634E-01 -1.295482E-01 9.115254E-01 2.744512E-02 2.291675E-04 4.373688E+00 9.409717E+00 
1.875832E-01 6.683599E-03 3.450667E-01 1.772352E-01 -1.357445E+00 5.892544E-01 -1.716960E-01 1.007229E+00 2.848812E-02 1.799606E-03 4.199147E+00 9.302054E+00 
1.598186E-01 1.431381E-02 3.575627E-01 1.614915E-01 -1.399073E+00 5.234736E-01 -9.514036E-02 9.296737E-01 3.023411E-02 2.371046E-03 4.578474E+00 9.400358E+00 
1.603815E-01 4.440191E-03 3.379307E-01 1.756259E-01 -1.456520E+00 5.810164E-01 -1.220850E-01 9.253985E-01 2.884797E-02 9.323513E-04 4.162661E+00 8.985615E+00 
1.601199E-01 5.547868E-03 3.442049E-01 1.789314E-01 -1.402605E+00 5.932361E-01 -1.033555E-01 9.402597E-01 2.911075E-02 8.917875E-04 4.286952E+00 1.021559E+01 
1.842697E-01 4.063333E-03 3.682109E-01 1.790489E-01 -1.533142E+00 5.986476E-01 -8.710595E-02 9.164989E-01 3.144119E-02 7.279088E-05 4.439946E+00 9.188954E+00 
1.696420E-01 7.824304E-03 3.309001E-01 1.784756E-01 -1.441259E+00 5.906111E-01 -1.576105E-01 9.721460E-01 2.686315E-02 1.238628E-03 4.462331E+00 1.032942E+01 
1.625624E-01 7.061080E-03 3.361510E-01 1.784827E-01 -1.511170E+00 5.911880E-01 -1.628079E-01 9.080652E-01 3.082761E-02 1.037300E-03 3.635834E+00 9.089567E+00 
1.731775E-01 6.066145E-03 3.372945E-01 1.832179E-01 -1.357770E+00 5.816751E-01 -1.431101E-01 9.213579E-01 2.958220E-02 3.373870E-03 4.426093E+00 9.342585E+00 
1.726052E-01 7.450129E-03 3.404440E-01 1.803314E-01 -1.458001E+00 5.879078E-01 -1.355091E-01 9.368527E-01 2.687130E-02 1.305747E-03 4.182356E+00 9.066741E+00 
1.538705E-01 5.460654E-03 3.515156E-01 1.749939E-01 -1.471212E+00 5.732740E-01 -1.079311E-01 9.807425E-01 2.701584E-02 1.285783E-03 4.252332E+00 8.586354E+00 
1.656286E-01 6.143627E-03 3.457435E-01 1.818692E-01 -1.384423E+00 5.712667E-01 -1.662922E-01 9.369404E-01 2.546899E-02 1.181886E-03 4.454212E+00 9.731476E+00 
1.660600E-01 6.589773E-03 3.409460E-01 1.842899E-01 -1.408253E+00 5.809442E-01 -8.520375E-02 9.863278E-01 2.813898E-02 2.465794E-03 4.544808E+00 9.163104E+00 
1.639994E-01 4.291429E-03 3.639752E-01 1.753225E-01 -1.429002E+00 5.705976E-01 -7.886624E-02 9.397083E-01 2.870064E-02 9.812901E-04 3.930619E+00 8.858734E+00 
1.666140E-01 4.327021E-03 3.439690E-01 1.677733E-01 -1.326086E+00 5.669589E-01 -1.450357E-01 9.764873E-01 2.950885E-02 1.023445E-03 4.111548E+00 9.124597E+00 
1.771750E-01 3.473762E-03 3.434390E-01 1.743136E-01 -1.395913E+00 5.887151E-01 -1.491645E-01 9.002369E-01 2.544086E-02 1.219227E-03 4.077588E+00 9.693167E+00 
1.657449E-01 5.496096E-03 3.415145E-01 1.828226E-01 -1.406530E+00 5.898043E-01 -9.333041E-02 9.677991E-01 2.755319E-02 9.880644E-04 4.407391E+00 9.118800E+00 
1.567037E-01 3.107269E-02 3.418679E-01 1.743359E-01 -1.390370E+00 4.486587E-01 -8.495500E-02 9.977481E-01 3.076108E-02 3.587191E-03 3.910224E+00 9.262486E+00 
1.159988E-01 2.241494E-02 3.859808E-01 1.492200E-01 -1.271011E+00 2.582847E-01 -7.548153E-02 2.753346E-01 2.927212E-02 4.457402E-03 4.028874E+00 1.317138E+01 
1.497281E-01 5.481615E-03 3.494522E-01 1.781295E-01 -1.352040E+00 5.818941E-01 -1.518041E-01 1.043530E+00 2.611057E-02 1.259596E-03 4.253019E+00 8.882403E+00 
1.642449E-01 5.870743E-03 3.466182E-01 1.758434E-01 -1.390418E+00 5.876324E-01 -1.547661E-01 9.290855E-01 2.856370E-02 2.988607E-03 4.297978E+00 8.638457E+00 
1.491852E-01 6.766016E-03 3.475952E-01 1.805503E-01 -1.420680E+00 5.882865E-01 -2.000000E-01 1.011576E+00 2.612665E-02 1.287731E-03 4.121143E+00 1.037259E+01 
1.708683E-01 4.483795E-03 3.383338E-01 1.756112E-01 -1.354219E+00 5.754150E-01 -1.362080E-01 9.552846E-01 2.945301E-02 2.689221E-03 4.217423E+00 8.991781E+00 
1.692425E-01 5.639004E-03 3.356188E-01 1.781459E-01 -1.427238E+00 5.814487E-01 -9.888649E-02 9.678490E-01 3.204032E-02 7.285912E-04 3.776479E+00 8.891165E+00 
1.659648E-01 5.902186E-03 3.390768E-01 1.772683E-01 -1.560857E+00 5.698633E-01 -1.055561E-01 9.328755E-01 2.853812E-02 1.090660E-03 4.111653E+00 1.014139E+01 
1.562462E-01 1.091758E-02 3.519085E-01 1.746925E-01 -1.477788E+00 5.767935E-01 -1.176524E-01 9.192516E-01 3.095034E-02 7.032916E-04 4.140614E+00 1.048710E+01 
1.673368E-01 5.268399E-03 3.426206E-01 1.777962E-01 -1.537512E+00 5.869316E-01 -1.008020E-01 9.520257E-01 2.862045E-02 1.921651E-03 4.240219E+00 8.853064E+00 
1.689962E-01 7.415060E-03 3.335369E-01 1.788527E-01 -1.555907E+00 5.708067E-01 -9.172869E-02 9.364469E-01 2.665818E-02 1.944993E-03 3.894512E+00 9.573547E+00 
1.709733E-01 6.176472E-03 3.430490E-01 1.836469E-01 -1.572020E+00 5.886187E-01 -1.003811E-01 9.273393E-01 2.872479E-02 5.771238E-04 3.632147E+00 9.235625E+00 
1.844172E-01 5.632448E-03 3.569549E-01 1.720410E-01 -1.558428E+00 5.960924E-01 -1.638553E-01 9.423028E-01 2.778934E-02 1.059303E-03 4.352493E+00 8.837845E+00 
1.773513E-01 4.327064E-03 3.446835E-01 1.763859E-01 -1.344832E+00 5.846243E-01 -1.201470E-01 8.930586E-01 2.816722E-02 7.349769E-04 4.248397E+00 8.894751E+00 
1.764790E-01 6.075814E-03 3.403644E-01 1.833768E-01 -1.434074E+00 5.975026E-01 -1.382176E-01 9.211183E-01 2.915043E-02 1.903118E-03 4.654569E+00 8.542678E+00 
1.006695E-01 9.962824E-03 3.256668E-01 1.744247E-01 -1.439365E+00 5.346784E-01 -6.868260E-02 8.411716E-01 2.994590E-02 4.116634E-03 3.684260E+00 9.418104E+00 
1.738436E-01 3.828152E-03 3.310824E-01 1.721446E-01 -1.354279E+00 5.857001E-01 -1.435265E-01 1.002238E+00 2.954076E-02 1.470785E-03 4.267531E+00 9.069849E+00 
1.686450E-01 4.196907E-03 3.450562E-01 1.766549E-01 -1.378067E+00 5.863869E-01 -1.017587E-01 8.165684E-01 2.764271E-02 1.703094E-03 4.311218E+00 9.035332E+00 
1.710379E-01 5.371710E-03 3.565092E-01 1.771022E-01 -1.453537E+00 5.655646E-01 -1.325894E-01 9.796220E-01 2.770740E-02 9.158162E-04 4.194783E+00 8.782187E+00 
1.723630E-01 4.241720E-03 3.665089E-01 1.712183E-01 -1.402732E+00 5.876727E-01 -1.588547E-01 9.947888E-01 2.709025E-02 3.208156E-04 4.255105E+00 8.858074E+00 
1.704457E-01 3.423597E-03 3.398078E-01 1.774519E-01 -1.445536E+00 6.000000E-01 -1.514368E-01 9.277908E-01 2.892681E-02 1.416898E-03 4.284930E+00 8.144634E+00 
1.687457E-01 5.647368E-03 3.471961E-01 1.761887E-01 -1.397380E+00 5.982275E-01 -1.013768E-01 9.091073E-01 2.975975E-02 4.672483E-04 4.090391E+00 9.118470E+00 
1.641237E-01 5.421343E-03 3.460764E-01 1.666078E-01 -1.463156E+00 5.889934E-01 -9.979306E-02 1.021214E+00 2.961416E-02 1.733928E-03 4.213365E+00 9.121135E+00 
1.700114E-01 8.538697E-03 3.364331E-01 1.838580E-01 -1.396322E+00 5.788450E-01 -1.183906E-01 9.496357E-01 3.005487E-02 1.082210E-03 4.257421E+00 8.509371E+00 
1.357817E-01 1.967534E-02 3.514004E-01 1.747428E-01 -1.264328E+00 5.890618E-01 -1.551056E-01 1.090347E+00 2.851963E-02 1.567120E-03 4.769953E+00 9.632447E+00 
1.851629E-01 5.301612E-03 3.559073E-01 1.710877E-01 -1.491191E+00 5.932988E-01 -1.327504E-01 9.114482E-01 2.811678E-02 9.330221E-04 4.187190E+00 9.148208E+00 
1.613988E-01 5.924196E-03 3.198205E-01 1.738169E-01 -1.434529E+00 5.794789E-01 -1.181560E-01 9.645972E-01 2.772733E-02 1.278199E-03 4.374571E+00 9.067027E+00 
1.614554E-01 6.591062E-03 3.291595E-01 1.799106E-01 -1.485669E+00 5.869227E-01 -7.147940E-02 9.413442E-01 2.510131E-02 1.345400E-03 4.221442E+00 9.753590E+00 
1.712718E-01 6.252952E-03 3.351096E-01 1.794400E-01 -1.321747E+00 5.871293E-01 -1.023395E-01 8.860114E-01 2.736611E-02 6.493527E-04 4.417601E+00 8.971953E+00 
1.581306E-01 7.182504E-03 3.459550E-01 1.785418E-01 -1.409846E+00 5.837509E-01 -1.330835E-01 1.016314E+00 2.868396E-02 1.528751E-03 4.212427E+00 9.579306E+00 
1.581209E-01 6.038400E-03 3.332638E-01 1.773943E-01 -1.505109E+00 5.881433E-01 -8.773779E-02 9.067542E-01 2.950769E-02 1.091644E-03 4.338995E+00 8.852050E+00 
1.704283E-01 6.260931E-03 3.355218E-01 1.747257E-01 -1.373102E+00 5.458795E-01 -1.303486E-01 9.607714E-01 2.898446E-02 9.537039E-04 3.750059E+00 8.968272E+00 
1.722805E-01 7.476354E-03 3.466410E-01 1.789637E-01 -1.400912E+00 5.986359E-01 -1.091818E-01 9.328305E-01 3.170466E-02 1.156688E-03 4.250164E+00 8.212351E+00 
1.803944E-01 6.149705E-03 3.612566E-01 1.795545E-01 -1.444358E+00 5.868686E-01 -1.003691E-01 9.112292E-01 2.425196E-02 2.197635E-03 4.418916E+00 8.927648E+00 
1.629549E-01 5.323067E-03 3.412278E-01 1.787594E-01 -1.322064E+00 5.789289E-01 -1.388570E-01 9.367837E-01 2.980744E-02 3.141230E-04 4.087759E+00 9.311209E+00 
1.881854E-01 5.304477E-04 3.509910E-01 1.741072E-01 -1.330021E+00 6.000000E-01 -9.462115E-02 9.960505E-01 2.757338E-02 0.000000E+00 4.384013E+00 8.921171E+00 
1.765591E-01 5.320433E-03 3.449835E-01 1.775368E-01 -1.493291E+00 5.882770E-01 -1.209415E-01 9.240378E-01 2.724030E-02 2.561867E-04 4.338582E+00 8.663856E+00 
1.701814E-01 6.086213E-03 3.528784E-01 1.772075E-01 -1.575732E+00 6.000000E-01 -1.025635E-01 9.258633E-01 2.669894E-02 1.598575E-03 4.414856E+00 8.821354E+00 
1.527113E-01 9.593091E-03 3.402335E-01 1.746732E-01 -1.453155E+00 5.728074E-01 -9.805349E-02 9.412388E-01 2.955962E-02 6.747743E-04 4.119304E+00 8.624188E+00 
1.841827E-01 6.314769E-03 3.542897E-01 1.828000E-01 -1.466154E+00 5.814209E-01 -1.000000E-02 9.568930E-01 2.811127E-02 2.292634E-04 4.217801E+00 1.016019E+01 
1.761851E-01 7.728955E-04 3.210011E-01 1.814643E-01 -1.319404E+00 5.629298E-01 -1.666943E-01 9.284790E-01 3.091881E-02 4.344085E-04 4.587165E+00 8.776502E+00 
1.638446E-01 8.331722E-03 3.642059E-01 1.776331E-01 -1.298689E+00 5.822647E-01 -1.674233E-01 1.008978E+00 2.741869E-02 1.456399E-03 4.314997E+00 7.918290E+00 
1.826565E-01 5.917369E-03 3.436563E-01 1.754473E-01 -1.407142E+00 5.966191E-01 -1.083430E-01 9.950358E-01 2.858541E-02 1.167131E-03 4.066002E+00 8.326844E+00 
1.640038E-01 5.845129E-03 3.483964E-01 1.738911E-01 -1.300120E+00 5.817089E-01 -8.271909E-02 9.627647E-01 2.974716E-02 1.593677E-03 4.255016E+00 9.228103E+00 
1.629383E-01 4.479864E-03 3.343243E-01 1.789821E-01 -1.343523E+00 5.828335E-01 -1.161467E-01 9.534809E-01 3.032556E-02 1.656069E-03 4.339018E+00 8.722961E+00 
1.784958E-01 5.457654E-03 3.534677E-01 1.751915E-01 -1.465713E+00 5.888882E-01 -1.460055E-01 9.268570E-01 2.969998E-02 5.648917E-04 4.344797E+00 8.281131E+00 
1.467326E-01 6.728569E-03 3.336704E-01 1.742027E-01 -1.370572E+00 5.731068E-01 -8.929172E-02 9.773791E-01 2.691994E-02 9.801038E-04 4.237189E+00 8.831227E+00 
1.729965E-01 6.408263E-03 3.310836E-01 1.716743E-01 -1.449070E+00 5.962057E-01 -1.122440E-01 9.733859E-01 2.535921E-02 1.048420E-03 4.386141E+00 1.003305E+01 
1.643427E-01 5.436756E-03 3.522057E-01 1.773879E-01 -1.424728E+00 5.920565E-01 -1.567843E-01 1.138843E+00 2.844628E-02 8.237876E-04 4.036747E+00 9.860579E+00 
1.561644E-01 7.708070E-03 3.599464E-01 1.684380E-01 -1.516382E+00 5.377575E-01 -1.240481E-01 1.021754E+00 3.245083E-02 1.023265E-03 4.320001E+00 9.936079E+00 
1.723463E-01 5.406724E-03 3.518425E-01 1.718627E-01 -1.390899E+00 5.910686E-01 -1.556098E-01 8.939812E-01 2.791313E-02 1.898138E-03 4.056282E+00 8.415047E+00 
1.663824E-01 9.135182E-03 3.093494E-01 1.764297E-01 -1.388197E+00 5.891165E-01 -1.509610E-01 1.002192E+00 2.470638E-02 1.445931E-03 4.198112E+00 9.039944E+00 
1.550808E-01 4.900803E-03 3.578182E-01 1.721685E-01 -1.515681E+00 5.807842E-01 -1.582933E-01 8.784981E-01 2.952669E-02 0.000000E+00 3.744436E+00 9.227781E+00 
1.709790E-01 4.096264E-03 3.575060E-01 1.786713E-01 -1.436505E+00 5.894160E-01 -1.709212E-01 9.621324E-01 2.688095E-02 1.116526E-03 3.981418E+00 8.969529E+00 
1.649942E-01 9.792347E-03 3.466226E-01 1.735631E-01 -1.346874E+00 4.786297E-01 -1.004419E-01 8.786993E-01 2.912554E-02 1.816942E-03 4.271036E+00 9.238863E+00 
