1.753685E-01 5.624839E-03 3.271466E-01 1.844245E-01 -1.378967E+00 5.688308E-01 -1.280452E-01 1.277709E+00 2.928438E-02 1.242510E-03 4.209348E+00 8.513488E+00 
1.673164E-01 2.786813E-03 3.283675E-01 1.766276E-01 -1.288448E+00 5.820030E-01 -1.159756E-01 9.577621E-01 2.745085E-02 6.980798E-04 4.536017E+00 9.076935E+00 
1.649539E-01 5.428366E-03 3.136616E-01 1.734876E-01 -1.345895E+00 5.816516E-01 -1.231749E-01 9.092032E-01 2.540961E-02 2.571126E-04 4.279784E+00 9.457739E+00 
2.000000E-01 1.000000E-04 3.557115E-01 1.772780E-01 -1.330028E+00 5.418770E-01 -1.470160E-01 8.598492E-01 2.979047E-02 1.372585E-03 4.392401E+00 9.714773E+00 
1.564857E-01 6.122789E-03 3.419354E-01 1.755800E-01 -1.591630E+00 5.838615E-01 -1.305729E-01 1.022118E+00 3.194325E-02 1.020984E-03 4.205846E+00 9.113460E+00 
1.682027E-01 3.953709E-03 3.235203E-01 1.787015E-01 -1.438465E+00 5.818693E-01 -1.161770E-01 9.570629E-01 2.767011E-02 1.047306E-03 4.174879E+00 8.740571E+00 
1.781122E-01 5.593491E-03 3.091437E-01 1.829975E-01 -1.384391E+00 5.695944E-01 -1.060996E-01 9.385027E-01 2.844599E-02 4.278899E-04 4.084834E+00 9.388985E+00 
1.427804E-01 4.667613E-03 3.246188E-01 1.833336E-01 -1.374509E+00 5.729322E-01 -1.171320E-01 9.592589E-01 2.863354E-02 1.377053E-03 4.171179E+00 8.463069E+00 
1.732294E-01 4.918619E-03 3.575643E-01 1.815617E-01 -1.353647E+00 5.870946E-01 -1.504804E-01 8.710782E-01 2.605597E-02 5.906389E-04 4.159341E+00 8.710434E+00 
1.704239E-01 7.082075E-03 3.577647E-01 1.755444E-01 -1.443900E+00 5.899825E-01 -2.000000E-01 9.093178E-01 2.792561E-02 2.592699E-04 3.879094E+00 8.274220E+00 
1.740283E-01 5.406743E-03 3.339740E-01 1.794259E-01 -1.384472E+00 5.874775E-01 -1.055405E-01 8.978689E-01 2.738863E-02 1.019406E-03 4.088742E+00 8.780356E+00 
1.740283E-01 4.980091E-03 3.502154E-01 1.756497E-01 -1.431916E+00 5.855856E-01 -1.339693E-01 9.261861E-01 2.849819E-02 1.378202E-03 4.003623E+00 9.702806E+00 
1.681712E-01 5.862859E-03 3.465998E-01 1.825637E-01 -1.484378E+00 6.000000E-01 -1.098329E-01 1.038928E+00 2.828950E-02 1.628206E-03 4.225132E+00 8.886233E+00 
2.000000E-01 4.247038E-03 3.518806E-01 1.711876E-01 -1.455966E+00 5.912879E-01 -1.753152E-01 9.109285E-01 2.953321E-02 1.103383E-03 4.611909E+00 9.167639E+00 
1.720729E-01 5.381280E-03 3.319203E-01 1.720960E-01 -1.446692E+00 5.880611E-01 -1.681444E-01 9.640129E-01 2.721788E-02 1.713861E-03 4.233179E+00 8.896446E+00 
1.658207E-01 7.055152E-03 3.135035E-01 1.820700E-01 -1.419458E+00 5.760057E-01 -1.201095E-01 1.009876E+00 2.863328E-02 2.673321E-03 3.733412E+00 8.987407E+00 
1.553647E-01 8.919138E-03 3.308568E-01 1.773556E-01 -1.393807E+00 5.754609E-01 -1.516623E-01 9.818023E-01 2.787596E-02 1.745812E-03 4.075815E+00 9.206720E+00 
1.714131E-01 4.666147E-03 3.363456E-01 1.803171E-01 -1.435667E+00 5.668766E-01 -1.535477E-01 9.793962E-01 2.815763E-02 8.933589E-04 4.031169E+00 8.288546E+00 
1.692979E-01 7.412218E-03 3.226944E-01 1.790481E-01 -1.517728E+00 6.000000E-01 -1.754721E-01 9.854324E-01 3.165129E-02 1.828353E-03 4.251171E+00 9.736427E+00 
1.865421E-01 5.595038E-03 3.488316E-01 1.842829E-01 -1.474669E+00 5.840494E-01 -9.904957E-02 9.416007E-01 2.680458E-02 1.522906E-03 4.064971E+00 8.404984E+00 
1.588431E-01 1.450264E-02 3.290514E-01 1.742087E-01 -1.407970E+00 5.916311E-01 -1.250309E-01 8.954175E-01 2.713386E-02 1.675415E-03 3.797170E+00 8.615473E+00 
1.213256E-01 1.018365E-02 3.435427E-01 1.812504E-01 -1.548446E+00 5.964181E-01 -1.685105E-01 9.466575E-01 2.787059E-02 1.153511E-03 4.655333E+00 6.748910E+00 
1.630160E-01 5.213322E-03 3.280620E-01 1.792812E-01 -1.453144E+00 5.862641E-01 -1.188884E-01 9.422747E-01 2.697152E-02 3.964466E-04 4.189988E+00 9.104563E+00 
1.798685E-01 1.542778E-03 3.485711E-01 1.729862E-01 -1.410151E+00 5.741852E-01 -1.282048E-01 9.840715E-01 2.833910E-02 2.215565E-03 4.618003E+00 9.174793E+00 
9.743465E-02 2.210703E-02 3.510232E-01 1.487805E-01 -1.312988E+00 2.301508E-01 -1.246265E-01 8.990666E-01 2.796545E-02 2.431139E-03 4.071860E+00 1.071114E+01 
1.683695E-01 4.135853E-03 3.260160E-01 1.782950E-01 -1.551749E+00 5.754364E-01 -1.499521E-01 9.917815E-01 2.750672E-02 7.775859E-04 4.144708E+00 8.760207E+00 
1.862458E-01 5.194526E-03 3.299863E-01 1.766709E-01 -1.442931E+00 5.930619E-01 -1.526374E-01 9.344475E-01 2.467563E-02 1.816131E-03 4.103067E+00 8.487506E+00 
1.654473E-01 5.289479E-03 3.340026E-01 1.739604E-01 -1.350926E+00 5.846094E-01 -1.042602E-01 8.833252E-01 2.947436E-02 9.496994E-04 4.244256E+00 9.765821E+00 
1.638613E-01 3.854112E-03 3.197645E-01 1.738776E-01 -1.309896E+00 5.831830E-01 -1.321693E-01 9.145774E-01 2.793464E-02 8.970960E-04 4.201067E+00 8.685234E+00 
1.810093E-01 3.831573E-03 3.393354E-01 1.822646E-01 -1.338542E+00 5.882845E-01 -1.764043E-01 9.001722E-01 2.650784E-02 6.487584E-04 3.935357E+00 9.078136E+00 
1.822953E-01 7.219347E-03 3.496514E-01 1.865672E-01 -1.386231E+00 5.896921E-01 -1.265712E-01 9.526767E-01 3.190946E-02 7.598795E-04 3.839168E+00 8.906922E+00 
1.711832E-01 4.755369E-03 3.332892E-01 1.854429E-01 -1.425148E+00 5.931911E-01 -1.127118E-01 9.567453E-01 2.868398E-02 4.863434E-04 4.211156E+00 8.715162E+00 
1.512938E-01 5.588286E-03 3.317296E-01 1.889151E-01 -1.240400E+00 5.827855E-01 -1.436388E-01 9.608713E-01 2.926633E-02 1.438042E-03 3.954495E+00 8.049945E+00 
1.820132E-01 4.861961E-03 3.377055E-01 1.717951E-01 -1.423859E+00 5.762885E-01 -1.481887E-01 8.010392E-01 2.891985E-02 1.823148E-03 3.728492E+00 8.590359E+00 
1.715181E-01 5.332496E-03 3.460449E-01 1.792871E-01 -1.383808E+00 5.934688E-01 -1.355320E-01 9.463381E-01 2.929060E-02 1.154448E-03 4.274887E+00 9.568001E+00 
1.664584E-01 4.199079E-03 3.561010E-01 1.816088E-01 -1.413883E+00 5.495178E-01 -1.572121E-01 1.155063E+00 2.756208E-02 1.282461E-03 4.272203E+00 1.050353E+01 
1.630240E-01 1.092500E-02 3.231779E-01 1.760165E-01 -1.353088E+00 6.000000E-01 -1.153116E-01 8.677259E-01 3.138143E-02 1.848059E-03 4.272592E+00 9.471002E+00 
1.532803E-01 6.684284E-03 3.190441E-01 1.790422E-01 -1.359681E+00 5.795395E-01 -1.260645E-01 1.020091E+00 3.043760E-02 8.582051E-04 3.995053E+00 8.883334E+00 
1.857764E-01 6.127951E-03 3.380902E-01 1.826162E-01 -1.334863E+00 5.703505E-01 -1.246579E-01 9.821603E-01 2.712435E-02 8.831486E-04 4.587667E+00 8.997815E+00 
1.574103E-01 7.596544E-03 3.329291E-01 1.800675E-01 -1.436162E+00 5.867999E-01 -1.554528E-01 8.693508E-01 2.856707E-02 9.730214E-04 3.996956E+00 9.221315E+00 
1.662958E-01 5.832949E-03 3.362163E-01 1.808598E-01 -1.452049E+00 5.883230E-01 -1.347698E-01 9.280515E-01 2.875299E-02 9.034907E-04 4.230732E+00 9.080705E+00 
1.476950E-01 9.288791E-03 3.410446E-01 1.880102E-01 -1.408185E+00 5.628383E-01 -1.516177E-01 9.140437E-01 2.826869E-02 7.450035E-04 4.557082E+00 8.843499E+00 
1.633761E-01 7.124588E-03 3.410925E-01 1.699746E-01 -1.368913E+00 5.820484E-01 -1.190630E-01 1.020556E+00 3.096312E-02 1.710948E-03 4.234329E+00 9.461566E+00 
1.777013E-01 5.049355E-03 3.411195E-01 1.716672E-01 -1.313431E+00 5.819891E-01 -1.398915E-01 9.700181E-01 2.930359E-02 1.326600E-03 4.536970E+00 9.413226E+00 
1.688345E-01 3.049528E-03 3.562920E-01 1.756923E-01 -1.504387E+00 5.820309E-01 -1.256203E-01 9.785177E-01 2.978325E-02 1.940137E-03 4.156866E+00 9.379141E+00 
1.729033E-01 1.003434E-02 3.035763E-01 1.805170E-01 -1.437304E+00 5.799202E-01 -1.105621E-01 9.858633E-01 2.993323E-02 1.879921E-03 4.188709E+00 8.704967E+00 
1.782932E-01 6.617627E-03 3.324760E-01 1.736044E-01 -1.413961E+00 5.896751E-01 -1.677289E-01 1.008702E+00 3.057708E-02 1.449238E-03 4.242415E+00 8.632949E+00 
1.957818E-01 6.978133E-03 3.444498E-01 1.827062E-01 -1.452290E+00 5.802532E-01 -1.565986E-01 9.518528E-01 2.591846E-02 1.611981E-03 4.236657E+00 9.070834E+00 
1.002284E-01 1.608210E-02 3.126397E-01 1.675500E-01 -1.401855E+00 4.793120E-01 -1.425350E-01 9.567791E-01 3.410977E-02 6.702109E-03 4.219039E+00 9.308219E+00 
1.823601E-01 5.350363E-03 3.378291E-01 1.781899E-01 -1.379803E+00 5.875956E-01 -1.393680E-01 9.564626E-01 2.785564E-02 1.685829E-03 4.270137E+00 8.967594E+00 
1.828758E-01 8.253108E-03 3.437520E-01 1.830467E-01 -1.326333E+00 5.926884E-01 -1.812523E-01 9.355092E-01 2.835322E-02 7.088753E-04 4.732347E+00 7.637237E+00 
1.784639E-01 5.949863E-03 3.282692E-01 1.763535E-01 -1.347673E+00 5.913727E-01 -1.078220E-01 9.675450E-01 2.807163E-02 9.018155E-04 4.533924E+00 9.311888E+00 
1.753246E-01 4.044295E-03 3.318787E-01 1.783636E-01 -1.488468E+00 5.767345E-01 -1.438938E-01 1.066941E+00 2.618445E-02 9.722727E-04 3.993418E+00 9.218555E+00 
1.895454E-01 4.484156E-03 3.453768E-01 1.848402E-01 -1.356068E+00 5.956029E-01 -1.470730E-01 9.467147E-01 2.716219E-02 6.090408E-04 4.221734E+00 8.925149E+00 
1.651609E-01 2.961570E-03 3.457858E-01 1.827294E-01 -1.366514E+00 5.925134E-01 -1.497640E-01 9.809199E-01 2.786248E-02 9.386920E-04 4.183702E+00 9.852977E+00 
1.770467E-01 6.249359E-03 3.454530E-01 1.801961E-01 -1.339607E+00 5.827887E-01 -1.670015E-01 9.441315E-01 2.957977E-02 1.156479E-03 4.015038E+00 8.491812E+00 
1.695158E-01 7.942163E-03 3.478437E-01 1.759672E-01 -1.507876E+00 5.825754E-01 -1.209612E-01 9.620336E-01 2.809052E-02 1.251127E-03 4.281666E+00 8.742992E+00 
1.771945E-01 4.376984E-03 3.522675E-01 1.763006E-01 -1.427024E+00 5.937574E-01 -1.550451E-01 8.996415E-01 2.712518E-02 3.505559E-04 4.382997E+00 9.248372E+00 
1.712691E-01 3.744573E-03 3.311063E-01 1.804441E-01 -1.341789E+00 5.886213E-01 -1.530702E-01 9.094976E-01 2.755833E-02 5.035370E-04 3.863299E+00 8.988930E+00 
1.666283E-01 5.156125E-03 3.459655E-01 1.775835E-01 -1.446968E+00 5.823359E-01 -1.335893E-01 9.368452E-01 2.505586E-02 8.648941E-04 4.453825E+00 9.018335E+00 
1.684718E-01 4.931008E-03 3.587801E-01 1.768219E-01 -1.537139E+00 5.809670E-01 -1.559629E-01 9.813852E-01 2.713919E-02 6.073104E-04 4.181490E+00 8.148600E+00 
1.685790E-01 5.140379E-03 3.354136E-01 1.808177E-01 -1.451931E+00 5.821824E-01 -1.201109E-01 9.434231E-01 3.204826E-02 7.485088E-04 3.709338E+00 9.007335E+00 
1.663892E-01 6.523911E-03 3.145995E-01 1.804165E-01 -1.478313E+00 5.753277E-01 -9.630505E-02 9.708008E-01 2.698526E-02 1.667159E-03 4.276799E+00 9.895505E+00 
1.694813E-01 5.691356E-03 3.379692E-01 1.795320E-01 -1.142651E+00 5.935515E-01 -1.334243E-01 9.324724E-01 2.923765E-02 2.313739E-04 4.049111E+00 8.771253E+00 
1.703485E-01 3.860160E-03 3.455872E-01 1.825086E-01 -1.535588E+00 5.892942E-01 -1.549858E-01 9.022048E-01 3.054259E-02 8.747603E-04 4.698782E+00 8.865515E+00 
1.682801E-01 7.384590E-03 3.334454E-01 1.766190E-01 -1.433733E+00 5.888157E-01 -1.863341E-01 8.876825E-01 2.912465E-02 5.462690E-04 4.025366E+00 8.550221E+00 
1.759934E-01 5.070676E-03 3.606512E-01 1.767615E-01 -1.388900E+00 5.757992E-01 -1.446558E-01 9.521330E-01 2.866382E-02 8.936748E-04 3.993191E+00 8.773894E+00 
1.736323E-01 5.515008E-03 3.644861E-01 1.783554E-01 -1.435706E+00 5.967808E-01 -1.381944E-01 9.016900E-01 2.724859E-02 1.240555E-03 4.259659E+00 9.980692E+00 
1.753950E-01 5.566901E-03 3.512577E-01 1.803715E-01 -1.550614E+00 5.924364E-01 -1.607285E-01 9.433612E-01 2.800473E-02 1.146029E-03 3.894100E+00 8.641850E+00 
1.795299E-01 4.195329E-03 3.217131E-01 1.795656E-01 -1.396863E+00 5.831972E-01 -1.581057E-01 9.866329E-01 2.872817E-02 1.082737E-03 4.082563E+00 9.457537E+00 
2.000000E-01 5.374231E-03 3.329996E-01 1.752197E-01 -1.362183E+00 6.000000E-01 -1.440201E-01 9.359746E-01 2.849280E-02 1.100261E-03 4.132970E+00 8.796284E+00 
1.731250E-01 4.451500E-03 3.430325E-01 1.800612E-01 -1.494316E+00 5.925262E-01 -1.389650E-01 1.051810E+00 3.040588E-02 2.012514E-03 4.308024E+00 9.782400E+00 
1.787651E-01 4.964306E-03 3.479181E-01 1.832665E-01 -1.417598E+00 5.894353E-01 -1.101170E-01 9.264027E-01 2.763749E-02 3.062782E-03 4.223312E+00 9.278117E+00 
1.755320E-01 6.393778E-03 3.372949E-01 1.807553E-01 -1.465681E+00 5.846772E-01 -1.210110E-01 9.729017E-01 2.549063E-02 1.463684E-03 4.201861E+00 9.057084E+00 
1.698144E-01 6.190994E-03 3.192845E-01 1.771258E-01 -1.402306E+00 5.772883E-01 -1.315208E-01 9.517063E-01 2.948855E-02 5.541272E-04 4.481889E+00 9.398921E+00 
1.818212E-01 5.713663E-03 3.304153E-01 1.820280E-01 -1.239450E+00 5.708584E-01 -1.404691E-01 1.193770E+00 2.643799E-02 1.331471E-03 4.199770E+00 7.922000E+00 
1.944406E-01 1.000000E-04 3.426161E-01 1.804005E-01 -1.426640E+00 6.000000E-01 -1.579463E-01 9.430320E-01 2.710486E-02 4.490208E-04 3.879153E+00 9.112736E+00 
1.738359E-01 5.054924E-03 3.196689E-01 1.800990E-01 -1.443038E+00 5.835059E-01 -9.885916E-02 8.821791E-01 2.734537E-02 9.298321E-04 4.051526E+00 8.095651E+00 
1.864582E-01 1.351978E-02 3.354054E-01 1.753267E-01 -1.348760E+00 4.307673E-01 -1.596232E-01 9.255967E-01 2.827548E-02 2.059347E-03 4.336787E+00 9.456865E+00 
1.750699E-01 7.407609E-03 3.501565E-01 1.778276E-01 -1.436482E+00 5.922444E-01 -1.150264E-01 9.486340E-01 2.807104E-02 1.524170E-03 4.351204E+00 9.010995E+00 
1.778359E-01 6.794808E-03 3.405052E-01 1.794902E-01 -1.339750E+00 5.886863E-01 -1.561810E-01 9.697105E-01 2.892739E-02 1.107535E-03 4.485150E+00 8.780730E+00 
1.857222E-01 6.035397E-03 3.291680E-01 1.740835E-01 -1.470940E+00 5.784816E-01 -1.152711E-01 9.720626E-01 2.850708E-02 8.301527E-04 4.281893E+00 8.362054E+00 
1.828961E-01 6.550602E-03 3.246122E-01 1.858616E-01 -1.428461E+00 5.954629E-01 -1.924569E-01 8.797076E-01 2.689209E-02 2.610751E-05 3.893958E+00 8.844926E+00 
1.684446E-01 4.635080E-03 3.478351E-01 1.799481E-01 -1.396055E+00 5.801174E-01 -1.180696E-01 1.007683E+00 3.088696E-02 6.792937E-04 4.246257E+00 9.164886E+00 
1.919123E-01 6.305212E-03 3.235701E-01 1.815603E-01 -1.364917E+00 5.903684E-01 -1.540775E-01 9.310380E-01 2.722837E-02 8.924297E-04 4.176658E+00 8.650624E+00 
1.622338E-01 6.029506E-03 3.517191E-01 1.802727E-01 -1.250239E+00 5.915928E-01 -1.867595E-01 9.373300E-01 2.365551E-02 1.719653E-03 3.982019E+00 9.146652E+00 
1.699703E-01 6.048421E-03 3.417909E-01 1.732116E-01 -1.417804E+00 5.799325E-01 -1.655916E-01 1.040640E+00 2.727551E-02 8.989749E-04 4.280113E+00 9.702857E+00 
1.896564E-01 1.034525E-02 3.284918E-01 1.682788E-01 -1.421403E+00 5.847676E-01 -1.445926E-01 8.418181E-01 2.779797E-02 1.486062E-03 4.362902E+00 9.133213E+00 
1.723672E-01 4.346185E-03 3.314169E-01 1.764357E-01 -1.552200E+00 5.782108E-01 -1.008107E-01 9.991865E-01 2.955924E-02 1.381942E-03 4.054970E+00 8.788701E+00 
1.811544E-01 5.530556E-03 3.445164E-01 1.797951E-01 -1.468278E+00 5.885956E-01 -1.668525E-01 1.004020E+00 2.611997E-02 9.516810E-04 3.993830E+00 9.015315E+00 
1.739892E-01 6.438843E-03 3.302127E-01 1.814947E-01 -1.321508E+00 5.735176E-01 -1.187428E-01 1.000800E+00 2.813308E-02 1.661086E-03 4.111239E+00 9.515484E+00 
1.698058E-01 7.083944E-03 3.382578E-01 1.788013E-01 -1.419009E+00 5.842246E-01 -1.708375E-01 9.661342E-01 2.922998E-02 3.582828E-04 4.131008E+00 8.514725E+00 
1.908498E-01 5.604683E-03 3.447031E-01 1.791841E-01 -1.344859E+00 5.894359E-01 -1.377713E-01 9.546295E-01 2.669890E-02 8.137612E-04 4.329131E+00 9.100219E+00 
1.669082E-01 5.388546E-03 3.399274E-01 1.820226E-01 -1.370501E+00 4.717991E-01 -1.297821E-01 8.901746E-01 2.906954E-02 7.367365E-04 4.134300E+00 1.023061E+01 
1.412578E-01 2.504219E-02 3.320225E-01 1.782049E-01 -1.267859E+00 5.720034E-01 -1.205147E-01 9.347325E-01 2.999099E-02 7.253057E-03 3.760044E+00 8.559857E+00 
1.966268E-01 6.891602E-03 3.316303E-01 1.779224E-01 -1.444428E+00 5.900006E-01 -2.000000E-01 9.507575E-01 2.812413E-02 5.742193E-04 3.773662E+00 8.589342E+00 
1.716046E-01 4.915756E-03 3.399976E-01 1.783473E-01 -1.438942E+00 5.806934E-01 -1.206381E-01 9.390878E-01 3.195209E-02 3.654840E-04 4.262435E+00 8.439425E+00 
1.648974E-01 3.972198E-03 3.468854E-01 1.819874E-01 -1.441189E+00 5.840179E-01 -1.241423E-01 9.635969E-01 2.847620E-02 3.656198E-04 4.237167E+00 8.738507E+00 
1.660246E-01 4.667495E-03 3.188726E-01 1.794150E-01 -1.455565E+00 5.901796E-01 -1.126930E-01 9.521434E-01 2.911200E-02 6.640430E-04 4.194910E+00 9.022471E+00 
1.815348E-01 5.434530E-03 3.473988E-01 1.777529E-01 -1.430307E+00 5.872394E-01 -1.399003E-01 9.317345E-01 2.799485E-02 1.210947E-03 4.932578E+00 9.267502E+00 
1.761191E-01 5.623133E-03 3.397952E-01 1.803333E-01 -1.490353E+00 5.815762E-01 -2.000000E-01 9.581268E-01 2.839070E-02 6.442568E-04 4.239545E+00 8.177822E+00 
1.780032E-01 7.480631E-03 3.132723E-01 1.813505E-01 -1.429929E+00 5.854790E-01 -1.185550E-01 9.983369E-01 2.675792E-02 1.095869E-03 3.832278E+00 8.444713E+00 
1.748890E-01 5.921586E-03 3.591894E-01 1.799861E-01 -1.572923E+00 5.937210E-01 -1.438083E-01 9.950036E-01 2.828884E-02 1.501326E-03 4.407054E+00 8.866349E+00 
1.741166E-01 5.429561E-03 3.487821E-01 1.811968E-01 -1.376415E+00 5.872133E-01 -1.053541E-01 9.289301E-01 2.752765E-02 9.252916E-04 4.336343E+00 8.310631E+00 
1.654133E-01 5.253162E-03 3.377126E-01 1.760559E-01 -1.341656E+00 5.990251E-01 -1.304891E-01 9.742589E-01 2.818495E-02 1.877862E-03 4.300217E+00 9.022979E+00 
1.674472E-01 5.284404E-03 3.437589E-01 1.749671E-01 -1.470485E+00 5.951198E-01 -1.484770E-01 9.401052E-01 2.928248E-02 1.322276E-03 3.895217E+00 7.860451E+00 
1.712304E-01 8.052287E-03 3.643145E-01 1.744123E-01 -1.499330E+00 5.889991E-01 -1.748275E-01 8.388602E-01 2.743631E-02 3.182450E-04 4.215440E+00 8.726398E+00 
1.814361E-01 6.012416E-03 3.496031E-01 1.791953E-01 -1.528514E+00 5.858619E-01 -1.662550E-01 9.100587E-01 2.661584E-02 5.259984E-04 4.375092E+00 9.741774E+00 
1.706337E-01 5.732068E-03 3.405149E-01 1.767047E-01 -1.354668E+00 5.803060E-01 -1.413511E-01 9.365557E-01 2.584544E-02 1.052441E-03 4.083295E+00 9.118921E+00 
1.840791E-01 5.572549E-03 3.221176E-01 1.818445E-01 -1.326060E+00 5.946663E-01 -1.536956E-01 9.636556E-01 2.624841E-02 7.504809E-04 4.067289E+00 9.070148E+00 
1.766523E-01 4.300274E-03 3.416460E-01 1.824868E-01 -1.435069E+00 5.792302E-01 -1.522453E-01 9.458427E-01 2.680216E-02 6.050106E-04 3.972667E+00 9.746040E+00 
1.651687E-01 6.147078E-03 3.390085E-01 1.765460E-01 -1.482353E+00 5.816735E-01 -1.495697E-01 9.710071E-01 2.809015E-02 1.372389E-03 4.028350E+00 8.987926E+00 
1.839520E-01 5.889034E-03 3.300670E-01 1.796389E-01 -1.358992E+00 5.900912E-01 -1.337519E-01 9.405557E-01 2.731505E-02 5.341011E-04 4.237716E+00 9.469720E+00 
1.666350E-01 2.309448E-03 3.176524E-01 1.756661E-01 -1.318152E+00 5.828828E-01 -1.409318E-01 9.782730E-01 2.814217E-02 1.461579E-03 4.283468E+00 9.209290E+00 
1.772935E-01 4.885187E-03 3.241552E-01 1.768430E-01 -1.341913E+00 5.853072E-01 -1.300810E-01 9.618629E-01 2.964718E-02 1.045652E-03 4.307762E+00 8.322655E+00 
1.810297E-01 5.426536E-03 3.371667E-01 1.782571E-01 -1.325315E+00 5.825811E-01 -1.381276E-01 9.081910E-01 2.788774E-02 1.474203E-03 3.953196E+00 8.846254E+00 
1.748941E-01 7.939134E-03 3.438731E-01 1.805185E-01 -1.298552E+00 5.879562E-01 -1.723976E-01 9.622404E-01 2.818898E-02 1.422757E-03 3.971010E+00 9.272281E+00 
1.781615E-01 4.491743E-03 3.623963E-01 1.798458E-01 -1.288812E+00 5.831203E-01 -1.393639E-01 9.331606E-01 2.900442E-02 9.415528E-06 4.500156E+00 8.610183E+00 
1.687686E-01 7.972613E-03 3.201109E-01 1.745493E-01 -1.476478E+00 5.720133E-01 -1.764057E-01 9.729194E-01 2.915562E-02 1.235806E-03 4.378116E+00 9.447481E+00 
1.652034E-01 4.852805E-03 3.206412E-01 1.770460E-01 -1.418399E+00 5.783067E-01 -1.579521E-01 9.291241E-01 2.768688E-02 8.481404E-04 4.038950E+00 9.226788E+00 
1.228207E-01 6.952914E-03 3.277226E-01 1.743772E-01 -1.420199E+00 5.141200E-01 -1.143587E-01 1.005464E+00 3.247629E-02 5.694740E-03 4.328447E+00 8.759689E+00 
1.703990E-01 7.034650E-03 3.495076E-01 1.828752E-01 -1.425732E+00 5.929989E-01 -1.365642E-01 9.816457E-01 2.952918E-02 1.081359E-03 4.544190E+00 9.397300E+00 
1.862766E-01 5.629717E-03 3.340752E-01 1.809770E-01 -1.403780E+00 5.842377E-01 -1.492528E-01 9.507857E-01 2.930242E-02 9.066299E-04 4.260613E+00 8.925755E+00 
1.375234E-01 5.139613E-03 3.358330E-01 1.835401E-01 -1.363798E+00 5.744949E-01 -1.539663E-01 1.055744E+00 2.664855E-02 0.000000E+00 4.126886E+00 7.949315E+00 
1.719137E-01 4.541456E-03 3.559623E-01 1.776703E-01 -1.463935E+00 5.791405E-01 -1.305138E-01 9.277582E-01 2.893699E-02 1.058961E-03 4.246766E+00 8.943872E+00 
1.603977E-01 9.276651E-03 3.399666E-01 1.821514E-01 -1.403220E+00 5.746587E-01 -1.229634E-01 1.006269E+00 3.162969E-02 4.649070E-03 4.224152E+00 7.408075E+00 
1.758449E-01 6.430687E-03 3.517120E-01 1.796415E-01 -1.508024E+00 5.924385E-01 -1.237753E-01 9.378031E-01 2.733242E-02 7.191333E-04 4.473703E+00 9.120431E+00 
1.777346E-01 9.990182E-03 3.402760E-01 1.779147E-01 -1.423999E+00 5.855820E-01 -1.350546E-01 9.529701E-01 2.806549E-02 6.725182E-04 3.986671E+00 8.074613E+00 
1.584125E-01 2.511586E-03 3.172948E-01 1.735485E-01 -1.319867E+00 5.675850E-01 -1.076034E-01 1.169425E+00 2.766712E-02 1.276612E-03 4.309154E+00 9.620671E+00 
1.873150E-01 5.870737E-03 3.165637E-01 1.792333E-01 -1.410821E+00 5.811488E-01 -1.088157E-01 9.316528E-01 2.637900E-02 1.396059E-03 4.210742E+00 9.055272E+00 
1.849803E-01 4.628130E-03 3.303526E-01 1.777530E-01 -1.399847E+00 5.846184E-01 -1.430032E-01 9.727825E-01 2.658681E-02 1.255599E-03 4.156997E+00 9.726096E+00 
1.744968E-01 4.336746E-03 3.299393E-01 1.759370E-01 -1.372565E+00 5.933714E-01 -1.317367E-01 9.990881E-01 2.813658E-02 6.286255E-04 4.208185E+00 9.844515E+00 
1.751711E-01 1.074562E-02 3.442008E-01 1.805889E-01 -1.516986E+00 5.878389E-01 -1.510346E-01 8.618384E-01 2.729790E-02 7.805262E-04 4.200465E+00 9.252980E+00 
1.631811E-01 3.208722E-03 3.484449E-01 1.798936E-01 -1.493337E+00 5.875052E-01 -1.492963E-01 9.835051E-01 2.964556E-02 4.508232E-04 3.663835E+00 8.822576E+00 
1.674763E-01 4.488183E-03 3.438230E-01 1.756212E-01 -1.469895E+00 5.924709E-01 -1.608336E-01 9.467618E-01 2.672335E-02 7.345320E-04 4.178805E+00 9.211479E+00 
1.811857E-01 6.128251E-03 3.404027E-01 1.821150E-01 -1.445841E+00 5.950430E-01 -1.435261E-01 9.487182E-01 2.908208E-02 1.951640E-03 4.269191E+00 7.468879E+00 
1.742393E-01 4.862790E-03 3.251564E-01 1.779375E-01 -1.310814E+00 5.815060E-01 -1.394608E-01 9.648842E-01 2.930748E-02 8.639105E-04 3.209713E+00 9.289487E+00 
1.814248E-01 5.935666E-03 3.433206E-01 1.809082E-01 -1.352459E+00 5.884421E-01 -1.404805E-01 9.096211E-01 2.683597E-02 7.272996E-04 4.151268E+00 8.621209E+00 
1.782423E-01 6.437617E-03 3.548185E-01 1.807792E-01 -1.445026E+00 5.896137E-01 -1.498818E-01 9.286231E-01 2.855677E-02 1.499019E-03 4.148297E+00 9.320646E+00 
1.103746E-01 7.278322E-03 3.524520E-01 1.754786E-01 -1.405082E+00 5.731329E-01 -8.004096E-02 3.968047E-01 2.809175E-02 1.624834E-03 4.024449E+00 8.645571E+00 
1.778641E-01 4.185800E-03 3.386406E-01 1.784704E-01 -1.375009E+00 6.000000E-01 -1.276347E-01 9.144322E-01 2.774503E-02 1.304210E-03 4.177860E+00 9.003104E+00 
1.351374E-01 1.248802E-02 3.326873E-01 1.755708E-01 -1.363773E+00 5.927183E-01 -1.355186E-01 1.029705E+00 2.516472E-02 1.362570E-03 4.254123E+00 8.638668E+00 
1.643083E-01 7.982157E-03 3.476203E-01 1.814577E-01 -1.415937E+00 5.869283E-01 -1.216525E-01 9.228742E-01 2.839449E-02 4.500718E-04 4.206661E+00 8.192661E+00 
1.759598E-01 9.038710E-03 3.601220E-01 1.767696E-01 -1.487574E+00 5.973458E-01 -2.000000E-01 9.514726E-01 2.713252E-02 1.080086E-03 4.338069E+00 8.971538E+00 
1.788824E-01 5.684334E-03 3.473445E-01 1.749475E-01 -1.388805E+00 5.895283E-01 -1.400468E-01 9.677848E-01 3.220287E-02 9.013787E-04 4.024809E+00 8.888056E+00 
1.822745E-01 5.917925E-03 3.494538E-01 1.753348E-01 -1.436396E+00 5.896556E-01 -1.634061E-01 9.601692E-01 2.758027E-02 1.271043E-04 4.306709E+00 9.069193E+00 
1.880034E-01 6.849413E-04 3.235058E-01 1.749017E-01 -1.356054E+00 5.852184E-01 -1.680853E-01 9.596180E-01 2.919776E-02 4.537988E-04 4.227023E+00 8.825478E+00 
1.584185E-01 5.444195E-03 3.220789E-01 1.770976E-01 -1.263231E+00 5.783793E-01 -1.459611E-01 1.033115E+00 2.764323E-02 2.839757E-03 4.223293E+00 8.844417E+00 
1.190768E-01 2.243868E-02 3.875674E-01 1.606466E-01 -1.282685E+00 5.184585E-01 -5.573600E-02 7.644296E-01 3.162167E-02 2.688635E-03 3.715218E+00 1.370043E+01 
1.724497E-01 6.904609E-03 3.307408E-01 1.777627E-01 -1.417952E+00 5.917958E-01 -1.695051E-01 8.974334E-01 2.611326E-02 8.828914E-04 4.055705E+00 8.931674E+00 
1.669590E-01 3.794816E-03 3.627893E-01 1.800826E-01 -1.503664E+00 5.968591E-01 -1.412361E-01 9.597133E-01 2.851031E-02 5.139400E-04 4.127143E+00 9.338164E+00 
1.656707E-01 1.048120E-02 3.380598E-01 1.799898E-01 -1.345210E+00 5.652353E-01 -1.550855E-01 9.510347E-01 2.812223E-02 9.071093E-04 4.161777E+00 8.328731E+00 
1.637349E-01 5.546580E-03 3.357044E-01 1.817435E-01 -1.408841E+00 5.732467E-01 -1.127158E-01 9.139088E-01 2.790035E-02 5.425685E-04 4.384392E+00 8.565169E+00 
1.436353E-01 6.354523E-03 3.324164E-01 1.724936E-01 -1.303919E+00 5.837750E-01 -1.210128E-01 1.042037E+00 2.744863E-02 1.754857E-03 4.579763E+00 7.324088E+00 
1.778191E-01 3.300078E-03 3.344918E-01 1.833387E-01 -1.418107E+00 5.781515E-01 -1.369794E-01 9.369415E-01 2.746386E-02 7.314303E-04 4.154817E+00 8.550074E+00 
1.688522E-01 4.830795E-03 3.498654E-01 1.789165E-01 -1.405320E+00 5.957486E-01 -1.644019E-01 9.887035E-01 2.749460E-02 7.070325E-04 4.332979E+00 9.153351E+00 
1.658878E-01 2.526020E-03 3.529874E-01 1.776419E-01 -1.366737E+00 5.886204E-01 -1.794350E-01 9.099768E-01 2.706405E-02 1.636430E-04 4.119596E+00 8.189032E+00 
1.956236E-01 2.117481E-03 3.364949E-01 1.876487E-01 -1.340956E+00 5.852591E-01 -1.612925E-01 1.013506E+00 2.545908E-02 1.213613E-03 4.511124E+00 1.001307E+01 
1.467258E-01 1.088775E-02 3.602445E-01 1.759001E-01 -1.457056E+00 5.869612E-01 -1.840943E-01 9.413226E-01 2.659948E-02 9.357838E-05 3.990068E+00 8.655782E+00 
1.712849E-01 5.553900E-03 3.446128E-01 1.770866E-01 -1.414312E+00 5.789187E-01 -1.357434E-01 9.182975E-01 2.633121E-02 8.641101E-04 4.407531E+00 8.812217E+00 
1.676585E-01 4.453107E-03 3.331553E-01 1.805587E-01 -1.388893E+00 5.809052E-01 -1.377614E-01 9.418262E-01 2.900652E-02 8.573026E-04 4.022734E+00 9.076433E+00 
1.664509E-01 2.441754E-03 3.315955E-01 1.810825E-01 -1.395299E+00 5.847032E-01 -1.426258E-01 9.433481E-01 2.845986E-02 3.898934E-04 4.179144E+00 8.961579E+00 
1.767426E-01 5.065021E-03 3.256325E-01 1.800933E-01 -1.499573E+00 5.770797E-01 -1.181305E-01 1.046744E+00 3.065566E-02 9.122016E-04 4.224156E+00 8.337631E+00 
1.722646E-01 6.013885E-03 3.329557E-01 1.806511E-01 -1.451608E+00 5.865965E-01 -9.380729E-02 9.611671E-01 2.561346E-02 8.818719E-04 4.043645E+00 8.887773E+00 
1.771343E-01 1.250996E-02 3.247788E-01 1.804822E-01 -1.213926E+00 5.831181E-01 -1.454233E-01 1.024668E+00 2.913227E-02 1.632594E-03 4.127531E+00 8.619477E+00 
1.754165E-01 3.689510E-03 3.531290E-01 1.767267E-01 -1.516243E+00 5.853412E-01 -1.663151E-01 8.943613E-01 2.704006E-02 7.203145E-04 4.335352E+00 9.070707E+00 
1.672487E-01 3.129020E-03 3.486888E-01 1.776776E-01 -1.220440E+00 5.945367E-01 -1.407055E-01 9.103606E-01 2.782238E-02 3.613369E-04 3.958646E+00 9.518841E+00 
1.615978E-01 6.441165E-03 3.496543E-01 1.784032E-01 -1.455058E+00 5.888428E-01 -1.748693E-01 8.880437E-01 2.857476E-02 3.904511E-04 4.010898E+00 8.882206E+00 
1.690392E-01 4.646682E-03 3.323291E-01 1.782422E-01 -1.514624E+00 5.875211E-01 -1.332069E-01 9.826338E-01 2.956664E-02 7.285829E-04 3.230417E+00 8.852748E+00 
1.677143E-01 4.567336E-03 3.333632E-01 1.788147E-01 -1.430835E+00 5.854987E-01 -1.475343E-01 9.568413E-01 2.787154E-02 1.092442E-03 4.360970E+00 9.151325E+00 
1.660656E-01 5.436812E-03 3.383971E-01 1.790808E-01 -1.460119E+00 5.806979E-01 -1.446287E-01 9.910629E-01 3.056652E-02 5.001403E-04 4.177726E+00 8.560522E+00 
1.327394E-01 7.441644E-03 3.451453E-01 1.738323E-01 -1.356350E+00 5.781140E-01 -1.183558E-01 9.372691E-01 2.918266E-02 1.192751E-03 4.066811E+00 8.653624E+00 
8.607492E-02 8.759962E-03 3.581928E-01 1.713595E-01 -1.313305E+00 5.556172E-01 -1.529732E-01 9.465125E-01 3.277458E-02 3.287673E-03 4.153973E+00 9.500508E+00 
1.703931E-01 5.543685E-03 3.476005E-01 1.773529E-01 -1.357057E+00 5.804843E-01 -1.390353E-01 9.706106E-01 2.627154E-02 1.361717E-03 4.531313E+00 8.732791E+00 
1.638430E-01 5.889279E-03 3.270874E-01 1.800286E-01 -1.339096E+00 5.876888E-01 -1.120929E-01 9.789015E-01 2.855301E-02 5.100341E-04 4.245816E+00 9.058597E+00 
1.801246E-01 6.290469E-03 3.565530E-01 1.804206E-01 -1.420814E+00 5.839288E-01 -1.231670E-01 8.966587E-01 2.741697E-02 1.053765E-03 4.347702E+00 9.011925E+00 
1.625894E-01 6.063758E-03 3.394008E-01 1.782521E-01 -1.525051E+00 5.836764E-01 -1.069524E-01 1.011582E+00 2.845768E-02 1.029848E-03 4.273254E+00 8.755748E+00 
1.803338E-01 4.508173E-03 3.227911E-01 1.774768E-01 -1.298181E+00 5.800473E-01 -1.326720E-01 1.029521E+00 2.854245E-02 4.492766E-04 4.357441E+00 8.624918E+00 
1.741257E-01 5.128767E-03 3.447522E-01 1.804682E-01 -1.473579E+00 5.833408E-01 -1.294789E-01 9.260062E-01 2.528058E-02 2.640125E-04 4.359188E+00 8.691320E+00 
1.661822E-01 6.092058E-03 3.360358E-01 1.812026E-01 -1.419998E+00 5.788022E-01 -1.339009E-01 9.649402E-01 2.930363E-02 1.066006E-03 4.381736E+00 8.595396E+00 
1.699373E-01 4.975881E-03 3.451673E-01 1.765875E-01 -1.441617E+00 5.933242E-01 -1.111504E-01 9.403282E-01 2.920874E-02 1.406688E-03 4.191260E+00 8.930726E+00 
1.748502E-01 6.762134E-03 3.156040E-01 1.829060E-01 -1.462324E+00 6.000000E-01 -1.500727E-01 9.139618E-01 2.771827E-02 1.018757E-03 4.056902E+00 8.716179E+00 
1.894450E-01 3.601352E-03 3.467282E-01 1.726193E-01 -1.314511E+00 5.868671E-01 -1.733291E-01 1.030245E+00 2.821063E-02 9.878895E-04 3.990671E+00 9.558237E+00 
1.670077E-01 5.055155E-03 3.330258E-01 1.771858E-01 -1.222633E+00 5.887495E-01 -1.879395E-01 9.542050E-01 2.932362E-02 1.294104E-03 3.904511E+00 7.909271E+00 
1.681085E-01 5.919737E-03 3.452821E-01 1.750867E-01 -1.409984E+00 5.797748E-01 -1.350322E-01 1.041149E+00 2.730685E-02 2.254451E-03 4.255639E+00 9.145739E+00 
1.761461E-01 6.526275E-03 3.464285E-01 1.780113E-01 -1.381612E+00 5.839050E-01 -1.556266E-01 9.811209E-01 2.694539E-02 1.555078E-03 4.317276E+00 9.170720E+00 
1.720087E-01 6.325501E-03 3.201791E-01 1.804673E-01 -1.361181E+00 5.763014E-01 -1.388243E-01 9.646873E-01 2.622434E-02 1.274797E-03 4.591838E+00 9.748860E+00 
1.735182E-01 5.293454E-03 3.510594E-01 1.787598E-01 -1.394153E+00 5.900929E-01 -1.135893E-01 9.468852E-01 2.726814E-02 7.206049E-04 4.193078E+00 8.617463E+00 
1.651314E-01 6.427326E-03 3.453107E-01 1.766689E-01 -1.581834E+00 5.968117E-01 -1.273947E-01 1.007351E+00 2.663754E-02 1.053073E-03 4.242170E+00 8.862707E+00 
1.814591E-01 5.530328E-03 3.350503E-01 1.807278E-01 -1.430102E+00 5.902675E-01 -1.379112E-01 9.336238E-01 2.749686E-02 8.862862E-04 4.056227E+00 8.538101E+00 
1.920686E-01 5.979376E-03 3.352275E-01 1.814621E-01 -1.425998E+00 5.896956E-01 -1.740383E-01 9.579175E-01 3.054264E-02 1.545473E-03 4.250019E+00 8.903056E+00 
1.675078E-01 5.099599E-03 3.398793E-01 1.791622E-01 -1.428313E+00 5.860442E-01 -1.352054E-01 9.197151E-01 2.717398E-02 1.261944E-03 4.037197E+00 8.793850E+00 
1.817775E-01 5.393576E-03 3.423363E-01 1.772392E-01 -1.445614E+00 5.924529E-01 -1.422260E-01 9.363078E-01 2.742979E-02 3.909009E-04 4.334686E+00 8.835210E+00 
1.822206E-01 9.539884E-03 3.463413E-01 1.741831E-01 -1.464181E+00 5.623851E-01 -1.412047E-01 9.016084E-01 2.693137E-02 2.941165E-03 4.288104E+00 8.935100E+00 
9.915798E-02 2.272868E-02 3.609176E-01 1.524140E-01 -1.362795E+00 4.421533E-01 -1.028450E-01 2.605476E-01 3.100258E-02 4.279488E-03 3.980671E+00 1.195894E+01 
1.698951E-01 6.261481E-03 3.431261E-01 1.856711E-01 -1.365472E+00 5.943185E-01 -1.309136E-01 9.803031E-01 2.812211E-02 1.204337E-03 4.346365E+00 8.042445E+00 
1.729072E-01 4.087991E-03 3.484554E-01 1.823598E-01 -1.232409E+00 5.963549E-01 -1.476753E-01 8.940694E-01 2.613672E-02 1.051441E-03 4.109382E+00 8.138836E+00 
1.657875E-01 4.870255E-03 3.342502E-01 1.777585E-01 -1.432644E+00 5.882263E-01 -1.391974E-01 1.014367E+00 2.743257E-02 7.302764E-04 4.217281E+00 8.664373E+00 
1.619601E-01 7.012194E-03 3.498123E-01 1.730046E-01 -1.429659E+00 5.851618E-01 -1.596920E-01 8.778603E-01 2.752459E-02 8.077054E-04 3.910130E+00 1.010762E+01 
1.784136E-01 6.988422E-03 3.441184E-01 1.815033E-01 -1.461531E+00 5.851828E-01 -1.723679E-01 9.589092E-01 2.691039E-02 1.014983E-03 4.243639E+00 8.765587E+00 
1.725764E-01 4.823660E-03 3.486502E-01 1.770770E-01 -1.494284E+00 5.944965E-01 -1.789661E-01 9.714591E-01 2.690807E-02 2.706509E-04 4.146737E+00 9.191432E+00 
1.862257E-01 5.659222E-03 3.417093E-01 1.773458E-01 -1.478168E+00 5.925710E-01 -1.528615E-01 9.873262E-01 2.839551E-02 7.249657E-04 4.536613E+00 8.526628E+00 
1.727303E-01 4.471639E-03 3.193483E-01 1.790139E-01 -1.301353E+00 5.842007E-01 -1.346533E-01 9.480194E-01 2.673201E-02 9.370709E-04 4.327142E+00 9.230073E+00 
2.000000E-01 3.112729E-02 3.426535E-01 1.761807E-01 -1.337185E+00 6.000000E-01 -1.362937E-01 9.575146E-01 2.496436E-02 9.658425E-04 4.395998E+00 9.297553E+00 
1.828332E-01 6.283669E-03 3.252403E-01 1.788404E-01 -1.398917E+00 5.754273E-01 -1.428502E-01 9.240305E-01 2.700045E-02 8.034119E-04 4.288505E+00 9.059998E+00 
1.543616E-01 6.078295E-03 3.413325E-01 1.729061E-01 -1.505240E+00 5.950939E-01 -1.319939E-01 1.018518E+00 3.049816E-02 1.705367E-03 4.273915E+00 9.043369E+00 
1.788190E-01 6.896110E-03 3.354747E-01 1.790256E-01 -1.354352E+00 5.902947E-01 -1.227085E-01 9.732050E-01 2.851989E-02 1.650183E-03 4.152359E+00 8.565422E+00 
1.596027E-01 2.612226E-02 3.378036E-01 1.766135E-01 -1.246208E+00 6.000000E-01 -1.831848E-01 9.307717E-01 2.707869E-02 1.239197E-03 4.238137E+00 7.848866E+00 
1.560851E-01 5.496600E-03 3.140557E-01 1.705232E-01 -1.271774E+00 5.727170E-01 -1.477362E-01 1.022215E+00 2.878465E-02 1.106430E-03 4.137778E+00 9.030077E+00 
1.685369E-01 1.583961E-02 3.574772E-01 1.767970E-01 -1.460944E+00 5.420022E-01 -1.704511E-01 9.935424E-01 2.986808E-02 2.037488E-03 4.542102E+00 1.021923E+01 
1.718286E-01 6.576794E-03 3.699193E-01 1.728281E-01 -1.438685E+00 5.982383E-01 -1.381095E-01 9.843089E-01 2.950752E-02 3.648866E-03 4.441161E+00 9.504433E+00 
1.698918E-01 6.263627E-03 3.442860E-01 1.790652E-01 -1.424616E+00 5.841744E-01 -1.106216E-01 9.742006E-01 3.113436E-02 7.113599E-04 3.764926E+00 8.953332E+00 
1.943614E-01 4.691192E-03 3.112459E-01 1.808270E-01 -1.381090E+00 5.970230E-01 -1.393789E-01 9.058509E-01 3.027431E-02 1.011903E-03 4.842581E+00 8.580154E+00 
1.738774E-01 5.704279E-03 3.526775E-01 1.766345E-01 -1.492451E+00 5.917120E-01 -1.348501E-01 8.820563E-01 2.882806E-02 1.488528E-03 4.220205E+00 9.071252E+00 
1.969040E-01 4.364286E-03 3.190522E-01 1.854458E-01 -1.337443E+00 5.932768E-01 -1.609363E-01 9.517207E-01 2.935543E-02 8.091707E-04 4.261407E+00 9.997977E+00 
1.877349E-01 8.780095E-03 3.436908E-01 1.841042E-01 -1.492057E+00 6.000000E-01 -1.964263E-01 1.014652E+00 2.625672E-02 3.122863E-03 4.328943E+00 8.020160E+00 
1.723589E-01 4.870245E-03 3.433214E-01 1.831928E-01 -1.384785E+00 5.950620E-01 -1.255923E-01 8.976760E-01 2.628044E-02 6.597457E-04 4.209463E+00 8.416690E+00 
1.750201E-01 5.785922E-03 3.219481E-01 1.871160E-01 -1.465200E+00 5.749821E-01 -1.296433E-01 9.489609E-01 2.988493E-02 1.612849E-03 4.115130E+00 8.711014E+00 
1.743955E-01 2.041716E-03 3.441103E-01 1.721760E-01 -1.412516E+00 5.884938E-01 -1.523818E-01 8.942371E-01 2.905066E-02 1.762292E-03 4.386382E+00 8.965993E+00 
1.783556E-01 5.436161E-03 3.381086E-01 1.749758E-01 -1.406902E+00 5.850378E-01 -1.781669E-01 9.553019E-01 2.671618E-02 6.785251E-04 4.004423E+00 8.923982E+00 
1.852869E-01 5.052669E-03 3.068329E-01 1.811259E-01 -1.404549E+00 5.402443E-01 -1.221383E-01 9.353057E-01 2.761916E-02 4.964856E-04 4.095022E+00 9.357679E+00 
1.721093E-01 5.148678E-03 3.168788E-01 1.790408E-01 -1.345779E+00 5.884761E-01 -1.391033E-01 9.436169E-01 2.717509E-02 9.783243E-04 4.216354E+00 8.184663E+00 
1.730217E-01 5.605515E-03 3.665275E-01 1.762111E-01 -1.475020E+00 5.804945E-01 -1.434525E-01 9.649612E-01 2.736153E-02 1.054902E-03 4.186996E+00 9.077654E+00 
1.818525E-01 1.311891E-02 3.444863E-01 1.896940E-01 -1.424237E+00 5.635434E-01 -9.775253E-02 8.061307E-01 2.741206E-02 1.308144E-03 4.084179E+00 9.253922E+00 
1.694981E-01 4.901337E-03 3.469538E-01 1.700313E-01 -1.346872E+00 5.797621E-01 -1.465772E-01 8.920910E-01 2.873297E-02 1.091764E-03 4.412978E+00 8.273106E+00 
1.764530E-01 4.960835E-03 3.270744E-01 1.785695E-01 -1.452175E+00 5.941894E-01 -1.359024E-01 9.527337E-01 2.730295E-02 8.603581E-04 4.429307E+00 8.779160E+00 
1.705295E-01 7.821760E-03 3.497931E-01 1.703985E-01 -1.363777E+00 5.843250E-01 -1.520538E-01 9.483037E-01 2.823479E-02 1.588690E-03 4.256582E+00 9.244631E+00 
1.747015E-01 5.244441E-03 3.273932E-01 1.784806E-01 -1.337938E+00 5.844531E-01 -1.540685E-01 9.566722E-01 3.117415E-02 5.217908E-04 4.131836E+00 8.412388E+00 
1.544944E-01 5.543774E-03 3.286667E-01 1.809620E-01 -1.448320E+00 5.956081E-01 -8.402500E-02 9.529759E-01 2.629208E-02 1.324674E-03 4.048299E+00 8.335638E+00 
1.755621E-01 2.121831E-02 3.407241E-01 1.709009E-01 -1.387922E+00 5.687995E-01 -1.303521E-01 9.422459E-01 2.766098E-02 0.000000E+00 4.065035E+00 8.643895E+00 
1.741058E-01 6.725871E-03 3.538397E-01 1.887046E-01 -1.395010E+00 5.923428E-01 -1.489432E-01 9.378905E-01 2.774077E-02 9.080900E-04 4.470881E+00 8.615370E+00 
1.874691E-01 5.732681E-03 3.280244E-01 1.812244E-01 -1.450974E+00 5.999697E-01 -1.488598E-01 9.967831E-01 3.002542E-02 8.628416E-04 4.857758E+00 8.550066E+00 
1.567826E-01 5.006907E-03 3.480278E-01 1.771072E-01 -1.460382E+00 5.799721E-01 -1.166453E-01 1.004874E+00 2.792249E-02 7.476024E-04 4.107824E+00 8.790954E+00 
1.723991E-01 6.701945E-03 3.493277E-01 1.731079E-01 -1.300000E+00 5.846342E-01 -1.391348E-01 9.191130E-01 3.160253E-02 1.302540E-03 4.123080E+00 8.601713E+00 
1.689974E-01 5.072268E-03 3.634632E-01 1.796262E-01 -1.485428E+00 5.939637E-01 -1.446651E-01 9.457469E-01 2.782833E-02 1.860367E-03 4.341345E+00 9.258963E+00 
1.824076E-01 7.983326E-03 3.393647E-01 1.792923E-01 -1.347452E+00 5.889529E-01 -2.000000E-01 9.931372E-01 2.685971E-02 1.255259E-03 4.167939E+00 8.990316E+00 
1.742857E-01 6.385957E-03 3.225358E-01 1.764437E-01 -1.422265E+00 5.805785E-01 -1.210970E-01 9.735062E-01 2.861080E-02 9.822276E-04 4.077528E+00 9.535662E+00 
1.750122E-01 4.622269E-03 3.297623E-01 1.747343E-01 -1.438817E+00 5.987565E-01 -1.808747E-01 9.766602E-01 2.752381E-02 9.201908E-04 4.191913E+00 9.052919E+00 
1.764392E-01 3.664275E-03 3.450462E-01 1.803887E-01 -1.529361E+00 5.869443E-01 -1.308633E-01 9.430619E-01 2.663803E-02 1.064804E-03 4.514623E+00 9.912350E+00 
1.661740E-01 1.208694E-02 3.401176E-01 1.860231E-01 -1.471107E+00 5.742791E-01 -1.416748E-01 9.389352E-01 3.014460E-02 2.941014E-04 3.956110E+00 8.794828E+00 
1.506419E-01 5.811517E-03 3.353000E-01 1.794009E-01 -1.388618E+00 5.883672E-01 -1.285071E-01 9.223385E-01 2.751789E-02 7.937513E-04 4.111459E+00 8.305368E+00 
1.269020E-01 5.429582E-03 3.652227E-01 1.736820E-01 -1.383992E+00 5.968234E-01 -1.317032E-01 8.679004E-01 2.872190E-02 4.944005E-04 4.063219E+00 8.468478E+00 
1.754436E-01 7.370525E-03 3.301151E-01 1.800047E-01 -1.435281E+00 5.845325E-01 -1.224781E-01 1.024564E+00 2.966248E-02 8.003073E-04 4.301989E+00 9.463840E+00 
1.790917E-01 6.448352E-03 3.432038E-01 1.773193E-01 -1.457804E+00 5.937607E-01 -1.660172E-01 9.300568E-01 2.450082E-02 1.270674E-03 4.018372E+00 8.435951E+00 
1.820587E-01 6.778709E-03 3.567288E-01 1.792680E-01 -1.419162E+00 5.901920E-01 -1.454841E-01 9.274705E-01 2.895256E-02 1.546528E-03 3.983385E+00 1.034045E+01 
1.671152E-01 5.374982E-03 3.240228E-01 1.705958E-01 -1.338374E+00 5.848134E-01 -8.747043E-02 9.702184E-01 2.879012E-02 6.669463E-04 3.807897E+00 8.472777E+00 
1.876149E-01 4.476122E-03 3.290859E-01 1.745027E-01 -1.483572E+00 5.910143E-01 -1.785110E-01 9.833241E-01 2.719723E-02 1.395679E-03 4.335462E+00 8.655270E+00 
1.675184E-01 6.212462E-03 3.263058E-01 1.786766E-01 -1.415758E+00 5.725174E-01 -2.000000E-01 9.930790E-01 2.632163E-02 7.976775E-04 4.096752E+00 8.460185E+00 
1.398106E-01 3.696868E-03 3.347666E-01 1.739087E-01 -1.458836E+00 4.977940E-01 -1.237068E-01 9.761177E-01 3.208631E-02 9.455431E-04 4.959638E+00 9.015597E+00 
1.739022E-01 7.074926E-03 3.259176E-01 1.792274E-01 -1.368805E+00 5.862610E-01 -1.400839E-01 1.026729E+00 2.766269E-02 7.762395E-04 4.103730E+00 8.608186E+00 
1.691341E-01 5.098922E-03 3.359055E-01 1.737433E-01 -1.360152E+00 5.617013E-01 -1.628294E-01 8.786187E-01 3.003441E-02 6.656465E-04 3.725689E+00 8.941442E+00 
1.673647E-01 3.874371E-03 3.423681E-01 1.750202E-01 -1.485972E+00 5.814929E-01 -9.464789E-02 9.210037E-01 2.478177E-02 8.530818E-04 4.126408E+00 9.622721E+00 
1.631532E-01 5.565750E-03 3.331448E-01 1.776451E-01 -1.400885E+00 5.850603E-01 -1.322012E-01 1.068189E+00 2.580867E-02 4.049357E-04 3.836658E+00 9.298878E+00 
1.739498E-01 3.300426E-03 3.443577E-01 1.803636E-01 -1.332160E+00 5.819236E-01 -1.305578E-01 9.746585E-01 2.735111E-02 5.834798E-04 4.001020E+00 8.355991E+00 
1.688444E-01 2.843986E-03 3.276771E-01 1.775132E-01 -1.196594E+00 5.915069E-01 -1.225769E-01 1.124933E+00 2.851597E-02 1.313027E-03 4.264351E+00 9.746416E+00 
1.732129E-01 4.785019E-03 3.366261E-01 1.715138E-01 -1.470219E+00 5.953327E-01 -1.584007E-01 9.355656E-01 2.903173E-02 4.947975E-04 4.203857E+00 9.197925E+00 
1.816397E-01 5.780826E-03 3.306819E-01 1.874612E-01 -1.323143E+00 5.862238E-01 -1.527260E-01 8.673865E-01 2.627832E-02 8.595357E-04 4.000899E+00 8.521265E+00 
1.744917E-01 6.557980E-03 3.466763E-01 1.808877E-01 -1.376494E+00 5.920788E-01 -1.673169E-01 8.968317E-01 2.560233E-02 1.274289E-03 3.993906E+00 9.580366E+00 
1.655475E-01 2.739013E-03 3.335299E-01 1.676263E-01 -1.348334E+00 5.730800E-01 -1.575283E-01 1.010142E+00 2.830885E-02 1.708232E-03 3.845399E+00 8.866104E+00 
1.670779E-01 6.362300E-03 3.506013E-01 1.789298E-01 -1.376107E+00 5.946669E-01 -1.796192E-01 9.742807E-01 2.854543E-02 1.517737E-03 3.624913E+00 8.880627E+00 
1.779047E-01 8.025704E-03 3.340154E-01 1.761595E-01 -1.478985E+00 5.805385E-01 -1.345118E-01 9.562841E-01 2.767201E-02 7.166814E-04 4.169290E+00 8.128227E+00 
1.545099E-01 1.754665E-02 3.271067E-01 1.800834E-01 -1.365764E+00 6.000000E-01 -1.556815E-01 9.722372E-01 3.116977E-02 1.853256E-03 3.911880E+00 6.841170E+00 
1.724614E-01 3.419294E-03 3.468310E-01 1.812777E-01 -1.469992E+00 5.890137E-01 -1.647612E-01 9.270165E-01 2.731079E-02 2.472437E-04 4.407339E+00 8.863567E+00 
1.669218E-01 4.323261E-03 3.521442E-01 1.826617E-01 -1.483552E+00 5.878941E-01 -1.293302E-01 9.233174E-01 2.701984E-02 1.010580E-03 4.031872E+00 9.389756E+00 
1.793832E-01 7.802108E-03 3.443097E-01 1.799956E-01 -1.343249E+00 5.839370E-01 -1.754321E-01 9.552474E-01 2.922630E-02 6.834315E-04 4.248646E+00 8.818806E+00 
1.755886E-01 3.544180E-03 3.267868E-01 1.766432E-01 -1.378182E+00 5.792605E-01 -1.556026E-01 8.733516E-01 2.807175E-02 1.382336E-03 3.730661E+00 8.269347E+00 
1.737654E-01 7.148469E-03 3.385032E-01 1.792635E-01 -1.445340E+00 5.889921E-01 -1.274688E-01 9.590916E-01 2.774893E-02 5.779114E-04 4.053464E+00 8.203544E+00 
1.840307E-01 3.555567E-03 3.466254E-01 1.781141E-01 -1.299843E+00 5.900972E-01 -1.783572E-01 9.590852E-01 2.635903E-02 2.805334E-04 3.966250E+00 8.305710E+00 
1.432179E-01 1.264397E-02 3.303635E-01 1.693225E-01 -1.315120E+00 5.459243E-01 -1.611743E-01 9.635735E-01 2.894978E-02 1.314844E-03 3.852207E+00 8.925482E+00 
1.671917E-01 5.134520E-03 3.179120E-01 1.808557E-01 -1.301961E+00 5.847003E-01 -1.250478E-01 9.723530E-01 2.766148E-02 1.288762E-03 3.967250E+00 9.392595E+00 
1.735559E-01 6.786158E-03 3.321226E-01 1.818059E-01 -1.352325E+00 5.822563E-01 -1.364971E-01 1.009549E+00 2.811589E-02 1.134822E-03 4.161521E+00 8.731344E+00 
1.699467E-01 6.842629E-03 3.383813E-01 1.832990E-01 -1.453324E+00 5.827595E-01 -1.464575E-01 9.058765E-01 2.670924E-02 7.558332E-04 4.261066E+00 7.977134E+00 
1.412609E-01 5.730006E-03 3.460231E-01 1.810473E-01 -1.420556E+00 5.801987E-01 -1.193071E-01 9.853797E-01 2.963331E-02 9.097117E-04 4.056520E+00 8.840860E+00 
1.791836E-01 5.722488E-03 3.314618E-01 1.790001E-01 -1.482836E+00 5.881577E-01 -1.244268E-01 9.653882E-01 2.996249E-02 3.758748E-04 3.924684E+00 9.054943E+00 
1.600919E-01 4.260671E-03 3.430612E-01 1.763311E-01 -1.427428E+00 5.894740E-01 -1.341680E-01 9.242612E-01 2.837411E-02 1.065144E-03 4.425249E+00 8.646396E+00 
1.696759E-01 4.972405E-03 3.326597E-01 1.822260E-01 -1.516497E+00 5.967277E-01 -1.252440E-01 9.987770E-01 2.790607E-02 6.847093E-04 4.028059E+00 9.647917E+00 
1.772759E-01 3.366877E-03 3.284631E-01 1.761577E-01 -1.388515E+00 5.908537E-01 -1.492639E-01 9.800901E-01 2.670341E-02 6.032685E-04 4.258744E+00 9.568491E+00 
1.567239E-01 6.070748E-03 3.242236E-01 1.764896E-01 -1.322221E+00 5.301535E-01 -1.253290E-01 9.803106E-01 3.151361E-02 2.005663E-03 4.341286E+00 9.264299E+00 
1.635992E-01 5.827128E-03 2.919218E-01 1.813759E-01 -1.286749E+00 5.827171E-01 -1.178112E-01 9.002380E-01 2.882916E-02 8.384436E-04 4.092031E+00 8.742868E+00 
1.794962E-01 7.072628E-03 3.213563E-01 1.907096E-01 -1.410603E+00 4.975903E-01 -9.474376E-02 9.327765E-01 2.851267E-02 2.335774E-03 3.933019E+00 8.735539E+00 
1.711612E-01 5.797038E-03 3.539185E-01 1.714336E-01 -1.467047E+00 5.777385E-01 -1.848863E-01 1.091509E+00 2.955312E-02 2.019008E-03 4.209462E+00 9.930793E+00 
1.665475E-01 5.642420E-03 3.472615E-01 1.768876E-01 -1.497350E+00 5.911051E-01 -1.216928E-01 9.536588E-01 2.870936E-02 7.610184E-04 3.919518E+00 8.781182E+00 
1.661469E-01 6.625342E-03 3.332924E-01 1.812187E-01 -1.550821E+00 5.759539E-01 -1.070585E-01 9.984066E-01 2.885412E-02 2.641724E-03 4.115653E+00 8.322136E+00 
1.792544E-01 4.459962E-03 3.464714E-01 1.768127E-01 -1.178488E+00 5.950976E-01 -1.923038E-01 9.758589E-01 2.608293E-02 1.256552E-03 4.273020E+00 8.325986E+00 
1.634411E-01 5.582388E-03 3.202570E-01 1.801750E-01 -1.358461E+00 5.821416E-01 -8.549515E-02 1.013528E+00 2.916581E-02 1.060675E-03 3.411261E+00 7.636296E+00 
1.647295E-01 4.661145E-03 3.460974E-01 1.801654E-01 -1.387759E+00 5.894230E-01 -1.510157E-01 1.001014E+00 2.813559E-02 7.938667E-04 4.094882E+00 9.088672E+00 
1.526386E-01 6.674516E-03 3.274569E-01 1.781801E-01 -1.536616E+00 5.825637E-01 -1.317472E-01 9.235202E-01 2.959234E-02 5.573246E-04 4.127714E+00 8.204850E+00 
1.660909E-01 4.898858E-03 3.407748E-01 1.816118E-01 -1.437352E+00 5.799670E-01 -1.353998E-01 9.254674E-01 2.860486E-02 1.441655E-03 4.341658E+00 9.350636E+00 
1.515870E-01 5.978349E-03 3.022079E-01 1.784302E-01 -1.422736E+00 5.944528E-01 -8.289439E-02 9.056306E-01 2.765498E-02 1.257410E-03 3.990722E+00 9.035408E+00 
1.759166E-01 6.524753E-03 3.293576E-01 1.819561E-01 -1.413154E+00 5.991191E-01 -1.169600E-01 9.423246E-01 2.991580E-02 1.946504E-03 4.236710E+00 1.073830E+01 
1.657646E-01 3.495512E-03 3.547963E-01 1.764431E-01 -1.466902E+00 5.774918E-01 -1.440340E-01 9.330679E-01 2.751262E-02 2.112216E-03 4.346202E+00 7.594835E+00 
1.707251E-01 3.742096E-03 3.449458E-01 1.759475E-01 -1.505970E+00 5.778044E-01 -1.468729E-01 9.582790E-01 2.817387E-02 1.114848E-03 4.273273E+00 9.027663E+00 
1.614517E-01 6.695182E-03 3.250939E-01 1.803099E-01 -1.390342E+00 4.994129E-01 -1.146276E-01 9.314960E-01 2.985519E-02 1.273618E-03 3.652384E+00 8.695130E+00 
1.589294E-01 5.267643E-03 3.500885E-01 1.816037E-01 -1.407701E+00 5.778093E-01 -1.069319E-01 8.981413E-01 2.786018E-02 9.773846E-04 4.442256E+00 8.817013E+00 
1.734077E-01 7.375889E-03 3.204903E-01 1.797782E-01 -1.468236E+00 5.860094E-01 -1.309483E-01 9.603826E-01 2.684223E-02 1.299589E-03 4.170532E+00 8.704106E+00 
1.656567E-01 3.246590E-03 3.461992E-01 1.777558E-01 -1.374012E+00 5.761758E-01 -1.308712E-01 9.265309E-01 2.647078E-02 1.146321E-03 3.972972E+00 9.066117E+00 
1.698461E-01 3.836534E-03 3.352251E-01 1.767075E-01 -1.408158E+00 5.651078E-01 -1.348082E-01 9.635550E-01 3.137324E-02 9.309455E-04 3.966582E+00 9.117808E+00 
1.753891E-01 6.703160E-03 3.238458E-01 1.771477E-01 -1.332951E+00 5.811630E-01 -1.205373E-01 8.828093E-01 2.823520E-02 9.187797E-04 4.324166E+00 8.479586E+00 
1.795750E-01 5.070888E-03 3.318556E-01 1.818109E-01 -1.417956E+00 5.796400E-01 -1.406829E-01 1.030266E+00 2.969275E-02 9.338480E-04 4.061454E+00 8.971393E+00 
1.723814E-01 4.455383E-03 3.347640E-01 1.752808E-01 -1.444039E+00 5.897117E-01 -1.437601E-01 9.118293E-01 2.817722E-02 1.504410E-03 4.032800E+00 9.302683E+00 
1.629730E-01 5.667686E-03 3.566630E-01 1.828047E-01 -1.434910E+00 5.946406E-01 -1.386128E-01 1.055821E+00 2.569766E-02 1.063447E-03 4.059666E+00 8.445389E+00 
1.724364E-01 5.839601E-03 3.337240E-01 1.800460E-01 -1.356368E+00 5.852694E-01 -1.523428E-01 9.094863E-01 2.887585E-02 6.940124E-05 4.157492E+00 9.152418E+00 
1.594836E-01 4.847852E-03 3.383139E-01 1.789071E-01 -1.434535E+00 5.875866E-01 -1.258121E-01 8.777348E-01 2.799614E-02 5.218331E-05 3.283896E+00 9.051009E+00 
1.719872E-01 5.313063E-03 3.612438E-01 1.804229E-01 -1.441702E+00 5.994115E-01 -1.913476E-01 9.222103E-01 2.724858E-02 2.251086E-04 4.072979E+00 8.653618E+00 
1.678357E-01 4.301084E-03 3.393060E-01 1.811236E-01 -1.310300E+00 5.846830E-01 -1.050753E-01 9.797697E-01 2.886384E-02 1.027119E-03 4.224895E+00 8.941045E+00 
1.743237E-01 4.796252E-03 3.448006E-01 1.864112E-01 -1.393484E+00 5.904486E-01 -1.367366E-01 9.554938E-01 2.815143E-02 1.016270E-03 3.996605E+00 8.694486E+00 
1.831072E-01 5.925516E-03 3.397224E-01 1.823862E-01 -1.365771E+00 5.942957E-01 -1.780646E-01 9.030924E-01 2.743590E-02 1.899732E-03 4.460222E+00 9.135435E+00 
1.919325E-01 4.716405E-03 3.369700E-01 1.862592E-01 -1.425973E+00 5.988798E-01 -1.510679E-01 8.732508E-01 3.021631E-02 5.844049E-04 4.874520E+00 8.621813E+00 
1.523282E-01 6.759072E-03 3.427346E-01 1.788636E-01 -1.426919E+00 5.946689E-01 -1.332581E-01 9.652571E-01 2.955052E-02 4.939364E-04 4.133695E+00 8.417625E+00 
9.210949E-02 7.748269E-02 3.460969E-01 1.634537E-01 -1.282478E+00 3.193574E-01 -1.255868E-01 1.144091E+00 2.808511E-02 7.142912E-03 3.979478E+00 8.885590E+00 
1.792405E-01 6.450559E-03 3.400995E-01 1.791667E-01 -1.482776E+00 5.935999E-01 -1.471161E-01 9.714557E-01 2.610346E-02 1.474265E-03 4.367010E+00 9.432106E+00 
1.825843E-01 6.459017E-03 3.433493E-01 1.786382E-01 -1.458582E+00 5.972860E-01 -1.744237E-01 9.667074E-01 2.763793E-02 9.866362E-04 4.201016E+00 8.571533E+00 
1.567414E-01 4.875714E-03 3.359490E-01 1.781779E-01 -1.431998E+00 5.159222E-01 -1.195513E-01 1.003050E+00 2.890661E-02 1.375236E-03 4.185641E+00 9.098232E+00 
1.638935E-01 4.146150E-03 3.432971E-01 1.792605E-01 -1.460191E+00 5.867059E-01 -1.398528E-01 1.002877E+00 2.732496E-02 1.374656E-03 4.164053E+00 9.459279E+00 
1.473115E-01 5.670701E-03 3.233299E-01 1.782303E-01 -1.426231E+00 5.598488E-01 -7.529357E-02 8.634484E-01 2.824023E-02 3.449108E-04 4.125595E+00 9.467022E+00 
1.203717E-01 9.217221E-03 3.451411E-01 1.681631E-01 -1.492808E+00 5.912161E-01 -1.743074E-01 9.525479E-01 2.717628E-02 7.663737E-04 4.334411E+00 9.043862E+00 
1.741789E-01 5.486589E-03 3.558999E-01 1.864865E-01 -1.343524E+00 5.801651E-01 -1.397449E-01 9.497335E-01 2.753810E-02 8.589030E-04 3.846721E+00 9.234262E+00 
1.800690E-01 7.542496E-03 3.534678E-01 1.670916E-01 -1.459442E+00 5.917870E-01 -2.000000E-01 9.230550E-01 2.905633E-02 1.375568E-04 3.980798E+00 9.428915E+00 
1.862003E-01 7.006584E-03 3.290738E-01 1.762388E-01 -1.351160E+00 5.958878E-01 -1.859329E-01 8.910577E-01 2.703667E-02 4.833271E-04 4.275569E+00 8.759203E+00 
1.685776E-01 5.000530E-03 3.640585E-01 1.804185E-01 -1.652926E+00 6.000000E-01 -1.406148E-01 8.912602E-01 2.699067E-02 8.437658E-04 4.781510E+00 9.273083E+00 
1.688220E-01 4.939717E-03 3.428322E-01 1.775752E-01 -1.391749E+00 6.000000E-01 -1.578797E-01 9.849403E-01 2.703885E-02 1.614162E-04 4.073606E+00 8.790860E+00 
1.948326E-01 5.323452E-03 3.521000E-01 1.754088E-01 -1.376321E+00 5.698042E-01 -1.553317E-01 1.005680E+00 2.689691E-02 1.285177E-03 4.252298E+00 8.784118E+00 
1.854508E-01 5.818970E-03 3.255516E-01 1.777278E-01 -1.431016E+00 5.869261E-01 -1.396934E-01 9.688588E-01 2.921510E-02 1.159323E-03 4.142902E+00 8.749542E+00 
1.782827E-01 5.072383E-03 3.355867E-01 1.822593E-01 -1.284946E+00 5.715038E-01 -1.187036E-01 9.220688E-01 2.754040E-02 1.362055E-03 4.382156E+00 8.962463E+00 
1.809762E-01 3.632399E-03 3.777256E-01 1.845153E-01 -1.435244E+00 5.814057E-01 -1.327012E-01 8.675089E-01 2.836054E-02 4.709774E-04 4.218549E+00 9.541030E+00 
1.741170E-01 5.122045E-03 3.342268E-01 1.758933E-01 -1.398586E+00 5.921590E-01 -1.730027E-01 9.568448E-01 2.710259E-02 6.167068E-04 4.151581E+00 9.174354E+00 
1.831647E-01 5.983586E-03 3.546556E-01 1.738151E-01 -1.262305E+00 5.859473E-01 -1.980027E-01 9.838112E-01 2.871279E-02 1.692505E-03 4.090632E+00 9.067830E+00 
1.896569E-01 3.842248E-03 3.174626E-01 1.792455E-01 -1.434442E+00 5.850589E-01 -1.257853E-01 9.672812E-01 3.011184E-02 7.376075E-04 4.172914E+00 8.245324E+00 
1.656558E-01 6.215980E-03 3.428194E-01 1.740790E-01 -1.464148E+00 5.757358E-01 -1.150642E-01 9.375165E-01 2.830196E-02 6.146242E-04 4.192060E+00 8.728637E+00 
1.732993E-01 6.168557E-03 3.406407E-01 1.792790E-01 -1.463161E+00 5.901302E-01 -1.817565E-01 8.495471E-01 2.799163E-02 8.277611E-04 4.098649E+00 7.534548E+00 
1.733677E-01 5.397233E-03 3.277119E-01 1.762078E-01 -1.348772E+00 5.794468E-01 -1.791857E-01 9.899440E-01 2.727349E-02 1.067784E-03 4.003951E+00 8.743782E+00 
1.573171E-01 7.812884E-03 3.512452E-01 1.813145E-01 -1.370097E+00 5.876893E-01 -1.583315E-01 9.557710E-01 2.789410E-02 1.656962E-03 4.190466E+00 8.002797E+00 
1.752756E-01 3.585365E-03 3.456119E-01 1.819246E-01 -1.448901E+00 5.747582E-01 -1.635724E-01 1.162916E+00 2.800382E-02 1.578177E-03 4.262444E+00 8.538823E+00 
1.715614E-01 1.621690E-02 3.485286E-01 1.763775E-01 -1.471801E+00 5.797370E-01 -1.647340E-01 1.009122E+00 2.835294E-02 2.824150E-03 4.273898E+00 8.794892E+00 
1.739733E-01 4.351040E-03 3.374636E-01 1.748222E-01 -1.348683E+00 5.839438E-01 -1.342904E-01 9.775252E-01 2.755254E-02 1.187047E-03 4.282908E+00 8.924819E+00 
1.715205E-01 4.409713E-03 3.462041E-01 1.794692E-01 -1.410763E+00 5.776771E-01 -1.218866E-01 9.474877E-01 2.777805E-02 1.432724E-03 4.037446E+00 8.316708E+00 
1.746787E-01 5.568781E-03 3.270519E-01 1.834237E-01 -1.350152E+00 5.895306E-01 -1.245938E-01 9.655475E-01 2.858591E-02 6.462240E-04 3.973067E+00 9.219188E+00 
1.758300E-01 7.304127E-03 3.385089E-01 1.787800E-01 -1.385248E+00 5.864025E-01 -1.670804E-01 9.492277E-01 2.696904E-02 8.861220E-04 4.097638E+00 8.390981E+00 
1.544712E-01 4.368531E-03 3.064529E-01 1.772175E-01 -1.427145E+00 5.781308E-01 -1.407549E-01 1.058841E+00 2.816796E-02 1.207151E-03 4.098478E+00 8.933459E+00 
1.893511E-01 3.433827E-03 3.213393E-01 1.800576E-01 -1.435743E+00 5.837422E-01 -1.802031E-01 9.595300E-01 2.758491E-02 9.037827E-04 4.470868E+00 8.491598E+00 
1.620601E-01 5.665958E-03 3.323761E-01 1.777276E-01 -1.445786E+00 5.618845E-01 -1.337497E-01 9.676192E-01 2.772275E-02 1.749133E-03 4.145210E+00 9.199879E+00 
1.750735E-01 4.329224E-03 3.375102E-01 1.789604E-01 -1.571741E+00 5.830439E-01 -1.165467E-01 9.704567E-01 2.734525E-02 5.060146E-04 4.264672E+00 9.333885E+00 
1.462718E-01 4.158494E-03 3.471336E-01 1.786540E-01 -1.317987E+00 5.965452E-01 -1.228465E-01 9.713825E-01 2.814874E-02 2.417144E-03 3.433211E+00 8.526578E+00 
1.677387E-01 5.707068E-03 3.499850E-01 1.794056E-01 -1.384011E+00 5.907488E-01 -1.021214E-01 9.647040E-01 2.738661E-02 9.516405E-04 4.432113E+00 9.132557E+00 
1.815697E-01 5.793259E-03 3.400889E-01 1.768269E-01 -1.429272E+00 5.841532E-01 -1.421779E-01 9.604270E-01 2.832558E-02 3.295053E-04 4.194876E+00 8.329340E+00 
1.836784E-01 6.686324E-03 3.421497E-01 1.757905E-01 -1.398306E+00 5.919576E-01 -1.885204E-01 9.428241E-01 2.735814E-02 1.575502E-04 4.277971E+00 9.044329E+00 
1.638911E-01 5.325147E-03 3.519893E-01 1.760269E-01 -1.412518E+00 5.884288E-01 -1.673709E-01 9.683510E-01 2.754026E-02 1.634798E-03 4.010624E+00 8.699601E+00 
1.659156E-01 5.759846E-03 3.284327E-01 1.825831E-01 -1.368358E+00 5.881142E-01 -1.033172E-01 9.566749E-01 2.876260E-02 0.000000E+00 4.251289E+00 8.891472E+00 
1.853245E-01 4.024790E-03 3.443611E-01 1.776770E-01 -1.419958E+00 5.912334E-01 -1.987851E-01 9.881934E-01 2.684863E-02 1.072377E-03 4.228318E+00 9.003543E+00 
1.821086E-01 6.559114E-03 3.383729E-01 1.817149E-01 -1.508919E+00 5.909630E-01 -1.438762E-01 9.390708E-01 2.628304E-02 1.052164E-03 4.112844E+00 8.992679E+00 
1.371016E-01 9.664821E-03 3.387445E-01 1.823351E-01 -1.387854E+00 5.641987E-01 -1.360092E-01 9.783528E-01 2.864049E-02 1.290831E-03 4.247210E+00 7.855624E+00 
1.706306E-01 5.931288E-03 3.654584E-01 1.771983E-01 -1.472471E+00 5.807912E-01 -1.253762E-01 9.401645E-01 2.458541E-02 7.490667E-04 4.017023E+00 9.233652E+00 
1.856037E-01 5.370483E-03 3.419296E-01 1.721045E-01 -1.510127E+00 5.865700E-01 -1.678088E-01 8.791114E-01 2.635704E-02 1.325910E-03 3.942468E+00 9.415190E+00 
1.774740E-01 5.633915E-03 3.487356E-01 1.808991E-01 -1.424377E+00 5.891758E-01 -1.681072E-01 9.841285E-01 2.682207E-02 8.740453E-04 3.959125E+00 9.182487E+00 
1.804894E-01 5.952485E-03 3.347261E-01 1.804480E-01 -1.294416E+00 5.818202E-01 -1.418591E-01 9.988051E-01 2.830587E-02 1.076467E-03 4.203790E+00 7.890254E+00 
1.575416E-01 5.759237E-03 3.314557E-01 1.805936E-01 -1.358863E+00 5.889385E-01 -1.824905E-01 9.460855E-01 2.827809E-02 1.150923E-03 4.430169E+00 8.880510E+00 
1.670205E-01 5.391623E-03 3.619178E-01 1.680830E-01 -1.411794E+00 5.782484E-01 -1.500898E-01 9.187913E-01 2.745241E-02 1.531037E-03 4.648207E+00 1.060814E+01 
1.645474E-01 8.325978E-03 3.368748E-01 1.787014E-01 -1.323687E+00 5.835043E-01 -1.281858E-01 9.455135E-01 2.894892E-02 2.483299E-03 4.206906E+00 9.262422E+00 
1.444927E-01 3.032848E-02 3.405578E-01 1.649729E-01 -1.263354E+00 5.777220E-01 -7.684413E-02 9.754700E-01 2.880427E-02 1.675261E-03 3.862873E+00 8.469936E+00 
1.722941E-01 5.223751E-03 3.376717E-01 1.796349E-01 -1.375819E+00 5.824330E-01 -1.341663E-01 9.361909E-01 2.817163E-02 1.013394E-03 4.085424E+00 9.162831E+00 
1.594398E-01 6.966132E-03 3.394514E-01 1.829666E-01 -1.487744E+00 5.831905E-01 -1.220720E-01 9.238798E-01 2.702373E-02 2.375085E-03 4.306959E+00 8.920195E+00 
1.927393E-01 5.261851E-03 3.390371E-01 1.748044E-01 -1.314511E+00 5.827259E-01 -1.529419E-01 9.489101E-01 3.078123E-02 4.672836E-04 4.514323E+00 8.305316E+00 
1.650197E-01 4.052302E-03 3.421869E-01 1.811498E-01 -1.442710E+00 5.796668E-01 -1.292464E-01 9.497660E-01 2.815436E-02 2.309108E-03 4.145467E+00 9.380308E+00 
1.408584E-01 4.907625E-03 3.411275E-01 1.734439E-01 -1.386502E+00 5.948632E-01 -8.087197E-02 9.883964E-01 3.030574E-02 1.390534E-03 4.135255E+00 9.747971E+00 
1.599319E-01 7.448631E-03 3.173624E-01 1.820426E-01 -1.561286E+00 5.916385E-01 -1.539305E-01 9.609729E-01 2.896940E-02 7.182339E-04 3.736782E+00 8.339414E+00 
1.632430E-01 4.825914E-03 3.247682E-01 1.822639E-01 -1.413568E+00 5.969098E-01 -1.041928E-01 9.399679E-01 2.856362E-02 0.000000E+00 4.213031E+00 8.171969E+00 
1.659027E-01 6.940550E-03 3.475337E-01 1.751936E-01 -1.404386E+00 5.917672E-01 -1.739052E-01 9.717481E-01 2.830561E-02 2.018022E-03 4.405021E+00 1.019956E+01 
1.681638E-01 4.148275E-03 3.141714E-01 1.788811E-01 -1.295805E+00 5.769394E-01 -1.003026E-01 9.699636E-01 2.783104E-02 1.247134E-03 4.264866E+00 8.930974E+00 
1.583889E-01 7.567377E-03 3.547588E-01 1.771806E-01 -1.496715E+00 5.803213E-01 -1.468835E-01 9.773681E-01 2.910553E-02 1.015405E-03 4.093673E+00 9.009127E+00 
1.582837E-01 4.328866E-03 3.272722E-01 1.772935E-01 -1.511590E+00 5.895976E-01 -1.603459E-01 9.742972E-01 2.923262E-02 8.977286E-05 4.094833E+00 8.182254E+00 
1.709297E-01 5.901856E-03 3.333190E-01 1.778717E-01 -1.374394E+00 5.797669E-01 -1.436145E-01 9.994904E-01 2.769067E-02 9.207978E-04 4.030232E+00 8.764043E+00 
1.799064E-01 3.552534E-03 3.383135E-01 1.799498E-01 -1.327705E+00 5.839223E-01 -1.482070E-01 9.826056E-01 2.868668E-02 1.232586E-03 4.168656E+00 8.411512E+00 
1.791025E-01 9.967514E-03 3.458189E-01 1.801829E-01 -1.416353E+00 5.769097E-01 -1.126752E-01 9.662568E-01 3.012224E-02 9.202125E-04 4.699155E+00 8.906797E+00 
1.735888E-01 4.803938E-03 3.327520E-01 1.880263E-01 -1.451988E+00 5.858434E-01 -1.363234E-01 9.913772E-01 2.879507E-02 1.442660E-03 4.052604E+00 8.839466E+00 
1.641158E-01 6.261438E-03 3.325831E-01 1.808033E-01 -1.388677E+00 5.782801E-01 -7.823911E-02 9.831138E-01 2.910282E-02 1.235496E-03 4.183410E+00 8.905233E+00 
1.775873E-01 5.089763E-03 3.066115E-01 1.780545E-01 -1.454167E+00 5.917987E-01 -1.666216E-01 9.616792E-01 2.670305E-02 3.687348E-04 3.944035E+00 8.910404E+00 
1.628433E-01 5.467196E-03 3.444784E-01 1.803881E-01 -1.330481E+00 5.794538E-01 -1.451759E-01 9.529705E-01 2.799782E-02 1.489980E-03 4.244889E+00 9.098637E+00 
1.531137E-01 5.253316E-03 3.449478E-01 1.728424E-01 -1.427824E+00 5.806238E-01 -1.032100E-01 9.573161E-01 2.791512E-02 1.110822E-03 3.842103E+00 9.348699E+00 
1.870633E-01 5.343182E-03 3.222517E-01 1.805382E-01 -1.258949E+00 5.823917E-01 -1.299230E-01 9.147484E-01 2.561193E-02 1.218521E-03 4.090044E+00 8.472088E+00 
1.724062E-01 6.758049E-03 3.254845E-01 1.791052E-01 -1.505185E+00 5.796856E-01 -1.086790E-01 9.706539E-01 2.788760E-02 1.728085E-03 4.321744E+00 9.587727E+00 
1.804128E-01 3.563891E-03 3.583772E-01 1.759036E-01 -1.361656E+00 5.862740E-01 -1.569831E-01 9.132019E-01 2.932680E-02 6.935393E-04 4.223994E+00 7.769213E+00 
1.812574E-01 6.078483E-03 3.266559E-01 1.857038E-01 -1.416152E+00 5.773767E-01 -1.418531E-01 9.416810E-01 2.685669E-02 9.524586E-04 4.147211E+00 8.902632E+00 
1.690027E-01 7.711966E-03 3.393147E-01 1.802427E-01 -1.464067E+00 5.947188E-01 -1.668597E-01 9.298252E-01 2.733931E-02 3.477357E-04 4.076218E+00 8.104827E+00 
1.815841E-01 2.608002E-03 3.592176E-01 1.743485E-01 -1.301933E+00 5.922266E-01 -1.457866E-01 9.099849E-01 2.879326E-02 1.147235E-03 4.347438E+00 9.252888E+00 
1.728768E-01 6.408961E-03 3.481029E-01 1.833881E-01 -1.404519E+00 5.901630E-01 -1.490607E-01 9.264456E-01 2.734995E-02 1.214923E-03 4.400552E+00 9.431851E+00 
1.799755E-01 5.010234E-03 3.191319E-01 1.768581E-01 -1.418742E+00 5.786154E-01 -1.286294E-01 8.968174E-01 2.997437E-02 1.245204E-03 3.942114E+00 9.259739E+00 
1.662511E-01 5.553486E-03 3.539444E-01 1.773465E-01 -1.444170E+00 5.819458E-01 -1.511058E-01 9.428808E-01 2.789014E-02 9.905563E-04 3.987179E+00 8.243823E+00 
1.631549E-01 8.505490E-03 3.307790E-01 1.789372E-01 -1.341361E+00 5.839268E-01 -1.434202E-01 9.196910E-01 2.717755E-02 7.353575E-04 4.202500E+00 8.752482E+00 
1.662521E-01 3.910037E-03 3.204718E-01 1.811349E-01 -1.427257E+00 5.803527E-01 -1.439426E-01 9.357378E-01 2.888731E-02 9.783175E-04 3.858611E+00 9.081230E+00 
1.665409E-01 3.531197E-03 3.512438E-01 1.723186E-01 -1.415981E+00 5.910432E-01 -1.277451E-01 9.401497E-01 2.674999E-02 1.470978E-03 4.383964E+00 8.622587E+00 
1.796691E-01 3.413098E-03 3.379302E-01 1.767523E-01 -1.361690E+00 5.902290E-01 -1.586611E-01 9.892098E-01 2.605061E-02 0.000000E+00 4.354071E+00 9.558940E+00 
1.747468E-01 3.691385E-03 3.529293E-01 1.771970E-01 -1.367281E+00 5.939844E-01 -1.549103E-01 9.364302E-01 2.751635E-02 7.642261E-04 4.205861E+00 8.778594E+00 
1.683666E-01 8.781356E-03 3.591167E-01 1.818330E-01 -1.425252E+00 5.927921E-01 -1.238679E-01 9.217407E-01 2.709791E-02 1.007416E-03 4.319475E+00 8.996243E+00 
1.780491E-01 6.172978E-03 3.577242E-01 1.783944E-01 -1.382959E+00 5.828879E-01 -1.521161E-01 9.979052E-01 2.711457E-02 7.819212E-04 4.208082E+00 8.929397E+00 
1.771027E-01 5.949700E-03 3.503891E-01 1.825950E-01 -1.409429E+00 5.894771E-01 -1.518934E-01 9.386048E-01 2.683997E-02 7.578273E-04 4.360371E+00 9.299424E+00 
1.711088E-01 5.140017E-03 3.477478E-01 1.807917E-01 -1.362102E+00 5.883312E-01 -1.866856E-01 1.051189E+00 2.805474E-02 3.266285E-04 4.333937E+00 8.554609E+00 
1.589140E-01 4.861786E-03 3.447417E-01 1.838341E-01 -1.390127E+00 5.873936E-01 -1.457619E-01 1.071251E+00 2.693401E-02 4.507629E-04 4.239943E+00 9.611145E+00 
1.799751E-01 7.180518E-03 3.593030E-01 1.744055E-01 -1.405248E+00 4.698516E-01 -1.437277E-01 9.448961E-01 2.886517E-02 1.015916E-03 4.615050E+00 9.105523E+00 
1.810104E-01 7.642280E-03 3.196921E-01 1.871211E-01 -1.459686E+00 5.848551E-01 -1.483424E-01 1.042069E+00 2.812541E-02 6.575190E-04 4.198773E+00 8.848898E+00 
1.747957E-01 6.805375E-03 3.336146E-01 1.827152E-01 -1.358778E+00 5.892184E-01 -1.236657E-01 9.141157E-01 2.415922E-02 5.983004E-04 4.100334E+00 8.832151E+00 
1.925164E-01 1.219336E-02 3.492302E-01 1.738273E-01 -1.462023E+00 5.591850E-01 -1.986808E-01 9.454480E-01 2.694608E-02 1.033026E-03 3.653093E+00 9.091141E+00 
1.598469E-01 5.876514E-03 3.155104E-01 1.767458E-01 -1.458419E+00 5.792268E-01 -1.288796E-01 9.627446E-01 2.900713E-02 9.865470E-04 3.746302E+00 8.976511E+00 
1.674221E-01 3.874860E-03 3.217130E-01 1.755672E-01 -1.351873E+00 5.489292E-01 -1.229348E-01 9.913610E-01 2.889276E-02 0.000000E+00 4.507741E+00 9.492947E+00 
1.654607E-01 4.131327E-03 3.364247E-01 1.748618E-01 -1.396064E+00 5.738852E-01 -1.426074E-01 9.544194E-01 2.693839E-02 3.201731E-04 4.321706E+00 9.527217E+00 
1.531931E-01 3.480059E-03 3.298354E-01 1.777783E-01 -1.340808E+00 5.899035E-01 -1.369070E-01 9.427003E-01 2.463330E-02 1.377916E-03 4.221576E+00 9.233393E+00 
1.733497E-01 5.029249E-03 3.327220E-01 1.853149E-01 -1.415304E+00 5.924607E-01 -1.564041E-01 9.220708E-01 2.874112E-02 5.578597E-04 4.400193E+00 8.975888E+00 
1.761876E-01 4.893554E-03 3.548181E-01 1.862460E-01 -1.463319E+00 5.980487E-01 -1.501739E-01 9.006416E-01 2.670031E-02 7.131690E-04 4.440800E+00 8.447487E+00 
1.734914E-01 6.134209E-03 3.159189E-01 1.829572E-01 -1.435266E+00 5.889281E-01 -1.558493E-01 9.341099E-01 2.692579E-02 8.259205E-04 4.133171E+00 8.559427E+00 
1.474182E-01 5.032629E-03 3.319065E-01 1.798311E-01 -1.386039E+00 5.762875E-01 -6.634279E-02 9.042635E-01 2.707812E-02 1.248264E-03 4.001677E+00 9.204170E+00 
1.670797E-01 4.137102E-03 3.468877E-01 1.780300E-01 -1.363992E+00 5.798949E-01 -1.546256E-01 9.575966E-01 2.784606E-02 1.219381E-03 4.324728E+00 9.196195E+00 
1.706329E-01 5.287802E-03 3.244264E-01 1.732980E-01 -1.402583E+00 5.836658E-01 -1.546133E-01 9.961108E-01 2.693987E-02 1.742438E-03 4.140629E+00 8.906698E+00 
1.793755E-01 6.263148E-03 3.284209E-01 1.857685E-01 -1.385231E+00 5.895605E-01 -1.543189E-01 9.247309E-01 2.938212E-02 7.771762E-04 4.366829E+00 7.976420E+00 
1.729198E-01 5.236883E-03 3.447707E-01 1.829659E-01 -1.493545E+00 5.870851E-01 -1.452161E-01 9.361064E-01 2.536420E-02 1.320560E-03 4.329323E+00 9.355806E+00 
1.641534E-01 3.521348E-03 3.349686E-01 1.783585E-01 -1.387332E+00 5.872714E-01 -1.548170E-01 9.300506E-01 2.850585E-02 1.033190E-03 3.791606E+00 8.981752E+00 
1.829193E-01 5.521865E-03 3.514137E-01 1.802591E-01 -1.511723E+00 5.919211E-01 -1.536511E-01 9.467681E-01 2.970093E-02 6.133611E-04 4.310787E+00 8.897710E+00 
1.842934E-01 5.321297E-03 3.426664E-01 1.827244E-01 -1.491331E+00 5.909808E-01 -1.633328E-01 8.809188E-01 2.856006E-02 8.425365E-04 4.206267E+00 9.250790E+00 
1.603125E-01 5.225145E-03 3.372227E-01 1.824686E-01 -1.393856E+00 5.810369E-01 -1.241050E-01 9.472119E-01 2.732856E-02 1.701386E-03 3.994052E+00 8.500399E+00 
1.701191E-01 2.733877E-03 3.633736E-01 1.802566E-01 -1.534769E+00 5.935498E-01 -1.447065E-01 9.363619E-01 2.384209E-02 1.369261E-03 4.262618E+00 1.022669E+01 
1.700837E-01 5.293913E-03 3.248285E-01 1.861071E-01 -1.551613E+00 5.898499E-01 -1.396901E-01 9.561617E-01 2.720317E-02 6.260570E-04 3.915281E+00 9.242806E+00 
1.679339E-01 4.514700E-03 3.348691E-01 1.818375E-01 -1.465380E+00 5.900226E-01 -8.691757E-02 9.798739E-01 2.643633E-02 1.721994E-03 4.138907E+00 8.108658E+00 
1.668155E-01 5.923692E-03 3.399522E-01 1.780718E-01 -1.377236E+00 5.911563E-01 -1.457510E-01 9.200019E-01 2.777083E-02 1.426306E-04 4.215256E+00 8.627344E+00 
1.761666E-01 5.042133E-03 3.362809E-01 1.819834E-01 -1.349869E+00 5.865922E-01 -1.140605E-01 9.598977E-01 3.121316E-02 1.051642E-03 4.123842E+00 8.902589E+00 
1.845022E-01 4.215577E-03 3.445612E-01 1.754110E-01 -1.475486E+00 5.958790E-01 -1.901466E-01 1.029753E+00 2.628614E-02 2.039998E-03 4.307398E+00 9.223036E+00 
1.850490E-01 3.930111E-03 3.442305E-01 1.862994E-01 -1.344540E+00 5.855847E-01 -9.901389E-02 1.052234E+00 2.666181E-02 7.276003E-04 4.226451E+00 8.206819E+00 
1.667776E-01 6.337354E-03 3.303830E-01 1.777939E-01 -1.357555E+00 5.845061E-01 -1.747639E-01 1.008549E+00 2.890269E-02 1.020046E-03 4.036026E+00 9.089489E+00 
1.715317E-01 5.826198E-03 3.510327E-01 1.839668E-01 -1.407941E+00 5.860195E-01 -1.334948E-01 9.038875E-01 2.786189E-02 1.137353E-03 4.190070E+00 8.475144E+00 
1.655336E-01 6.560629E-03 3.326658E-01 1.795741E-01 -1.338362E+00 5.884667E-01 -1.389694E-01 9.699882E-01 2.916018E-02 1.166820E-03 4.039831E+00 8.481330E+00 
1.754599E-01 6.085203E-03 3.406099E-01 1.805157E-01 -1.308509E+00 5.816694E-01 -1.356872E-01 9.680541E-01 2.870934E-02 5.871240E-04 4.158081E+00 8.927934E+00 
1.785703E-01 8.576098E-03 3.355214E-01 1.811939E-01 -1.389363E+00 5.783633E-01 -1.156914E-01 9.867367E-01 2.846116E-02 1.356627E-04 4.144897E+00 8.999537E+00 
1.759414E-01 4.346353E-03 3.543416E-01 1.795265E-01 -1.414398E+00 5.782681E-01 -1.527310E-01 9.497795E-01 2.916758E-02 9.389368E-04 4.059336E+00 9.777529E+00 
1.511114E-01 3.629897E-03 3.185317E-01 1.767070E-01 -1.262689E+00 5.837212E-01 -1.522432E-01 1.144413E+00 2.791460E-02 1.455018E-03 4.322588E+00 9.528898E+00 
1.635816E-01 4.879583E-03 3.428700E-01 1.798304E-01 -1.483296E+00 6.000000E-01 -1.366394E-01 9.540491E-01 2.905131E-02 1.115791E-03 4.129541E+00 8.332530E+00 
1.635312E-01 5.814892E-03 3.270674E-01 1.790208E-01 -1.505285E+00 5.813267E-01 -1.716349E-01 9.378438E-01 2.878232E-02 1.187910E-03 4.257102E+00 9.116761E+00 
1.867545E-01 1.667584E-02 3.382847E-01 1.817146E-01 -1.507851E+00 5.849281E-01 -1.474469E-01 9.205197E-01 2.722806E-02 1.321048E-03 4.310675E+00 9.112631E+00 
1.710436E-01 5.784752E-03 3.326889E-01 1.809735E-01 -1.406836E+00 5.941626E-01 -1.382503E-01 9.385620E-01 2.881843E-02 4.965070E-04 4.179204E+00 8.968447E+00 
1.852693E-01 5.613476E-03 3.412581E-01 1.751413E-01 -1.442139E+00 5.836572E-01 -1.758616E-01 9.038233E-01 2.829739E-02 5.584714E-04 4.125142E+00 9.067917E+00 
1.689663E-01 6.356658E-03 3.308298E-01 1.728713E-01 -1.337674E+00 5.805956E-01 -1.512991E-01 9.944045E-01 2.728728E-02 9.225385E-04 3.973043E+00 8.907462E+00 
1.762975E-01 6.614544E-03 3.311128E-01 1.827867E-01 -1.472238E+00 5.889549E-01 -1.317529E-01 1.018617E+00 2.968960E-02 2.195872E-03 4.028856E+00 8.960042E+00 
1.822219E-01 7.027816E-03 3.853490E-01 1.843487E-01 -1.482450E+00 5.829296E-01 -1.577083E-01 1.032924E+00 2.752115E-02 1.233421E-03 4.181272E+00 8.571120E+00 
1.784999E-01 7.248954E-03 3.425800E-01 1.832223E-01 -1.260386E+00 5.947382E-01 -1.791846E-01 8.795866E-01 2.776223E-02 1.609498E-03 4.105980E+00 8.239048E+00 
1.849931E-01 6.496914E-03 3.335917E-01 1.746749E-01 -1.297491E+00 5.819457E-01 -1.732242E-01 8.933898E-01 2.682865E-02 9.866362E-04 4.072594E+00 8.385772E+00 
1.783865E-01 4.603338E-02 3.380186E-01 1.808047E-01 -1.283891E+00 5.539429E-01 -1.275330E-01 9.899157E-01 2.889782E-02 9.296762E-04 4.235008E+00 8.079227E+00 
1.770258E-01 2.685534E-03 3.359484E-01 1.769485E-01 -1.420339E+00 5.884270E-01 -1.318148E-01 9.248916E-01 2.841570E-02 1.385816E-03 3.972654E+00 9.399015E+00 
1.735661E-01 6.209584E-03 3.374283E-01 1.724119E-01 -1.489113E+00 5.855472E-01 -1.537808E-01 9.454700E-01 2.784519E-02 1.034292E-03 4.318029E+00 7.544668E+00 
1.884122E-01 1.000000E-04 3.282635E-01 1.763455E-01 -1.436673E+00 6.000000E-01 -1.285646E-01 9.524399E-01 2.842208E-02 9.744848E-04 4.096675E+00 8.662133E+00 
1.680435E-01 5.690782E-03 3.377595E-01 1.807216E-01 -1.368791E+00 5.575604E-01 -1.343757E-01 9.308069E-01 2.708093E-02 6.243443E-04 4.106857E+00 9.670260E+00 
1.895929E-01 6.195466E-03 3.451491E-01 1.791861E-01 -1.299433E+00 5.861894E-01 -1.581302E-01 9.273616E-01 2.716656E-02 1.046156E-03 4.270833E+00 8.535541E+00 
1.684660E-01 3.592009E-03 3.272904E-01 1.776637E-01 -1.282579E+00 5.800796E-01 -1.600757E-01 9.563658E-01 2.719839E-02 1.125540E-03 3.911039E+00 8.544582E+00 
1.716583E-01 4.066903E-03 3.297705E-01 1.803224E-01 -1.402195E+00 5.891887E-01 -1.040338E-01 9.650623E-01 3.119330E-02 3.215697E-04 4.341340E+00 8.987597E+00 
1.615499E-01 6.666345E-03 3.572370E-01 1.786495E-01 -1.425934E+00 5.847909E-01 -1.272505E-01 9.655693E-01 2.739673E-02 1.105252E-03 4.087763E+00 9.220902E+00 
1.868170E-01 6.896722E-03 3.493738E-01 1.801446E-01 -1.391762E+00 5.765258E-01 -1.490117E-01 9.337754E-01 2.835306E-02 7.556199E-04 4.191671E+00 8.421988E+00 
1.775157E-01 4.927906E-03 3.508519E-01 1.788128E-01 -1.434667E+00 5.855791E-01 -1.536625E-01 8.980882E-01 2.913513E-02 9.146929E-04 3.200956E+00 8.813323E+00 
1.726948E-01 6.682956E-03 3.294986E-01 1.808732E-01 -1.383595E+00 5.873474E-01 -1.256057E-01 9.167137E-01 2.627174E-02 1.288775E-03 4.233602E+00 8.877318E+00 
1.704613E-01 5.481019E-03 3.479836E-01 1.765173E-01 -1.396003E+00 5.930520E-01 -1.502955E-01 9.393359E-01 2.642085E-02 9.727715E-04 3.981294E+00 9.006531E+00 
1.705024E-01 6.020849E-03 3.299032E-01 1.811979E-01 -1.354326E+00 5.866840E-01 -1.223149E-01 9.767887E-01 3.153193E-02 2.003494E-04 4.300772E+00 9.056259E+00 
1.755754E-01 5.916724E-03 3.134840E-01 1.767980E-01 -1.427208E+00 5.913644E-01 -1.218299E-01 9.214354E-01 2.865652E-02 4.170693E-04 4.172748E+00 8.979252E+00 
1.632593E-01 5.488699E-03 3.493646E-01 1.776885E-01 -1.465918E+00 5.876110E-01 -1.190164E-01 9.250810E-01 2.623575E-02 3.037699E-03 4.134831E+00 9.235879E+00 
1.767029E-01 2.629023E-03 3.467630E-01 1.823826E-01 -1.376726E+00 5.892527E-01 -1.403888E-01 9.986928E-01 2.742526E-02 1.285946E-03 4.142571E+00 9.090663E+00 
1.659556E-01 5.375978E-03 3.303324E-01 1.762759E-01 -1.362786E+00 5.835989E-01 -1.356684E-01 9.679058E-01 2.873797E-02 1.834123E-03 4.249986E+00 9.261113E+00 
1.714736E-01 4.798218E-03 3.489945E-01 1.786435E-01 -1.413006E+00 5.883118E-01 -1.744908E-01 9.208749E-01 2.884033E-02 7.457200E-04 4.358001E+00 9.092127E+00 
1.826852E-01 8.510923E-03 3.396996E-01 1.797239E-01 -1.477059E+00 5.867938E-01 -1.392080E-01 9.328973E-01 2.701267E-02 1.073013E-03 4.033218E+00 8.040682E+00 
1.513890E-01 6.117633E-03 3.146684E-01 1.806191E-01 -1.427651E+00 5.801148E-01 -8.175066E-02 9.571003E-01 2.757975E-02 3.727964E-05 4.271157E+00 9.530724E+00 
1.689418E-01 4.796601E-03 3.346597E-01 1.778816E-01 -1.304883E+00 5.809895E-01 -1.256475E-01 9.269214E-01 2.795035E-02 7.893015E-04 4.244448E+00 9.234234E+00 
1.726756E-01 5.002656E-03 3.117918E-01 1.867692E-01 -1.433587E+00 5.872296E-01 -1.182635E-01 9.376654E-01 2.670553E-02 1.149486E-03 4.263661E+00 9.141481E+00 
1.717668E-01 5.395874E-03 3.215954E-01 1.760085E-01 -1.476217E+00 5.812270E-01 -1.273935E-01 9.821742E-01 3.022122E-02 1.250238E-03 4.142042E+00 9.109784E+00 
1.771233E-01 5.209099E-03 3.468164E-01 1.768670E-01 -1.390136E+00 5.822524E-01 -1.489413E-01 9.338196E-01 2.868875E-02 7.726703E-04 3.880435E+00 7.774463E+00 
1.608184E-01 6.406985E-03 3.445993E-01 1.732714E-01 -1.380894E+00 5.575030E-01 -9.867437E-02 8.833469E-01 2.939157E-02 8.307571E-04 3.678832E+00 9.552680E+00 
1.804517E-01 9.516431E-03 3.415714E-01 1.871560E-01 -1.482746E+00 5.793267E-01 -1.164779E-01 9.313048E-01 3.168957E-02 7.229411E-04 4.600332E+00 9.103321E+00 
1.759368E-01 5.235026E-03 3.363047E-01 1.777381E-01 -1.465766E+00 5.906781E-01 -1.536529E-01 9.165147E-01 3.022584E-02 6.585273E-04 3.729549E+00 8.906924E+00 
1.739980E-01 5.085390E-03 3.297627E-01 1.697749E-01 -1.455157E+00 5.870455E-01 -1.191694E-01 9.470884E-01 2.746639E-02 7.195504E-04 3.674337E+00 8.955834E+00 
1.673008E-01 6.778072E-03 3.420471E-01 1.774592E-01 -1.534568E+00 5.854929E-01 -1.442546E-01 9.117087E-01 2.760151E-02 2.653937E-04 4.069076E+00 9.017114E+00 
1.692351E-01 8.675957E-03 3.456550E-01 1.830506E-01 -1.404973E+00 5.873090E-01 -1.439601E-01 9.621104E-01 2.700523E-02 3.204699E-04 4.135229E+00 8.457028E+00 
1.893661E-01 7.817424E-03 3.421739E-01 1.785792E-01 -1.271459E+00 5.919832E-01 -1.678120E-01 1.013351E+00 2.492035E-02 1.398134E-03 4.331246E+00 8.909616E+00 
7.734014E-02 7.915739E-03 3.166842E-01 1.782704E-01 -1.270302E+00 5.767807E-01 -1.236925E-01 9.424969E-01 2.674618E-02 1.515513E-03 4.017416E+00 7.789840E+00 
1.638446E-01 5.607206E-03 3.179207E-01 1.742233E-01 -1.352139E+00 5.723728E-01 -1.496915E-01 9.409188E-01 2.742466E-02 2.259956E-03 3.993173E+00 9.248921E+00 
1.706735E-01 5.309032E-03 3.508297E-01 1.770732E-01 -1.427992E+00 5.909695E-01 -1.467893E-01 9.893902E-01 2.879456E-02 9.050475E-04 4.342228E+00 8.945142E+00 
1.692507E-01 4.024625E-03 3.209929E-01 1.781588E-01 -1.375929E+00 5.839110E-01 -1.624670E-01 9.756834E-01 2.915418E-02 1.109717E-03 4.457726E+00 8.512454E+00 
1.814147E-01 5.194940E-03 3.371856E-01 1.804622E-01 -1.451032E+00 5.805857E-01 -1.430713E-01 9.403681E-01 2.844712E-02 1.184286E-03 3.931431E+00 9.208845E+00 
1.715826E-01 6.870462E-03 3.561342E-01 1.765973E-01 -1.509994E+00 5.931561E-01 -1.699638E-01 9.693134E-01 2.907333E-02 1.061166E-03 4.412287E+00 9.266685E+00 
1.806528E-01 5.633381E-03 3.011151E-01 1.786855E-01 -1.486521E+00 5.913647E-01 -1.623972E-01 9.376696E-01 2.694809E-02 1.961155E-03 4.496704E+00 9.115711E+00 
1.763005E-01 4.694857E-03 3.536925E-01 1.748596E-01 -1.433745E+00 5.784189E-01 -1.238995E-01 9.179229E-01 2.676946E-02 1.694924E-03 4.105914E+00 9.673666E+00 
1.743003E-01 5.988606E-03 3.476556E-01 1.801106E-01 -1.290844E+00 5.864461E-01 -1.498054E-01 9.447168E-01 2.665229E-02 1.131506E-03 4.418373E+00 9.734842E+00 
1.756916E-01 5.638284E-03 3.303199E-01 1.806434E-01 -1.225185E+00 5.929793E-01 -1.560662E-01 9.689732E-01 2.644768E-02 2.368999E-04 4.090442E+00 8.292138E+00 
1.609132E-01 5.690030E-03 3.409723E-01 1.795835E-01 -1.447257E+00 5.862610E-01 -1.103319E-01 9.408171E-01 2.720537E-02 1.132037E-03 4.421785E+00 8.628163E+00 
1.708026E-01 5.419954E-03 3.436364E-01 1.737422E-01 -1.362740E+00 5.888614E-01 -1.647008E-01 1.012047E+00 2.725330E-02 1.077361E-03 4.043609E+00 9.307164E+00 
1.699509E-01 3.602588E-03 3.483845E-01 1.762422E-01 -1.380665E+00 5.855010E-01 -1.291591E-01 9.131207E-01 2.983295E-02 2.105610E-03 4.059888E+00 8.996997E+00 
1.728789E-01 6.501829E-03 3.384606E-01 1.845957E-01 -1.458254E+00 5.821983E-01 -9.905424E-02 9.501992E-01 2.858208E-02 9.346501E-04 3.733621E+00 8.742139E+00 
1.821198E-01 5.816997E-03 3.447780E-01 1.771710E-01 -1.306972E+00 5.889257E-01 -1.866140E-01 9.835278E-01 2.794027E-02 1.073916E-03 4.273735E+00 8.780840E+00 
1.371467E-01 8.574409E-03 3.576407E-01 1.854621E-01 -1.402654E+00 5.777980E-01 -1.093464E-01 8.993278E-01 2.798046E-02 1.745453E-03 4.269123E+00 9.885032E+00 
1.716348E-01 4.768497E-03 3.382353E-01 1.782686E-01 -1.332825E+00 5.770687E-01 -1.446011E-01 9.564554E-01 2.739565E-02 1.040299E-03 4.054006E+00 8.437398E+00 
1.870903E-01 7.388759E-03 3.506651E-01 1.790665E-01 -1.515223E+00 5.972521E-01 -1.805555E-01 9.301819E-01 2.586618E-02 1.906097E-03 4.186241E+00 9.112178E+00 
1.582647E-01 6.341562E-03 3.435163E-01 1.754867E-01 -1.384509E+00 5.871277E-01 -1.569464E-01 9.329166E-01 3.057972E-02 8.328695E-04 4.664348E+00 9.820872E+00 
1.607390E-01 6.621005E-03 3.434834E-01 1.698050E-01 -1.422606E+00 5.748644E-01 -1.152476E-01 9.613547E-01 2.881399E-02 6.257969E-04 4.188516E+00 9.266438E+00 
1.800966E-01 4.416064E-03 3.317430E-01 1.802643E-01 -1.408105E+00 5.867749E-01 -1.838165E-01 9.704758E-01 2.634231E-02 1.539987E-03 4.270812E+00 8.478422E+00 
1.338224E-01 6.052830E-03 3.274861E-01 1.766386E-01 -1.442274E+00 5.843063E-01 -1.463450E-01 9.325598E-01 2.918423E-02 1.205056E-03 4.375022E+00 8.712736E+00 
1.693053E-01 4.018155E-03 3.444595E-01 1.742344E-01 -1.584043E+00 5.960528E-01 -1.636843E-01 9.459905E-01 2.620526E-02 1.271077E-03 4.004439E+00 8.934373E+00 
1.637285E-01 5.218237E-03 3.460441E-01 1.749035E-01 -1.426613E+00 5.872261E-01 -1.378611E-01 9.985050E-01 2.788115E-02 8.431632E-04 4.381822E+00 9.031229E+00 
1.716768E-01 5.662064E-03 3.489848E-01 1.780447E-01 -1.435414E+00 5.930405E-01 -1.857941E-01 9.258676E-01 2.915178E-02 7.952443E-04 4.462093E+00 8.095943E+00 
1.701194E-01 6.764975E-03 3.505760E-01 1.738795E-01 -1.460640E+00 5.903538E-01 -1.292181E-01 9.808034E-01 3.048591E-02 2.316335E-03 4.218695E+00 9.937073E+00 
1.903487E-01 5.953321E-03 3.457107E-01 1.778153E-01 -1.426948E+00 5.995989E-01 -1.655779E-01 9.069708E-01 2.933058E-02 9.852430E-04 4.138981E+00 8.631274E+00 
