1.696267E-01 5.163720E-03 3.342957E-01 1.766471E-01 -1.421839E+00 5.889484E-01 -1.542867E-01 9.565230E-01 2.815690E-02 2.337107E-03 4.267850E+00 1.021924E+01 
1.798536E-01 3.043886E-03 3.358196E-01 1.755785E-01 -1.374302E+00 6.000000E-01 -1.379826E-01 9.060419E-01 2.760286E-02 1.314555E-03 4.176113E+00 7.500665E+00 
1.568443E-01 4.390901E-03 3.175715E-01 1.793535E-01 -1.309303E+00 5.780487E-01 -1.206414E-01 9.624831E-01 2.937971E-02 9.273412E-04 4.509486E+00 9.037504E+00 
1.862697E-01 5.385363E-03 3.469630E-01 1.884179E-01 -1.508225E+00 5.868701E-01 -1.486724E-01 9.409454E-01 2.965860E-02 8.782400E-04 4.150990E+00 7.918098E+00 
1.785865E-01 6.636021E-03 3.471042E-01 1.792134E-01 -1.203919E+00 5.856885E-01 -1.531079E-01 9.940456E-01 2.818606E-02 1.014878E-03 4.148005E+00 8.849109E+00 
1.731564E-01 1.540392E-02 3.338134E-01 1.803117E-01 -1.609303E+00 5.620396E-01 -1.054858E-01 9.785939E-01 2.847766E-02 1.796425E-03 4.984294E+00 8.531400E+00 
1.819732E-01 1.241620E-02 3.554974E-01 1.812486E-01 -1.423623E+00 5.777680E-01 -1.186025E-01 9.635223E-01 3.116384E-02 6.420070E-04 4.054047E+00 8.178149E+00 
1.865934E-01 5.793949E-03 3.542001E-01 1.794316E-01 -1.523672E+00 5.834035E-01 -1.640175E-01 9.240793E-01 2.564139E-02 8.463654E-04 4.410089E+00 8.639622E+00 
1.802171E-01 5.888274E-03 3.211527E-01 1.801667E-01 -1.348914E+00 5.819408E-01 -1.387228E-01 9.439760E-01 2.924925E-02 1.242043E-03 4.214666E+00 8.590771E+00 
1.801348E-01 4.434559E-03 3.465554E-01 1.698564E-01 -1.404173E+00 5.927041E-01 -1.680094E-01 8.993171E-01 2.903749E-02 1.871992E-03 3.829934E+00 8.939314E+00 
1.834062E-01 6.438407E-03 3.447063E-01 1.839535E-01 -1.508488E+00 5.863831E-01 -1.458908E-01 9.692301E-01 2.596500E-02 1.669909E-03 4.259076E+00 9.290637E+00 
1.724459E-01 4.681046E-03 3.212302E-01 1.775586E-01 -1.449699E+00 5.829410E-01 -1.253425E-01 1.031867E+00 2.945591E-02 8.301489E-04 2.951107E+00 9.417095E+00 
1.679770E-01 5.010783E-03 3.461945E-01 1.804818E-01 -1.383086E+00 5.846446E-01 -1.762053E-01 9.829450E-01 2.917627E-02 1.044172E-03 4.544131E+00 8.742834E+00 
1.678304E-01 2.860591E-03 3.506241E-01 1.756189E-01 -1.286746E+00 5.890060E-01 -1.256773E-01 1.014439E+00 2.833323E-02 1.092993E-03 4.431462E+00 9.294335E+00 
1.705789E-01 5.722270E-03 3.352244E-01 1.822592E-01 -1.425135E+00 5.893136E-01 -1.162750E-01 9.450450E-01 2.689942E-02 4.533858E-04 4.151624E+00 8.862904E+00 
1.305125E-01 1.438421E-02 3.520296E-01 1.671933E-01 -1.272686E+00 5.161037E-01 -1.034710E-01 8.944834E-01 3.061656E-02 2.113902E-03 4.245645E+00 8.479646E+00 
1.791949E-01 3.601224E-03 3.415988E-01 1.772286E-01 -1.432197E+00 5.887070E-01 -1.426315E-01 9.699628E-01 2.769633E-02 2.407890E-04 4.476977E+00 8.475928E+00 
1.689759E-01 4.255309E-03 3.404656E-01 1.792035E-01 -1.427151E+00 5.791055E-01 -1.115149E-01 9.397549E-01 2.897957E-02 3.817186E-04 3.996575E+00 8.430053E+00 
1.681951E-01 4.804226E-03 3.448579E-01 1.747147E-01 -1.377556E+00 5.757427E-01 -1.542500E-01 1.013965E+00 2.699845E-02 9.508120E-04 4.066657E+00 8.920791E+00 
1.705348E-01 4.609251E-03 3.512957E-01 1.739399E-01 -1.385659E+00 5.839295E-01 -1.096899E-01 9.918830E-01 2.739490E-02 3.053153E-03 4.097968E+00 7.885257E+00 
1.813326E-01 2.985973E-02 3.487278E-01 1.695672E-01 -1.331928E+00 5.672563E-01 -8.276425E-02 9.027211E-01 2.896532E-02 9.740029E-03 4.195442E+00 1.022322E+01 
1.674815E-01 7.552872E-03 3.338083E-01 1.716843E-01 -1.407435E+00 5.814429E-01 -1.363126E-01 9.393140E-01 2.826820E-02 1.108639E-03 4.107449E+00 9.524220E+00 
1.809001E-01 5.764673E-03 3.430931E-01 1.803790E-01 -1.533321E+00 5.945865E-01 -1.765670E-01 9.314803E-01 2.631879E-02 7.293041E-04 4.027321E+00 9.396911E+00 
1.897155E-01 1.000000E-04 3.717741E-01 1.661318E-01 -1.465522E+00 5.780248E-01 -1.453848E-01 9.945413E-01 2.842953E-02 2.263859E-03 4.533257E+00 8.595562E+00 
1.620628E-01 1.742070E-03 3.210003E-01 1.771001E-01 -1.507838E+00 5.903159E-01 -1.186054E-01 1.014348E+00 2.956387E-02 5.008691E-04 3.886099E+00 8.979627E+00 
1.841509E-01 5.710281E-03 3.452571E-01 1.790302E-01 -1.391163E+00 5.932612E-01 -1.984678E-01 8.994196E-01 2.628801E-02 6.605548E-04 4.004991E+00 9.185785E+00 
1.715572E-01 5.224219E-03 3.406615E-01 1.762660E-01 -1.476197E+00 5.770211E-01 -1.279255E-01 8.990715E-01 2.675870E-02 1.357581E-03 4.206205E+00 9.012221E+00 
1.873122E-01 7.243002E-03 3.463714E-01 1.770577E-01 -1.398641E+00 5.808297E-01 -1.698948E-01 1.015160E+00 2.785284E-02 2.169665E-03 4.372636E+00 8.897800E+00 
1.644010E-01 4.892569E-03 3.398819E-01 1.758662E-01 -1.297325E+00 5.839687E-01 -1.028846E-01 9.203738E-01 2.916284E-02 1.602816E-03 3.965253E+00 9.716188E+00 
1.742114E-01 2.413279E-03 3.336463E-01 1.765369E-01 -1.403611E+00 5.892353E-01 -1.513468E-01 1.004500E+00 2.897136E-02 2.946409E-04 4.286236E+00 8.906303E+00 
1.881145E-01 4.622812E-03 3.865257E-01 1.778920E-01 -1.436981E+00 5.958833E-01 -1.423436E-01 9.395264E-01 2.580135E-02 9.071325E-04 4.171842E+00 9.911685E+00 
1.726730E-01 4.183555E-03 3.301697E-01 1.740418E-01 -1.388706E+00 5.927851E-01 -1.193701E-01 9.892434E-01 3.014178E-02 8.110396E-04 4.266802E+00 8.489920E+00 
1.558103E-01 3.606569E-03 3.292068E-01 1.795452E-01 -1.323348E+00 5.760599E-01 -1.126001E-01 9.857636E-01 3.105050E-02 4.258746E-04 4.427983E+00 8.377179E+00 
1.721709E-01 4.428180E-03 3.400514E-01 1.803482E-01 -1.512588E+00 5.722209E-01 -1.122682E-01 1.017018E+00 2.688518E-02 1.434730E-03 3.802183E+00 8.858162E+00 
1.605132E-01 5.473928E-03 3.514796E-01 1.797564E-01 -1.498162E+00 5.938483E-01 -1.178227E-01 9.523881E-01 2.823435E-02 1.097611E-03 3.936491E+00 8.267840E+00 
1.379639E-01 5.136583E-03 3.416300E-01 1.732920E-01 -1.325798E+00 4.340095E-01 -1.262016E-01 6.067460E-01 3.007577E-02 1.635740E-03 3.970714E+00 1.016531E+01 
1.643160E-01 6.206756E-03 3.447583E-01 1.820898E-01 -1.413226E+00 5.886403E-01 -8.545432E-02 9.152266E-01 2.728783E-02 9.230738E-04 4.381704E+00 1.102049E+01 
1.695683E-01 5.251677E-03 3.511581E-01 1.769914E-01 -1.403804E+00 6.000000E-01 -1.366935E-01 9.752183E-01 2.735785E-02 1.481799E-03 4.178741E+00 8.096318E+00 
1.775803E-01 6.551062E-03 3.336299E-01 1.852934E-01 -1.338313E+00 5.922000E-01 -1.357957E-01 9.328536E-01 2.730464E-02 1.289206E-03 3.760864E+00 8.913116E+00 
1.722811E-01 6.709126E-03 3.454030E-01 1.783833E-01 -1.420876E+00 5.837574E-01 -1.354018E-01 9.113916E-01 2.893323E-02 9.515301E-04 4.064415E+00 8.262870E+00 
1.682949E-01 4.044043E-03 3.402301E-01 1.799603E-01 -1.337442E+00 5.947294E-01 -1.316795E-01 8.894948E-01 2.761360E-02 1.874847E-03 4.745409E+00 1.026273E+01 
1.704393E-01 4.635067E-03 3.419396E-01 1.785367E-01 -1.221483E+00 5.872891E-01 -1.346144E-01 9.578959E-01 2.761020E-02 1.697954E-03 4.063676E+00 8.692819E+00 
1.591468E-01 5.517844E-03 3.373346E-01 1.685902E-01 -1.320722E+00 5.793902E-01 -1.127455E-01 1.046987E+00 2.930205E-02 1.924456E-03 4.707923E+00 9.639548E+00 
1.740701E-01 5.714920E-03 3.352605E-01 1.756045E-01 -1.380999E+00 5.841464E-01 -1.406168E-01 9.421439E-01 2.764136E-02 8.187819E-04 3.925647E+00 9.027314E+00 
1.666950E-01 5.910033E-03 3.335070E-01 1.767852E-01 -1.413968E+00 5.819450E-01 -1.553906E-01 1.005508E+00 2.890179E-02 1.399004E-03 3.705150E+00 8.959745E+00 
1.592860E-01 4.513309E-03 3.408910E-01 1.776836E-01 -1.187290E+00 6.000000E-01 -1.333041E-01 9.495196E-01 2.837553E-02 1.512817E-03 4.258358E+00 9.153639E+00 
1.712811E-01 5.853645E-03 3.437487E-01 1.790293E-01 -1.471531E+00 5.873892E-01 -1.267236E-01 9.105770E-01 2.937163E-02 8.720643E-04 3.863442E+00 8.935930E+00 
1.771897E-01 5.318812E-03 3.335177E-01 1.831515E-01 -1.430126E+00 5.926306E-01 -1.218963E-01 9.315334E-01 2.968726E-02 1.033813E-03 4.308880E+00 9.702974E+00 
1.682631E-01 5.327253E-03 3.488933E-01 1.836576E-01 -1.370754E+00 5.924532E-01 -1.264662E-01 9.433722E-01 2.395042E-02 5.420581E-04 4.166681E+00 8.325464E+00 
1.747953E-01 5.691642E-03 3.398725E-01 1.781009E-01 -1.324469E+00 5.833383E-01 -1.401649E-01 9.127258E-01 2.964002E-02 8.586455E-04 4.285012E+00 8.569103E+00 
1.629825E-01 3.552047E-03 3.553390E-01 1.740866E-01 -1.356063E+00 5.688853E-01 -1.711609E-01 8.900365E-01 2.950430E-02 3.978301E-04 4.056936E+00 8.446761E+00 
1.670644E-01 7.334759E-03 3.587897E-01 1.695551E-01 -1.503151E+00 5.858184E-01 -1.610137E-01 9.132743E-01 2.185619E-02 6.524954E-04 4.275719E+00 8.886818E+00 
1.675882E-01 7.778305E-03 3.392977E-01 1.918270E-01 -1.422054E+00 5.727069E-01 -1.255171E-01 9.946160E-01 2.658111E-02 1.026246E-03 4.030797E+00 9.396784E+00 
1.713757E-01 6.201928E-03 3.389598E-01 1.808489E-01 -1.345895E+00 5.809146E-01 -1.414847E-01 9.605002E-01 2.887937E-02 1.211310E-03 4.022007E+00 9.456455E+00 
1.723321E-01 4.799094E-03 3.339403E-01 1.764614E-01 -1.235791E+00 5.872391E-01 -1.732754E-01 1.035333E+00 2.554497E-02 1.312953E-03 4.237341E+00 7.857348E+00 
1.702930E-01 4.352953E-03 3.610492E-01 1.688026E-01 -1.397789E+00 5.911532E-01 -1.861925E-01 8.968915E-01 2.654987E-02 1.414835E-04 4.230614E+00 9.464860E+00 
1.728125E-01 5.378307E-03 3.407596E-01 1.777277E-01 -1.391263E+00 5.805967E-01 -1.505056E-01 8.867272E-01 2.950608E-02 8.561857E-04 4.022047E+00 7.943986E+00 
1.692881E-01 5.984834E-03 3.547107E-01 1.873541E-01 -1.394967E+00 5.984142E-01 -1.628425E-01 9.714744E-01 2.819765E-02 2.756696E-03 3.931984E+00 9.274008E+00 
1.696557E-01 5.684060E-03 3.231187E-01 1.764776E-01 -1.457629E+00 5.772190E-01 -1.261636E-01 1.000008E+00 2.831572E-02 1.023128E-03 4.160805E+00 8.985397E+00 
1.762553E-01 4.564762E-03 3.485636E-01 1.772446E-01 -1.430828E+00 5.843362E-01 -1.249881E-01 9.378235E-01 2.708311E-02 1.008914E-03 4.095032E+00 8.134367E+00 
1.614545E-01 5.704351E-03 3.512803E-01 1.761295E-01 -1.452631E+00 5.761266E-01 -1.112588E-01 1.035694E+00 2.841527E-02 8.161649E-04 3.880190E+00 9.026037E+00 
1.757411E-01 6.656732E-03 3.515895E-01 1.793789E-01 -1.494717E+00 5.806901E-01 -1.497841E-01 9.069530E-01 2.894956E-02 2.176315E-03 4.370253E+00 9.023401E+00 
1.703846E-01 7.495791E-03 3.519425E-01 1.771341E-01 -1.388061E+00 5.715908E-01 -1.331539E-01 8.987881E-01 2.694446E-02 1.193546E-03 4.458348E+00 1.040610E+01 
1.799357E-01 6.054619E-03 3.505932E-01 1.763392E-01 -1.544599E+00 5.876926E-01 -1.805049E-01 9.596751E-01 2.574590E-02 1.664707E-03 4.285607E+00 8.755934E+00 
1.738916E-01 6.937522E-03 3.325555E-01 1.813184E-01 -1.423305E+00 5.841237E-01 -1.274036E-01 9.613351E-01 2.932205E-02 4.847951E-04 3.765304E+00 7.899811E+00 
1.718786E-01 7.772252E-03 3.206088E-01 1.780789E-01 -1.391792E+00 5.877707E-01 -1.227909E-01 9.917122E-01 2.688399E-02 1.501081E-03 4.175248E+00 9.599245E+00 
1.807456E-01 3.138635E-03 3.433719E-01 1.893041E-01 -1.439280E+00 5.902824E-01 -1.483340E-01 9.468718E-01 2.867787E-02 1.256482E-03 4.290269E+00 9.429275E+00 
1.744307E-01 2.804755E-03 3.738999E-01 1.813203E-01 -1.468796E+00 5.943832E-01 -1.395763E-01 8.848099E-01 2.911057E-02 1.023798E-03 4.268336E+00 8.373397E+00 
1.725244E-01 5.815140E-03 3.411098E-01 1.890222E-01 -1.409739E+00 5.915728E-01 -1.433846E-01 9.983920E-01 2.844066E-02 9.783642E-04 4.148772E+00 8.750335E+00 
1.547074E-01 6.600883E-03 3.454049E-01 1.686085E-01 -1.399224E+00 5.856768E-01 -1.402674E-01 8.653634E-01 2.858448E-02 1.543361E-03 4.092432E+00 9.324959E+00 
1.959693E-01 5.068734E-03 3.400081E-01 1.783178E-01 -1.297463E+00 5.832264E-01 -1.527418E-01 9.307162E-01 2.939740E-02 1.326926E-03 3.892609E+00 8.303221E+00 
1.799445E-01 5.240475E-03 3.395541E-01 1.828849E-01 -1.413790E+00 5.873244E-01 -1.340997E-01 1.010979E+00 2.875323E-02 2.989290E-04 4.241649E+00 9.079199E+00 
1.694276E-01 3.207098E-03 3.428398E-01 1.772901E-01 -1.434237E+00 5.918990E-01 -1.508025E-01 9.281499E-01 2.639202E-02 2.629412E-03 4.318629E+00 9.261609E+00 
1.710841E-01 3.950028E-03 3.436568E-01 1.756469E-01 -1.469754E+00 5.938417E-01 -1.148237E-01 9.391665E-01 2.786002E-02 1.204498E-03 4.156946E+00 9.313878E+00 
1.634662E-01 7.596885E-03 3.424993E-01 1.830498E-01 -1.442600E+00 5.804911E-01 -1.375609E-01 9.596074E-01 2.855014E-02 6.008782E-04 4.026751E+00 8.812919E+00 
1.688629E-01 4.402166E-03 3.456806E-01 1.750477E-01 -1.457569E+00 5.842853E-01 -1.509236E-01 9.519065E-01 2.465383E-02 8.726343E-04 4.369978E+00 9.042879E+00 
1.806574E-01 5.933033E-03 3.438918E-01 1.842328E-01 -1.449309E+00 5.947267E-01 -1.504259E-01 9.414611E-01 2.867594E-02 9.104003E-04 4.153902E+00 9.364071E+00 
1.750204E-01 3.133083E-03 3.338247E-01 1.778770E-01 -1.389940E+00 5.982223E-01 -1.385441E-01 9.659340E-01 2.879930E-02 1.504267E-03 4.472178E+00 9.160888E+00 
1.704420E-01 5.337730E-03 3.451861E-01 1.782042E-01 -1.471603E+00 5.830358E-01 -1.205482E-01 9.644115E-01 2.942220E-02 7.295715E-04 4.193581E+00 8.833999E+00 
1.329196E-01 1.958109E-02 3.517642E-01 1.520140E-01 -1.280336E+00 5.038231E-01 -1.395006E-01 7.842483E-01 3.018212E-02 1.746262E-03 4.095980E+00 9.894809E+00 
1.865386E-01 5.940356E-03 3.458332E-01 1.768388E-01 -1.394956E+00 5.960226E-01 -1.780518E-01 9.187886E-01 2.720059E-02 1.755240E-03 4.372860E+00 8.870377E+00 
1.758991E-01 5.177022E-03 3.437046E-01 1.847284E-01 -1.422081E+00 5.844377E-01 -1.048046E-01 1.037652E+00 2.820661E-02 1.069235E-03 4.295891E+00 8.711633E+00 
1.779206E-01 7.139906E-03 3.282994E-01 1.836372E-01 -1.397152E+00 5.962020E-01 -1.936871E-01 9.334299E-01 2.848163E-02 3.334160E-03 4.304061E+00 7.990317E+00 
1.806959E-01 6.759201E-03 3.470657E-01 1.788547E-01 -1.257173E+00 5.851749E-01 -1.593773E-01 9.537172E-01 2.947805E-02 7.533066E-04 4.292683E+00 9.168351E+00 
1.540705E-01 5.143401E-03 3.290404E-01 1.762546E-01 -1.497981E+00 5.844691E-01 -1.168294E-01 9.545368E-01 2.888413E-02 9.316987E-04 4.143043E+00 7.485013E+00 
1.968169E-01 3.829495E-03 3.378322E-01 1.802625E-01 -1.359617E+00 5.855340E-01 -1.513765E-01 9.176369E-01 2.686489E-02 6.026576E-04 3.963785E+00 9.824577E+00 
1.764306E-01 5.227262E-03 3.234132E-01 1.765987E-01 -1.340169E+00 5.903674E-01 -1.690130E-01 9.571118E-01 2.732232E-02 1.293513E-03 4.115553E+00 7.837445E+00 
1.295404E-01 6.894232E-03 3.393881E-01 1.680800E-01 -1.376665E+00 5.906524E-01 -1.818273E-01 7.393050E-01 2.709354E-02 1.014346E-03 4.214519E+00 8.896844E+00 
1.787921E-01 7.595695E-03 3.304274E-01 1.767220E-01 -1.340595E+00 5.838216E-01 -1.234712E-01 9.301910E-01 2.629105E-02 8.341612E-04 4.373217E+00 8.810742E+00 
1.680023E-01 5.723455E-03 3.242661E-01 1.811173E-01 -1.316950E+00 5.821286E-01 -1.271889E-01 9.360373E-01 2.959911E-02 3.767039E-04 3.824925E+00 8.844749E+00 
1.758760E-01 4.811267E-03 3.528893E-01 1.801126E-01 -1.452964E+00 5.926610E-01 -1.762799E-01 1.025816E+00 2.648710E-02 4.409203E-04 4.363309E+00 9.201660E+00 
1.824906E-01 7.188258E-03 3.355664E-01 1.810377E-01 -1.316131E+00 5.839174E-01 -1.362423E-01 9.143338E-01 2.724840E-02 9.012209E-04 4.338510E+00 9.526331E+00 
1.782154E-01 4.996960E-03 3.323647E-01 1.776649E-01 -1.445520E+00 5.839120E-01 -1.217928E-01 9.430838E-01 2.655390E-02 7.168805E-04 4.205566E+00 9.007355E+00 
1.462573E-01 3.087981E-02 3.540373E-01 1.657560E-01 -1.247548E+00 2.324382E-01 -3.003145E-02 6.590683E-01 2.750648E-02 3.970771E-03 4.093218E+00 9.268285E+00 
1.717326E-01 7.904805E-03 3.395562E-01 1.781359E-01 -1.430978E+00 5.930616E-01 -1.344216E-01 9.501244E-01 2.923388E-02 8.423520E-04 4.529036E+00 8.364832E+00 
1.822488E-01 6.028656E-03 3.349135E-01 1.822274E-01 -1.477162E+00 5.919600E-01 -1.529769E-01 1.005715E+00 2.710781E-02 0.000000E+00 4.227593E+00 8.587751E+00 
1.697999E-01 4.414177E-03 3.375731E-01 1.797387E-01 -1.541323E+00 5.777045E-01 -1.211075E-01 9.268101E-01 3.058479E-02 9.186744E-04 4.074538E+00 8.794814E+00 
1.619332E-01 7.266620E-03 3.336673E-01 1.773531E-01 -1.477182E+00 5.905226E-01 -1.319761E-01 9.430250E-01 2.859338E-02 8.913864E-04 4.507143E+00 9.082888E+00 
1.865900E-01 5.045425E-03 3.520323E-01 1.798344E-01 -1.513765E+00 5.947978E-01 -1.716882E-01 9.584666E-01 2.712965E-02 1.163288E-03 4.692002E+00 8.612184E+00 
1.624325E-01 7.027596E-03 3.348903E-01 1.778967E-01 -1.440476E+00 5.775610E-01 -1.204673E-01 9.666351E-01 2.772558E-02 1.651542E-03 4.333230E+00 9.224571E+00 
1.614242E-01 4.564414E-03 3.413793E-01 1.763362E-01 -1.435633E+00 5.807900E-01 -1.530731E-01 9.831688E-01 2.811604E-02 1.013280E-03 4.126872E+00 9.170449E+00 
1.562447E-01 6.665582E-03 3.138906E-01 1.797632E-01 -1.350643E+00 5.800585E-01 -1.310591E-01 9.927284E-01 3.198037E-02 6.203010E-04 4.141539E+00 8.469847E+00 
1.722881E-01 4.390592E-03 3.548464E-01 1.776920E-01 -1.370254E+00 5.913587E-01 -1.140547E-01 8.842042E-01 2.760348E-02 1.140154E-03 4.485300E+00 8.122346E+00 
1.757128E-01 7.274053E-03 3.482409E-01 1.787485E-01 -1.384993E+00 5.888869E-01 -1.687332E-01 9.091716E-01 2.801789E-02 5.110283E-04 4.258048E+00 8.616426E+00 
1.631397E-01 4.372418E-03 3.425547E-01 1.848461E-01 -1.486650E+00 5.935947E-01 -1.098242E-01 9.649163E-01 2.872621E-02 6.340521E-04 4.248081E+00 8.520480E+00 
1.730656E-01 7.042626E-03 3.312150E-01 1.759109E-01 -1.382006E+00 5.983758E-01 -1.328029E-01 9.954158E-01 2.857758E-02 1.084023E-03 4.428016E+00 8.281490E+00 
1.721677E-01 4.931853E-03 3.387486E-01 1.744720E-01 -1.495385E+00 5.889845E-01 -1.799813E-01 8.627531E-01 2.853938E-02 1.600897E-03 4.423019E+00 9.036956E+00 
1.743705E-01 2.437353E-02 3.456107E-01 1.826771E-01 -1.430420E+00 5.874095E-01 -1.641322E-01 1.001854E+00 2.909001E-02 1.088918E-03 4.707018E+00 9.047437E+00 
1.745591E-01 5.765316E-03 3.444630E-01 1.760743E-01 -1.552140E+00 5.854458E-01 -1.759168E-01 9.504041E-01 2.186139E-02 1.144004E-03 4.416206E+00 9.671726E+00 
1.681260E-01 1.000000E-04 3.394950E-01 1.822375E-01 -1.461848E+00 5.668757E-01 -1.300759E-01 9.384922E-01 2.880100E-02 1.670258E-03 3.701564E+00 7.785058E+00 
1.644549E-01 8.264685E-03 3.405664E-01 1.795156E-01 -1.380830E+00 5.804853E-01 -1.420393E-01 9.934416E-01 2.730904E-02 1.441237E-03 4.170753E+00 9.186938E+00 
1.668511E-01 5.348375E-03 3.628776E-01 1.776239E-01 -1.392758E+00 5.830518E-01 -1.587674E-01 9.381667E-01 2.703788E-02 1.612463E-03 4.337154E+00 8.595148E+00 
1.373381E-01 9.657040E-03 3.672455E-01 1.774412E-01 -1.401626E+00 5.662312E-01 -1.371667E-01 9.068540E-01 2.711280E-02 2.416770E-03 4.226650E+00 8.911622E+00 
1.643291E-01 5.778074E-03 3.455192E-01 1.763009E-01 -1.459347E+00 5.875662E-01 -1.492582E-01 9.271184E-01 2.705499E-02 1.485535E-03 4.298299E+00 9.118441E+00 
1.644339E-01 5.696754E-03 3.223373E-01 1.837467E-01 -1.406059E+00 5.840536E-01 -1.800817E-01 9.609648E-01 2.991843E-02 3.090046E-04 4.133467E+00 8.656096E+00 
1.682026E-01 3.185415E-03 3.417514E-01 1.724711E-01 -1.452253E+00 5.904642E-01 -1.467862E-01 9.554297E-01 2.854651E-02 9.630920E-04 4.146590E+00 8.841505E+00 
1.643153E-01 5.767267E-03 3.290726E-01 1.799207E-01 -1.481230E+00 5.936575E-01 -1.443625E-01 1.000150E+00 2.648092E-02 2.620581E-04 3.838103E+00 9.423402E+00 
1.772325E-01 6.413836E-03 3.533516E-01 1.830053E-01 -1.429238E+00 5.966591E-01 -1.976813E-01 9.901206E-01 2.907612E-02 7.528944E-04 4.406153E+00 8.221800E+00 
1.788986E-01 6.501789E-03 3.478377E-01 1.787793E-01 -1.345202E+00 5.898798E-01 -1.207377E-01 9.711993E-01 2.721445E-02 1.425400E-03 4.568086E+00 8.606567E+00 
1.803344E-01 3.146497E-03 3.372749E-01 1.825331E-01 -1.400579E+00 5.600416E-01 -1.242019E-01 8.793441E-01 2.761216E-02 7.953396E-04 3.581575E+00 9.559229E+00 
1.800260E-01 6.609605E-03 3.339281E-01 1.844192E-01 -1.422466E+00 5.868736E-01 -1.600328E-01 9.358659E-01 2.976678E-02 1.147987E-03 4.040034E+00 8.699641E+00 
1.611605E-01 4.936328E-03 3.345183E-01 1.761237E-01 -1.387991E+00 5.793239E-01 -1.359271E-01 9.686016E-01 2.801462E-02 9.952433E-04 4.501391E+00 9.216297E+00 
1.773673E-01 5.712503E-03 3.244345E-01 1.798798E-01 -1.367826E+00 5.846653E-01 -1.070177E-01 9.672529E-01 2.829931E-02 1.950336E-03 4.095967E+00 9.016536E+00 
1.620861E-01 2.981186E-03 3.259636E-01 1.822810E-01 -1.437918E+00 5.809431E-01 -1.619745E-01 9.535246E-01 2.804856E-02 6.752541E-04 4.478897E+00 8.455392E+00 
1.460439E-01 5.087601E-03 3.425484E-01 1.790842E-01 -1.409857E+00 5.808194E-01 -1.324671E-01 9.461160E-01 2.931548E-02 5.356910E-04 4.163897E+00 9.656343E+00 
1.559239E-01 2.324226E-02 3.353966E-01 1.847409E-01 -1.407754E+00 5.983641E-01 -1.414069E-01 1.006935E+00 3.070363E-02 8.184562E-03 4.554939E+00 4.558377E+00 
1.942357E-01 7.338578E-03 3.345475E-01 1.870086E-01 -1.483977E+00 5.898513E-01 -1.170846E-01 9.903391E-01 2.740337E-02 1.543108E-03 4.208238E+00 8.678110E+00 
1.255486E-01 9.793544E-03 3.802602E-01 1.713972E-01 -1.385445E+00 5.324843E-01 -7.677094E-02 7.546459E-01 2.778811E-02 8.194230E-04 3.881229E+00 9.637323E+00 
1.743310E-01 5.313503E-03 3.283625E-01 1.752902E-01 -1.331254E+00 5.870544E-01 -1.355667E-01 9.012874E-01 2.922812E-02 1.051509E-03 4.256777E+00 8.655640E+00 
1.627838E-01 6.183497E-03 3.392052E-01 1.797135E-01 -1.556989E+00 5.688166E-01 -1.305095E-01 9.041321E-01 2.851760E-02 1.486767E-03 3.548526E+00 9.358715E+00 
1.731608E-01 6.968488E-03 3.457475E-01 1.753972E-01 -1.443542E+00 5.950266E-01 -1.171538E-01 9.116284E-01 2.996945E-02 8.303085E-04 4.181518E+00 9.437368E+00 
1.774853E-01 7.946390E-03 3.456343E-01 1.768284E-01 -1.374072E+00 5.831632E-01 -1.432481E-01 9.628115E-01 2.680934E-02 5.084818E-04 4.252907E+00 9.069724E+00 
1.690955E-01 5.393040E-03 3.218358E-01 1.773879E-01 -1.423142E+00 5.743663E-01 -9.224551E-02 8.700912E-01 2.660583E-02 8.988265E-04 4.255446E+00 8.797230E+00 
1.674665E-01 5.432130E-03 3.187908E-01 1.770051E-01 -1.366981E+00 5.904210E-01 -1.186618E-01 9.752129E-01 2.963890E-02 1.631933E-03 4.054204E+00 8.698273E+00 
1.747694E-01 3.651058E-03 3.420028E-01 1.800937E-01 -1.472275E+00 5.781699E-01 -1.551651E-01 9.201576E-01 2.912964E-02 1.136668E-03 4.063426E+00 8.991184E+00 
1.711981E-01 5.095992E-03 3.402562E-01 1.797644E-01 -1.356576E+00 5.841732E-01 -1.182365E-01 9.248902E-01 2.808481E-02 1.051443E-03 4.181406E+00 9.142126E+00 
1.770691E-01 4.748973E-03 3.307880E-01 1.826744E-01 -1.454828E+00 5.981055E-01 -1.156171E-01 9.792175E-01 2.823574E-02 4.656361E-04 4.148386E+00 1.020847E+01 
1.621334E-01 5.423443E-03 3.446548E-01 1.815188E-01 -1.404711E+00 5.772846E-01 -1.048527E-01 9.794416E-01 2.605320E-02 1.442178E-03 4.095533E+00 8.682403E+00 
1.630605E-01 6.531567E-03 3.223612E-01 1.834661E-01 -1.467443E+00 5.608128E-01 -1.065917E-01 9.322937E-01 2.839144E-02 1.085741E-03 4.218789E+00 9.295199E+00 
1.706638E-01 4.091580E-03 3.473827E-01 1.785509E-01 -1.492087E+00 5.895647E-01 -1.348780E-01 9.532029E-01 2.749368E-02 7.848896E-04 4.450657E+00 9.144492E+00 
1.795223E-01 1.383722E-04 3.394929E-01 1.731243E-01 -1.383458E+00 6.000000E-01 -1.286493E-01 1.028127E+00 2.683520E-02 8.026240E-04 4.188331E+00 9.726753E+00 
1.786426E-01 8.420723E-03 3.275517E-01 1.899934E-01 -1.444149E+00 5.710894E-01 -1.084168E-01 1.003547E+00 2.644319E-02 1.978240E-03 4.256965E+00 9.601031E+00 
1.701944E-01 6.495514E-03 3.365814E-01 1.795038E-01 -1.391993E+00 5.785664E-01 -1.377738E-01 9.525126E-01 2.766769E-02 1.367506E-03 4.644584E+00 1.010094E+01 
1.757284E-01 7.504937E-03 3.327532E-01 1.775719E-01 -1.502827E+00 5.782598E-01 -1.559236E-01 1.001785E+00 2.824081E-02 6.369915E-04 4.160371E+00 9.007141E+00 
1.604842E-01 9.812506E-03 3.438583E-01 1.841200E-01 -1.470443E+00 5.971324E-01 -1.303180E-01 9.730415E-01 2.756088E-02 1.703297E-03 4.267145E+00 8.618247E+00 
1.663702E-01 6.521147E-03 3.497924E-01 1.752225E-01 -1.416964E+00 5.847175E-01 -1.684663E-01 9.728282E-01 3.046698E-02 9.189595E-04 4.463332E+00 9.225563E+00 
1.776232E-01 4.472164E-03 3.392808E-01 1.848324E-01 -1.443664E+00 5.910488E-01 -1.677698E-01 8.985856E-01 2.824147E-02 9.588649E-04 4.095492E+00 8.605387E+00 
1.720343E-01 5.723157E-03 3.549756E-01 1.788980E-01 -1.439931E+00 5.715076E-01 -1.469862E-01 8.977367E-01 2.964022E-02 4.016728E-03 4.205483E+00 9.420932E+00 
1.750824E-01 8.221798E-03 3.430719E-01 1.811417E-01 -1.479849E+00 5.682518E-01 -1.058980E-01 9.588870E-01 3.129571E-02 8.371216E-04 3.507530E+00 9.785568E+00 
1.791951E-01 6.040180E-03 3.296373E-01 1.753075E-01 -1.503978E+00 5.974045E-01 -1.503101E-01 9.742587E-01 3.071950E-02 1.148087E-03 4.258341E+00 8.764035E+00 
1.684693E-01 5.771805E-03 3.232994E-01 1.795613E-01 -1.368114E+00 5.898638E-01 -1.457241E-01 9.178153E-01 2.914524E-02 8.364892E-04 4.118312E+00 9.303149E+00 
1.654614E-01 8.662991E-03 3.247160E-01 1.828322E-01 -1.352591E+00 5.846443E-01 -1.655194E-01 9.363596E-01 2.793729E-02 1.581323E-03 3.968183E+00 8.940585E+00 
1.678496E-01 4.103295E-03 3.350831E-01 1.810697E-01 -1.341886E+00 5.799337E-01 -1.490218E-01 9.746550E-01 2.850175E-02 8.385588E-04 4.400533E+00 9.354915E+00 
1.792267E-01 1.400552E-03 3.403762E-01 1.882062E-01 -1.403050E+00 5.933259E-01 -1.494820E-01 9.181945E-01 3.007986E-02 9.752247E-04 4.459316E+00 7.869076E+00 
1.784493E-01 4.758144E-03 3.345623E-01 1.794446E-01 -1.399339E+00 5.831690E-01 -1.284766E-01 9.999156E-01 2.859788E-02 1.261822E-03 4.372780E+00 8.703244E+00 
1.708083E-01 3.871557E-03 3.442267E-01 1.695412E-01 -1.407063E+00 5.732961E-01 -1.597136E-01 9.705460E-01 2.686987E-02 1.930229E-03 4.468042E+00 8.707981E+00 
1.624719E-01 5.823278E-03 3.419056E-01 1.731171E-01 -1.487883E+00 5.890414E-01 -1.455240E-01 9.335569E-01 2.658227E-02 6.839067E-04 4.101455E+00 9.113111E+00 
1.689996E-01 6.392753E-03 3.245375E-01 1.799788E-01 -1.277150E+00 5.816017E-01 -7.043947E-02 1.012099E+00 3.080677E-02 1.015582E-03 4.342424E+00 9.707967E+00 
1.775587E-01 2.842161E-03 3.465298E-01 1.757436E-01 -1.376278E+00 5.850451E-01 -1.652690E-01 9.243559E-01 2.780105E-02 0.000000E+00 4.191215E+00 9.115195E+00 
1.687218E-01 5.513142E-03 3.260998E-01 1.808080E-01 -1.308808E+00 5.945366E-01 -1.048727E-01 9.371861E-01 2.896174E-02 1.055750E-03 4.191088E+00 8.990518E+00 
1.727758E-01 5.345282E-03 3.517923E-01 1.778401E-01 -1.461055E+00 5.845176E-01 -1.651859E-01 9.259531E-01 2.647918E-02 7.240706E-04 3.967354E+00 9.457017E+00 
1.666972E-01 5.263268E-03 3.429506E-01 1.814585E-01 -1.402936E+00 5.840901E-01 -1.377437E-01 9.710698E-01 3.336248E-02 6.534557E-04 4.650036E+00 9.156327E+00 
1.652848E-01 5.239273E-03 3.465618E-01 1.827543E-01 -1.337427E+00 5.936087E-01 -1.497870E-01 9.425907E-01 2.722346E-02 6.857996E-04 4.097021E+00 8.844777E+00 
1.823553E-01 3.591123E-03 3.583011E-01 1.874215E-01 -1.567945E+00 5.909981E-01 -9.681199E-02 9.895747E-01 2.486200E-02 5.923207E-04 4.870622E+00 9.038696E+00 
1.602477E-01 5.997571E-03 3.492790E-01 1.754540E-01 -1.356032E+00 5.897595E-01 -1.405998E-01 9.445730E-01 2.924783E-02 6.693640E-04 4.182527E+00 8.606468E+00 
1.719897E-01 6.785222E-03 3.335315E-01 1.813370E-01 -1.503303E+00 5.777270E-01 -1.424773E-01 9.749424E-01 2.954781E-02 8.290195E-04 4.164084E+00 9.069578E+00 
1.746858E-01 4.522446E-03 3.318330E-01 1.855309E-01 -1.266113E+00 5.916986E-01 -1.261410E-01 9.309618E-01 2.830221E-02 7.489753E-04 4.050549E+00 9.165744E+00 
1.612130E-01 7.373583E-03 3.463798E-01 1.799839E-01 -1.344343E+00 5.951703E-01 -1.347171E-01 9.348071E-01 2.956610E-02 5.926903E-04 4.246927E+00 7.028252E+00 
1.727885E-01 4.347113E-03 3.355698E-01 1.766913E-01 -1.353241E+00 5.939188E-01 -1.401944E-01 9.398563E-01 2.552222E-02 1.087466E-03 4.148338E+00 8.653513E+00 
1.684902E-01 6.551374E-03 3.494148E-01 1.827847E-01 -1.410452E+00 5.900683E-01 -9.856580E-02 9.982663E-01 2.820214E-02 1.198929E-04 4.179181E+00 8.504310E+00 
1.800629E-01 6.076703E-03 3.515567E-01 1.846389E-01 -1.378820E+00 5.896092E-01 -1.445705E-01 9.727175E-01 2.872863E-02 1.629710E-03 4.417948E+00 9.252344E+00 
1.692196E-01 4.946680E-03 3.487165E-01 1.786758E-01 -1.435761E+00 5.568264E-01 -1.184619E-01 8.841116E-01 2.926548E-02 9.670059E-04 3.953598E+00 8.803949E+00 
1.900304E-01 3.911827E-03 3.394585E-01 1.790892E-01 -1.488862E+00 5.936580E-01 -9.429792E-02 8.982680E-01 3.030678E-02 1.091912E-03 4.250804E+00 9.388650E+00 
1.761400E-01 4.869237E-03 3.509582E-01 1.815572E-01 -1.370633E+00 5.854717E-01 -1.524119E-01 1.007965E+00 3.013966E-02 2.238622E-03 3.989914E+00 9.260846E+00 
1.661208E-01 6.873735E-03 3.433257E-01 1.803796E-01 -1.487608E+00 6.000000E-01 -1.451139E-01 1.073153E+00 2.712913E-02 1.563785E-04 4.378817E+00 9.403192E+00 
1.573310E-01 5.413269E-03 3.371077E-01 1.762050E-01 -1.649158E+00 5.835491E-01 -1.560171E-01 1.001379E+00 2.864880E-02 6.404733E-04 3.827001E+00 9.185405E+00 
1.762826E-01 8.065275E-03 3.575794E-01 1.745252E-01 -1.443098E+00 5.915475E-01 -1.800100E-01 9.371003E-01 2.811955E-02 1.750351E-03 3.962452E+00 8.949070E+00 
1.770513E-01 1.121171E-02 3.392133E-01 1.804378E-01 -1.404347E+00 5.671302E-01 -1.725508E-01 9.291100E-01 2.875879E-02 1.533330E-03 4.463302E+00 8.588391E+00 
1.405323E-01 9.321134E-03 3.549283E-01 1.720609E-01 -1.313954E+00 4.543985E-01 -1.071122E-01 6.959809E-01 2.811525E-02 5.858741E-03 4.107701E+00 1.135077E+01 
1.755364E-01 5.600938E-03 3.406135E-01 1.761766E-01 -1.502898E+00 5.794214E-01 -1.691233E-01 9.918460E-01 2.881225E-02 1.079311E-03 4.212973E+00 9.020210E+00 
1.677182E-01 5.015327E-03 3.220899E-01 1.722736E-01 -1.381414E+00 5.878323E-01 -1.379671E-01 9.624647E-01 2.895874E-02 6.417092E-04 4.087305E+00 8.895056E+00 
1.717094E-01 4.492415E-03 3.352999E-01 1.815763E-01 -1.458831E+00 5.714370E-01 -1.254563E-01 9.418697E-01 2.739171E-02 5.807821E-04 4.257350E+00 1.001908E+01 
1.731587E-01 8.226535E-03 3.467739E-01 1.816122E-01 -1.375069E+00 5.876516E-01 -1.328570E-01 9.539927E-01 2.979547E-02 1.014367E-03 4.264582E+00 9.999650E+00 
1.754608E-01 6.544751E-03 3.548412E-01 1.836292E-01 -1.432963E+00 5.851713E-01 -1.561151E-01 1.002136E+00 2.553198E-02 5.386664E-04 4.296756E+00 9.722867E+00 
1.713470E-01 5.941279E-03 3.403944E-01 1.826933E-01 -1.402095E+00 5.817049E-01 -1.276783E-01 9.911679E-01 2.928052E-02 8.790920E-04 4.440102E+00 8.869221E+00 
1.655741E-01 4.637891E-03 3.384108E-01 1.844508E-01 -1.385394E+00 5.984476E-01 -1.693866E-01 9.746760E-01 2.827178E-02 1.349789E-03 4.277041E+00 9.407760E+00 
1.780422E-01 7.728329E-03 3.446277E-01 1.801508E-01 -1.395479E+00 5.795843E-01 -1.392277E-01 9.271069E-01 3.005606E-02 1.288975E-03 4.162195E+00 1.074012E+01 
1.834374E-01 3.059705E-03 3.550949E-01 1.722979E-01 -1.371418E+00 5.951676E-01 -1.636621E-01 9.816983E-01 2.765825E-02 1.005073E-03 3.574898E+00 9.007725E+00 
1.724605E-01 6.549108E-03 3.464977E-01 1.707230E-01 -1.395647E+00 5.801504E-01 -1.252869E-01 9.673179E-01 2.816098E-02 8.506697E-04 4.034400E+00 8.204330E+00 
1.660136E-01 4.797823E-03 3.460706E-01 1.769663E-01 -1.300467E+00 5.891462E-01 -1.326874E-01 9.524556E-01 2.792583E-02 1.444623E-03 4.275502E+00 1.009348E+01 
1.695225E-01 5.488085E-03 3.204176E-01 1.791496E-01 -1.449206E+00 5.808375E-01 -1.209035E-01 9.287967E-01 3.031393E-02 2.814699E-04 4.046953E+00 8.564412E+00 
1.673656E-01 6.548399E-03 3.356459E-01 1.754138E-01 -1.467792E+00 5.802537E-01 -1.020626E-01 9.535247E-01 2.921691E-02 5.432507E-04 4.401553E+00 8.999464E+00 
1.551431E-01 4.462408E-03 3.453952E-01 1.781850E-01 -1.422253E+00 5.809917E-01 -8.227486E-02 9.508653E-01 2.628842E-02 4.130154E-04 3.850724E+00 8.369968E+00 
1.754172E-01 3.928285E-03 3.266481E-01 1.757561E-01 -1.429872E+00 5.905402E-01 -1.520918E-01 9.620883E-01 2.984604E-02 1.282401E-03 4.447001E+00 7.661300E+00 
1.728964E-01 4.801798E-03 3.554784E-01 1.789245E-01 -1.409373E+00 5.918546E-01 -1.236654E-01 9.580364E-01 2.924594E-02 1.097932E-03 4.364205E+00 9.588320E+00 
1.668167E-01 8.665322E-03 3.735028E-01 1.742726E-01 -1.477701E+00 5.824678E-01 -1.241433E-01 9.036048E-01 2.690013E-02 1.120848E-03 4.450379E+00 8.937349E+00 
1.643102E-01 7.095551E-03 3.454041E-01 1.820466E-01 -1.438901E+00 5.953810E-01 -1.373556E-01 8.693125E-01 2.656869E-02 1.247044E-03 4.480547E+00 9.318450E+00 
1.582776E-01 2.675457E-03 3.539809E-01 1.785492E-01 -1.402358E+00 5.915746E-01 -1.255528E-01 9.478246E-01 2.528108E-02 1.104954E-03 4.474829E+00 9.401696E+00 
1.803788E-01 5.699069E-03 3.303400E-01 1.821854E-01 -1.397683E+00 6.000000E-01 -1.192577E-01 8.769773E-01 2.795631E-02 9.432006E-04 4.645538E+00 8.403321E+00 
1.707210E-01 4.310569E-03 3.312575E-01 1.717191E-01 -1.435676E+00 5.846759E-01 -1.642272E-01 9.862153E-01 2.961156E-02 1.405102E-03 4.005701E+00 9.410794E+00 
1.768547E-01 5.573445E-03 3.010631E-01 1.795603E-01 -1.310258E+00 5.940173E-01 -1.202911E-01 9.374986E-01 2.698634E-02 1.169434E-03 4.433220E+00 9.350597E+00 
1.596110E-01 6.373039E-03 3.356914E-01 1.777689E-01 -1.352640E+00 5.847189E-01 -1.365472E-01 8.526230E-01 2.896214E-02 2.041492E-04 4.352515E+00 8.436340E+00 
1.546746E-01 6.453730E-03 3.176510E-01 1.804590E-01 -1.366548E+00 5.861814E-01 -1.230219E-01 9.988048E-01 2.873845E-02 3.861565E-04 4.346455E+00 8.522252E+00 
1.828916E-01 1.092573E-02 3.454153E-01 1.787047E-01 -1.509965E+00 5.860830E-01 -1.350256E-01 9.094945E-01 2.707094E-02 2.621077E-04 4.703981E+00 9.232541E+00 
1.711782E-01 5.139786E-03 3.378696E-01 1.789424E-01 -1.441144E+00 5.736872E-01 -1.124902E-01 9.621771E-01 2.819034E-02 1.148254E-03 4.271201E+00 8.792261E+00 
1.602664E-01 5.261269E-03 3.291706E-01 1.785304E-01 -1.435050E+00 6.000000E-01 -1.366170E-01 9.485790E-01 2.912831E-02 8.409419E-04 4.028863E+00 9.472934E+00 
1.705571E-01 5.286875E-03 3.373039E-01 1.790602E-01 -1.418903E+00 5.848561E-01 -1.461349E-01 9.252880E-01 2.870634E-02 7.534278E-04 4.158116E+00 8.683147E+00 
1.774653E-01 4.753017E-03 3.592104E-01 1.801892E-01 -1.404300E+00 5.988741E-01 -1.527595E-01 9.102956E-01 2.719457E-02 9.903834E-04 4.429049E+00 8.034475E+00 
1.503491E-01 5.788720E-03 3.318270E-01 1.721711E-01 -1.343456E+00 5.782403E-01 -1.375963E-01 1.025034E+00 2.773169E-02 1.002305E-03 4.477450E+00 9.320592E+00 
1.752545E-01 5.953717E-03 3.402413E-01 1.820347E-01 -1.412743E+00 5.860679E-01 -1.367043E-01 9.767045E-01 2.889417E-02 8.244378E-04 4.300678E+00 9.024053E+00 
1.603885E-01 6.512548E-03 3.372714E-01 1.813153E-01 -1.478603E+00 5.875580E-01 -1.386362E-01 8.564735E-01 3.119215E-02 3.172934E-03 4.122701E+00 9.604838E+00 
1.711975E-01 6.330028E-03 3.412587E-01 1.782800E-01 -1.235523E+00 5.812641E-01 -9.927952E-02 9.508991E-01 3.039065E-02 1.211019E-03 4.082668E+00 8.421263E+00 
1.833658E-01 4.884930E-03 3.524095E-01 1.841926E-01 -1.370890E+00 5.863611E-01 -1.937212E-01 9.224403E-01 2.769127E-02 6.358671E-04 4.352902E+00 8.400550E+00 
1.639532E-01 7.830310E-03 3.511366E-01 1.807632E-01 -1.360171E+00 5.907723E-01 -1.722904E-01 1.011076E+00 2.698968E-02 1.077918E-03 4.171547E+00 8.715434E+00 
1.797914E-01 4.932359E-03 3.325183E-01 1.716289E-01 -1.361726E+00 5.810704E-01 -1.477875E-01 1.003191E+00 2.763022E-02 1.221847E-03 4.143897E+00 9.520298E+00 
1.702133E-01 5.167729E-03 3.420105E-01 1.789435E-01 -1.418614E+00 5.811815E-01 -1.731192E-01 9.340487E-01 2.739044E-02 7.864332E-04 4.245232E+00 9.641566E+00 
1.919187E-01 4.974735E-03 3.389571E-01 1.845683E-01 -1.097080E+00 5.963446E-01 -1.722937E-01 8.853245E-01 2.642053E-02 3.694553E-04 3.962779E+00 7.832901E+00 
1.709898E-01 6.919365E-03 3.378365E-01 1.797032E-01 -1.260697E+00 5.845517E-01 -1.313334E-01 9.111817E-01 2.869331E-02 1.157953E-03 4.502186E+00 8.712606E+00 
1.633395E-01 2.924843E-03 3.383819E-01 1.774109E-01 -1.292453E+00 5.893075E-01 -1.452878E-01 1.000214E+00 3.001011E-02 1.013196E-03 4.123574E+00 9.160700E+00 
1.822396E-01 5.094044E-03 3.660228E-01 1.676798E-01 -1.368965E+00 5.868525E-01 -1.698560E-01 9.015259E-01 2.878056E-02 2.357073E-03 3.845694E+00 8.668561E+00 
1.635989E-01 5.552130E-03 3.431352E-01 1.775635E-01 -1.309826E+00 5.049033E-01 -1.053955E-01 5.811457E-01 2.990515E-02 1.134510E-03 4.040703E+00 9.117510E+00 
1.648760E-01 5.433335E-03 3.508572E-01 1.755716E-01 -1.452998E+00 5.876642E-01 -1.009631E-01 9.677150E-01 2.891619E-02 1.267870E-03 3.994230E+00 9.023404E+00 
1.654080E-01 1.471875E-02 3.345419E-01 1.801102E-01 -1.462225E+00 5.011694E-01 -1.618879E-01 1.361610E+00 2.830167E-02 9.445788E-04 3.901424E+00 7.832733E+00 
1.657443E-01 5.880924E-03 3.473296E-01 1.775731E-01 -1.494559E+00 5.935959E-01 -1.613505E-01 1.145661E+00 2.721535E-02 7.520897E-04 4.254983E+00 9.241678E+00 
1.793918E-01 6.200086E-03 3.410853E-01 1.839721E-01 -1.508485E+00 5.971362E-01 -1.492489E-01 1.011961E+00 2.907716E-02 8.029806E-04 3.995945E+00 9.332237E+00 
1.763374E-01 5.490209E-03 3.382110E-01 1.771886E-01 -1.432403E+00 5.812652E-01 -1.520323E-01 8.996315E-01 2.694650E-02 2.904052E-04 3.724527E+00 8.243659E+00 
1.695315E-01 6.298136E-03 3.487748E-01 1.817684E-01 -1.361982E+00 5.814369E-01 -1.341713E-01 9.232692E-01 2.669642E-02 1.430567E-03 4.827744E+00 8.122152E+00 
1.788897E-01 5.344842E-03 3.199814E-01 1.839271E-01 -1.522654E+00 5.694268E-01 -1.185960E-01 9.151963E-01 3.033322E-02 7.772228E-04 4.261215E+00 8.406104E+00 
1.782636E-01 5.475810E-03 3.527137E-01 1.740487E-01 -1.490928E+00 5.927426E-01 -1.389450E-01 9.882564E-01 2.671818E-02 1.486718E-03 4.315157E+00 9.527662E+00 
1.677847E-01 4.289691E-03 3.519981E-01 1.783295E-01 -1.443661E+00 5.858820E-01 -1.083303E-01 8.887633E-01 2.765574E-02 1.400977E-03 3.721388E+00 9.710664E+00 
1.697096E-01 5.137458E-03 3.493823E-01 1.811429E-01 -1.438763E+00 5.902327E-01 -1.678098E-01 8.970809E-01 2.697749E-02 4.184088E-04 4.166740E+00 9.263309E+00 
1.656927E-01 5.322102E-03 3.358906E-01 1.802970E-01 -1.446237E+00 5.814170E-01 -1.175041E-01 9.586951E-01 2.377806E-02 5.789424E-04 4.655285E+00 8.633334E+00 
1.534970E-01 1.777242E-03 3.606184E-01 1.761307E-01 -1.325931E+00 6.000000E-01 -1.687138E-01 8.962827E-01 2.850186E-02 1.293092E-03 4.446516E+00 9.189659E+00 
1.701259E-01 3.017118E-03 3.404047E-01 1.727788E-01 -1.472376E+00 5.761466E-01 -1.124492E-01 9.353979E-01 2.571162E-02 1.827112E-03 4.251834E+00 8.286705E+00 
1.802329E-01 6.933257E-03 3.529300E-01 1.791061E-01 -1.319594E+00 5.974568E-01 -1.679529E-01 9.154675E-01 2.873954E-02 1.082524E-03 4.094707E+00 9.044293E+00 
1.718107E-01 6.691544E-03 3.375108E-01 1.819899E-01 -1.447485E+00 5.877467E-01 -1.174699E-01 8.886404E-01 2.579736E-02 1.700339E-03 4.047925E+00 1.004578E+01 
1.783022E-01 4.790300E-03 3.385670E-01 1.736766E-01 -1.428814E+00 5.906808E-01 -1.556386E-01 9.512299E-01 2.908932E-02 1.749789E-03 4.058670E+00 1.001628E+01 
1.700199E-01 5.533244E-03 3.473289E-01 1.758800E-01 -1.423110E+00 5.787082E-01 -8.865220E-02 9.613270E-01 2.795900E-02 1.464729E-03 4.298305E+00 9.141495E+00 
1.891621E-01 7.752532E-03 3.306491E-01 1.843200E-01 -1.418567E+00 5.855707E-01 -1.103793E-01 9.266441E-01 2.819939E-02 9.420372E-04 4.097788E+00 9.135511E+00 
1.782737E-01 1.107001E-02 3.446189E-01 1.839416E-01 -1.367779E+00 5.839220E-01 -1.426280E-01 9.094537E-01 2.811641E-02 1.345294E-03 4.462547E+00 8.954134E+00 
1.774885E-01 5.121424E-03 3.253507E-01 1.807810E-01 -1.420949E+00 5.787937E-01 -1.366631E-01 9.979688E-01 2.901576E-02 8.914384E-04 4.519522E+00 9.635960E+00 
1.645566E-01 5.263186E-03 3.496323E-01 1.846560E-01 -1.402854E+00 5.890724E-01 -1.083703E-01 9.620408E-01 2.857544E-02 3.064670E-03 4.301546E+00 9.696917E+00 
1.837799E-01 6.412254E-03 3.370438E-01 1.846012E-01 -1.435763E+00 5.889889E-01 -1.836532E-01 9.745578E-01 2.911914E-02 1.078594E-03 4.474632E+00 9.100671E+00 
1.745744E-01 8.068587E-03 3.406813E-01 1.753869E-01 -1.469579E+00 5.907657E-01 -1.827262E-01 8.860280E-01 2.917846E-02 9.677514E-04 3.991344E+00 8.356347E+00 
1.825351E-01 6.431705E-03 3.422632E-01 1.753294E-01 -1.456699E+00 5.951441E-01 -1.722649E-01 9.495805E-01 2.867867E-02 1.387966E-03 4.560362E+00 9.631497E+00 
1.781877E-01 6.820358E-03 3.293582E-01 1.795562E-01 -1.445116E+00 5.858552E-01 -1.547006E-01 8.995693E-01 2.861036E-02 1.394226E-04 3.557145E+00 9.591535E+00 
1.829245E-01 5.728461E-03 3.389053E-01 1.808544E-01 -1.456905E+00 5.918646E-01 -1.526078E-01 9.698445E-01 2.731919E-02 1.403656E-03 3.542685E+00 7.780140E+00 
1.845759E-01 4.240687E-03 3.435412E-01 1.702670E-01 -1.340122E+00 5.509877E-01 -1.235915E-01 9.518617E-01 2.811250E-02 2.520682E-04 4.721542E+00 8.808889E+00 
1.652266E-01 7.681461E-03 3.390668E-01 1.790518E-01 -1.468683E+00 5.770285E-01 -1.178558E-01 1.001725E+00 2.899662E-02 9.335435E-04 3.928572E+00 9.368861E+00 
1.711726E-01 2.278137E-03 3.471691E-01 1.804217E-01 -1.507324E+00 5.687675E-01 -1.323570E-01 9.090481E-01 2.836775E-02 9.575749E-04 3.839072E+00 8.363645E+00 
1.791563E-01 6.108849E-03 3.337339E-01 1.771802E-01 -1.342205E+00 5.949350E-01 -1.152701E-01 9.062343E-01 2.718281E-02 6.760045E-04 4.283800E+00 8.200088E+00 
1.662971E-01 7.780304E-03 3.437100E-01 1.811020E-01 -1.443522E+00 5.925865E-01 -1.538422E-01 9.437462E-01 2.885207E-02 6.805227E-04 4.433007E+00 9.893821E+00 
1.735242E-01 8.639320E-03 3.617367E-01 1.792393E-01 -1.271861E+00 5.908296E-01 -1.804042E-01 9.623236E-01 2.942145E-02 1.142141E-03 4.253253E+00 8.300259E+00 
1.630496E-01 4.014253E-03 3.272982E-01 1.769680E-01 -1.340982E+00 5.812819E-01 -1.257695E-01 9.895933E-01 2.724698E-02 7.442026E-04 4.364677E+00 8.294033E+00 
1.859542E-01 6.697214E-03 3.501762E-01 1.773749E-01 -1.444552E+00 5.919381E-01 -1.675544E-01 9.544963E-01 2.948528E-02 1.511791E-03 4.330715E+00 9.256231E+00 
1.698475E-01 7.768548E-03 3.239349E-01 1.784447E-01 -1.451765E+00 5.805698E-01 -1.206025E-01 9.444376E-01 2.942255E-02 7.012843E-04 4.579823E+00 8.651725E+00 
1.672746E-01 5.040502E-03 3.279316E-01 1.722654E-01 -1.459980E+00 5.901861E-01 -1.156775E-01 9.795430E-01 2.895111E-02 2.000300E-04 3.882729E+00 9.591949E+00 
1.694066E-01 6.637149E-03 3.152750E-01 1.722551E-01 -1.395609E+00 5.770882E-01 -1.752906E-01 9.467109E-01 2.713342E-02 1.474181E-03 4.017434E+00 8.991764E+00 
1.879341E-01 7.250587E-03 3.523201E-01 1.775465E-01 -1.443960E+00 5.576933E-01 -1.918471E-01 9.493168E-01 2.681045E-02 2.491831E-03 4.210538E+00 9.286481E+00 
1.780232E-01 4.528923E-03 3.236473E-01 1.761908E-01 -1.265181E+00 5.862254E-01 -1.592374E-01 1.001890E+00 2.717119E-02 2.014832E-03 4.159008E+00 9.844501E+00 
1.533850E-01 1.035414E-02 3.428591E-01 1.807524E-01 -1.247773E+00 5.734986E-01 -1.250395E-01 9.395304E-01 2.673204E-02 1.663223E-03 4.156026E+00 8.327496E+00 
1.377766E-01 1.861289E-02 3.425195E-01 1.772999E-01 -1.323553E+00 5.603753E-01 -1.502991E-01 9.233077E-01 2.968678E-02 4.542787E-03 4.249896E+00 8.868141E+00 
1.775155E-01 5.092969E-03 3.225393E-01 1.828127E-01 -1.331077E+00 5.844800E-01 -1.481376E-01 9.646076E-01 2.957264E-02 1.541567E-03 4.101695E+00 7.959964E+00 
1.475256E-01 9.302398E-03 3.484935E-01 1.751617E-01 -1.353569E+00 5.758769E-01 -9.454618E-02 9.346033E-01 2.796166E-02 1.416308E-03 4.609095E+00 9.826899E+00 
1.797832E-01 5.409573E-03 3.420989E-01 1.798449E-01 -1.394035E+00 5.893967E-01 -1.542823E-01 8.959482E-01 2.695242E-02 1.334682E-03 4.066133E+00 8.387396E+00 
1.456937E-01 1.107657E-02 3.535381E-01 1.773668E-01 -1.334771E+00 5.794823E-01 -7.535626E-02 1.038321E+00 2.783341E-02 1.935001E-03 4.197547E+00 9.993652E+00 
1.782856E-01 1.549875E-03 3.505882E-01 1.814381E-01 -1.390386E+00 5.942963E-01 -1.802735E-01 9.206621E-01 2.763147E-02 7.148173E-04 4.284983E+00 8.266368E+00 
1.682317E-01 6.046334E-03 3.448491E-01 1.762022E-01 -1.503038E+00 5.899204E-01 -1.426810E-01 9.162127E-01 3.015620E-02 6.730691E-04 4.370902E+00 9.306197E+00 
1.893910E-01 1.695020E-02 3.493517E-01 1.751961E-01 -1.449470E+00 3.918614E-01 -1.926488E-01 8.080261E-01 2.668375E-02 3.566976E-03 4.184095E+00 9.149893E+00 
1.881408E-01 6.938263E-03 3.469625E-01 1.821021E-01 -1.357739E+00 5.961078E-01 -1.395019E-01 9.036897E-01 2.824720E-02 1.403822E-03 4.074887E+00 8.282340E+00 
1.786494E-01 6.461681E-03 3.540970E-01 1.807396E-01 -1.405100E+00 5.864065E-01 -1.802872E-01 9.356632E-01 2.556163E-02 5.180429E-04 4.282265E+00 8.507728E+00 
1.896634E-01 6.763275E-03 3.476965E-01 1.841096E-01 -1.407451E+00 5.731183E-01 -1.420735E-01 8.528906E-01 2.659977E-02 6.214432E-04 4.161625E+00 9.402917E+00 
1.862849E-01 5.778423E-03 3.491093E-01 1.807745E-01 -1.416378E+00 5.878466E-01 -1.387712E-01 8.881389E-01 2.790123E-02 1.116122E-03 4.151221E+00 8.783435E+00 
1.663539E-01 5.411237E-03 3.347864E-01 1.730125E-01 -1.430213E+00 5.919724E-01 -1.106268E-01 8.957275E-01 2.811373E-02 9.560124E-04 4.419774E+00 8.882870E+00 
1.671339E-01 5.334837E-03 3.465609E-01 1.679932E-01 -1.485123E+00 5.817688E-01 -1.195539E-01 8.968095E-01 3.016232E-02 1.588250E-03 4.065711E+00 9.421147E+00 
1.787302E-01 6.533558E-03 3.368616E-01 1.796230E-01 -1.436510E+00 5.881988E-01 -1.870760E-01 9.023063E-01 2.796454E-02 1.109793E-03 4.242160E+00 8.868634E+00 
1.737289E-01 4.669893E-03 3.356448E-01 1.753815E-01 -1.374694E+00 5.946275E-01 -1.302358E-01 9.188588E-01 2.880657E-02 1.846916E-03 4.427874E+00 9.926050E+00 
1.897958E-01 5.327943E-03 3.357612E-01 1.784583E-01 -1.487470E+00 5.868329E-01 -1.290031E-01 9.398822E-01 2.594277E-02 1.156942E-03 4.215187E+00 8.982989E+00 
1.646347E-01 5.228168E-03 3.313435E-01 1.798224E-01 -1.457533E+00 5.778573E-01 -1.157293E-01 9.592358E-01 2.870986E-02 2.483911E-04 3.823894E+00 9.366526E+00 
1.855566E-01 6.581798E-03 3.173133E-01 1.818449E-01 -1.276392E+00 5.852422E-01 -1.412686E-01 9.664613E-01 2.732331E-02 1.081463E-03 4.236516E+00 9.440805E+00 
1.808536E-01 5.567100E-03 3.385098E-01 1.849927E-01 -1.450938E+00 5.964768E-01 -1.336174E-01 9.227999E-01 2.967530E-02 8.668845E-04 3.616601E+00 8.629176E+00 
1.723448E-01 6.436890E-03 3.340236E-01 1.829171E-01 -1.480817E+00 5.892851E-01 -1.611811E-01 9.302918E-01 2.730644E-02 6.563278E-04 4.065260E+00 8.610588E+00 
1.723432E-01 5.646058E-03 3.427245E-01 1.788261E-01 -1.414913E+00 5.852519E-01 -1.032539E-01 8.715153E-01 2.770863E-02 7.160585E-04 4.206951E+00 9.565837E+00 
1.769939E-01 5.842250E-03 3.218582E-01 1.756644E-01 -1.361841E+00 5.789508E-01 -1.292911E-01 8.880116E-01 2.846991E-02 9.151783E-04 4.081405E+00 9.174850E+00 
1.579245E-01 6.028415E-03 3.441628E-01 1.824257E-01 -1.518242E+00 5.881985E-01 -1.445657E-01 8.917214E-01 2.809450E-02 1.834386E-03 4.141743E+00 9.820924E+00 
1.925561E-01 5.465160E-04 3.186848E-01 1.832206E-01 -1.109817E+00 5.499300E-01 -1.648257E-01 1.057173E+00 2.698534E-02 9.396027E-04 3.958182E+00 8.114012E+00 
1.660272E-01 3.379529E-03 3.324417E-01 1.783024E-01 -1.349102E+00 5.927872E-01 -1.213693E-01 1.011397E+00 2.711841E-02 1.297594E-03 4.053916E+00 8.961334E+00 
1.726601E-01 4.933811E-03 3.316443E-01 1.717725E-01 -1.383154E+00 5.792618E-01 -1.207653E-01 1.053902E+00 2.844349E-02 3.121469E-04 4.040793E+00 9.073372E+00 
1.748120E-01 6.050876E-03 3.397739E-01 1.760797E-01 -1.365887E+00 5.836439E-01 -1.250173E-01 9.558116E-01 2.890900E-02 1.144825E-03 3.649915E+00 9.263513E+00 
1.845041E-01 8.329510E-03 3.487719E-01 1.826041E-01 -1.564172E+00 5.978260E-01 -1.346318E-01 8.646014E-01 2.471679E-02 2.058486E-03 4.234312E+00 8.788313E+00 
1.824145E-01 5.686522E-03 3.511847E-01 1.811743E-01 -1.422955E+00 5.872903E-01 -1.360340E-01 9.926390E-01 2.877182E-02 8.325946E-04 4.018047E+00 9.364251E+00 
1.820409E-01 4.584952E-03 3.200855E-01 1.831182E-01 -1.401392E+00 5.944660E-01 -1.394746E-01 9.404612E-01 2.937518E-02 5.012678E-04 4.123113E+00 9.084111E+00 
1.525609E-01 4.788908E-02 3.580723E-01 1.741310E-01 -1.398434E+00 4.146243E-01 -1.798433E-01 9.877650E-01 2.641226E-02 2.051356E-03 3.693106E+00 8.525399E+00 
1.631562E-01 5.937707E-03 3.483473E-01 1.747683E-01 -1.477407E+00 5.762275E-01 -1.271927E-01 9.458830E-01 3.102006E-02 8.713549E-04 4.092484E+00 8.802545E+00 
1.797944E-01 6.560576E-03 3.294148E-01 1.811987E-01 -1.429202E+00 5.837093E-01 -1.231800E-01 9.749309E-01 2.721588E-02 1.115621E-03 4.046764E+00 8.044950E+00 
1.715748E-01 4.802336E-03 3.511314E-01 1.770566E-01 -1.321945E+00 5.809636E-01 -1.397199E-01 9.856179E-01 2.836021E-02 2.074016E-03 4.030026E+00 9.977265E+00 
1.827860E-01 5.837141E-03 3.397432E-01 1.790629E-01 -1.432247E+00 5.908261E-01 -1.476208E-01 1.011543E+00 2.875355E-02 4.833724E-04 4.029447E+00 9.544611E+00 
1.671703E-01 5.557208E-03 3.426952E-01 1.778235E-01 -1.474528E+00 5.936458E-01 -1.350364E-01 1.050308E+00 3.024651E-02 2.329082E-03 4.267171E+00 1.074576E+01 
1.592461E-01 4.817532E-03 3.391548E-01 1.751711E-01 -1.413545E+00 5.840040E-01 -1.341638E-01 1.045848E+00 2.781045E-02 1.083315E-03 4.437034E+00 9.055001E+00 
1.680178E-01 5.904959E-03 3.422333E-01 1.797094E-01 -1.426059E+00 5.846281E-01 -1.089645E-01 9.789318E-01 2.882270E-02 3.834382E-04 4.482465E+00 9.304717E+00 
1.738767E-01 5.838306E-03 3.433192E-01 1.785833E-01 -1.403266E+00 5.882913E-01 -1.747140E-01 9.883418E-01 2.948319E-02 6.350594E-04 4.017811E+00 8.739460E+00 
1.743450E-01 5.224613E-03 3.426927E-01 1.781275E-01 -1.371817E+00 5.928370E-01 -1.925842E-01 8.938213E-01 2.764676E-02 8.801107E-04 3.981618E+00 9.312880E+00 
1.733612E-01 5.888636E-03 3.471016E-01 1.832897E-01 -1.479110E+00 5.907053E-01 -1.279298E-01 9.277938E-01 2.594771E-02 1.042014E-03 4.085641E+00 8.449591E+00 
1.738826E-01 4.545647E-03 3.181635E-01 1.779403E-01 -1.376935E+00 5.832736E-01 -1.489023E-01 9.955135E-01 2.461355E-02 4.630536E-04 4.331116E+00 9.444236E+00 
1.698102E-01 4.778256E-03 3.431329E-01 1.776934E-01 -1.434563E+00 5.896805E-01 -1.245664E-01 9.563895E-01 2.671488E-02 1.397134E-03 4.024159E+00 9.105650E+00 
1.685957E-01 1.346002E-02 3.626562E-01 1.851893E-01 -1.437002E+00 5.899174E-01 -1.110753E-01 9.578629E-01 2.763328E-02 1.195538E-03 4.295948E+00 9.512148E+00 
1.722581E-01 5.494283E-03 3.252211E-01 1.822240E-01 -1.477814E+00 5.959534E-01 -1.367332E-01 8.942686E-01 2.775547E-02 1.252850E-03 4.109535E+00 9.072031E+00 
1.718604E-01 3.406029E-03 3.463045E-01 1.845894E-01 -1.437518E+00 5.835421E-01 -1.433892E-01 9.325705E-01 2.962091E-02 2.930829E-04 4.704426E+00 8.597806E+00 
1.792814E-01 5.681243E-03 3.418044E-01 1.735551E-01 -1.337152E+00 5.866398E-01 -1.727811E-01 9.669648E-01 2.843258E-02 6.924287E-04 3.860483E+00 8.403287E+00 
1.712961E-01 5.847856E-03 3.443188E-01 1.784485E-01 -1.303906E+00 5.888313E-01 -1.226481E-01 9.722596E-01 2.809582E-02 1.097663E-03 4.195749E+00 1.030239E+01 
1.566098E-01 2.659316E-03 3.519099E-01 1.779469E-01 -1.338769E+00 5.964970E-01 -1.202266E-01 9.300893E-01 2.787214E-02 8.131581E-04 4.188847E+00 8.254818E+00 
1.689495E-01 4.170000E-03 3.400435E-01 1.781916E-01 -1.414158E+00 5.979799E-01 -1.196159E-01 9.229361E-01 2.865018E-02 1.157682E-03 4.092128E+00 9.025603E+00 
1.565110E-01 3.489162E-03 3.093566E-01 1.772647E-01 -1.334215E+00 5.854643E-01 -1.235181E-01 1.163490E+00 2.859946E-02 1.115190E-03 3.933662E+00 8.494507E+00 
1.680343E-01 4.281151E-03 3.414759E-01 1.785244E-01 -1.414626E+00 5.872991E-01 -1.233266E-01 9.069980E-01 2.715110E-02 6.423388E-04 4.168061E+00 9.288648E+00 
1.781112E-01 5.530129E-03 3.388163E-01 1.816042E-01 -1.436113E+00 5.824867E-01 -1.254987E-01 9.335621E-01 2.756316E-02 1.198150E-03 4.285776E+00 9.060748E+00 
1.794224E-01 8.124640E-03 3.501207E-01 1.754882E-01 -1.376163E+00 5.881475E-01 -1.430167E-01 9.313925E-01 2.879075E-02 1.160651E-03 4.619427E+00 8.555788E+00 
1.592834E-01 4.395205E-03 3.268848E-01 1.761667E-01 -1.337570E+00 5.935463E-01 -1.277599E-01 9.606691E-01 2.875787E-02 1.781256E-03 4.250389E+00 8.819242E+00 
1.818565E-01 3.713718E-03 3.467760E-01 1.774468E-01 -1.438612E+00 5.777157E-01 -1.247282E-01 9.253791E-01 2.798528E-02 8.176316E-04 4.153914E+00 8.111652E+00 
1.168158E-01 4.154753E-03 3.237108E-01 1.788765E-01 -1.421976E+00 5.841337E-01 -1.283601E-01 9.578768E-01 2.783387E-02 0.000000E+00 3.944349E+00 1.029050E+01 
1.709374E-01 5.750122E-03 3.467511E-01 1.787206E-01 -1.356265E+00 5.851671E-01 -1.469189E-01 9.596898E-01 2.915962E-02 6.440858E-04 4.240681E+00 7.696730E+00 
1.573899E-01 4.977095E-03 3.410144E-01 1.774682E-01 -1.386568E+00 5.967084E-01 -1.606829E-01 9.395480E-01 2.524325E-02 1.056626E-03 4.518155E+00 8.960583E+00 
1.804317E-01 4.444374E-03 3.319242E-01 1.801185E-01 -1.538085E+00 5.901170E-01 -1.036733E-01 9.780648E-01 2.897843E-02 6.890295E-04 4.039059E+00 8.646495E+00 
1.791444E-01 5.198596E-03 3.529342E-01 1.751650E-01 -1.383565E+00 5.874884E-01 -1.608205E-01 9.384421E-01 2.828908E-02 6.613805E-04 3.808749E+00 9.081305E+00 
1.641835E-01 4.202190E-03 3.100495E-01 1.786514E-01 -1.449762E+00 5.837394E-01 -9.578874E-02 9.181413E-01 2.834491E-02 1.623691E-03 4.279800E+00 1.022000E+01 
1.895616E-01 4.977048E-03 2.995056E-01 1.808611E-01 -1.324398E+00 5.796840E-01 -1.354969E-01 9.149930E-01 3.102820E-02 1.560573E-03 3.994053E+00 9.277792E+00 
1.719092E-01 9.091193E-03 3.350674E-01 1.780440E-01 -1.377713E+00 5.843879E-01 -1.306121E-01 9.713472E-01 2.812317E-02 7.986162E-04 3.954374E+00 8.731222E+00 
1.683808E-01 8.224949E-03 3.380092E-01 1.745224E-01 -1.372278E+00 5.857530E-01 -1.598959E-01 9.071840E-01 2.789699E-02 8.834672E-04 4.568765E+00 8.640669E+00 
1.738844E-01 6.791472E-03 3.370107E-01 1.788685E-01 -1.461749E+00 5.855771E-01 -1.302033E-01 9.383254E-01 2.858000E-02 9.431157E-04 4.438903E+00 8.661253E+00 
1.680992E-01 4.699961E-03 3.384454E-01 1.812176E-01 -1.455904E+00 5.853777E-01 -1.382521E-01 9.352562E-01 2.764092E-02 1.201114E-03 4.177405E+00 8.721147E+00 
1.620505E-01 6.361478E-03 3.481975E-01 1.752511E-01 -1.470434E+00 5.871557E-01 -1.605315E-01 9.511433E-01 2.660743E-02 7.758504E-04 4.287887E+00 8.646231E+00 
1.700143E-01 6.976124E-03 3.607357E-01 1.777124E-01 -1.410217E+00 5.859790E-01 -1.337273E-01 9.887819E-01 2.777567E-02 1.678658E-03 4.363611E+00 9.468276E+00 
1.773055E-01 2.688117E-03 3.427526E-01 1.758308E-01 -1.468500E+00 5.889980E-01 -1.808527E-01 9.007740E-01 2.839567E-02 4.362735E-04 4.108304E+00 8.852586E+00 
1.782420E-01 7.517644E-03 3.436221E-01 1.839937E-01 -1.390597E+00 5.945434E-01 -1.496369E-01 8.644603E-01 2.714931E-02 3.391472E-04 4.323299E+00 9.003518E+00 
1.698948E-01 5.809174E-03 3.210423E-01 1.809824E-01 -1.483028E+00 5.797443E-01 -1.060247E-01 9.936844E-01 2.739619E-02 1.515701E-03 4.517220E+00 8.671476E+00 
1.711489E-01 4.725272E-03 3.347809E-01 1.771456E-01 -1.371207E+00 5.828352E-01 -1.412686E-01 9.395889E-01 2.772637E-02 5.089558E-04 4.261118E+00 1.010705E+01 
1.960317E-01 1.106342E-02 3.248068E-01 1.771139E-01 -1.485033E+00 5.697412E-01 -1.056720E-01 9.739494E-01 2.842268E-02 2.157877E-03 4.295531E+00 8.707345E+00 
1.750042E-01 6.772010E-03 3.464535E-01 1.758247E-01 -1.473265E+00 5.898187E-01 -1.590818E-01 1.028592E+00 2.653246E-02 5.501366E-04 4.178851E+00 9.235958E+00 
1.608006E-01 4.635612E-03 3.301505E-01 1.763830E-01 -1.396710E+00 5.995538E-01 -1.313387E-01 9.690327E-01 2.891644E-02 9.733048E-04 4.125142E+00 9.234244E+00 
1.835976E-01 5.852217E-03 3.201126E-01 1.766930E-01 -1.420432E+00 5.968073E-01 -1.290593E-01 9.673191E-01 2.725729E-02 1.126293E-03 4.238988E+00 8.341782E+00 
1.608693E-01 5.302686E-03 3.228223E-01 1.791765E-01 -1.401014E+00 5.868725E-01 -7.777972E-02 9.635461E-01 2.974215E-02 3.388660E-03 3.645991E+00 9.355952E+00 
1.674609E-01 5.664819E-03 3.522264E-01 1.809267E-01 -1.383090E+00 5.994144E-01 -1.476814E-01 9.430332E-01 2.792035E-02 2.664786E-03 4.474420E+00 9.247579E+00 
1.651367E-01 5.733155E-03 3.351091E-01 1.823035E-01 -1.438903E+00 5.792378E-01 -1.332344E-01 1.000128E+00 2.883683E-02 2.300747E-03 4.374954E+00 8.155169E+00 
1.900795E-01 6.904487E-03 3.431800E-01 1.805960E-01 -1.387192E+00 5.904254E-01 -1.605631E-01 9.075981E-01 2.668498E-02 1.303133E-03 3.791964E+00 9.435278E+00 
1.834857E-01 4.597450E-03 3.510231E-01 1.771751E-01 -1.385980E+00 5.879512E-01 -1.667425E-01 9.438652E-01 2.761192E-02 1.876969E-03 4.460576E+00 9.116541E+00 
1.826479E-01 3.716008E-03 3.141020E-01 1.782485E-01 -1.407850E+00 5.774993E-01 -1.384494E-01 9.136624E-01 2.707970E-02 1.045696E-03 4.178064E+00 8.909738E+00 
1.679487E-01 4.112342E-03 3.411113E-01 1.778356E-01 -1.586770E+00 5.860910E-01 -1.506624E-01 8.957299E-01 2.661339E-02 9.953091E-04 4.447797E+00 9.185272E+00 
1.835093E-01 6.910879E-03 3.533837E-01 1.800749E-01 -1.349571E+00 5.858875E-01 -1.275832E-01 9.530353E-01 2.759325E-02 1.610881E-03 4.448360E+00 8.587377E+00 
1.690776E-01 7.698647E-03 3.325182E-01 1.791276E-01 -1.451021E+00 5.985623E-01 -1.232844E-01 9.341957E-01 2.632014E-02 0.000000E+00 4.105544E+00 9.191941E+00 
1.764983E-01 4.996301E-03 3.338082E-01 1.807587E-01 -1.344353E+00 5.955951E-01 -1.438493E-01 9.353885E-01 2.862988E-02 4.683656E-04 4.052991E+00 9.181061E+00 
1.704673E-01 9.218759E-03 3.632127E-01 1.799260E-01 -1.261063E+00 5.920929E-01 -1.973805E-01 9.491869E-01 2.854066E-02 6.997875E-04 4.032073E+00 8.906375E+00 
1.728184E-01 6.425277E-03 3.230469E-01 1.797885E-01 -1.277042E+00 5.804555E-01 -1.286535E-01 9.686293E-01 2.810806E-02 7.236549E-04 3.188318E+00 8.205359E+00 
1.641058E-01 9.316628E-03 3.370615E-01 1.792156E-01 -1.433448E+00 5.902871E-01 -1.080481E-01 9.449426E-01 2.937516E-02 9.064514E-04 4.528891E+00 8.841552E+00 
1.815190E-01 6.456215E-03 3.212913E-01 1.749275E-01 -1.383709E+00 5.947607E-01 -1.739971E-01 9.706110E-01 2.747447E-02 1.254379E-03 4.205680E+00 9.712670E+00 
1.731174E-01 6.194582E-03 3.504974E-01 1.796213E-01 -1.451504E+00 5.783187E-01 -1.193088E-01 1.001807E+00 2.942247E-02 8.483335E-04 4.419932E+00 9.275026E+00 
1.720322E-01 5.587031E-03 3.462636E-01 1.747954E-01 -1.383889E+00 5.941763E-01 -1.565192E-01 9.129095E-01 2.892017E-02 3.763966E-04 4.042417E+00 7.787462E+00 
1.819708E-01 6.767442E-03 3.376143E-01 1.779065E-01 -1.420941E+00 5.780886E-01 -1.465583E-01 9.242613E-01 2.375715E-02 5.349733E-04 3.991172E+00 9.934285E+00 
1.656348E-01 6.479391E-03 3.380788E-01 1.751867E-01 -1.455358E+00 5.794352E-01 -1.540298E-01 9.248324E-01 2.851809E-02 9.704187E-04 4.026308E+00 1.006923E+01 
1.830434E-01 6.181157E-03 3.368098E-01 1.785233E-01 -1.498584E+00 5.794917E-01 -1.342980E-01 9.700581E-01 2.832563E-02 1.415454E-03 4.352904E+00 9.603527E+00 
1.746490E-01 4.573981E-03 3.276162E-01 1.725015E-01 -1.462250E+00 5.808752E-01 -1.252841E-01 9.714314E-01 2.386949E-02 1.058373E-03 4.114325E+00 8.165307E+00 
1.709578E-01 3.944379E-03 3.526372E-01 1.722442E-01 -1.449482E+00 5.946793E-01 -1.267110E-01 1.045700E+00 2.762534E-02 9.229304E-04 4.046009E+00 9.376149E+00 
1.777043E-01 4.534014E-03 3.185550E-01 1.700412E-01 -1.393045E+00 5.953058E-01 -1.203658E-01 9.628468E-01 2.787977E-02 1.734841E-03 3.626362E+00 8.431572E+00 
1.711842E-01 6.145094E-03 3.321822E-01 1.790267E-01 -1.419356E+00 5.916926E-01 -1.928815E-01 9.541311E-01 2.876502E-02 1.530781E-03 4.044410E+00 8.912940E+00 
1.526972E-01 5.490749E-03 3.385202E-01 1.774762E-01 -1.467979E+00 5.928223E-01 -1.184580E-01 9.699419E-01 2.746460E-02 2.441531E-03 3.565179E+00 8.433516E+00 
1.669732E-01 8.236643E-03 3.583082E-01 1.701128E-01 -1.463596E+00 5.780740E-01 -1.187137E-01 9.603548E-01 2.697755E-02 8.364476E-04 4.602496E+00 9.917348E+00 
1.746834E-01 5.725341E-03 3.336525E-01 1.745910E-01 -1.334552E+00 5.850064E-01 -1.184638E-01 9.787804E-01 2.726698E-02 1.537545E-03 4.349644E+00 8.939897E+00 
1.857168E-01 6.049060E-03 3.470016E-01 1.716911E-01 -1.435402E+00 5.845774E-01 -1.806573E-01 9.023538E-01 2.679746E-02 8.159323E-04 4.189549E+00 8.747329E+00 
1.724390E-01 1.000000E-04 3.232015E-01 1.735553E-01 -1.386326E+00 5.528318E-01 -1.592263E-01 1.019452E+00 2.481761E-02 1.964009E-03 4.545638E+00 9.316899E+00 
1.693970E-01 4.700444E-03 3.404955E-01 1.798028E-01 -1.348937E+00 5.790686E-01 -1.461117E-01 9.780452E-01 2.755299E-02 1.102124E-03 3.866345E+00 9.342966E+00 
1.681681E-01 6.921366E-03 3.226596E-01 1.752954E-01 -1.382194E+00 5.940969E-01 -9.975748E-02 9.065983E-01 2.921965E-02 4.888553E-04 4.091474E+00 8.964440E+00 
1.769123E-01 5.288783E-03 3.554192E-01 1.805607E-01 -1.360852E+00 5.856978E-01 -1.800798E-01 9.816010E-01 2.520629E-02 5.295959E-04 4.300944E+00 9.309671E+00 
1.691125E-01 7.862669E-03 3.685711E-01 1.795512E-01 -1.501928E+00 5.899108E-01 -1.861689E-01 9.115426E-01 2.826097E-02 3.124780E-04 4.276138E+00 8.654039E+00 
1.772871E-01 6.076655E-03 3.497522E-01 1.831355E-01 -1.352497E+00 5.902424E-01 -1.443438E-01 8.841721E-01 2.691169E-02 0.000000E+00 4.200644E+00 8.524845E+00 
1.732757E-01 4.382898E-03 3.536323E-01 1.692567E-01 -1.365576E+00 5.779602E-01 -1.316931E-01 9.980306E-01 2.664141E-02 1.141279E-03 3.974871E+00 7.867991E+00 
1.713540E-01 1.621280E-03 3.472146E-01 1.924391E-01 -1.596777E+00 5.837881E-01 -1.309629E-01 1.001879E+00 2.702408E-02 3.603420E-03 4.539783E+00 8.350968E+00 
1.720812E-01 4.183438E-03 3.441956E-01 1.787570E-01 -1.439463E+00 5.800612E-01 -1.530966E-01 8.682244E-01 3.071950E-02 1.034358E-03 4.109391E+00 8.823865E+00 
1.666122E-01 4.891745E-03 3.387521E-01 1.762363E-01 -1.329973E+00 5.827061E-01 -1.064182E-01 8.938888E-01 2.641139E-02 1.981157E-03 4.018947E+00 8.970571E+00 
1.831595E-01 4.515550E-03 3.241276E-01 1.753800E-01 -1.332514E+00 5.852946E-01 -1.723219E-01 9.218621E-01 2.882401E-02 6.706207E-04 4.054863E+00 8.817196E+00 
1.875423E-01 6.085503E-03 3.381112E-01 1.771883E-01 -1.499217E+00 5.886493E-01 -1.751885E-01 9.641383E-01 2.834951E-02 1.173873E-03 4.250283E+00 7.268006E+00 
1.704082E-01 5.081156E-03 3.519075E-01 1.772870E-01 -1.441908E+00 5.869615E-01 -1.285502E-01 8.593939E-01 2.616190E-02 3.979919E-04 4.653689E+00 8.699255E+00 
1.660038E-01 4.218171E-03 3.461622E-01 1.799628E-01 -1.503497E+00 5.886010E-01 -1.772461E-01 9.344174E-01 2.730562E-02 3.984136E-04 4.394261E+00 9.039863E+00 
1.763041E-01 4.449069E-03 3.653092E-01 1.779506E-01 -1.360316E+00 5.828484E-01 -1.319487E-01 8.655344E-01 3.005061E-02 7.856147E-04 4.258346E+00 6.956463E+00 
1.633361E-01 5.271886E-03 3.215588E-01 1.786684E-01 -1.408404E+00 5.770612E-01 -1.017271E-01 9.804495E-01 2.842798E-02 6.050300E-04 3.765358E+00 9.393866E+00 
1.599036E-01 4.895041E-03 3.396132E-01 1.770664E-01 -1.467308E+00 5.844212E-01 -1.295792E-01 9.614688E-01 2.946186E-02 8.203181E-04 3.945910E+00 8.104526E+00 
1.662146E-01 5.463808E-03 3.345902E-01 1.758821E-01 -1.349607E+00 5.827869E-01 -1.426348E-01 1.009485E+00 3.031726E-02 1.278667E-03 4.222658E+00 9.118816E+00 
1.587979E-01 5.057665E-03 3.238226E-01 1.748904E-01 -1.497732E+00 5.926937E-01 -1.514991E-01 9.377443E-01 2.890019E-02 6.442138E-04 3.877397E+00 8.719162E+00 
1.619616E-01 7.523108E-03 3.427565E-01 1.832435E-01 -1.446286E+00 5.874538E-01 -1.329478E-01 9.092712E-01 2.932136E-02 7.351583E-04 4.175464E+00 8.485922E+00 
1.681249E-01 8.496749E-03 3.553082E-01 1.804116E-01 -1.474527E+00 5.704027E-01 -1.309527E-01 9.534508E-01 2.906100E-02 1.346571E-03 4.305828E+00 8.436432E+00 
1.816619E-01 4.501260E-03 3.660983E-01 1.729683E-01 -1.459542E+00 5.950446E-01 -1.600518E-01 9.075344E-01 2.725815E-02 8.801856E-04 4.116930E+00 9.335979E+00 
1.633381E-01 5.755764E-03 3.448474E-01 1.808367E-01 -1.465413E+00 5.985714E-01 -1.138517E-01 9.508685E-01 2.598565E-02 1.697089E-03 3.595756E+00 9.809585E+00 
1.611614E-01 6.896337E-03 3.295100E-01 1.803071E-01 -1.367067E+00 5.852011E-01 -1.005134E-01 9.112524E-01 2.849341E-02 9.982881E-04 4.548489E+00 8.741277E+00 
1.672602E-01 4.140269E-03 3.528953E-01 1.763452E-01 -1.431995E+00 5.886592E-01 -1.414755E-01 8.995565E-01 2.529892E-02 0.000000E+00 4.289301E+00 1.028734E+01 
1.623613E-01 5.856511E-03 3.431174E-01 1.763462E-01 -1.421363E+00 5.841884E-01 -1.350099E-01 9.525591E-01 2.847518E-02 1.141286E-03 4.102279E+00 8.667412E+00 
1.454940E-01 5.827679E-03 3.384259E-01 1.813077E-01 -1.393966E+00 5.868910E-01 -1.390924E-01 8.989835E-01 2.591103E-02 1.245871E-03 4.167919E+00 8.106264E+00 
1.727326E-01 4.332715E-03 3.477203E-01 1.753942E-01 -1.367600E+00 6.000000E-01 -9.358578E-02 9.374889E-01 2.699389E-02 1.203770E-03 4.381852E+00 7.454611E+00 
1.780623E-01 3.984402E-03 3.357536E-01 1.730731E-01 -1.390213E+00 5.753051E-01 -1.076348E-01 9.415005E-01 2.792536E-02 2.572326E-03 4.056831E+00 8.409919E+00 
1.711781E-01 4.915928E-03 3.544568E-01 1.752779E-01 -1.375029E+00 5.848848E-01 -1.423007E-01 1.004247E+00 2.766444E-02 1.101253E-03 4.371616E+00 9.098909E+00 
1.659664E-01 2.803989E-03 3.299764E-01 1.760976E-01 -1.343668E+00 6.000000E-01 -1.212584E-01 9.703338E-01 2.764358E-02 9.902843E-04 4.377683E+00 8.556926E+00 
1.753549E-01 3.832268E-03 3.280529E-01 1.836866E-01 -1.330446E+00 5.850591E-01 -1.342819E-01 9.446933E-01 3.009392E-02 3.927148E-04 4.318662E+00 8.809337E+00 
1.829772E-01 6.189780E-03 3.464733E-01 1.632708E-01 -1.399540E+00 5.837628E-01 -1.592950E-01 1.010964E+00 2.814576E-02 1.142356E-03 4.325735E+00 9.516539E+00 
1.697347E-01 6.738148E-03 3.396828E-01 1.812184E-01 -1.313191E+00 5.845829E-01 -1.329314E-01 8.970500E-01 2.726663E-02 1.035201E-03 4.298100E+00 8.569716E+00 
1.751346E-01 2.572199E-02 3.291517E-01 1.732684E-01 -1.427940E+00 5.486773E-01 -1.722445E-01 9.227925E-01 2.697602E-02 7.892898E-04 3.327014E+00 8.730975E+00 
1.695682E-01 5.932828E-03 3.183043E-01 1.786609E-01 -1.413313E+00 5.849382E-01 -1.193756E-01 9.918723E-01 2.890133E-02 1.318201E-03 3.965475E+00 9.092889E+00 
1.750867E-01 4.636271E-04 3.308238E-01 1.799712E-01 -1.429035E+00 5.292375E-01 -9.303712E-02 1.362323E+00 3.057899E-02 2.044630E-03 4.179630E+00 8.356193E+00 
1.638061E-01 6.655025E-03 3.216490E-01 1.764150E-01 -1.426611E+00 5.861491E-01 -1.554356E-01 8.815882E-01 2.767788E-02 9.477957E-04 4.131441E+00 9.087346E+00 
1.715194E-01 6.549393E-03 3.593720E-01 1.789322E-01 -1.361859E+00 5.797035E-01 -1.478177E-01 1.011808E+00 2.902541E-02 1.049597E-03 4.263216E+00 9.349862E+00 
1.491439E-01 5.252815E-03 3.264655E-01 1.819905E-01 -1.495835E+00 5.759976E-01 -1.054787E-01 9.538324E-01 2.817401E-02 1.085094E-03 4.205577E+00 8.832174E+00 
1.698218E-01 5.964793E-03 3.242723E-01 1.780722E-01 -1.461769E+00 5.832723E-01 -1.146202E-01 9.192959E-01 2.787325E-02 1.031775E-03 3.838550E+00 9.471582E+00 
1.711049E-01 5.483201E-03 3.298440E-01 1.764822E-01 -1.306345E+00 5.921544E-01 -1.241565E-01 9.323064E-01 2.785599E-02 1.185165E-03 4.191041E+00 8.966203E+00 
1.762654E-01 5.895894E-03 3.340113E-01 1.787598E-01 -1.402616E+00 5.885681E-01 -1.729314E-01 9.441030E-01 2.811027E-02 9.759799E-04 4.350032E+00 8.797217E+00 
1.637539E-01 5.155295E-03 3.402986E-01 1.788853E-01 -1.612852E+00 5.817860E-01 -1.899367E-01 9.136799E-01 2.746762E-02 3.849594E-04 4.231001E+00 9.605917E+00 
1.594648E-01 5.433806E-03 3.194789E-01 1.775432E-01 -1.396780E+00 5.836146E-01 -1.117902E-01 9.632340E-01 2.844901E-02 1.903353E-03 4.185157E+00 1.011160E+01 
1.692881E-01 5.129971E-03 3.330506E-01 1.871629E-01 -1.455034E+00 5.871186E-01 -1.098814E-01 9.361752E-01 2.910341E-02 8.812305E-04 4.280522E+00 7.828734E+00 
1.714854E-01 5.938652E-03 3.450805E-01 1.724953E-01 -1.379070E+00 5.759118E-01 -1.687438E-01 9.513093E-01 2.656977E-02 1.853349E-03 4.341060E+00 8.896926E+00 
1.917283E-01 4.918891E-03 3.416502E-01 1.781827E-01 -1.402720E+00 5.926686E-01 -1.359529E-01 9.395470E-01 2.932765E-02 4.493585E-04 4.047349E+00 9.065218E+00 
1.752063E-01 4.657515E-03 3.297801E-01 1.768360E-01 -1.398705E+00 5.851992E-01 -1.731606E-01 9.745456E-01 2.644366E-02 5.387030E-04 4.345187E+00 8.056108E+00 
1.729213E-01 7.347976E-03 3.491114E-01 1.819714E-01 -1.363844E+00 5.779219E-01 -1.578214E-01 9.187967E-01 2.781863E-02 1.552514E-03 4.290001E+00 9.623360E+00 
1.731426E-01 5.901916E-03 3.411364E-01 1.794915E-01 -1.458102E+00 5.791997E-01 -1.287395E-01 9.708345E-01 2.900488E-02 1.511130E-03 4.070145E+00 8.651504E+00 
1.728072E-01 4.687843E-03 3.181646E-01 1.809074E-01 -1.447480E+00 5.837447E-01 -1.167850E-01 9.543997E-01 2.846087E-02 1.219736E-03 4.158069E+00 7.962100E+00 
1.696525E-01 6.242589E-03 3.251074E-01 1.791646E-01 -1.400067E+00 5.835786E-01 -1.081562E-01 9.095064E-01 2.845622E-02 1.062444E-03 3.615347E+00 8.152066E+00 
1.732915E-01 6.888951E-03 3.365618E-01 1.714890E-01 -1.344255E+00 5.853446E-01 -1.263144E-01 9.756997E-01 2.302668E-02 5.853819E-04 4.280783E+00 8.929976E+00 
1.837047E-01 7.736272E-03 3.304509E-01 1.806667E-01 -1.509265E+00 5.735596E-01 -1.053928E-01 9.545863E-01 2.877285E-02 1.280644E-03 4.155409E+00 9.712596E+00 
1.581537E-01 4.894924E-03 3.359654E-01 1.742085E-01 -1.407272E+00 5.763364E-01 -8.953879E-02 9.435618E-01 2.856177E-02 1.507296E-03 4.219879E+00 9.366054E+00 
1.512366E-01 5.801463E-03 3.130153E-01 1.792841E-01 -1.447891E+00 5.777608E-01 -1.017221E-01 9.153834E-01 2.812414E-02 1.865336E-04 4.287160E+00 9.357539E+00 
1.768066E-01 2.283731E-03 3.473464E-01 1.832950E-01 -1.497203E+00 5.884556E-01 -1.284309E-01 9.215354E-01 3.070594E-02 6.313118E-04 4.519981E+00 8.746898E+00 
1.776190E-01 6.129919E-03 3.408590E-01 1.748003E-01 -1.296972E+00 5.903701E-01 -1.206960E-01 9.190174E-01 2.951470E-02 8.982721E-04 3.786327E+00 8.517376E+00 
1.546392E-01 6.480875E-03 3.347468E-01 1.797120E-01 -1.416420E+00 5.864912E-01 -1.191298E-01 1.005698E+00 2.831893E-02 6.960083E-04 3.843326E+00 7.945443E+00 
1.705687E-01 6.116523E-03 3.281043E-01 1.794787E-01 -1.389599E+00 5.740811E-01 -1.104397E-01 9.475279E-01 2.931999E-02 7.308697E-04 3.539835E+00 9.460129E+00 
1.851017E-01 1.835493E-02 3.307620E-01 1.673567E-01 -1.348879E+00 5.880991E-01 -1.181790E-01 9.749409E-01 2.869399E-02 1.298398E-03 4.376972E+00 8.447692E+00 
1.647690E-01 5.979531E-03 3.215861E-01 1.774346E-01 -1.398914E+00 5.877988E-01 -1.313789E-01 9.695275E-01 2.716729E-02 6.956853E-04 4.198269E+00 8.820340E+00 
1.552479E-01 6.207016E-03 3.400656E-01 1.865766E-01 -1.412515E+00 5.709151E-01 -1.797167E-01 1.041523E+00 2.920031E-02 1.520184E-03 4.373105E+00 9.117215E+00 
1.546066E-01 5.960695E-03 3.336627E-01 1.782903E-01 -1.372104E+00 5.771165E-01 -1.285206E-01 8.637469E-01 2.859347E-02 8.948602E-04 4.064044E+00 9.230610E+00 
1.969167E-01 8.462463E-03 3.381386E-01 1.769748E-01 -1.324437E+00 5.836464E-01 -1.453025E-01 9.626912E-01 2.843646E-02 1.336047E-03 4.237717E+00 8.392845E+00 
1.693056E-01 5.328133E-03 3.206185E-01 1.781524E-01 -1.427112E+00 5.799735E-01 -1.128445E-01 9.609771E-01 2.790372E-02 1.000561E-03 4.054114E+00 9.266577E+00 
1.076254E-01 6.241571E-02 3.494053E-01 1.808408E-01 -1.269194E+00 4.890172E-01 -1.467087E-01 1.048275E+00 3.130374E-02 6.094933E-04 3.821288E+00 7.682081E+00 
1.667151E-01 4.960686E-03 3.235500E-01 1.786952E-01 -1.313516E+00 5.853634E-01 -1.615956E-01 9.600397E-01 2.825725E-02 1.462670E-03 4.209843E+00 9.072302E+00 
1.638634E-01 3.471480E-03 3.345801E-01 1.771994E-01 -1.390104E+00 5.649163E-01 -1.414674E-01 9.472296E-01 2.886083E-02 1.523615E-03 3.960100E+00 8.668326E+00 
1.808074E-01 5.782420E-03 3.741020E-01 1.788442E-01 -1.397950E+00 5.955257E-01 -1.868883E-01 9.301969E-01 2.715399E-02 8.289082E-04 4.305450E+00 8.758622E+00 
1.718678E-01 5.733614E-03 3.257279E-01 1.748723E-01 -1.368373E+00 5.875884E-01 -1.188859E-01 9.617334E-01 2.773552E-02 8.424978E-04 4.197491E+00 9.853502E+00 
1.847590E-01 8.694524E-03 3.451785E-01 1.796985E-01 -1.406799E+00 5.741156E-01 -1.126846E-01 1.021686E+00 2.777714E-02 1.272397E-03 4.176105E+00 8.543193E+00 
1.741107E-01 4.626111E-03 3.462192E-01 1.864387E-01 -1.370696E+00 5.902863E-01 -1.438575E-01 9.773134E-01 2.953836E-02 1.523740E-03 4.218544E+00 8.579153E+00 
1.606511E-01 7.117571E-03 3.290205E-01 1.810317E-01 -1.386533E+00 5.905700E-01 -9.349299E-02 9.728383E-01 2.541757E-02 6.376843E-04 4.091645E+00 8.876371E+00 
1.716259E-01 5.572754E-03 3.425934E-01 1.790617E-01 -1.467479E+00 5.811447E-01 -1.148476E-01 9.332711E-01 2.881560E-02 1.076964E-03 4.494245E+00 9.383952E+00 
1.611291E-01 8.635051E-03 3.397272E-01 1.750054E-01 -1.350910E+00 5.830310E-01 -1.517133E-01 9.894020E-01 2.887188E-02 1.230911E-03 4.167570E+00 9.588752E+00 
1.966697E-01 5.581526E-03 3.374539E-01 1.717038E-01 -1.464300E+00 5.789296E-01 -1.859963E-01 9.582232E-01 2.894076E-02 3.714208E-04 4.046378E+00 8.833986E+00 
1.688542E-01 4.418869E-03 3.292933E-01 1.773017E-01 -1.417569E+00 5.900004E-01 -1.274698E-01 9.347311E-01 2.853876E-02 1.193081E-03 4.245272E+00 8.803859E+00 
1.599183E-01 5.885539E-03 3.328307E-01 1.804444E-01 -1.466288E+00 5.649670E-01 -1.183055E-01 9.099221E-01 2.809548E-02 4.487964E-04 4.418890E+00 9.909142E+00 
1.747775E-01 5.981546E-03 3.216327E-01 1.783398E-01 -1.445062E+00 5.821040E-01 -1.414547E-01 9.656190E-01 2.760766E-02 1.044878E-03 4.123366E+00 9.070564E+00 
1.720570E-01 5.011078E-03 3.332706E-01 1.765756E-01 -1.489874E+00 5.860382E-01 -9.885489E-02 9.509178E-01 2.764410E-02 1.419663E-03 3.997242E+00 8.882394E+00 
1.683981E-01 2.681427E-03 3.535663E-01 1.768004E-01 -1.490014E+00 5.970944E-01 -1.177910E-01 1.023749E+00 3.013516E-02 8.621257E-04 4.046977E+00 8.689476E+00 
1.800920E-01 3.585883E-03 3.456225E-01 1.788771E-01 -1.452397E+00 5.901606E-01 -1.563760E-01 9.282939E-01 2.711076E-02 1.421671E-03 4.152291E+00 9.267682E+00 
1.737282E-01 6.342272E-03 3.547862E-01 1.763873E-01 -1.417915E+00 5.885875E-01 -1.754606E-01 9.973436E-01 2.948431E-02 8.773752E-04 3.828215E+00 9.389224E+00 
1.792577E-01 4.363338E-03 3.559911E-01 1.712542E-01 -1.388032E+00 5.907211E-01 -1.595863E-01 8.995994E-01 2.727438E-02 6.483687E-04 4.229814E+00 9.013997E+00 
1.836902E-01 1.910401E-03 3.483437E-01 1.831320E-01 -1.418569E+00 5.972369E-01 -1.534535E-01 9.150145E-01 2.917493E-02 1.552743E-03 4.204333E+00 7.976607E+00 
1.697892E-01 7.786699E-03 3.551246E-01 1.797084E-01 -1.348375E+00 5.874100E-01 -1.607933E-01 9.430472E-01 2.789823E-02 1.236020E-03 4.278993E+00 8.133391E+00 
1.889406E-01 5.484368E-03 3.473411E-01 1.859755E-01 -1.415002E+00 5.937018E-01 -1.360495E-01 9.190313E-01 2.859473E-02 6.761191E-04 4.130541E+00 8.519401E+00 
1.873562E-01 8.592831E-03 3.480205E-01 1.768192E-01 -1.391049E+00 5.981445E-01 -1.866083E-01 9.560931E-01 2.928073E-02 2.317432E-04 4.517991E+00 9.147948E+00 
1.826134E-01 3.825709E-03 3.504186E-01 1.738951E-01 -1.440413E+00 5.855602E-01 -1.345524E-01 1.013655E+00 2.906373E-02 6.212075E-04 4.309382E+00 7.480889E+00 
1.551373E-01 1.516615E-02 3.511060E-01 1.583997E-01 -1.227335E+00 4.566081E-01 -3.808364E-02 2.446337E-01 3.097986E-02 4.027970E-03 3.655775E+00 1.042364E+01 
1.716031E-01 6.324129E-03 3.374349E-01 1.802806E-01 -1.433182E+00 5.710031E-01 -1.380053E-01 9.218924E-01 2.806260E-02 1.108118E-03 4.474770E+00 8.003132E+00 
1.688982E-01 6.053564E-03 3.311851E-01 1.794439E-01 -1.369827E+00 5.862863E-01 -1.406052E-01 9.437605E-01 2.921737E-02 1.161258E-03 4.111088E+00 8.239778E+00 
1.528319E-01 4.991545E-03 3.270538E-01 1.741643E-01 -1.326816E+00 5.587049E-01 -1.262086E-01 1.071487E+00 2.795534E-02 3.398015E-04 3.914071E+00 8.763274E+00 
1.715019E-01 8.478780E-03 3.364042E-01 1.819127E-01 -1.343883E+00 5.896827E-01 -1.143496E-01 9.558483E-01 2.841022E-02 6.532637E-04 4.134714E+00 9.796818E+00 
1.677833E-01 6.295022E-03 3.542449E-01 1.780720E-01 -1.475272E+00 5.816071E-01 -1.251417E-01 9.721349E-01 2.885853E-02 1.129192E-03 4.217293E+00 7.758380E+00 
1.715905E-01 5.616630E-03 3.376693E-01 1.781278E-01 -1.474191E+00 5.904653E-01 -1.544550E-01 9.243878E-01 3.057725E-02 1.192881E-03 4.035427E+00 9.934424E+00 
1.710167E-01 7.206366E-03 3.358071E-01 1.770922E-01 -1.467373E+00 5.899185E-01 -1.501538E-01 8.850009E-01 2.759252E-02 9.668580E-04 4.217647E+00 8.847766E+00 
1.651472E-01 7.337441E-03 3.505628E-01 1.789731E-01 -1.546563E+00 5.892053E-01 -1.197821E-01 9.356469E-01 2.944267E-02 1.073100E-03 4.166199E+00 8.771615E+00 
1.698298E-01 5.972928E-03 3.188012E-01 1.736114E-01 -1.270144E+00 5.586127E-01 -9.813713E-02 9.407632E-01 2.878245E-02 1.563001E-03 4.294725E+00 9.838738E+00 
1.762635E-01 6.048683E-03 3.391961E-01 1.798687E-01 -1.505803E+00 5.884201E-01 -1.057418E-01 8.815434E-01 2.860881E-02 7.398645E-04 4.175990E+00 8.907137E+00 
1.757722E-01 6.179034E-03 3.506192E-01 1.819867E-01 -1.364911E+00 5.860152E-01 -1.656140E-01 9.768333E-01 2.907041E-02 1.194448E-03 4.183509E+00 8.715556E+00 
1.673176E-01 3.843310E-03 3.400663E-01 1.773944E-01 -1.391904E+00 5.991057E-01 -1.291110E-01 9.379333E-01 2.812070E-02 6.167082E-04 4.178715E+00 6.193103E+00 
1.766172E-01 6.240288E-03 3.230982E-01 1.751000E-01 -1.378874E+00 5.776239E-01 -1.598348E-01 9.344719E-01 2.637919E-02 9.421468E-04 4.250345E+00 8.860725E+00 
1.629607E-01 5.014185E-03 3.442289E-01 1.713579E-01 -1.394859E+00 5.865294E-01 -1.329849E-01 9.625214E-01 2.909683E-02 1.187452E-03 4.394309E+00 9.244497E+00 
1.646251E-01 5.943646E-03 3.433276E-01 1.881360E-01 -1.405613E+00 5.946766E-01 -1.368535E-01 1.021329E+00 2.937295E-02 4.189633E-04 4.052309E+00 9.383549E+00 
1.566418E-01 7.056300E-03 3.425428E-01 1.794366E-01 -1.359713E+00 5.835693E-01 -1.576012E-01 9.206135E-01 2.622634E-02 0.000000E+00 3.901077E+00 9.342745E+00 
1.710580E-01 7.079257E-03 3.252667E-01 1.796576E-01 -1.367042E+00 5.667007E-01 -8.742791E-02 9.323333E-01 3.001879E-02 4.092036E-03 4.456660E+00 8.936198E+00 
1.797468E-01 6.417988E-03 3.472357E-01 1.773012E-01 -1.343662E+00 5.897551E-01 -1.627900E-01 9.398133E-01 2.742942E-02 4.744616E-04 4.286584E+00 9.156883E+00 
1.698332E-01 6.532653E-03 3.217684E-01 1.780633E-01 -1.458240E+00 5.935876E-01 -1.935960E-01 1.001449E+00 2.941410E-02 7.027012E-04 4.426891E+00 9.112489E+00 
1.799740E-01 6.902755E-03 3.349149E-01 1.870240E-01 -1.464730E+00 5.879806E-01 -1.405516E-01 9.872476E-01 2.902647E-02 1.182802E-03 4.411352E+00 9.067102E+00 
1.740037E-01 6.014605E-03 3.063741E-01 1.757781E-01 -1.482527E+00 5.928062E-01 -1.473047E-01 9.544286E-01 2.784618E-02 1.403892E-03 4.194409E+00 8.888967E+00 
1.770940E-01 4.669454E-03 3.264099E-01 1.800155E-01 -1.434080E+00 5.947713E-01 -1.701752E-01 9.298182E-01 2.940995E-02 5.799967E-05 4.418286E+00 9.063896E+00 
1.775121E-01 6.694798E-03 3.366284E-01 1.788733E-01 -1.460111E+00 5.790927E-01 -1.400527E-01 9.446902E-01 2.627463E-02 1.019817E-03 4.594796E+00 9.280002E+00 
1.586521E-01 6.291431E-03 3.404398E-01 1.794015E-01 -1.316289E+00 5.875361E-01 -1.091861E-01 9.890287E-01 2.675368E-02 1.147335E-03 4.578842E+00 9.492585E+00 
1.678172E-01 9.827988E-03 3.305334E-01 1.765120E-01 -1.396335E+00 5.881594E-01 -1.846686E-01 9.726508E-01 2.405897E-02 1.425183E-03 4.275171E+00 8.331441E+00 
1.767656E-01 7.573592E-03 3.375371E-01 1.769354E-01 -1.362767E+00 5.770039E-01 -1.397101E-01 9.282659E-01 2.940869E-02 1.664815E-03 4.268999E+00 8.952778E+00 
1.597235E-01 6.169019E-03 3.392074E-01 1.772643E-01 -1.487480E+00 5.832383E-01 -1.467799E-01 1.011685E+00 2.742188E-02 0.000000E+00 4.138507E+00 9.223324E+00 
1.782223E-01 5.782522E-03 3.574884E-01 1.838737E-01 -1.540741E+00 5.875128E-01 -1.437711E-01 9.625259E-01 2.790695E-02 1.144274E-03 4.110997E+00 8.708870E+00 
1.738424E-01 7.109590E-03 3.449382E-01 1.842069E-01 -1.579921E+00 5.973015E-01 -1.694909E-01 8.991518E-01 2.667120E-02 2.893619E-04 4.240241E+00 8.163172E+00 
1.616067E-01 9.333347E-03 3.379345E-01 1.770435E-01 -1.501001E+00 5.722933E-01 -1.841276E-01 1.024095E+00 2.924021E-02 1.142306E-03 4.202499E+00 9.262233E+00 
1.730874E-01 4.132232E-03 3.433415E-01 1.840785E-01 -1.420764E+00 5.879847E-01 -1.488619E-01 9.288276E-01 2.755822E-02 7.381068E-04 4.184071E+00 8.647075E+00 
1.708259E-01 5.858086E-03 3.592999E-01 1.802820E-01 -1.555521E+00 5.897627E-01 -1.326118E-01 8.763640E-01 2.800116E-02 1.995937E-03 4.233210E+00 9.405068E+00 
1.731440E-01 3.714376E-03 3.508275E-01 1.755205E-01 -1.466483E+00 5.919612E-01 -1.460725E-01 9.529415E-01 2.663643E-02 7.011727E-04 4.155569E+00 9.301243E+00 
1.708927E-01 5.593135E-03 3.288773E-01 1.773361E-01 -1.353965E+00 5.842919E-01 -1.306016E-01 9.297587E-01 2.809693E-02 9.162838E-04 4.273266E+00 8.942208E+00 
1.735048E-01 7.626757E-03 3.415131E-01 1.766955E-01 -1.395472E+00 5.756712E-01 -1.760371E-01 9.332145E-01 2.760348E-02 1.449692E-03 4.017915E+00 8.978657E+00 
1.667619E-01 4.314010E-03 3.457660E-01 1.788628E-01 -1.580114E+00 5.980750E-01 -9.761002E-02 9.585414E-01 3.115140E-02 1.219370E-04 4.060406E+00 9.977862E+00 
1.702363E-01 5.417400E-03 3.468104E-01 1.811554E-01 -1.390369E+00 5.823788E-01 -1.208594E-01 9.055132E-01 2.918180E-02 9.332004E-04 4.471051E+00 9.297493E+00 
1.795341E-01 4.868795E-03 3.196595E-01 1.813967E-01 -1.415291E+00 5.917483E-01 -1.264300E-01 1.089864E+00 2.846846E-02 1.013913E-04 4.569373E+00 8.305414E+00 
1.722346E-01 5.432355E-03 3.322176E-01 1.742349E-01 -1.395254E+00 5.883238E-01 -1.360338E-01 9.775533E-01 2.916168E-02 1.843226E-03 4.579114E+00 8.742911E+00 
1.738647E-01 6.308513E-03 3.525279E-01 1.744076E-01 -1.456120E+00 5.958060E-01 -1.395154E-01 9.101850E-01 2.634809E-02 8.141481E-04 4.405034E+00 9.620039E+00 
1.678997E-01 4.986054E-03 3.502930E-01 1.786696E-01 -1.431520E+00 5.885063E-01 -1.295000E-01 9.689939E-01 2.684427E-02 8.125566E-04 4.453363E+00 8.592851E+00 
1.668240E-01 4.823878E-03 3.557236E-01 1.762236E-01 -1.395969E+00 5.960331E-01 -1.579514E-01 9.972214E-01 2.670760E-02 1.024011E-03 4.370518E+00 9.233241E+00 
