1.662443E-01 8.210967E-03 3.236433E-01 1.763003E-01 -1.426009E+00 5.810606E-01 -1.411895E-01 9.794512E-01 2.815897E-02 1.306989E-03 4.070408E+00 9.470633E+00 
1.426171E-01 9.290836E-03 3.244175E-01 1.779728E-01 -1.515057E+00 3.379635E-01 -1.033418E-01 9.234133E-01 2.607356E-02 1.246502E-03 3.884697E+00 8.703514E+00 
1.592474E-01 4.857478E-03 3.342854E-01 1.780585E-01 -1.580287E+00 5.769894E-01 -1.217359E-01 9.792208E-01 2.983926E-02 1.529343E-03 3.882163E+00 9.120849E+00 
1.870743E-01 5.608307E-03 3.445620E-01 1.806984E-01 -1.251750E+00 5.879973E-01 -1.558023E-01 9.291944E-01 2.713002E-02 3.307106E-04 4.366686E+00 8.569441E+00 
1.697403E-01 7.139688E-03 3.433331E-01 1.746351E-01 -1.415004E+00 5.840796E-01 -1.606925E-01 9.460099E-01 2.915846E-02 8.829015E-04 3.919751E+00 8.964761E+00 
1.581132E-01 3.089979E-02 3.337869E-01 1.760396E-01 -1.431401E+00 5.304136E-01 -9.722634E-02 1.013842E+00 2.898624E-02 5.732573E-04 4.735525E+00 8.861823E+00 
1.813217E-01 1.832494E-02 3.520863E-01 1.818750E-01 -1.394332E+00 5.675196E-01 -1.495670E-01 1.042413E+00 2.753239E-02 1.331405E-03 4.022012E+00 8.699871E+00 
1.630332E-01 7.351615E-03 3.247667E-01 1.791721E-01 -1.377028E+00 5.884380E-01 -1.406336E-01 9.744610E-01 2.752644E-02 2.131234E-04 4.195363E+00 9.323493E+00 
1.807939E-01 5.567804E-03 3.352394E-01 1.800983E-01 -1.442428E+00 5.947692E-01 -1.539372E-01 9.257602E-01 2.714663E-02 1.423291E-03 3.857893E+00 8.698542E+00 
1.716063E-01 7.040824E-03 3.430869E-01 1.735183E-01 -1.419538E+00 5.812209E-01 -1.616860E-01 9.391434E-01 2.924669E-02 2.714971E-04 4.263825E+00 8.951002E+00 
1.764714E-01 6.164618E-03 3.262016E-01 1.914838E-01 -1.458544E+00 5.935515E-01 -1.372789E-01 9.313446E-01 2.891209E-02 9.275993E-04 4.075925E+00 8.266150E+00 
1.784115E-01 3.293745E-03 3.586522E-01 1.758905E-01 -1.413523E+00 5.954157E-01 -1.349292E-01 9.875099E-01 2.855243E-02 6.840498E-04 3.978924E+00 8.137898E+00 
1.739615E-01 4.841847E-03 3.305927E-01 1.808346E-01 -1.422971E+00 5.845716E-01 -1.352439E-01 9.193718E-01 2.871491E-02 8.947210E-04 4.314628E+00 9.256580E+00 
1.630182E-01 4.423351E-03 3.425221E-01 1.721160E-01 -1.381281E+00 5.856157E-01 -1.590852E-01 9.367957E-01 2.797679E-02 1.836749E-03 4.434247E+00 9.437752E+00 
1.687938E-01 5.182806E-03 3.389307E-01 1.748887E-01 -1.379620E+00 5.855574E-01 -1.228511E-01 9.496844E-01 2.695237E-02 5.132787E-04 4.420740E+00 8.943992E+00 
9.016281E-02 1.059483E-02 3.276968E-01 1.737213E-01 -1.237850E+00 5.504906E-01 -1.164567E-01 1.029617E+00 2.712762E-02 3.417956E-03 4.368467E+00 1.036538E+01 
1.681556E-01 3.994518E-03 3.414939E-01 1.738490E-01 -1.446065E+00 5.956146E-01 -1.167665E-01 9.697543E-01 2.831341E-02 8.348254E-04 4.313780E+00 7.965264E+00 
1.994970E-01 3.898041E-03 3.324591E-01 1.809930E-01 -1.414192E+00 5.712717E-01 -1.567411E-01 1.085678E+00 2.705436E-02 2.261374E-04 4.866657E+00 8.654570E+00 
1.790446E-01 5.348760E-03 3.321459E-01 1.805996E-01 -1.378185E+00 5.700325E-01 -1.393141E-01 9.540391E-01 2.914920E-02 2.075249E-03 4.298311E+00 9.307690E+00 
1.777188E-01 6.828338E-03 3.454364E-01 1.781289E-01 -1.319710E+00 5.843104E-01 -1.427301E-01 8.345945E-01 2.685036E-02 0.000000E+00 4.023332E+00 7.710851E+00 
1.658568E-01 5.348443E-03 3.440070E-01 1.764746E-01 -1.348940E+00 5.695066E-01 -1.838795E-01 9.406037E-01 2.619156E-02 1.977087E-03 4.274781E+00 8.792822E+00 
1.719161E-01 5.248431E-03 3.401563E-01 1.843415E-01 -1.407251E+00 5.856999E-01 -1.271235E-01 9.202186E-01 2.872487E-02 1.114678E-03 4.522733E+00 9.233880E+00 
1.671011E-01 3.248349E-03 3.551139E-01 1.784117E-01 -1.499999E+00 5.964559E-01 -1.679292E-01 9.160369E-01 2.813793E-02 2.896353E-03 4.335298E+00 8.534183E+00 
1.347751E-01 2.011113E-02 3.837195E-01 1.631857E-01 -1.333915E+00 4.467610E-01 -8.073282E-02 9.485113E-01 3.047036E-02 4.476260E-03 3.831780E+00 9.318516E+00 
1.797497E-01 5.819308E-03 3.404490E-01 1.781533E-01 -1.311592E+00 5.858389E-01 -1.452774E-01 1.013469E+00 2.952975E-02 4.110424E-04 4.167677E+00 8.830960E+00 
1.654271E-01 4.539272E-03 3.433755E-01 1.789225E-01 -1.315474E+00 5.976954E-01 -9.988821E-02 9.427501E-01 2.626063E-02 6.235738E-04 4.517937E+00 8.777054E+00 
1.737253E-01 5.208447E-03 3.438078E-01 1.758055E-01 -1.488794E+00 5.860225E-01 -1.471909E-01 9.609017E-01 2.649581E-02 1.159352E-03 4.214917E+00 9.037943E+00 
1.734270E-01 4.978586E-03 3.473357E-01 1.741384E-01 -1.310956E+00 5.833486E-01 -1.595153E-01 9.882821E-01 2.832429E-02 2.019998E-03 4.092175E+00 9.058929E+00 
1.674807E-01 8.215278E-03 3.606052E-01 1.777530E-01 -1.502340E+00 5.838497E-01 -7.876408E-02 9.443960E-01 2.948201E-02 1.439780E-03 3.933981E+00 9.534460E+00 
1.707636E-01 1.153546E-03 3.387386E-01 1.753386E-01 -1.422575E+00 5.945048E-01 -1.606575E-01 1.077440E+00 2.775176E-02 1.726563E-03 4.617708E+00 8.463171E+00 
1.718384E-01 6.201985E-03 3.648514E-01 1.784144E-01 -1.288210E+00 5.936500E-01 -1.546718E-01 9.114581E-01 2.689785E-02 1.287597E-03 4.473518E+00 8.856148E+00 
1.792485E-01 6.474409E-03 3.290193E-01 1.808585E-01 -1.418320E+00 5.856188E-01 -1.204306E-01 9.757651E-01 3.036902E-02 7.194608E-04 4.277396E+00 8.874196E+00 
1.716791E-01 7.875563E-03 3.269394E-01 1.810448E-01 -1.375517E+00 5.874045E-01 -1.666236E-01 9.812504E-01 2.967038E-02 1.444495E-03 4.417652E+00 8.908144E+00 
1.708847E-01 4.163789E-03 3.436705E-01 1.804383E-01 -1.507254E+00 5.644252E-01 -1.029135E-01 9.110623E-01 2.526929E-02 1.093363E-03 3.766486E+00 9.841408E+00 
1.745758E-01 5.247402E-03 3.537967E-01 1.803158E-01 -1.449804E+00 5.846508E-01 -1.069687E-01 9.188427E-01 2.372434E-02 1.295868E-03 4.274583E+00 8.778859E+00 
1.097782E-01 6.563468E-03 3.653453E-01 1.564971E-01 -1.325971E+00 3.475718E-01 -1.851239E-02 5.103335E-01 2.990853E-02 3.519428E-03 3.747919E+00 1.172048E+01 
1.659611E-01 6.335696E-03 3.319948E-01 1.810191E-01 -1.444066E+00 5.863464E-01 -1.498780E-01 9.685111E-01 2.911397E-02 1.171288E-03 4.411358E+00 8.723952E+00 
1.766022E-01 7.276361E-03 3.371242E-01 1.760707E-01 -1.410213E+00 5.845628E-01 -1.203207E-01 9.574139E-01 3.017279E-02 1.585719E-03 4.382091E+00 8.647723E+00 
1.794046E-01 7.335630E-03 3.453361E-01 1.896121E-01 -1.384383E+00 5.905396E-01 -1.140060E-01 9.289892E-01 2.720960E-02 1.267689E-03 5.694595E+00 9.320379E+00 
1.738778E-01 2.526791E-03 3.450446E-01 1.732844E-01 -1.466038E+00 5.947168E-01 -1.119286E-01 1.061049E+00 2.799232E-02 8.880718E-04 3.922323E+00 9.394636E+00 
1.765493E-01 6.316038E-03 3.373293E-01 1.815723E-01 -1.229551E+00 5.766510E-01 -1.197626E-01 8.966690E-01 2.735935E-02 1.873289E-03 4.504264E+00 9.439894E+00 
1.770065E-01 5.859396E-03 3.362786E-01 1.788417E-01 -1.340245E+00 5.824536E-01 -1.533262E-01 9.928642E-01 2.765380E-02 6.260375E-04 4.241449E+00 9.335453E+00 
1.694107E-01 5.669433E-03 3.475530E-01 1.782580E-01 -1.279214E+00 5.940998E-01 -1.302252E-01 9.422354E-01 2.895221E-02 5.620565E-04 4.252587E+00 8.576724E+00 
1.732933E-01 5.730501E-03 3.324705E-01 1.742160E-01 -1.411955E+00 5.838120E-01 -1.426193E-01 9.599176E-01 2.510735E-02 9.252210E-04 3.643974E+00 9.086156E+00 
1.665235E-01 6.472913E-03 3.365602E-01 1.827269E-01 -1.198896E+00 5.852499E-01 -1.058476E-01 9.715962E-01 2.812487E-02 4.782176E-04 4.297270E+00 8.392635E+00 
1.664078E-01 7.231091E-03 3.285297E-01 1.781852E-01 -1.415049E+00 5.713392E-01 -1.294045E-01 9.852728E-01 2.910999E-02 1.741335E-03 4.482334E+00 9.180610E+00 
1.748136E-01 6.697595E-03 3.329328E-01 1.801738E-01 -1.434136E+00 5.863377E-01 -1.253307E-01 9.284543E-01 2.863828E-02 6.030359E-05 3.957547E+00 8.369165E+00 
1.728960E-01 4.150919E-03 3.323917E-01 1.809853E-01 -1.473269E+00 5.811091E-01 -9.513915E-02 1.014860E+00 2.930137E-02 9.511869E-04 3.974643E+00 9.778808E+00 
1.785535E-01 5.329382E-03 3.468171E-01 1.804923E-01 -1.407692E+00 5.753494E-01 -1.285583E-01 9.407467E-01 2.616579E-02 3.759983E-04 4.100068E+00 9.787741E+00 
1.675847E-01 5.472804E-03 3.446096E-01 1.738217E-01 -1.371581E+00 5.855766E-01 -7.638129E-02 9.289396E-01 3.049712E-02 8.467789E-04 4.194644E+00 7.857466E+00 
1.690359E-01 5.074886E-03 3.218407E-01 1.786367E-01 -1.360314E+00 5.796823E-01 -1.293558E-01 9.579519E-01 2.994522E-02 2.466902E-03 4.071998E+00 9.162225E+00 
1.714031E-01 6.403309E-03 3.465259E-01 1.792105E-01 -1.392602E+00 5.915303E-01 -1.236647E-01 9.075922E-01 2.808956E-02 7.068721E-04 4.227356E+00 8.513588E+00 
1.709055E-01 9.533835E-03 3.323256E-01 1.793877E-01 -1.384863E+00 5.651902E-01 -1.299559E-01 9.578650E-01 2.960022E-02 1.072084E-03 4.216943E+00 7.508584E+00 
1.877321E-01 7.962315E-03 3.405980E-01 1.770584E-01 -1.357525E+00 5.821697E-01 -1.670390E-01 9.758970E-01 2.717648E-02 2.069620E-03 3.982299E+00 9.971553E+00 
1.694826E-01 5.381938E-03 3.600184E-01 1.742652E-01 -1.528023E+00 5.783121E-01 -1.807854E-01 9.283752E-01 2.993218E-02 1.608394E-03 4.349996E+00 8.083160E+00 
1.639105E-01 2.095191E-03 3.404075E-01 1.760889E-01 -1.343825E+00 5.855216E-01 -1.493621E-01 9.051453E-01 2.923410E-02 7.274047E-04 4.247398E+00 9.651526E+00 
1.913422E-01 7.912838E-03 3.262243E-01 1.797672E-01 -1.310206E+00 5.875228E-01 -1.375287E-01 9.459354E-01 2.861173E-02 5.321168E-04 4.176909E+00 8.454917E+00 
1.591164E-01 3.770066E-03 3.287835E-01 1.730752E-01 -1.383095E+00 5.748781E-01 -1.277360E-01 9.825491E-01 2.576261E-02 1.462245E-03 5.338917E+00 8.931442E+00 
1.688322E-01 5.335831E-03 3.469271E-01 1.738642E-01 -1.447334E+00 5.944074E-01 -1.643811E-01 9.746033E-01 2.780431E-02 9.604863E-04 4.265079E+00 9.097392E+00 
1.750638E-01 5.926892E-03 3.412078E-01 1.808783E-01 -1.419761E+00 5.871421E-01 -1.373519E-01 9.481542E-01 2.685485E-02 1.143406E-03 4.454016E+00 8.861889E+00 
1.694522E-01 6.680423E-03 3.240695E-01 1.817546E-01 -1.358106E+00 5.877211E-01 -1.255903E-01 9.228156E-01 2.703266E-02 2.863208E-04 4.087748E+00 9.378778E+00 
1.801535E-01 8.014618E-03 3.522242E-01 1.793182E-01 -1.415386E+00 5.990353E-01 -1.492374E-01 9.552976E-01 2.807780E-02 3.560890E-03 4.351259E+00 9.185888E+00 
1.684401E-01 5.448243E-03 3.213295E-01 1.785169E-01 -1.360558E+00 5.883606E-01 -1.316190E-01 8.412220E-01 2.782259E-02 6.802549E-04 4.141454E+00 9.070016E+00 
1.607734E-01 7.419707E-03 3.337502E-01 1.796778E-01 -1.354423E+00 5.964982E-01 -1.358240E-01 9.587000E-01 2.665956E-02 1.148998E-03 4.160051E+00 8.157010E+00 
1.762130E-01 6.470745E-03 3.410904E-01 1.804204E-01 -1.302822E+00 5.910071E-01 -1.206406E-01 9.291027E-01 3.012307E-02 4.831711E-05 4.304181E+00 9.256168E+00 
1.798228E-01 6.055235E-03 3.095681E-01 1.798420E-01 -1.376237E+00 5.577905E-01 -1.305314E-01 9.821708E-01 2.747422E-02 6.693237E-04 3.757849E+00 8.793340E+00 
1.616224E-01 6.179100E-03 3.564166E-01 1.720047E-01 -1.471306E+00 5.889274E-01 -1.297728E-01 9.133349E-01 2.628632E-02 8.465709E-04 4.209766E+00 8.893762E+00 
1.669684E-01 8.276203E-03 3.276935E-01 1.806561E-01 -1.436172E+00 5.855991E-01 -1.549482E-01 1.016123E+00 2.895539E-02 2.093590E-03 4.175802E+00 8.720165E+00 
1.695015E-01 2.844288E-03 3.418027E-01 1.793576E-01 -1.358723E+00 5.945198E-01 -1.241235E-01 9.476978E-01 2.745823E-02 2.809210E-04 4.312277E+00 8.824313E+00 
1.727642E-01 6.152106E-03 3.434520E-01 1.799259E-01 -1.434938E+00 5.900727E-01 -1.310209E-01 9.812855E-01 2.929686E-02 1.483640E-03 4.225161E+00 9.715269E+00 
1.687345E-01 8.749958E-03 3.414791E-01 1.794375E-01 -1.465100E+00 5.633944E-01 -1.054481E-01 9.359850E-01 2.797029E-02 1.246398E-03 3.990386E+00 8.778629E+00 
1.743378E-01 3.898849E-03 3.566205E-01 1.837634E-01 -1.404300E+00 5.955299E-01 -1.354704E-01 8.745014E-01 2.846686E-02 1.606419E-04 4.248559E+00 9.129972E+00 
1.764964E-01 5.875309E-03 3.318434E-01 1.811067E-01 -1.388193E+00 5.889316E-01 -1.491238E-01 9.241774E-01 2.974913E-02 6.747827E-04 4.194356E+00 8.808248E+00 
1.658054E-01 5.131529E-03 3.255934E-01 1.788051E-01 -1.481180E+00 5.883063E-01 -1.484680E-01 9.611798E-01 3.044541E-02 7.368362E-04 4.189667E+00 9.155667E+00 
1.688881E-01 6.252916E-03 3.320976E-01 1.780964E-01 -1.289784E+00 5.865347E-01 -1.417885E-01 9.400456E-01 2.720883E-02 3.615359E-04 4.086245E+00 8.249046E+00 
1.703036E-01 5.447052E-03 3.504552E-01 1.788647E-01 -1.441911E+00 5.819511E-01 -1.386573E-01 9.416146E-01 2.601740E-02 8.360056E-04 4.583177E+00 1.024808E+01 
1.805710E-01 5.137365E-03 3.392073E-01 1.735005E-01 -1.392065E+00 5.928353E-01 -1.534775E-01 9.696778E-01 2.911230E-02 1.305567E-03 4.368813E+00 8.562873E+00 
1.660873E-01 7.519292E-03 3.393317E-01 1.816610E-01 -1.411979E+00 5.898164E-01 -1.357839E-01 9.497579E-01 2.910765E-02 2.189131E-03 4.293426E+00 9.211830E+00 
1.647171E-01 5.394164E-03 3.355181E-01 1.784333E-01 -1.607093E+00 5.803791E-01 -9.637645E-02 9.277952E-01 3.054353E-02 0.000000E+00 3.615988E+00 9.085529E+00 
1.747107E-01 5.403223E-03 3.494643E-01 1.783676E-01 -1.262182E+00 5.877445E-01 -1.514304E-01 9.126387E-01 2.854246E-02 2.204202E-03 4.450777E+00 9.144280E+00 
1.777598E-01 1.044075E-02 3.386381E-01 1.771661E-01 -1.319730E+00 5.868063E-01 -1.655034E-01 9.183271E-01 2.855680E-02 2.054996E-03 4.436534E+00 8.343532E+00 
1.762466E-01 6.143609E-03 3.345222E-01 1.801583E-01 -1.445036E+00 5.916289E-01 -1.482121E-01 9.884525E-01 2.700882E-02 3.648524E-04 4.468355E+00 9.194047E+00 
1.716177E-01 5.567487E-03 3.201434E-01 1.871932E-01 -1.455304E+00 5.955934E-01 -1.308259E-01 9.418670E-01 2.653519E-02 1.276146E-03 4.767816E+00 4.810343E+00 
1.741167E-01 5.517896E-03 3.389278E-01 1.802154E-01 -1.414857E+00 5.924336E-01 -1.506624E-01 8.645144E-01 2.501435E-02 9.436801E-04 4.349453E+00 8.742393E+00 
1.663566E-01 4.280898E-03 3.415913E-01 1.736706E-01 -1.352436E+00 5.929575E-01 -1.441939E-01 9.208505E-01 2.784364E-02 1.127851E-03 4.196988E+00 8.564854E+00 
1.716529E-01 4.364328E-03 3.192531E-01 1.846359E-01 -1.403077E+00 5.758425E-01 -1.241784E-01 9.554581E-01 2.989385E-02 1.759060E-04 3.846746E+00 9.873522E+00 
1.830435E-01 5.618637E-03 3.396837E-01 1.774357E-01 -1.317750E+00 5.927256E-01 -1.607852E-01 8.909525E-01 2.893869E-02 1.619453E-03 4.070213E+00 8.543602E+00 
1.631000E-01 7.695809E-03 3.312767E-01 1.785278E-01 -1.331785E+00 5.804604E-01 -1.200875E-01 1.018484E+00 2.906685E-02 1.089406E-03 4.289715E+00 8.810849E+00 
1.815721E-01 7.834289E-03 3.591246E-01 1.747682E-01 -1.407779E+00 5.921801E-01 -1.497965E-01 9.777550E-01 2.616252E-02 4.091770E-04 4.172640E+00 9.012620E+00 
1.670122E-01 4.252238E-03 3.266707E-01 1.801485E-01 -1.341169E+00 5.840998E-01 -1.077842E-01 8.835435E-01 2.958070E-02 5.811088E-04 4.196886E+00 8.173858E+00 
1.721930E-01 4.786700E-03 3.242231E-01 1.788008E-01 -1.436310E+00 5.947236E-01 -1.740871E-01 9.767585E-01 2.734563E-02 7.570665E-04 4.497299E+00 7.996870E+00 
1.784119E-01 5.828742E-03 3.193037E-01 1.798972E-01 -1.435359E+00 5.872778E-01 -1.192356E-01 1.001137E+00 2.894917E-02 1.183914E-03 3.894518E+00 8.942578E+00 
1.747656E-01 3.600175E-03 3.503914E-01 1.779621E-01 -1.276434E+00 5.819195E-01 -1.516392E-01 1.006210E+00 2.790627E-02 7.831940E-04 3.955168E+00 8.702889E+00 
1.497798E-01 8.449127E-03 3.511774E-01 1.770590E-01 -1.492331E+00 5.871804E-01 -1.396221E-01 9.358760E-01 2.585831E-02 1.101867E-03 4.196044E+00 9.084090E+00 
1.693649E-01 5.953392E-03 3.509540E-01 1.797614E-01 -1.427074E+00 5.970975E-01 -9.993863E-02 9.562254E-01 2.871483E-02 1.324349E-03 4.098208E+00 8.903754E+00 
1.761649E-01 7.527537E-03 3.397661E-01 1.782372E-01 -1.442784E+00 5.786384E-01 -1.245360E-01 9.291079E-01 2.896009E-02 9.144997E-04 4.486758E+00 8.771524E+00 
1.681567E-01 5.806813E-03 3.350519E-01 1.843390E-01 -1.447297E+00 5.829608E-01 -1.180294E-01 9.311965E-01 3.230748E-02 1.056379E-03 4.172652E+00 9.244771E+00 
1.543479E-01 5.799042E-03 3.429853E-01 1.742998E-01 -1.545735E+00 5.814401E-01 -1.101026E-01 8.792461E-01 3.024795E-02 1.072735E-03 4.307929E+00 8.919624E+00 
1.746053E-01 5.509844E-03 3.593406E-01 1.731502E-01 -1.406656E+00 5.749128E-01 -1.603384E-01 9.391304E-01 2.867112E-02 6.252787E-04 3.690936E+00 8.065518E+00 
1.588794E-01 4.821581E-03 3.474387E-01 1.731894E-01 -1.369712E+00 5.758962E-01 -1.194064E-01 9.122291E-01 2.835864E-02 2.768869E-03 4.250545E+00 9.604830E+00 
1.668279E-01 4.419002E-03 3.415369E-01 1.790552E-01 -1.453091E+00 5.832624E-01 -7.029074E-02 1.006814E+00 2.638277E-02 7.828474E-04 4.062211E+00 8.567698E+00 
1.793849E-01 5.185010E-03 3.399951E-01 1.793350E-01 -1.424130E+00 5.878861E-01 -1.454796E-01 9.018197E-01 2.757158E-02 1.566911E-03 4.183985E+00 8.942062E+00 
1.667879E-01 5.942681E-03 3.256908E-01 1.778301E-01 -1.327125E+00 5.819481E-01 -1.282082E-01 1.043690E+00 2.838896E-02 1.224856E-03 4.158157E+00 8.700525E+00 
1.663544E-01 3.069875E-03 3.527023E-01 1.784909E-01 -1.419818E+00 5.920178E-01 -1.274801E-01 9.068422E-01 2.863679E-02 1.073465E-03 4.270205E+00 8.945175E+00 
1.753944E-01 5.298310E-03 3.252648E-01 1.785776E-01 -1.456504E+00 5.770158E-01 -1.331271E-01 9.942286E-01 2.940563E-02 4.435290E-04 4.122198E+00 8.215704E+00 
1.852580E-01 5.177744E-03 3.240175E-01 1.801727E-01 -1.292361E+00 5.945107E-01 -1.086921E-01 1.023415E+00 2.856646E-02 1.058850E-03 4.447237E+00 8.390419E+00 
1.831652E-01 6.016166E-03 3.440259E-01 1.807782E-01 -1.428990E+00 5.868763E-01 -1.287467E-01 9.243018E-01 2.910894E-02 1.132863E-03 4.474096E+00 9.502335E+00 
1.706353E-01 2.001203E-02 3.450441E-01 1.791546E-01 -1.306850E+00 5.922171E-01 -1.604695E-01 9.150086E-01 3.092818E-02 9.187963E-04 4.274544E+00 9.208270E+00 
1.644981E-01 5.275907E-03 3.285739E-01 1.757023E-01 -1.407113E+00 5.886213E-01 -8.255723E-02 9.349308E-01 2.826242E-02 1.002423E-03 4.386533E+00 9.212274E+00 
1.879344E-01 2.456541E-02 3.357720E-01 1.753423E-01 -1.443451E+00 5.770140E-01 -1.394050E-01 9.371590E-01 2.786783E-02 2.389777E-03 3.670738E+00 8.129251E+00 
1.679943E-01 7.541616E-03 3.324648E-01 1.782655E-01 -1.395282E+00 5.887364E-01 -1.326664E-01 1.059889E+00 2.838597E-02 1.592437E-03 4.082819E+00 9.159271E+00 
1.669751E-01 4.514652E-03 3.540150E-01 1.785674E-01 -1.432484E+00 5.846902E-01 -1.458600E-01 1.017230E+00 3.037014E-02 1.198052E-03 4.269274E+00 8.696406E+00 
1.353187E-01 3.388827E-02 3.334970E-01 1.637939E-01 -1.271846E+00 5.620738E-01 -1.290085E-01 9.153592E-01 2.654351E-02 3.225459E-03 3.742482E+00 1.070785E+01 
1.764086E-01 6.333307E-03 3.376384E-01 1.778607E-01 -1.452249E+00 5.817502E-01 -1.399469E-01 9.408833E-01 2.762627E-02 1.382764E-03 4.110390E+00 9.220425E+00 
1.832993E-01 7.396744E-03 3.312916E-01 1.791810E-01 -1.401555E+00 5.738653E-01 -1.951538E-01 9.644308E-01 2.612467E-02 1.586508E-03 3.757085E+00 8.470948E+00 
1.709556E-01 7.582037E-03 3.422289E-01 1.761901E-01 -1.356875E+00 5.854409E-01 -1.311282E-01 9.999337E-01 2.912090E-02 1.932120E-03 4.193054E+00 9.351245E+00 
1.792504E-01 4.766076E-03 3.248874E-01 1.753884E-01 -1.318877E+00 5.770024E-01 -9.594242E-02 1.096718E+00 2.763309E-02 1.344657E-03 4.160374E+00 9.013714E+00 
1.733932E-01 7.034241E-03 3.448691E-01 1.936438E-01 -1.524967E+00 5.769771E-01 -1.070078E-01 9.021880E-01 2.831294E-02 2.329851E-03 4.242660E+00 8.747132E+00 
1.640254E-01 6.033641E-03 3.355686E-01 1.767613E-01 -1.446234E+00 5.818530E-01 -1.528960E-01 1.005666E+00 2.800724E-02 5.737671E-04 4.332518E+00 9.270786E+00 
1.745613E-01 4.267852E-03 3.039340E-01 1.820820E-01 -1.423437E+00 5.479499E-01 -1.646818E-01 9.848803E-01 2.603045E-02 1.550862E-03 3.982613E+00 9.104964E+00 
1.773436E-01 7.303969E-03 3.320237E-01 1.818559E-01 -1.472068E+00 5.903924E-01 -1.302132E-01 9.333789E-01 2.763987E-02 8.330639E-04 4.145749E+00 9.510209E+00 
1.706343E-01 7.189575E-03 3.395193E-01 1.809838E-01 -1.406930E+00 5.914567E-01 -1.138873E-01 9.698332E-01 2.948068E-02 4.678863E-04 4.358383E+00 8.082588E+00 
1.618718E-01 4.431951E-03 3.218534E-01 1.642997E-01 -1.524875E+00 5.851928E-01 -1.087748E-01 9.644926E-01 2.761365E-02 4.299564E-03 4.347631E+00 1.006825E+01 
1.760533E-01 5.196888E-03 3.258811E-01 1.821380E-01 -1.452321E+00 5.823265E-01 -1.792371E-01 9.719924E-01 2.890341E-02 1.606481E-03 4.299363E+00 9.025746E+00 
1.715128E-01 7.232168E-03 3.384049E-01 1.792804E-01 -1.462424E+00 5.792936E-01 -1.168056E-01 9.520054E-01 2.812153E-02 9.765950E-04 4.118148E+00 9.349022E+00 
1.734606E-01 1.251774E-03 3.513317E-01 1.810002E-01 -1.267010E+00 5.589426E-01 -1.487266E-01 9.075234E-01 3.060890E-02 3.465177E-04 4.422860E+00 8.388600E+00 
1.682768E-01 6.825828E-03 3.347539E-01 1.758477E-01 -1.354469E+00 5.872644E-01 -1.086087E-01 9.783948E-01 2.815014E-02 1.565700E-03 4.152023E+00 8.512903E+00 
1.729930E-01 7.518894E-03 3.102766E-01 1.808980E-01 -1.466153E+00 5.663658E-01 -1.062281E-01 9.666986E-01 2.875587E-02 1.145571E-03 4.278112E+00 9.139539E+00 
1.710419E-01 4.022568E-03 3.322900E-01 1.725180E-01 -1.376633E+00 5.918022E-01 -1.459915E-01 9.527574E-01 2.975749E-02 1.517763E-03 4.702247E+00 8.475050E+00 
1.619561E-01 5.261551E-03 3.494750E-01 1.785666E-01 -1.416990E+00 5.683644E-01 -1.140982E-01 8.816964E-01 2.847507E-02 1.503374E-03 4.203662E+00 9.101815E+00 
1.782485E-01 7.297476E-03 3.436195E-01 1.807309E-01 -1.415113E+00 5.865519E-01 -1.258128E-01 9.504035E-01 2.891591E-02 9.096893E-04 4.194592E+00 8.101233E+00 
1.840176E-01 5.403064E-03 3.401489E-01 1.794404E-01 -1.434067E+00 5.883105E-01 -1.373842E-01 9.465270E-01 2.713821E-02 1.185685E-03 4.197889E+00 9.519050E+00 
1.773651E-01 3.872144E-03 3.417871E-01 1.787682E-01 -1.426583E+00 5.931016E-01 -1.755523E-01 9.206403E-01 2.565693E-02 9.141062E-04 4.136035E+00 9.485592E+00 
1.636023E-01 5.282281E-03 3.410925E-01 1.786561E-01 -1.407605E+00 5.886791E-01 -1.158565E-01 9.113678E-01 3.000802E-02 1.082843E-03 4.173728E+00 8.419870E+00 
1.671451E-01 6.997222E-03 3.367826E-01 1.812748E-01 -1.486604E+00 5.940004E-01 -1.446051E-01 9.783661E-01 2.964760E-02 6.259132E-04 4.268107E+00 8.763010E+00 
1.741796E-01 7.325689E-03 3.410461E-01 1.790214E-01 -1.503898E+00 5.955108E-01 -1.610775E-01 8.489257E-01 2.919363E-02 6.049226E-04 4.383530E+00 9.404377E+00 
1.809704E-01 5.119877E-03 3.339941E-01 1.819717E-01 -1.379252E+00 5.832395E-01 -1.439055E-01 9.217033E-01 3.128083E-02 6.177174E-04 3.570411E+00 1.044715E+01 
1.798972E-01 6.108903E-03 3.453219E-01 1.732759E-01 -1.569288E+00 5.833299E-01 -1.035027E-01 9.232892E-01 2.901006E-02 4.059487E-04 4.256184E+00 8.431675E+00 
1.783860E-01 6.431770E-03 3.371025E-01 1.774956E-01 -1.444896E+00 5.780707E-01 -1.815364E-01 1.026358E+00 2.710408E-02 8.329343E-04 3.880897E+00 8.902391E+00 
1.650172E-01 2.534673E-03 3.275820E-01 1.791596E-01 -1.309149E+00 5.845155E-01 -1.003068E-01 9.542919E-01 2.542289E-02 2.001822E-03 4.384686E+00 8.988984E+00 
1.674293E-01 2.615789E-02 3.438570E-01 1.725468E-01 -1.259902E+00 2.983520E-01 -1.031666E-01 4.271583E-01 2.992425E-02 1.779771E-03 4.080343E+00 1.076051E+01 
1.704201E-01 6.312864E-03 3.339873E-01 1.774991E-01 -1.350697E+00 5.914345E-01 -1.069274E-01 8.129365E-01 2.673839E-02 1.654941E-03 4.212461E+00 7.614899E+00 
1.733411E-01 4.986736E-03 3.480296E-01 1.790384E-01 -1.507086E+00 5.792357E-01 -1.056862E-01 9.519909E-01 2.781637E-02 4.224933E-04 4.279443E+00 9.208190E+00 
1.718253E-01 5.834625E-03 3.127465E-01 1.799345E-01 -1.487113E+00 5.902675E-01 -1.638695E-01 9.071638E-01 2.968313E-02 8.075718E-04 4.037823E+00 9.595316E+00 
1.787193E-01 6.967638E-03 3.249444E-01 1.753273E-01 -1.507288E+00 5.904811E-01 -1.321533E-01 9.301062E-01 2.583089E-02 2.681260E-03 4.396138E+00 8.943278E+00 
1.734895E-01 8.506997E-03 3.429403E-01 1.789176E-01 -1.428385E+00 5.819703E-01 -1.106563E-01 9.816905E-01 2.819086E-02 1.023506E-03 3.865624E+00 8.852758E+00 
1.657647E-01 9.308589E-03 3.350193E-01 1.782690E-01 -1.387588E+00 5.736377E-01 -1.700554E-01 1.014132E+00 2.802015E-02 6.886488E-04 4.060618E+00 9.018031E+00 
1.638499E-01 6.396829E-03 3.499297E-01 1.772843E-01 -1.397372E+00 5.661024E-01 -1.397855E-01 9.585921E-01 3.545258E-02 5.390571E-03 4.383851E+00 9.114524E+00 
1.696632E-01 8.535545E-03 3.526141E-01 1.752746E-01 -1.433921E+00 6.000000E-01 -1.716153E-01 9.767444E-01 2.414011E-02 1.181018E-03 4.486740E+00 8.711082E+00 
1.760267E-01 5.958408E-03 3.467362E-01 1.729781E-01 -1.490319E+00 5.701792E-01 -1.482479E-01 9.953958E-01 2.676958E-02 9.708539E-04 4.390925E+00 9.507090E+00 
1.703232E-01 4.661750E-03 3.348833E-01 1.805843E-01 -1.401243E+00 5.878759E-01 -1.667942E-01 9.177146E-01 2.751271E-02 1.332087E-03 4.284765E+00 8.622780E+00 
1.541380E-01 1.467982E-02 3.036699E-01 1.823094E-01 -1.359023E+00 6.000000E-01 -1.527349E-01 9.555140E-01 2.814588E-02 1.800267E-03 4.310800E+00 8.641014E+00 
1.656074E-01 4.452177E-03 3.404535E-01 1.761198E-01 -1.397264E+00 5.714270E-01 -1.224980E-01 9.449456E-01 2.888690E-02 1.110437E-03 4.360745E+00 9.047260E+00 
1.698314E-01 4.827590E-03 3.401473E-01 1.788020E-01 -1.407265E+00 5.871686E-01 -1.444650E-01 9.652514E-01 2.711921E-02 1.851384E-03 4.422703E+00 8.563862E+00 
1.645685E-01 8.081261E-03 3.413670E-01 1.764435E-01 -1.487663E+00 5.842374E-01 -1.222125E-01 9.273246E-01 2.432774E-02 1.317013E-03 3.959887E+00 9.601951E+00 
1.719147E-01 5.974305E-03 3.403249E-01 1.809871E-01 -1.358760E+00 5.815630E-01 -1.026823E-01 9.311257E-01 2.942818E-02 1.068793E-03 4.398453E+00 8.631375E+00 
1.591773E-01 4.899956E-03 3.589323E-01 1.688527E-01 -1.560585E+00 5.881948E-01 -1.503672E-01 9.158415E-01 2.658966E-02 9.015896E-04 4.129517E+00 9.082270E+00 
1.746296E-01 7.350951E-03 3.359848E-01 1.790580E-01 -1.308647E+00 5.941639E-01 -1.871467E-01 9.820458E-01 2.645359E-02 7.309819E-04 4.011255E+00 8.909987E+00 
1.815965E-01 3.698451E-03 3.368011E-01 1.771070E-01 -1.407360E+00 5.873053E-01 -1.751575E-01 9.153807E-01 2.802248E-02 4.640526E-03 4.092459E+00 8.580859E+00 
1.730075E-01 4.701855E-03 3.375047E-01 1.790339E-01 -1.542245E+00 5.718033E-01 -1.507967E-01 9.668921E-01 2.637374E-02 1.014464E-03 4.106884E+00 8.812319E+00 
1.688481E-01 6.571497E-03 3.171853E-01 1.778120E-01 -1.395942E+00 5.955841E-01 -1.177091E-01 9.260955E-01 2.749539E-02 3.897314E-05 4.258645E+00 9.794620E+00 
1.911783E-01 5.321841E-03 3.410902E-01 1.849443E-01 -1.432750E+00 5.865413E-01 -1.501417E-01 1.013267E+00 2.747490E-02 1.793188E-03 4.606481E+00 9.029084E+00 
1.709436E-01 6.651390E-03 3.345961E-01 1.746185E-01 -1.340404E+00 5.925501E-01 -1.524312E-01 9.197851E-01 2.913648E-02 7.741365E-04 4.472206E+00 8.554618E+00 
1.821683E-01 8.309175E-03 3.448498E-01 1.784251E-01 -1.371605E+00 5.871684E-01 -1.370523E-01 9.393300E-01 2.903294E-02 5.460354E-04 3.657346E+00 9.173520E+00 
1.748516E-01 5.983747E-03 3.385902E-01 1.795921E-01 -1.340785E+00 5.800151E-01 -1.301380E-01 9.867410E-01 2.718981E-02 2.046073E-03 4.147882E+00 8.617645E+00 
1.834223E-01 8.566245E-03 3.586301E-01 1.777704E-01 -1.552964E+00 5.740597E-01 -1.570784E-01 9.734873E-01 2.894954E-02 1.734122E-03 4.920730E+00 8.726093E+00 
1.720562E-01 6.617557E-03 3.284667E-01 1.864601E-01 -1.474340E+00 5.890678E-01 -1.105447E-01 9.259685E-01 2.895670E-02 6.338112E-04 4.092954E+00 9.087757E+00 
1.726510E-01 7.528471E-03 3.577078E-01 1.782076E-01 -1.293575E+00 5.944847E-01 -1.501100E-01 9.447164E-01 2.871404E-02 7.618598E-04 4.607627E+00 9.246881E+00 
1.906191E-01 8.936834E-03 3.623965E-01 1.834832E-01 -1.295273E+00 5.868683E-01 -1.106238E-01 9.470148E-01 2.953762E-02 1.409457E-03 4.121503E+00 8.528203E+00 
1.767667E-01 6.434423E-03 3.357957E-01 1.796874E-01 -1.411367E+00 5.813858E-01 -1.274951E-01 9.768021E-01 2.892692E-02 2.279302E-03 4.266579E+00 8.605314E+00 
1.697518E-01 5.570170E-03 3.383755E-01 1.787464E-01 -1.204957E+00 5.796723E-01 -1.599801E-01 9.867792E-01 2.672821E-02 1.982960E-03 4.228741E+00 9.055272E+00 
1.719212E-01 2.711562E-03 3.410032E-01 1.744305E-01 -1.435792E+00 5.952764E-01 -1.314185E-01 9.634265E-01 2.975692E-02 9.060747E-04 4.444485E+00 9.004217E+00 
1.498562E-01 5.988842E-03 3.386632E-01 1.745628E-01 -1.368556E+00 5.782438E-01 -1.029285E-01 9.270048E-01 2.556689E-02 2.798814E-03 4.511508E+00 8.198535E+00 
1.767328E-01 5.385893E-03 3.066676E-01 1.742875E-01 -1.293379E+00 5.736544E-01 -1.462963E-01 9.889726E-01 3.005812E-02 9.778415E-04 4.228842E+00 9.042577E+00 
1.811362E-01 7.849064E-03 3.390237E-01 1.818693E-01 -1.373511E+00 5.874225E-01 -1.498901E-01 9.266874E-01 2.726693E-02 5.114223E-04 4.543509E+00 9.098349E+00 
1.711531E-01 5.739761E-03 3.409763E-01 1.762149E-01 -1.343063E+00 5.797560E-01 -1.621733E-01 9.694245E-01 2.744561E-02 1.439923E-03 4.176416E+00 9.046548E+00 
1.700538E-01 3.121432E-03 3.690309E-01 1.624962E-01 -1.339304E+00 5.972615E-01 -1.828649E-01 9.136294E-01 3.017173E-02 2.380724E-03 4.408224E+00 8.859333E+00 
1.963317E-01 1.000000E-04 3.635784E-01 1.869731E-01 -1.440529E+00 5.539710E-01 -1.399648E-01 8.529778E-01 2.749912E-02 1.596572E-03 3.956558E+00 9.487419E+00 
1.735812E-01 5.552956E-03 3.401618E-01 1.840420E-01 -1.366322E+00 5.789898E-01 -8.390235E-02 9.873116E-01 2.744766E-02 5.656822E-04 4.438385E+00 9.001969E+00 
1.678175E-01 4.844720E-03 3.439455E-01 1.810849E-01 -1.458012E+00 5.949591E-01 -1.239414E-01 9.974970E-01 2.920440E-02 1.090331E-03 4.356712E+00 8.707023E+00 
1.888649E-01 1.865287E-03 3.603455E-01 1.750883E-01 -1.358041E+00 5.919130E-01 -1.220939E-01 9.747174E-01 2.505007E-02 6.788766E-04 4.326899E+00 9.581903E+00 
1.778250E-01 6.822474E-03 3.216361E-01 1.838979E-01 -1.525282E+00 5.980350E-01 -1.327748E-01 9.926822E-01 2.786568E-02 1.609887E-03 4.380159E+00 8.828115E+00 
1.703946E-01 3.700350E-03 3.256820E-01 1.797676E-01 -1.336671E+00 5.892005E-01 -1.006880E-01 9.483450E-01 3.042284E-02 6.393172E-04 4.345710E+00 9.244268E+00 
1.752983E-01 1.177704E-02 3.425461E-01 1.769257E-01 -1.442804E+00 5.846235E-01 -1.294677E-01 1.048340E+00 2.515142E-02 1.180392E-03 4.205608E+00 9.643668E+00 
1.771021E-01 4.817371E-03 3.529500E-01 1.829791E-01 -1.382618E+00 5.813878E-01 -1.453331E-01 9.239418E-01 2.612451E-02 5.911486E-04 4.512510E+00 9.171807E+00 
1.751128E-01 5.096241E-03 3.419530E-01 1.756708E-01 -1.472461E+00 5.832811E-01 -1.484012E-01 9.650098E-01 2.767605E-02 1.283333E-03 4.046019E+00 7.582379E+00 
1.760360E-01 5.253863E-03 3.336876E-01 1.799900E-01 -1.566851E+00 5.980636E-01 -1.258867E-01 9.618246E-01 2.709577E-02 1.306932E-03 3.793143E+00 8.947913E+00 
1.771734E-01 7.921585E-03 3.551774E-01 1.753955E-01 -1.416160E+00 5.510762E-01 -1.031307E-01 1.010668E+00 2.927779E-02 1.875506E-03 3.768219E+00 8.594003E+00 
1.637999E-01 5.747541E-03 3.486202E-01 1.780714E-01 -1.280369E+00 5.853918E-01 -1.186161E-01 9.213342E-01 3.081537E-02 3.631353E-04 5.253397E+00 8.904724E+00 
1.773908E-01 5.311150E-03 3.300893E-01 1.758040E-01 -1.446049E+00 5.779596E-01 -1.752247E-01 9.483071E-01 2.742583E-02 2.477524E-03 4.232924E+00 8.746883E+00 
1.673730E-01 6.033556E-03 3.282622E-01 1.782871E-01 -1.420751E+00 5.844684E-01 -9.422422E-02 9.458495E-01 3.070911E-02 1.105951E-03 4.296863E+00 9.146122E+00 
1.697914E-01 5.691578E-03 3.402305E-01 1.745257E-01 -1.285481E+00 5.919230E-01 -1.350557E-01 9.356784E-01 2.932568E-02 1.164221E-03 3.820572E+00 8.813176E+00 
1.548016E-01 4.502399E-03 3.446865E-01 1.737088E-01 -1.350647E+00 5.775769E-01 -6.258823E-02 9.895029E-01 2.779598E-02 1.460454E-04 4.190087E+00 9.196632E+00 
1.694594E-01 4.791490E-03 3.382248E-01 1.764682E-01 -1.426810E+00 5.808683E-01 -8.529318E-02 1.017659E+00 3.031416E-02 1.458682E-03 4.451605E+00 8.736960E+00 
1.711597E-01 7.397545E-03 3.320268E-01 1.791219E-01 -1.360219E+00 5.829936E-01 -9.965703E-02 9.613251E-01 2.983039E-02 3.217705E-04 4.121664E+00 9.963802E+00 
1.658866E-01 6.065677E-03 3.646040E-01 1.787091E-01 -1.414659E+00 5.974612E-01 -1.117008E-01 8.905215E-01 2.816338E-02 1.184089E-03 4.121194E+00 8.251155E+00 
1.683171E-01 5.743386E-03 3.433954E-01 1.827027E-01 -1.485985E+00 5.908794E-01 -1.671074E-01 9.479599E-01 2.785038E-02 1.759216E-03 3.689569E+00 9.554125E+00 
1.721213E-01 8.192544E-03 3.362090E-01 1.775519E-01 -1.401313E+00 5.763832E-01 -1.280151E-01 9.828638E-01 2.416021E-02 1.223325E-03 4.196291E+00 8.632874E+00 
1.793562E-01 6.858019E-03 3.342885E-01 1.791351E-01 -1.389944E+00 5.365583E-01 -1.379761E-01 9.720921E-01 2.776234E-02 2.908817E-04 4.129936E+00 9.152732E+00 
1.597190E-01 4.474446E-03 3.247137E-01 1.722842E-01 -1.421614E+00 5.861989E-01 -1.544934E-01 9.661243E-01 3.075666E-02 1.533163E-03 4.400106E+00 8.279504E+00 
1.804782E-01 3.859261E-03 3.574464E-01 1.820508E-01 -1.472253E+00 5.953594E-01 -1.610379E-01 9.358897E-01 2.827607E-02 1.401650E-03 4.492831E+00 9.259810E+00 
1.054541E-01 6.401478E-03 3.614047E-01 1.632705E-01 -1.400793E+00 5.877892E-01 -1.626156E-01 6.811026E-01 2.794639E-02 1.893877E-03 4.296615E+00 8.948083E+00 
1.544627E-01 3.631675E-03 3.414201E-01 1.772746E-01 -1.415084E+00 5.905921E-01 -1.123904E-01 1.005843E+00 2.974569E-02 1.742718E-03 3.866781E+00 8.294636E+00 
1.937188E-01 3.609364E-03 3.381966E-01 1.726872E-01 -1.367243E+00 5.926623E-01 -1.693483E-01 9.110649E-01 2.923909E-02 2.933973E-03 4.395835E+00 8.769442E+00 
1.693754E-01 5.140711E-03 3.360943E-01 1.806278E-01 -1.495272E+00 5.863903E-01 -9.401846E-02 9.756347E-01 2.939122E-02 1.656246E-04 4.204859E+00 8.833384E+00 
1.706457E-01 2.487841E-03 3.176225E-01 1.766486E-01 -1.248644E+00 5.903479E-01 -1.058899E-01 9.731676E-01 2.743692E-02 1.206527E-03 4.427760E+00 1.004545E+01 
1.641753E-01 5.657184E-03 3.475124E-01 1.791423E-01 -1.415915E+00 5.931629E-01 -1.579566E-01 8.818663E-01 2.936953E-02 4.789679E-04 4.259901E+00 8.318804E+00 
1.645850E-01 7.133299E-03 3.508978E-01 1.800483E-01 -1.503808E+00 5.966577E-01 -1.492799E-01 8.627028E-01 2.860652E-02 3.181769E-04 4.182889E+00 7.880780E+00 
1.266651E-01 9.377034E-03 3.065027E-01 1.767746E-01 -1.392918E+00 5.716023E-01 -9.897604E-02 9.479921E-01 2.814022E-02 2.329483E-03 4.358313E+00 9.543599E+00 
1.684997E-01 6.114933E-03 3.422786E-01 1.790005E-01 -1.399108E+00 5.780578E-01 -1.361080E-01 1.072910E+00 2.947194E-02 1.671320E-03 4.213123E+00 9.137974E+00 
1.352696E-01 1.392487E-02 3.291683E-01 1.695482E-01 -1.309850E+00 5.974917E-01 -1.126502E-01 9.939046E-01 2.691704E-02 4.391956E-03 4.093860E+00 7.252710E+00 
1.853863E-01 6.629323E-03 3.351948E-01 1.796123E-01 -1.352775E+00 5.794604E-01 -1.488956E-01 9.487445E-01 2.830630E-02 6.866231E-04 4.243070E+00 8.620950E+00 
1.723824E-01 7.556082E-03 3.444032E-01 1.845429E-01 -1.538333E+00 5.673855E-01 -1.597090E-01 9.092306E-01 2.736715E-02 7.467674E-04 4.151260E+00 8.843024E+00 
1.598861E-01 4.418510E-03 3.311299E-01 1.748750E-01 -1.355785E+00 5.774072E-01 -1.099197E-01 1.063732E+00 2.744853E-02 3.584097E-04 3.893300E+00 8.811093E+00 
1.678264E-01 5.108107E-03 3.363059E-01 1.750128E-01 -1.286656E+00 5.881521E-01 -1.278333E-01 9.707686E-01 2.737614E-02 1.512314E-03 4.186988E+00 8.485215E+00 
1.683825E-01 5.307324E-03 3.440735E-01 1.752402E-01 -1.367048E+00 5.785387E-01 -1.321730E-01 9.549059E-01 2.918505E-02 8.563431E-04 4.214266E+00 9.825247E+00 
1.819949E-01 7.287729E-03 3.472383E-01 1.819961E-01 -1.528907E+00 5.951368E-01 -1.931625E-01 9.195857E-01 2.878191E-02 7.505335E-04 4.017870E+00 9.007589E+00 
1.692885E-01 6.144353E-03 3.308039E-01 1.714392E-01 -1.410711E+00 5.885978E-01 -1.110735E-01 9.125485E-01 2.861917E-02 4.888801E-04 4.091077E+00 8.422857E+00 
1.767152E-01 5.313215E-03 3.301585E-01 1.790981E-01 -1.303673E+00 5.985776E-01 -1.351835E-01 9.478957E-01 2.885291E-02 1.311881E-03 4.501299E+00 8.924790E+00 
1.762686E-01 6.017803E-03 3.463842E-01 1.801694E-01 -1.381375E+00 5.952448E-01 -1.582196E-01 9.506339E-01 2.732994E-02 6.958515E-04 4.311750E+00 7.495502E+00 
7.085896E-02 1.223246E-02 3.651346E-01 1.603915E-01 -1.441773E+00 2.555969E-01 -4.546372E-02 5.558452E-01 3.020126E-02 4.723622E-03 3.689094E+00 9.563762E+00 
1.705467E-01 7.755093E-03 3.583558E-01 1.755395E-01 -1.240334E+00 5.817859E-01 -1.145888E-01 9.152342E-01 3.071476E-02 5.839439E-04 4.085245E+00 8.704360E+00 
1.823025E-01 1.000000E-04 3.485762E-01 1.775027E-01 -1.385585E+00 3.832442E-01 -1.858848E-01 9.675449E-01 2.754215E-02 7.823722E-04 4.270438E+00 9.402656E+00 
1.725874E-01 8.034287E-03 3.428518E-01 1.848674E-01 -1.537212E+00 5.809680E-01 -1.697439E-01 1.024127E+00 2.668185E-02 4.126009E-04 4.175454E+00 9.007273E+00 
1.615953E-01 5.038967E-03 3.235975E-01 1.827277E-01 -1.408677E+00 5.876785E-01 -1.436742E-01 1.001802E+00 2.890307E-02 1.578396E-03 4.237105E+00 8.428552E+00 
1.585691E-01 4.239297E-03 3.481275E-01 1.704924E-01 -1.505022E+00 5.826640E-01 -1.350329E-01 8.824830E-01 2.893162E-02 9.552716E-04 3.317191E+00 1.013233E+01 
1.858269E-01 8.594456E-03 3.231089E-01 1.827244E-01 -1.412102E+00 5.856393E-01 -1.554670E-01 1.016511E+00 2.912111E-02 1.038119E-03 4.737836E+00 8.086818E+00 
1.789516E-01 5.013924E-03 3.336335E-01 1.825624E-01 -1.427058E+00 5.874673E-01 -1.020314E-01 9.763848E-01 3.133165E-02 1.055154E-03 4.296692E+00 8.702323E+00 
1.758136E-01 4.055807E-03 3.193220E-01 1.779835E-01 -1.450513E+00 5.946387E-01 -1.959717E-01 9.408915E-01 2.793308E-02 4.922910E-04 4.390321E+00 8.779143E+00 
1.592409E-01 3.836438E-03 3.201489E-01 1.721019E-01 -1.420276E+00 5.855682E-01 -1.121889E-01 1.020528E+00 2.780159E-02 1.937864E-03 4.128842E+00 8.907659E+00 
1.832053E-01 4.592548E-03 3.394582E-01 1.784275E-01 -1.428106E+00 5.846513E-01 -9.306402E-02 9.965724E-01 2.844157E-02 5.672488E-04 4.223664E+00 9.184740E+00 
1.635726E-01 4.204285E-03 3.281448E-01 1.816706E-01 -1.453412E+00 5.985073E-01 -1.099889E-01 9.869526E-01 3.231135E-02 5.701727E-04 3.389624E+00 9.651442E+00 
1.708036E-01 7.817490E-03 3.422910E-01 1.766256E-01 -1.406485E+00 5.730699E-01 -1.512292E-01 9.615397E-01 2.831820E-02 6.887556E-04 4.526482E+00 8.875796E+00 
1.763945E-01 7.496022E-03 3.312958E-01 1.760744E-01 -1.426749E+00 5.804708E-01 -1.114288E-01 9.997275E-01 2.546128E-02 1.151163E-03 4.246488E+00 9.483272E+00 
1.770003E-01 7.367858E-03 3.450901E-01 1.789165E-01 -1.319623E+00 5.908420E-01 -1.806985E-01 9.222716E-01 2.783891E-02 1.260968E-03 3.879273E+00 9.022814E+00 
1.781006E-01 6.850285E-03 3.454889E-01 1.793370E-01 -1.484259E+00 5.882601E-01 -1.597151E-01 9.299371E-01 2.664637E-02 2.448376E-04 4.008240E+00 9.351749E+00 
1.627940E-01 2.433542E-03 3.410896E-01 1.717425E-01 -1.424363E+00 5.865943E-01 -1.940616E-01 9.081810E-01 2.748408E-02 2.442443E-04 4.036585E+00 8.660592E+00 
1.961154E-01 6.403614E-03 3.424170E-01 1.800020E-01 -1.400270E+00 5.872137E-01 -1.747831E-01 8.641009E-01 2.906037E-02 1.610673E-03 4.221436E+00 8.494785E+00 
1.850811E-01 5.894867E-03 3.446348E-01 1.830470E-01 -1.480882E+00 5.929555E-01 -1.247212E-01 9.092674E-01 2.786127E-02 1.025247E-03 4.288260E+00 8.901647E+00 
1.995967E-01 7.387104E-03 3.365259E-01 1.803720E-01 -1.201183E+00 5.718859E-01 -1.188321E-01 9.305931E-01 2.771495E-02 4.359150E-04 4.331469E+00 8.435021E+00 
1.922275E-01 5.362717E-03 3.474784E-01 1.836309E-01 -1.389851E+00 5.889105E-01 -1.596534E-01 9.814756E-01 2.715345E-02 1.313452E-03 4.596825E+00 8.929490E+00 
1.591135E-01 5.721611E-03 3.306962E-01 1.683881E-01 -1.557236E+00 5.830364E-01 -1.004809E-01 9.926939E-01 2.968226E-02 2.509238E-03 4.122481E+00 1.115823E+01 
1.787503E-01 5.663609E-03 3.296646E-01 1.827017E-01 -1.365590E+00 5.801871E-01 -1.124082E-01 9.566447E-01 2.918302E-02 1.169274E-03 4.420686E+00 8.999814E+00 
1.654890E-01 9.548704E-03 3.329533E-01 1.744989E-01 -1.510373E+00 5.853703E-01 -1.561422E-01 9.613170E-01 2.912586E-02 8.428653E-04 4.318906E+00 7.412912E+00 
1.748715E-01 6.259370E-03 3.292173E-01 1.821501E-01 -1.527936E+00 5.708804E-01 -1.230159E-01 9.231534E-01 2.932717E-02 9.300419E-04 4.070835E+00 9.073823E+00 
1.756768E-01 7.003999E-03 3.444192E-01 1.840750E-01 -1.453583E+00 5.887401E-01 -1.672525E-01 9.727845E-01 2.874654E-02 2.086760E-03 4.277717E+00 9.145417E+00 
1.707235E-01 6.054795E-03 3.387364E-01 1.809366E-01 -1.452187E+00 5.948386E-01 -1.242178E-01 9.736125E-01 2.826267E-02 4.478537E-04 4.128330E+00 8.868490E+00 
1.611513E-01 3.305610E-02 3.391629E-01 1.705413E-01 -1.350986E+00 5.121377E-01 -1.114999E-01 9.614313E-01 3.033570E-02 1.387610E-03 3.682667E+00 8.001567E+00 
1.671210E-01 5.616708E-03 3.360537E-01 1.799059E-01 -1.329816E+00 5.799517E-01 -9.616573E-02 8.222247E-01 3.066573E-02 5.716943E-04 4.394278E+00 1.054432E+01 
1.588587E-01 1.327868E-02 3.586662E-01 1.788930E-01 -1.465791E+00 5.495103E-01 -1.178750E-01 9.546548E-01 2.854762E-02 7.557829E-04 4.429553E+00 1.009596E+01 
1.683998E-01 4.726834E-03 3.384593E-01 1.739141E-01 -1.376494E+00 5.827604E-01 -1.390819E-01 9.733662E-01 2.746778E-02 6.450051E-04 4.171126E+00 8.332048E+00 
1.603019E-01 7.691043E-03 3.337873E-01 1.777550E-01 -1.460861E+00 6.000000E-01 -1.360232E-01 8.375778E-01 2.922465E-02 1.498341E-03 4.110073E+00 9.209988E+00 
1.712275E-01 7.789149E-03 3.296158E-01 1.724979E-01 -1.302927E+00 5.887082E-01 -1.880001E-01 9.545181E-01 2.876765E-02 8.193222E-04 4.277722E+00 9.278770E+00 
1.760281E-01 7.769313E-03 3.436898E-01 1.812148E-01 -1.343588E+00 5.889239E-01 -1.468339E-01 9.662584E-01 2.695912E-02 1.343859E-03 4.373590E+00 1.012323E+01 
1.758305E-01 5.049201E-03 3.444845E-01 1.822759E-01 -1.482879E+00 5.893497E-01 -1.251714E-01 8.954989E-01 2.925931E-02 1.112953E-03 4.183792E+00 8.427347E+00 
1.821981E-01 9.373849E-03 3.419383E-01 1.821344E-01 -1.483448E+00 5.915495E-01 -1.545417E-01 9.119947E-01 2.702659E-02 1.206646E-03 4.210189E+00 8.868109E+00 
1.606909E-01 4.870847E-03 3.470454E-01 1.611433E-01 -1.448461E+00 5.722153E-01 -8.984542E-02 1.007949E+00 2.949657E-02 1.439616E-03 3.839836E+00 1.029915E+01 
1.601078E-01 5.690730E-03 3.275821E-01 1.781138E-01 -1.424757E+00 5.767557E-01 -1.241329E-01 9.075990E-01 2.967011E-02 4.369911E-04 3.983752E+00 1.018606E+01 
1.657402E-01 5.735240E-03 3.331568E-01 1.700156E-01 -1.422670E+00 5.890393E-01 -1.557458E-01 6.308302E-01 2.942212E-02 1.747435E-03 4.082197E+00 9.141806E+00 
1.718590E-01 5.557350E-03 3.000010E-01 1.729829E-01 -1.330249E+00 5.769728E-01 -1.178459E-01 9.758195E-01 2.912555E-02 1.629142E-03 4.246705E+00 8.625423E+00 
1.456299E-01 1.195487E-02 3.392575E-01 1.765044E-01 -1.248226E+00 5.762928E-01 -1.031421E-01 1.118706E+00 2.369190E-02 2.335603E-03 4.362673E+00 7.747942E+00 
1.317939E-01 3.416036E-02 3.530876E-01 1.733701E-01 -1.405897E+00 4.936095E-01 -1.090466E-01 9.672728E-01 3.458925E-02 0.000000E+00 4.230307E+00 8.974345E+00 
1.686340E-01 5.643551E-03 3.308560E-01 1.836609E-01 -1.511948E+00 5.804537E-01 -1.265153E-01 9.390581E-01 2.745516E-02 1.672911E-03 4.313308E+00 8.236042E+00 
1.785155E-01 3.750974E-03 3.365578E-01 1.754001E-01 -1.288921E+00 5.703275E-01 -1.063936E-01 9.163107E-01 2.989714E-02 8.972768E-04 4.362095E+00 8.981545E+00 
1.735042E-01 5.312302E-03 3.387597E-01 1.821405E-01 -1.356285E+00 5.925025E-01 -1.165576E-01 9.191841E-01 2.720698E-02 1.007384E-04 4.068029E+00 8.503991E+00 
1.828040E-01 6.275949E-03 3.250673E-01 1.754158E-01 -1.416012E+00 5.865086E-01 -1.616791E-01 9.087473E-01 2.612263E-02 1.375302E-03 4.216231E+00 9.079656E+00 
1.640634E-01 6.770877E-03 3.337647E-01 1.743085E-01 -1.380513E+00 5.752839E-01 -1.746041E-01 9.832226E-01 2.933217E-02 2.303145E-03 4.068401E+00 8.882951E+00 
1.697732E-01 4.606446E-03 3.576955E-01 1.742844E-01 -1.560501E+00 5.995576E-01 -1.497018E-01 9.376173E-01 2.576486E-02 5.639995E-04 4.433907E+00 9.174559E+00 
9.110152E-02 2.652481E-02 3.504866E-01 1.592195E-01 -1.301290E+00 3.201882E-01 -6.232645E-02 7.399421E-01 3.005615E-02 3.539324E-03 3.681472E+00 9.822845E+00 
1.733462E-01 7.251114E-03 3.441500E-01 1.775645E-01 -1.402767E+00 5.892280E-01 -9.999182E-02 9.081556E-01 2.667725E-02 2.639890E-03 4.052915E+00 9.620969E+00 
1.768206E-01 3.706843E-03 3.487197E-01 1.820217E-01 -1.292969E+00 5.932742E-01 -1.553875E-01 9.178543E-01 2.697394E-02 8.194558E-04 4.030602E+00 7.390007E+00 
1.314927E-01 8.565246E-03 3.694213E-01 1.674227E-01 -1.363614E+00 5.775969E-01 -7.874205E-02 7.988226E-01 2.649860E-02 1.067046E-03 4.285691E+00 9.941174E+00 
1.718708E-01 5.421312E-03 3.495735E-01 1.816204E-01 -1.402482E+00 5.825862E-01 -1.567868E-01 9.526978E-01 2.865278E-02 1.150541E-03 3.999484E+00 8.904254E+00 
1.690037E-01 2.652427E-03 3.219151E-01 1.679196E-01 -1.256764E+00 5.849569E-01 -1.641104E-01 9.767602E-01 2.851150E-02 1.172286E-03 4.489698E+00 8.160236E+00 
1.750649E-01 9.306833E-03 3.241674E-01 1.784936E-01 -1.415850E+00 5.818210E-01 -1.218298E-01 9.709056E-01 2.845396E-02 1.312850E-03 4.160914E+00 9.405447E+00 
1.655941E-01 4.712248E-03 3.480701E-01 1.770782E-01 -1.444444E+00 5.859833E-01 -1.171291E-01 9.723488E-01 2.666419E-02 7.230166E-04 4.326132E+00 9.123020E+00 
1.727335E-01 3.955043E-03 3.224369E-01 1.798998E-01 -1.352860E+00 5.868529E-01 -1.617542E-01 9.408817E-01 2.670750E-02 1.100912E-03 4.113948E+00 8.308419E+00 
1.713023E-01 4.970649E-03 3.393980E-01 1.789520E-01 -1.451349E+00 5.829022E-01 -1.521142E-01 9.390003E-01 2.729766E-02 8.446277E-04 4.228923E+00 9.050291E+00 
1.683458E-01 5.398121E-03 3.306865E-01 1.800467E-01 -1.438584E+00 5.767376E-01 -1.045743E-01 9.721259E-01 3.129285E-02 9.249939E-04 3.598161E+00 8.644325E+00 
1.597990E-01 5.352081E-03 3.414946E-01 1.777383E-01 -1.425624E+00 5.795212E-01 -8.494734E-02 1.064834E+00 2.812299E-02 1.150783E-04 4.055208E+00 9.818604E+00 
1.681663E-01 5.897881E-03 3.300552E-01 1.768390E-01 -1.271180E+00 5.764296E-01 -1.155937E-01 9.397047E-01 2.852440E-02 1.688050E-03 4.281723E+00 8.548341E+00 
1.898363E-01 5.442691E-03 3.398194E-01 1.749127E-01 -1.347331E+00 5.842846E-01 -1.441206E-01 9.304659E-01 2.791560E-02 1.787607E-03 4.039166E+00 8.887954E+00 
1.808156E-01 5.806321E-03 3.418084E-01 1.793670E-01 -1.407748E+00 5.775323E-01 -1.631343E-01 9.161939E-01 2.930667E-02 1.155701E-04 4.230122E+00 9.037343E+00 
1.629598E-01 5.989109E-03 3.364619E-01 1.738119E-01 -1.455750E+00 5.779778E-01 -1.139744E-01 8.877651E-01 2.808577E-02 1.484967E-03 4.134566E+00 9.017581E+00 
1.642775E-01 5.524189E-03 3.305107E-01 1.801722E-01 -1.324130E+00 5.903006E-01 -1.155710E-01 9.510527E-01 2.938582E-02 1.402740E-03 4.088979E+00 9.608122E+00 
1.880301E-01 1.548633E-02 3.202276E-01 1.790894E-01 -1.438618E+00 6.000000E-01 -1.539344E-01 7.231231E-01 2.783364E-02 4.590630E-04 3.950769E+00 9.074428E+00 
1.774033E-01 5.407177E-03 3.369432E-01 1.777115E-01 -1.467297E+00 5.909217E-01 -1.286132E-01 9.369273E-01 2.562761E-02 1.263738E-03 3.829062E+00 8.722254E+00 
1.809886E-01 5.311417E-03 3.333894E-01 1.732456E-01 -1.458901E+00 5.939024E-01 -2.000000E-01 9.396619E-01 2.691068E-02 1.571881E-03 3.912298E+00 8.867636E+00 
1.852710E-01 6.492840E-03 3.251067E-01 1.796434E-01 -1.382383E+00 5.850702E-01 -1.255487E-01 9.269210E-01 2.995093E-02 1.498711E-03 3.619639E+00 8.535464E+00 
1.650154E-01 4.029699E-03 3.397135E-01 1.796223E-01 -1.333971E+00 5.758697E-01 -1.683100E-01 9.691087E-01 2.717660E-02 1.045531E-03 4.053962E+00 9.063706E+00 
1.814217E-01 5.268710E-03 3.379105E-01 1.838919E-01 -1.432499E+00 5.880289E-01 -1.160818E-01 9.715991E-01 2.863058E-02 8.328313E-04 4.016102E+00 9.645517E+00 
1.675976E-01 3.840264E-03 3.192452E-01 1.777176E-01 -1.416322E+00 5.920293E-01 -1.460383E-01 9.928079E-01 2.962134E-02 4.526858E-04 4.352861E+00 9.435578E+00 
1.636584E-01 1.825200E-02 3.365948E-01 1.790689E-01 -1.488208E+00 6.000000E-01 -1.764066E-01 9.384201E-01 2.790447E-02 9.083229E-04 3.844245E+00 8.313090E+00 
1.597667E-01 6.588176E-03 3.563231E-01 1.798518E-01 -1.622658E+00 5.763523E-01 -1.154593E-01 9.311413E-01 2.906110E-02 9.591670E-04 4.160150E+00 9.060260E+00 
1.680746E-01 6.451726E-03 3.419585E-01 1.802813E-01 -1.428490E+00 5.768745E-01 -1.323659E-01 9.397926E-01 2.546442E-02 1.210154E-03 4.068113E+00 9.330290E+00 
1.666233E-01 4.741057E-03 3.384145E-01 1.781157E-01 -1.440054E+00 5.842148E-01 -1.171685E-01 9.614252E-01 2.724827E-02 3.524493E-04 4.154952E+00 8.708294E+00 
1.824912E-01 5.697862E-03 3.251994E-01 1.800793E-01 -1.513885E+00 5.967049E-01 -1.244318E-01 9.834675E-01 2.899992E-02 8.381789E-04 4.263862E+00 8.833615E+00 
1.789933E-01 7.343108E-03 3.523944E-01 1.806934E-01 -1.440774E+00 5.947822E-01 -1.322446E-01 9.108339E-01 2.687249E-02 2.071809E-03 4.251697E+00 8.614054E+00 
1.681663E-01 5.703050E-03 3.589899E-01 1.841596E-01 -1.329443E+00 5.856615E-01 -1.864882E-01 9.877182E-01 2.718515E-02 1.109845E-03 4.311462E+00 9.303380E+00 
1.497207E-01 6.654315E-03 3.397619E-01 1.717974E-01 -1.464375E+00 5.819131E-01 -1.757387E-01 9.484913E-01 2.919047E-02 7.809281E-04 3.846816E+00 9.734455E+00 
1.733369E-01 5.002522E-03 3.354073E-01 1.818407E-01 -1.378699E+00 5.860588E-01 -1.777843E-01 9.556501E-01 2.697775E-02 8.942503E-04 4.247291E+00 8.614172E+00 
1.714547E-01 7.210241E-03 3.302408E-01 1.771940E-01 -1.441039E+00 5.944578E-01 -1.555974E-01 8.916252E-01 2.744591E-02 4.318578E-04 3.788177E+00 8.501210E+00 
1.695043E-01 5.208877E-03 3.412939E-01 1.849754E-01 -1.398706E+00 5.829249E-01 -1.556117E-01 9.422672E-01 2.944237E-02 1.282416E-03 4.407513E+00 7.900043E+00 
1.611250E-01 6.655190E-03 3.426463E-01 1.749810E-01 -1.412974E+00 5.890165E-01 -1.383971E-01 1.154966E+00 2.786785E-02 0.000000E+00 4.060292E+00 9.226124E+00 
1.876218E-01 5.422371E-03 3.328629E-01 1.794286E-01 -1.446836E+00 5.875895E-01 -1.230329E-01 9.483275E-01 2.886753E-02 1.524417E-03 4.106732E+00 8.596270E+00 
1.814012E-01 6.774405E-03 3.088047E-01 1.786827E-01 -1.425778E+00 5.841513E-01 -1.291053E-01 9.400354E-01 2.755740E-02 1.113372E-03 4.166609E+00 9.014703E+00 
1.707396E-01 6.103963E-03 3.295797E-01 1.760727E-01 -1.476374E+00 5.808963E-01 -1.885515E-01 9.656722E-01 2.807954E-02 1.565960E-03 4.091839E+00 8.823345E+00 
1.659107E-01 6.541252E-03 3.408101E-01 1.782259E-01 -1.416373E+00 5.937825E-01 -1.242472E-01 9.492145E-01 2.991239E-02 7.789385E-04 3.220145E+00 8.992913E+00 
1.640239E-01 4.816414E-03 3.172529E-01 1.789484E-01 -1.341088E+00 5.601217E-01 -1.236267E-01 9.387577E-01 2.845581E-02 1.546959E-03 4.691406E+00 8.886235E+00 
1.581095E-01 5.231503E-03 3.436592E-01 1.738926E-01 -1.218260E+00 5.774571E-01 -1.241637E-01 9.163526E-01 2.764352E-02 9.812344E-04 4.167394E+00 9.791577E+00 
1.808379E-01 7.993644E-03 3.522395E-01 1.839793E-01 -1.462786E+00 5.997258E-01 -1.618492E-01 9.350716E-01 2.776169E-02 6.251759E-05 4.274557E+00 8.738326E+00 
1.685737E-01 5.026100E-03 3.435933E-01 1.728394E-01 -1.580809E+00 5.747740E-01 -1.478907E-01 9.648139E-01 2.790888E-02 1.897258E-03 4.314165E+00 7.975108E+00 
1.838454E-01 5.070036E-03 3.545243E-01 1.756684E-01 -1.426214E+00 5.821648E-01 -1.346238E-01 9.149292E-01 2.577856E-02 1.069309E-03 4.285070E+00 8.572039E+00 
1.677806E-01 3.809124E-03 3.634953E-01 1.784805E-01 -1.426432E+00 5.854478E-01 -1.290324E-01 8.943741E-01 2.772824E-02 3.091554E-04 4.292737E+00 9.104017E+00 
1.846828E-01 7.255146E-03 3.379416E-01 1.810230E-01 -1.366337E+00 5.862372E-01 -1.032422E-01 9.315056E-01 2.620983E-02 8.443257E-04 4.434222E+00 9.264252E+00 
1.911677E-01 4.785426E-03 3.443700E-01 1.789717E-01 -1.360088E+00 5.837103E-01 -1.511460E-01 9.665603E-01 2.810990E-02 4.917376E-04 4.705333E+00 8.212282E+00 
1.610894E-01 6.600154E-03 3.408628E-01 1.730178E-01 -1.518529E+00 5.956856E-01 -1.234341E-01 1.005070E+00 2.825759E-02 1.881317E-03 4.217096E+00 8.508617E+00 
1.733006E-01 5.627120E-03 3.397852E-01 1.757290E-01 -1.657752E+00 5.880141E-01 -1.017289E-01 1.004873E+00 2.780208E-02 9.206633E-04 4.026231E+00 9.862334E+00 
8.103401E-02 1.615282E-02 3.321172E-01 1.871588E-01 -1.384273E+00 5.974709E-01 -1.376899E-01 9.423793E-01 2.604235E-02 1.313952E-03 4.575021E+00 4.961352E+00 
1.660317E-01 5.453212E-03 3.449533E-01 1.803722E-01 -1.279751E+00 5.922899E-01 -1.668554E-01 9.206027E-01 2.915854E-02 8.678727E-04 4.455269E+00 8.676869E+00 
1.762589E-01 6.516192E-03 3.355813E-01 1.725507E-01 -1.335790E+00 5.659965E-01 -1.439591E-01 9.249663E-01 2.824271E-02 1.067859E-03 4.183485E+00 8.712615E+00 
1.704264E-01 3.770920E-03 3.450262E-01 1.803561E-01 -1.494827E+00 5.841044E-01 -1.151563E-01 9.186822E-01 2.572748E-02 9.493511E-04 4.276295E+00 9.935606E+00 
1.757368E-01 5.667851E-03 3.491789E-01 1.780309E-01 -1.452248E+00 5.859482E-01 -1.201526E-01 9.295380E-01 3.073375E-02 4.011774E-04 3.078642E+00 8.942187E+00 
1.724202E-01 6.927771E-03 3.416187E-01 1.721869E-01 -1.499697E+00 5.855525E-01 -1.600062E-01 9.871908E-01 2.811101E-02 7.736926E-04 3.594149E+00 1.093313E+01 
1.660649E-01 1.005062E-02 3.149571E-01 1.794189E-01 -1.301558E+00 5.836569E-01 -1.291282E-01 9.466925E-01 2.986639E-02 9.788243E-04 4.400810E+00 9.467382E+00 
1.662356E-01 5.102087E-03 3.349169E-01 1.786560E-01 -1.323850E+00 5.917535E-01 -1.417699E-01 9.648464E-01 2.907846E-02 1.244886E-03 3.889982E+00 9.565724E+00 
1.532573E-01 6.921176E-03 3.187706E-01 1.746983E-01 -1.421624E+00 5.813631E-01 -1.253353E-01 9.510788E-01 3.066595E-02 1.881427E-03 4.068566E+00 9.663148E+00 
1.675957E-01 5.860826E-03 3.443434E-01 1.763988E-01 -1.451328E+00 5.670970E-01 -1.523699E-01 9.344254E-01 2.841280E-02 1.146525E-03 4.176203E+00 9.150068E+00 
1.670920E-01 3.500492E-03 3.532003E-01 1.774122E-01 -1.492404E+00 5.857593E-01 -1.310739E-01 9.780699E-01 2.846080E-02 6.530297E-04 4.172113E+00 9.429802E+00 
1.802226E-01 5.630844E-03 3.497419E-01 1.732573E-01 -1.614891E+00 5.847563E-01 -1.590925E-01 9.139144E-01 2.628227E-02 1.628869E-03 4.027369E+00 9.096559E+00 
2.000000E-01 9.396445E-03 3.400892E-01 1.742879E-01 -1.456245E+00 5.800195E-01 -1.171376E-01 9.913178E-01 2.864868E-02 2.348899E-03 4.290354E+00 8.789542E+00 
1.559700E-01 1.638646E-02 3.269307E-01 1.707462E-01 -1.315824E+00 5.805723E-01 -1.641584E-01 9.295163E-01 2.483638E-02 2.024690E-03 4.103647E+00 7.183373E+00 
1.677111E-01 5.072985E-03 3.538391E-01 1.709977E-01 -1.420559E+00 5.917381E-01 -1.559616E-01 9.400239E-01 2.801496E-02 1.147712E-03 4.337316E+00 8.480846E+00 
1.738533E-01 5.937428E-03 3.297213E-01 1.813841E-01 -1.456466E+00 5.723288E-01 -1.711301E-01 1.015319E+00 2.867760E-02 1.102260E-03 4.085342E+00 8.071431E+00 
1.737915E-01 6.209788E-03 3.210836E-01 1.790251E-01 -1.372793E+00 5.925151E-01 -1.359047E-01 9.456468E-01 2.801263E-02 5.461373E-04 4.336157E+00 8.384142E+00 
1.340749E-01 3.143201E-02 3.395682E-01 1.773600E-01 -1.434141E+00 5.688802E-01 -9.088140E-02 9.532073E-01 3.047288E-02 5.204177E-04 3.812463E+00 8.764587E+00 
1.681725E-01 6.422011E-03 3.432891E-01 1.799281E-01 -1.472171E+00 5.861754E-01 -1.276659E-01 1.002847E+00 2.652508E-02 7.248697E-04 4.145970E+00 8.783615E+00 
1.824502E-01 5.532173E-03 3.237986E-01 1.799174E-01 -1.284500E+00 5.848944E-01 -1.270412E-01 9.409827E-01 2.972608E-02 1.374419E-03 4.346912E+00 8.744841E+00 
1.811102E-01 3.922851E-03 3.416107E-01 1.762799E-01 -1.359311E+00 5.688809E-01 -8.448043E-02 9.218896E-01 2.718669E-02 1.605061E-03 4.092049E+00 8.748314E+00 
1.630412E-01 5.218723E-03 3.177256E-01 1.766151E-01 -1.585170E+00 5.667834E-01 -1.526522E-01 9.279617E-01 2.731163E-02 9.075924E-04 3.623667E+00 9.587316E+00 
1.551049E-01 4.172225E-03 3.548487E-01 1.758623E-01 -1.408201E+00 5.924491E-01 -1.600504E-01 9.457401E-01 2.854732E-02 1.884601E-03 4.557825E+00 9.308366E+00 
1.590980E-01 7.754211E-03 3.376989E-01 1.872109E-01 -1.389526E+00 5.842548E-01 -1.031891E-01 1.009643E+00 2.943353E-02 9.882233E-04 4.151990E+00 8.267000E+00 
1.665438E-01 7.766013E-03 3.422105E-01 1.818509E-01 -1.464057E+00 5.940498E-01 -1.556622E-01 9.405750E-01 2.666145E-02 1.489929E-03 3.632211E+00 9.350830E+00 
1.681207E-01 4.874057E-03 3.518390E-01 1.785318E-01 -1.404087E+00 5.853790E-01 -1.626792E-01 9.847452E-01 2.763106E-02 4.172774E-03 4.822301E+00 9.437318E+00 
1.656980E-01 4.679223E-03 3.436346E-01 1.796512E-01 -1.408764E+00 5.841115E-01 -1.694419E-01 9.875226E-01 2.499133E-02 1.386524E-03 4.309418E+00 8.529001E+00 
1.723194E-01 6.954408E-03 3.276209E-01 1.756343E-01 -1.415945E+00 5.943263E-01 -1.424460E-01 8.952203E-01 2.739623E-02 9.207631E-04 4.300870E+00 9.045387E+00 
1.686606E-01 4.450716E-03 3.343426E-01 1.784952E-01 -1.322456E+00 5.828361E-01 -1.297698E-01 1.055186E+00 2.770419E-02 1.152306E-03 4.286636E+00 8.615524E+00 
1.716333E-01 5.783917E-03 3.194520E-01 1.813408E-01 -1.459463E+00 5.993372E-01 -1.077263E-01 9.563898E-01 2.749480E-02 2.451462E-04 4.106116E+00 8.795414E+00 
1.837444E-01 5.624857E-03 3.278806E-01 1.798588E-01 -1.390247E+00 5.830993E-01 -1.341997E-01 9.490567E-01 2.762150E-02 9.362772E-04 4.457896E+00 8.498914E+00 
1.679723E-01 5.417251E-03 3.293289E-01 1.801463E-01 -1.378708E+00 5.996311E-01 -1.140474E-01 1.018046E+00 2.708619E-02 5.998785E-04 4.048891E+00 9.309903E+00 
1.714897E-01 5.449141E-03 3.463556E-01 1.781489E-01 -1.440505E+00 5.894306E-01 -1.176473E-01 9.205917E-01 2.847709E-02 8.691188E-04 3.889422E+00 8.191829E+00 
1.572555E-01 8.950444E-03 3.432843E-01 1.679141E-01 -1.331965E+00 5.215228E-01 -1.129922E-01 9.675894E-01 3.092081E-02 2.340004E-03 4.594837E+00 9.095713E+00 
1.830402E-01 6.975430E-03 3.443651E-01 1.733469E-01 -1.324675E+00 5.840841E-01 -1.405403E-01 9.660415E-01 2.599219E-02 1.387111E-03 4.084030E+00 9.690817E+00 
1.611603E-01 6.196383E-03 3.357586E-01 1.758448E-01 -1.372678E+00 5.828129E-01 -1.290661E-01 8.964697E-01 2.791829E-02 1.484495E-03 3.937019E+00 9.063707E+00 
1.859974E-01 5.128760E-03 3.487747E-01 1.823610E-01 -1.286242E+00 5.886091E-01 -7.966721E-02 9.579392E-01 2.859646E-02 1.343670E-03 3.804406E+00 9.792281E+00 
1.698981E-01 6.706113E-03 3.411756E-01 1.772762E-01 -1.581396E+00 5.776063E-01 -1.598357E-01 8.925330E-01 2.092380E-02 7.845914E-04 3.985693E+00 8.255416E+00 
1.693226E-01 9.119934E-03 3.497985E-01 1.785706E-01 -1.381720E+00 5.734055E-01 -1.269182E-01 9.397825E-01 2.858398E-02 9.166527E-04 3.753028E+00 8.560021E+00 
1.864081E-01 6.926712E-03 3.400585E-01 1.800180E-01 -1.429395E+00 5.853559E-01 -1.298372E-01 1.055098E+00 2.774289E-02 3.061495E-04 4.087893E+00 9.615096E+00 
1.710352E-01 4.805831E-03 3.472570E-01 1.782653E-01 -1.404672E+00 5.936546E-01 -1.198846E-01 9.721977E-01 2.809955E-02 1.373362E-03 4.269088E+00 7.951040E+00 
1.815549E-01 2.802125E-03 3.522365E-01 1.701077E-01 -1.548766E+00 5.875204E-01 -1.338437E-01 9.756687E-01 2.540896E-02 8.439177E-04 4.281415E+00 9.098548E+00 
1.782681E-01 6.339393E-03 3.551530E-01 1.805993E-01 -1.400742E+00 5.937424E-01 -1.248853E-01 9.719157E-01 2.863849E-02 1.632557E-03 4.144001E+00 9.368889E+00 
1.600479E-01 5.216091E-03 3.348580E-01 1.772604E-01 -1.377881E+00 5.778696E-01 -1.609773E-01 9.216915E-01 3.018593E-02 2.183147E-03 4.263321E+00 9.141828E+00 
1.675840E-01 5.401822E-03 3.360732E-01 1.766718E-01 -1.410625E+00 5.883907E-01 -1.635127E-01 9.881156E-01 2.718170E-02 6.599723E-04 4.118964E+00 9.156785E+00 
1.887973E-01 6.305169E-03 3.426445E-01 1.831709E-01 -1.259294E+00 5.927580E-01 -1.532545E-01 9.146143E-01 2.736180E-02 1.503140E-03 4.177435E+00 8.532492E+00 
1.707688E-01 5.515604E-03 3.384656E-01 1.772083E-01 -1.555728E+00 5.905917E-01 -1.015534E-01 8.985131E-01 2.702694E-02 1.118099E-03 4.043299E+00 8.707271E+00 
1.796633E-01 5.941505E-03 3.461816E-01 1.807417E-01 -1.375762E+00 5.834320E-01 -1.342575E-01 8.769215E-01 3.185349E-02 1.472995E-03 4.196281E+00 1.017705E+01 
1.740795E-01 1.269096E-02 3.537736E-01 1.808284E-01 -1.332064E+00 5.456553E-01 -1.517490E-01 9.914657E-01 2.835164E-02 1.356110E-03 4.895000E+00 8.251777E+00 
1.842775E-01 4.170782E-03 3.542651E-01 1.778705E-01 -1.402415E+00 5.800213E-01 -1.349478E-01 9.154802E-01 2.460315E-02 6.601180E-04 3.451630E+00 9.002635E+00 
1.762165E-01 7.631870E-03 3.441132E-01 1.748327E-01 -1.508239E+00 5.756646E-01 -1.183684E-01 9.710289E-01 2.979750E-02 1.100803E-03 4.220578E+00 8.632462E+00 
1.779981E-01 7.523367E-03 3.586252E-01 1.769707E-01 -1.458800E+00 5.908150E-01 -1.947042E-01 1.073019E+00 2.598718E-02 4.927137E-04 4.184912E+00 9.275430E+00 
1.666923E-01 6.158214E-03 3.363893E-01 1.802055E-01 -1.414261E+00 5.818345E-01 -1.115167E-01 1.003695E+00 2.893867E-02 2.861550E-03 4.220374E+00 9.704374E+00 
1.853517E-01 5.992958E-03 3.458109E-01 1.741108E-01 -1.275619E+00 5.853190E-01 -1.914922E-01 9.366167E-01 2.659657E-02 1.289984E-03 4.334339E+00 9.204545E+00 
1.622005E-01 4.065921E-03 3.415035E-01 1.756642E-01 -1.419466E+00 5.893721E-01 -1.253157E-01 1.011077E+00 2.278791E-02 0.000000E+00 4.202819E+00 8.657732E+00 
1.956459E-01 5.218486E-03 3.343383E-01 1.760016E-01 -1.549548E+00 5.736186E-01 -4.720833E-02 9.554030E-01 3.155601E-02 0.000000E+00 4.112723E+00 9.739785E+00 
1.744301E-01 5.603733E-03 3.374190E-01 1.766678E-01 -1.417450E+00 5.829756E-01 -1.833728E-01 9.461708E-01 3.124585E-02 9.111593E-04 3.774335E+00 8.745098E+00 
1.704237E-01 4.716276E-03 3.385178E-01 1.695740E-01 -1.430210E+00 5.852038E-01 -1.583278E-01 9.730993E-01 2.551579E-02 4.112167E-04 4.162253E+00 9.367320E+00 
1.793001E-01 6.539151E-03 3.567769E-01 1.739380E-01 -1.310800E+00 5.834673E-01 -1.792108E-01 9.797662E-01 2.790180E-02 1.136276E-03 4.144360E+00 8.403717E+00 
1.751712E-01 4.135258E-03 3.497359E-01 1.787130E-01 -1.401415E+00 5.897014E-01 -1.477052E-01 9.360006E-01 2.942447E-02 1.428144E-03 4.294622E+00 8.766890E+00 
1.682603E-01 5.635284E-03 3.619063E-01 1.761340E-01 -1.523991E+00 5.935535E-01 -1.849459E-01 9.608313E-01 2.709935E-02 9.264739E-04 4.147151E+00 9.333834E+00 
1.668810E-01 3.935593E-03 3.274618E-01 1.799004E-01 -1.490123E+00 5.881909E-01 -1.330289E-01 9.599269E-01 2.699723E-02 6.257224E-04 4.483502E+00 9.732873E+00 
1.680420E-01 3.661283E-03 3.648639E-01 1.754274E-01 -1.293091E+00 5.844095E-01 -1.570421E-01 9.406258E-01 2.745078E-02 9.081381E-04 4.102613E+00 8.547215E+00 
1.932084E-01 6.815200E-03 3.309163E-01 1.774698E-01 -1.366238E+00 5.872979E-01 -1.626170E-01 9.999804E-01 2.672337E-02 1.343063E-03 4.073700E+00 9.468848E+00 
1.383349E-01 7.301050E-03 3.430190E-01 1.750383E-01 -1.462523E+00 5.784426E-01 -1.418447E-01 9.872003E-01 2.952194E-02 1.546693E-03 4.045338E+00 9.265142E+00 
1.554624E-01 7.187289E-03 3.408631E-01 1.817227E-01 -1.399896E+00 5.830719E-01 -1.066145E-01 9.940868E-01 2.949403E-02 1.196624E-03 4.098023E+00 8.809110E+00 
1.680145E-01 6.758802E-03 3.269253E-01 1.803216E-01 -1.454874E+00 5.858017E-01 -1.156756E-01 9.335183E-01 2.870138E-02 1.032544E-03 4.521477E+00 9.558157E+00 
1.683373E-01 5.506017E-03 3.390805E-01 1.873957E-01 -1.439445E+00 5.885025E-01 -1.133607E-01 9.135751E-01 2.885344E-02 1.038031E-03 4.212261E+00 8.207264E+00 
1.677911E-01 5.571749E-03 3.357794E-01 1.781168E-01 -1.489732E+00 5.808038E-01 -1.337425E-01 8.846448E-01 2.865060E-02 1.187285E-03 4.255355E+00 7.397241E+00 
1.825400E-01 2.952160E-03 3.335044E-01 1.716549E-01 -1.400108E+00 5.901386E-01 -1.510427E-01 9.211324E-01 2.766392E-02 4.636351E-04 4.287267E+00 9.215702E+00 
1.279321E-01 8.948098E-03 3.234126E-01 1.729877E-01 -1.367502E+00 5.683768E-01 -1.182872E-01 9.173777E-01 2.846260E-02 1.849137E-03 3.575804E+00 8.021729E+00 
1.654077E-01 7.859497E-03 3.480518E-01 1.767022E-01 -1.402299E+00 5.879557E-01 -1.789616E-01 8.930796E-01 2.820462E-02 1.121541E-03 4.293810E+00 8.781424E+00 
1.656238E-01 4.648659E-03 3.511815E-01 1.778542E-01 -1.458610E+00 5.933475E-01 -1.167669E-01 9.190214E-01 2.696497E-02 1.072690E-03 4.298207E+00 9.706785E+00 
1.722466E-01 7.731795E-03 3.464086E-01 1.706996E-01 -1.344500E+00 5.942614E-01 -1.578259E-01 9.367896E-01 2.827446E-02 8.698852E-04 3.992044E+00 8.271901E+00 
1.764645E-01 4.933883E-03 3.238931E-01 1.756924E-01 -1.366782E+00 5.831178E-01 -1.405335E-01 9.299538E-01 2.813140E-02 1.581818E-03 3.692093E+00 9.234690E+00 
1.692089E-01 2.822929E-03 3.433713E-01 1.743592E-01 -1.373393E+00 5.143833E-01 -6.855945E-02 8.846145E-01 2.980732E-02 1.049959E-03 4.737193E+00 1.057612E+01 
1.771548E-01 8.345803E-03 3.552246E-01 1.814210E-01 -1.427473E+00 5.882438E-01 -7.479451E-02 9.270408E-01 2.819193E-02 1.545960E-03 4.711634E+00 9.086461E+00 
1.643844E-01 4.076505E-03 3.308670E-01 1.754266E-01 -1.260639E+00 5.701977E-01 -1.478859E-01 9.564746E-01 2.804191E-02 7.102230E-04 4.397111E+00 8.146230E+00 
1.668967E-01 1.339560E-02 3.917762E-01 1.767855E-01 -1.473400E+00 5.471590E-01 -1.434074E-01 9.708798E-01 2.521891E-02 1.353615E-03 4.204432E+00 9.226735E+00 
1.684186E-01 5.931051E-03 3.339994E-01 1.830503E-01 -1.405177E+00 5.836495E-01 -1.501459E-01 9.826541E-01 2.967629E-02 4.346880E-04 4.197378E+00 9.082949E+00 
1.822214E-01 6.653800E-03 3.443852E-01 1.882831E-01 -1.439775E+00 5.959365E-01 -1.776529E-01 8.625531E-01 2.729845E-02 4.467463E-04 4.211642E+00 8.184896E+00 
1.737368E-01 4.096166E-04 3.423389E-01 1.779240E-01 -1.346606E+00 5.802666E-01 -1.568447E-01 9.815196E-01 2.885995E-02 1.394791E-03 4.254906E+00 8.556454E+00 
1.182623E-01 5.700144E-02 3.167466E-01 1.705856E-01 -1.384083E+00 4.777609E-01 -1.051045E-01 9.753066E-01 2.763235E-02 1.619793E-03 2.441917E+00 8.836636E+00 
1.699701E-01 4.571940E-03 3.560974E-01 1.770463E-01 -1.408302E+00 5.939760E-01 -1.574556E-01 9.656068E-01 2.881699E-02 3.325250E-04 4.338068E+00 9.147975E+00 
1.645964E-01 9.078770E-03 3.511758E-01 1.783270E-01 -1.428532E+00 4.925771E-01 -7.946362E-02 1.088156E+00 3.031624E-02 3.791129E-03 3.777037E+00 1.114952E+01 
1.616853E-01 7.040890E-03 3.183371E-01 1.767583E-01 -1.382646E+00 5.819187E-01 -1.557743E-01 8.722486E-01 2.798249E-02 1.499480E-03 3.930045E+00 9.374912E+00 
1.681789E-01 1.212698E-02 3.710795E-01 1.821901E-01 -1.446218E+00 5.804613E-01 -1.313238E-01 9.275229E-01 2.850412E-02 4.328243E-04 4.252167E+00 7.938220E+00 
1.575570E-01 3.946154E-03 3.279203E-01 1.845912E-01 -1.334656E+00 5.632055E-01 -1.366782E-01 9.406178E-01 2.947800E-02 1.025409E-03 4.217591E+00 8.546065E+00 
1.794353E-01 5.226686E-03 3.489427E-01 1.841009E-01 -1.376720E+00 5.945277E-01 -1.217852E-01 9.286499E-01 2.730600E-02 9.645768E-04 4.242283E+00 9.434292E+00 
1.717496E-01 3.779174E-03 3.266857E-01 1.789947E-01 -1.372994E+00 5.816470E-01 -1.346370E-01 9.719034E-01 2.701399E-02 9.593205E-04 4.332446E+00 9.106515E+00 
1.702558E-01 3.832816E-03 3.259172E-01 1.749564E-01 -1.472150E+00 6.000000E-01 -1.831421E-01 9.355866E-01 2.576941E-02 8.462450E-04 4.435904E+00 8.826021E+00 
1.580420E-01 7.020109E-03 3.338359E-01 1.848965E-01 -1.511924E+00 5.810214E-01 -1.755359E-01 8.258642E-01 2.965923E-02 5.990647E-04 4.210439E+00 9.210003E+00 
1.608266E-01 4.517640E-03 3.325816E-01 1.779796E-01 -1.376090E+00 5.851037E-01 -1.595156E-01 9.827757E-01 2.717516E-02 1.059761E-03 4.188389E+00 8.766877E+00 
1.739455E-01 4.327632E-03 3.523876E-01 1.775965E-01 -1.468490E+00 5.886805E-01 -1.417142E-01 9.249037E-01 2.809972E-02 8.422878E-04 4.422012E+00 8.808151E+00 
1.651010E-01 4.937940E-03 3.348783E-01 1.743917E-01 -1.363365E+00 5.783337E-01 -1.215565E-01 9.958165E-01 2.773177E-02 3.616428E-03 4.199181E+00 8.788510E+00 
1.638262E-01 5.070463E-03 3.250629E-01 1.807817E-01 -1.502947E+00 5.844388E-01 -1.242430E-01 9.503464E-01 2.879187E-02 5.493794E-04 4.047847E+00 9.165552E+00 
1.761164E-01 4.469954E-03 3.191334E-01 1.752598E-01 -1.604470E+00 5.879359E-01 -1.153970E-01 9.447603E-01 2.955634E-02 8.392046E-04 3.960151E+00 6.802980E+00 
1.525286E-01 8.021216E-03 3.167960E-01 1.774765E-01 -1.432141E+00 5.781532E-01 -1.094996E-01 9.567480E-01 2.957665E-02 1.234948E-03 4.086513E+00 8.425779E+00 
1.743877E-01 5.413817E-03 3.429563E-01 1.826448E-01 -1.458950E+00 5.820538E-01 -1.310791E-01 9.954439E-01 2.835923E-02 1.750792E-03 3.921347E+00 8.969076E+00 
1.733422E-01 4.440566E-03 3.404543E-01 1.841203E-01 -1.470177E+00 5.813869E-01 -1.420780E-01 9.460151E-01 2.908247E-02 1.339100E-03 4.652004E+00 8.742394E+00 
1.765210E-01 6.144545E-03 3.451149E-01 1.771941E-01 -1.395295E+00 5.882044E-01 -1.177014E-01 8.991226E-01 2.867250E-02 1.124884E-03 4.112502E+00 8.547683E+00 
1.660704E-01 6.147274E-03 3.297564E-01 1.820723E-01 -1.375501E+00 5.950420E-01 -1.408909E-01 9.783099E-01 2.814147E-02 1.159377E-03 4.083146E+00 9.132705E+00 
1.850787E-01 6.892443E-03 3.416743E-01 1.750601E-01 -1.448214E+00 5.724868E-01 -1.187239E-01 9.655521E-01 2.896788E-02 2.062109E-03 3.623249E+00 9.762878E+00 
1.653637E-01 6.829364E-03 3.344206E-01 1.798099E-01 -1.419826E+00 5.917651E-01 -1.772862E-01 9.816594E-01 3.150032E-02 8.545722E-04 4.126798E+00 9.315404E+00 
1.733053E-01 5.626302E-03 3.393249E-01 1.774165E-01 -1.345571E+00 5.768225E-01 -1.385317E-01 9.255505E-01 2.910977E-02 1.952876E-03 4.400333E+00 9.352677E+00 
1.833457E-01 1.735894E-03 3.419809E-01 1.803267E-01 -1.440289E+00 5.885997E-01 -1.097568E-01 9.581639E-01 3.138531E-02 7.126546E-04 4.368195E+00 8.593410E+00 
1.653074E-01 4.374116E-03 3.426290E-01 1.726974E-01 -1.469629E+00 6.000000E-01 -1.455292E-01 9.987273E-01 2.876622E-02 1.559288E-03 4.217177E+00 8.522338E+00 
1.689922E-01 5.059983E-03 3.307323E-01 1.804915E-01 -1.415127E+00 5.876381E-01 -9.650599E-02 9.346792E-01 2.736223E-02 7.430042E-04 3.907337E+00 8.511933E+00 
1.629685E-01 5.146272E-03 3.260271E-01 1.758754E-01 -1.385490E+00 5.656218E-01 -9.944956E-02 9.480808E-01 2.772229E-02 1.426806E-03 4.303694E+00 8.986183E+00 
1.731295E-01 1.000000E-04 3.390104E-01 1.791664E-01 -1.346573E+00 5.674985E-01 -1.622143E-01 9.044305E-01 2.694945E-02 4.151538E-04 4.225472E+00 9.565527E+00 
1.639473E-01 6.290233E-03 3.373206E-01 1.828139E-01 -1.357838E+00 5.868175E-01 -9.851523E-02 9.591891E-01 2.809866E-02 4.044192E-04 4.367870E+00 8.950736E+00 
1.368934E-01 3.392193E-03 3.420170E-01 1.828714E-01 -1.488799E+00 5.679376E-01 -1.905804E-01 1.058847E+00 2.763528E-02 9.435286E-04 4.304429E+00 8.289334E+00 
1.412378E-01 4.239374E-03 3.485298E-01 1.755748E-01 -1.413279E+00 5.729468E-01 -1.108167E-01 1.017061E+00 3.035505E-02 1.217330E-03 4.250335E+00 9.890792E+00 
1.638624E-01 1.164261E-02 3.427806E-01 1.809465E-01 -1.451261E+00 5.835735E-01 -1.266607E-01 9.388240E-01 2.748881E-02 1.213295E-03 4.391043E+00 9.588155E+00 
1.662633E-01 6.944241E-03 3.073063E-01 1.763007E-01 -1.418826E+00 5.820672E-01 -1.279084E-01 9.671210E-01 2.847715E-02 1.213889E-03 4.148744E+00 9.377736E+00 
1.583330E-01 2.993334E-02 3.364271E-01 1.729959E-01 -1.466520E+00 5.845769E-01 -1.230906E-01 9.252770E-01 2.945578E-02 3.675460E-03 2.873635E+00 8.456000E+00 
1.650259E-01 5.965796E-03 3.241542E-01 1.806328E-01 -1.435635E+00 5.906393E-01 -1.533172E-01 9.589353E-01 2.808766E-02 9.109390E-04 3.788080E+00 8.970383E+00 
1.765256E-01 4.981724E-03 3.364469E-01 1.791073E-01 -1.290678E+00 6.000000E-01 -1.694197E-01 9.492186E-01 2.802136E-02 7.565394E-04 4.124203E+00 8.665910E+00 
1.817008E-01 5.323051E-03 3.237749E-01 1.798953E-01 -1.419136E+00 5.795563E-01 -1.086895E-01 9.428259E-01 2.728861E-02 7.961834E-04 4.248943E+00 8.854931E+00 
1.579650E-01 6.626325E-03 3.291661E-01 1.720886E-01 -1.420458E+00 5.893000E-01 -1.044898E-01 9.772412E-01 2.728198E-02 1.080906E-03 4.161065E+00 7.576146E+00 
1.571147E-01 8.477004E-03 3.505596E-01 1.759014E-01 -1.457429E+00 5.842840E-01 -1.430052E-01 1.004334E+00 2.606204E-02 1.516789E-03 4.182936E+00 8.933839E+00 
1.725579E-01 3.881597E-03 3.508197E-01 1.765852E-01 -1.334152E+00 5.861128E-01 -1.236839E-01 9.756951E-01 2.717591E-02 2.119831E-03 4.368535E+00 9.544518E+00 
1.654121E-01 5.963622E-03 3.342234E-01 1.791684E-01 -1.351887E+00 5.927008E-01 -1.528810E-01 9.549720E-01 2.643346E-02 5.372890E-04 4.194050E+00 9.489517E+00 
1.698811E-01 5.623127E-03 3.629375E-01 1.809668E-01 -1.536768E+00 5.844553E-01 -1.440286E-01 9.192114E-01 3.122784E-02 8.101011E-04 4.493700E+00 8.565738E+00 
1.675940E-01 5.334812E-03 3.394726E-01 1.738248E-01 -1.336730E+00 5.732336E-01 -7.998766E-02 8.711735E-01 2.933318E-02 1.071503E-03 4.006304E+00 7.977878E+00 
1.986426E-01 6.676603E-03 3.374708E-01 1.814987E-01 -1.329151E+00 5.890440E-01 -1.602913E-01 8.612237E-01 2.768502E-02 8.986983E-04 3.948384E+00 9.425852E+00 
1.737031E-01 6.278512E-03 3.448935E-01 1.780041E-01 -1.363387E+00 5.832023E-01 -1.270061E-01 9.298161E-01 2.918248E-02 9.246739E-04 4.044292E+00 8.926386E+00 
1.737148E-01 6.280832E-03 3.394814E-01 1.815331E-01 -1.428252E+00 5.310647E-01 -1.210149E-01 9.312864E-01 2.700851E-02 1.381280E-03 4.004249E+00 8.817555E+00 
1.695603E-01 6.005461E-03 3.311182E-01 1.838401E-01 -1.415731E+00 5.815546E-01 -7.993245E-02 9.747784E-01 2.793466E-02 5.036622E-04 4.039198E+00 8.813889E+00 
1.663820E-01 6.100878E-03 3.293891E-01 1.810502E-01 -1.484089E+00 5.834840E-01 -1.044544E-01 9.394870E-01 2.849085E-02 1.163839E-03 4.128298E+00 8.949068E+00 
1.709377E-01 4.692620E-03 3.314519E-01 1.737366E-01 -1.419349E+00 5.847450E-01 -1.115014E-01 9.191430E-01 2.887874E-02 9.339501E-04 4.109347E+00 9.189984E+00 
1.875055E-01 5.482423E-03 3.572222E-01 1.792773E-01 -1.552856E+00 5.956740E-01 -1.251647E-01 9.248056E-01 2.519285E-02 1.407717E-03 4.039798E+00 8.821011E+00 
1.692783E-01 3.680087E-03 3.370349E-01 1.781993E-01 -1.458932E+00 5.827239E-01 -1.557491E-01 9.307500E-01 2.572284E-02 9.662847E-04 3.162469E+00 9.751808E+00 
1.673885E-01 5.732296E-03 3.366951E-01 1.856356E-01 -1.419922E+00 5.812662E-01 -1.162552E-01 9.425670E-01 2.708820E-02 1.353153E-03 4.200426E+00 9.091124E+00 
1.809793E-01 5.546664E-03 3.606929E-01 1.730105E-01 -1.400896E+00 5.824640E-01 -1.273069E-01 9.134785E-01 2.919035E-02 1.018521E-03 4.129948E+00 9.081538E+00 
1.809726E-01 6.484959E-03 3.602955E-01 1.774004E-01 -1.384366E+00 5.869275E-01 -1.793348E-01 9.449647E-01 2.805629E-02 1.126103E-03 3.974732E+00 9.170380E+00 
1.674185E-01 5.564019E-03 3.653229E-01 1.776941E-01 -1.386084E+00 5.926219E-01 -1.576073E-01 9.795691E-01 2.715383E-02 4.245640E-04 4.103995E+00 8.614979E+00 
1.746216E-01 5.833064E-03 3.334960E-01 1.806776E-01 -1.445332E+00 5.871535E-01 -9.945879E-02 9.170806E-01 2.950680E-02 7.894286E-04 4.163649E+00 9.009485E+00 
1.706871E-01 5.158474E-03 3.476466E-01 1.772558E-01 -1.392389E+00 5.849733E-01 -1.395133E-01 9.718879E-01 2.881505E-02 1.257828E-03 4.371634E+00 8.792630E+00 
1.731268E-01 8.751175E-03 3.450163E-01 1.882488E-01 -1.506208E+00 5.776667E-01 -1.687410E-01 1.001204E+00 3.076238E-02 1.579709E-03 4.413754E+00 8.841550E+00 
1.681826E-01 6.210239E-03 3.338239E-01 1.799910E-01 -1.414566E+00 5.834711E-01 -1.581809E-01 9.283137E-01 2.683135E-02 7.130156E-04 4.239275E+00 9.593261E+00 
1.566238E-01 7.223869E-03 3.290317E-01 1.777541E-01 -1.403126E+00 5.788882E-01 -1.229354E-01 1.053932E+00 2.848929E-02 2.034969E-03 4.097327E+00 5.967686E+00 
1.334296E-01 1.174778E-02 3.454272E-01 1.678257E-01 -1.332273E+00 5.733552E-01 -1.228785E-01 1.034859E+00 2.796037E-02 1.659971E-03 4.284516E+00 1.009467E+01 
1.787746E-01 3.260099E-03 3.501179E-01 1.769193E-01 -1.314308E+00 5.996553E-01 -1.444337E-01 9.066461E-01 2.570637E-02 8.540212E-04 4.230647E+00 8.991765E+00 
1.721426E-01 6.849833E-03 3.404523E-01 1.757803E-01 -1.366797E+00 5.889451E-01 -1.012905E-01 9.822222E-01 2.943192E-02 1.713291E-03 4.165291E+00 1.061215E+01 
1.737891E-01 6.215657E-03 3.525962E-01 1.806755E-01 -1.351006E+00 5.901036E-01 -1.604911E-01 9.794269E-01 2.804260E-02 1.054558E-03 4.482880E+00 9.649677E+00 
1.670116E-01 6.506823E-03 3.360294E-01 1.795848E-01 -1.540333E+00 5.756679E-01 -1.332876E-01 1.014618E+00 2.755762E-02 1.333424E-03 3.899609E+00 8.804553E+00 
1.739227E-01 8.648383E-03 3.198381E-01 1.795555E-01 -1.534937E+00 5.772605E-01 -1.038920E-01 1.015296E+00 2.728823E-02 2.246032E-03 4.037933E+00 9.124455E+00 
1.668821E-01 8.278791E-03 3.445997E-01 1.855943E-01 -1.395631E+00 5.883649E-01 -1.360946E-01 9.387336E-01 2.837289E-02 4.073227E-04 3.709726E+00 1.016371E+01 
1.717392E-01 7.047514E-03 3.412987E-01 1.799359E-01 -1.428365E+00 5.912962E-01 -1.629908E-01 9.627974E-01 2.888162E-02 6.449413E-04 4.083708E+00 9.489407E+00 
1.773976E-01 6.946215E-03 3.455976E-01 1.839890E-01 -1.465616E+00 5.765568E-01 -1.208773E-01 1.014884E+00 2.909952E-02 1.477398E-03 4.085428E+00 8.065929E+00 
1.641876E-01 5.915930E-03 3.391195E-01 1.734563E-01 -1.528509E+00 5.729376E-01 -1.053737E-01 9.146430E-01 2.935214E-02 8.708884E-04 3.897325E+00 9.077777E+00 
1.685544E-01 6.653125E-03 3.455689E-01 1.777311E-01 -1.582693E+00 5.706777E-01 -1.237978E-01 8.539656E-01 2.622392E-02 1.119910E-03 3.977363E+00 8.934480E+00 
1.652648E-01 4.537603E-03 3.478872E-01 1.800174E-01 -1.307458E+00 5.921341E-01 -1.390049E-01 9.379103E-01 2.746460E-02 5.373903E-04 4.501616E+00 8.036646E+00 
1.722885E-01 6.603031E-03 3.270545E-01 1.832807E-01 -1.397978E+00 5.886083E-01 -1.197513E-01 9.268005E-01 2.670342E-02 9.959766E-04 3.790967E+00 8.751452E+00 
1.699525E-01 4.956190E-03 3.416081E-01 1.690699E-01 -1.418253E+00 5.983466E-01 -1.417512E-01 9.362974E-01 2.850916E-02 1.632792E-03 4.179476E+00 8.891430E+00 
1.832203E-01 8.873961E-03 3.219129E-01 1.743008E-01 -1.458693E+00 5.982714E-01 -1.261410E-01 9.329398E-01 2.677687E-02 2.591176E-03 4.134528E+00 8.710785E+00 
1.646863E-01 7.332812E-03 3.435594E-01 1.785902E-01 -1.344884E+00 5.906533E-01 -1.478792E-01 1.030703E+00 2.653210E-02 3.859170E-04 4.224450E+00 9.035478E+00 
1.693474E-01 6.844778E-03 3.307399E-01 1.750822E-01 -1.422770E+00 5.827444E-01 -1.341759E-01 1.010168E+00 2.949048E-02 1.067238E-03 3.781567E+00 9.214784E+00 
1.781065E-01 5.052003E-03 3.414376E-01 1.737857E-01 -1.435409E+00 5.921048E-01 -1.567690E-01 9.873520E-01 2.831868E-02 7.710787E-04 4.623794E+00 8.451647E+00 
1.786276E-01 4.534193E-03 3.472973E-01 1.850684E-01 -1.420208E+00 5.980872E-01 -1.632129E-01 9.934624E-01 2.781091E-02 6.177937E-04 3.942358E+00 9.768302E+00 
1.663299E-01 6.626475E-03 3.287128E-01 1.777908E-01 -1.419656E+00 5.850294E-01 -1.554233E-01 9.598981E-01 2.662725E-02 1.035984E-03 4.102218E+00 9.132476E+00 
1.776378E-01 5.990287E-03 3.629817E-01 1.805753E-01 -1.525128E+00 5.836429E-01 -1.645458E-01 9.488060E-01 2.612881E-02 1.739661E-03 4.758177E+00 9.624717E+00 
1.499568E-01 6.906212E-03 3.344584E-01 1.827173E-01 -1.428531E+00 5.928205E-01 -9.635655E-02 9.786141E-01 2.964784E-02 8.815810E-04 4.575215E+00 9.096253E+00 
1.683256E-01 4.736087E-03 3.382136E-01 1.808520E-01 -1.392381E+00 5.985829E-01 -1.194349E-01 8.779422E-01 2.621627E-02 1.338903E-03 3.983736E+00 8.803021E+00 
1.632177E-01 7.583797E-03 3.343820E-01 1.791743E-01 -1.311818E+00 5.796582E-01 -1.104413E-01 9.674365E-01 2.755439E-02 1.159493E-03 4.424188E+00 8.684241E+00 
1.835865E-01 6.175144E-03 3.403994E-01 1.781279E-01 -1.375347E+00 5.844857E-01 -1.102225E-01 9.323275E-01 2.807439E-02 1.297483E-03 4.255168E+00 8.125439E+00 
1.819508E-01 5.131834E-03 3.287450E-01 1.819428E-01 -1.375575E+00 5.875065E-01 -1.217366E-01 9.703195E-01 2.815374E-02 3.720400E-04 4.077502E+00 9.235679E+00 
1.842402E-01 3.254811E-03 3.331869E-01 1.780055E-01 -1.410835E+00 5.856304E-01 -1.498609E-01 8.952361E-01 2.848324E-02 4.967893E-04 4.219858E+00 8.874635E+00 
1.617028E-01 1.674594E-02 3.172631E-01 1.777175E-01 -1.332693E+00 5.727350E-01 -1.173398E-01 9.272747E-01 2.792588E-02 9.012368E-04 4.397766E+00 8.880264E+00 
1.852227E-01 5.227627E-03 3.327266E-01 1.851821E-01 -1.393473E+00 5.870407E-01 -9.846619E-02 9.047322E-01 2.755328E-02 8.859409E-04 4.536488E+00 9.463736E+00 
1.936288E-01 6.305486E-03 3.204920E-01 1.882845E-01 -1.418946E+00 5.838881E-01 -1.140956E-01 9.742645E-01 2.699509E-02 1.369561E-03 3.854194E+00 8.132517E+00 
1.608691E-01 8.051543E-03 3.303731E-01 1.817800E-01 -1.484123E+00 5.809100E-01 -1.183526E-01 9.192260E-01 2.639619E-02 2.174673E-04 4.272314E+00 9.020254E+00 
1.701837E-01 2.631134E-03 3.518727E-01 1.819464E-01 -1.428268E+00 5.868142E-01 -1.555445E-01 8.852444E-01 2.773497E-02 6.791382E-04 4.057295E+00 8.784746E+00 
1.657907E-01 4.449032E-03 3.554246E-01 1.784247E-01 -1.380633E+00 5.818484E-01 -1.504145E-01 9.310691E-01 2.723104E-02 9.609073E-04 4.038336E+00 9.093961E+00 
1.544472E-01 5.394082E-03 3.450753E-01 1.746548E-01 -1.554370E+00 5.977524E-01 -8.252500E-02 9.928303E-01 2.445919E-02 6.348798E-04 4.373064E+00 9.273176E+00 
1.757171E-01 6.491816E-03 3.473995E-01 1.839809E-01 -1.500318E+00 5.671740E-01 -1.015522E-01 9.397639E-01 2.672241E-02 1.743302E-03 4.147061E+00 9.215185E+00 
1.720030E-01 9.185972E-03 3.214437E-01 1.804744E-01 -1.322898E+00 5.943921E-01 -1.070002E-01 9.385000E-01 2.983300E-02 9.698438E-04 4.652347E+00 8.399146E+00 
1.670481E-01 8.370020E-03 3.500215E-01 1.720917E-01 -1.429573E+00 5.732452E-01 -1.119723E-01 9.792745E-01 3.066347E-02 2.298833E-03 4.500192E+00 8.878288E+00 
1.717847E-01 6.542839E-03 3.597101E-01 1.755412E-01 -1.419817E+00 5.956173E-01 -1.774956E-01 9.465621E-01 2.672409E-02 4.165945E-04 4.537204E+00 9.153791E+00 
1.729013E-01 3.397314E-03 3.523252E-01 1.822003E-01 -1.456128E+00 5.839636E-01 -1.209355E-01 9.503792E-01 2.595499E-02 1.049508E-03 4.472627E+00 8.667453E+00 
1.684339E-01 2.813595E-03 3.528001E-01 1.807440E-01 -1.569540E+00 6.000000E-01 -1.361666E-01 8.808729E-01 2.482372E-02 9.438173E-04 4.655599E+00 1.028081E+01 
