1.732639E-01 3.000003E-03 3.497733E-01 1.693588E-01 -1.447226E+00 5.744269E-01 -1.544850E-01 9.363123E-01 2.614693E-02 1.529261E-03 3.788487E+00 9.354866E+00 
1.717152E-01 4.729422E-03 3.517358E-01 1.853822E-01 -1.391347E+00 6.000000E-01 -1.736176E-01 8.988797E-01 2.868232E-02 1.305599E-03 4.265267E+00 8.839391E+00 
1.578853E-01 4.676523E-03 3.133989E-01 1.667118E-01 -1.264670E+00 5.757605E-01 -1.190449E-01 9.663476E-01 2.816262E-02 3.703664E-03 4.373351E+00 9.710204E+00 
1.247934E-01 8.899544E-03 3.474113E-01 1.765333E-01 -1.299457E+00 5.760431E-01 -1.169265E-01 9.319517E-01 2.805331E-02 2.935320E-03 4.045431E+00 7.838697E+00 
1.842517E-01 5.340700E-03 3.256228E-01 1.759062E-01 -1.336603E+00 5.809427E-01 -1.632928E-01 9.776178E-01 2.877253E-02 3.375348E-04 4.376938E+00 8.333394E+00 
1.715847E-01 4.235218E-03 3.162813E-01 1.838830E-01 -1.434747E+00 5.793986E-01 -1.118099E-01 1.025124E+00 2.801605E-02 1.509975E-03 4.433324E+00 8.847259E+00 
1.743937E-01 2.655453E-03 3.189290E-01 1.803877E-01 -1.429985E+00 5.934332E-01 -1.882309E-01 9.115776E-01 2.731172E-02 2.054137E-03 4.235740E+00 9.247105E+00 
2.000000E-01 5.806587E-03 3.434026E-01 1.772119E-01 -1.444947E+00 5.818442E-01 -1.689462E-01 8.972980E-01 2.717399E-02 6.900281E-04 4.230541E+00 9.277720E+00 
1.691820E-01 5.222579E-03 3.192394E-01 1.776698E-01 -1.351398E+00 5.803937E-01 -1.169256E-01 9.589257E-01 2.660717E-02 1.136882E-03 4.698834E+00 9.437761E+00 
1.666781E-01 6.201892E-03 3.428722E-01 1.787939E-01 -1.435890E+00 5.974033E-01 -1.267887E-01 9.399458E-01 2.705056E-02 1.003512E-03 4.244339E+00 9.273458E+00 
1.652702E-01 4.589768E-03 3.363298E-01 1.760900E-01 -1.419626E+00 5.785800E-01 -1.389735E-01 8.376183E-01 3.134789E-02 1.200952E-03 4.127141E+00 9.226869E+00 
1.629837E-01 6.389055E-03 3.400067E-01 1.833253E-01 -1.452019E+00 5.897955E-01 -1.686735E-01 9.401360E-01 2.899540E-02 1.270333E-03 4.201457E+00 8.394661E+00 
1.824490E-01 7.845259E-03 3.473982E-01 1.806871E-01 -1.436846E+00 5.869563E-01 -1.318703E-01 1.031695E+00 2.845957E-02 1.137461E-03 4.080847E+00 9.458545E+00 
1.192076E-01 6.841590E-03 3.377225E-01 1.703071E-01 -1.294552E+00 5.753854E-01 -7.155046E-02 1.007695E+00 2.851279E-02 1.759676E-03 4.146512E+00 9.414589E+00 
1.702120E-01 4.245529E-03 3.495634E-01 1.774798E-01 -1.352826E+00 5.887826E-01 -1.754931E-01 9.519248E-01 2.818960E-02 1.510308E-03 3.558266E+00 9.936651E+00 
1.756080E-01 5.422738E-03 3.440401E-01 1.795260E-01 -1.436400E+00 5.760238E-01 -1.246953E-01 1.033142E+00 2.736943E-02 2.839937E-03 4.275799E+00 9.561459E+00 
1.734376E-01 7.696591E-03 3.587202E-01 1.817990E-01 -1.322342E+00 5.890939E-01 -1.707636E-01 9.565592E-01 2.913434E-02 1.358351E-03 3.894634E+00 9.293790E+00 
1.668153E-01 4.413914E-03 3.289173E-01 1.778198E-01 -1.421349E+00 5.829671E-01 -1.122284E-01 9.918287E-01 2.826906E-02 8.241847E-04 4.296127E+00 7.715700E+00 
1.564288E-01 5.458122E-03 3.126470E-01 1.792670E-01 -1.384363E+00 4.539694E-01 -1.749204E-01 9.280648E-01 2.777267E-02 1.381757E-03 4.138840E+00 8.759202E+00 
1.632406E-01 4.314249E-03 3.521133E-01 1.809627E-01 -1.407862E+00 5.849129E-01 -1.239461E-01 9.474332E-01 2.963354E-02 1.049628E-03 4.500657E+00 8.355644E+00 
1.778752E-01 1.061709E-02 3.361130E-01 1.748063E-01 -1.343680E+00 5.907684E-01 -1.405625E-01 9.245929E-01 2.839859E-02 3.631428E-03 4.335680E+00 8.495809E+00 
1.537962E-01 8.073223E-03 3.353704E-01 1.809161E-01 -1.386033E+00 5.902196E-01 -1.439004E-01 9.032948E-01 2.767473E-02 2.308161E-03 4.164993E+00 8.386018E+00 
1.804435E-01 6.292941E-03 3.470391E-01 1.816956E-01 -1.584645E+00 5.964214E-01 -1.921087E-01 9.004274E-01 2.698941E-02 4.678919E-05 4.290350E+00 8.833459E+00 
1.980104E-01 7.009857E-04 3.755313E-01 1.723196E-01 -1.557132E+00 5.699232E-01 -1.195190E-01 9.386977E-01 3.021377E-02 9.645899E-04 3.830346E+00 8.724263E+00 
1.753608E-01 5.982681E-03 3.536627E-01 1.824300E-01 -1.465530E+00 5.955507E-01 -1.311988E-01 9.164076E-01 2.826117E-02 7.629916E-04 4.263967E+00 9.268930E+00 
1.796463E-01 3.103698E-03 3.491351E-01 1.785923E-01 -1.457959E+00 5.888492E-01 -1.299881E-01 9.124920E-01 2.765543E-02 4.667769E-04 4.141683E+00 6.888350E+00 
1.609389E-01 4.431751E-03 3.513180E-01 1.766023E-01 -1.513015E+00 5.845975E-01 -1.458416E-01 9.392486E-01 2.779916E-02 9.594919E-04 4.031147E+00 8.808279E+00 
1.772473E-01 6.563513E-03 3.315177E-01 1.744181E-01 -1.453493E+00 5.902414E-01 -1.844947E-01 9.835554E-01 2.710746E-02 1.491871E-03 4.176648E+00 8.623878E+00 
1.766729E-01 4.498479E-03 3.177376E-01 1.759032E-01 -1.347932E+00 5.900234E-01 -1.266067E-01 9.354390E-01 2.795441E-02 1.457376E-03 4.198936E+00 9.413199E+00 
1.849652E-01 3.097469E-03 3.406005E-01 1.819260E-01 -1.439205E+00 5.901842E-01 -1.835410E-01 9.079763E-01 2.719967E-02 1.295807E-03 3.904718E+00 8.922396E+00 
1.584693E-01 5.345470E-03 3.448723E-01 1.787165E-01 -1.387473E+00 5.800903E-01 -1.008696E-01 9.132849E-01 3.033031E-02 6.997553E-04 4.322392E+00 8.806635E+00 
1.698926E-01 6.929561E-03 3.302040E-01 1.746226E-01 -1.464932E+00 5.811699E-01 -1.144338E-01 9.692464E-01 2.966637E-02 3.606469E-04 4.102426E+00 9.094337E+00 
1.490309E-01 5.349930E-03 3.409671E-01 1.796708E-01 -1.406928E+00 5.836371E-01 -1.368806E-01 9.616621E-01 2.992105E-02 7.375720E-04 4.102478E+00 7.997552E+00 
1.841565E-01 5.720033E-03 3.234602E-01 1.752463E-01 -1.441721E+00 5.795540E-01 -1.231101E-01 8.055039E-01 2.826216E-02 1.901211E-03 4.184188E+00 9.117719E+00 
1.667165E-01 3.550589E-03 3.481122E-01 1.880014E-01 -1.498251E+00 5.918870E-01 -1.531074E-01 9.394055E-01 2.733163E-02 1.372518E-03 4.023857E+00 8.482511E+00 
1.496982E-01 7.288085E-03 3.585700E-01 1.536525E-01 -1.446362E+00 4.013788E-01 -9.898927E-02 6.639871E-01 2.836880E-02 2.466235E-03 4.280037E+00 1.116245E+01 
1.221395E-01 1.588479E-02 3.939146E-01 1.739843E-01 -1.413099E+00 2.333179E-01 -5.464203E-02 7.547185E-01 2.826174E-02 4.759457E-03 4.107011E+00 8.046728E+00 
1.601973E-01 6.733260E-03 3.347121E-01 1.796219E-01 -1.387240E+00 5.754971E-01 -1.258322E-01 9.394022E-01 2.872803E-02 7.156937E-04 4.193229E+00 9.885092E+00 
1.665511E-01 5.675711E-03 3.133718E-01 1.800385E-01 -1.451952E+00 5.753454E-01 -1.204430E-01 9.259531E-01 2.778421E-02 6.392888E-04 4.043413E+00 9.004197E+00 
1.831154E-01 1.132596E-02 3.428035E-01 1.845830E-01 -1.404834E+00 5.849180E-01 -1.482448E-01 9.429132E-01 2.829068E-02 1.165437E-03 3.913982E+00 8.244606E+00 
1.683479E-01 5.495656E-03 3.440389E-01 1.782309E-01 -1.425787E+00 5.797205E-01 -1.257890E-01 8.610298E-01 3.021981E-02 1.337061E-03 4.241849E+00 8.278102E+00 
1.713627E-01 7.476468E-03 3.510423E-01 1.833037E-01 -1.362587E+00 5.890523E-01 -1.350879E-01 9.733071E-01 2.934434E-02 6.743367E-04 3.789844E+00 9.926048E+00 
1.776106E-01 5.295546E-03 3.421114E-01 1.712666E-01 -1.339067E+00 5.908194E-01 -1.105123E-01 9.832143E-01 2.763904E-02 1.628294E-03 4.255484E+00 9.301230E+00 
1.720995E-01 6.265707E-03 3.365737E-01 1.793017E-01 -1.460417E+00 5.784960E-01 -1.386663E-01 9.605463E-01 2.876087E-02 1.092297E-03 4.051439E+00 8.651828E+00 
1.862101E-01 9.619642E-03 3.477368E-01 1.797726E-01 -1.437784E+00 5.961993E-01 -1.900873E-01 9.555813E-01 2.715854E-02 1.457849E-03 4.116912E+00 9.158268E+00 
1.838320E-01 1.200098E-02 3.424014E-01 1.827188E-01 -1.486818E+00 5.546378E-01 -1.553353E-01 9.458778E-01 2.761556E-02 2.400300E-03 4.413081E+00 8.713640E+00 
1.710820E-01 7.669054E-03 3.085180E-01 1.744981E-01 -1.441101E+00 5.844727E-01 -1.263599E-01 9.254478E-01 3.010537E-02 3.385056E-04 4.134289E+00 8.383274E+00 
1.762119E-01 6.630021E-03 3.560831E-01 1.848252E-01 -1.517667E+00 6.000000E-01 -1.456446E-01 9.555409E-01 2.545403E-02 7.991196E-04 4.493731E+00 9.138550E+00 
1.770319E-01 4.592353E-03 3.316429E-01 1.788396E-01 -1.301617E+00 5.867640E-01 -1.521445E-01 9.667505E-01 2.967964E-02 1.750154E-03 4.165232E+00 9.001535E+00 
1.729792E-01 4.663247E-03 3.322867E-01 1.800402E-01 -1.357472E+00 5.912431E-01 -1.313504E-01 9.686123E-01 2.850093E-02 1.456731E-03 4.298778E+00 9.329043E+00 
1.638174E-01 6.211421E-03 3.474532E-01 1.747583E-01 -1.474703E+00 5.933264E-01 -1.920391E-01 8.658011E-01 2.890447E-02 7.338989E-04 4.125190E+00 8.969208E+00 
1.699946E-01 3.086830E-03 3.548682E-01 1.817892E-01 -1.416199E+00 5.939626E-01 -1.183997E-01 9.147522E-01 2.812730E-02 7.593677E-04 4.135830E+00 8.398301E+00 
1.742130E-01 6.577286E-03 3.240220E-01 1.782479E-01 -1.506010E+00 5.708682E-01 -1.314932E-01 9.897437E-01 2.671414E-02 1.322953E-03 4.539079E+00 8.725606E+00 
1.795665E-01 5.587011E-03 3.461772E-01 1.763676E-01 -1.510430E+00 5.814398E-01 -1.586151E-01 9.290174E-01 2.687772E-02 6.826522E-04 4.389645E+00 8.636942E+00 
1.593687E-01 5.427765E-03 3.568393E-01 1.829853E-01 -1.290342E+00 5.835417E-01 -1.706756E-01 9.709305E-01 2.903281E-02 4.104325E-04 4.393805E+00 8.462926E+00 
1.696042E-01 8.152130E-03 3.279155E-01 1.783089E-01 -1.458412E+00 5.852697E-01 -1.631754E-01 8.767074E-01 2.917904E-02 1.743542E-03 3.931264E+00 8.668167E+00 
1.746203E-01 9.272304E-03 3.492040E-01 1.806794E-01 -1.398217E+00 5.856797E-01 -1.252332E-01 1.000067E+00 2.757669E-02 9.441630E-04 4.418322E+00 9.231689E+00 
1.679356E-01 4.016998E-03 3.477854E-01 1.806528E-01 -1.416481E+00 5.813296E-01 -1.395561E-01 8.891989E-01 2.794738E-02 1.636835E-03 4.046311E+00 8.722653E+00 
1.669733E-01 5.828343E-03 3.477425E-01 1.757715E-01 -1.330457E+00 5.858430E-01 -1.416327E-01 9.661152E-01 2.826977E-02 3.925186E-04 4.349570E+00 8.736057E+00 
1.725380E-01 2.361348E-03 3.591513E-01 1.780772E-01 -1.411544E+00 5.942628E-01 -1.680395E-01 9.323927E-01 2.667354E-02 4.564214E-04 4.301298E+00 8.023861E+00 
1.713043E-01 5.105942E-03 3.433289E-01 1.808558E-01 -1.290342E+00 5.969518E-01 -1.259150E-01 8.716678E-01 2.746011E-02 5.399568E-04 4.243964E+00 9.044085E+00 
1.575142E-01 3.084289E-03 3.319146E-01 1.785323E-01 -1.507876E+00 5.879570E-01 -1.505819E-01 9.196710E-01 2.757715E-02 5.175542E-04 4.205866E+00 9.275256E+00 
1.713737E-01 5.065082E-03 3.569413E-01 1.790512E-01 -1.451884E+00 5.915510E-01 -1.428748E-01 9.845580E-01 2.867547E-02 1.029962E-03 4.453685E+00 9.254436E+00 
1.555126E-01 4.966659E-03 3.265399E-01 1.773583E-01 -1.351496E+00 5.970391E-01 -1.324251E-01 9.421054E-01 3.032227E-02 3.781263E-04 4.074054E+00 9.138103E+00 
1.871633E-01 5.721445E-03 3.381843E-01 1.821332E-01 -1.121957E+00 5.933643E-01 -1.707577E-01 9.587921E-01 2.675783E-02 5.827146E-04 4.019408E+00 8.075976E+00 
1.769391E-01 5.838700E-03 3.340929E-01 1.789674E-01 -1.288472E+00 5.870792E-01 -1.711665E-01 9.543173E-01 2.801645E-02 1.341362E-03 4.074051E+00 8.832520E+00 
1.737430E-01 6.397684E-03 3.235136E-01 1.805679E-01 -1.428281E+00 5.820982E-01 -1.336675E-01 1.014584E+00 2.827742E-02 2.728511E-04 3.777802E+00 9.110271E+00 
1.672952E-01 4.048354E-03 3.631878E-01 1.743498E-01 -1.447033E+00 5.959550E-01 -1.666560E-01 9.382993E-01 2.404662E-02 1.151374E-03 4.207910E+00 8.711920E+00 
1.647534E-01 3.992904E-03 3.290390E-01 1.755531E-01 -1.189196E+00 5.813114E-01 -1.307267E-01 9.774865E-01 2.665870E-02 6.555374E-04 4.295637E+00 8.951321E+00 
1.610393E-01 5.763660E-03 3.160660E-01 1.793517E-01 -1.363202E+00 5.732095E-01 -1.298437E-01 9.960278E-01 2.761794E-02 1.623012E-03 4.621486E+00 9.450278E+00 
1.209812E-01 9.953514E-03 3.391394E-01 1.685545E-01 -1.370607E+00 4.347381E-01 -1.370925E-01 9.145241E-01 2.862706E-02 1.895744E-03 4.206314E+00 8.693120E+00 
1.755755E-01 5.365935E-03 3.424456E-01 1.810054E-01 -1.488080E+00 5.910341E-01 -1.258791E-01 1.002530E+00 2.697678E-02 2.102317E-03 4.161028E+00 9.375380E+00 
1.773004E-01 5.399538E-03 3.270942E-01 1.814219E-01 -1.397693E+00 5.899557E-01 -9.977116E-02 9.795597E-01 2.613973E-02 3.761093E-04 4.056384E+00 9.296898E+00 
1.656838E-01 4.963775E-03 3.209785E-01 1.769985E-01 -1.492294E+00 5.876986E-01 -1.223939E-01 9.951232E-01 2.709272E-02 1.864167E-04 4.284048E+00 9.019220E+00 
1.832056E-01 5.810467E-03 3.496220E-01 1.804957E-01 -1.457535E+00 5.974274E-01 -1.536009E-01 9.562300E-01 2.843687E-02 1.420702E-03 3.790143E+00 9.102386E+00 
1.717910E-01 6.571827E-03 3.383050E-01 1.782010E-01 -1.426124E+00 5.885392E-01 -1.412415E-01 9.926998E-01 2.566318E-02 1.275731E-03 4.469889E+00 9.506308E+00 
1.332823E-01 2.012014E-02 2.961281E-01 1.793064E-01 -1.379624E+00 5.121499E-01 -1.493259E-01 9.798359E-01 3.244077E-02 5.125431E-03 4.008400E+00 9.322052E+00 
1.713232E-01 2.844870E-03 3.202781E-01 1.753978E-01 -1.365331E+00 5.803890E-01 -1.322721E-01 9.800871E-01 2.814836E-02 1.076911E-03 4.128125E+00 9.184644E+00 
1.490887E-01 1.195970E-02 3.486819E-01 1.789400E-01 -1.490549E+00 4.152452E-01 -1.487516E-01 9.805489E-01 3.036261E-02 2.389657E-03 4.277264E+00 9.164719E+00 
1.893026E-01 1.489817E-02 3.368945E-01 1.835396E-01 -1.339433E+00 5.779149E-01 -1.240488E-01 1.005590E+00 2.797952E-02 3.891910E-04 4.261864E+00 8.557585E+00 
1.713697E-01 8.168588E-03 3.362508E-01 1.768671E-01 -1.335726E+00 5.984909E-01 -1.619341E-01 9.084385E-01 2.886792E-02 1.873317E-03 4.212007E+00 8.918462E+00 
1.905523E-01 5.347648E-03 3.386771E-01 1.806375E-01 -1.421033E+00 5.770989E-01 -1.312686E-01 9.778904E-01 2.916315E-02 7.741181E-04 4.285485E+00 8.696139E+00 
1.687996E-01 6.063536E-03 3.238306E-01 1.937272E-01 -1.475664E+00 5.904773E-01 -1.662234E-01 9.344595E-01 2.854949E-02 1.467284E-03 4.059098E+00 4.943009E+00 
1.661927E-01 4.361994E-03 3.293182E-01 1.801077E-01 -1.482881E+00 5.785477E-01 -1.306327E-01 9.379314E-01 3.131060E-02 7.174442E-04 4.311104E+00 9.035074E+00 
1.638949E-01 5.847586E-03 3.351842E-01 1.831200E-01 -1.362688E+00 5.965181E-01 -1.025666E-01 9.967764E-01 3.024022E-02 9.693614E-04 4.291851E+00 9.072362E+00 
1.758965E-01 2.946283E-03 3.412108E-01 1.772199E-01 -1.329343E+00 5.845712E-01 -1.476128E-01 1.048044E+00 2.691730E-02 9.243467E-04 3.974451E+00 9.425762E+00 
1.828724E-01 2.984935E-03 3.408375E-01 1.721891E-01 -1.363255E+00 5.764914E-01 -1.587279E-01 9.277150E-01 2.784561E-02 1.515285E-03 4.215041E+00 7.355906E+00 
1.579700E-01 1.929541E-02 3.873423E-01 1.602544E-01 -1.404179E+00 5.787948E-01 -9.342244E-02 3.898387E-01 2.848327E-02 1.891051E-03 4.071312E+00 9.269261E+00 
1.569084E-01 6.978713E-03 3.319158E-01 1.760791E-01 -1.480847E+00 5.863674E-01 -1.351565E-01 9.298751E-01 3.021323E-02 1.691774E-03 4.101521E+00 8.597249E+00 
1.803424E-01 5.441706E-03 3.387794E-01 1.785928E-01 -1.422090E+00 5.865912E-01 -1.590645E-01 1.040679E+00 2.649665E-02 1.400916E-03 3.940362E+00 8.859911E+00 
1.774322E-01 5.781824E-03 3.501479E-01 1.815723E-01 -1.504130E+00 5.841100E-01 -1.469811E-01 1.006498E+00 2.629809E-02 1.065001E-03 4.167416E+00 8.870784E+00 
1.682705E-01 6.602848E-03 3.356556E-01 1.780740E-01 -1.462668E+00 5.788211E-01 -1.309124E-01 9.452422E-01 2.697998E-02 4.620814E-04 4.091676E+00 9.203911E+00 
1.508748E-01 4.484490E-03 3.364465E-01 1.834726E-01 -1.378556E+00 5.916806E-01 -1.373546E-01 9.551947E-01 2.906943E-02 1.007971E-03 4.210693E+00 8.530218E+00 
1.717373E-01 5.891744E-03 3.364144E-01 1.812841E-01 -1.457079E+00 5.251823E-01 -1.078960E-01 9.582827E-01 2.906972E-02 4.472283E-04 4.221384E+00 9.637063E+00 
1.300477E-01 2.817654E-02 3.491598E-01 1.759700E-01 -1.420754E+00 5.630078E-01 -1.316304E-01 9.793746E-01 2.791464E-02 7.864771E-03 3.733174E+00 8.467315E+00 
1.785344E-01 3.669602E-03 2.995473E-01 1.769748E-01 -1.505979E+00 5.921692E-01 -1.063373E-01 9.011560E-01 2.722725E-02 1.152233E-03 4.316757E+00 9.979811E+00 
1.582478E-01 6.402200E-03 3.431529E-01 1.727474E-01 -1.252822E+00 5.828524E-01 -1.316934E-01 9.518244E-01 2.919081E-02 1.910661E-03 4.092287E+00 9.187874E+00 
1.616376E-01 5.368926E-03 3.344823E-01 1.730157E-01 -1.459473E+00 5.857470E-01 -1.698733E-01 9.592724E-01 2.952813E-02 6.516017E-04 4.713166E+00 8.623742E+00 
1.786184E-01 5.753309E-03 3.238876E-01 1.807938E-01 -1.449675E+00 5.875437E-01 -1.231855E-01 9.384388E-01 2.879241E-02 9.677840E-04 4.175040E+00 9.042066E+00 
1.724665E-01 4.441013E-03 3.199934E-01 1.785131E-01 -1.389343E+00 5.799629E-01 -1.348397E-01 9.743371E-01 2.806859E-02 1.341980E-03 4.665742E+00 9.599769E+00 
1.715710E-01 4.621211E-03 3.196998E-01 1.823615E-01 -1.500278E+00 5.838619E-01 -1.211012E-01 9.471458E-01 2.800231E-02 4.678318E-04 4.360948E+00 9.107941E+00 
1.832503E-01 6.345996E-03 3.208677E-01 1.855755E-01 -1.435388E+00 5.847394E-01 -1.239349E-01 9.105961E-01 2.866281E-02 6.295329E-04 3.930871E+00 8.162167E+00 
1.928393E-01 1.226777E-02 3.211845E-01 1.916515E-01 -1.508164E+00 6.000000E-01 -1.448375E-01 8.920707E-01 2.588730E-02 8.879225E-04 4.840374E+00 8.948368E+00 
1.808584E-01 6.650394E-03 3.411281E-01 1.844053E-01 -1.486817E+00 6.000000E-01 -1.196276E-01 9.292211E-01 2.713887E-02 7.921390E-04 4.169046E+00 8.433968E+00 
1.750323E-01 5.275410E-03 3.450966E-01 1.781480E-01 -1.361080E+00 5.922647E-01 -1.928498E-01 9.882175E-01 2.867558E-02 3.131965E-04 4.203753E+00 8.525555E+00 
1.641224E-01 5.685971E-03 3.369746E-01 1.796840E-01 -1.413224E+00 5.859800E-01 -1.613911E-01 9.905783E-01 2.817334E-02 1.388873E-03 4.004457E+00 9.974023E+00 
1.766360E-01 5.483126E-03 3.459735E-01 1.746591E-01 -1.526517E+00 5.961112E-01 -1.626841E-01 8.763681E-01 2.797908E-02 1.886284E-03 4.222436E+00 9.101121E+00 
1.725193E-01 4.438198E-03 3.385067E-01 1.773921E-01 -1.571278E+00 5.844553E-01 -1.382041E-01 9.394425E-01 2.631113E-02 1.012239E-03 4.126840E+00 8.207426E+00 
1.637204E-01 2.368709E-03 3.490097E-01 1.788372E-01 -1.497834E+00 5.915621E-01 -1.455459E-01 9.264391E-01 2.727160E-02 6.823276E-04 3.855116E+00 8.603326E+00 
1.663808E-01 7.597115E-03 3.248461E-01 1.734606E-01 -1.385767E+00 5.739214E-01 -1.491524E-01 9.893954E-01 2.504770E-02 1.165560E-03 4.196267E+00 9.547314E+00 
1.830910E-01 3.451955E-03 3.391104E-01 1.861266E-01 -1.437916E+00 5.927706E-01 -1.407172E-01 9.631699E-01 2.736654E-02 1.362072E-03 4.178736E+00 9.684975E+00 
1.614907E-01 6.076149E-03 3.271021E-01 1.756719E-01 -1.499422E+00 5.772796E-01 -1.297831E-01 8.805770E-01 2.768261E-02 1.768326E-03 3.854864E+00 8.709493E+00 
1.768429E-01 6.078512E-03 3.369198E-01 1.803402E-01 -1.335615E+00 5.886691E-01 -1.281569E-01 9.092155E-01 2.766928E-02 8.573630E-04 4.203890E+00 9.949817E+00 
1.824979E-01 5.333428E-03 3.423737E-01 1.759937E-01 -1.366415E+00 5.888484E-01 -1.495507E-01 9.523708E-01 2.661329E-02 1.578115E-03 4.368154E+00 9.629219E+00 
1.811240E-01 6.816960E-03 3.048891E-01 1.824743E-01 -1.305773E+00 5.871900E-01 -1.508556E-01 9.756269E-01 2.948885E-02 5.099186E-04 4.371011E+00 9.043949E+00 
1.741135E-01 5.008719E-03 3.317780E-01 1.778457E-01 -1.438084E+00 5.765800E-01 -1.604850E-01 9.214744E-01 2.740890E-02 9.236610E-04 4.369256E+00 8.923586E+00 
1.768257E-01 6.560571E-03 3.481735E-01 1.761357E-01 -1.393802E+00 5.900874E-01 -1.548073E-01 9.594528E-01 2.775692E-02 0.000000E+00 4.212284E+00 8.749123E+00 
1.833058E-01 7.499128E-03 3.627533E-01 1.820959E-01 -1.511274E+00 5.953679E-01 -2.000000E-01 9.279070E-01 2.680296E-02 2.357476E-03 4.219747E+00 8.448070E+00 
1.661173E-01 6.202795E-03 3.147476E-01 1.711024E-01 -1.486983E+00 5.615459E-01 -1.290340E-01 9.698179E-01 2.771219E-02 2.577279E-03 4.324814E+00 9.538009E+00 
1.748942E-01 4.317061E-03 3.008572E-01 1.744268E-01 -1.445280E+00 5.880872E-01 -1.448637E-01 9.318108E-01 2.691843E-02 1.077222E-03 4.036349E+00 9.144474E+00 
1.700372E-01 6.077445E-03 3.409785E-01 1.793555E-01 -1.374682E+00 5.928348E-01 -1.749325E-01 9.573809E-01 2.951582E-02 1.346792E-03 4.143854E+00 7.730224E+00 
1.799298E-01 6.520095E-03 3.518470E-01 1.770163E-01 -1.435859E+00 5.972306E-01 -1.381790E-01 9.669576E-01 2.955032E-02 5.933903E-04 4.381518E+00 8.627918E+00 
1.658660E-01 6.535756E-03 3.462735E-01 1.774381E-01 -1.415029E+00 5.827615E-01 -1.411111E-01 9.516350E-01 2.997444E-02 1.673361E-03 4.440228E+00 8.731359E+00 
1.380064E-01 6.021003E-03 3.195752E-01 1.714385E-01 -1.369753E+00 4.757565E-01 -1.038910E-01 9.386443E-01 3.139218E-02 9.792822E-03 4.077533E+00 8.910691E+00 
1.636200E-01 5.471804E-03 3.383521E-01 1.821486E-01 -1.481276E+00 5.852441E-01 -1.240616E-01 9.369491E-01 2.885158E-02 9.527770E-04 4.251904E+00 8.660987E+00 
1.662106E-01 1.032416E-02 3.350607E-01 1.842817E-01 -1.398176E+00 6.000000E-01 -1.456345E-01 9.815144E-01 2.862096E-02 5.226890E-03 4.562360E+00 6.023305E+00 
1.763797E-01 4.541839E-03 3.518185E-01 1.802573E-01 -1.416683E+00 5.931882E-01 -1.534317E-01 9.505000E-01 2.739149E-02 7.295695E-04 4.397635E+00 9.190219E+00 
1.290587E-01 8.697721E-03 3.574714E-01 1.723252E-01 -1.374386E+00 5.833232E-01 -9.912927E-02 8.664845E-01 2.842728E-02 1.378677E-03 3.983697E+00 9.423232E+00 
1.706297E-01 5.454445E-03 3.313543E-01 1.800645E-01 -1.318723E+00 5.916646E-01 -1.447651E-01 9.402603E-01 2.870460E-02 1.723238E-03 4.096908E+00 8.877372E+00 
1.739430E-01 4.976496E-03 3.542195E-01 1.784572E-01 -1.355830E+00 5.870166E-01 -1.716031E-01 9.773624E-01 2.779645E-02 1.275065E-03 4.101296E+00 9.139047E+00 
1.813949E-01 5.476365E-03 3.424744E-01 1.807289E-01 -1.433714E+00 5.893630E-01 -1.047083E-01 9.659945E-01 2.803002E-02 8.802387E-04 4.415876E+00 8.485748E+00 
1.660081E-01 5.620161E-03 3.385485E-01 1.779248E-01 -1.311182E+00 5.943701E-01 -1.044498E-01 1.021733E+00 2.755001E-02 9.162562E-04 4.067410E+00 9.634538E+00 
1.632919E-01 5.391576E-03 3.321488E-01 1.760973E-01 -1.396565E+00 5.815955E-01 -1.518277E-01 9.174226E-01 2.778017E-02 1.805753E-03 4.352039E+00 8.496877E+00 
1.765679E-01 7.303760E-03 3.474973E-01 1.810720E-01 -1.465684E+00 5.904147E-01 -1.634082E-01 9.615322E-01 2.899804E-02 1.514219E-03 3.350421E+00 8.596189E+00 
1.670503E-01 4.096733E-03 3.275475E-01 1.766389E-01 -1.385525E+00 5.668698E-01 -1.244598E-01 9.821827E-01 2.776932E-02 1.340919E-03 4.404821E+00 9.542435E+00 
1.732483E-01 6.016690E-03 3.433172E-01 1.821172E-01 -1.436137E+00 6.000000E-01 -1.275403E-01 9.362014E-01 2.796259E-02 1.717192E-03 4.221085E+00 8.995966E+00 
1.824532E-01 5.390142E-03 3.643820E-01 1.804620E-01 -1.346074E+00 5.855159E-01 -1.469062E-01 9.470738E-01 2.769820E-02 5.233098E-04 4.422598E+00 1.001420E+01 
1.694893E-01 6.355560E-03 3.137189E-01 1.785945E-01 -1.552221E+00 5.888639E-01 -1.505893E-01 9.150809E-01 2.829950E-02 1.266115E-03 4.197618E+00 9.225574E+00 
1.898343E-01 5.771263E-03 3.250908E-01 1.897362E-01 -1.503465E+00 5.871870E-01 -1.240875E-01 9.604934E-01 2.839844E-02 1.812676E-03 4.361304E+00 9.434899E+00 
1.519153E-01 1.083036E-02 3.388383E-01 1.760520E-01 -1.571087E+00 5.927444E-01 -1.453410E-01 9.916527E-01 2.707671E-02 0.000000E+00 4.008469E+00 7.896575E+00 
1.719797E-01 4.874772E-03 3.441252E-01 1.755500E-01 -1.345670E+00 5.757321E-01 -1.173119E-01 9.218795E-01 2.638589E-02 3.518698E-04 4.285189E+00 9.968688E+00 
1.277365E-01 1.534075E-02 3.332258E-01 1.687578E-01 -1.404532E+00 5.913952E-01 -1.436579E-01 1.037785E+00 2.554946E-02 2.066526E-03 4.288389E+00 7.592202E+00 
1.670484E-01 4.556106E-03 3.352115E-01 1.762872E-01 -1.353136E+00 5.814267E-01 -1.449234E-01 8.911199E-01 2.480002E-02 1.182707E-03 4.328033E+00 8.719614E+00 
1.702841E-01 7.134414E-03 3.196628E-01 1.775100E-01 -1.410793E+00 5.918756E-01 -1.526742E-01 9.740032E-01 2.938117E-02 1.044913E-03 4.271068E+00 8.950578E+00 
1.690410E-01 7.066323E-03 3.399343E-01 1.757250E-01 -1.400896E+00 5.852925E-01 -1.255297E-01 9.840480E-01 2.750842E-02 5.487660E-04 4.135777E+00 8.709980E+00 
1.809866E-01 6.890989E-03 3.557447E-01 1.760859E-01 -1.399107E+00 5.926186E-01 -1.660928E-01 9.155030E-01 2.788390E-02 2.371123E-04 4.318310E+00 9.103824E+00 
1.259715E-01 2.376357E-02 3.239539E-01 1.766920E-01 -1.435034E+00 5.778429E-01 -1.128798E-01 9.567777E-01 3.177310E-02 6.813772E-04 4.291944E+00 8.544750E+00 
1.764590E-01 4.470600E-03 3.552417E-01 1.798637E-01 -1.415661E+00 5.775825E-01 -1.701790E-01 9.255483E-01 2.913846E-02 2.594198E-03 4.431237E+00 8.431676E+00 
1.759658E-01 6.564007E-03 3.228439E-01 1.744095E-01 -1.452371E+00 5.758479E-01 -1.298006E-01 9.790053E-01 2.926260E-02 8.324535E-04 4.362040E+00 8.899540E+00 
1.689464E-01 4.743888E-03 3.385597E-01 1.811830E-01 -1.367053E+00 5.784295E-01 -1.028170E-01 9.837950E-01 2.723721E-02 7.002908E-04 4.137699E+00 8.661517E+00 
1.728716E-01 6.467703E-03 3.508362E-01 1.801964E-01 -1.445899E+00 5.630875E-01 -1.362221E-01 9.372897E-01 2.736041E-02 9.932367E-04 4.589843E+00 8.778362E+00 
1.585709E-01 1.042763E-02 3.392222E-01 1.793414E-01 -1.341947E+00 6.000000E-01 -1.580944E-01 9.717477E-01 2.944547E-02 1.074541E-03 4.293156E+00 8.528977E+00 
1.806027E-01 4.143555E-03 3.344934E-01 1.805979E-01 -1.363402E+00 5.964494E-01 -1.481662E-01 9.650796E-01 2.946741E-02 1.041584E-03 4.299765E+00 8.667505E+00 
1.699077E-01 5.874468E-03 3.400966E-01 1.802277E-01 -1.347786E+00 5.835804E-01 -1.279062E-01 9.704818E-01 3.175588E-02 1.095117E-03 4.277852E+00 8.386542E+00 
1.707202E-01 8.368903E-03 3.367272E-01 1.783290E-01 -1.393967E+00 5.770585E-01 -1.181706E-01 9.562902E-01 3.017841E-02 1.124103E-03 4.005468E+00 9.157105E+00 
1.747963E-01 3.594984E-03 3.472956E-01 1.784318E-01 -1.369078E+00 5.922511E-01 -1.724807E-01 9.456266E-01 2.745208E-02 1.056790E-03 4.359401E+00 9.292501E+00 
1.735236E-01 4.045296E-03 3.379878E-01 1.800168E-01 -1.389827E+00 5.872393E-01 -1.978049E-01 9.549832E-01 2.745822E-02 8.949826E-04 4.603319E+00 8.543375E+00 
1.265241E-01 2.499754E-02 3.125678E-01 1.774546E-01 -1.363180E+00 4.991579E-01 -7.233918E-02 1.020447E+00 3.374447E-02 1.371898E-03 4.411740E+00 9.431841E+00 
1.052951E-01 2.052833E-02 3.336764E-01 1.738459E-01 -1.307918E+00 2.506114E-01 -9.263212E-02 1.024563E+00 2.834763E-02 3.973945E-03 3.387487E+00 8.578145E+00 
1.747930E-01 3.824994E-03 3.501324E-01 1.778632E-01 -1.374469E+00 5.781417E-01 -1.365732E-01 8.729872E-01 2.803593E-02 8.171687E-04 4.536593E+00 8.822266E+00 
1.685723E-01 4.155012E-03 3.071151E-01 1.790151E-01 -1.350613E+00 5.892004E-01 -1.545632E-01 9.236123E-01 3.030118E-02 1.485302E-03 4.238854E+00 8.645449E+00 
1.624729E-01 6.889540E-03 3.329832E-01 1.799578E-01 -1.401403E+00 5.988838E-01 -1.471811E-01 9.710644E-01 2.962837E-02 1.822804E-03 4.341932E+00 9.171710E+00 
1.740061E-01 5.607604E-03 3.081612E-01 1.779666E-01 -1.362676E+00 5.975011E-01 -1.206254E-01 9.695610E-01 2.941485E-02 1.673795E-03 4.372189E+00 8.785680E+00 
1.534813E-01 3.970367E-03 3.294573E-01 1.743569E-01 -1.499052E+00 5.850369E-01 -1.304994E-01 9.762001E-01 3.027573E-02 1.291770E-03 4.439489E+00 9.546434E+00 
1.911520E-01 1.401449E-02 3.381652E-01 1.866303E-01 -1.297636E+00 5.876349E-01 -1.423661E-01 8.957013E-01 2.963838E-02 6.929224E-05 5.036882E+00 9.387099E+00 
1.666516E-01 6.257127E-03 3.276377E-01 1.785889E-01 -1.467370E+00 5.737329E-01 -1.378281E-01 9.433669E-01 2.822177E-02 7.897708E-04 4.729870E+00 8.689392E+00 
1.639978E-01 5.677386E-03 3.456817E-01 1.742310E-01 -1.454261E+00 5.816437E-01 -1.286628E-01 8.802665E-01 3.150669E-02 8.542620E-04 4.031289E+00 8.367211E+00 
1.867779E-01 6.025243E-03 3.339230E-01 1.801097E-01 -1.359820E+00 5.992924E-01 -1.459359E-01 9.550880E-01 2.658715E-02 1.151448E-03 3.589097E+00 9.557005E+00 
1.845483E-01 5.226580E-03 3.211408E-01 1.782281E-01 -1.401047E+00 5.773788E-01 -1.541067E-01 9.784167E-01 2.946052E-02 9.117165E-04 4.331478E+00 9.168098E+00 
1.792745E-01 4.464852E-03 3.344856E-01 1.824069E-01 -1.400871E+00 5.843209E-01 -1.115584E-01 9.572560E-01 3.227935E-02 1.849588E-03 4.463576E+00 8.328254E+00 
1.641969E-01 5.675727E-03 3.498408E-01 1.769058E-01 -1.283493E+00 5.803764E-01 -1.619551E-01 9.725854E-01 2.761358E-02 1.599327E-03 3.763810E+00 9.111614E+00 
1.733652E-01 5.327224E-03 3.579088E-01 1.839723E-01 -1.389337E+00 5.845238E-01 -1.373176E-01 9.375053E-01 2.589228E-02 9.341197E-04 4.146397E+00 8.253366E+00 
8.542104E-02 9.887272E-03 3.386595E-01 1.741524E-01 -1.351444E+00 5.694193E-01 -1.099085E-01 9.302123E-01 2.578665E-02 2.180066E-03 4.044726E+00 8.850343E+00 
1.917201E-01 6.494127E-03 3.320768E-01 1.783753E-01 -1.281654E+00 5.906864E-01 -1.154974E-01 9.432535E-01 2.506792E-02 1.430286E-03 4.287170E+00 8.807287E+00 
1.732989E-01 5.012449E-03 3.386410E-01 1.771576E-01 -1.408487E+00 5.907832E-01 -1.402132E-01 9.878652E-01 2.797824E-02 7.915644E-04 4.479079E+00 8.431529E+00 
1.675835E-01 7.141285E-03 3.566464E-01 1.837700E-01 -1.466382E+00 5.901397E-01 -1.977111E-01 1.007663E+00 2.607251E-02 8.215248E-04 4.379852E+00 9.116859E+00 
1.783026E-01 5.630905E-03 3.424288E-01 1.797874E-01 -1.325126E+00 5.828895E-01 -1.298723E-01 9.280525E-01 2.815816E-02 1.379361E-03 4.093193E+00 8.787046E+00 
1.714302E-01 7.624420E-03 3.315286E-01 1.806547E-01 -1.395410E+00 5.619537E-01 -1.513632E-01 9.539467E-01 2.763689E-02 1.014308E-03 4.105818E+00 9.092986E+00 
1.852060E-01 4.265347E-03 3.406296E-01 1.847808E-01 -1.482877E+00 5.968239E-01 -1.531716E-01 7.787579E-01 2.851765E-02 5.615490E-05 4.125021E+00 8.882524E+00 
1.743216E-01 4.169738E-03 3.514946E-01 1.828176E-01 -1.440146E+00 5.844446E-01 -1.207777E-01 9.550210E-01 2.822371E-02 1.216358E-03 4.551477E+00 9.271180E+00 
1.686904E-01 5.001297E-03 3.356207E-01 1.777866E-01 -1.406915E+00 5.934417E-01 -1.283355E-01 9.335271E-01 2.845219E-02 8.107552E-04 4.077276E+00 9.173934E+00 
1.805955E-01 5.031435E-03 3.514128E-01 1.798802E-01 -1.497317E+00 5.738299E-01 -1.277378E-01 9.507742E-01 2.779046E-02 6.468117E-04 4.235499E+00 8.599474E+00 
1.821023E-01 4.263696E-03 3.420560E-01 1.804830E-01 -1.432275E+00 5.853740E-01 -1.522771E-01 9.315832E-01 2.678863E-02 1.577874E-03 3.939922E+00 9.396449E+00 
1.683210E-01 4.391197E-03 3.346132E-01 1.707822E-01 -1.524010E+00 5.883945E-01 -1.486794E-01 1.040311E+00 2.724465E-02 1.404384E-03 4.440635E+00 7.659791E+00 
1.687285E-01 3.867193E-03 3.382350E-01 1.808497E-01 -1.363563E+00 5.872061E-01 -1.261712E-01 9.466876E-01 2.856981E-02 7.506975E-04 4.339330E+00 8.431161E+00 
1.784328E-01 7.417705E-03 3.426536E-01 1.788377E-01 -1.359487E+00 5.805080E-01 -1.526952E-01 9.688592E-01 2.848078E-02 1.390584E-03 4.210374E+00 7.221036E+00 
1.784521E-01 1.767763E-03 3.420420E-01 1.786846E-01 -1.423625E+00 5.944272E-01 -1.554213E-01 9.126359E-01 2.820603E-02 1.227234E-03 4.581425E+00 7.842623E+00 
1.708925E-01 6.069474E-03 3.208092E-01 1.844317E-01 -1.492222E+00 5.799421E-01 -1.267494E-01 1.001462E+00 2.894851E-02 5.448629E-04 3.743919E+00 8.622213E+00 
1.557793E-01 7.115159E-03 3.344676E-01 1.760417E-01 -1.320877E+00 5.811297E-01 -1.126071E-01 9.433070E-01 2.784780E-02 7.753164E-04 4.506112E+00 9.425597E+00 
1.657831E-01 5.034704E-03 3.332369E-01 1.790437E-01 -1.426499E+00 5.869946E-01 -1.699447E-01 9.687154E-01 2.726904E-02 1.344512E-03 3.848758E+00 9.318872E+00 
1.825827E-01 5.986426E-03 3.346110E-01 1.815504E-01 -1.373514E+00 5.825263E-01 -1.815598E-01 9.452041E-01 2.587849E-02 4.827207E-04 4.149513E+00 9.609066E+00 
1.666824E-01 6.171377E-03 3.237189E-01 1.823019E-01 -1.419587E+00 5.839162E-01 -7.132946E-02 9.859247E-01 2.773590E-02 1.523959E-04 4.177138E+00 8.900909E+00 
1.632311E-01 5.408122E-03 3.208530E-01 1.784610E-01 -1.385512E+00 5.802304E-01 -1.272438E-01 9.631009E-01 2.795202E-02 7.635045E-04 4.188055E+00 7.993125E+00 
1.206966E-01 1.396646E-02 3.289222E-01 1.676962E-01 -1.481667E+00 4.818583E-01 -1.177253E-01 9.621314E-01 2.882278E-02 1.960245E-03 4.238183E+00 8.995442E+00 
1.654950E-01 5.138270E-03 3.502062E-01 1.757859E-01 -1.463957E+00 5.924889E-01 -1.301202E-01 9.439635E-01 3.086484E-02 1.506252E-03 4.154290E+00 9.004625E+00 
1.678866E-01 6.208110E-03 3.227859E-01 1.766620E-01 -1.297213E+00 5.810779E-01 -1.415341E-01 1.018670E+00 2.832448E-02 1.285795E-03 4.142008E+00 9.162947E+00 
1.735974E-01 3.763347E-03 3.576419E-01 1.772374E-01 -1.359141E+00 5.920187E-01 -1.159065E-01 9.107675E-01 2.697499E-02 1.769897E-03 4.325408E+00 8.603696E+00 
1.599632E-01 4.851111E-03 3.527209E-01 1.767540E-01 -1.418341E+00 5.897503E-01 -1.488432E-01 1.055461E+00 2.754179E-02 9.542580E-04 4.229723E+00 9.256268E+00 
1.846748E-01 5.900181E-03 3.251557E-01 1.784006E-01 -1.271910E+00 5.767302E-01 -1.565924E-01 1.005582E+00 2.649162E-02 1.896024E-03 4.507787E+00 9.228379E+00 
1.935935E-01 5.902955E-03 3.227743E-01 1.802652E-01 -1.280654E+00 5.883035E-01 -1.478747E-01 9.213454E-01 2.791039E-02 9.538883E-04 4.220904E+00 8.487956E+00 
1.808698E-01 4.303246E-03 3.466616E-01 1.745951E-01 -1.504783E+00 5.887539E-01 -1.681129E-01 9.699709E-01 2.897845E-02 5.992814E-04 3.752857E+00 9.135466E+00 
1.626128E-01 5.375324E-03 3.400759E-01 1.795944E-01 -1.382721E+00 5.991187E-01 -1.370236E-01 9.879450E-01 3.256790E-02 5.881165E-04 3.173229E+00 9.656204E+00 
1.636924E-01 5.979009E-03 3.125591E-01 1.837950E-01 -1.354459E+00 5.859028E-01 -9.661187E-02 1.041314E+00 2.844137E-02 4.430765E-04 4.251647E+00 9.203776E+00 
1.462558E-01 6.995809E-02 3.397813E-01 1.790406E-01 -1.412183E+00 2.720409E-01 -1.414905E-01 1.076431E+00 2.780867E-02 6.238826E-04 4.321601E+00 9.020886E+00 
1.673212E-01 6.218002E-03 3.319316E-01 1.770755E-01 -1.483183E+00 5.688728E-01 -1.454381E-01 1.017058E+00 2.846032E-02 6.355568E-04 4.151270E+00 9.167444E+00 
1.699207E-01 3.066920E-03 3.326889E-01 1.793846E-01 -1.454819E+00 5.879890E-01 -1.382673E-01 9.679578E-01 2.787348E-02 8.451979E-04 4.175460E+00 8.997226E+00 
1.787560E-01 4.883763E-03 3.397607E-01 1.808904E-01 -1.221867E+00 5.919895E-01 -1.199456E-01 9.671366E-01 2.890414E-02 1.464239E-03 4.008761E+00 8.685982E+00 
1.643517E-01 9.673486E-02 3.401668E-01 1.823226E-01 -1.294904E+00 4.342571E-01 -9.000347E-02 1.039142E+00 2.834894E-02 2.946844E-03 3.911963E+00 8.315524E+00 
1.662631E-01 5.861978E-03 3.692236E-01 1.810985E-01 -1.417557E+00 5.940348E-01 -1.543111E-01 9.313232E-01 2.731184E-02 7.095169E-04 4.392755E+00 9.642320E+00 
1.571986E-01 3.832252E-03 3.349938E-01 1.777327E-01 -1.458032E+00 5.778792E-01 -1.210876E-01 1.040010E+00 2.792939E-02 9.383927E-04 4.233406E+00 9.086627E+00 
1.793223E-01 7.644861E-03 3.306050E-01 1.801371E-01 -1.397874E+00 5.731361E-01 -9.980759E-02 9.912255E-01 2.927875E-02 1.099362E-03 4.110331E+00 9.623572E+00 
1.679678E-01 5.126919E-03 3.341785E-01 1.782033E-01 -1.480498E+00 5.910667E-01 -1.267691E-01 9.382028E-01 2.995776E-02 6.662376E-04 4.208908E+00 9.407454E+00 
1.938945E-01 5.105134E-03 3.348956E-01 1.844205E-01 -1.384443E+00 5.960636E-01 -1.598626E-01 8.989340E-01 2.753793E-02 4.298097E-04 4.798227E+00 8.614109E+00 
1.771740E-01 6.746039E-03 3.350198E-01 1.784173E-01 -1.406121E+00 5.875138E-01 -1.466038E-01 9.125113E-01 2.830853E-02 9.812740E-04 4.246344E+00 8.803136E+00 
1.767883E-01 4.890081E-03 3.132870E-01 1.779305E-01 -1.339913E+00 5.888600E-01 -1.422267E-01 9.713411E-01 2.687878E-02 1.364550E-03 4.200735E+00 9.414027E+00 
1.907873E-01 3.457945E-03 3.489113E-01 1.826580E-01 -1.456562E+00 5.816010E-01 -1.812058E-01 9.404329E-01 2.832761E-02 1.040901E-03 4.119994E+00 7.225999E+00 
1.775787E-01 4.326710E-03 3.460128E-01 1.820201E-01 -1.296954E+00 5.872107E-01 -1.596596E-01 9.264712E-01 2.549076E-02 1.033602E-03 4.092335E+00 8.387387E+00 
1.735714E-01 4.288281E-03 3.454382E-01 1.835275E-01 -1.635256E+00 5.871145E-01 -9.336979E-02 9.188706E-01 2.651883E-02 1.942794E-03 4.130578E+00 8.323780E+00 
1.474368E-01 5.855227E-03 3.326524E-01 1.748327E-01 -1.202122E+00 5.869113E-01 -1.214436E-01 1.002635E+00 2.983349E-02 3.143546E-03 3.067904E+00 8.677336E+00 
1.749040E-01 4.514783E-03 3.509574E-01 1.728964E-01 -1.334240E+00 5.852021E-01 -1.173929E-01 1.017982E+00 2.727205E-02 6.790463E-04 3.842987E+00 8.933378E+00 
1.825285E-01 3.464197E-03 3.697309E-01 1.750945E-01 -1.426336E+00 6.000000E-01 -1.423967E-01 9.324572E-01 2.809851E-02 1.720190E-03 4.107921E+00 9.606469E+00 
1.646302E-01 4.496341E-03 3.047891E-01 1.797442E-01 -1.379901E+00 5.915073E-01 -1.154953E-01 9.205890E-01 2.779980E-02 0.000000E+00 4.322157E+00 8.254915E+00 
1.719910E-01 9.546642E-03 3.643106E-01 1.788512E-01 -1.476847E+00 5.788870E-01 -1.198945E-01 9.265538E-01 3.132506E-02 6.399318E-04 3.967412E+00 9.520865E+00 
1.742023E-01 6.295414E-03 3.513081E-01 1.863404E-01 -1.424545E+00 5.900374E-01 -1.678058E-01 1.008398E+00 3.008674E-02 9.346019E-04 4.197256E+00 8.994988E+00 
1.747426E-01 5.206026E-03 3.550336E-01 1.821950E-01 -1.380696E+00 5.762872E-01 -1.749845E-01 9.659513E-01 2.881711E-02 8.303441E-04 4.188830E+00 6.386092E+00 
1.759766E-01 4.793100E-03 3.421472E-01 1.791707E-01 -1.402296E+00 5.798149E-01 -1.585262E-01 8.692175E-01 2.826638E-02 1.194938E-03 3.719903E+00 8.664955E+00 
1.822263E-01 8.547138E-03 3.302157E-01 1.778822E-01 -1.329884E+00 5.883780E-01 -1.542677E-01 9.601212E-01 2.802898E-02 4.097059E-04 4.490703E+00 8.867353E+00 
1.531172E-01 6.411982E-03 3.285193E-01 1.813904E-01 -1.469639E+00 5.792294E-01 -1.059376E-01 9.927464E-01 2.720722E-02 7.944488E-04 4.253244E+00 9.264829E+00 
1.532386E-01 4.816422E-03 3.384743E-01 1.763499E-01 -1.417768E+00 5.897652E-01 -1.646798E-01 9.684313E-01 2.763634E-02 6.865253E-04 4.211169E+00 9.769425E+00 
1.510376E-01 3.061223E-02 3.493795E-01 1.648598E-01 -1.472782E+00 5.407016E-01 -1.005423E-01 1.003740E+00 2.770225E-02 7.818955E-03 3.209191E+00 8.355735E+00 
1.712563E-01 5.906232E-03 3.234801E-01 1.791198E-01 -1.420052E+00 5.792581E-01 -1.618958E-01 9.455134E-01 2.925776E-02 6.201635E-04 4.247988E+00 9.302148E+00 
1.794915E-01 4.783813E-03 3.290616E-01 1.816757E-01 -1.168794E+00 5.889382E-01 -1.438907E-01 9.136800E-01 2.814320E-02 9.540249E-04 4.186893E+00 8.577429E+00 
1.871855E-01 4.200929E-03 3.568265E-01 1.786937E-01 -1.394907E+00 5.922565E-01 -1.778522E-01 9.657192E-01 3.017929E-02 7.451179E-04 4.510296E+00 8.996599E+00 
1.711423E-01 3.422861E-03 3.507070E-01 1.810234E-01 -1.537506E+00 5.948769E-01 -1.395858E-01 9.205172E-01 2.513667E-02 9.052354E-04 4.453314E+00 1.000760E+01 
1.721389E-01 4.602877E-03 3.149641E-01 1.797261E-01 -1.475584E+00 5.813432E-01 -1.380533E-01 9.254175E-01 2.958642E-02 1.854904E-03 4.080903E+00 9.931865E+00 
1.833911E-01 7.097825E-03 3.355746E-01 1.853653E-01 -1.443480E+00 5.873716E-01 -1.203821E-01 8.951501E-01 2.654662E-02 1.570913E-03 4.088613E+00 9.807121E+00 
1.760272E-01 7.329486E-03 3.247944E-01 1.756473E-01 -1.420164E+00 5.836534E-01 -1.225631E-01 9.566606E-01 2.853329E-02 7.696707E-04 4.176494E+00 9.735001E+00 
1.717827E-01 2.575213E-03 3.437642E-01 1.782037E-01 -1.433101E+00 5.929185E-01 -1.696183E-01 9.606325E-01 2.779707E-02 1.311644E-03 3.923594E+00 9.105474E+00 
1.850214E-01 5.178290E-03 3.354801E-01 1.868838E-01 -1.416147E+00 5.840154E-01 -1.438029E-01 9.215940E-01 2.739181E-02 5.156725E-04 4.405173E+00 9.086882E+00 
1.841788E-01 8.346390E-03 3.418240E-01 1.855125E-01 -1.384013E+00 5.858059E-01 -1.481182E-01 9.299895E-01 2.904989E-02 5.472006E-04 4.498174E+00 8.250989E+00 
1.611990E-01 5.296789E-03 3.444134E-01 1.793673E-01 -1.380925E+00 5.864408E-01 -1.302429E-01 8.788543E-01 2.679966E-02 0.000000E+00 4.500539E+00 8.452355E+00 
1.604377E-01 5.541909E-03 3.240109E-01 1.839574E-01 -1.389860E+00 5.703560E-01 -1.217432E-01 9.464279E-01 2.882789E-02 1.561078E-03 3.979315E+00 8.418874E+00 
1.721065E-01 6.966827E-03 3.281609E-01 1.826576E-01 -1.360664E+00 5.753232E-01 -1.141262E-01 9.797018E-01 2.875700E-02 8.610972E-04 3.836986E+00 8.691935E+00 
1.665322E-01 4.718965E-03 3.342630E-01 1.766065E-01 -1.382350E+00 5.912638E-01 -1.224366E-01 9.503674E-01 2.926306E-02 1.256555E-03 4.102558E+00 9.554522E+00 
1.894223E-01 4.531850E-03 3.542872E-01 1.759688E-01 -1.395547E+00 5.909256E-01 -1.471010E-01 9.345977E-01 2.850248E-02 7.994596E-04 4.639836E+00 9.337269E+00 
1.621207E-01 4.781718E-03 3.506830E-01 1.739002E-01 -1.393019E+00 5.949780E-01 -1.006203E-01 8.787580E-01 2.859302E-02 9.501964E-04 3.992834E+00 9.444222E+00 
1.913714E-01 7.334289E-03 3.345435E-01 1.738223E-01 -1.328356E+00 5.901865E-01 -1.767849E-01 9.325825E-01 2.585988E-02 1.602573E-03 4.414483E+00 9.058361E+00 
1.791737E-01 4.902750E-03 3.497383E-01 1.814585E-01 -1.347259E+00 5.795647E-01 -1.109049E-01 9.215248E-01 2.730806E-02 3.099192E-04 4.182448E+00 9.621280E+00 
1.767442E-01 4.238167E-03 3.385594E-01 1.778389E-01 -1.412767E+00 5.899516E-01 -1.581316E-01 8.956435E-01 2.972921E-02 8.851586E-04 4.196400E+00 9.538171E+00 
1.794383E-01 4.462555E-03 3.548773E-01 1.775313E-01 -1.413425E+00 5.816245E-01 -1.549995E-01 9.431062E-01 2.931341E-02 8.862535E-04 4.050686E+00 7.625772E+00 
1.713698E-01 6.952905E-03 3.307829E-01 1.749253E-01 -1.360731E+00 5.752885E-01 -1.631744E-01 9.198573E-01 2.901796E-02 8.554747E-04 4.181520E+00 8.326869E+00 
1.772072E-01 3.833577E-03 3.341703E-01 1.859634E-01 -1.527501E+00 5.912381E-01 -1.356616E-01 8.631569E-01 2.510294E-02 1.450050E-03 4.114693E+00 9.050911E+00 
1.784480E-01 5.852731E-03 3.060989E-01 1.733284E-01 -1.252143E+00 5.810367E-01 -1.840893E-01 9.494538E-01 2.870122E-02 1.028206E-03 4.252244E+00 8.710003E+00 
1.644452E-01 3.572110E-03 3.461819E-01 1.724942E-01 -1.382081E+00 5.878060E-01 -1.461364E-01 1.006589E+00 2.817318E-02 9.091203E-04 4.680410E+00 8.572905E+00 
1.786996E-01 5.110781E-03 3.300609E-01 1.779787E-01 -1.566646E+00 5.832130E-01 -1.183591E-01 9.090100E-01 2.690809E-02 1.264051E-03 4.081028E+00 9.082635E+00 
1.746115E-01 4.867601E-03 3.586326E-01 1.734734E-01 -1.497481E+00 5.935922E-01 -1.552066E-01 8.513598E-01 2.805752E-02 1.067302E-03 4.516950E+00 8.957747E+00 
1.688669E-01 5.551952E-03 3.312627E-01 1.759732E-01 -1.258083E+00 5.877946E-01 -1.214764E-01 9.800046E-01 2.651151E-02 1.964337E-04 4.195794E+00 9.420371E+00 
1.715142E-01 6.047450E-03 3.559209E-01 1.796974E-01 -1.378603E+00 5.922708E-01 -1.657192E-01 9.348328E-01 2.456148E-02 1.097959E-03 3.970801E+00 9.819685E+00 
1.796283E-01 4.894237E-03 3.354628E-01 1.867101E-01 -1.305199E+00 5.974376E-01 -1.456214E-01 8.763557E-01 2.822346E-02 1.393907E-03 4.828810E+00 8.223600E+00 
1.859463E-01 4.558810E-03 3.426961E-01 1.719763E-01 -1.335868E+00 5.898220E-01 -1.168295E-01 9.155163E-01 2.623599E-02 2.727654E-03 4.255857E+00 9.920695E+00 
1.794204E-01 2.926009E-03 3.442664E-01 1.873951E-01 -1.383395E+00 5.896423E-01 -1.264334E-01 9.049135E-01 2.969827E-02 5.355177E-04 4.530116E+00 8.679542E+00 
1.331391E-01 2.910721E-02 3.578515E-01 1.763884E-01 -1.337052E+00 5.176772E-01 -1.287865E-01 9.155689E-01 3.211079E-02 2.884453E-03 4.189717E+00 7.191692E+00 
1.666512E-01 6.780833E-03 3.600066E-01 1.782894E-01 -1.399938E+00 5.925235E-01 -1.526647E-01 9.564016E-01 2.546421E-02 5.579876E-06 4.210117E+00 8.957857E+00 
1.739762E-01 5.139167E-03 3.385456E-01 1.827668E-01 -1.504614E+00 5.815964E-01 -1.265294E-01 9.157893E-01 2.704465E-02 4.703733E-04 3.669129E+00 9.363967E+00 
1.694584E-01 5.026994E-03 3.421731E-01 1.786649E-01 -1.429932E+00 5.840868E-01 -1.507998E-01 9.650982E-01 2.821952E-02 3.064006E-04 4.225439E+00 7.973029E+00 
1.724018E-01 5.593060E-03 3.255421E-01 1.777106E-01 -1.391018E+00 5.798405E-01 -1.413002E-01 7.449815E-01 2.807560E-02 1.774377E-03 3.725741E+00 9.152262E+00 
1.644603E-01 7.613507E-03 3.286075E-01 1.745718E-01 -1.448220E+00 5.758043E-01 -1.329528E-01 9.701065E-01 2.661773E-02 1.100855E-03 4.224063E+00 8.924249E+00 
1.798354E-01 5.453387E-03 3.459701E-01 1.772760E-01 -1.366891E+00 5.907157E-01 -1.400604E-01 9.582387E-01 2.602358E-02 7.417393E-04 4.347829E+00 8.864962E+00 
1.497978E-01 1.993671E-02 3.499301E-01 1.708096E-01 -1.353888E+00 5.133203E-01 -6.257859E-02 9.494654E-01 2.826243E-02 2.700770E-03 4.184851E+00 9.872755E+00 
1.770833E-01 3.959466E-03 3.388062E-01 1.811990E-01 -1.370984E+00 5.877290E-01 -1.372923E-01 9.512919E-01 2.887298E-02 4.261438E-04 4.035709E+00 9.111301E+00 
1.796626E-01 4.227754E-03 3.263877E-01 1.839080E-01 -1.459033E+00 5.801137E-01 -1.153077E-01 9.749590E-01 3.396133E-02 4.228165E-04 4.126031E+00 8.950231E+00 
1.630352E-01 6.049380E-03 3.354941E-01 1.773169E-01 -1.441283E+00 5.830323E-01 -1.106807E-01 9.618540E-01 2.782093E-02 8.951758E-04 4.026343E+00 9.166965E+00 
1.643792E-01 6.593007E-03 3.501395E-01 1.804439E-01 -1.392963E+00 5.900940E-01 -1.253185E-01 9.433027E-01 2.699122E-02 2.004014E-04 4.177638E+00 9.167167E+00 
1.757207E-01 5.404041E-03 3.288772E-01 1.741703E-01 -1.481933E+00 6.000000E-01 -1.843441E-01 9.745041E-01 2.875029E-02 8.078915E-04 4.242718E+00 8.394580E+00 
1.758664E-01 6.592379E-03 3.449371E-01 1.766178E-01 -1.483088E+00 5.852011E-01 -1.667597E-01 9.599187E-01 2.714497E-02 1.719190E-03 4.270917E+00 9.606781E+00 
1.655631E-01 5.768106E-03 3.696139E-01 1.712745E-01 -1.618670E+00 6.000000E-01 -1.538824E-01 1.012870E+00 2.458627E-02 1.576458E-03 4.166261E+00 8.717918E+00 
1.783973E-01 6.122236E-03 3.291675E-01 1.788625E-01 -1.429712E+00 5.833260E-01 -1.327702E-01 9.614094E-01 2.572419E-02 1.596671E-03 4.263490E+00 9.713444E+00 
1.324102E-01 3.339897E-02 3.193456E-01 1.756205E-01 -1.475647E+00 4.821445E-01 -9.518997E-02 9.417927E-01 2.984216E-02 1.988936E-03 4.156171E+00 9.866444E+00 
1.683660E-01 3.437242E-03 3.593377E-01 1.708972E-01 -1.314681E+00 5.922284E-01 -1.155594E-01 9.181047E-01 2.868393E-02 1.030826E-03 4.716092E+00 9.465375E+00 
1.787557E-01 7.313966E-03 3.531027E-01 1.775582E-01 -1.441620E+00 5.939296E-01 -1.322918E-01 9.512234E-01 2.854247E-02 9.743442E-04 4.348645E+00 9.465298E+00 
1.750799E-01 5.721617E-03 3.408681E-01 1.695651E-01 -1.454405E+00 5.982041E-01 -1.744625E-01 9.871391E-01 3.026864E-02 5.624847E-04 4.372519E+00 8.336650E+00 
1.674382E-01 5.271267E-03 3.221010E-01 1.770614E-01 -1.318465E+00 5.962702E-01 -1.367531E-01 9.365525E-01 2.754456E-02 1.841077E-04 3.980918E+00 9.558150E+00 
1.704029E-01 1.157258E-02 3.333579E-01 1.793854E-01 -1.395210E+00 5.869127E-01 -1.330753E-01 9.794689E-01 2.750579E-02 0.000000E+00 4.194928E+00 7.965690E+00 
1.833762E-01 4.863014E-03 3.491418E-01 1.790474E-01 -1.311200E+00 5.857865E-01 -1.417813E-01 9.319971E-01 2.833213E-02 1.527418E-03 4.280378E+00 8.328358E+00 
1.697356E-01 5.454232E-03 3.183442E-01 1.768690E-01 -1.406331E+00 5.861099E-01 -1.633086E-01 9.537005E-01 2.868574E-02 1.254097E-03 4.322569E+00 9.195698E+00 
1.742468E-01 5.311072E-03 3.573261E-01 1.751302E-01 -1.361762E+00 5.892108E-01 -1.160360E-01 1.063073E+00 2.710349E-02 1.588986E-03 4.309880E+00 8.583882E+00 
1.771555E-01 8.072035E-03 3.368678E-01 1.781854E-01 -1.394507E+00 5.842662E-01 -1.320028E-01 9.063001E-01 2.902625E-02 9.069983E-04 4.357595E+00 9.047403E+00 
1.624552E-01 4.910378E-03 3.387310E-01 1.782839E-01 -1.329018E+00 5.844387E-01 -1.685670E-01 9.376631E-01 2.834642E-02 8.466194E-04 3.982338E+00 9.324153E+00 
1.788902E-01 6.592606E-03 3.280482E-01 1.771090E-01 -1.371919E+00 5.867763E-01 -1.741156E-01 9.347620E-01 2.738379E-02 1.460375E-03 3.703281E+00 9.451582E+00 
1.677342E-01 5.059051E-03 3.431254E-01 1.681721E-01 -1.468322E+00 5.872007E-01 -1.496127E-01 8.552086E-01 3.022400E-02 1.737173E-03 4.133832E+00 9.309233E+00 
1.645567E-01 9.688107E-03 3.520833E-01 1.800216E-01 -1.438665E+00 5.892137E-01 -1.502707E-01 9.547142E-01 2.749829E-02 1.902235E-03 4.387977E+00 8.818949E+00 
1.738652E-01 6.403722E-03 3.595307E-01 1.810205E-01 -1.554443E+00 4.459741E-01 -1.409591E-01 8.649283E-01 2.781055E-02 2.374770E-03 4.224714E+00 9.276211E+00 
1.543329E-01 7.339276E-03 3.434451E-01 1.750730E-01 -1.376058E+00 5.356005E-01 -1.269661E-01 9.477155E-01 2.893231E-02 1.370990E-03 4.733487E+00 8.536687E+00 
1.676414E-01 5.628905E-03 3.380315E-01 1.796607E-01 -1.294251E+00 5.811902E-01 -1.287525E-01 9.296107E-01 2.799909E-02 4.983358E-04 4.270330E+00 9.232763E+00 
1.720721E-01 5.220380E-03 3.335574E-01 1.785122E-01 -1.402075E+00 5.859152E-01 -1.421647E-01 9.495424E-01 2.600276E-02 1.616419E-03 4.168902E+00 8.929027E+00 
1.808278E-01 3.803610E-03 3.469791E-01 1.868925E-01 -1.380905E+00 6.000000E-01 -1.565443E-01 9.831765E-01 2.904871E-02 1.456253E-03 4.231851E+00 9.881544E+00 
1.740445E-01 6.469500E-03 3.378730E-01 1.795121E-01 -1.419076E+00 5.683316E-01 -1.260922E-01 9.500739E-01 3.171533E-02 6.697808E-04 4.019093E+00 9.293373E+00 
1.803605E-01 7.473254E-03 3.383056E-01 1.775976E-01 -1.418376E+00 5.676121E-01 -1.144604E-01 9.797217E-01 3.038208E-02 6.346809E-04 4.514511E+00 9.083826E+00 
1.757654E-01 5.758866E-03 3.440045E-01 1.782310E-01 -1.400174E+00 5.858699E-01 -1.667455E-01 1.013590E+00 3.206588E-02 7.657738E-04 4.133994E+00 8.693869E+00 
1.650254E-01 3.472600E-03 3.321045E-01 1.761923E-01 -1.392094E+00 5.769880E-01 -1.377877E-01 9.166575E-01 2.805618E-02 8.619130E-04 4.111760E+00 8.733586E+00 
1.866429E-01 4.887398E-03 3.519347E-01 1.808950E-01 -1.454921E+00 5.880849E-01 -1.757756E-01 9.542116E-01 2.614043E-02 6.404578E-04 4.333625E+00 8.137652E+00 
1.744628E-01 2.748025E-03 3.622089E-01 1.814668E-01 -1.370089E+00 5.814129E-01 -1.650527E-01 9.346018E-01 2.707311E-02 9.263163E-04 4.353486E+00 8.840988E+00 
1.673030E-01 4.223213E-03 3.352691E-01 1.764871E-01 -1.333771E+00 5.847208E-01 -1.536464E-01 1.018757E+00 2.886685E-02 1.342319E-03 4.217293E+00 9.421768E+00 
1.643956E-01 4.712466E-03 3.185991E-01 1.771186E-01 -1.501379E+00 5.788742E-01 -1.104734E-01 9.805208E-01 2.661510E-02 1.500127E-03 4.051201E+00 9.160370E+00 
1.887046E-01 3.603410E-03 3.371246E-01 1.699204E-01 -1.406398E+00 5.848316E-01 -1.550825E-01 9.336708E-01 2.900817E-02 1.201129E-03 4.359757E+00 8.706974E+00 
1.726617E-01 6.752673E-03 3.608749E-01 1.866632E-01 -1.431472E+00 5.736203E-01 -1.288807E-01 9.401455E-01 2.843585E-02 1.373123E-03 4.234273E+00 9.166098E+00 
1.672791E-01 7.302013E-03 3.583997E-01 1.600315E-01 -1.282339E+00 5.785536E-01 -1.799626E-01 9.534863E-01 2.849559E-02 4.425480E-03 4.605042E+00 1.054460E+01 
1.716761E-01 4.721083E-03 3.280215E-01 1.811198E-01 -1.426392E+00 5.927652E-01 -1.411867E-01 9.403730E-01 2.829823E-02 5.285365E-04 4.007643E+00 8.759073E+00 
1.657892E-01 7.165005E-03 3.429157E-01 1.748995E-01 -1.354805E+00 5.940928E-01 -1.627473E-01 1.030185E+00 2.843207E-02 5.401368E-04 4.096090E+00 8.569533E+00 
1.793684E-01 6.538356E-03 3.354226E-01 1.858713E-01 -1.357055E+00 5.908590E-01 -1.390718E-01 9.448775E-01 2.823441E-02 1.075937E-03 4.132185E+00 9.259807E+00 
1.717254E-01 7.546859E-03 3.272015E-01 1.800939E-01 -1.319749E+00 5.954400E-01 -1.408181E-01 9.730435E-01 2.675482E-02 1.058473E-03 3.519297E+00 7.664233E+00 
1.713433E-01 4.002616E-03 3.357457E-01 1.768381E-01 -1.336522E+00 5.968535E-01 -1.433987E-01 9.486136E-01 2.719649E-02 9.789705E-04 4.246208E+00 9.530055E+00 
1.701410E-01 4.127571E-03 3.242848E-01 1.759385E-01 -1.458728E+00 5.406599E-01 -1.598468E-01 9.320432E-01 2.760539E-02 6.521671E-04 4.044466E+00 8.812893E+00 
1.725049E-01 7.219139E-03 3.646170E-01 1.838586E-01 -1.377468E+00 5.914139E-01 -1.489754E-01 1.006932E+00 2.723946E-02 1.518212E-03 4.131752E+00 9.287389E+00 
1.738666E-01 8.329527E-03 3.376760E-01 1.854527E-01 -1.459760E+00 5.919922E-01 -1.350930E-01 9.327648E-01 2.948692E-02 1.431910E-03 4.143948E+00 9.068142E+00 
1.664062E-01 4.726427E-03 3.451559E-01 1.745928E-01 -1.453001E+00 5.884907E-01 -1.881141E-01 1.018389E+00 2.702046E-02 3.476925E-04 3.933603E+00 9.170633E+00 
1.736698E-01 5.421997E-03 3.685307E-01 1.717901E-01 -1.414629E+00 5.868778E-01 -1.511996E-01 1.001802E+00 2.964685E-02 5.373163E-04 4.059332E+00 8.189966E+00 
1.540390E-01 5.429639E-03 3.311834E-01 1.820665E-01 -1.464906E+00 5.809972E-01 -1.141729E-01 9.268618E-01 2.801450E-02 1.198704E-03 4.320900E+00 9.753385E+00 
1.902490E-01 7.160618E-03 3.204676E-01 1.827287E-01 -1.371567E+00 5.901572E-01 -1.368724E-01 8.922238E-01 2.496444E-02 4.300271E-04 4.013993E+00 8.932616E+00 
1.762731E-01 4.328602E-03 3.473439E-01 1.791217E-01 -1.234444E+00 5.721102E-01 -1.436191E-01 8.786069E-01 2.934347E-02 2.104660E-03 3.846256E+00 1.010355E+01 
1.670135E-01 4.643459E-03 3.435317E-01 1.796773E-01 -1.389977E+00 5.959725E-01 -1.618332E-01 9.340857E-01 2.855729E-02 6.636145E-04 4.185021E+00 8.324616E+00 
1.768274E-01 8.165801E-03 3.549425E-01 1.740254E-01 -1.516778E+00 5.106863E-01 -1.402081E-01 8.374198E-01 2.801479E-02 2.550878E-03 4.357331E+00 9.160897E+00 
1.827295E-01 5.694764E-03 3.445472E-01 1.795433E-01 -1.420416E+00 5.954911E-01 -1.572115E-01 9.333621E-01 2.716551E-02 1.240160E-03 4.253338E+00 8.928699E+00 
1.705837E-01 5.163568E-03 3.381938E-01 1.703316E-01 -1.442549E+00 5.806159E-01 -1.698190E-01 9.276287E-01 2.589783E-02 1.253876E-03 4.436889E+00 9.190439E+00 
1.708221E-01 4.437842E-03 3.566542E-01 1.750251E-01 -1.381236E+00 5.921712E-01 -1.434074E-01 1.028882E+00 2.767958E-02 3.305042E-04 4.526106E+00 8.789757E+00 
1.885745E-01 3.329591E-03 3.327763E-01 1.797988E-01 -1.441101E+00 5.848471E-01 -1.328515E-01 9.627718E-01 2.974475E-02 1.029475E-03 4.130177E+00 9.853538E+00 
1.758821E-01 5.572818E-03 3.266703E-01 1.820774E-01 -1.484566E+00 5.894310E-01 -1.510768E-01 9.623754E-01 2.843093E-02 6.300405E-04 3.782589E+00 8.436798E+00 
1.699688E-01 5.475660E-03 3.451021E-01 1.794615E-01 -1.452318E+00 5.955742E-01 -1.403172E-01 9.615653E-01 2.832588E-02 8.374865E-04 4.235581E+00 8.758474E+00 
1.697556E-01 6.118861E-03 3.183675E-01 1.789708E-01 -1.407386E+00 5.801241E-01 -1.598272E-01 1.049870E+00 2.854689E-02 3.457019E-04 4.235900E+00 8.793105E+00 
1.773453E-01 5.923244E-03 3.552216E-01 1.765189E-01 -1.524397E+00 5.870482E-01 -1.781035E-01 8.859480E-01 2.667568E-02 9.021994E-04 4.402710E+00 9.208998E+00 
1.700925E-01 5.370809E-03 3.266564E-01 1.793565E-01 -1.426023E+00 5.894777E-01 -1.734047E-01 9.364045E-01 2.698128E-02 8.023639E-04 3.537108E+00 9.394826E+00 
1.692355E-01 5.840040E-03 3.543794E-01 1.823645E-01 -1.420312E+00 5.927129E-01 -1.597510E-01 9.717884E-01 2.923581E-02 1.581783E-03 4.161964E+00 8.581276E+00 
1.819627E-01 6.378124E-03 3.354263E-01 1.824629E-01 -1.146858E+00 5.891924E-01 -1.498648E-01 9.754819E-01 2.728989E-02 4.448759E-04 4.141949E+00 8.767459E+00 
1.768591E-01 5.536657E-03 3.367614E-01 1.807865E-01 -1.469889E+00 5.814288E-01 -1.767390E-01 1.020123E+00 2.711375E-02 1.578364E-03 4.250569E+00 8.410544E+00 
1.742633E-01 5.089852E-03 3.230445E-01 1.763255E-01 -1.368029E+00 5.808336E-01 -1.444220E-01 9.469092E-01 2.764869E-02 1.379150E-03 4.269469E+00 9.429696E+00 
1.801174E-01 4.779354E-03 3.286987E-01 1.774522E-01 -1.382329E+00 5.809022E-01 -1.401505E-01 9.553295E-01 2.866439E-02 9.640449E-04 3.959123E+00 9.380468E+00 
1.708405E-01 5.500762E-03 3.217595E-01 1.745497E-01 -1.353179E+00 5.817378E-01 -1.306776E-01 9.139927E-01 2.734757E-02 1.427023E-03 4.078355E+00 9.090017E+00 
1.789659E-01 4.428181E-03 3.293242E-01 1.756834E-01 -1.375847E+00 5.911484E-01 -1.539073E-01 9.239970E-01 2.842137E-02 9.517990E-04 4.187520E+00 8.073015E+00 
1.808615E-01 8.466256E-03 3.513272E-01 1.785600E-01 -1.411103E+00 5.895480E-01 -1.416696E-01 9.281320E-01 2.919710E-02 8.976297E-04 4.326818E+00 8.593820E+00 
1.635359E-01 5.417163E-03 3.223458E-01 1.781951E-01 -1.443623E+00 5.789795E-01 -1.232487E-01 9.699350E-01 2.636792E-02 1.706349E-03 4.463079E+00 7.610387E+00 
1.669220E-01 8.453402E-03 3.303768E-01 1.806152E-01 -1.448385E+00 5.565786E-01 -1.055779E-01 9.678341E-01 2.888982E-02 1.225915E-03 4.001160E+00 9.595808E+00 
1.665244E-01 3.447746E-03 3.535992E-01 1.793618E-01 -1.571313E+00 5.971664E-01 -1.345098E-01 9.118262E-01 2.695277E-02 1.079931E-03 4.512492E+00 9.174029E+00 
1.675918E-01 5.155472E-03 3.477205E-01 1.833231E-01 -1.417050E+00 5.939561E-01 -1.312460E-01 9.476528E-01 2.633223E-02 1.191887E-03 4.071248E+00 9.085720E+00 
1.653442E-01 5.315208E-03 3.530117E-01 1.771130E-01 -1.514403E+00 5.878612E-01 -1.101144E-01 9.833462E-01 2.892427E-02 1.755659E-03 4.373196E+00 9.339893E+00 
1.821885E-01 4.749433E-03 3.445152E-01 1.835751E-01 -1.415027E+00 5.874915E-01 -1.660168E-01 9.280627E-01 2.992657E-02 6.777225E-04 4.201278E+00 8.861184E+00 
1.671401E-01 7.189162E-03 3.547514E-01 1.783925E-01 -1.505085E+00 5.877262E-01 -1.724471E-01 9.457871E-01 2.876387E-02 4.271062E-04 4.197208E+00 8.193372E+00 
1.687586E-01 3.495915E-03 3.242327E-01 1.756128E-01 -1.539585E+00 5.910563E-01 -1.168555E-01 9.950321E-01 2.497787E-02 7.507639E-04 3.879443E+00 8.532464E+00 
1.889407E-01 5.737560E-03 3.187165E-01 1.827453E-01 -1.412884E+00 5.807969E-01 -1.145546E-01 9.235731E-01 2.725715E-02 1.254231E-03 4.342093E+00 8.376365E+00 
1.635206E-01 5.286461E-03 3.421187E-01 1.770823E-01 -1.501168E+00 6.000000E-01 -1.547899E-01 9.083546E-01 2.781159E-02 1.070075E-03 3.960915E+00 8.969997E+00 
1.889784E-01 6.758278E-03 3.318422E-01 1.831242E-01 -1.350014E+00 5.970271E-01 -1.731023E-01 9.471326E-01 2.848261E-02 1.672840E-04 4.350857E+00 9.426786E+00 
1.671122E-01 1.005931E-02 3.676714E-01 1.798586E-01 -1.398736E+00 5.949103E-01 -1.898937E-01 8.678487E-01 2.852080E-02 4.834987E-04 4.380463E+00 8.797637E+00 
1.719337E-01 6.252162E-03 3.355385E-01 1.745716E-01 -1.463499E+00 5.809915E-01 -1.535418E-01 9.546344E-01 2.856954E-02 1.603781E-03 4.031189E+00 9.016647E+00 
1.861053E-01 5.260630E-03 3.390601E-01 1.818593E-01 -1.155652E+00 5.877608E-01 -1.642370E-01 8.918193E-01 2.726055E-02 1.094766E-03 3.941985E+00 9.109818E+00 
1.708177E-01 4.151883E-03 3.347773E-01 1.805467E-01 -1.386665E+00 5.881806E-01 -1.447530E-01 9.721124E-01 2.724757E-02 6.899381E-04 4.195983E+00 9.665027E+00 
1.764797E-01 5.523048E-03 3.427465E-01 1.805686E-01 -1.284070E+00 5.829675E-01 -1.310871E-01 9.264465E-01 3.008731E-02 1.047795E-03 4.020194E+00 8.355423E+00 
1.459507E-01 6.866693E-03 3.275544E-01 1.800928E-01 -1.358424E+00 5.849306E-01 -9.750988E-02 1.000641E+00 2.961992E-02 1.054516E-03 4.149991E+00 8.884030E+00 
1.680184E-01 6.339671E-03 3.465287E-01 1.722278E-01 -1.394726E+00 5.826397E-01 -1.639499E-01 9.177335E-01 2.806046E-02 8.137130E-04 4.101013E+00 9.842466E+00 
1.676895E-01 1.234388E-02 3.358863E-01 1.812253E-01 -1.231690E+00 5.962157E-01 -1.315339E-01 9.479509E-01 2.790149E-02 2.712351E-03 4.481155E+00 9.690116E+00 
1.753330E-01 6.416126E-03 3.445349E-01 1.779844E-01 -1.399427E+00 5.921185E-01 -1.506892E-01 9.079182E-01 2.605298E-02 1.171117E-03 4.235557E+00 8.694607E+00 
1.728996E-01 4.672066E-03 3.384708E-01 1.793862E-01 -1.294297E+00 5.881687E-01 -1.677726E-01 9.034706E-01 2.688767E-02 6.111299E-05 4.471853E+00 9.230569E+00 
1.766586E-01 9.269760E-03 3.324925E-01 1.802475E-01 -1.508514E+00 5.781269E-01 -1.404021E-01 9.660681E-01 2.981756E-02 3.107668E-03 4.073369E+00 9.735703E+00 
1.778675E-01 4.864238E-03 3.320180E-01 1.828986E-01 -1.429567E+00 5.958720E-01 -1.797163E-01 9.606285E-01 3.170100E-02 4.171578E-04 4.014999E+00 8.762105E+00 
1.708652E-01 4.053926E-03 3.107979E-01 1.847649E-01 -1.461015E+00 5.827601E-01 -1.236165E-01 9.609813E-01 2.673243E-02 1.239944E-03 3.953641E+00 9.423184E+00 
1.756397E-01 3.390389E-03 3.337179E-01 1.796622E-01 -1.442382E+00 5.809632E-01 -1.308775E-01 9.648620E-01 3.079727E-02 5.970694E-04 4.132982E+00 9.822126E+00 
1.608856E-01 5.082216E-03 3.319771E-01 1.756033E-01 -1.531451E+00 5.898971E-01 -1.133010E-01 9.433661E-01 3.024099E-02 1.328566E-03 4.007759E+00 8.416019E+00 
1.726006E-01 1.247814E-02 3.144951E-01 1.817840E-01 -1.391531E+00 5.872081E-01 -6.837415E-02 9.234384E-01 3.552787E-02 5.368143E-03 4.228203E+00 9.858024E+00 
1.680921E-01 7.214352E-03 3.498837E-01 1.772946E-01 -1.363429E+00 5.744805E-01 -1.914145E-01 9.843782E-01 2.637127E-02 7.405446E-04 4.528720E+00 9.922179E+00 
1.668470E-01 3.546965E-03 3.438081E-01 1.756394E-01 -1.374827E+00 5.642144E-01 -1.108326E-01 9.486663E-01 2.888630E-02 9.865711E-04 3.847063E+00 8.837785E+00 
1.588490E-01 4.346865E-03 3.620985E-01 1.781835E-01 -1.420982E+00 5.829887E-01 -1.600707E-01 9.321719E-01 2.866300E-02 3.875733E-04 4.079494E+00 8.749715E+00 
1.671220E-01 5.400632E-03 3.316959E-01 1.792158E-01 -1.348151E+00 5.868258E-01 -1.191430E-01 9.688393E-01 2.730995E-02 1.654385E-03 4.295448E+00 9.020737E+00 
1.696698E-01 4.951252E-03 3.430909E-01 1.798943E-01 -1.429350E+00 5.932446E-01 -1.053736E-01 1.075104E+00 2.810568E-02 0.000000E+00 4.081973E+00 8.957192E+00 
1.943480E-01 4.441365E-03 3.250721E-01 1.807230E-01 -1.414342E+00 5.797452E-01 -1.732956E-01 9.578674E-01 2.737869E-02 1.924554E-03 3.973279E+00 8.664302E+00 
1.769098E-01 4.039366E-03 3.424307E-01 1.767208E-01 -1.483488E+00 5.747946E-01 -1.325732E-01 9.582389E-01 2.832024E-02 4.502428E-04 4.167134E+00 8.514869E+00 
1.800975E-01 4.372472E-03 3.444069E-01 1.810838E-01 -1.493663E+00 5.786447E-01 -1.236027E-01 9.887582E-01 2.713250E-02 2.892773E-03 4.450718E+00 8.677187E+00 
1.722670E-01 4.605973E-03 3.301694E-01 1.802195E-01 -1.462501E+00 5.855379E-01 -1.041629E-01 9.470556E-01 2.944138E-02 2.025483E-03 4.144959E+00 8.302411E+00 
1.691854E-01 7.206327E-03 3.435286E-01 1.748967E-01 -1.417783E+00 5.815343E-01 -1.486218E-01 9.754429E-01 2.842898E-02 1.284464E-03 4.038807E+00 9.210466E+00 
1.853333E-01 6.898050E-03 3.483429E-01 1.748644E-01 -1.319934E+00 5.961280E-01 -1.944385E-01 9.396670E-01 2.765209E-02 7.901259E-04 4.170312E+00 8.961184E+00 
1.746174E-01 5.578706E-03 3.386252E-01 1.801194E-01 -1.364374E+00 5.820401E-01 -1.575804E-01 9.321131E-01 2.661154E-02 3.379075E-04 4.333914E+00 9.308263E+00 
1.489895E-01 6.787297E-03 3.375363E-01 1.743197E-01 -1.509637E+00 5.932621E-01 -1.442448E-01 8.929878E-01 2.812628E-02 1.626543E-03 3.989618E+00 8.770933E+00 
1.767321E-01 3.698554E-03 3.324983E-01 1.822921E-01 -1.376217E+00 5.900300E-01 -1.236283E-01 9.003031E-01 2.585862E-02 2.015356E-04 4.238502E+00 8.485156E+00 
1.628759E-01 6.971074E-03 3.324530E-01 1.765975E-01 -1.433007E+00 5.826643E-01 -1.301186E-01 8.797631E-01 2.916824E-02 9.692639E-04 4.294422E+00 8.902787E+00 
1.618697E-01 5.798210E-03 3.300278E-01 1.813733E-01 -1.440617E+00 5.775587E-01 -9.222468E-02 9.763726E-01 2.855539E-02 9.444098E-04 4.106852E+00 9.099596E+00 
1.753390E-01 6.520726E-03 3.361314E-01 1.793719E-01 -1.344866E+00 5.818107E-01 -1.347926E-01 9.544602E-01 2.909496E-02 1.813571E-03 4.087131E+00 8.413424E+00 
1.843000E-01 5.767699E-03 3.406956E-01 1.887007E-01 -1.307671E+00 5.836959E-01 -1.153853E-01 9.027340E-01 2.877774E-02 1.206578E-03 4.035965E+00 8.139182E+00 
1.790839E-01 7.734979E-03 3.449988E-01 1.801497E-01 -1.397336E+00 5.830177E-01 -1.269287E-01 9.531801E-01 2.795887E-02 9.133999E-04 4.242651E+00 9.083203E+00 
1.705147E-01 7.391240E-03 3.324834E-01 1.775684E-01 -1.424793E+00 5.797486E-01 -1.354828E-01 9.014081E-01 2.888448E-02 1.069941E-03 3.921936E+00 9.046970E+00 
1.693093E-01 5.386059E-03 3.325880E-01 1.763462E-01 -1.326327E+00 5.844260E-01 -1.426492E-01 8.888358E-01 2.884947E-02 9.981927E-04 4.213770E+00 8.131048E+00 
1.695884E-01 6.590750E-03 3.385839E-01 1.805418E-01 -1.367796E+00 5.800279E-01 -1.208875E-01 9.373968E-01 2.632394E-02 1.632447E-04 5.327107E+00 8.123151E+00 
1.836740E-01 8.291165E-03 3.371489E-01 1.775279E-01 -1.484121E+00 5.806377E-01 -1.965944E-01 9.100935E-01 2.847468E-02 1.092862E-03 3.561237E+00 8.819742E+00 
1.675345E-01 6.633500E-03 3.444273E-01 1.762249E-01 -1.388231E+00 5.890484E-01 -1.466844E-01 9.505963E-01 2.931396E-02 1.369426E-03 3.913294E+00 8.674974E+00 
1.738770E-01 5.044097E-03 3.471182E-01 1.781826E-01 -1.499111E+00 5.906227E-01 -1.582962E-01 8.961724E-01 2.767432E-02 2.456954E-04 4.152334E+00 9.280246E+00 
1.823111E-01 7.128013E-03 3.379605E-01 1.808444E-01 -1.293130E+00 5.827076E-01 -1.330775E-01 9.188064E-01 2.931789E-02 4.706629E-04 4.528631E+00 9.103415E+00 
1.863456E-01 6.932333E-03 3.371712E-01 1.769074E-01 -1.411619E+00 5.794880E-01 -1.283968E-01 9.484835E-01 2.836807E-02 5.284067E-04 4.101923E+00 9.090023E+00 
1.817517E-01 6.332138E-03 3.456146E-01 1.757977E-01 -1.333198E+00 5.775758E-01 -1.564028E-01 9.358202E-01 2.766832E-02 8.176471E-04 4.225177E+00 8.965480E+00 
1.714415E-01 4.846367E-03 3.633818E-01 1.816941E-01 -1.492214E+00 5.926952E-01 -1.433743E-01 9.184539E-01 2.946196E-02 1.574733E-03 4.048267E+00 9.215006E+00 
1.703318E-01 4.660124E-03 3.406489E-01 1.801832E-01 -1.380786E+00 5.689672E-01 -1.363673E-01 9.704249E-01 2.753619E-02 4.320687E-04 4.436515E+00 8.917362E+00 
1.635376E-01 5.029972E-03 3.439647E-01 1.781303E-01 -1.386496E+00 5.808853E-01 -1.208062E-01 1.052781E+00 2.662829E-02 1.274944E-03 4.230553E+00 9.363190E+00 
1.726807E-01 9.272377E-03 3.184136E-01 1.806901E-01 -1.488362E+00 4.285213E-01 -1.308697E-01 9.326869E-01 2.921172E-02 6.402494E-04 4.303590E+00 9.174153E+00 
1.639971E-01 5.437953E-03 3.168371E-01 1.776791E-01 -1.393658E+00 5.861959E-01 -1.474463E-01 9.614748E-01 2.690117E-02 1.323498E-03 4.086925E+00 8.949281E+00 
1.840257E-01 6.145300E-03 3.518973E-01 1.894884E-01 -1.558361E+00 5.860699E-01 -1.261129E-01 8.999130E-01 3.178381E-02 1.534643E-03 4.292704E+00 8.788608E+00 
1.647345E-01 1.755520E-02 3.385682E-01 1.723001E-01 -1.375847E+00 5.570784E-01 -1.777250E-01 9.640837E-01 2.700644E-02 1.340646E-03 3.148889E+00 8.800517E+00 
1.635030E-01 7.174768E-03 3.373526E-01 1.757369E-01 -1.376139E+00 5.871191E-01 -1.193998E-01 1.014796E+00 2.731634E-02 2.651821E-04 4.069626E+00 9.249967E+00 
1.838300E-01 4.586355E-04 3.294889E-01 1.845917E-01 -1.440672E+00 5.245986E-01 -9.823025E-02 1.142552E+00 2.980356E-02 1.688440E-03 4.131146E+00 8.332215E+00 
1.637691E-01 6.884525E-03 3.329911E-01 1.770810E-01 -1.440674E+00 5.955214E-01 -1.627336E-01 8.891348E-01 2.751311E-02 4.295492E-04 3.899405E+00 1.025997E+01 
1.514562E-01 3.905829E-03 3.329671E-01 1.800068E-01 -1.361470E+00 4.217239E-01 -8.658508E-02 9.292828E-01 2.949298E-02 1.949878E-03 3.772637E+00 8.658335E+00 
1.553094E-01 4.475811E-03 3.310595E-01 1.790968E-01 -1.467148E+00 5.844742E-01 -1.260974E-01 9.801416E-01 2.817183E-02 1.523853E-04 4.283819E+00 9.490599E+00 
1.800059E-01 5.194419E-03 3.346975E-01 1.787753E-01 -1.340249E+00 5.822415E-01 -1.443829E-01 9.537634E-01 2.831544E-02 1.468751E-03 4.429545E+00 8.573867E+00 
1.741594E-01 5.310613E-03 3.207418E-01 1.794925E-01 -1.443630E+00 5.853096E-01 -1.442490E-01 9.437800E-01 2.831893E-02 1.193022E-03 4.185138E+00 8.968918E+00 
1.690860E-01 4.510962E-03 3.408130E-01 1.800667E-01 -1.404757E+00 5.828318E-01 -1.310011E-01 9.351933E-01 2.540318E-02 1.283088E-03 3.869693E+00 9.198647E+00 
1.728377E-01 3.308804E-03 3.516615E-01 1.775037E-01 -1.444675E+00 5.854637E-01 -1.815758E-01 9.604014E-01 2.811040E-02 1.346449E-03 3.994143E+00 8.446591E+00 
1.670751E-01 6.721008E-03 3.254509E-01 1.759898E-01 -1.293833E+00 5.850010E-01 -1.334386E-01 8.866389E-01 3.035351E-02 1.720267E-03 3.987746E+00 9.794430E+00 
1.657912E-01 4.268443E-03 3.407454E-01 1.789781E-01 -1.395901E+00 5.849883E-01 -1.102021E-01 9.393000E-01 2.698580E-02 6.281257E-04 4.298388E+00 8.463190E+00 
1.665451E-01 3.761361E-03 3.507190E-01 1.832164E-01 -1.380671E+00 5.963376E-01 -1.262738E-01 9.524261E-01 2.709051E-02 1.565918E-03 4.229693E+00 9.629609E+00 
1.735379E-01 4.350450E-03 3.380582E-01 1.789809E-01 -1.431252E+00 5.822955E-01 -1.612681E-01 9.769119E-01 2.710041E-02 1.084790E-03 4.035027E+00 9.231765E+00 
1.677003E-01 5.401230E-03 3.337434E-01 1.775094E-01 -1.496182E+00 5.880893E-01 -1.170243E-01 9.361175E-01 2.820453E-02 2.472666E-03 4.281824E+00 9.380564E+00 
1.645842E-01 4.172349E-03 3.453229E-01 1.715715E-01 -1.422280E+00 5.820887E-01 -1.367343E-01 8.872661E-01 2.944684E-02 6.581713E-04 4.130239E+00 9.195841E+00 
1.791810E-01 4.814961E-03 3.377514E-01 1.710611E-01 -1.403148E+00 5.935053E-01 -1.759117E-01 9.482239E-01 2.858962E-02 1.445540E-03 4.980485E+00 8.499303E+00 
1.718495E-01 5.543839E-03 3.309121E-01 1.768815E-01 -1.428362E+00 5.885589E-01 -1.535109E-01 1.001291E+00 2.830312E-02 1.138030E-03 3.998749E+00 9.459494E+00 
1.503099E-01 2.934043E-03 3.425101E-01 1.763859E-01 -1.460579E+00 5.886236E-01 -1.336664E-01 9.928310E-01 2.780928E-02 1.107134E-03 4.523821E+00 8.866826E+00 
1.818580E-01 8.927172E-03 3.432441E-01 1.769802E-01 -1.488204E+00 5.883074E-01 -1.574670E-01 9.493069E-01 3.098120E-02 5.101839E-04 4.217575E+00 8.014120E+00 
1.669521E-01 4.695178E-03 3.370585E-01 1.774118E-01 -1.315149E+00 5.917691E-01 -1.405139E-01 9.677122E-01 2.791669E-02 2.063292E-03 4.480654E+00 9.178775E+00 
1.970636E-01 4.335928E-03 3.353488E-01 1.811784E-01 -1.347509E+00 5.891896E-01 -1.130381E-01 9.181466E-01 3.147743E-02 8.718534E-04 4.048110E+00 9.457097E+00 
1.724421E-01 2.903940E-03 3.499329E-01 1.700280E-01 -1.491065E+00 5.967092E-01 -1.319658E-01 9.062968E-01 2.872039E-02 1.752660E-03 4.339508E+00 8.706814E+00 
1.723339E-01 3.769989E-03 3.349662E-01 1.808242E-01 -1.628005E+00 5.886996E-01 -9.532062E-02 9.894061E-01 3.138286E-02 1.607837E-03 4.697701E+00 8.431674E+00 
1.727006E-01 5.292980E-03 3.429171E-01 1.831294E-01 -1.390326E+00 5.848883E-01 -1.290925E-01 9.454063E-01 2.927380E-02 6.412706E-04 3.879869E+00 9.094378E+00 
1.644780E-01 5.219021E-03 3.675469E-01 1.854551E-01 -1.377108E+00 5.897582E-01 -1.664189E-01 7.904998E-01 2.851204E-02 8.622857E-04 4.189192E+00 8.364911E+00 
1.719747E-01 8.028293E-03 3.603868E-01 1.868024E-01 -1.435561E+00 5.915587E-01 -1.640805E-01 9.146415E-01 2.711118E-02 1.028730E-03 4.583506E+00 9.185130E+00 
1.751981E-01 8.877209E-03 3.391753E-01 1.802069E-01 -1.332190E+00 5.749318E-01 -1.255422E-01 9.476571E-01 2.905777E-02 1.437346E-03 4.465172E+00 9.482962E+00 
1.673610E-01 6.388640E-03 3.351544E-01 1.830902E-01 -1.454649E+00 5.837245E-01 -1.209332E-01 9.433743E-01 3.134558E-02 1.754326E-03 4.158210E+00 8.562006E+00 
1.825341E-01 2.929762E-03 3.448080E-01 1.787207E-01 -1.530513E+00 5.845070E-01 -1.533614E-01 9.358596E-01 2.645161E-02 5.853498E-04 4.032792E+00 9.340463E+00 
1.533333E-01 4.885648E-03 3.421142E-01 1.794889E-01 -1.399830E+00 5.757415E-01 -1.247656E-01 1.036541E+00 2.656644E-02 1.254890E-03 4.290874E+00 9.804508E+00 
1.817449E-01 5.017529E-03 3.331277E-01 1.755119E-01 -1.358315E+00 5.839487E-01 -1.180894E-01 1.017629E+00 2.795862E-02 1.479078E-03 4.110049E+00 8.894394E+00 
1.609878E-01 5.940312E-03 3.317406E-01 1.765602E-01 -1.475878E+00 5.997227E-01 -1.424711E-01 1.032093E+00 2.804414E-02 5.966946E-04 3.938554E+00 9.255476E+00 
1.595851E-01 1.000000E-04 3.416768E-01 1.779150E-01 -1.486087E+00 6.000000E-01 -1.792933E-01 8.976849E-01 2.602727E-02 1.293564E-03 4.191818E+00 9.224511E+00 
1.722876E-01 6.728867E-03 3.381608E-01 1.835205E-01 -1.496177E+00 5.883689E-01 -2.000000E-01 9.251513E-01 2.645184E-02 2.881096E-04 4.366383E+00 8.277455E+00 
1.766318E-01 4.163360E-03 3.292057E-01 1.862831E-01 -1.324069E+00 5.783595E-01 -1.324537E-01 9.212100E-01 2.898373E-02 4.891447E-04 4.321929E+00 7.862245E+00 
1.705229E-01 4.856365E-03 3.372437E-01 1.782246E-01 -1.460710E+00 5.844680E-01 -1.061271E-01 9.980300E-01 2.707909E-02 4.278802E-04 3.742893E+00 9.281071E+00 
1.729191E-01 6.120862E-03 3.203651E-01 1.794091E-01 -1.391936E+00 5.840584E-01 -1.190135E-01 9.196808E-01 2.775731E-02 8.479092E-04 4.060452E+00 8.867858E+00 
1.725665E-01 7.470172E-03 3.195900E-01 1.801121E-01 -1.378102E+00 5.849240E-01 -1.063838E-01 8.973252E-01 2.715120E-02 8.412231E-04 4.037356E+00 8.615888E+00 
1.789770E-01 8.952767E-03 3.586757E-01 1.818736E-01 -1.275615E+00 5.893096E-01 -1.878338E-01 9.193123E-01 2.957950E-02 1.573305E-03 4.090582E+00 8.217819E+00 
1.830497E-01 6.798618E-03 3.439282E-01 1.801778E-01 -1.456570E+00 5.715016E-01 -1.590286E-01 9.058019E-01 2.806799E-02 1.564857E-03 4.442205E+00 9.118459E+00 
1.485932E-01 8.762688E-02 3.405993E-01 1.775559E-01 -1.384024E+00 4.204495E-01 -1.432325E-01 1.072239E+00 2.785086E-02 2.642868E-04 3.831446E+00 9.382290E+00 
1.702977E-01 4.697147E-03 3.300834E-01 1.814436E-01 -1.508724E+00 5.861343E-01 -1.162253E-01 1.007652E+00 2.889809E-02 1.460656E-03 4.071809E+00 9.723226E+00 
1.779538E-01 7.163701E-03 3.044231E-01 1.829450E-01 -1.345452E+00 5.906438E-01 -1.319850E-01 9.452177E-01 2.741899E-02 9.837737E-04 4.302304E+00 8.690972E+00 
7.040460E-02 2.661557E-02 3.372103E-01 1.718360E-01 -1.315876E+00 4.070163E-01 -9.231521E-02 1.035293E+00 2.890669E-02 1.751785E-03 3.751534E+00 8.818118E+00 
1.797273E-01 6.468224E-03 3.426533E-01 1.822957E-01 -1.361637E+00 4.991995E-01 -1.308485E-01 9.483076E-01 2.573295E-02 1.236629E-03 4.010357E+00 8.753970E+00 
1.723126E-01 6.550919E-03 3.655587E-01 1.750546E-01 -1.379876E+00 5.796224E-01 -1.936711E-01 9.469732E-01 2.776364E-02 1.125377E-03 4.203159E+00 8.853223E+00 
1.648627E-01 3.713405E-03 3.339005E-01 1.776615E-01 -1.449458E+00 6.000000E-01 -1.174509E-01 9.496188E-01 2.798103E-02 1.213395E-03 4.130510E+00 7.953702E+00 
1.736289E-01 5.742642E-03 3.590204E-01 1.738066E-01 -1.424161E+00 5.880857E-01 -1.357302E-01 9.197292E-01 2.880804E-02 1.195944E-03 3.993034E+00 8.811408E+00 
1.460904E-01 6.379398E-03 3.430514E-01 1.789638E-01 -1.510368E+00 5.812062E-01 -1.317257E-01 9.285461E-01 2.900619E-02 2.274862E-04 4.067870E+00 9.067738E+00 
1.128378E-01 7.295552E-03 3.488322E-01 1.763636E-01 -1.344341E+00 5.066288E-01 -1.520535E-01 9.031926E-01 3.008650E-02 8.016415E-04 4.184385E+00 8.750153E+00 
1.793230E-01 4.641295E-03 3.515318E-01 1.744455E-01 -1.415698E+00 5.870631E-01 -1.549490E-01 8.975628E-01 2.888493E-02 4.824387E-04 2.707899E+00 8.986370E+00 
1.701183E-01 7.379502E-03 3.702029E-01 1.751996E-01 -1.537383E+00 5.798591E-01 -1.411832E-01 9.448210E-01 2.631482E-02 1.162221E-03 4.343569E+00 8.476147E+00 
1.757559E-01 5.631946E-03 3.191011E-01 1.789332E-01 -1.420538E+00 5.924183E-01 -1.390118E-01 9.728908E-01 2.614258E-02 1.070139E-03 3.858198E+00 9.117237E+00 
1.803110E-01 5.491888E-03 3.474925E-01 1.794801E-01 -1.416223E+00 5.915666E-01 -1.510455E-01 9.373171E-01 2.760907E-02 1.077674E-03 4.139692E+00 8.803236E+00 
1.772991E-01 7.184708E-03 3.496504E-01 1.821734E-01 -1.440668E+00 5.929499E-01 -1.463816E-01 8.924823E-01 2.703965E-02 6.031544E-04 4.143351E+00 9.042952E+00 
1.710539E-01 5.924932E-03 3.440906E-01 1.778044E-01 -1.453837E+00 5.860339E-01 -1.246985E-01 1.000289E+00 2.819864E-02 1.321359E-03 4.181278E+00 8.916540E+00 
1.681994E-01 5.424695E-03 3.515053E-01 1.769998E-01 -1.461671E+00 6.000000E-01 -2.000000E-01 1.019082E+00 2.577794E-02 2.789270E-04 4.358010E+00 8.648637E+00 
1.676193E-01 6.108270E-03 3.310157E-01 1.771364E-01 -1.407564E+00 5.694598E-01 -1.616288E-01 9.518188E-01 2.646365E-02 6.323869E-04 4.142324E+00 9.634394E+00 
1.689035E-01 3.863938E-03 3.406747E-01 1.819095E-01 -1.402763E+00 5.870405E-01 -1.847695E-01 9.184706E-01 2.747715E-02 1.642449E-03 4.270152E+00 9.077156E+00 
1.426504E-01 8.420654E-03 3.335398E-01 1.813683E-01 -1.366933E+00 5.908869E-01 -1.687019E-01 9.840823E-01 2.760731E-02 1.322543E-03 4.116176E+00 8.173104E+00 
1.673860E-01 5.110698E-03 3.241281E-01 1.813508E-01 -1.297832E+00 5.920745E-01 -1.322323E-01 9.256537E-01 2.664059E-02 9.340922E-04 4.305338E+00 9.423430E+00 
1.694805E-01 2.421969E-03 3.351332E-01 1.813967E-01 -1.365746E+00 5.840466E-01 -1.214664E-01 9.266934E-01 3.104001E-02 7.967241E-04 4.310859E+00 8.888282E+00 
1.789007E-01 5.242375E-03 3.425738E-01 1.777457E-01 -1.308209E+00 5.963335E-01 -1.332912E-01 9.555968E-01 2.713171E-02 4.363817E-04 4.166985E+00 9.595786E+00 
1.525761E-01 2.662910E-03 3.508125E-01 1.794597E-01 -1.408895E+00 5.835336E-01 -1.293154E-01 9.962286E-01 2.901116E-02 4.460229E-04 4.239956E+00 8.562518E+00 
1.688542E-01 3.488648E-03 3.353112E-01 1.847153E-01 -1.417213E+00 5.876098E-01 -1.436538E-01 9.482232E-01 2.715032E-02 6.321762E-04 4.343551E+00 9.443962E+00 
1.770610E-01 6.462405E-03 3.307992E-01 1.799006E-01 -1.291565E+00 5.703580E-01 -1.621569E-01 9.126412E-01 2.849836E-02 8.764057E-04 4.263741E+00 9.738410E+00 
1.716498E-01 9.578015E-03 3.474724E-01 1.795479E-01 -1.440712E+00 5.691634E-01 -1.087123E-01 9.742109E-01 3.026124E-02 9.406858E-04 4.598919E+00 8.522468E+00 
1.744413E-01 4.751158E-03 3.535365E-01 1.771125E-01 -1.378251E+00 5.924003E-01 -1.515192E-01 8.996398E-01 2.864404E-02 2.537013E-04 4.112236E+00 8.812427E+00 
1.764571E-01 6.485991E-03 3.305389E-01 1.848224E-01 -1.508738E+00 5.901224E-01 -1.342392E-01 9.422211E-01 2.694701E-02 1.146603E-03 4.379871E+00 8.469666E+00 
1.649006E-01 6.527249E-03 3.487772E-01 1.752842E-01 -1.495512E+00 5.784941E-01 -1.294322E-01 8.734283E-01 2.800192E-02 1.849886E-03 3.992320E+00 8.657973E+00 
1.835867E-01 5.019281E-03 3.451548E-01 1.769139E-01 -1.341534E+00 5.885988E-01 -1.359819E-01 9.423546E-01 2.496088E-02 8.628563E-04 4.020507E+00 8.701618E+00 
1.733970E-01 3.147159E-03 3.424165E-01 1.763786E-01 -1.390557E+00 5.842946E-01 -1.565196E-01 9.187155E-01 2.856621E-02 1.301185E-03 4.044754E+00 8.368354E+00 
1.754261E-01 5.192937E-03 3.441142E-01 1.774976E-01 -1.361967E+00 5.907831E-01 -1.558552E-01 9.223852E-01 2.614363E-02 9.809075E-04 3.871225E+00 9.164254E+00 
1.805405E-01 1.090532E-02 3.130066E-01 1.834657E-01 -1.342537E+00 5.881511E-01 -9.927411E-02 9.269001E-01 2.752884E-02 3.215671E-03 4.825738E+00 8.521339E+00 
1.733349E-01 4.048901E-03 3.487840E-01 1.793523E-01 -1.339388E+00 5.812032E-01 -1.629351E-01 9.973611E-01 2.814347E-02 1.039183E-03 4.363195E+00 8.742760E+00 
1.706580E-01 4.422823E-03 3.429998E-01 1.779139E-01 -1.331504E+00 5.892186E-01 -1.529352E-01 9.433500E-01 2.862686E-02 1.036388E-03 4.387907E+00 8.087173E+00 
1.716522E-01 5.596587E-03 3.415829E-01 1.818827E-01 -1.413162E+00 5.867654E-01 -1.503694E-01 1.048283E+00 2.827453E-02 6.428080E-04 3.923663E+00 9.028893E+00 
1.770455E-01 6.713446E-03 3.280352E-01 1.758758E-01 -1.350231E+00 5.886769E-01 -1.655179E-01 9.504139E-01 2.968811E-02 1.063029E-03 4.276608E+00 8.009302E+00 
1.795562E-01 5.708263E-03 3.604794E-01 1.774034E-01 -1.659090E+00 5.950494E-01 -1.448932E-01 9.442405E-01 3.089676E-02 3.379886E-03 4.187531E+00 9.405161E+00 
1.782003E-01 4.618901E-03 3.566134E-01 1.764286E-01 -1.308706E+00 5.851143E-01 -1.702730E-01 9.574909E-01 2.789549E-02 1.214164E-03 4.241660E+00 9.110605E+00 
1.645695E-01 6.408884E-03 3.347598E-01 1.782037E-01 -1.506142E+00 5.875362E-01 -1.403310E-01 9.703148E-01 2.609604E-02 5.849517E-04 4.525414E+00 8.557364E+00 
1.701609E-01 4.935214E-03 3.120596E-01 1.783440E-01 -1.454290E+00 5.842188E-01 -1.532005E-01 9.710924E-01 2.645482E-02 1.334801E-03 4.118182E+00 8.144808E+00 
1.706782E-01 5.683541E-03 3.433214E-01 1.803345E-01 -1.482938E+00 5.884676E-01 -2.000000E-01 9.153448E-01 2.733255E-02 8.174551E-04 4.337910E+00 8.195639E+00 
1.729480E-01 4.342897E-03 3.459476E-01 1.832540E-01 -1.405426E+00 5.895531E-01 -1.625022E-01 9.745844E-01 2.706886E-02 6.410287E-04 4.696755E+00 9.356470E+00 
1.744535E-01 5.306572E-03 3.367685E-01 1.727821E-01 -1.356097E+00 5.904155E-01 -1.093985E-01 9.127565E-01 2.937419E-02 2.828277E-03 4.032889E+00 9.823811E+00 
1.776526E-01 6.337781E-03 3.412282E-01 1.811557E-01 -1.336750E+00 5.905837E-01 -1.552004E-01 9.295229E-01 2.679189E-02 3.549923E-04 4.245725E+00 8.708417E+00 
1.720997E-01 5.461581E-03 3.492907E-01 1.806276E-01 -1.263058E+00 5.834000E-01 -1.681015E-01 8.500535E-01 2.621020E-02 7.870610E-04 4.199222E+00 8.460045E+00 
1.632440E-01 4.596977E-03 3.357156E-01 1.774073E-01 -1.404352E+00 5.864838E-01 -1.212901E-01 9.241302E-01 2.867952E-02 1.127274E-03 4.125102E+00 9.009512E+00 
1.672765E-01 4.739492E-03 3.264212E-01 1.790796E-01 -1.343689E+00 5.861735E-01 -1.730918E-01 9.342378E-01 2.744171E-02 1.173554E-03 3.929127E+00 8.096074E+00 
1.724961E-01 5.803102E-03 3.318413E-01 1.783039E-01 -1.492336E+00 5.895737E-01 -1.148002E-01 9.870844E-01 2.649701E-02 8.717037E-04 4.243373E+00 8.808330E+00 
1.577178E-01 5.207241E-03 3.406517E-01 1.787711E-01 -1.553400E+00 5.835871E-01 -1.011190E-01 9.169797E-01 3.149180E-02 5.271533E-04 4.420980E+00 1.027410E+01 
1.826167E-01 5.960145E-03 3.609390E-01 1.754871E-01 -1.374976E+00 5.877541E-01 -1.705574E-01 9.034382E-01 2.693216E-02 2.243882E-03 4.514166E+00 9.097006E+00 
1.620411E-01 5.005286E-03 3.396853E-01 1.769979E-01 -1.253076E+00 5.825877E-01 -1.557639E-01 9.192764E-01 2.816881E-02 1.099280E-03 4.047634E+00 8.063383E+00 
1.253368E-01 6.269189E-03 3.559610E-01 1.732657E-01 -1.417927E+00 5.853979E-01 -1.549074E-01 8.350684E-01 2.820463E-02 1.931171E-03 4.278614E+00 9.068063E+00 
1.656684E-01 7.000949E-03 3.025976E-01 1.776774E-01 -1.422269E+00 5.801458E-01 -1.209714E-01 1.062774E+00 2.729801E-02 9.681685E-04 3.871845E+00 9.127304E+00 
1.597766E-01 6.201933E-03 3.088002E-01 1.797786E-01 -1.403150E+00 5.845687E-01 -1.263118E-01 1.009141E+00 2.883302E-02 9.971185E-04 4.249442E+00 9.258298E+00 
1.691268E-01 4.971923E-03 3.543994E-01 1.790894E-01 -1.463357E+00 6.000000E-01 -1.513866E-01 8.899410E-01 2.879675E-02 7.909432E-04 4.398211E+00 8.003302E+00 
1.802641E-01 8.465149E-03 3.349489E-01 1.854582E-01 -1.418961E+00 5.897937E-01 -1.447005E-01 9.271858E-01 2.957539E-02 4.410109E-04 4.626041E+00 8.386514E+00 
