1.735334E-01 6.849540E-03 3.361715E-01 1.805643E-01 -1.347731E+00 5.783175E-01 -1.522436E-01 9.469146E-01 2.819155E-02 9.895090E-04 3.970272E+00 9.587384E+00 
1.863998E-01 3.170644E-03 3.532345E-01 1.738160E-01 -1.331776E+00 5.508121E-01 -1.598588E-01 8.874826E-01 2.744705E-02 1.076120E-03 4.543338E+00 7.831626E+00 
1.719966E-01 6.335980E-03 3.091008E-01 1.823178E-01 -1.319178E+00 5.721804E-01 -1.020246E-01 9.629987E-01 2.906350E-02 1.211703E-03 4.144117E+00 9.260283E+00 
8.877320E-02 2.471710E-02 3.937338E-01 1.457953E-01 -1.275111E+00 4.578571E-01 -4.770908E-02 5.942581E-01 2.580541E-02 2.379027E-03 4.032059E+00 1.060053E+01 
1.765338E-01 5.785395E-03 3.344667E-01 1.810861E-01 -1.285502E+00 5.869399E-01 -1.941923E-01 9.637963E-01 2.819615E-02 9.005650E-04 4.382627E+00 8.802118E+00 
1.823802E-01 4.342450E-03 3.277167E-01 1.767839E-01 -1.415376E+00 5.496174E-01 -1.270467E-01 9.837028E-01 2.779339E-02 1.703857E-03 4.522317E+00 8.731187E+00 
1.751364E-01 8.837655E-03 3.415168E-01 1.794818E-01 -1.407863E+00 5.802969E-01 -1.376735E-01 1.048575E+00 2.859851E-02 1.410919E-03 4.230282E+00 8.649508E+00 
1.720988E-01 5.539854E-03 3.435862E-01 1.805984E-01 -1.487137E+00 5.832037E-01 -1.488491E-01 9.620744E-01 2.614000E-02 1.045127E-03 4.223418E+00 8.349232E+00 
1.798058E-01 5.708110E-03 3.225076E-01 1.809961E-01 -1.338503E+00 5.843769E-01 -1.193701E-01 9.944740E-01 2.851063E-02 1.266280E-03 4.277051E+00 8.647818E+00 
1.750788E-01 4.674310E-03 3.169624E-01 1.844874E-01 -1.412749E+00 5.768701E-01 -1.208183E-01 9.297892E-01 2.647903E-02 6.222190E-04 3.669413E+00 8.995159E+00 
1.657778E-01 2.973158E-03 3.342706E-01 1.755987E-01 -1.424338E+00 5.807645E-01 -1.425064E-01 1.012857E+00 2.709194E-02 1.571285E-03 4.008097E+00 8.838347E+00 
1.712430E-01 4.368214E-03 3.634573E-01 1.767913E-01 -1.428297E+00 5.885958E-01 -1.520034E-01 9.533285E-01 2.899698E-02 1.499152E-03 4.005424E+00 9.060160E+00 
1.714277E-01 6.049916E-03 3.431496E-01 1.807893E-01 -1.394770E+00 5.782194E-01 -1.354293E-01 9.868603E-01 2.784688E-02 1.245873E-03 4.415542E+00 8.538410E+00 
1.654928E-01 4.242286E-03 3.118608E-01 1.729286E-01 -1.524178E+00 5.853579E-01 -1.338904E-01 9.494653E-01 2.905383E-02 4.264903E-04 4.262787E+00 9.478915E+00 
1.730937E-01 5.139863E-03 3.412267E-01 1.878957E-01 -1.300966E+00 5.824539E-01 -1.552134E-01 9.399519E-01 2.778164E-02 8.361534E-04 4.326329E+00 8.808211E+00 
1.737960E-01 1.000000E-04 3.440004E-01 1.701791E-01 -1.441717E+00 5.836508E-01 -9.390488E-02 1.030036E+00 2.694511E-02 3.509298E-03 4.084161E+00 9.333082E+00 
1.665795E-01 3.509967E-03 3.293562E-01 1.776905E-01 -1.415176E+00 5.851810E-01 -1.431077E-01 9.759679E-01 2.879052E-02 6.122604E-04 4.427684E+00 8.911900E+00 
1.503213E-01 4.746631E-03 3.444767E-01 1.794172E-01 -1.512216E+00 5.963288E-01 -1.301632E-01 9.091791E-01 2.782016E-02 9.087008E-04 4.602004E+00 8.008328E+00 
1.781538E-01 6.415927E-03 3.457016E-01 1.776634E-01 -1.468267E+00 5.819230E-01 -1.534708E-01 1.007354E+00 2.629897E-02 9.010499E-04 3.983756E+00 9.021813E+00 
1.850966E-01 3.297622E-03 3.624415E-01 1.810821E-01 -1.425961E+00 5.892787E-01 -9.991324E-02 9.462162E-01 2.821627E-02 2.326237E-03 4.219622E+00 7.911163E+00 
1.900920E-01 1.326095E-02 3.566640E-01 1.697980E-01 -1.367904E+00 5.943027E-01 -1.365894E-01 8.871206E-01 2.861467E-02 0.000000E+00 4.179025E+00 8.053633E+00 
1.356410E-01 1.362584E-02 3.335384E-01 1.858313E-01 -1.434899E+00 5.788568E-01 -1.247373E-01 1.013074E+00 2.728970E-02 5.550831E-03 4.261041E+00 3.752822E+00 
1.672829E-01 3.340490E-03 3.374709E-01 1.785982E-01 -1.334001E+00 5.911098E-01 -1.557677E-01 9.664643E-01 2.736438E-02 1.566248E-03 4.450300E+00 8.903485E+00 
1.507264E-01 6.254068E-03 3.391198E-01 1.680869E-01 -1.432639E+00 5.561493E-01 -1.436829E-01 1.048787E+00 2.826122E-02 1.496088E-03 4.076850E+00 9.373665E+00 
1.762022E-01 5.870776E-03 3.316438E-01 1.805786E-01 -1.436912E+00 5.962203E-01 -1.286145E-01 9.776236E-01 2.950651E-02 7.794339E-04 4.319779E+00 9.142326E+00 
1.774075E-01 3.957220E-03 3.515120E-01 1.790954E-01 -1.470382E+00 5.788382E-01 -1.442288E-01 9.596004E-01 2.649123E-02 1.002298E-03 4.178906E+00 7.833109E+00 
1.817519E-01 5.529858E-03 3.378603E-01 1.779201E-01 -1.519712E+00 5.844127E-01 -1.256917E-01 9.532353E-01 2.809594E-02 1.241749E-03 4.257695E+00 7.496308E+00 
1.774856E-01 5.617741E-03 3.308572E-01 1.801198E-01 -1.533569E+00 5.841997E-01 -1.482932E-01 1.015292E+00 2.713448E-02 1.784073E-03 4.204132E+00 8.657053E+00 
1.705425E-01 3.715296E-03 3.470936E-01 1.706143E-01 -1.467874E+00 5.929456E-01 -1.251820E-01 8.815147E-01 2.832558E-02 5.962206E-04 4.081673E+00 9.045604E+00 
1.699752E-01 2.836498E-03 3.436828E-01 1.781743E-01 -1.367203E+00 5.907939E-01 -1.423483E-01 1.033814E+00 2.868637E-02 9.449017E-04 4.194440E+00 8.806588E+00 
1.693925E-01 6.108699E-03 3.835717E-01 1.822242E-01 -1.408298E+00 5.841056E-01 -1.263800E-01 9.364976E-01 3.213854E-02 7.352644E-04 3.867058E+00 8.836698E+00 
1.687507E-01 3.193793E-03 3.339359E-01 1.867409E-01 -1.129286E+00 5.971484E-01 -1.392428E-01 9.436301E-01 3.010220E-02 8.642121E-04 4.103403E+00 7.812681E+00 
1.675485E-01 3.135764E-03 3.428576E-01 1.795084E-01 -1.432032E+00 5.788623E-01 -1.501918E-01 9.576213E-01 2.886009E-02 8.098562E-04 4.408731E+00 8.839776E+00 
1.683640E-01 5.363927E-03 3.474120E-01 1.800427E-01 -1.405454E+00 5.947531E-01 -1.149382E-01 1.005323E+00 2.834409E-02 7.645260E-04 3.943796E+00 8.823299E+00 
1.746492E-01 5.715100E-03 3.424410E-01 1.760426E-01 -1.482203E+00 5.888912E-01 -1.200390E-01 9.369315E-01 2.968702E-02 1.465080E-03 4.278456E+00 9.136659E+00 
1.245504E-01 6.312781E-03 3.560687E-01 1.644979E-01 -1.266314E+00 3.515458E-01 -9.174491E-02 4.376448E-01 2.991409E-02 2.445861E-03 4.163539E+00 8.459357E+00 
1.782204E-01 7.630669E-03 3.392280E-01 1.765650E-01 -1.449318E+00 5.822411E-01 -1.779319E-01 9.415322E-01 2.893361E-02 1.820835E-03 4.210689E+00 7.097995E+00 
1.749302E-01 7.276266E-03 3.404617E-01 1.776304E-01 -1.423408E+00 5.930358E-01 -1.222067E-01 9.506278E-01 2.926970E-02 8.109135E-04 4.321553E+00 9.057790E+00 
1.670164E-01 8.178502E-03 3.397818E-01 1.772362E-01 -1.460931E+00 5.923095E-01 -1.627926E-01 9.207721E-01 2.779037E-02 1.086965E-03 5.268002E+00 8.639317E+00 
1.795095E-01 6.938929E-03 3.410757E-01 1.808169E-01 -1.442710E+00 6.000000E-01 -1.279980E-01 9.434599E-01 2.844121E-02 3.700946E-04 3.769265E+00 8.621009E+00 
1.767961E-01 6.164268E-03 3.449569E-01 1.713358E-01 -1.460889E+00 5.799708E-01 -1.386612E-01 9.424255E-01 2.720791E-02 6.290463E-04 4.215030E+00 7.975440E+00 
1.689402E-01 6.722378E-03 3.535969E-01 1.852105E-01 -1.353062E+00 5.853415E-01 -1.307323E-01 9.478163E-01 2.934224E-02 3.673711E-04 4.711875E+00 9.286977E+00 
1.876866E-01 6.029717E-03 3.318263E-01 1.753186E-01 -1.396356E+00 5.902425E-01 -1.393404E-01 1.027235E+00 2.841160E-02 1.116289E-03 4.050534E+00 9.052608E+00 
1.762144E-01 7.327981E-03 3.416474E-01 1.785593E-01 -1.451845E+00 5.808388E-01 -1.599746E-01 9.549164E-01 2.837039E-02 1.033988E-03 4.099535E+00 9.003785E+00 
1.761206E-01 8.020346E-03 3.392477E-01 1.765989E-01 -1.494274E+00 5.896678E-01 -1.964442E-01 9.293458E-01 2.681282E-02 3.290619E-03 4.103924E+00 9.252523E+00 
1.767806E-01 1.817876E-02 3.427765E-01 1.782629E-01 -1.415943E+00 5.713281E-01 -1.311865E-01 9.631987E-01 2.901820E-02 5.793798E-03 4.098621E+00 9.395696E+00 
1.826744E-01 5.372166E-03 3.575203E-01 1.777474E-01 -1.470917E+00 5.875656E-01 -1.634693E-01 9.179171E-01 2.634904E-02 1.290918E-03 3.977746E+00 9.234488E+00 
1.739427E-01 5.671054E-03 3.482479E-01 1.743003E-01 -1.440921E+00 5.834222E-01 -1.439959E-01 9.747086E-01 2.724283E-02 8.595378E-04 4.007920E+00 9.436193E+00 
1.684776E-01 4.744549E-03 3.359501E-01 1.817264E-01 -1.283054E+00 5.889400E-01 -1.336224E-01 1.005346E+00 2.904984E-02 1.482591E-03 4.545470E+00 8.974623E+00 
1.676183E-01 5.393388E-03 3.484780E-01 1.756383E-01 -1.387726E+00 5.851241E-01 -1.473504E-01 9.258671E-01 2.894427E-02 8.804862E-04 4.329768E+00 8.664151E+00 
1.847285E-01 4.991500E-03 3.340936E-01 1.902635E-01 -1.413866E+00 5.976112E-01 -1.319763E-01 9.396893E-01 2.782830E-02 9.907516E-04 4.295394E+00 8.818911E+00 
1.631125E-01 5.819173E-03 3.519163E-01 1.756208E-01 -1.326435E+00 5.881092E-01 -1.086609E-01 9.154313E-01 2.858617E-02 6.771613E-04 4.114966E+00 9.478850E+00 
1.710687E-01 8.987951E-03 3.267255E-01 1.796724E-01 -1.527617E+00 5.603764E-01 -1.461973E-01 1.002198E+00 2.730578E-02 1.283235E-03 3.928787E+00 7.616726E+00 
1.771164E-01 8.070913E-03 3.287922E-01 1.758423E-01 -1.425284E+00 5.820103E-01 -1.506715E-01 9.792301E-01 2.769906E-02 1.303676E-03 4.007342E+00 9.807391E+00 
1.770887E-01 4.441201E-03 3.209025E-01 1.766994E-01 -1.243328E+00 5.941908E-01 -1.256191E-01 9.669349E-01 2.604716E-02 1.189791E-03 4.504961E+00 8.178859E+00 
1.686107E-01 6.593405E-03 3.471060E-01 1.793011E-01 -1.504889E+00 5.735292E-01 -1.590817E-01 8.810579E-01 2.907160E-02 3.779533E-04 3.966739E+00 8.113194E+00 
1.732206E-01 5.617176E-03 3.379718E-01 1.788881E-01 -1.486406E+00 5.896921E-01 -1.717512E-01 9.012210E-01 2.608508E-02 1.461476E-03 4.200756E+00 9.103479E+00 
1.761068E-01 8.307796E-03 3.374533E-01 1.868427E-01 -1.495649E+00 5.832304E-01 -1.540549E-01 9.773452E-01 2.719931E-02 7.305987E-04 3.831688E+00 8.307732E+00 
1.614470E-01 5.866531E-03 3.252666E-01 1.779243E-01 -1.372487E+00 5.827525E-01 -1.365199E-01 1.026527E+00 2.882930E-02 2.885516E-03 3.934149E+00 8.808378E+00 
1.732163E-01 7.509789E-03 3.422678E-01 1.795996E-01 -1.417337E+00 5.970090E-01 -1.317832E-01 9.532243E-01 2.827592E-02 9.507097E-04 4.092464E+00 8.593732E+00 
1.693359E-01 6.866640E-03 3.370172E-01 1.756301E-01 -1.397325E+00 5.830976E-01 -1.289826E-01 9.247957E-01 2.801810E-02 5.014379E-04 4.092329E+00 8.805830E+00 
1.737497E-01 6.224035E-03 3.394531E-01 1.787026E-01 -1.316663E+00 5.876166E-01 -1.427864E-01 9.254421E-01 2.927272E-02 2.008836E-03 4.047248E+00 9.239716E+00 
1.858121E-01 6.007580E-03 3.455776E-01 1.791075E-01 -1.297632E+00 5.909561E-01 -1.513691E-01 9.676596E-01 3.071482E-02 7.657002E-04 4.362993E+00 8.843247E+00 
1.655312E-01 3.179530E-03 3.274972E-01 1.767483E-01 -1.405740E+00 5.917067E-01 -1.434503E-01 9.815135E-01 3.004879E-02 3.221971E-04 4.188469E+00 8.268861E+00 
1.799032E-01 4.692797E-03 3.414574E-01 1.841997E-01 -1.372839E+00 5.899766E-01 -1.559515E-01 9.274782E-01 2.809467E-02 1.065350E-03 4.243809E+00 8.439428E+00 
1.782677E-01 6.021805E-03 3.378481E-01 1.761793E-01 -1.288685E+00 5.631548E-01 -1.490672E-01 9.725011E-01 2.834098E-02 5.461972E-04 3.968350E+00 8.205165E+00 
1.762760E-01 6.324116E-03 3.394822E-01 1.733163E-01 -1.419745E+00 5.717522E-01 -1.464666E-01 9.566297E-01 2.866476E-02 1.164061E-03 3.758772E+00 9.088225E+00 
1.756495E-01 4.842954E-03 3.480473E-01 1.816045E-01 -1.459668E+00 5.992562E-01 -1.255308E-01 9.885016E-01 2.882715E-02 4.294003E-04 4.072971E+00 8.406718E+00 
1.746709E-01 4.993631E-03 3.153863E-01 1.756122E-01 -1.250257E+00 5.900526E-01 -1.418201E-01 9.832363E-01 2.716164E-02 4.691515E-04 4.623918E+00 8.642476E+00 
1.710291E-01 5.785979E-03 3.438175E-01 1.789048E-01 -1.407486E+00 5.694269E-01 -1.193788E-01 9.816454E-01 2.957215E-02 4.192737E-04 4.603544E+00 8.529043E+00 
1.690478E-01 4.654342E-03 3.391307E-01 1.804335E-01 -1.349958E+00 5.866838E-01 -1.547024E-01 9.520664E-01 2.787851E-02 9.524747E-04 3.905786E+00 9.030254E+00 
1.800115E-01 7.602406E-03 3.342266E-01 1.769930E-01 -1.457259E+00 5.864352E-01 -1.195395E-01 1.007837E+00 3.160055E-02 2.866172E-03 4.149899E+00 1.008732E+01 
1.620804E-01 5.899130E-03 3.353427E-01 1.806984E-01 -1.476034E+00 5.927731E-01 -9.552545E-02 1.010059E+00 2.795093E-02 5.207795E-03 4.087817E+00 9.143608E+00 
1.731659E-01 4.270299E-03 3.292557E-01 1.757187E-01 -1.467365E+00 5.907491E-01 -1.094952E-01 1.049796E+00 2.757211E-02 9.534253E-04 4.353538E+00 8.956434E+00 
1.629816E-01 7.142340E-03 3.332001E-01 1.823069E-01 -1.381562E+00 5.809619E-01 -1.026180E-01 9.719951E-01 2.826663E-02 7.947419E-04 3.941383E+00 8.941735E+00 
1.696083E-01 5.366286E-03 3.504536E-01 1.815465E-01 -1.407929E+00 5.883232E-01 -1.171924E-01 9.288052E-01 2.961588E-02 9.335270E-04 4.319910E+00 9.595285E+00 
1.787343E-01 5.766188E-03 3.240200E-01 1.833572E-01 -1.416774E+00 5.893668E-01 -1.480009E-01 9.321020E-01 2.830070E-02 9.446446E-04 4.182066E+00 9.243097E+00 
1.679344E-01 6.633703E-03 3.412072E-01 1.783042E-01 -1.414568E+00 5.816485E-01 -1.444755E-01 9.299451E-01 2.982212E-02 8.423366E-04 4.022740E+00 8.403170E+00 
1.640355E-01 4.472935E-03 3.481140E-01 1.783090E-01 -1.423245E+00 5.848862E-01 -1.434585E-01 9.832372E-01 2.647577E-02 1.347788E-03 4.271680E+00 8.995926E+00 
1.967444E-01 1.000000E-04 3.430543E-01 1.905949E-01 -1.538112E+00 6.000000E-01 -1.469523E-01 8.878415E-01 2.831382E-02 1.822377E-03 4.783848E+00 9.320928E+00 
1.736896E-01 9.813380E-03 3.414915E-01 1.812717E-01 -1.426590E+00 5.688402E-01 -1.248548E-01 1.008583E+00 2.753360E-02 1.529121E-03 4.183892E+00 8.779409E+00 
1.759142E-01 5.433121E-03 3.336091E-01 1.820698E-01 -1.569170E+00 5.800573E-01 -1.599682E-01 9.651654E-01 2.997950E-02 3.723091E-04 4.369398E+00 8.542823E+00 
1.682184E-01 4.776691E-03 3.432783E-01 1.933287E-01 -1.456761E+00 5.909024E-01 -8.069276E-02 9.400772E-01 2.939436E-02 2.711114E-03 4.762650E+00 5.840722E+00 
1.543684E-01 6.458485E-03 3.244575E-01 1.783182E-01 -1.469119E+00 5.758408E-01 -1.322987E-01 9.658169E-01 3.009490E-02 6.438523E-04 4.382839E+00 8.510570E+00 
1.735992E-01 7.132045E-03 3.360021E-01 1.832691E-01 -1.476213E+00 5.963016E-01 -1.581269E-01 9.688082E-01 2.893497E-02 7.203393E-04 4.096501E+00 8.821898E+00 
1.749470E-01 4.303351E-03 3.448163E-01 1.776383E-01 -1.260629E+00 5.903872E-01 -1.587877E-01 9.949863E-01 2.635006E-02 1.405368E-03 4.329306E+00 8.388801E+00 
1.850016E-01 6.151486E-03 3.370054E-01 1.748078E-01 -1.444102E+00 5.830482E-01 -1.758488E-01 9.553548E-01 2.788386E-02 1.238299E-03 4.144791E+00 7.358738E+00 
1.878453E-01 5.394409E-03 3.246877E-01 1.807684E-01 -1.322784E+00 5.931510E-01 -1.429820E-01 9.899619E-01 2.717176E-02 8.104347E-04 4.210790E+00 8.796416E+00 
1.646662E-01 6.434740E-03 3.560527E-01 1.766395E-01 -1.375729E+00 5.868366E-01 -1.675674E-01 1.012278E+00 2.776534E-02 6.767929E-04 4.217722E+00 9.134313E+00 
1.885887E-01 5.648260E-03 3.498683E-01 1.755396E-01 -1.410255E+00 5.927272E-01 -1.712295E-01 1.041249E+00 2.711824E-02 2.177171E-03 4.106110E+00 9.279320E+00 
1.624094E-01 5.447884E-03 3.631243E-01 1.810800E-01 -1.441881E+00 5.868545E-01 -1.379473E-01 1.003745E+00 2.738571E-02 1.000172E-03 4.147090E+00 9.264361E+00 
1.659116E-01 5.508673E-03 3.352422E-01 1.809996E-01 -1.385424E+00 5.890561E-01 -1.274709E-01 9.470934E-01 2.674729E-02 1.241930E-03 4.182754E+00 8.992907E+00 
1.812090E-01 4.692347E-03 3.343095E-01 1.852893E-01 -1.354598E+00 5.944002E-01 -1.711705E-01 9.451516E-01 2.789991E-02 1.413636E-03 4.112987E+00 9.049216E+00 
1.761522E-01 2.564844E-03 3.460525E-01 1.866849E-01 -1.411626E+00 4.622127E-01 -1.328432E-01 9.248434E-01 2.816789E-02 8.254407E-04 4.407563E+00 9.366350E+00 
1.713837E-01 4.020184E-03 3.647729E-01 1.784610E-01 -1.444074E+00 5.954249E-01 -1.150893E-01 9.558751E-01 2.822023E-02 2.871751E-03 3.898746E+00 9.248541E+00 
1.823874E-01 7.450214E-03 3.424608E-01 1.766754E-01 -1.344982E+00 5.962507E-01 -2.000000E-01 9.071703E-01 2.689383E-02 5.532364E-04 4.211082E+00 8.204392E+00 
1.664090E-01 5.359700E-03 3.450635E-01 1.800549E-01 -1.379657E+00 5.879947E-01 -1.602351E-01 9.257283E-01 2.695271E-02 1.608391E-03 4.186219E+00 9.436884E+00 
1.672869E-01 5.347377E-03 3.361137E-01 1.779729E-01 -1.285966E+00 5.838715E-01 -1.231944E-01 9.375036E-01 2.439198E-02 7.721611E-04 3.405623E+00 9.728600E+00 
1.749865E-01 5.803966E-03 3.528822E-01 1.790044E-01 -1.487576E+00 5.829809E-01 -1.892651E-01 9.884334E-01 2.972683E-02 1.093101E-03 4.253552E+00 8.656913E+00 
1.807756E-01 5.019114E-03 3.309388E-01 1.777345E-01 -1.405908E+00 5.797608E-01 -1.477782E-01 9.562907E-01 2.732543E-02 6.560402E-04 3.752607E+00 8.476995E+00 
1.665933E-01 4.093676E-03 3.165309E-01 1.774130E-01 -1.348063E+00 5.808923E-01 -1.202510E-01 9.661198E-01 2.948008E-02 1.143546E-03 4.313627E+00 8.746882E+00 
1.778611E-01 7.131802E-03 3.397964E-01 1.730494E-01 -1.433517E+00 5.856322E-01 -1.350410E-01 9.510718E-01 3.221908E-02 6.126330E-04 4.186532E+00 9.121273E+00 
1.665538E-01 5.899521E-03 3.413099E-01 1.735649E-01 -1.380235E+00 5.897694E-01 -1.476159E-01 8.977536E-01 2.738197E-02 1.665830E-03 3.996722E+00 8.750372E+00 
1.694782E-01 6.413921E-03 3.450080E-01 1.796937E-01 -1.418355E+00 5.832068E-01 -1.424391E-01 9.336921E-01 2.813380E-02 9.022124E-04 4.589615E+00 8.390158E+00 
1.728481E-01 5.506092E-03 3.660605E-01 1.829110E-01 -1.389926E+00 5.888617E-01 -1.604720E-01 9.418275E-01 2.765083E-02 9.205309E-04 4.311961E+00 8.997825E+00 
1.885477E-01 5.189819E-03 3.355088E-01 1.797785E-01 -1.304452E+00 5.903097E-01 -1.226292E-01 1.011434E+00 2.770602E-02 1.319953E-03 4.522646E+00 8.570181E+00 
1.741738E-01 5.927776E-03 3.369516E-01 1.765405E-01 -1.425469E+00 5.918067E-01 -1.442481E-01 8.386878E-01 2.763060E-02 0.000000E+00 4.316122E+00 9.047467E+00 
1.710416E-01 5.564326E-03 3.393560E-01 1.734859E-01 -1.630887E+00 5.866035E-01 -1.223694E-01 1.069370E+00 2.588634E-02 1.629669E-03 4.484886E+00 9.132557E+00 
1.789597E-01 3.883489E-03 3.514727E-01 1.796929E-01 -1.438884E+00 5.910581E-01 -1.375182E-01 9.338963E-01 2.503852E-02 1.140493E-03 4.450275E+00 9.454561E+00 
1.766816E-01 9.367605E-03 3.286668E-01 1.753741E-01 -1.436500E+00 5.736797E-01 -1.676156E-01 9.961106E-01 2.764051E-02 1.357449E-03 4.027377E+00 8.738565E+00 
1.874263E-01 6.043378E-03 3.437894E-01 1.758237E-01 -1.326275E+00 5.991804E-01 -1.391031E-01 9.098179E-01 2.701160E-02 1.502346E-03 4.456256E+00 9.344595E+00 
1.707865E-01 6.735468E-03 3.487249E-01 1.755355E-01 -1.358243E+00 5.800133E-01 -1.646066E-01 9.385421E-01 2.886142E-02 1.363918E-03 4.201833E+00 9.351760E+00 
1.765097E-01 1.754362E-03 3.490865E-01 1.848185E-01 -1.236483E+00 5.699990E-01 -1.418273E-01 9.430782E-01 2.887947E-02 1.521956E-03 4.149716E+00 8.434016E+00 
1.865947E-01 6.495229E-03 3.573959E-01 1.800719E-01 -1.343413E+00 5.860214E-01 -1.402416E-01 9.173977E-01 2.792519E-02 7.162729E-04 4.142983E+00 8.956418E+00 
1.618124E-01 4.629155E-03 3.364906E-01 1.793624E-01 -1.426882E+00 5.798219E-01 -1.665343E-01 9.660793E-01 2.816516E-02 9.256590E-04 4.189871E+00 8.741334E+00 
1.726797E-01 5.669422E-03 3.381314E-01 1.785350E-01 -1.478405E+00 5.869291E-01 -1.650668E-01 1.001079E+00 2.679778E-02 1.520667E-03 4.332181E+00 9.088081E+00 
1.927770E-01 2.671598E-03 3.416147E-01 1.857225E-01 -1.412362E+00 5.760962E-01 -1.340785E-01 9.848967E-01 2.963893E-02 2.182733E-03 3.896853E+00 8.784939E+00 
1.857544E-01 1.303890E-02 3.284269E-01 1.749200E-01 -1.283614E+00 5.982319E-01 -1.642735E-01 9.847183E-01 2.850911E-02 8.807179E-04 5.126900E+00 8.313176E+00 
1.595114E-01 5.038355E-03 3.549475E-01 1.754464E-01 -1.421082E+00 5.889494E-01 -1.292008E-01 9.336351E-01 2.639037E-02 1.637320E-03 4.331805E+00 9.742728E+00 
1.659868E-01 3.303342E-03 3.469717E-01 1.749932E-01 -1.451821E+00 5.947490E-01 -1.405194E-01 9.532724E-01 2.552253E-02 1.041366E-03 4.178367E+00 9.084910E+00 
1.576687E-01 5.806283E-03 3.385589E-01 1.666119E-01 -1.301572E+00 5.411372E-01 -1.758704E-01 9.643691E-01 3.112993E-02 2.419494E-03 4.275229E+00 8.581553E+00 
1.777997E-01 6.924355E-03 3.483595E-01 1.762816E-01 -1.443465E+00 5.991810E-01 -1.450906E-01 9.761937E-01 2.989905E-02 7.576779E-04 4.360443E+00 8.922139E+00 
1.686472E-01 5.504320E-03 3.412315E-01 1.806232E-01 -1.482001E+00 5.847297E-01 -1.261925E-01 9.542219E-01 2.674729E-02 1.920956E-03 4.136061E+00 8.582459E+00 
1.533075E-01 3.539336E-03 3.358491E-01 1.791425E-01 -1.375262E+00 5.798839E-01 -1.100723E-01 9.639115E-01 2.982821E-02 3.721011E-04 3.604355E+00 8.843707E+00 
1.907072E-01 6.807314E-03 3.267765E-01 1.812971E-01 -1.391324E+00 5.868912E-01 -1.698448E-01 9.486967E-01 2.934728E-02 8.498861E-04 4.299345E+00 8.206809E+00 
1.707272E-01 1.465958E-02 3.386717E-01 1.835615E-01 -1.495944E+00 5.866870E-01 -1.567076E-01 9.349850E-01 2.714671E-02 5.137387E-03 4.457452E+00 6.915291E+00 
1.737546E-01 4.715416E-03 3.496117E-01 1.835244E-01 -1.502195E+00 5.906075E-01 -1.347602E-01 9.611072E-01 2.693425E-02 7.512411E-04 4.241042E+00 9.303111E+00 
1.639958E-01 1.237803E-02 3.584980E-01 1.746898E-01 -1.419356E+00 5.654757E-01 -1.350385E-01 1.031705E+00 2.679286E-02 5.381585E-04 4.146343E+00 8.594545E+00 
1.652821E-01 4.924776E-03 3.177680E-01 1.783571E-01 -1.389434E+00 5.781215E-01 -1.007031E-01 1.048220E+00 2.940505E-02 1.938547E-03 4.389568E+00 8.921586E+00 
1.652051E-01 7.195966E-03 3.597635E-01 1.800873E-01 -1.419439E+00 5.720258E-01 -1.386880E-01 8.543010E-01 2.725868E-02 6.645963E-04 4.512818E+00 8.899903E+00 
1.887329E-01 7.067601E-03 3.258165E-01 1.784974E-01 -1.474250E+00 5.875191E-01 -1.333977E-01 9.231306E-01 2.640757E-02 3.097082E-04 4.446197E+00 9.435357E+00 
1.741910E-01 5.622843E-03 3.414670E-01 1.761688E-01 -1.338132E+00 5.817685E-01 -1.599070E-01 9.292959E-01 2.779321E-02 1.333782E-03 4.103736E+00 8.365017E+00 
1.555380E-01 5.769094E-03 3.296640E-01 1.749870E-01 -1.482964E+00 5.742585E-01 -9.466778E-02 9.276543E-01 2.774531E-02 1.914784E-03 4.181266E+00 9.438675E+00 
1.732817E-01 4.999560E-03 3.209230E-01 1.788818E-01 -1.357838E+00 5.908751E-01 -1.210597E-01 9.813774E-01 3.241818E-02 1.007906E-03 3.519547E+00 9.065564E+00 
1.790674E-01 5.739039E-03 3.323455E-01 1.773617E-01 -1.346638E+00 6.000000E-01 -1.211745E-01 9.372289E-01 2.655065E-02 1.321788E-03 4.365136E+00 9.242370E+00 
1.695578E-01 5.076770E-03 3.474754E-01 1.799537E-01 -1.325997E+00 5.816667E-01 -1.196711E-01 9.271598E-01 2.883529E-02 8.899255E-04 4.158967E+00 8.817839E+00 
1.762142E-01 3.840745E-03 3.342642E-01 1.773701E-01 -1.387894E+00 5.845227E-01 -1.643078E-01 9.763920E-01 2.946096E-02 1.040733E-03 4.157172E+00 7.711792E+00 
1.618045E-01 6.021481E-03 3.133786E-01 1.813717E-01 -1.385476E+00 5.783662E-01 -1.180142E-01 9.720939E-01 2.727562E-02 1.174867E-03 4.155085E+00 9.168951E+00 
1.690893E-01 5.554808E-03 3.414513E-01 1.794869E-01 -1.438572E+00 5.650073E-01 -1.272891E-01 9.275649E-01 2.903702E-02 7.211685E-05 3.561359E+00 8.905755E+00 
1.604443E-01 1.559955E-02 3.610548E-01 1.661271E-01 -1.414432E+00 5.825309E-01 -1.443266E-01 9.465628E-01 2.948520E-02 2.799581E-03 4.150038E+00 9.888430E+00 
1.810460E-01 3.144894E-03 3.378896E-01 1.823093E-01 -1.355527E+00 5.561292E-01 -1.748917E-01 1.025954E+00 2.771390E-02 9.646720E-04 4.355163E+00 9.363195E+00 
1.809813E-01 8.322365E-03 3.365006E-01 1.852635E-01 -1.363230E+00 5.703114E-01 -1.771628E-01 8.603486E-01 2.837786E-02 1.083070E-03 4.356114E+00 9.117250E+00 
1.683136E-01 5.609433E-03 3.414646E-01 1.790678E-01 -1.374037E+00 5.912705E-01 -1.490448E-01 8.928528E-01 2.912182E-02 8.998742E-04 4.612323E+00 8.557547E+00 
1.717536E-01 8.129586E-03 3.432416E-01 1.752082E-01 -1.444208E+00 5.816521E-01 -1.514392E-01 9.790165E-01 2.799271E-02 1.064816E-03 4.298006E+00 8.831838E+00 
1.724205E-01 5.838809E-03 3.424177E-01 1.847554E-01 -1.375794E+00 5.857536E-01 -1.349447E-01 9.811740E-01 2.773234E-02 7.684387E-04 4.263650E+00 8.245715E+00 
1.694976E-01 6.876380E-03 3.420294E-01 1.798506E-01 -1.444389E+00 5.938442E-01 -1.543976E-01 8.908002E-01 2.563936E-02 6.537056E-04 4.248502E+00 9.091494E+00 
1.660464E-01 5.429868E-03 3.341095E-01 1.802500E-01 -1.329947E+00 5.846332E-01 -1.652046E-01 9.587936E-01 2.815393E-02 1.084069E-03 4.215549E+00 8.020078E+00 
1.668677E-01 5.524490E-03 3.427059E-01 1.775695E-01 -1.386951E+00 5.749594E-01 -1.592941E-01 1.009666E+00 3.015103E-02 2.453244E-03 4.073240E+00 8.797820E+00 
1.789324E-01 3.635078E-03 3.357292E-01 1.800191E-01 -1.496337E+00 5.740779E-01 -1.132547E-01 9.832031E-01 3.108764E-02 9.439605E-04 3.810616E+00 9.137843E+00 
1.735275E-01 5.972925E-03 3.354388E-01 1.740029E-01 -1.283899E+00 5.927526E-01 -1.580158E-01 9.572700E-01 2.726738E-02 1.151273E-03 4.196438E+00 8.475606E+00 
1.858887E-01 3.868952E-03 3.801560E-01 1.776335E-01 -1.400741E+00 5.895526E-01 -1.691301E-01 9.789859E-01 2.853709E-02 1.936028E-04 4.636406E+00 9.308633E+00 
1.753109E-01 9.458596E-03 3.499437E-01 1.797513E-01 -1.553083E+00 5.675165E-01 -1.432318E-01 9.557783E-01 3.047726E-02 1.345030E-03 4.388966E+00 8.302041E+00 
1.451589E-01 6.410529E-03 3.367175E-01 1.802661E-01 -1.428686E+00 5.186014E-01 -1.298682E-01 9.055871E-01 2.539287E-02 1.901156E-03 4.305881E+00 9.606188E+00 
1.639999E-01 3.564810E-03 3.416648E-01 1.870896E-01 -1.393695E+00 5.796731E-01 -1.384832E-01 1.004389E+00 2.665529E-02 1.115357E-03 4.153818E+00 9.014367E+00 
1.753265E-01 4.906266E-03 3.398313E-01 1.782479E-01 -1.380721E+00 5.824922E-01 -1.557617E-01 9.548674E-01 2.684076E-02 1.018972E-03 3.947147E+00 9.159402E+00 
1.761563E-01 4.951182E-03 3.462771E-01 1.822220E-01 -1.356370E+00 5.800166E-01 -1.669708E-01 9.382920E-01 2.638308E-02 8.335380E-04 4.495141E+00 9.196142E+00 
1.711437E-01 9.225211E-03 3.372799E-01 1.781830E-01 -1.402736E+00 5.891868E-01 -1.252238E-01 9.449285E-01 2.950921E-02 4.229985E-04 4.191647E+00 8.646529E+00 
1.648635E-01 7.980261E-03 3.303352E-01 1.830896E-01 -1.316087E+00 5.995776E-01 -1.343216E-01 9.412253E-01 2.390629E-02 1.064681E-03 4.569523E+00 8.404114E+00 
1.719398E-01 4.905698E-03 3.454398E-01 1.776257E-01 -1.497645E+00 5.815183E-01 -1.144405E-01 9.317328E-01 2.792941E-02 1.436309E-03 4.200791E+00 8.298525E+00 
1.724245E-01 4.979313E-03 3.404822E-01 1.801113E-01 -1.578346E+00 5.751079E-01 -1.256968E-01 9.340256E-01 2.503660E-02 1.450411E-03 4.584705E+00 8.791054E+00 
1.822858E-01 5.931168E-03 3.512269E-01 1.814368E-01 -1.412391E+00 5.810746E-01 -1.697551E-01 9.145952E-01 2.654580E-02 7.650723E-04 4.317169E+00 9.427702E+00 
1.768605E-01 5.924866E-03 3.371565E-01 1.802225E-01 -1.385918E+00 5.833955E-01 -1.438820E-01 9.564129E-01 3.025317E-02 7.041385E-04 4.405499E+00 8.994046E+00 
1.631392E-01 6.165950E-03 3.389756E-01 1.760304E-01 -1.389759E+00 5.749689E-01 -1.235523E-01 1.016414E+00 2.848813E-02 6.638921E-04 4.030892E+00 9.406548E+00 
1.586397E-01 3.239954E-03 3.582008E-01 1.721086E-01 -1.547287E+00 5.896722E-01 -9.922010E-02 1.013093E+00 2.580170E-02 8.646700E-04 4.302107E+00 8.942002E+00 
1.686721E-01 6.947298E-03 3.473636E-01 1.804371E-01 -1.398228E+00 5.991502E-01 -1.290698E-01 9.178962E-01 2.594539E-02 7.411549E-04 4.170082E+00 1.043516E+01 
1.779948E-01 6.940561E-03 3.249435E-01 1.777669E-01 -1.514904E+00 5.803043E-01 -1.420425E-01 9.773180E-01 2.860049E-02 1.874228E-03 4.440614E+00 9.387118E+00 
1.790397E-01 8.040655E-03 3.291553E-01 1.783717E-01 -1.481246E+00 5.840423E-01 -1.151765E-01 9.954616E-01 2.824035E-02 9.780223E-04 4.285429E+00 8.569539E+00 
1.851970E-01 6.765502E-03 3.491885E-01 1.788063E-01 -1.202883E+00 5.847012E-01 -1.272803E-01 9.513679E-01 2.867617E-02 8.782555E-04 4.371253E+00 8.190083E+00 
1.728097E-01 5.523459E-03 3.221814E-01 1.768609E-01 -1.495379E+00 5.854327E-01 -1.552808E-01 9.478018E-01 2.793935E-02 1.025742E-03 3.898503E+00 8.937837E+00 
1.825391E-01 7.920142E-03 3.394160E-01 1.848969E-01 -1.454777E+00 5.902262E-01 -1.307986E-01 9.040656E-01 3.143803E-02 1.331266E-03 4.317081E+00 7.532855E+00 
1.651567E-01 5.384521E-03 3.249238E-01 1.769951E-01 -1.339878E+00 5.800519E-01 -1.413599E-01 1.016870E+00 2.831872E-02 1.490300E-03 4.095278E+00 8.799855E+00 
1.751839E-01 5.810795E-03 3.535141E-01 1.807593E-01 -1.358270E+00 5.786169E-01 -1.177234E-01 9.077341E-01 2.979831E-02 1.044389E-03 3.603669E+00 9.103057E+00 
1.625816E-01 5.617745E-03 3.342211E-01 1.805611E-01 -1.473873E+00 5.929410E-01 -1.434671E-01 9.591953E-01 2.917569E-02 9.703419E-04 4.026967E+00 9.595103E+00 
1.926223E-01 5.598784E-03 3.356778E-01 1.782109E-01 -1.388408E+00 5.859849E-01 -1.424343E-01 9.280221E-01 2.932135E-02 4.536241E-04 4.468357E+00 8.504352E+00 
1.617791E-01 5.515730E-03 3.396838E-01 1.797061E-01 -1.451791E+00 5.847327E-01 -1.421478E-01 9.471077E-01 2.737417E-02 2.995241E-04 4.259546E+00 8.479070E+00 
1.712493E-01 5.607394E-03 3.415435E-01 1.841651E-01 -1.475944E+00 5.927244E-01 -1.411259E-01 1.027639E+00 2.831980E-02 6.543082E-04 4.270223E+00 9.272451E+00 
1.724350E-01 7.814380E-03 3.254395E-01 1.755199E-01 -1.476703E+00 5.935381E-01 -1.497878E-01 9.927830E-01 2.846887E-02 1.083760E-03 4.299810E+00 8.644354E+00 
1.843008E-01 5.699775E-03 3.458191E-01 1.845863E-01 -1.503340E+00 5.728194E-01 -1.572612E-01 8.231065E-01 2.771245E-02 1.457804E-03 4.261778E+00 9.306192E+00 
1.417700E-01 1.416077E-02 3.332298E-01 1.840319E-01 -1.435842E+00 5.441148E-01 -1.083794E-01 6.943665E-01 3.086814E-02 2.599487E-03 4.141838E+00 9.113361E+00 
1.736007E-01 4.766372E-03 3.589430E-01 1.734711E-01 -1.460019E+00 5.909503E-01 -1.770178E-01 9.217906E-01 2.676433E-02 1.075705E-03 4.208693E+00 9.113416E+00 
1.655527E-01 5.466021E-03 3.222498E-01 1.753444E-01 -1.398418E+00 5.887091E-01 -1.437050E-01 9.749933E-01 2.881695E-02 8.982562E-04 4.016167E+00 8.904527E+00 
1.582246E-01 6.463088E-03 3.268299E-01 1.786925E-01 -1.486382E+00 5.957613E-01 -1.161644E-01 9.584227E-01 2.816155E-02 1.467337E-03 4.212256E+00 9.494465E+00 
1.634736E-01 7.875843E-03 3.557364E-01 1.756822E-01 -1.540759E+00 5.890375E-01 -1.493123E-01 9.439548E-01 2.693041E-02 1.798016E-03 4.292006E+00 9.733622E+00 
1.692745E-01 5.693368E-03 3.257032E-01 1.737171E-01 -1.333897E+00 5.842367E-01 -1.119652E-01 1.117148E+00 2.676671E-02 5.704963E-04 4.160511E+00 9.651513E+00 
1.745111E-01 5.901820E-03 3.441756E-01 1.796157E-01 -1.400177E+00 5.826822E-01 -1.381505E-01 8.934514E-01 2.823404E-02 6.689268E-04 4.153735E+00 7.390238E+00 
1.678000E-01 4.626880E-03 3.351510E-01 1.834814E-01 -1.454548E+00 5.941586E-01 -1.695406E-01 9.975153E-01 2.903361E-02 1.090008E-03 4.093150E+00 9.998764E+00 
1.795978E-01 4.167117E-03 3.384627E-01 1.797262E-01 -1.300899E+00 5.841448E-01 -1.334435E-01 9.243393E-01 2.722792E-02 1.281629E-03 4.470729E+00 8.664332E+00 
1.776649E-01 6.456504E-03 3.440994E-01 1.748689E-01 -1.393962E+00 5.831083E-01 -1.550432E-01 9.609582E-01 2.437391E-02 8.048359E-04 3.488137E+00 8.574717E+00 
1.627433E-01 5.469979E-03 3.480826E-01 1.799431E-01 -1.403323E+00 5.788750E-01 -1.074886E-01 1.009436E+00 2.932947E-02 8.146020E-04 3.896105E+00 9.468748E+00 
1.678386E-01 6.887767E-03 3.572634E-01 1.797128E-01 -1.457188E+00 5.920067E-01 -1.686874E-01 9.034343E-01 2.756480E-02 7.007046E-04 4.285802E+00 9.945956E+00 
1.656265E-01 5.546639E-03 3.284407E-01 1.889413E-01 -1.490829E+00 5.822795E-01 -1.669591E-01 9.282259E-01 2.853822E-02 8.668922E-04 4.067457E+00 8.134471E+00 
1.727911E-01 6.071616E-03 3.443133E-01 1.740617E-01 -1.464961E+00 5.888575E-01 -1.373536E-01 9.507008E-01 2.849190E-02 1.125187E-03 4.384190E+00 8.932445E+00 
1.585145E-01 6.599640E-03 3.207853E-01 1.781597E-01 -1.414823E+00 5.807505E-01 -1.088409E-01 9.160366E-01 2.715314E-02 7.981726E-04 4.216681E+00 7.702888E+00 
1.702356E-01 4.787981E-03 3.334014E-01 1.775800E-01 -1.415990E+00 5.958951E-01 -1.129579E-01 8.670388E-01 2.992295E-02 2.084514E-03 3.755222E+00 9.735066E+00 
1.636855E-01 4.948597E-03 3.494135E-01 1.735764E-01 -1.333982E+00 5.941277E-01 -1.513534E-01 9.439576E-01 2.867596E-02 6.422070E-04 3.858442E+00 8.244973E+00 
1.664267E-01 8.907176E-03 3.309793E-01 1.728907E-01 -1.516179E+00 5.774100E-01 -1.524159E-01 9.375175E-01 2.754801E-02 2.065388E-03 4.213702E+00 9.842623E+00 
1.729691E-01 4.710091E-03 3.394330E-01 1.830725E-01 -1.272653E+00 5.853334E-01 -1.261390E-01 9.130559E-01 2.806309E-02 1.428016E-03 4.247197E+00 8.769726E+00 
1.734108E-01 6.235498E-03 3.576901E-01 1.750446E-01 -1.394808E+00 5.951626E-01 -1.905677E-01 8.897884E-01 2.691220E-02 1.788469E-03 4.163416E+00 9.553338E+00 
1.740640E-01 5.645634E-03 3.326552E-01 1.772971E-01 -1.360179E+00 5.486281E-01 -1.325066E-01 9.137411E-01 2.679765E-02 1.143524E-03 3.934396E+00 9.479618E+00 
1.588089E-01 6.114043E-03 3.199305E-01 1.796052E-01 -1.459077E+00 5.785859E-01 -1.017814E-01 9.167017E-01 3.055384E-02 1.360250E-03 4.353917E+00 8.608971E+00 
1.756525E-01 5.337749E-03 3.325983E-01 1.796759E-01 -1.416182E+00 5.713447E-01 -1.161590E-01 8.763618E-01 2.844459E-02 7.013980E-04 3.723133E+00 8.144564E+00 
1.854879E-01 9.160790E-03 3.402603E-01 1.825578E-01 -1.423125E+00 5.947760E-01 -1.362222E-01 9.112130E-01 2.733279E-02 7.236654E-04 4.523187E+00 8.259229E+00 
1.783226E-01 6.847290E-03 3.453995E-01 1.758100E-01 -1.450049E+00 5.960077E-01 -1.640598E-01 9.140828E-01 2.880733E-02 1.617994E-04 4.220759E+00 8.480015E+00 
9.770115E-02 7.708943E-02 3.381504E-01 1.701089E-01 -1.507831E+00 2.227251E-01 -1.275207E-01 1.030678E+00 2.877894E-02 5.873387E-04 3.876065E+00 9.060884E+00 
1.767374E-01 5.463371E-03 3.420878E-01 1.779740E-01 -1.372270E+00 5.976951E-01 -1.433780E-01 8.348264E-01 2.856942E-02 1.316593E-03 4.518367E+00 8.687948E+00 
1.695195E-01 8.699416E-03 3.334083E-01 1.832554E-01 -1.467040E+00 5.841650E-01 -1.350323E-01 9.213850E-01 2.823145E-02 4.087199E-04 4.122837E+00 9.221081E+00 
1.745596E-01 5.240157E-03 3.410568E-01 1.792400E-01 -1.470695E+00 5.793974E-01 -1.357096E-01 9.711092E-01 2.908187E-02 1.551390E-03 4.095175E+00 8.966972E+00 
1.823060E-01 4.376594E-03 3.510180E-01 1.760283E-01 -1.350736E+00 5.883842E-01 -1.441719E-01 9.741519E-01 2.871954E-02 1.725473E-03 4.159860E+00 7.951381E+00 
1.620327E-01 5.873032E-03 3.377263E-01 1.831420E-01 -1.404035E+00 5.795782E-01 -1.136983E-01 1.005130E+00 2.897997E-02 9.480981E-04 4.386513E+00 8.936094E+00 
1.792176E-01 5.372910E-03 3.416958E-01 1.764869E-01 -1.485205E+00 5.788718E-01 -1.429912E-01 1.018904E+00 2.892180E-02 1.139933E-03 4.171506E+00 8.871066E+00 
1.840710E-01 4.422907E-03 3.614736E-01 1.756855E-01 -1.392738E+00 5.919893E-01 -1.823315E-01 9.094474E-01 2.922048E-02 7.908581E-04 3.944117E+00 8.350441E+00 
1.675496E-01 4.713438E-03 3.427717E-01 1.795133E-01 -1.357956E+00 5.857069E-01 -1.054977E-01 8.030635E-01 2.664647E-02 1.283393E-03 3.950381E+00 8.689985E+00 
1.830210E-01 5.248314E-03 3.532950E-01 1.802446E-01 -1.361428E+00 5.918694E-01 -1.603882E-01 9.910209E-01 2.839118E-02 6.094114E-04 4.039358E+00 9.002925E+00 
1.586067E-01 4.562999E-03 3.279263E-01 1.794820E-01 -1.386455E+00 5.733587E-01 -1.465200E-01 1.039332E+00 2.784698E-02 1.229712E-03 4.270328E+00 8.912576E+00 
1.775613E-01 6.508164E-03 3.377927E-01 1.752809E-01 -1.378414E+00 5.846996E-01 -1.133377E-01 9.634511E-01 2.823976E-02 1.395486E-03 4.069874E+00 9.133466E+00 
1.556013E-01 5.414793E-03 3.481564E-01 1.711017E-01 -1.446870E+00 5.815316E-01 -1.414601E-01 8.500042E-01 2.881700E-02 1.004018E-03 4.106030E+00 1.004454E+01 
1.713781E-01 2.880274E-03 3.468755E-01 1.817980E-01 -1.530029E+00 5.868887E-01 -1.837080E-01 9.411859E-01 2.752540E-02 1.393177E-03 4.467584E+00 9.282030E+00 
1.728755E-01 5.501213E-03 3.374835E-01 1.769703E-01 -1.274292E+00 5.813695E-01 -1.642581E-01 9.221714E-01 2.754993E-02 9.170648E-04 4.143020E+00 8.836161E+00 
1.680423E-01 7.001091E-03 3.434328E-01 1.808987E-01 -1.407596E+00 5.893374E-01 -1.294011E-01 1.002081E+00 2.802860E-02 1.241329E-03 3.979901E+00 9.863030E+00 
1.654949E-01 5.883977E-03 3.640564E-01 1.756304E-01 -1.475092E+00 5.896627E-01 -1.502168E-01 9.765821E-01 2.990785E-02 2.472163E-03 4.056148E+00 9.083209E+00 
1.099654E-01 1.456157E-02 3.567854E-01 1.693771E-01 -1.523756E+00 4.131714E-01 -1.293830E-01 8.704048E-01 2.879781E-02 2.735317E-03 4.272777E+00 9.150977E+00 
1.748706E-01 5.810486E-03 3.468505E-01 1.788914E-01 -1.517364E+00 5.918943E-01 -1.019893E-01 9.902641E-01 2.697921E-02 1.509203E-03 3.822412E+00 8.982596E+00 
1.762235E-01 1.170479E-02 3.390234E-01 1.796629E-01 -1.432154E+00 5.824469E-01 -1.660083E-01 1.012198E+00 2.850043E-02 6.922446E-04 4.410162E+00 9.044572E+00 
1.801079E-01 6.489474E-03 3.523540E-01 1.781358E-01 -1.358339E+00 5.946194E-01 -1.611740E-01 1.036510E+00 2.893464E-02 4.925907E-04 4.113864E+00 9.275908E+00 
1.717113E-01 4.537469E-03 3.431583E-01 1.761169E-01 -1.395546E+00 5.804014E-01 -1.338895E-01 9.968050E-01 2.742620E-02 8.628635E-04 4.173611E+00 9.098953E+00 
1.714287E-01 4.006130E-03 3.357531E-01 1.786708E-01 -1.516985E+00 5.851479E-01 -1.846809E-01 9.925559E-01 2.876180E-02 1.899992E-03 3.850704E+00 8.856870E+00 
1.710443E-01 5.768023E-03 3.280688E-01 1.797920E-01 -1.198658E+00 5.849595E-01 -1.496819E-01 9.619672E-01 2.742835E-02 9.849872E-04 3.845662E+00 8.039801E+00 
1.698537E-01 7.175525E-03 3.453337E-01 1.812029E-01 -1.506203E+00 5.886224E-01 -1.471881E-01 9.161989E-01 2.778881E-02 1.008278E-03 4.364029E+00 9.202843E+00 
1.811004E-01 5.955738E-03 3.356309E-01 1.726990E-01 -1.490642E+00 5.902766E-01 -1.906655E-01 9.781672E-01 2.589087E-02 1.504509E-03 4.142002E+00 9.797436E+00 
1.608369E-01 6.000182E-03 3.364805E-01 1.811067E-01 -1.372200E+00 5.906955E-01 -1.182682E-01 9.773373E-01 3.014062E-02 1.485251E-03 3.755794E+00 9.938464E+00 
1.625886E-01 4.511480E-03 3.509009E-01 1.746790E-01 -1.442194E+00 5.837225E-01 -1.531723E-01 8.907438E-01 2.906313E-02 1.125781E-03 4.113546E+00 9.958705E+00 
1.813894E-01 5.618430E-03 3.117908E-01 1.823918E-01 -1.461905E+00 5.936251E-01 -1.162934E-01 1.016999E+00 2.960939E-02 1.090652E-03 4.785213E+00 8.878986E+00 
1.635141E-01 6.256792E-03 3.630197E-01 1.709912E-01 -1.439209E+00 5.863616E-01 -1.778564E-01 9.654167E-01 2.439688E-02 1.334170E-03 4.420478E+00 8.637038E+00 
1.571477E-01 6.311698E-03 3.386003E-01 1.801400E-01 -1.442704E+00 5.883232E-01 -1.342628E-01 9.253104E-01 2.950980E-02 1.112762E-03 4.045179E+00 8.283592E+00 
1.820232E-01 5.291031E-03 3.258767E-01 1.809475E-01 -1.360220E+00 5.834911E-01 -1.547155E-01 9.065946E-01 2.842930E-02 1.491043E-03 4.112480E+00 9.119306E+00 
1.615830E-01 5.696616E-03 3.287792E-01 1.815467E-01 -1.462142E+00 5.789297E-01 -1.065800E-01 9.440636E-01 2.640983E-02 1.332361E-03 4.139559E+00 9.306957E+00 
1.921425E-01 8.740542E-03 3.423971E-01 1.782914E-01 -1.410547E+00 5.873202E-01 -1.900569E-01 9.646974E-01 2.961270E-02 1.662180E-03 4.262609E+00 9.861780E+00 
1.781883E-01 7.514610E-03 3.470331E-01 1.746420E-01 -1.359942E+00 5.829468E-01 -1.622553E-01 9.508073E-01 2.750744E-02 1.515417E-03 4.392144E+00 9.211851E+00 
1.844318E-01 1.354525E-03 3.320258E-01 1.763168E-01 -1.409530E+00 5.928829E-01 -1.713564E-01 9.133622E-01 2.679043E-02 2.299300E-04 4.374507E+00 9.151792E+00 
1.820625E-01 8.309453E-03 3.329335E-01 1.822431E-01 -1.401278E+00 5.879341E-01 -1.653835E-01 9.085924E-01 2.811995E-02 1.790676E-03 4.220179E+00 8.691442E+00 
1.729801E-01 4.857123E-03 3.314462E-01 1.755978E-01 -1.402474E+00 5.751697E-01 -1.483657E-01 9.266935E-01 2.859517E-02 1.179239E-03 4.340577E+00 8.310126E+00 
1.884580E-01 5.488753E-03 3.458883E-01 1.802493E-01 -1.321556E+00 5.988025E-01 -1.410147E-01 9.296943E-01 2.817643E-02 2.238918E-04 3.998927E+00 8.027877E+00 
1.817111E-01 5.140928E-03 3.260609E-01 1.733094E-01 -1.381509E+00 5.889689E-01 -1.736442E-01 9.734432E-01 2.802469E-02 1.289932E-03 4.454098E+00 8.514600E+00 
1.690923E-01 4.284725E-03 3.446332E-01 1.805380E-01 -1.363170E+00 6.000000E-01 -1.420142E-01 9.372269E-01 2.712863E-02 4.937461E-04 4.093702E+00 9.868966E+00 
1.647664E-01 6.608786E-03 3.615665E-01 1.690335E-01 -1.401225E+00 5.891205E-01 -1.896014E-01 8.131193E-01 2.726325E-02 1.666202E-03 4.418196E+00 9.083574E+00 
1.807023E-01 5.385628E-03 3.175791E-01 1.843710E-01 -1.265364E+00 5.883290E-01 -1.086508E-01 9.922260E-01 2.920909E-02 1.728688E-03 4.013837E+00 8.983105E+00 
1.893389E-01 7.233393E-03 3.390401E-01 1.751352E-01 -1.325851E+00 5.911552E-01 -2.000000E-01 9.527169E-01 2.895065E-02 9.076465E-04 4.230007E+00 8.940338E+00 
1.576598E-01 7.352377E-03 3.402478E-01 1.763884E-01 -1.373106E+00 5.986788E-01 -1.574796E-01 1.033495E+00 2.813014E-02 8.299808E-04 3.689524E+00 1.000536E+01 
1.680283E-01 6.557189E-03 3.248938E-01 1.745900E-01 -1.488087E+00 5.800956E-01 -1.118591E-01 1.023865E+00 3.017973E-02 9.840534E-04 4.789535E+00 8.501589E+00 
1.768868E-01 2.804683E-03 3.368049E-01 1.769585E-01 -1.379821E+00 5.846237E-01 -1.444584E-01 9.026188E-01 2.877252E-02 9.819177E-04 3.984293E+00 8.898824E+00 
1.695971E-01 4.865403E-03 3.323248E-01 1.776777E-01 -1.342230E+00 5.799358E-01 -1.092540E-01 9.622208E-01 2.891807E-02 5.445177E-04 4.189407E+00 8.516479E+00 
1.647802E-01 8.789069E-03 3.324636E-01 1.828775E-01 -1.242804E+00 5.880143E-01 -1.173670E-01 9.697854E-01 3.089806E-02 1.321190E-03 4.231208E+00 9.610798E+00 
1.638998E-01 4.522545E-03 3.241027E-01 1.742586E-01 -1.356246E+00 5.856516E-01 -1.685813E-01 8.908682E-01 2.844240E-02 1.115400E-03 4.354857E+00 8.667244E+00 
1.647653E-01 2.962900E-03 3.301428E-01 1.774557E-01 -1.433134E+00 5.773439E-01 -1.375227E-01 9.454027E-01 2.828181E-02 6.160241E-04 4.169315E+00 8.793456E+00 
1.719614E-01 5.158564E-03 3.257739E-01 1.802350E-01 -1.469686E+00 5.872177E-01 -1.084653E-01 9.175960E-01 2.584342E-02 1.524382E-03 4.465211E+00 8.493960E+00 
1.738465E-01 7.000258E-03 3.518891E-01 1.839827E-01 -1.452370E+00 5.795732E-01 -1.489944E-01 8.582141E-01 2.790508E-02 1.033430E-03 4.323368E+00 7.463735E+00 
1.680426E-01 4.770775E-03 3.409386E-01 1.769079E-01 -1.550040E+00 5.912205E-01 -1.275066E-01 9.645085E-01 3.018280E-02 1.031503E-03 4.151759E+00 9.213022E+00 
1.734753E-01 6.277552E-03 3.842896E-01 1.771811E-01 -1.458066E+00 5.890079E-01 -1.589624E-01 9.540582E-01 3.099109E-02 9.789014E-04 4.091339E+00 8.451735E+00 
1.838780E-01 7.516546E-03 3.481573E-01 1.871650E-01 -1.458137E+00 5.991673E-01 -1.234064E-01 1.044473E+00 2.678646E-02 4.240154E-04 4.357337E+00 8.717288E+00 
1.679437E-01 4.126333E-03 3.359863E-01 1.793701E-01 -1.513491E+00 5.835125E-01 -1.704402E-01 9.527858E-01 2.765552E-02 7.232952E-04 4.504640E+00 8.046479E+00 
1.838496E-01 3.657653E-03 3.508825E-01 1.783123E-01 -1.473912E+00 5.795134E-01 -1.600294E-01 8.984437E-01 2.999867E-02 2.479985E-04 4.117356E+00 8.454612E+00 
1.469269E-01 1.685742E-02 3.396268E-01 1.736970E-01 -1.461098E+00 4.867963E-01 -1.012279E-01 9.180226E-01 3.328954E-02 1.700571E-03 4.404041E+00 9.419952E+00 
1.725847E-01 5.389436E-03 3.489347E-01 1.837324E-01 -1.447513E+00 5.916424E-01 -1.223281E-01 1.008361E+00 2.703339E-02 1.477598E-03 4.298400E+00 8.807992E+00 
1.807131E-01 7.057461E-04 3.341001E-01 1.766743E-01 -1.266065E+00 5.820054E-01 -1.848851E-01 9.266296E-01 2.710128E-02 1.312462E-03 3.770698E+00 9.145074E+00 
1.742497E-01 6.433341E-03 3.546355E-01 1.774906E-01 -1.333683E+00 5.855037E-01 -1.648040E-01 8.852677E-01 2.880418E-02 6.526641E-05 4.249710E+00 9.109311E+00 
1.885667E-01 9.348948E-03 3.305238E-01 1.797117E-01 -1.399611E+00 5.877841E-01 -1.424954E-01 9.436172E-01 2.781685E-02 1.184783E-03 4.267729E+00 9.766357E+00 
1.779326E-01 7.213424E-03 3.421738E-01 1.776424E-01 -1.467451E+00 5.968369E-01 -1.073206E-01 9.561974E-01 2.813401E-02 8.552372E-04 4.056958E+00 8.570077E+00 
1.636181E-01 6.725199E-03 3.504169E-01 1.707383E-01 -1.567160E+00 5.921098E-01 -1.681759E-01 9.623861E-01 2.792000E-02 7.238739E-04 4.287084E+00 9.345589E+00 
1.036570E-01 1.267383E-02 3.357323E-01 1.836929E-01 -1.374012E+00 5.459792E-01 -4.111005E-02 8.369466E-01 2.905548E-02 1.063431E-03 3.833024E+00 9.395010E+00 
1.920285E-01 6.819097E-03 3.548108E-01 1.793795E-01 -1.427603E+00 5.936892E-01 -1.930330E-01 9.162484E-01 2.923074E-02 7.761954E-04 4.226731E+00 8.586872E+00 
1.804751E-01 5.995540E-03 3.474688E-01 1.832106E-01 -1.455179E+00 5.798546E-01 -1.794097E-01 9.655386E-01 2.638435E-02 9.175285E-04 4.158505E+00 8.527193E+00 
1.842952E-01 6.847179E-03 3.631498E-01 1.673905E-01 -1.427945E+00 5.942156E-01 -1.341229E-01 8.693481E-01 2.997722E-02 1.334053E-03 4.059016E+00 1.045270E+01 
1.680772E-01 5.905427E-03 3.381591E-01 1.797846E-01 -1.366613E+00 5.882037E-01 -1.260530E-01 9.609569E-01 2.959628E-02 5.562426E-04 4.296883E+00 9.058602E+00 
1.525948E-01 6.007605E-03 3.203796E-01 1.698100E-01 -1.282036E+00 5.788848E-01 -1.204987E-01 1.015685E+00 2.910910E-02 1.895708E-03 4.113853E+00 8.551022E+00 
1.595450E-01 4.883324E-03 3.542522E-01 1.798239E-01 -1.483161E+00 5.963578E-01 -1.708232E-01 9.205781E-01 2.659283E-02 1.110867E-03 4.216648E+00 8.892718E+00 
1.747878E-01 5.202223E-03 3.362568E-01 1.759655E-01 -1.415177E+00 5.858734E-01 -1.129391E-01 9.742864E-01 2.736630E-02 1.427082E-03 4.101129E+00 8.871805E+00 
1.914269E-01 6.907810E-03 3.464305E-01 1.756592E-01 -1.350450E+00 5.967558E-01 -1.772825E-01 9.277356E-01 2.544226E-02 1.322519E-03 4.394792E+00 8.356772E+00 
1.681343E-01 5.190814E-03 3.368253E-01 1.768759E-01 -1.603847E+00 5.854364E-01 -1.403613E-01 9.553136E-01 2.975103E-02 1.105166E-04 4.327570E+00 8.816562E+00 
1.735717E-01 5.088234E-03 3.209670E-01 1.817554E-01 -1.359455E+00 5.756668E-01 -1.636557E-01 9.358992E-01 2.677465E-02 9.200437E-04 4.520399E+00 9.048297E+00 
1.745878E-01 5.511535E-03 3.534785E-01 1.779539E-01 -1.398455E+00 5.885952E-01 -1.413825E-01 9.563410E-01 2.912920E-02 8.789418E-04 4.224070E+00 9.282575E+00 
1.660369E-01 6.252960E-03 3.245434E-01 1.787273E-01 -1.381792E+00 5.825819E-01 -1.594596E-01 9.868445E-01 2.757015E-02 1.063832E-03 4.110315E+00 8.665436E+00 
1.703879E-01 4.345273E-03 3.229270E-01 1.773618E-01 -1.321160E+00 5.831350E-01 -1.438393E-01 9.655810E-01 2.754510E-02 1.381794E-03 4.252178E+00 9.051187E+00 
1.779533E-01 1.217516E-02 3.467321E-01 1.772113E-01 -1.207643E+00 5.597944E-01 -1.264302E-01 9.407996E-01 3.070747E-02 7.210608E-03 4.320227E+00 9.763773E+00 
1.847725E-01 5.644456E-03 3.369233E-01 1.777278E-01 -1.281437E+00 5.834294E-01 -2.000000E-01 9.246079E-01 2.764412E-02 9.548479E-04 4.220658E+00 9.192003E+00 
1.657568E-01 4.412034E-03 3.113197E-01 1.803313E-01 -1.422634E+00 5.786405E-01 -1.075879E-01 1.026606E+00 2.936277E-02 1.392708E-03 3.951570E+00 8.743428E+00 
1.751658E-01 5.030397E-03 3.573734E-01 1.761244E-01 -1.258411E+00 5.972258E-01 -1.561401E-01 1.032969E+00 2.674651E-02 1.755309E-03 4.147506E+00 8.523963E+00 
1.905903E-01 7.463192E-03 3.381956E-01 1.786533E-01 -1.368511E+00 5.807687E-01 -1.498385E-01 9.584658E-01 2.630753E-02 1.991870E-03 4.372932E+00 8.942192E+00 
1.775039E-01 6.945091E-03 3.355909E-01 1.827483E-01 -1.443897E+00 5.783037E-01 -1.370765E-01 1.006717E+00 3.044515E-02 1.105378E-03 4.336282E+00 9.115487E+00 
1.776870E-01 5.897718E-03 3.456973E-01 1.792727E-01 -1.527036E+00 5.800555E-01 -1.387408E-01 9.370012E-01 2.922517E-02 1.019945E-03 4.189232E+00 8.841487E+00 
1.622415E-01 5.931515E-03 3.481339E-01 1.864381E-01 -1.450929E+00 5.897432E-01 -1.243553E-01 9.300626E-01 3.045180E-02 0.000000E+00 4.202654E+00 8.926869E+00 
1.747476E-01 6.460445E-03 3.314690E-01 1.790388E-01 -1.392684E+00 5.865695E-01 -1.675535E-01 9.329926E-01 2.642909E-02 9.917421E-04 4.052668E+00 8.973789E+00 
1.726357E-01 4.432583E-03 3.440249E-01 1.850036E-01 -1.514952E+00 5.902239E-01 -1.551581E-01 8.597263E-01 2.704519E-02 8.063735E-04 4.161623E+00 8.992513E+00 
1.423584E-01 5.012339E-03 3.126947E-01 1.794703E-01 -1.437980E+00 3.929896E-01 -1.100668E-01 9.488424E-01 3.176095E-02 2.206326E-03 3.669321E+00 8.384834E+00 
1.634167E-01 4.303415E-03 3.552567E-01 1.737712E-01 -1.233916E+00 5.971907E-01 -1.332547E-01 9.528209E-01 2.968654E-02 1.281315E-03 4.135038E+00 8.715644E+00 
1.866698E-01 5.400343E-03 3.415729E-01 1.807902E-01 -1.326047E+00 5.896202E-01 -1.560792E-01 9.572364E-01 2.612222E-02 1.247795E-03 4.015561E+00 9.663081E+00 
1.677562E-01 5.497439E-03 3.521072E-01 1.750982E-01 -1.381771E+00 5.829681E-01 -1.242609E-01 9.523504E-01 2.615166E-02 5.719076E-04 4.108062E+00 9.869526E+00 
1.824688E-01 7.607819E-03 3.529716E-01 1.813038E-01 -1.356483E+00 5.891746E-01 -1.615343E-01 9.355332E-01 2.782019E-02 5.120423E-04 4.337990E+00 9.307754E+00 
1.532689E-01 6.969539E-03 3.333659E-01 1.776896E-01 -1.478713E+00 5.814811E-01 -1.364654E-01 9.711169E-01 2.990329E-02 3.309954E-04 4.162262E+00 9.860200E+00 
1.851297E-01 5.836903E-03 3.467993E-01 1.835503E-01 -1.391745E+00 5.797646E-01 -1.599461E-01 1.008262E+00 3.166081E-02 8.301650E-04 4.194944E+00 8.920747E+00 
1.845557E-01 5.336290E-03 3.335377E-01 1.749237E-01 -1.287769E+00 5.825857E-01 -1.467497E-01 8.978897E-01 2.790700E-02 6.907549E-04 4.064357E+00 8.632757E+00 
1.667425E-01 6.434311E-03 3.125579E-01 1.755006E-01 -1.390582E+00 5.807125E-01 -1.476593E-01 9.988902E-01 2.913445E-02 1.243040E-03 4.205704E+00 9.943329E+00 
1.692447E-01 4.628088E-03 3.494645E-01 1.744585E-01 -1.476714E+00 5.784007E-01 -1.657764E-01 9.268404E-01 2.427515E-02 9.708761E-04 4.228206E+00 9.208120E+00 
1.692345E-01 5.490845E-03 3.358722E-01 1.725291E-01 -1.334057E+00 5.859851E-01 -1.523658E-01 9.589272E-01 2.732653E-02 1.633560E-03 4.185544E+00 9.509917E+00 
1.689992E-01 7.341133E-03 3.462490E-01 1.706886E-01 -1.486533E+00 5.812684E-01 -1.469603E-01 9.985871E-01 2.779793E-02 2.165691E-03 4.166876E+00 9.879425E+00 
1.623205E-01 4.828529E-03 3.295207E-01 1.739331E-01 -1.384883E+00 5.829110E-01 -1.038087E-01 9.961463E-01 2.752271E-02 9.757884E-04 4.062660E+00 9.114509E+00 
1.585851E-01 4.264116E-03 3.087478E-01 1.762283E-01 -1.377952E+00 5.598502E-01 -1.196077E-01 9.025801E-01 2.959982E-02 9.184317E-04 3.858574E+00 9.321385E+00 
1.686659E-01 6.919431E-03 3.254797E-01 1.734083E-01 -1.333822E+00 5.777452E-01 -1.402693E-01 9.431666E-01 2.761965E-02 1.183631E-03 3.835073E+00 9.007967E+00 
1.597238E-01 4.894299E-03 3.244291E-01 1.777841E-01 -1.391844E+00 5.823585E-01 -1.108691E-01 9.989372E-01 2.781441E-02 4.612580E-04 4.025063E+00 8.332559E+00 
1.833847E-01 3.289937E-03 3.478846E-01 1.735664E-01 -1.370056E+00 5.897890E-01 -1.638459E-01 9.223282E-01 2.681768E-02 8.051056E-04 4.173092E+00 8.993995E+00 
1.830154E-01 4.195749E-03 3.382319E-01 1.791331E-01 -1.401736E+00 5.901543E-01 -1.694715E-01 1.019938E+00 2.710297E-02 1.276231E-03 4.116533E+00 9.384479E+00 
1.762521E-01 5.205794E-03 3.411744E-01 1.840301E-01 -1.554826E+00 5.993579E-01 -1.512834E-01 9.900633E-01 2.524779E-02 8.434129E-04 4.274576E+00 9.158799E+00 
1.569518E-01 4.633656E-03 3.347044E-01 1.799435E-01 -1.438461E+00 5.948411E-01 -1.140264E-01 9.424097E-01 2.727019E-02 9.641508E-04 4.595715E+00 9.918122E+00 
1.576774E-01 3.446569E-03 3.075447E-01 1.784970E-01 -1.300898E+00 5.714577E-01 -1.197904E-01 9.331157E-01 3.019711E-02 7.222996E-04 3.921252E+00 8.522016E+00 
1.670517E-01 3.941125E-03 3.237496E-01 1.785667E-01 -1.285068E+00 5.805310E-01 -9.731618E-02 9.596385E-01 2.648633E-02 1.462027E-03 4.458496E+00 9.051809E+00 
1.734110E-01 5.134037E-03 3.182688E-01 1.793735E-01 -1.515399E+00 5.964403E-01 -1.431213E-01 9.200472E-01 2.638232E-02 7.709515E-04 4.180320E+00 9.201211E+00 
1.610600E-01 5.627726E-03 3.440746E-01 1.727783E-01 -1.413467E+00 5.860585E-01 -1.278487E-01 8.991915E-01 2.674033E-02 1.033199E-03 4.276349E+00 8.418447E+00 
1.599985E-01 5.036402E-03 3.275708E-01 1.761207E-01 -1.362371E+00 5.906023E-01 -1.114476E-01 9.746344E-01 2.815920E-02 9.254428E-04 4.122147E+00 9.042115E+00 
1.807818E-01 3.797716E-03 3.403611E-01 1.744468E-01 -1.293074E+00 5.733817E-01 -1.506456E-01 9.307451E-01 2.778198E-02 1.102749E-03 4.447248E+00 8.103939E+00 
1.326256E-01 4.224643E-03 3.392270E-01 1.797987E-01 -1.458614E+00 5.997241E-01 -1.338569E-01 1.001078E+00 2.764103E-02 7.094127E-04 3.974316E+00 9.360222E+00 
1.668967E-01 4.712004E-03 3.477829E-01 1.802987E-01 -1.591512E+00 5.887594E-01 -1.575508E-01 9.445915E-01 2.807026E-02 5.196216E-04 4.491952E+00 1.054062E+01 
1.541761E-01 6.024829E-03 3.461999E-01 1.777645E-01 -1.418483E+00 5.952681E-01 -1.656011E-01 9.228574E-01 2.843253E-02 1.149779E-03 4.305016E+00 8.187469E+00 
1.924339E-01 5.379307E-03 3.399168E-01 1.806202E-01 -1.489043E+00 5.870768E-01 -1.418951E-01 9.705113E-01 2.789634E-02 6.506348E-04 4.430767E+00 8.611058E+00 
1.742187E-01 5.535390E-03 3.348978E-01 1.780682E-01 -1.416899E+00 5.908572E-01 -1.493874E-01 9.701511E-01 2.867847E-02 1.486011E-03 4.167994E+00 9.043257E+00 
1.757599E-01 5.398151E-03 3.569441E-01 1.795141E-01 -1.451178E+00 5.791764E-01 -1.011038E-01 9.164644E-01 3.203438E-02 4.841765E-04 4.104984E+00 8.085296E+00 
1.662148E-01 4.574475E-03 3.141688E-01 1.731276E-01 -1.304163E+00 5.779177E-01 -1.086808E-01 1.111653E+00 3.045599E-02 4.310780E-04 4.106746E+00 9.206888E+00 
1.871687E-01 8.188061E-03 3.346919E-01 1.807090E-01 -1.372398E+00 5.961346E-01 -1.639556E-01 9.265437E-01 2.763341E-02 8.743168E-04 3.965592E+00 9.005658E+00 
1.778943E-01 6.919653E-03 3.479028E-01 1.753757E-01 -1.351809E+00 5.863838E-01 -1.739210E-01 9.522110E-01 2.780337E-02 1.443321E-03 4.479892E+00 8.126173E+00 
1.724457E-01 4.973909E-03 3.358593E-01 1.793973E-01 -1.473618E+00 5.874863E-01 -1.239024E-01 9.810514E-01 2.691290E-02 7.639860E-04 4.248929E+00 8.767777E+00 
1.725197E-01 1.621653E-03 3.175311E-01 1.775190E-01 -1.208094E+00 5.831294E-01 -1.215296E-01 1.030593E+00 2.948092E-02 7.511672E-04 4.054910E+00 9.366729E+00 
1.777032E-01 4.129837E-03 3.424178E-01 1.800154E-01 -1.594996E+00 5.868327E-01 -1.345535E-01 9.047908E-01 2.888636E-02 8.196364E-04 3.918897E+00 9.644768E+00 
1.672609E-01 8.307316E-03 3.505464E-01 1.764691E-01 -1.355187E+00 5.885157E-01 -1.431694E-01 9.360384E-01 2.777576E-02 2.200577E-03 4.223525E+00 9.434532E+00 
1.769225E-01 2.913499E-03 3.459419E-01 1.836342E-01 -1.452192E+00 5.905217E-01 -9.216230E-02 9.817178E-01 2.915833E-02 1.288437E-03 4.152796E+00 9.602133E+00 
1.806159E-01 5.546125E-03 3.313605E-01 1.823536E-01 -1.459480E+00 5.869242E-01 -1.318614E-01 9.869481E-01 2.978275E-02 2.155495E-04 4.171304E+00 8.823946E+00 
1.675360E-01 5.409040E-03 3.198819E-01 1.775929E-01 -1.446405E+00 5.754179E-01 -1.502864E-01 9.766891E-01 2.761449E-02 4.768331E-04 4.286470E+00 8.976564E+00 
1.705760E-01 4.846654E-03 3.651195E-01 1.773806E-01 -1.356508E+00 5.930597E-01 -1.846622E-01 9.229462E-01 2.769880E-02 1.134177E-04 4.380300E+00 7.019387E+00 
1.791359E-01 9.741299E-04 3.235514E-01 1.782891E-01 -1.382809E+00 5.785841E-01 -1.244568E-01 9.569180E-01 2.954283E-02 1.616286E-03 3.956686E+00 8.620289E+00 
1.625432E-01 6.695948E-03 3.342455E-01 1.794804E-01 -1.488861E+00 5.803031E-01 -1.329411E-01 9.804382E-01 2.849364E-02 6.890160E-04 4.059897E+00 9.084679E+00 
1.777118E-01 6.157577E-03 3.174929E-01 1.760989E-01 -1.407818E+00 5.909999E-01 -1.471511E-01 9.503959E-01 2.808184E-02 1.346975E-03 4.218102E+00 8.833144E+00 
1.790793E-01 6.006212E-03 3.450370E-01 1.794156E-01 -1.389378E+00 5.861044E-01 -1.086960E-01 9.604994E-01 2.745646E-02 9.942022E-04 4.252406E+00 8.679585E+00 
1.618756E-01 5.289073E-03 3.286958E-01 1.777337E-01 -1.456387E+00 5.754319E-01 -1.275736E-01 9.501469E-01 2.904536E-02 0.000000E+00 3.817305E+00 7.858233E+00 
1.700877E-01 5.097370E-03 3.302751E-01 1.777961E-01 -1.432015E+00 5.875123E-01 -1.107587E-01 9.488099E-01 2.903323E-02 6.936425E-04 4.232882E+00 8.365597E+00 
1.637681E-01 5.698951E-03 3.452307E-01 1.755981E-01 -1.494203E+00 5.943868E-01 -1.185043E-01 9.806904E-01 2.920693E-02 2.006792E-03 4.589596E+00 8.330024E+00 
1.496592E-01 7.897918E-03 3.426396E-01 1.789123E-01 -1.450220E+00 5.809315E-01 -1.323351E-01 9.654034E-01 2.868278E-02 1.330406E-03 3.917612E+00 8.743501E+00 
1.802257E-01 6.080113E-03 3.487383E-01 1.783642E-01 -1.504109E+00 5.885661E-01 -1.693701E-01 9.926391E-01 2.851292E-02 2.429920E-03 4.502909E+00 9.171697E+00 
1.873888E-01 3.136249E-03 3.444477E-01 1.708830E-01 -1.398932E+00 5.788212E-01 -1.420530E-01 9.286503E-01 2.899335E-02 1.310590E-03 4.250698E+00 7.927906E+00 
1.885310E-01 3.804583E-03 3.429828E-01 1.891279E-01 -1.460766E+00 5.853552E-01 -1.474094E-01 9.376613E-01 3.123151E-02 4.912560E-04 4.300830E+00 7.831938E+00 
1.730861E-01 7.686633E-03 3.523791E-01 1.756295E-01 -1.438792E+00 5.917614E-01 -1.760555E-01 9.781517E-01 2.536217E-02 1.813309E-03 4.316383E+00 8.793504E+00 
1.592033E-01 3.441448E-03 3.276619E-01 1.746624E-01 -1.469319E+00 5.993897E-01 -1.125169E-01 9.855385E-01 2.884185E-02 2.059878E-03 4.188530E+00 8.767130E+00 
1.669819E-01 3.986098E-03 3.404304E-01 1.815722E-01 -1.384868E+00 5.966994E-01 -1.332786E-01 9.708000E-01 2.841141E-02 9.160690E-04 4.032961E+00 7.827268E+00 
1.684580E-01 5.138883E-03 3.226448E-01 1.779473E-01 -1.489728E+00 5.968126E-01 -1.668057E-01 9.963505E-01 2.647597E-02 4.884887E-04 4.166485E+00 9.224709E+00 
1.747195E-01 7.525741E-03 3.438994E-01 1.811631E-01 -1.551451E+00 5.968680E-01 -1.725249E-01 8.933108E-01 2.761060E-02 1.562411E-04 4.222206E+00 8.757352E+00 
1.742330E-01 7.056780E-03 3.341116E-01 1.766625E-01 -1.407498E+00 5.606433E-01 -1.322827E-01 9.860672E-01 2.917708E-02 6.298069E-04 4.552413E+00 8.853977E+00 
1.946859E-01 6.926423E-03 3.295621E-01 1.813387E-01 -1.372673E+00 5.928090E-01 -1.755922E-01 8.926849E-01 2.755674E-02 1.022132E-03 3.944650E+00 9.396297E+00 
1.836286E-01 5.312431E-03 3.504800E-01 1.813940E-01 -1.457669E+00 5.812091E-01 -1.627495E-01 9.923834E-01 2.924378E-02 4.376860E-04 4.475131E+00 8.968469E+00 
1.796578E-01 5.265263E-03 3.435507E-01 1.802217E-01 -1.320570E+00 5.831738E-01 -1.494563E-01 9.558932E-01 2.719882E-02 4.032927E-04 4.499525E+00 8.530266E+00 
1.654237E-01 6.147925E-03 3.303656E-01 1.773845E-01 -1.313470E+00 5.856510E-01 -1.342068E-01 8.906034E-01 2.708926E-02 9.356204E-04 4.536482E+00 9.245563E+00 
1.740989E-01 7.284983E-03 3.445339E-01 1.602186E-01 -1.442951E+00 5.782046E-01 -1.347048E-01 9.929926E-01 2.811966E-02 1.230116E-03 4.659463E+00 8.092047E+00 
1.677421E-01 3.910691E-03 3.357172E-01 1.781745E-01 -1.424001E+00 5.847236E-01 -1.365442E-01 9.622473E-01 2.904263E-02 1.257076E-03 4.261173E+00 9.157086E+00 
1.708188E-01 6.278198E-03 3.526108E-01 1.778865E-01 -1.319870E+00 5.929910E-01 -1.163360E-01 9.113358E-01 2.867510E-02 1.026691E-03 4.272545E+00 8.287108E+00 
1.725549E-01 4.460118E-03 3.475644E-01 1.798219E-01 -1.461274E+00 5.906875E-01 -1.478033E-01 9.199477E-01 2.644632E-02 6.110943E-04 4.239667E+00 9.068695E+00 
1.773724E-01 9.143012E-03 3.510524E-01 1.723478E-01 -1.513679E+00 5.921762E-01 -1.603723E-01 9.839045E-01 3.203345E-02 2.548871E-03 4.098411E+00 9.206088E+00 
1.734795E-01 5.186725E-03 3.324917E-01 1.804628E-01 -1.461744E+00 5.840019E-01 -1.216743E-01 9.537518E-01 2.983018E-02 1.418019E-03 4.154354E+00 8.770859E+00 
1.571214E-01 1.029703E-02 3.392644E-01 1.842270E-01 -1.411974E+00 5.973678E-01 -1.285777E-01 9.578267E-01 2.782740E-02 2.058157E-03 4.120744E+00 8.084975E+00 
1.754756E-01 3.554060E-03 3.357457E-01 1.784477E-01 -1.398722E+00 5.834694E-01 -1.481364E-01 9.581630E-01 2.842886E-02 5.665113E-04 4.354090E+00 9.525989E+00 
1.665931E-01 5.316497E-03 3.378275E-01 1.748962E-01 -1.447681E+00 5.772730E-01 -1.190337E-01 9.424228E-01 2.654035E-02 9.652142E-04 4.196879E+00 9.208387E+00 
1.660116E-01 1.661409E-02 3.051924E-01 1.728282E-01 -1.459067E+00 5.731911E-01 -8.299836E-02 8.777296E-01 3.533832E-02 7.633614E-03 4.355340E+00 9.600184E+00 
1.725751E-01 7.993739E-03 3.492595E-01 1.767405E-01 -1.497410E+00 5.669299E-01 -7.363618E-02 9.869457E-01 2.770006E-02 8.153974E-05 4.218988E+00 8.325299E+00 
1.634592E-01 6.324256E-03 3.379360E-01 1.806203E-01 -1.403265E+00 5.931366E-01 -1.642493E-01 9.372684E-01 2.757078E-02 8.231339E-04 4.056181E+00 8.612554E+00 
1.788415E-01 2.645320E-03 3.548337E-01 1.774489E-01 -1.358026E+00 5.833633E-01 -1.519926E-01 9.636819E-01 2.863992E-02 6.465799E-04 4.366700E+00 8.929187E+00 
1.731531E-01 4.742644E-03 3.425789E-01 1.825569E-01 -1.413265E+00 5.840101E-01 -1.585624E-01 9.460090E-01 2.680548E-02 3.502034E-04 4.225138E+00 8.288025E+00 
1.746013E-01 6.279532E-03 3.529486E-01 1.783185E-01 -1.382664E+00 5.836632E-01 -1.519254E-01 9.534865E-01 2.747523E-02 2.442479E-03 4.279415E+00 8.769498E+00 
1.905153E-01 6.233278E-03 3.295874E-01 1.756840E-01 -1.420295E+00 5.866938E-01 -1.736715E-01 9.864683E-01 2.765402E-02 1.747084E-03 4.340367E+00 8.784025E+00 
1.803148E-01 5.245836E-03 3.442767E-01 1.790913E-01 -1.367398E+00 5.859807E-01 -1.446858E-01 9.521535E-01 2.802194E-02 9.418039E-04 4.174001E+00 8.002402E+00 
1.801531E-01 4.345774E-03 3.377996E-01 1.871269E-01 -1.486838E+00 5.895374E-01 -1.665290E-01 9.816348E-01 2.758988E-02 2.226505E-03 4.215552E+00 8.965437E+00 
1.705361E-01 5.970695E-03 3.511156E-01 1.791948E-01 -1.402642E+00 5.914016E-01 -1.898742E-01 9.013393E-01 2.645378E-02 1.679189E-04 4.209484E+00 8.644875E+00 
1.759427E-01 4.055659E-03 3.467221E-01 1.723462E-01 -1.425617E+00 5.877918E-01 -1.406554E-01 9.342657E-01 2.670058E-02 1.307632E-03 4.079873E+00 9.084381E+00 
1.824923E-01 6.755830E-03 3.543472E-01 1.779890E-01 -1.323107E+00 5.837282E-01 -1.380132E-01 9.714793E-01 2.932310E-02 9.458490E-04 4.195092E+00 8.982307E+00 
1.740772E-01 5.585124E-03 3.320433E-01 1.782033E-01 -1.372863E+00 5.812172E-01 -1.440772E-01 9.210568E-01 2.803751E-02 5.383340E-04 4.157334E+00 9.271811E+00 
1.711223E-01 5.078049E-03 3.637275E-01 1.856959E-01 -1.480830E+00 5.926350E-01 -1.382118E-01 8.903552E-01 2.993375E-02 6.883303E-04 4.037359E+00 9.206982E+00 
1.723716E-01 3.900449E-03 3.160805E-01 1.791029E-01 -1.415196E+00 5.879016E-01 -1.120248E-01 9.631809E-01 2.593826E-02 5.173615E-04 4.455103E+00 9.205353E+00 
1.838845E-01 2.746710E-03 3.557263E-01 1.831987E-01 -1.342066E+00 5.875399E-01 -1.762292E-01 9.092293E-01 2.989821E-02 1.335530E-03 3.955257E+00 7.852862E+00 
1.622571E-01 6.331304E-03 3.231106E-01 1.764194E-01 -1.465454E+00 5.797922E-01 -1.815440E-01 9.870868E-01 2.921082E-02 4.751329E-04 3.835228E+00 9.565525E+00 
1.715844E-01 4.561324E-03 3.167758E-01 1.753951E-01 -1.388926E+00 5.988972E-01 -1.517665E-01 9.845390E-01 2.928987E-02 1.049071E-03 4.033521E+00 9.167836E+00 
1.782092E-01 5.520512E-03 3.362368E-01 1.885684E-01 -1.594606E+00 6.000000E-01 -1.436478E-01 9.416565E-01 2.942045E-02 9.651853E-04 4.228387E+00 8.795829E+00 
1.727733E-01 9.189467E-03 3.393646E-01 1.764343E-01 -1.448580E+00 5.936245E-01 -1.304944E-01 9.502133E-01 2.905038E-02 6.839518E-04 4.196677E+00 8.205412E+00 
1.787116E-01 1.352097E-03 3.420902E-01 1.800679E-01 -1.394006E+00 5.996364E-01 -1.681070E-01 9.165056E-01 2.881604E-02 8.003469E-04 4.141359E+00 8.439091E+00 
1.680071E-01 3.479250E-03 3.443532E-01 1.767583E-01 -1.445943E+00 5.864448E-01 -9.931303E-02 9.324510E-01 2.915841E-02 1.351634E-03 4.314543E+00 8.322822E+00 
1.662092E-01 7.114062E-03 3.404913E-01 1.800166E-01 -1.412280E+00 5.875603E-01 -1.167331E-01 9.561493E-01 2.888945E-02 8.072307E-04 3.958213E+00 9.906955E+00 
1.545219E-01 7.227278E-03 3.393457E-01 1.759115E-01 -1.399440E+00 5.884773E-01 -1.801954E-01 9.086534E-01 2.952028E-02 1.263873E-03 3.799798E+00 8.999321E+00 
1.762407E-01 5.071723E-03 3.270665E-01 1.825821E-01 -1.358053E+00 5.880466E-01 -1.457954E-01 9.215727E-01 2.978831E-02 4.267583E-04 4.204440E+00 8.353916E+00 
1.665631E-01 5.877776E-03 3.481532E-01 1.800224E-01 -1.376949E+00 5.907594E-01 -1.364046E-01 9.244696E-01 2.651571E-02 1.086873E-03 4.267030E+00 9.124062E+00 
1.745299E-01 8.128495E-03 3.392338E-01 1.701289E-01 -1.375180E+00 5.828297E-01 -1.317513E-01 9.218085E-01 2.814694E-02 1.119209E-03 3.955338E+00 8.688181E+00 
1.537435E-01 5.044201E-03 3.428728E-01 1.774893E-01 -1.398287E+00 5.846771E-01 -1.313736E-01 9.238846E-01 2.725909E-02 1.128203E-03 4.249393E+00 8.926583E+00 
1.665518E-01 7.223755E-03 3.440201E-01 1.784839E-01 -1.370467E+00 5.696660E-01 -1.291527E-01 9.599348E-01 2.770520E-02 1.040644E-03 4.552074E+00 8.326750E+00 
1.718239E-01 6.960124E-03 3.647196E-01 1.798804E-01 -1.443929E+00 5.908653E-01 -1.072623E-01 9.364540E-01 2.725799E-02 1.820917E-03 4.341942E+00 9.449084E+00 
1.705386E-01 5.770061E-03 3.454506E-01 1.750510E-01 -1.405859E+00 5.870356E-01 -1.565321E-01 9.839391E-01 2.759877E-02 1.413935E-03 4.084922E+00 9.135179E+00 
1.712817E-01 7.226992E-03 3.282468E-01 1.766262E-01 -1.339012E+00 5.705959E-01 -1.328868E-01 9.586044E-01 2.645428E-02 9.041004E-04 4.269646E+00 8.810140E+00 
1.747844E-01 6.998507E-03 3.476224E-01 1.822913E-01 -1.276119E+00 5.885787E-01 -1.367535E-01 9.578888E-01 2.938298E-02 8.169014E-04 4.240011E+00 8.748010E+00 
1.663047E-01 6.120309E-03 3.057418E-01 1.770342E-01 -1.440389E+00 5.835407E-01 -1.028955E-01 9.762594E-01 2.856382E-02 6.862897E-04 4.080379E+00 8.780786E+00 
1.738216E-01 5.631357E-03 3.471936E-01 1.818903E-01 -1.343558E+00 5.872381E-01 -1.246595E-01 9.765562E-01 2.728519E-02 8.186812E-04 4.321185E+00 8.853496E+00 
1.642180E-01 1.667528E-02 3.379210E-01 1.721555E-01 -1.484641E+00 5.766473E-01 -1.514444E-01 9.931279E-01 2.818313E-02 2.002910E-04 4.788017E+00 8.860132E+00 
1.538488E-01 6.509865E-03 3.303671E-01 1.710075E-01 -1.458954E+00 5.803176E-01 -1.169428E-01 9.510511E-01 2.872507E-02 1.247744E-03 3.718738E+00 9.305924E+00 
1.687773E-01 4.321551E-03 3.439671E-01 1.745661E-01 -1.330734E+00 5.928752E-01 -9.946675E-02 1.109808E+00 2.778577E-02 3.376514E-04 4.271492E+00 8.488565E+00 
1.716193E-01 7.194651E-03 3.440215E-01 1.730904E-01 -1.382463E+00 5.644239E-01 -1.544021E-01 9.272032E-01 2.853278E-02 1.057067E-03 4.490463E+00 9.010751E+00 
1.797827E-01 6.224792E-03 3.475741E-01 1.785045E-01 -1.387566E+00 5.879575E-01 -9.432374E-02 9.078318E-01 2.681201E-02 5.413174E-04 4.042454E+00 9.182732E+00 
1.597471E-01 4.377819E-03 3.430559E-01 1.809613E-01 -1.449800E+00 5.771336E-01 -1.365072E-01 9.859311E-01 2.875836E-02 2.546447E-04 4.110402E+00 8.766326E+00 
1.768281E-01 6.806336E-03 3.452696E-01 1.745367E-01 -1.440102E+00 5.822270E-01 -1.364035E-01 1.039835E+00 2.700247E-02 9.958699E-04 4.307093E+00 8.895038E+00 
1.615114E-01 5.252953E-03 3.303154E-01 1.757739E-01 -1.465525E+00 5.825343E-01 -1.540165E-01 9.198440E-01 2.842668E-02 1.468067E-03 4.202083E+00 9.559736E+00 
1.824318E-01 6.098599E-03 3.367925E-01 1.812573E-01 -1.353357E+00 5.812357E-01 -1.583564E-01 1.005787E+00 2.740382E-02 8.841570E-04 4.056057E+00 8.989974E+00 
1.757885E-01 6.272222E-03 3.280590E-01 1.769654E-01 -1.456788E+00 5.809255E-01 -1.835180E-01 9.555856E-01 2.698403E-02 1.430047E-03 4.330366E+00 8.960608E+00 
1.710733E-01 5.988570E-03 3.438075E-01 1.771130E-01 -1.374462E+00 5.905545E-01 -1.522979E-01 9.067366E-01 2.701639E-02 3.524139E-04 4.068916E+00 8.329644E+00 
1.747953E-01 5.200998E-03 3.333323E-01 1.820902E-01 -1.361000E+00 5.928758E-01 -1.129140E-01 9.163993E-01 2.846358E-02 1.090182E-03 4.287034E+00 8.126709E+00 
1.688565E-01 4.105457E-03 3.187568E-01 1.780076E-01 -1.369617E+00 5.837146E-01 -1.302223E-01 1.013794E+00 2.468749E-02 2.189225E-03 4.286029E+00 9.107002E+00 
1.600706E-01 6.627276E-03 3.336936E-01 1.796167E-01 -1.413382E+00 5.847397E-01 -1.527573E-01 9.589385E-01 2.727633E-02 7.458565E-04 3.812252E+00 8.944718E+00 
1.837599E-01 7.550535E-03 3.423843E-01 1.805969E-01 -1.451353E+00 5.962038E-01 -1.826217E-01 9.192412E-01 2.453927E-02 2.256363E-03 4.346587E+00 1.042691E+01 
1.818522E-01 7.799465E-03 3.580794E-01 1.781412E-01 -1.399080E+00 5.838442E-01 -1.955208E-01 9.183882E-01 2.766354E-02 7.995461E-04 3.942206E+00 8.645200E+00 
1.805354E-01 5.514603E-03 3.359756E-01 1.814173E-01 -1.428565E+00 5.872509E-01 -1.615685E-01 9.478509E-01 2.808965E-02 1.000628E-03 4.006113E+00 8.454751E+00 
1.725857E-01 5.173908E-03 3.388524E-01 1.812981E-01 -1.490741E+00 5.898135E-01 -1.458629E-01 9.688394E-01 2.837723E-02 1.136010E-03 3.945540E+00 8.883227E+00 
1.906857E-01 1.469643E-02 3.268419E-01 1.877506E-01 -1.321584E+00 5.970559E-01 -1.325491E-01 9.285041E-01 2.604363E-02 1.595903E-04 4.945338E+00 8.247146E+00 
1.896935E-01 7.024198E-03 3.353245E-01 1.730540E-01 -1.502292E+00 5.883562E-01 -1.575291E-01 9.600470E-01 2.682711E-02 9.133593E-04 4.145315E+00 7.818712E+00 
1.673640E-01 2.087194E-03 3.335572E-01 1.774293E-01 -1.328126E+00 5.792650E-01 -1.203818E-01 1.045310E+00 3.027178E-02 1.508618E-03 3.983165E+00 9.081292E+00 
1.887816E-01 5.642897E-03 3.329887E-01 1.826153E-01 -1.365602E+00 5.948360E-01 -1.214725E-01 8.625103E-01 3.016839E-02 1.445354E-03 4.028397E+00 9.397830E+00 
1.723149E-01 5.738095E-03 3.583878E-01 1.760840E-01 -1.414053E+00 5.824096E-01 -1.343580E-01 9.423462E-01 2.980840E-02 6.494904E-04 4.298331E+00 9.341580E+00 
1.878476E-01 4.731132E-03 3.344332E-01 1.775280E-01 -1.339256E+00 5.936581E-01 -1.436232E-01 9.254256E-01 2.827720E-02 0.000000E+00 4.181665E+00 8.802577E+00 
1.804303E-01 6.719744E-03 3.874466E-01 1.775322E-01 -1.463518E+00 5.986076E-01 -1.568128E-01 9.188017E-01 3.031918E-02 6.974592E-04 4.182315E+00 8.773371E+00 
1.760991E-01 3.623511E-03 3.066180E-01 1.733460E-01 -1.326307E+00 5.802686E-01 -9.971107E-02 1.123947E+00 2.734749E-02 1.668884E-03 4.140478E+00 8.743086E+00 
1.695329E-01 5.579660E-03 3.444485E-01 1.710061E-01 -1.315412E+00 5.816388E-01 -1.349232E-01 8.986298E-01 2.985914E-02 7.483920E-04 4.026453E+00 8.514105E+00 
1.911926E-01 5.233958E-03 3.247031E-01 1.794627E-01 -1.370280E+00 5.894647E-01 -1.003719E-01 9.425474E-01 2.842291E-02 8.444416E-04 4.180493E+00 8.699403E+00 
1.807787E-01 8.927358E-03 3.425904E-01 1.853943E-01 -1.414844E+00 5.861006E-01 -1.254444E-01 8.553834E-01 2.911053E-02 4.728676E-04 4.380999E+00 8.750832E+00 
1.629671E-01 6.858647E-03 3.534612E-01 1.730097E-01 -1.383001E+00 5.920294E-01 -1.053415E-01 9.091646E-01 3.094566E-02 8.207926E-04 4.244216E+00 8.189088E+00 
1.574312E-01 5.198245E-03 3.520193E-01 1.760208E-01 -1.420128E+00 5.796566E-01 -1.287807E-01 9.383351E-01 2.980144E-02 9.035039E-04 4.028881E+00 9.160563E+00 
1.947245E-01 7.986500E-03 3.604192E-01 1.795218E-01 -1.463795E+00 5.839842E-01 -1.472108E-01 8.879083E-01 2.992981E-02 1.068550E-03 4.044820E+00 9.668949E+00 
1.712298E-01 5.883389E-03 3.128435E-01 1.779323E-01 -1.461181E+00 5.842069E-01 -1.192382E-01 1.032139E+00 2.874747E-02 1.167178E-03 4.106497E+00 9.487813E+00 
1.488544E-01 5.028969E-02 3.482929E-01 1.789967E-01 -1.451064E+00 5.526961E-01 -1.460164E-01 1.045678E+00 3.095043E-02 4.137638E-04 4.163254E+00 9.423656E+00 
1.661782E-01 5.436538E-03 3.300691E-01 1.825047E-01 -1.523759E+00 5.912313E-01 -1.330860E-01 9.313506E-01 2.657015E-02 1.896773E-04 3.878429E+00 8.758381E+00 
1.766048E-01 5.169312E-03 3.388978E-01 1.750656E-01 -1.483046E+00 5.818027E-01 -1.646544E-01 9.698018E-01 2.910599E-02 1.309139E-03 4.010432E+00 8.980739E+00 
1.755433E-01 6.592903E-03 3.653778E-01 1.830298E-01 -1.427551E+00 5.933258E-01 -1.491997E-01 9.279303E-01 2.724541E-02 8.025436E-04 4.139731E+00 8.687899E+00 
1.706185E-01 5.281701E-03 3.273079E-01 1.759893E-01 -1.386151E+00 5.869136E-01 -1.248482E-01 9.513799E-01 2.846004E-02 1.281239E-03 4.119123E+00 9.394212E+00 
1.758274E-01 5.823371E-03 3.183871E-01 1.742772E-01 -1.441711E+00 5.832530E-01 -1.283849E-01 1.021540E+00 2.731799E-02 9.250706E-04 4.104183E+00 8.798514E+00 
1.842939E-01 5.730874E-03 3.458204E-01 1.823471E-01 -1.491874E+00 5.911264E-01 -1.676463E-01 8.856121E-01 2.975577E-02 6.652443E-04 4.159217E+00 8.649638E+00 
1.894103E-01 8.576177E-03 3.387905E-01 1.788326E-01 -1.457254E+00 5.951277E-01 -1.895017E-01 9.129757E-01 2.557309E-02 1.484258E-03 4.367054E+00 8.577023E+00 
1.697626E-01 4.893800E-03 3.495210E-01 1.800912E-01 -1.457770E+00 5.848739E-01 -1.463943E-01 9.243953E-01 2.798266E-02 9.494191E-04 3.967499E+00 8.667708E+00 
1.666919E-01 4.793223E-03 3.372429E-01 1.773456E-01 -1.521063E+00 5.843934E-01 -1.451679E-01 9.645160E-01 2.909707E-02 6.112584E-04 4.013132E+00 9.325962E+00 
1.860054E-01 5.654793E-03 3.132807E-01 1.734213E-01 -1.463205E+00 5.805054E-01 -1.435276E-01 9.575199E-01 2.793873E-02 1.075567E-03 4.207014E+00 8.776619E+00 
1.688826E-01 5.447609E-03 3.314236E-01 1.752720E-01 -1.396378E+00 5.816031E-01 -1.471398E-01 9.573451E-01 2.946436E-02 1.337169E-03 4.108171E+00 8.734352E+00 
1.708574E-01 4.741739E-03 3.272517E-01 1.833493E-01 -1.445047E+00 5.247256E-01 -1.313258E-01 9.330279E-01 3.019423E-02 1.542324E-03 4.404011E+00 9.538286E+00 
1.804850E-01 5.321643E-03 3.366801E-01 1.833544E-01 -1.412367E+00 5.907305E-01 -1.616170E-01 1.016177E+00 2.785802E-02 1.311699E-03 3.903560E+00 9.220981E+00 
1.698147E-01 6.518124E-03 3.431947E-01 1.729306E-01 -1.407040E+00 5.413142E-01 -1.115343E-01 9.423130E-01 2.786343E-02 1.874018E-03 4.001508E+00 8.843482E+00 
1.688486E-01 4.214955E-03 3.175502E-01 1.785178E-01 -1.297333E+00 5.827493E-01 -1.241864E-01 8.869984E-01 2.917295E-02 1.272453E-03 4.297456E+00 8.912514E+00 
1.813807E-01 7.071352E-03 3.411941E-01 1.792708E-01 -1.527352E+00 5.895622E-01 -1.615708E-01 9.818927E-01 2.719775E-02 2.013296E-03 4.279935E+00 8.689165E+00 
1.780905E-01 7.250805E-03 3.511029E-01 1.786391E-01 -1.420713E+00 5.828448E-01 -1.739916E-01 9.779384E-01 3.049610E-02 6.823399E-04 4.026397E+00 8.319391E+00 
1.639483E-01 5.318968E-03 3.150296E-01 1.733203E-01 -1.420403E+00 5.928205E-01 -1.030842E-01 9.761701E-01 2.869772E-02 8.968022E-04 4.229689E+00 9.104083E+00 
1.633733E-01 4.994808E-03 3.532277E-01 1.767317E-01 -1.424348E+00 5.654295E-01 -1.254466E-01 9.169847E-01 2.875529E-02 1.497859E-03 4.092616E+00 9.225900E+00 
1.736117E-01 5.836234E-03 3.456550E-01 1.796381E-01 -1.438257E+00 5.915810E-01 -1.634383E-01 9.695167E-01 2.811588E-02 9.233807E-04 4.190409E+00 8.246331E+00 
1.670593E-01 4.140410E-03 3.452678E-01 1.794792E-01 -1.366677E+00 5.917500E-01 -1.376525E-01 9.442402E-01 2.592072E-02 8.250169E-04 4.250987E+00 8.601311E+00 
1.819926E-01 9.015251E-03 3.465412E-01 1.739108E-01 -1.396997E+00 5.889873E-01 -1.489688E-01 9.793057E-01 2.914264E-02 6.495151E-04 4.367069E+00 9.115120E+00 
1.882088E-01 5.739280E-03 3.429799E-01 1.787134E-01 -1.464803E+00 5.892622E-01 -1.501236E-01 1.123222E+00 2.701487E-02 3.142004E-04 4.148038E+00 8.826908E+00 
1.592453E-01 1.251823E-02 3.412576E-01 1.704104E-01 -1.348218E+00 5.648466E-01 -1.260193E-01 7.786671E-01 2.670922E-02 2.897764E-03 3.880310E+00 9.112953E+00 
1.733591E-01 5.804442E-03 3.253251E-01 1.872858E-01 -1.412282E+00 5.775880E-01 -1.554690E-01 9.177922E-01 2.728283E-02 8.878199E-04 4.235817E+00 8.754106E+00 
1.700028E-01 3.481950E-03 3.518424E-01 1.759171E-01 -1.448773E+00 5.872733E-01 -1.286685E-01 9.051304E-01 3.049044E-02 1.460603E-03 4.167840E+00 8.713880E+00 
1.834758E-01 6.359371E-03 3.527192E-01 1.839418E-01 -1.408707E+00 5.780448E-01 -1.400692E-01 1.016060E+00 2.747472E-02 5.066752E-04 3.995392E+00 8.853594E+00 
1.685308E-01 8.456601E-03 3.216747E-01 1.810832E-01 -1.313816E+00 5.854050E-01 -1.581828E-01 9.733416E-01 2.826755E-02 7.939385E-04 4.213329E+00 1.079851E+01 
1.648379E-01 6.144674E-03 3.255384E-01 1.811414E-01 -1.390493E+00 5.951673E-01 -1.305272E-01 9.374078E-01 2.977943E-02 1.460003E-03 4.193430E+00 7.543496E+00 
1.791127E-01 4.775032E-03 3.402443E-01 1.828134E-01 -1.366055E+00 5.865520E-01 -1.557866E-01 9.419461E-01 2.998084E-02 2.276438E-03 3.887906E+00 9.638637E+00 
1.761056E-01 2.560145E-03 3.465242E-01 1.811416E-01 -1.401684E+00 5.822162E-01 -1.150238E-01 9.666249E-01 2.742053E-02 3.134239E-04 4.155064E+00 8.162916E+00 
1.723989E-01 5.297907E-03 3.367522E-01 1.888686E-01 -1.356781E+00 5.955021E-01 -1.241367E-01 9.440878E-01 2.675000E-02 8.830742E-04 4.024993E+00 7.797936E+00 
1.791062E-01 5.457168E-03 3.387781E-01 1.811499E-01 -1.417499E+00 5.756019E-01 -1.503111E-01 9.395765E-01 2.896265E-02 9.100640E-04 3.757526E+00 9.250685E+00 
1.830726E-01 4.551572E-03 3.598741E-01 1.771265E-01 -1.357328E+00 5.926725E-01 -1.191819E-01 8.766193E-01 2.695914E-02 9.717331E-04 4.234434E+00 8.963597E+00 
1.745271E-01 6.430830E-03 3.621664E-01 1.785264E-01 -1.416077E+00 5.797604E-01 -1.639664E-01 9.652137E-01 2.893722E-02 2.381014E-03 4.117198E+00 8.852110E+00 
1.669976E-01 4.688972E-03 3.403113E-01 1.821172E-01 -1.449897E+00 5.967284E-01 -1.461991E-01 9.521599E-01 2.511671E-02 7.400814E-04 4.265749E+00 7.258136E+00 
1.657122E-01 6.000125E-03 3.402648E-01 1.798965E-01 -1.526202E+00 5.760702E-01 -1.117676E-01 9.098311E-01 2.643430E-02 5.547633E-04 3.822478E+00 8.838821E+00 
1.764408E-01 5.818726E-03 3.470975E-01 1.798233E-01 -1.405952E+00 5.806822E-01 -1.028359E-01 9.292807E-01 2.914502E-02 1.669389E-03 4.322731E+00 9.114679E+00 
1.656321E-01 5.306569E-03 3.446722E-01 1.801753E-01 -1.324372E+00 5.917398E-01 -1.476168E-01 1.011601E+00 2.868930E-02 8.364663E-04 4.149874E+00 8.800823E+00 
1.759831E-01 4.994063E-03 3.286403E-01 1.780003E-01 -1.240562E+00 5.854623E-01 -1.464279E-01 9.757941E-01 2.612597E-02 1.957675E-03 3.907548E+00 9.443943E+00 
1.611824E-01 8.523753E-03 3.404035E-01 1.749089E-01 -1.420931E+00 5.713929E-01 -1.285447E-01 9.300567E-01 2.665705E-02 5.019745E-03 4.043188E+00 9.192248E+00 
1.705483E-01 6.214468E-03 3.364023E-01 1.820779E-01 -1.377194E+00 5.824287E-01 -1.532200E-01 9.309659E-01 2.644233E-02 4.993343E-04 4.175796E+00 9.140178E+00 
1.732759E-01 5.425409E-03 3.272765E-01 1.796579E-01 -1.439921E+00 5.900119E-01 -1.985528E-01 9.736073E-01 2.874935E-02 4.003229E-04 4.526649E+00 7.158415E+00 
1.795842E-01 7.162085E-03 3.470535E-01 1.782960E-01 -1.363940E+00 5.916340E-01 -1.718449E-01 8.935442E-01 2.892264E-02 1.297897E-03 4.048149E+00 8.930896E+00 
1.634169E-01 3.607586E-03 3.417659E-01 1.782146E-01 -1.334855E+00 5.866476E-01 -1.170178E-01 9.426179E-01 2.913748E-02 1.059655E-03 4.333156E+00 8.062726E+00 
1.763524E-01 4.573683E-03 3.399188E-01 1.802052E-01 -1.149933E+00 5.781881E-01 -1.485939E-01 9.363515E-01 2.761341E-02 9.264617E-04 4.370839E+00 8.173763E+00 
1.741820E-01 4.491778E-03 3.502914E-01 1.759712E-01 -1.421377E+00 5.671530E-01 -1.237389E-01 9.591005E-01 2.913739E-02 1.163694E-03 4.153459E+00 9.100663E+00 
1.782747E-01 4.690309E-03 3.395632E-01 1.794833E-01 -1.266829E+00 5.883387E-01 -1.188969E-01 9.409939E-01 2.794767E-02 1.406003E-03 4.174400E+00 9.192879E+00 
1.713588E-01 8.584140E-03 3.333077E-01 1.802873E-01 -1.415500E+00 5.852518E-01 -1.446399E-01 9.587369E-01 2.805240E-02 1.459241E-03 4.451516E+00 8.406696E+00 
1.796405E-01 3.122925E-03 3.514269E-01 1.803293E-01 -1.502424E+00 5.965138E-01 -1.304045E-01 8.804504E-01 2.548132E-02 3.621472E-04 4.137076E+00 9.019705E+00 
1.708976E-01 5.657113E-03 3.243729E-01 1.782133E-01 -1.513284E+00 5.844501E-01 -1.613530E-01 9.615484E-01 2.941713E-02 6.209826E-04 4.076258E+00 8.540634E+00 
1.690559E-01 4.713723E-03 3.077922E-01 1.799806E-01 -1.381691E+00 5.841840E-01 -8.243069E-02 9.300435E-01 2.656968E-02 0.000000E+00 4.290007E+00 8.903091E+00 
1.642284E-01 5.531762E-03 3.459685E-01 1.789104E-01 -1.491452E+00 5.785247E-01 -1.261528E-01 9.294249E-01 2.853512E-02 6.298362E-04 4.086834E+00 9.005033E+00 
1.701659E-01 3.513139E-03 3.562976E-01 1.771029E-01 -1.315147E+00 5.798325E-01 -1.920216E-01 9.990045E-01 2.627767E-02 7.276001E-04 3.994784E+00 9.054916E+00 
1.765816E-01 8.161154E-03 3.364766E-01 1.830672E-01 -1.418961E+00 5.852642E-01 -1.116188E-01 9.256850E-01 2.847977E-02 9.717674E-04 4.233122E+00 8.289356E+00 
1.667698E-01 5.093205E-03 3.255948E-01 1.794845E-01 -1.505983E+00 5.962596E-01 -1.273955E-01 9.316818E-01 2.793512E-02 1.055839E-03 4.183924E+00 9.179023E+00 
1.727625E-01 4.720690E-03 3.195990E-01 1.751336E-01 -1.396804E+00 5.856191E-01 -1.168436E-01 1.012467E+00 3.150275E-02 6.966052E-04 4.360432E+00 8.937787E+00 
1.926505E-01 6.022641E-03 3.403506E-01 1.820478E-01 -1.448346E+00 5.902471E-01 -1.785499E-01 9.184228E-01 2.762221E-02 1.108858E-03 4.292448E+00 9.464447E+00 
1.673248E-01 3.984082E-03 3.561873E-01 1.687998E-01 -1.371476E+00 5.941929E-01 -1.622451E-01 9.393825E-01 2.645798E-02 1.174831E-03 3.756032E+00 1.014264E+01 
1.702086E-01 6.678624E-03 3.408929E-01 1.757184E-01 -1.363801E+00 5.852292E-01 -1.329332E-01 9.977166E-01 2.452639E-02 1.479357E-03 3.918574E+00 9.488936E+00 
1.824573E-01 6.911792E-03 3.497729E-01 1.837115E-01 -1.531566E+00 5.835988E-01 -1.602367E-01 9.652244E-01 2.770945E-02 1.509748E-03 3.906851E+00 9.310733E+00 
1.760009E-01 4.466838E-03 3.498976E-01 1.784347E-01 -1.419507E+00 5.771489E-01 -1.221274E-01 8.820647E-01 2.714473E-02 1.302079E-03 4.363525E+00 8.513757E+00 
1.897415E-01 5.274090E-03 3.489106E-01 1.844714E-01 -1.360879E+00 5.864947E-01 -1.060573E-01 9.401280E-01 2.823606E-02 9.287431E-04 3.910010E+00 9.511913E+00 
1.569075E-01 6.125542E-03 3.389070E-01 1.816564E-01 -1.480224E+00 5.887908E-01 -1.492096E-01 1.005317E+00 2.763550E-02 1.000909E-03 3.871273E+00 7.919680E+00 
1.721113E-01 5.416360E-03 3.451633E-01 1.830124E-01 -1.463626E+00 5.880958E-01 -1.554446E-01 9.066493E-01 2.448123E-02 1.212775E-03 4.252536E+00 9.447132E+00 
1.745307E-01 4.516035E-03 3.431028E-01 1.776539E-01 -1.486395E+00 5.963708E-01 -1.883798E-01 8.968338E-01 2.502170E-02 1.327471E-03 4.448576E+00 1.006696E+01 
