9.262102E-02 2.881149E-02 2.977794E-01 1.832775E-01 -1.068393E+00 5.032207E-01 -4.826477E-02 8.546489E-01 5.014532E-02 1.996322E-02 3.762747E+00 6.283824E+00 
9.905198E-02 4.646210E-02 3.401238E-01 1.600583E-01 -1.252681E+00 5.341344E-01 -9.084220E-02 1.111521E+00 3.867354E-02 3.168325E-03 6.715151E+00 1.044595E+01 
6.610811E-02 4.998406E-02 3.225364E-01 1.376550E-01 -6.436328E-01 3.865178E-01 -1.209142E-01 8.333775E-01 3.646549E-02 2.116185E-02 3.919706E+00 8.399259E+00 
7.997069E-02 4.847403E-02 3.747217E-01 1.464054E-01 -4.066845E-01 3.064915E-01 -1.125523E-01 5.060545E-01 1.799466E-02 2.332264E-02 5.765644E+00 1.159356E+01 
8.185295E-02 7.312250E-02 4.486800E-01 1.413880E-01 -5.119085E-01 3.914973E-01 -1.006071E-01 5.421431E-01 3.160665E-02 3.540535E-02 3.361335E+00 1.448531E+01 
3.112882E-02 9.873920E-02 2.834675E-01 1.526892E-01 -1.195335E+00 4.034746E-01 -2.464370E-02 1.069651E+00 5.606080E-02 1.042659E-02 5.770275E+00 3.856861E+00 
7.167878E-02 8.903924E-02 2.959932E-01 1.695340E-01 -1.132083E+00 3.846196E-01 -5.470411E-02 9.671544E-01 6.479019E-02 1.871316E-02 3.606504E+00 6.086761E+00 
1.130155E-01 4.464259E-02 4.593457E-01 1.477359E-01 -1.092624E+00 4.007638E-01 -1.743182E-02 5.897316E-01 3.664515E-02 9.964907E-03 5.550076E+00 8.158562E+00 
8.894446E-02 6.811708E-02 4.508661E-01 1.376944E-01 -1.058722E+00 3.968399E-01 -1.259058E-01 7.150124E-01 3.535690E-02 8.210261E-03 5.094253E+00 1.531941E+01 
5.592337E-02 6.088674E-02 3.794871E-01 1.478387E-01 -8.546286E-01 6.000000E-01 -1.493925E-01 8.472585E-01 3.973351E-02 3.630591E-02 6.748112E+00 1.369925E+00 
3.307378E-02 7.447911E-02 3.192555E-01 1.449353E-01 -9.555563E-01 4.916357E-01 -5.673375E-02 7.590232E-01 1.243640E-02 2.915119E-02 6.003035E+00 5.830623E+00 
1.177904E-01 3.225321E-02 4.184052E-01 1.334987E-01 -1.058895E+00 4.586120E-01 -9.747030E-02 8.751774E-01 1.870545E-02 2.084332E-02 4.922762E+00 1.299973E+01 
1.057146E-01 6.875246E-02 3.927532E-01 1.550345E-01 -1.067228E+00 4.726647E-01 -6.331434E-02 7.177227E-01 3.219534E-02 2.116538E-02 3.524681E+00 5.638276E+00 
1.612541E-02 6.276269E-02 2.740564E-01 1.224877E-01 -7.257976E-01 3.610287E-01 -7.277292E-02 9.448462E-01 3.734656E-02 5.137521E-03 3.698174E+00 1.401245E+01 
8.091593E-02 6.458021E-02 3.727068E-01 1.546364E-01 -9.265645E-01 5.271261E-01 -1.759006E-01 7.262044E-01 2.664054E-02 4.511885E-02 6.923883E+00 5.674457E+00 
6.336034E-02 5.956305E-02 3.752632E-01 1.389288E-01 -9.323264E-01 3.921345E-01 -5.141349E-02 1.119482E+00 3.180639E-02 3.542144E-02 7.186425E+00 8.662209E+00 
5.799874E-02 6.043947E-02 3.573678E-01 1.437683E-01 -8.445312E-01 3.361698E-01 -2.793203E-02 8.556243E-01 2.260624E-02 2.484279E-02 4.081987E+00 7.072841E+00 
1.237413E-01 6.248773E-02 3.947900E-01 1.398492E-01 -1.129685E+00 2.652334E-01 -6.314137E-02 6.892597E-01 5.816661E-02 1.385857E-02 3.809200E+00 1.475425E+01 
1.230846E-01 8.307136E-02 4.083568E-01 1.456670E-01 -1.100633E+00 5.047001E-01 -1.706337E-01 1.091524E+00 3.790897E-02 1.034401E-02 4.803108E+00 6.383039E+00 
4.986676E-02 5.234058E-02 3.546354E-01 1.779352E-01 -1.301549E+00 3.793162E-01 -1.653145E-02 1.086713E+00 5.039246E-02 7.708346E-03 5.356824E+00 5.922698E+00 
5.119017E-02 5.587239E-02 3.981375E-01 1.437629E-01 -8.685060E-01 5.746874E-01 -1.550793E-01 9.799370E-01 7.296462E-02 2.167739E-02 5.720819E+00 9.144196E+00 
8.514313E-02 4.779929E-02 3.389331E-01 1.804968E-01 -1.039789E+00 4.670546E-01 -6.878092E-02 8.498650E-01 2.958761E-02 9.017737E-03 4.608308E+00 1.315737E+01 
4.020363E-02 6.351514E-02 2.942008E-01 1.164821E-01 -1.288868E+00 5.458178E-01 -8.359713E-02 8.086940E-01 3.506084E-02 9.082337E-03 5.843688E+00 1.373077E+01 
1.327658E-01 4.810432E-02 4.158011E-01 1.763024E-01 -1.238397E+00 5.518071E-01 -9.998485E-02 6.990660E-01 1.588378E-02 1.441637E-02 3.400310E+00 6.077508E+00 
5.506980E-02 5.741253E-02 3.727266E-01 1.442542E-01 -1.148691E+00 5.566508E-01 -3.833812E-02 1.164445E+00 2.638737E-02 2.359264E-02 4.193277E+00 1.432459E+01 
7.420735E-02 5.859430E-02 3.478488E-01 1.470858E-01 -8.997905E-01 4.121517E-01 -1.074378E-01 8.697441E-01 2.126324E-02 2.069935E-02 4.715590E+00 5.825896E+00 
2.614410E-02 6.549478E-02 3.436112E-01 1.409170E-01 -8.491960E-01 3.366082E-01 -1.451812E-01 8.752344E-01 3.047441E-02 2.120262E-02 4.103024E+00 1.793501E+01 
7.369183E-02 9.015076E-02 2.974287E-01 1.389613E-01 -1.763633E+00 4.447455E-01 -1.362563E-01 9.429922E-01 3.690015E-02 2.019354E-02 4.112012E+00 1.640427E+01 
2.156411E-02 4.435306E-02 4.473780E-01 1.248280E-01 -1.118173E+00 2.207190E-01 -3.191411E-02 7.366136E-01 4.123815E-03 1.635682E-02 4.373620E+00 7.024047E+00 
5.674023E-02 5.859994E-02 3.164366E-01 1.609005E-01 -1.321483E+00 5.553147E-01 -8.083588E-02 1.061190E+00 2.749130E-02 1.737000E-02 5.794958E+00 7.820399E+00 
8.613741E-02 3.625004E-02 3.476154E-01 1.568358E-01 -8.997588E-01 5.420569E-01 -1.710148E-01 9.302848E-01 3.163269E-02 1.133628E-02 6.160182E+00 8.677491E+00 
1.005427E-01 4.506600E-02 3.445551E-01 1.428323E-01 -1.083640E+00 4.422781E-01 -1.293685E-01 1.070731E+00 3.713219E-02 3.492111E-03 5.130005E+00 2.826175E+00 
2.470417E-02 3.445539E-02 3.138753E-01 1.447167E-01 -1.056739E+00 4.746379E-01 -1.107885E-01 7.597471E-01 3.541925E-02 2.660518E-02 4.060333E+00 9.400618E+00 
1.093479E-01 5.877998E-02 3.723870E-01 1.512171E-01 -9.670835E-01 4.978608E-01 -7.227794E-02 8.638873E-01 3.282247E-02 1.535444E-02 4.095598E+00 1.297036E+01 
9.902533E-02 5.130374E-02 3.494151E-01 1.531266E-01 -1.343142E+00 5.222438E-01 -1.484002E-01 1.106810E+00 3.037374E-02 2.421664E-02 4.288357E+00 3.494436E+00 
5.425085E-02 1.157564E-02 3.775791E-01 1.833998E-01 -1.291524E+00 3.379406E-01 -3.029892E-02 1.291105E+00 4.254540E-02 1.579090E-02 5.121281E+00 8.641948E+00 
6.522048E-02 4.402140E-02 4.107404E-01 1.420629E-01 -6.135116E-01 4.294237E-01 -1.596732E-01 1.362234E+00 2.637656E-02 2.910245E-02 4.853638E+00 1.046734E+01 
6.783696E-02 4.085669E-02 3.635317E-01 1.387250E-01 -1.180876E+00 4.225223E-01 -6.856348E-02 9.702060E-01 3.477082E-02 4.712456E-03 5.592549E+00 1.519826E+01 
8.896585E-02 3.231915E-02 3.840060E-01 1.631514E-01 -1.406293E+00 3.340981E-01 -3.662383E-02 1.208002E+00 3.828869E-02 0.000000E+00 1.874977E+00 1.161926E+01 
8.058567E-02 4.702787E-02 3.958877E-01 1.409404E-01 -2.054450E-01 3.871640E-01 -5.463462E-02 3.694458E-01 1.421753E-02 2.203680E-02 6.346936E+00 1.499432E+01 
1.286040E-01 6.704224E-02 3.338673E-01 1.392266E-01 -9.706439E-01 4.492753E-01 -8.325296E-02 9.629633E-01 2.337374E-02 2.301723E-02 4.381621E+00 1.192036E+01 
1.102554E-01 5.497177E-02 3.552254E-01 1.303978E-01 -1.196955E+00 2.696045E-01 -9.114863E-02 8.461423E-01 3.039621E-02 5.337804E-02 4.743375E+00 4.226530E+00 
6.671126E-02 6.884073E-02 3.396886E-01 1.411216E-01 -8.427845E-01 3.480104E-01 -3.156920E-02 6.439035E-01 2.925032E-02 2.273652E-02 2.591277E+00 2.279825E+00 
4.039373E-02 3.486737E-02 3.729612E-01 1.253557E-01 -1.329246E+00 3.652713E-01 -1.490720E-02 9.758778E-01 3.858870E-02 7.109641E-03 6.129140E+00 1.036148E+01 
9.137435E-02 7.517421E-02 3.343471E-01 1.477243E-01 -9.198497E-01 4.489439E-01 -1.320056E-01 7.977917E-01 1.759404E-02 1.544117E-02 5.260522E+00 7.712533E+00 
1.213331E-01 1.027854E-01 3.854928E-01 1.524321E-01 -1.025793E+00 5.526352E-01 -1.371815E-01 7.970103E-01 2.999173E-02 1.281228E-02 4.798429E+00 9.977270E-01 
8.167668E-02 7.979077E-02 3.176052E-01 1.377301E-01 -1.579426E+00 4.607553E-01 -4.161899E-02 9.075402E-01 4.689565E-02 1.219187E-02 4.665186E+00 8.145561E+00 
6.839846E-02 5.527382E-02 3.793117E-01 1.317129E-01 -1.208536E+00 4.027305E-01 -1.598696E-01 7.606982E-01 3.020300E-02 2.559005E-02 5.277843E+00 7.949993E+00 
1.167439E-01 7.282649E-02 3.051351E-01 1.300295E-01 -9.170487E-01 3.159070E-01 -4.568957E-02 1.151531E+00 3.447745E-02 1.132541E-02 4.963741E+00 9.368827E+00 
1.018875E-01 2.952725E-02 4.460667E-01 1.614028E-01 -1.143152E+00 5.634690E-01 -8.786004E-02 1.308923E+00 2.960176E-02 2.673957E-02 4.610172E+00 1.204482E+01 
7.584990E-02 7.187856E-02 2.929678E-01 1.696328E-01 -1.299491E+00 5.222252E-01 -8.507402E-02 1.144892E+00 5.253424E-02 1.505379E-02 4.850707E+00 1.258299E+01 
9.984073E-02 3.572678E-02 4.142169E-01 1.365874E-01 -9.982326E-01 4.460144E-01 -1.598317E-01 7.651846E-01 3.596178E-02 1.853686E-02 3.869957E+00 1.145123E+01 
8.366377E-02 2.671625E-02 3.662762E-01 1.544161E-01 -8.336465E-01 3.877826E-01 -3.682504E-02 1.286348E+00 2.808314E-02 2.176533E-02 4.083136E+00 9.875782E+00 
9.180445E-02 6.653224E-02 3.393267E-01 1.609435E-01 -1.082187E+00 4.441546E-01 -1.050840E-01 1.006118E+00 3.080035E-02 2.025618E-02 5.188114E+00 6.402498E+00 
1.252032E-01 4.534234E-02 3.401832E-01 1.737203E-01 -1.264230E+00 4.611285E-01 -6.199289E-02 9.345632E-01 2.665595E-02 2.268275E-02 4.610205E+00 7.695412E+00 
7.215634E-02 4.525233E-02 3.463455E-01 1.467270E-01 -1.767857E+00 3.463004E-01 -2.474612E-02 1.095969E+00 2.046895E-02 1.341094E-02 3.024130E+00 9.025754E+00 
9.250373E-02 2.645313E-02 3.336700E-01 1.303956E-01 -1.520451E+00 3.345499E-01 -7.329768E-02 8.210698E-01 4.464548E-02 3.547128E-03 4.078211E+00 4.993762E+00 
8.644409E-02 5.653001E-02 4.404683E-01 1.532369E-01 -1.243393E+00 2.542172E-01 -7.109444E-02 9.802973E-01 4.217091E-02 1.784146E-02 5.184119E+00 6.810239E+00 
8.121797E-02 1.000000E-04 3.936923E-01 1.458820E-01 -1.059287E+00 4.705397E-01 -8.104734E-02 8.253193E-01 5.194791E-02 4.265956E-02 6.358856E+00 6.718862E+00 
1.020888E-01 6.699874E-02 3.799802E-01 1.418221E-01 -1.163193E+00 3.334523E-01 -5.796688E-02 1.253699E+00 2.612717E-02 2.513585E-02 6.603824E+00 1.177377E+01 
5.153412E-02 7.307895E-02 3.058270E-01 1.276549E-01 -1.488517E+00 2.783024E-01 -6.763590E-02 8.349064E-01 3.536490E-02 2.376131E-02 3.895405E+00 8.236977E+00 
1.892652E-02 7.515257E-02 3.271660E-01 1.377258E-01 -6.732744E-01 3.199022E-01 -3.180004E-02 9.414223E-01 3.298229E-02 1.405911E-02 3.454730E+00 1.635099E+01 
9.705409E-02 7.527429E-02 4.400757E-01 1.427771E-01 -1.227699E+00 4.709813E-01 -5.366269E-02 3.256283E-01 2.435613E-02 1.991102E-02 5.303854E+00 1.292299E+01 
3.639824E-02 3.668749E-02 3.433979E-01 1.379811E-01 -9.143881E-01 3.936457E-01 -3.898796E-02 8.102648E-01 3.605057E-02 1.858793E-02 3.623878E+00 1.023822E+01 
7.153912E-02 6.027284E-02 4.182893E-01 1.461326E-01 -1.082217E+00 5.144991E-01 -6.372147E-02 6.772190E-01 2.854594E-02 5.303767E-03 5.595641E+00 4.123128E+00 
7.447984E-02 6.788699E-02 3.320836E-01 1.519196E-01 -8.284955E-01 4.747378E-01 -6.597952E-02 9.165671E-01 3.616073E-02 1.705538E-02 6.006843E+00 8.377779E+00 
5.659376E-02 3.644447E-02 3.341679E-01 1.289350E-01 -1.007244E+00 3.397913E-01 -1.224014E-01 9.780805E-01 4.018209E-02 1.400000E-02 4.860016E+00 6.320735E+00 
7.084431E-02 5.373869E-02 3.092815E-01 1.442691E-01 -1.852573E+00 4.834882E-01 -1.032358E-01 1.741883E-01 3.220049E-02 1.076953E-02 5.975967E+00 2.000000E+01 
4.725915E-02 9.375512E-02 3.683694E-01 1.612973E-01 -9.891936E-01 4.248601E-01 -3.064225E-02 1.016117E+00 3.959350E-02 2.156809E-02 6.651767E+00 1.459402E+01 
7.002500E-02 1.103095E-01 3.152362E-01 1.317854E-01 -1.016101E+00 4.906568E-01 -1.013353E-01 1.118953E+00 3.246741E-02 1.949314E-02 5.105177E+00 1.042633E+01 
1.127349E-01 2.966228E-02 4.144141E-01 1.655616E-01 -1.362227E+00 5.008911E-01 -1.141354E-01 7.480344E-01 3.402509E-02 2.923508E-02 5.101564E+00 1.025468E+01 
5.727904E-02 6.723925E-02 3.912581E-01 1.199214E-01 -9.407178E-01 3.051611E-01 -1.392238E-02 2.100104E-01 4.453554E-02 3.102898E-02 4.696680E+00 1.458081E+01 
7.768753E-02 6.041036E-02 3.670501E-01 1.369051E-01 -1.548704E+00 3.676322E-01 -9.499183E-02 9.970834E-01 4.077926E-02 8.902528E-03 4.622199E+00 1.592721E+01 
8.223138E-02 5.305884E-03 3.880072E-01 1.573204E-01 -1.260878E+00 4.512128E-01 -9.491532E-02 1.059355E+00 3.409879E-02 1.582475E-02 4.074561E+00 1.362029E+01 
5.472792E-02 5.888991E-02 4.054904E-01 1.427631E-01 -8.210577E-01 2.928840E-01 -8.805577E-02 6.862602E-01 2.550449E-02 8.850626E-03 2.267639E+00 6.902085E+00 
4.412188E-02 6.615346E-02 4.480995E-01 1.384349E-01 -1.700783E+00 5.178379E-01 -1.027588E-01 1.143862E+00 2.025732E-02 3.488662E-02 7.089201E+00 1.311582E+01 
6.237562E-02 3.815673E-02 3.826302E-01 1.365825E-01 -9.561068E-01 4.224484E-01 -3.308109E-02 1.116999E+00 2.138257E-02 2.391512E-02 4.317682E+00 1.113658E+01 
6.451956E-02 6.125900E-02 4.555742E-01 1.718393E-01 -1.245713E+00 4.352142E-01 -2.894299E-02 1.063076E+00 2.677064E-02 3.224981E-02 7.069460E+00 9.644882E+00 
1.315138E-01 5.466027E-02 3.806722E-01 1.505277E-01 -1.012372E+00 4.982959E-01 -4.014772E-02 9.624285E-01 3.422128E-02 1.495533E-02 3.694412E+00 1.228602E+01 
7.913348E-02 3.223463E-02 2.601605E-01 1.708381E-01 -8.906032E-01 3.710367E-01 -1.131071E-01 8.568088E-01 2.504358E-02 1.331765E-02 4.184678E+00 9.431242E+00 
7.250041E-02 5.130488E-02 3.885827E-01 1.462484E-01 -1.590975E+00 3.863057E-01 -3.704361E-02 6.172052E-01 4.232942E-02 5.383720E-03 4.301355E+00 1.268778E+01 
9.135372E-02 4.949370E-02 4.188212E-01 1.188098E-01 -1.231779E+00 4.491070E-01 -1.752359E-01 7.206051E-01 3.173196E-02 1.854366E-02 5.010062E+00 7.265737E+00 
8.485206E-02 3.615052E-02 2.650732E-01 1.740127E-01 -1.072927E+00 4.458715E-01 -5.688067E-02 1.155427E+00 3.175983E-02 3.815844E-03 4.974054E+00 4.394719E+00 
6.799937E-02 5.199156E-02 4.272377E-01 1.339597E-01 -7.769990E-01 4.331583E-01 -8.850301E-02 8.531497E-01 4.259028E-02 2.251106E-02 4.778068E+00 1.267771E+01 
3.848315E-02 5.488827E-02 3.041905E-01 1.553678E-01 -1.323198E+00 3.316668E-01 -2.478246E-02 1.054901E+00 3.179554E-02 1.902217E-02 5.004193E+00 1.289724E+01 
8.177735E-02 8.040671E-02 4.211470E-01 1.594904E-01 -9.871203E-01 3.789926E-01 -1.916000E-01 9.544056E-01 3.789988E-02 1.629386E-02 2.868859E+00 1.123843E+01 
3.282566E-02 3.233679E-02 2.953178E-01 1.591215E-01 -1.326510E+00 3.886012E-01 -1.232147E-01 1.342509E+00 5.790537E-02 2.986404E-02 4.717934E+00 9.290028E+00 
8.613904E-02 7.012211E-02 2.759198E-01 1.652280E-01 -1.292424E+00 5.126772E-01 -8.494137E-02 8.398315E-01 3.753480E-02 5.806732E-03 5.222756E+00 1.176043E+01 
1.149541E-01 6.244286E-02 3.912833E-01 1.517826E-01 -1.525542E+00 4.910071E-01 -1.804305E-01 9.742748E-01 2.146285E-02 2.013947E-02 7.108649E+00 4.182082E+00 
7.985983E-02 7.335045E-02 3.094135E-01 1.457218E-01 -1.513562E+00 4.394946E-01 -7.683479E-02 1.050342E+00 3.359363E-02 1.436241E-03 5.768990E+00 3.116822E+00 
5.287525E-02 6.130781E-02 3.517276E-01 1.424657E-01 -1.353396E+00 4.364448E-01 -1.659365E-01 7.926795E-01 2.978720E-02 4.824659E-03 5.515033E+00 4.716025E+00 
4.804746E-02 4.433017E-02 3.237120E-01 1.690849E-01 -1.486103E+00 3.505912E-01 -2.148992E-02 9.476857E-01 3.482907E-02 2.859449E-03 5.270057E+00 8.187525E+00 
5.123568E-02 5.967615E-02 3.561389E-01 1.420470E-01 -9.431579E-01 4.007448E-01 -1.212009E-01 1.155222E+00 5.168107E-02 2.508191E-02 4.203812E+00 8.394336E+00 
3.110110E-02 9.567891E-02 3.600278E-01 1.401098E-01 -1.044135E+00 3.766061E-01 -4.668412E-02 1.028960E+00 3.117821E-02 1.768153E-02 5.054612E+00 1.332053E+01 
6.004082E-02 8.289216E-02 2.916030E-01 1.549644E-01 -1.472704E+00 3.770000E-01 -7.289402E-02 8.291226E-01 3.772178E-02 1.022456E-02 3.910076E+00 6.739406E+00 
9.299531E-02 6.503113E-02 4.354225E-01 1.658251E-01 -1.262568E+00 5.463643E-01 -1.502025E-01 9.148816E-01 3.449524E-02 1.172124E-02 5.707731E+00 1.113637E+01 
8.942953E-02 6.280095E-02 3.907499E-01 1.556096E-01 -1.169142E+00 4.257957E-01 -1.254897E-01 7.830371E-01 2.489675E-02 1.364257E-02 3.060968E+00 1.010537E+01 
