1.605272E-01 2.845377E-03 3.497583E-01 1.787452E-01 -1.476211E+00 5.901776E-01 -1.429551E-01 9.857807E-01 2.817901E-02 5.195548E-04 4.148183E+00 8.903338E+00 
1.878432E-01 3.986227E-03 3.429565E-01 1.799096E-01 -1.338815E+00 5.811323E-01 -1.348737E-01 1.056078E+00 2.667131E-02 1.996521E-03 4.305849E+00 9.528464E+00 
1.673283E-01 5.921382E-03 3.432327E-01 1.797837E-01 -1.467860E+00 5.817490E-01 -1.108648E-01 9.809122E-01 2.865508E-02 4.108616E-04 4.177478E+00 7.129049E+00 
1.863004E-01 4.128805E-03 3.431701E-01 1.733528E-01 -1.400642E+00 5.925792E-01 -1.726207E-01 9.128641E-01 2.926696E-02 1.114678E-03 4.005409E+00 8.873937E+00 
1.723285E-01 6.193124E-03 3.313591E-01 1.768727E-01 -1.481380E+00 5.954253E-01 -1.508012E-01 8.701259E-01 2.741600E-02 7.450285E-04 4.048749E+00 9.176438E+00 
1.798775E-01 5.819832E-03 3.318461E-01 1.799342E-01 -1.424843E+00 5.885327E-01 -1.289928E-01 9.459104E-01 2.920169E-02 2.738737E-04 4.233197E+00 8.039274E+00 
1.754352E-01 4.967422E-03 3.424386E-01 1.817753E-01 -1.480581E+00 5.857055E-01 -1.554185E-01 9.264681E-01 2.794400E-02 1.109336E-03 4.187329E+00 9.044121E+00 
1.387684E-01 4.963302E-03 3.325491E-01 1.749741E-01 -1.430388E+00 5.864286E-01 -1.605320E-01 1.066331E+00 2.801701E-02 1.599377E-03 4.149800E+00 9.764028E+00 
1.764922E-01 5.099309E-03 3.132506E-01 1.774187E-01 -1.334725E+00 5.904729E-01 -1.199961E-01 9.621218E-01 2.876905E-02 1.649391E-03 4.098817E+00 9.016800E+00 
1.612297E-01 6.269794E-03 3.497534E-01 1.744136E-01 -1.200130E+00 6.000000E-01 -1.839007E-01 9.122684E-01 2.867652E-02 1.747819E-04 4.396447E+00 8.827935E+00 
1.651231E-01 5.399469E-03 3.391846E-01 1.788746E-01 -1.488130E+00 5.925828E-01 -1.271130E-01 9.333689E-01 2.905367E-02 2.399507E-04 4.244619E+00 8.585013E+00 
1.711785E-01 5.019395E-03 3.559852E-01 1.767490E-01 -1.353444E+00 5.874941E-01 -1.275688E-01 9.452083E-01 2.602205E-02 0.000000E+00 3.571127E+00 8.773194E+00 
1.850168E-01 4.736948E-03 3.228500E-01 1.881078E-01 -1.409818E+00 6.000000E-01 -1.465527E-01 9.204591E-01 2.815099E-02 7.256741E-04 4.069800E+00 8.912507E+00 
1.760612E-01 5.116320E-03 3.448270E-01 1.804442E-01 -1.470793E+00 5.907764E-01 -1.409555E-01 9.134475E-01 3.066247E-02 6.616870E-04 4.232374E+00 8.812657E+00 
1.734692E-01 6.604845E-03 3.451052E-01 1.717028E-01 -1.474745E+00 5.897225E-01 -1.540995E-01 8.830530E-01 2.897802E-02 1.376385E-03 4.161639E+00 9.399658E+00 
1.816128E-01 5.642743E-03 3.444003E-01 1.785764E-01 -1.401927E+00 5.943282E-01 -1.775112E-01 9.731806E-01 2.831230E-02 8.765374E-04 4.201507E+00 9.657441E+00 
1.725147E-01 6.734475E-03 3.122674E-01 1.771637E-01 -1.360971E+00 5.813485E-01 -1.287497E-01 9.634675E-01 3.141136E-02 1.763014E-03 3.910684E+00 9.638312E+00 
1.747836E-01 5.357459E-03 3.452809E-01 1.829477E-01 -1.473068E+00 5.909510E-01 -1.291509E-01 9.820810E-01 2.772934E-02 1.038908E-03 4.224094E+00 8.213512E+00 
1.727683E-01 2.901186E-03 3.288203E-01 1.780573E-01 -1.262690E+00 5.923266E-01 -1.557943E-01 9.204081E-01 2.587634E-02 7.462992E-04 3.330028E+00 8.520416E+00 
1.858250E-01 6.796267E-03 3.553895E-01 1.763705E-01 -1.349475E+00 5.775396E-01 -1.345377E-01 9.628758E-01 2.812194E-02 6.959640E-04 4.262848E+00 8.815737E+00 
1.673450E-01 5.683711E-03 3.551018E-01 1.825784E-01 -1.409697E+00 5.943193E-01 -1.440592E-01 9.406284E-01 2.857133E-02 1.188077E-03 4.279001E+00 8.798611E+00 
1.699720E-01 5.822977E-03 3.424761E-01 1.843329E-01 -1.497554E+00 5.847983E-01 -1.503288E-01 9.559405E-01 2.821550E-02 1.706062E-03 4.227526E+00 8.906375E+00 
1.791561E-01 5.075407E-03 3.456274E-01 1.850449E-01 -1.350665E+00 5.879945E-01 -1.417029E-01 8.994884E-01 2.903038E-02 3.007226E-04 4.257345E+00 9.025405E+00 
1.792453E-01 3.595043E-03 3.641751E-01 1.785037E-01 -1.455917E+00 5.900699E-01 -1.735000E-01 9.610264E-01 2.840767E-02 2.543913E-04 3.468561E+00 8.526920E+00 
1.898377E-01 4.175909E-03 3.430253E-01 1.895844E-01 -1.419473E+00 5.235070E-01 -1.647063E-01 9.664588E-01 2.849624E-02 1.731427E-03 4.034272E+00 8.625203E+00 
1.879128E-01 4.648689E-03 3.419282E-01 1.788537E-01 -1.388751E+00 5.938208E-01 -1.585833E-01 9.350248E-01 2.898341E-02 1.617436E-03 3.624012E+00 8.600003E+00 
1.391505E-01 6.077219E-03 3.430623E-01 1.754122E-01 -1.523777E+00 5.841480E-01 -1.065828E-01 9.636174E-01 2.742449E-02 4.561923E-03 4.207117E+00 1.025616E+01 
1.658239E-01 4.403278E-03 3.319923E-01 1.768808E-01 -1.436677E+00 5.808758E-01 -1.429963E-01 9.791002E-01 2.800201E-02 8.832608E-04 3.424434E+00 9.057151E+00 
1.763597E-01 4.752373E-03 3.364880E-01 1.862360E-01 -1.409633E+00 5.860104E-01 -1.430052E-01 9.412618E-01 2.938460E-02 1.567977E-03 4.106407E+00 9.063073E+00 
1.748637E-01 5.519494E-03 3.203185E-01 1.797553E-01 -1.386431E+00 5.900184E-01 -1.519299E-01 9.630424E-01 2.792697E-02 5.547139E-04 4.199501E+00 9.044455E+00 
1.772407E-01 7.578914E-03 3.468175E-01 1.864783E-01 -1.398906E+00 5.838092E-01 -1.564047E-01 9.541005E-01 3.026491E-02 8.432629E-04 3.874900E+00 8.870179E+00 
1.728404E-01 6.957582E-03 3.423253E-01 1.745249E-01 -1.370762E+00 5.887315E-01 -1.747067E-01 9.442598E-01 3.033633E-02 1.416818E-03 4.047698E+00 7.976811E+00 
1.823738E-01 5.387941E-03 3.248411E-01 1.818128E-01 -1.395351E+00 6.000000E-01 -1.360000E-01 9.094784E-01 3.053019E-02 0.000000E+00 3.767255E+00 8.848840E+00 
1.832236E-01 5.919996E-03 3.127723E-01 1.833033E-01 -1.415172E+00 5.957771E-01 -1.308708E-01 8.781520E-01 2.696187E-02 1.140584E-03 4.256388E+00 7.920452E+00 
1.802527E-01 6.530462E-03 3.391306E-01 1.715611E-01 -1.483041E+00 5.912159E-01 -1.266241E-01 9.547096E-01 2.627541E-02 6.240056E-04 4.189547E+00 8.993838E+00 
1.724130E-01 3.050791E-03 3.127916E-01 1.772783E-01 -1.396698E+00 5.795150E-01 -1.348816E-01 9.531627E-01 2.930470E-02 7.889655E-04 3.855575E+00 9.032541E+00 
1.814922E-01 4.521092E-03 3.185661E-01 1.785747E-01 -1.355908E+00 5.960885E-01 -1.568809E-01 9.522513E-01 2.927829E-02 7.551802E-04 4.195093E+00 8.913409E+00 
1.608263E-01 5.099245E-03 3.564703E-01 1.772158E-01 -1.318473E+00 5.867745E-01 -1.552436E-01 8.882401E-01 2.433745E-02 1.771756E-03 3.881165E+00 9.326517E+00 
1.790072E-01 3.240575E-03 3.158574E-01 1.768281E-01 -1.392677E+00 5.813948E-01 -1.443637E-01 9.149658E-01 2.652647E-02 1.243608E-03 4.158534E+00 9.818817E+00 
1.768026E-01 4.480914E-03 3.258476E-01 1.800132E-01 -1.293339E+00 5.872372E-01 -1.174317E-01 9.598527E-01 2.689182E-02 1.212810E-03 4.067759E+00 8.405915E+00 
2.000000E-01 1.000000E-04 3.443048E-01 1.788238E-01 -1.451425E+00 6.000000E-01 -1.338736E-01 8.693805E-01 2.861415E-02 0.000000E+00 4.861198E+00 8.814809E+00 
1.667246E-01 5.373026E-03 3.426173E-01 1.751091E-01 -1.397524E+00 5.597089E-01 -1.242542E-01 9.811985E-01 2.847551E-02 3.136523E-04 4.634503E+00 8.967604E+00 
1.908446E-01 5.226270E-03 3.481272E-01 1.763512E-01 -1.400540E+00 5.877336E-01 -1.429741E-01 9.616921E-01 2.797230E-02 6.134780E-04 4.160200E+00 8.954488E+00 
1.772476E-01 6.054062E-03 3.525678E-01 1.733813E-01 -1.470037E+00 5.965903E-01 -1.494458E-01 1.026444E+00 2.589757E-02 1.062342E-03 4.217152E+00 9.212422E+00 
1.721894E-01 5.273245E-03 3.441502E-01 1.780992E-01 -1.272551E+00 5.808314E-01 -1.298480E-01 9.553695E-01 2.791889E-02 9.133736E-04 4.475294E+00 8.822227E+00 
1.799892E-01 5.880070E-03 3.408006E-01 1.800130E-01 -1.441430E+00 5.907473E-01 -1.643488E-01 9.845387E-01 2.861580E-02 8.984995E-04 4.225622E+00 9.425549E+00 
1.754357E-01 6.476206E-03 3.260501E-01 1.752115E-01 -1.404430E+00 6.000000E-01 -1.560361E-01 9.595777E-01 2.977556E-02 1.604302E-03 4.337308E+00 8.549755E+00 
1.659136E-01 4.880585E-03 3.197585E-01 1.783350E-01 -1.433526E+00 5.822666E-01 -1.294425E-01 9.358066E-01 2.893684E-02 2.674824E-04 4.095414E+00 8.864842E+00 
1.741348E-01 4.723106E-03 3.395512E-01 1.787703E-01 -1.425135E+00 5.693034E-01 -1.414002E-01 9.691910E-01 2.687421E-02 1.253797E-03 4.188998E+00 8.039582E+00 
1.685106E-01 7.543645E-03 3.425210E-01 1.816593E-01 -1.500845E+00 5.931272E-01 -1.490389E-01 1.022396E+00 2.859777E-02 5.368815E-04 4.278146E+00 9.226218E+00 
1.807792E-01 6.787577E-03 3.526724E-01 1.745741E-01 -1.480925E+00 5.906572E-01 -1.926162E-01 9.038559E-01 2.790163E-02 7.228752E-04 3.914934E+00 8.823383E+00 
1.753960E-01 4.700351E-03 3.392147E-01 1.757557E-01 -1.492605E+00 5.981307E-01 -1.398592E-01 9.414051E-01 2.681486E-02 1.111274E-03 4.263630E+00 9.067204E+00 
1.915876E-01 6.446956E-03 3.297729E-01 1.785111E-01 -1.396184E+00 5.862587E-01 -1.356907E-01 9.573501E-01 2.874810E-02 4.845995E-04 3.986259E+00 9.513126E+00 
1.698844E-01 4.708282E-03 3.419629E-01 1.823391E-01 -1.352628E+00 5.865396E-01 -1.814136E-01 9.929547E-01 2.927956E-02 7.748912E-04 4.221281E+00 8.803478E+00 
1.718931E-01 4.287706E-03 3.258001E-01 1.800331E-01 -1.196512E+00 5.939985E-01 -1.455945E-01 9.570138E-01 2.601740E-02 8.628190E-06 4.078603E+00 7.776436E+00 
1.829861E-01 1.109865E-02 3.183860E-01 1.844636E-01 -1.440243E+00 5.817346E-01 -1.225060E-01 9.433783E-01 2.641251E-02 9.239511E-04 4.173423E+00 7.841243E+00 
1.730922E-01 4.811395E-03 3.429339E-01 1.805046E-01 -1.432540E+00 5.848786E-01 -1.471200E-01 9.418608E-01 2.753636E-02 3.677468E-04 4.159677E+00 8.865160E+00 
1.689572E-01 4.787098E-03 3.169967E-01 1.797960E-01 -1.365872E+00 5.859668E-01 -1.145852E-01 1.062407E+00 2.790815E-02 8.892878E-04 4.305740E+00 8.945284E+00 
1.797002E-01 5.252496E-03 3.051453E-01 1.774685E-01 -1.379161E+00 5.812691E-01 -1.286928E-01 9.446773E-01 3.142515E-02 1.512498E-03 4.077970E+00 9.171953E+00 
1.718534E-01 1.963503E-03 3.351112E-01 1.784501E-01 -1.422913E+00 5.803554E-01 -1.604318E-01 9.357096E-01 2.747537E-02 2.967303E-04 3.946146E+00 9.318625E+00 
1.852075E-01 8.593943E-03 3.396026E-01 1.792987E-01 -1.318379E+00 5.869829E-01 -1.743601E-01 9.432838E-01 3.179116E-02 8.804659E-04 4.431643E+00 9.057187E+00 
1.740553E-01 5.291731E-03 3.582875E-01 1.821758E-01 -1.479570E+00 5.889520E-01 -1.899273E-01 9.274806E-01 2.842038E-02 1.494453E-03 4.451046E+00 7.956155E+00 
1.687666E-01 3.962914E-03 3.453756E-01 1.790303E-01 -1.397960E+00 5.946045E-01 -1.930739E-01 9.351537E-01 2.580882E-02 1.276036E-03 4.664862E+00 9.366689E+00 
4.116324E-02 1.456589E-02 3.300306E-01 1.807628E-01 -1.380588E+00 3.312944E-01 -9.551918E-02 1.030144E+00 2.891618E-02 4.161016E-03 3.991433E+00 8.357134E+00 
1.812622E-01 2.987970E-03 3.456971E-01 1.822553E-01 -1.358434E+00 5.885980E-01 -1.404284E-01 9.506044E-01 2.752503E-02 2.184873E-04 4.001605E+00 7.769923E+00 
1.828672E-01 8.525685E-03 3.451515E-01 1.824670E-01 -1.345905E+00 5.907237E-01 -1.770841E-01 9.501978E-01 2.724986E-02 2.922777E-04 4.326669E+00 8.910212E+00 
1.785124E-01 5.361203E-03 3.133745E-01 1.778849E-01 -1.492932E+00 5.831317E-01 -1.353282E-01 9.607681E-01 2.717317E-02 1.286109E-03 4.236854E+00 8.795606E+00 
1.688009E-01 6.383284E-03 3.393551E-01 1.810222E-01 -1.437144E+00 5.793846E-01 -1.691252E-01 9.247841E-01 2.702413E-02 6.657121E-04 4.086605E+00 8.590466E+00 
1.627127E-01 6.534651E-03 3.500562E-01 1.785121E-01 -1.350931E+00 5.878813E-01 -1.580644E-01 9.406546E-01 2.813130E-02 1.497316E-03 4.238300E+00 9.010523E+00 
1.712926E-01 4.258067E-03 3.352410E-01 1.837099E-01 -1.442109E+00 5.892798E-01 -1.138466E-01 8.995411E-01 2.511569E-02 1.575444E-04 4.192686E+00 8.527188E+00 
1.797024E-01 3.792036E-03 3.442315E-01 1.765345E-01 -1.483541E+00 5.869332E-01 -1.734915E-01 8.721286E-01 2.688963E-02 9.822234E-04 4.095893E+00 7.896384E+00 
1.781328E-01 5.102305E-03 3.483068E-01 1.763241E-01 -1.446159E+00 5.868452E-01 -1.237112E-01 9.540181E-01 2.882494E-02 7.273160E-04 4.279881E+00 9.086907E+00 
1.738684E-01 5.498633E-03 3.296449E-01 1.809998E-01 -1.481379E+00 5.858993E-01 -1.189809E-01 9.992813E-01 3.162334E-02 3.566817E-04 4.050149E+00 9.001821E+00 
1.708225E-01 4.532806E-03 3.279536E-01 1.785860E-01 -1.567561E+00 5.842084E-01 -1.276910E-01 9.326635E-01 2.903236E-02 7.300349E-04 4.201477E+00 8.563883E+00 
1.591351E-01 4.698284E-03 3.502163E-01 1.806270E-01 -1.435363E+00 5.866258E-01 -1.423538E-01 1.012572E+00 2.821491E-02 2.523626E-04 4.081448E+00 8.221383E+00 
1.592000E-01 6.562592E-03 3.249126E-01 1.817329E-01 -1.447379E+00 5.791340E-01 -1.314888E-01 9.943183E-01 3.069107E-02 1.121178E-03 4.103365E+00 9.141145E+00 
1.786683E-01 4.835724E-03 3.175577E-01 1.795953E-01 -1.472749E+00 5.833100E-01 -1.400789E-01 9.467770E-01 2.717523E-02 9.353426E-04 4.231085E+00 8.622061E+00 
1.687030E-01 1.410792E-03 3.646622E-01 1.846562E-01 -1.515194E+00 5.930404E-01 -1.409653E-01 9.584647E-01 2.797191E-02 8.633375E-04 4.324697E+00 8.782016E+00 
1.662922E-01 4.387730E-03 3.289485E-01 1.803190E-01 -1.511341E+00 5.923361E-01 -1.261311E-01 9.916857E-01 2.767331E-02 0.000000E+00 4.342903E+00 8.881134E+00 
1.866404E-01 8.773814E-03 3.554321E-01 1.777239E-01 -1.417492E+00 5.889566E-01 -1.927045E-01 8.629477E-01 2.976780E-02 3.549429E-05 4.351861E+00 8.935804E+00 
1.767397E-01 2.384182E-03 3.549558E-01 1.777203E-01 -1.439083E+00 5.918722E-01 -1.643160E-01 9.028388E-01 2.943980E-02 1.904756E-03 4.438424E+00 8.858795E+00 
1.755533E-01 5.740704E-03 3.251230E-01 1.790326E-01 -1.419415E+00 5.897845E-01 -1.327786E-01 9.495988E-01 2.737062E-02 3.454472E-04 3.866597E+00 9.106031E+00 
1.633435E-01 4.272466E-03 3.504197E-01 1.752795E-01 -1.336634E+00 5.850103E-01 -1.095310E-01 9.106386E-01 2.804610E-02 1.616850E-03 4.387751E+00 8.987541E+00 
1.620468E-01 7.298161E-03 3.528772E-01 1.740926E-01 -1.462485E+00 5.878489E-01 -1.748513E-01 9.478238E-01 2.783094E-02 8.066805E-04 3.970874E+00 8.104350E+00 
1.757228E-01 5.873678E-03 3.065500E-01 1.794806E-01 -1.342572E+00 5.810470E-01 -1.391627E-01 9.571123E-01 2.815229E-02 2.550823E-04 4.051084E+00 7.895230E+00 
1.711493E-01 5.853389E-03 3.354429E-01 1.810778E-01 -1.435492E+00 5.874166E-01 -1.493205E-01 9.375012E-01 2.657880E-02 1.129066E-03 4.226878E+00 9.205383E+00 
1.621020E-01 1.267636E-02 3.454869E-01 1.789233E-01 -1.364942E+00 5.903734E-01 -1.547861E-01 9.818938E-01 2.894488E-02 3.042732E-03 4.320260E+00 8.998959E+00 
1.720883E-01 7.110233E-03 3.429819E-01 1.807434E-01 -1.437718E+00 5.888723E-01 -1.306206E-01 9.345121E-01 2.670124E-02 1.164635E-03 4.016635E+00 9.272981E+00 
1.652454E-01 4.294329E-03 3.341974E-01 1.782026E-01 -1.401637E+00 5.688880E-01 -1.395631E-01 9.510306E-01 2.773785E-02 1.349450E-03 4.209134E+00 8.574442E+00 
1.742426E-01 5.017532E-03 3.438898E-01 1.814934E-01 -1.434472E+00 5.844862E-01 -1.422763E-01 9.581545E-01 2.891686E-02 9.799566E-04 4.162393E+00 7.841236E+00 
1.722705E-01 6.997826E-03 3.248924E-01 1.807752E-01 -1.390129E+00 5.857293E-01 -1.583401E-01 9.399987E-01 2.886344E-02 8.590121E-04 4.106308E+00 8.645661E+00 
1.721513E-01 4.295951E-03 3.202708E-01 1.788387E-01 -1.437889E+00 5.910208E-01 -1.211274E-01 9.364114E-01 2.700975E-02 6.778787E-04 4.384687E+00 1.023733E+01 
1.775349E-01 6.031213E-03 3.243323E-01 1.767775E-01 -1.382841E+00 5.896360E-01 -1.870353E-01 9.380098E-01 2.729939E-02 7.910360E-04 4.335229E+00 8.038971E+00 
1.686917E-01 5.466950E-03 3.465270E-01 1.811645E-01 -1.375865E+00 5.728312E-01 -1.244106E-01 9.450255E-01 2.687282E-02 9.980697E-04 4.017922E+00 8.471626E+00 
1.465240E-01 5.857267E-03 3.260876E-01 1.796453E-01 -1.270938E+00 5.746867E-01 -1.235602E-01 9.773310E-01 2.743573E-02 7.703292E-03 4.041854E+00 7.754563E+00 
1.650472E-01 5.507265E-03 3.269333E-01 1.788153E-01 -1.341742E+00 5.877366E-01 -1.118502E-01 9.549265E-01 2.771184E-02 1.159777E-03 4.587541E+00 8.741111E+00 
1.870918E-01 5.834600E-03 3.368204E-01 1.780346E-01 -1.313481E+00 5.968205E-01 -1.627895E-01 9.542980E-01 2.764439E-02 8.368722E-04 4.217033E+00 7.890216E+00 
1.570810E-01 4.062722E-03 3.165662E-01 1.776697E-01 -1.355277E+00 5.766184E-01 -1.102865E-01 9.248323E-01 2.826533E-02 1.140456E-03 4.007214E+00 8.840793E+00 
1.831634E-01 6.046501E-03 3.383796E-01 1.799548E-01 -1.397236E+00 5.933006E-01 -1.126624E-01 8.826378E-01 2.920002E-02 1.195212E-03 4.219502E+00 9.165788E+00 
1.791028E-01 4.756280E-03 3.474280E-01 1.793582E-01 -1.328940E+00 5.839681E-01 -1.119129E-01 9.460825E-01 2.897111E-02 8.793699E-04 4.464960E+00 8.943122E+00 
1.595818E-01 7.974143E-03 3.362320E-01 1.767238E-01 -1.482823E+00 5.919200E-01 -1.482471E-01 9.764706E-01 2.997555E-02 8.531513E-04 4.153245E+00 8.212784E+00 
1.848461E-01 5.654617E-03 3.475330E-01 1.794966E-01 -1.422915E+00 5.857560E-01 -1.594721E-01 9.367241E-01 2.817766E-02 8.295911E-04 4.026259E+00 8.933395E+00 
1.701157E-01 4.683142E-03 3.501871E-01 1.826611E-01 -1.369129E+00 5.857620E-01 -1.404790E-01 9.206150E-01 2.712080E-02 6.600366E-04 4.208636E+00 8.806154E+00 
1.647483E-01 4.499200E-03 3.372052E-01 1.788037E-01 -1.553955E+00 5.921899E-01 -1.598957E-01 8.877267E-01 2.609946E-02 5.438752E-05 3.902219E+00 8.503262E+00 
1.670337E-01 7.722588E-03 3.224186E-01 1.838121E-01 -1.359911E+00 5.857142E-01 -1.731163E-01 9.233387E-01 2.805106E-02 8.837938E-04 4.239547E+00 1.004530E+01 
1.664382E-01 4.788398E-03 3.428039E-01 1.747183E-01 -1.397331E+00 5.835087E-01 -1.554650E-01 9.845227E-01 2.986294E-02 1.011938E-03 4.057452E+00 9.365940E+00 
1.656600E-01 2.921997E-03 3.380373E-01 1.793983E-01 -1.356724E+00 5.855033E-01 -1.506302E-01 9.513603E-01 2.822888E-02 7.959378E-04 3.551523E+00 8.706957E+00 
1.820205E-01 5.151039E-03 3.419235E-01 1.850599E-01 -1.411203E+00 6.000000E-01 -1.435992E-01 9.557781E-01 2.687400E-02 4.737258E-04 4.246079E+00 8.435262E+00 
1.731275E-01 5.853552E-03 3.563101E-01 1.812187E-01 -1.434704E+00 6.000000E-01 -1.558998E-01 9.092930E-01 2.605355E-02 5.631820E-04 4.299236E+00 8.792025E+00 
1.645749E-01 5.150244E-03 3.299065E-01 1.776384E-01 -1.316061E+00 5.941301E-01 -1.420442E-01 1.007206E+00 2.733487E-02 6.426186E-04 4.043340E+00 9.073342E+00 
1.741878E-01 4.466249E-03 3.484754E-01 1.740228E-01 -1.442842E+00 5.745151E-01 -1.257273E-01 9.345851E-01 2.863069E-02 3.570962E-04 3.973150E+00 8.940229E+00 
1.794611E-01 6.098240E-03 3.147892E-01 1.820098E-01 -1.414079E+00 5.636706E-01 -1.227723E-01 9.646141E-01 3.084364E-02 9.705777E-04 4.250604E+00 9.550623E+00 
1.776675E-01 3.080175E-03 3.514301E-01 1.760699E-01 -1.431733E+00 5.891670E-01 -1.562963E-01 9.798833E-01 2.844195E-02 2.670224E-04 4.215468E+00 8.661012E+00 
1.773435E-01 6.193981E-03 3.144463E-01 1.750229E-01 -1.410687E+00 5.888231E-01 -1.488990E-01 9.409363E-01 2.666972E-02 1.151689E-03 4.058939E+00 8.745410E+00 
1.739796E-01 7.140588E-03 3.419923E-01 1.795483E-01 -1.480082E+00 5.903203E-01 -1.407158E-01 9.930464E-01 2.744262E-02 1.016002E-03 4.128680E+00 8.185462E+00 
1.780401E-01 5.865578E-03 3.327959E-01 1.791978E-01 -1.313403E+00 5.833562E-01 -1.680075E-01 9.850957E-01 2.963013E-02 2.653396E-04 4.145142E+00 8.320511E+00 
1.876395E-01 2.725008E-03 3.376002E-01 1.778022E-01 -1.578362E+00 5.968839E-01 -1.518093E-01 9.073130E-01 2.676778E-02 2.050297E-04 4.152966E+00 7.938849E+00 
1.962199E-01 4.939249E-03 3.445339E-01 1.799989E-01 -1.391740E+00 5.862770E-01 -1.367196E-01 9.444511E-01 2.849285E-02 9.226183E-04 4.275164E+00 8.658009E+00 
1.810068E-01 3.736495E-03 3.489700E-01 1.771271E-01 -1.438918E+00 5.940136E-01 -1.374010E-01 9.261201E-01 3.069938E-02 7.852278E-04 4.139749E+00 8.307878E+00 
1.758273E-01 5.997298E-03 3.523731E-01 1.782665E-01 -1.379070E+00 5.896467E-01 -2.000000E-01 9.594428E-01 2.819787E-02 4.527235E-04 4.380614E+00 8.728945E+00 
1.808807E-01 4.760199E-03 3.236722E-01 1.833636E-01 -1.382267E+00 5.997099E-01 -1.389689E-01 9.110884E-01 2.891163E-02 0.000000E+00 4.086168E+00 8.252747E+00 
1.923540E-01 5.290612E-03 3.398192E-01 1.764293E-01 -1.509305E+00 5.966571E-01 -1.450616E-01 9.665116E-01 2.844035E-02 1.124964E-03 4.420420E+00 9.152537E+00 
1.842683E-01 6.803126E-03 3.378041E-01 1.809084E-01 -1.397928E+00 5.890337E-01 -1.886539E-01 9.317271E-01 2.726137E-02 3.729876E-04 4.371317E+00 8.526891E+00 
1.666125E-01 3.821433E-03 3.532248E-01 1.841706E-01 -1.374876E+00 5.860280E-01 -1.602485E-01 8.739559E-01 2.576007E-02 1.882256E-03 4.266661E+00 9.258473E+00 
1.758065E-01 5.429913E-03 3.299441E-01 1.797720E-01 -1.419401E+00 5.861446E-01 -1.422087E-01 9.976827E-01 2.700096E-02 3.064470E-04 4.221414E+00 8.290636E+00 
1.646660E-01 3.870281E-03 3.637866E-01 1.800932E-01 -1.438915E+00 5.872784E-01 -1.391443E-01 9.621436E-01 2.888263E-02 6.338362E-04 4.242634E+00 8.530926E+00 
1.652540E-01 1.063715E-02 3.576937E-01 1.867408E-01 -1.446126E+00 5.949247E-01 -1.575277E-01 9.316962E-01 2.978236E-02 5.784749E-04 4.383143E+00 9.540778E+00 
1.712309E-01 8.506203E-03 3.365500E-01 1.826292E-01 -1.421373E+00 5.943470E-01 -1.315614E-01 8.568767E-01 2.636817E-02 6.168924E-04 4.163471E+00 8.875112E+00 
1.482499E-01 2.177370E-02 3.571198E-01 1.735109E-01 -1.438025E+00 5.738566E-01 -1.666827E-01 8.760470E-01 2.938148E-02 6.687282E-04 3.964772E+00 8.935579E+00 
1.758295E-01 1.000000E-04 3.228424E-01 1.847693E-01 -1.447827E+00 5.607314E-01 -1.857371E-01 8.918910E-01 2.802263E-02 0.000000E+00 4.112200E+00 9.551759E+00 
1.720639E-01 5.569299E-03 3.562640E-01 1.771617E-01 -1.434495E+00 5.768850E-01 -1.525593E-01 9.385942E-01 2.797690E-02 7.920438E-04 3.898547E+00 9.134781E+00 
1.798030E-01 4.225379E-03 3.652225E-01 1.754714E-01 -1.429355E+00 5.899132E-01 -1.806453E-01 9.109200E-01 2.746110E-02 1.527825E-03 4.298700E+00 9.162670E+00 
1.876379E-01 6.887297E-03 3.285042E-01 1.801892E-01 -1.436522E+00 5.887154E-01 -1.397206E-01 8.491788E-01 2.603696E-02 3.665218E-04 4.047175E+00 8.800250E+00 
1.741430E-01 4.910139E-03 3.503083E-01 1.799072E-01 -1.443915E+00 5.884159E-01 -1.470923E-01 9.371575E-01 2.855097E-02 6.190037E-04 4.224988E+00 9.245032E+00 
1.783582E-01 3.227472E-03 3.265039E-01 1.844999E-01 -1.495454E+00 5.802065E-01 -1.086031E-01 9.973797E-01 2.840544E-02 4.854028E-04 4.332684E+00 8.862145E+00 
1.727553E-01 4.275991E-03 3.509375E-01 1.810705E-01 -1.484967E+00 5.909401E-01 -1.099356E-01 9.353802E-01 2.686328E-02 1.063663E-03 3.989308E+00 8.595072E+00 
1.764522E-01 2.571104E-03 3.188641E-01 1.751808E-01 -1.300608E+00 5.985433E-01 -1.381383E-01 9.601419E-01 2.835483E-02 9.782676E-04 3.964221E+00 9.219598E+00 
1.724136E-01 8.283949E-03 3.555495E-01 1.792961E-01 -1.493753E+00 5.884405E-01 -2.000000E-01 9.225817E-01 2.529357E-02 3.207096E-03 4.116191E+00 9.325507E+00 
1.714358E-01 6.719624E-03 3.348896E-01 1.791635E-01 -1.521294E+00 5.937194E-01 -1.719518E-01 9.514892E-01 2.939099E-02 1.380428E-03 4.454886E+00 8.668387E+00 
1.794480E-01 3.434003E-03 3.392824E-01 1.786930E-01 -1.383665E+00 5.917637E-01 -1.736365E-01 9.474510E-01 2.994971E-02 1.314021E-03 3.869159E+00 9.441564E+00 
1.773639E-01 3.692307E-03 3.390996E-01 1.731574E-01 -1.352881E+00 5.810313E-01 -1.688116E-01 9.505998E-01 2.727466E-02 9.150873E-04 3.832223E+00 8.979241E+00 
1.675849E-01 4.905594E-03 3.467198E-01 1.681439E-01 -1.309306E+00 5.851831E-01 -1.572440E-01 9.256351E-01 2.717376E-02 1.322161E-03 4.381528E+00 8.081104E+00 
1.814159E-01 4.875799E-03 3.422300E-01 1.882114E-01 -1.368582E+00 5.887572E-01 -1.628828E-01 9.923122E-01 2.769616E-02 7.848118E-04 4.499827E+00 8.668257E+00 
1.827643E-01 6.765151E-03 3.475701E-01 1.856722E-01 -1.378282E+00 5.883515E-01 -1.204984E-01 9.792251E-01 2.747036E-02 5.706076E-04 4.115975E+00 8.632433E+00 
1.715301E-01 5.192985E-03 3.269688E-01 1.793150E-01 -1.409719E+00 5.981898E-01 -1.389773E-01 8.671950E-01 2.695585E-02 3.989714E-04 3.703647E+00 8.174493E+00 
1.764632E-01 5.303287E-03 3.176357E-01 1.834651E-01 -1.265555E+00 5.885724E-01 -1.641575E-01 9.836623E-01 2.869355E-02 5.357130E-04 3.998317E+00 9.095513E+00 
1.518501E-01 8.166726E-03 3.376109E-01 1.783308E-01 -1.317858E+00 5.845807E-01 -1.509925E-01 9.827705E-01 2.857098E-02 9.347195E-04 4.227551E+00 8.334266E+00 
1.727147E-01 5.400107E-03 3.457876E-01 1.757415E-01 -1.471389E+00 5.795972E-01 -1.512219E-01 8.613854E-01 2.786006E-02 4.699817E-04 4.144679E+00 8.995321E+00 
1.644940E-01 2.024558E-03 3.500438E-01 1.790754E-01 -1.370679E+00 5.855493E-01 -1.660426E-01 8.686900E-01 2.578487E-02 3.140495E-04 4.085171E+00 8.213700E+00 
1.753691E-01 4.047130E-03 3.276656E-01 1.751701E-01 -1.365429E+00 5.836463E-01 -1.472622E-01 9.625172E-01 2.628066E-02 6.665961E-04 4.239498E+00 9.257598E+00 
1.650853E-01 6.838726E-03 3.645824E-01 1.759033E-01 -1.348942E+00 5.718678E-01 -1.489223E-01 9.384886E-01 2.762438E-02 1.666247E-03 4.624134E+00 9.741441E+00 
1.601632E-01 4.404727E-03 3.264390E-01 1.842212E-01 -1.398270E+00 5.804024E-01 -1.107485E-01 9.638525E-01 2.923229E-02 5.746382E-04 4.353290E+00 8.130952E+00 
1.603417E-01 5.506399E-03 3.434446E-01 1.808486E-01 -1.429750E+00 5.858755E-01 -1.812464E-01 9.286081E-01 2.846791E-02 3.302551E-05 4.422656E+00 9.409468E+00 
1.754271E-01 3.918362E-03 3.746175E-01 1.820380E-01 -1.297391E+00 5.945993E-01 -1.487353E-01 8.905841E-01 2.731450E-02 1.429826E-04 3.983820E+00 8.253570E+00 
1.833679E-01 5.900687E-03 3.435177E-01 1.815854E-01 -1.439793E+00 5.908337E-01 -1.275055E-01 9.464968E-01 2.724108E-02 3.441981E-04 4.236860E+00 8.822147E+00 
1.822762E-01 4.089825E-03 3.365984E-01 1.813584E-01 -1.395757E+00 5.764781E-01 -1.056639E-01 9.490723E-01 3.119177E-02 4.085852E-03 3.866095E+00 8.540483E+00 
1.750362E-01 3.961105E-03 3.390263E-01 1.799150E-01 -1.442447E+00 5.851547E-01 -1.361113E-01 9.788352E-01 2.796257E-02 8.378581E-04 4.443361E+00 7.934902E+00 
1.867514E-01 5.964127E-03 3.398645E-01 1.826244E-01 -1.378981E+00 5.920375E-01 -1.726048E-01 9.455294E-01 2.707918E-02 4.851779E-04 3.785076E+00 8.281550E+00 
1.696227E-01 1.040262E-02 3.474736E-01 1.779198E-01 -1.406441E+00 5.765936E-01 -1.526464E-01 9.610670E-01 2.809808E-02 9.586368E-04 4.257968E+00 8.327922E+00 
1.702089E-01 5.284514E-03 3.440295E-01 1.774346E-01 -1.397024E+00 5.682381E-01 -1.225537E-01 9.724366E-01 2.787135E-02 1.107842E-03 4.302444E+00 8.557699E+00 
1.630872E-01 5.405863E-03 3.383005E-01 1.761499E-01 -1.372797E+00 5.840218E-01 -1.458737E-01 9.965477E-01 2.454633E-02 1.208911E-03 4.384183E+00 8.757330E+00 
1.720761E-01 4.484102E-03 3.229649E-01 1.833095E-01 -1.407378E+00 5.961425E-01 -1.359682E-01 9.215899E-01 2.848847E-02 7.432876E-04 4.163632E+00 8.359963E+00 
1.832175E-01 4.730678E-03 3.359092E-01 1.853421E-01 -1.469711E+00 5.869335E-01 -1.374514E-01 9.585248E-01 2.833756E-02 2.051621E-03 4.214956E+00 9.016626E+00 
1.753786E-01 2.515452E-03 3.400071E-01 1.825120E-01 -1.435210E+00 5.804369E-01 -1.385298E-01 9.326954E-01 2.964547E-02 7.320191E-04 4.316468E+00 8.702057E+00 
1.950354E-01 4.724713E-03 3.292721E-01 1.784587E-01 -1.364648E+00 5.919044E-01 -1.899813E-01 8.993320E-01 2.817931E-02 7.886464E-04 4.566974E+00 8.500860E+00 
1.704771E-01 6.340873E-03 3.421439E-01 1.763386E-01 -1.347495E+00 5.929522E-01 -1.568267E-01 9.030815E-01 2.676385E-02 1.624748E-03 4.101683E+00 9.126260E+00 
1.804515E-01 7.467392E-03 3.281824E-01 1.874177E-01 -1.451462E+00 5.890692E-01 -1.484163E-01 9.789217E-01 2.754393E-02 1.453043E-03 4.125085E+00 9.461068E+00 
1.748982E-01 6.657723E-03 3.330970E-01 1.786850E-01 -1.436718E+00 5.889161E-01 -1.192011E-01 9.340498E-01 2.983803E-02 4.925849E-04 3.983976E+00 8.801725E+00 
1.760328E-01 9.078640E-03 3.471923E-01 1.820731E-01 -1.440955E+00 5.975817E-01 -1.835897E-01 9.389199E-01 2.967117E-02 6.462046E-04 4.049069E+00 8.626167E+00 
1.750830E-01 5.841287E-03 3.384572E-01 1.752983E-01 -1.371130E+00 5.926712E-01 -1.803258E-01 9.406549E-01 2.875632E-02 7.348015E-04 4.265557E+00 8.135211E+00 
1.802317E-01 6.259810E-03 3.427306E-01 1.781254E-01 -1.469050E+00 5.864612E-01 -1.497532E-01 9.711509E-01 2.714262E-02 5.940543E-04 4.326999E+00 7.987797E+00 
1.875107E-01 6.324040E-03 3.223648E-01 1.863461E-01 -1.360025E+00 5.882455E-01 -1.728978E-01 9.550375E-01 3.217685E-02 5.663769E-04 4.159718E+00 8.588065E+00 
1.229174E-01 8.733777E-03 2.876765E-01 1.706961E-01 -1.333104E+00 5.782167E-01 -1.552169E-01 8.828489E-01 2.662211E-02 1.890324E-03 4.049643E+00 8.898593E+00 
1.699084E-01 7.432237E-03 3.374456E-01 1.792376E-01 -1.389089E+00 5.908152E-01 -1.663074E-01 9.705900E-01 2.743199E-02 5.014648E-04 4.080531E+00 8.547525E+00 
1.647497E-01 4.763598E-03 3.357919E-01 1.791222E-01 -1.359955E+00 5.856392E-01 -1.173853E-01 1.009019E+00 2.840355E-02 9.674135E-04 4.318596E+00 9.160996E+00 
1.842158E-01 5.920279E-03 3.162836E-01 1.755883E-01 -1.316019E+00 5.880434E-01 -1.617152E-01 9.423854E-01 2.718421E-02 8.541778E-04 4.568159E+00 9.296890E+00 
1.722239E-01 5.347849E-03 3.412949E-01 1.835718E-01 -1.413440E+00 5.902765E-01 -9.998483E-02 9.572871E-01 2.787312E-02 9.263710E-04 4.279501E+00 8.718620E+00 
1.934518E-01 5.687290E-03 3.339793E-01 1.832432E-01 -1.413031E+00 5.876960E-01 -1.284139E-01 9.683331E-01 2.634550E-02 9.953914E-04 4.343747E+00 8.217789E+00 
1.728494E-01 4.854675E-03 3.279040E-01 1.815792E-01 -1.325918E+00 5.813633E-01 -1.411841E-01 9.416868E-01 2.833934E-02 1.270415E-03 4.131769E+00 8.565222E+00 
1.486292E-01 5.316474E-02 3.445972E-01 1.756224E-01 -1.358568E+00 6.000000E-01 -1.414008E-01 9.081577E-01 2.806903E-02 7.766616E-04 4.000707E+00 8.279480E+00 
1.789366E-01 5.214572E-03 3.490952E-01 1.825585E-01 -1.412828E+00 5.897941E-01 -1.654021E-01 1.023971E+00 2.608441E-02 9.946094E-04 4.151596E+00 1.004926E+01 
1.847004E-01 7.171032E-03 3.396669E-01 1.846377E-01 -1.425571E+00 5.969363E-01 -1.401345E-01 9.365574E-01 2.848602E-02 7.918809E-04 4.069409E+00 8.632902E+00 
1.778761E-01 4.523920E-03 3.277365E-01 1.780882E-01 -1.392941E+00 5.815442E-01 -1.366050E-01 9.165855E-01 2.776414E-02 1.527298E-05 4.087218E+00 8.664779E+00 
1.682063E-01 5.244263E-03 3.232604E-01 1.787717E-01 -1.367088E+00 5.919043E-01 -1.598369E-01 9.539092E-01 2.785494E-02 1.761934E-03 4.305244E+00 8.359951E+00 
1.656184E-01 4.256271E-03 3.441189E-01 1.769207E-01 -1.323750E+00 5.851760E-01 -1.468216E-01 9.865262E-01 2.920917E-02 1.508342E-03 4.383586E+00 8.463182E+00 
1.711859E-01 7.642670E-03 3.495805E-01 1.744653E-01 -1.418118E+00 5.802384E-01 -1.508340E-01 9.703921E-01 2.753451E-02 1.268360E-03 4.236168E+00 8.529978E+00 
1.619466E-01 5.495934E-03 3.180150E-01 1.800036E-01 -1.474200E+00 5.776910E-01 -1.245018E-01 9.606543E-01 2.911008E-02 6.163938E-04 4.175987E+00 8.573958E+00 
1.734415E-01 6.224364E-03 3.217619E-01 1.796556E-01 -1.419154E+00 5.922244E-01 -1.406742E-01 9.484256E-01 2.883938E-02 7.730221E-04 4.197646E+00 8.880356E+00 
1.777395E-01 4.866621E-03 3.414731E-01 1.774109E-01 -1.337504E+00 5.847105E-01 -1.192169E-01 1.056069E+00 2.820391E-02 1.170905E-03 4.191307E+00 9.217806E+00 
1.735596E-01 5.938605E-03 3.327296E-01 1.801751E-01 -1.464473E+00 5.947164E-01 -1.228948E-01 9.062191E-01 2.581659E-02 0.000000E+00 4.182261E+00 8.930575E+00 
1.823974E-01 4.646117E-03 3.360341E-01 1.791281E-01 -1.226944E+00 5.861097E-01 -1.343638E-01 9.851466E-01 2.815788E-02 0.000000E+00 4.120588E+00 9.524959E+00 
1.528763E-01 1.375992E-03 3.443222E-01 1.758458E-01 -1.366245E+00 5.824375E-01 -1.404819E-01 9.315784E-01 2.758164E-02 1.504269E-03 4.176018E+00 8.852451E+00 
1.644716E-01 4.472626E-03 3.326213E-01 1.801319E-01 -1.404487E+00 5.860868E-01 -1.698210E-01 9.250101E-01 2.782184E-02 9.561182E-04 4.142615E+00 8.957705E+00 
1.638174E-01 6.672416E-03 3.402523E-01 1.781993E-01 -1.451281E+00 5.827184E-01 -1.640734E-01 9.858912E-01 2.873360E-02 8.430579E-04 4.382103E+00 9.024556E+00 
1.869515E-01 7.614668E-03 3.406512E-01 1.875281E-01 -1.505138E+00 5.669525E-01 -1.657681E-01 8.763411E-01 2.886588E-02 3.672507E-04 3.939976E+00 9.160406E+00 
1.588216E-01 4.104177E-03 3.267450E-01 1.750322E-01 -1.436450E+00 5.814614E-01 -1.143688E-01 9.370321E-01 2.743836E-02 1.127375E-03 4.363740E+00 8.914892E+00 
1.789819E-01 5.122870E-03 3.476945E-01 1.711983E-01 -1.329314E+00 5.880068E-01 -1.918728E-01 9.306397E-01 2.901396E-02 1.435956E-03 4.142957E+00 9.054224E+00 
1.689353E-01 6.494395E-03 3.261642E-01 1.783339E-01 -1.307643E+00 5.754525E-01 -1.349434E-01 1.027376E+00 2.863130E-02 8.438136E-04 4.253358E+00 8.937243E+00 
1.793222E-01 4.024777E-03 3.269965E-01 1.767796E-01 -1.326707E+00 5.873854E-01 -1.601219E-01 9.447771E-01 2.761992E-02 7.186194E-04 4.080337E+00 8.540631E+00 
1.812241E-01 5.342379E-03 3.288741E-01 1.852659E-01 -1.419257E+00 5.848556E-01 -1.199623E-01 9.913908E-01 3.225863E-02 7.867884E-04 4.206740E+00 9.174788E+00 
1.802684E-01 3.016975E-03 3.438110E-01 1.862111E-01 -1.373912E+00 5.929830E-01 -1.379498E-01 9.790579E-01 2.895414E-02 2.433242E-03 4.144097E+00 9.399948E+00 
1.991644E-01 3.515041E-03 3.306404E-01 1.857827E-01 -1.468417E+00 5.870914E-01 -1.512550E-01 9.992155E-01 2.659852E-02 8.195748E-04 4.558799E+00 8.223768E+00 
1.844992E-01 7.894618E-03 3.301884E-01 1.804894E-01 -1.473287E+00 5.862461E-01 -1.537157E-01 9.158064E-01 2.778426E-02 4.394275E-04 4.216713E+00 9.090247E+00 
1.866020E-01 8.235237E-03 3.248097E-01 1.797860E-01 -1.374011E+00 5.817855E-01 -1.264650E-01 9.903950E-01 2.556491E-02 1.160138E-03 4.349921E+00 8.879669E+00 
1.687097E-01 4.207218E-03 3.451764E-01 1.778055E-01 -1.400783E+00 5.850508E-01 -1.277276E-01 9.539053E-01 2.737462E-02 1.175484E-03 3.847480E+00 9.111178E+00 
1.744341E-01 6.439433E-03 3.222291E-01 1.727736E-01 -1.418244E+00 5.760101E-01 -1.545990E-01 8.881185E-01 2.633471E-02 4.903347E-04 3.896678E+00 9.074275E+00 
1.744062E-01 5.868752E-03 3.439550E-01 1.803172E-01 -1.367683E+00 5.958620E-01 -1.264679E-01 9.610686E-01 2.784709E-02 9.291005E-04 4.348696E+00 8.824320E+00 
1.903686E-01 2.051649E-03 3.564804E-01 1.792512E-01 -1.367764E+00 5.891460E-01 -1.819191E-01 9.427888E-01 2.704684E-02 1.246630E-03 4.403565E+00 7.128988E+00 
1.834392E-01 3.846345E-03 3.251126E-01 1.940263E-01 -1.373916E+00 5.857130E-01 -1.125683E-01 9.602141E-01 2.839855E-02 1.503841E-03 4.036702E+00 8.835024E+00 
1.802635E-01 6.826198E-03 3.229248E-01 1.785560E-01 -1.462298E+00 5.922485E-01 -1.639065E-01 9.634793E-01 2.696773E-02 1.177053E-03 4.147097E+00 9.425614E+00 
1.794368E-01 6.870607E-03 3.332404E-01 1.805425E-01 -1.455055E+00 5.796933E-01 -1.694754E-01 8.832494E-01 2.834231E-02 1.731632E-03 3.631119E+00 7.781995E+00 
1.846503E-01 4.965772E-03 3.649992E-01 1.800085E-01 -1.357305E+00 5.976603E-01 -1.777020E-01 9.149755E-01 2.904717E-02 9.185538E-04 4.134841E+00 8.512367E+00 
1.886027E-01 1.459810E-02 3.231321E-01 1.819077E-01 -1.319744E+00 5.975486E-01 -1.387862E-01 9.258171E-01 2.668034E-02 9.573309E-04 5.251989E+00 8.354004E+00 
1.765873E-01 4.021624E-03 3.325945E-01 1.792904E-01 -1.555107E+00 5.951198E-01 -1.691548E-01 9.532776E-01 2.615224E-02 2.378522E-03 4.264607E+00 8.556768E+00 
1.650714E-01 1.267344E-03 3.531739E-01 1.742362E-01 -1.422027E+00 5.927299E-01 -1.284215E-01 9.672649E-01 2.788440E-02 2.597191E-03 4.255867E+00 9.404985E+00 
1.720799E-01 3.624486E-03 3.242640E-01 1.832668E-01 -1.457675E+00 5.889747E-01 -1.457418E-01 1.024357E+00 2.688457E-02 1.731313E-03 4.245269E+00 8.295561E+00 
1.750210E-01 5.476505E-03 3.188123E-01 1.775532E-01 -1.401755E+00 5.901923E-01 -1.622405E-01 9.510071E-01 2.707602E-02 7.842531E-04 4.073671E+00 8.305890E+00 
1.762043E-01 6.329142E-03 2.984724E-01 1.771452E-01 -1.368581E+00 5.832176E-01 -1.286775E-01 9.445441E-01 2.801860E-02 2.779822E-04 3.506235E+00 9.048477E+00 
1.710388E-01 5.090564E-03 3.486460E-01 1.842869E-01 -1.317745E+00 5.914676E-01 -1.565117E-01 9.693087E-01 2.598638E-02 7.311868E-04 4.067950E+00 9.522060E+00 
1.890535E-01 6.597744E-03 3.263716E-01 1.804557E-01 -1.474151E+00 5.889756E-01 -1.583736E-01 9.402727E-01 2.741039E-02 7.797693E-04 4.034842E+00 9.013194E+00 
1.715161E-01 4.089819E-03 3.238548E-01 1.771812E-01 -1.308753E+00 5.931504E-01 -1.556692E-01 9.851421E-01 2.770771E-02 1.060785E-03 4.494099E+00 8.684074E+00 
1.682508E-01 4.653675E-03 3.246875E-01 1.804606E-01 -1.378561E+00 5.822365E-01 -1.414340E-01 9.870159E-01 2.763667E-02 0.000000E+00 4.314470E+00 7.897942E+00 
1.694771E-01 6.349506E-03 3.430514E-01 1.806836E-01 -1.459830E+00 5.945863E-01 -1.331887E-01 1.033635E+00 2.679534E-02 1.326606E-04 4.357288E+00 9.230419E+00 
1.816028E-01 8.723008E-03 3.342935E-01 1.778813E-01 -1.418415E+00 5.816534E-01 -1.585302E-01 9.100999E-01 2.849441E-02 1.331590E-03 3.962280E+00 8.782803E+00 
1.814942E-01 6.005991E-03 3.471470E-01 1.719303E-01 -1.448551E+00 5.854149E-01 -1.697722E-01 8.912314E-01 2.946439E-02 7.864103E-04 4.064880E+00 9.870673E+00 
1.797351E-01 7.304310E-03 3.294496E-01 1.803884E-01 -1.496089E+00 5.904198E-01 -1.359981E-01 9.491441E-01 2.857369E-02 9.293226E-04 4.230672E+00 8.848751E+00 
1.593485E-01 3.668593E-03 3.413021E-01 1.858956E-01 -1.444822E+00 5.938467E-01 -1.545178E-01 9.158834E-01 2.832917E-02 5.730610E-04 4.209308E+00 8.090674E+00 
1.782254E-01 5.123261E-03 3.372886E-01 1.820458E-01 -1.484638E+00 5.866722E-01 -1.619796E-01 9.174821E-01 2.922503E-02 7.323878E-04 4.094428E+00 8.750546E+00 
1.540999E-01 6.155729E-03 3.359304E-01 1.807253E-01 -1.306413E+00 5.798642E-01 -1.101362E-01 9.374684E-01 3.030948E-02 1.515686E-03 4.048132E+00 8.779287E+00 
1.559632E-01 1.732290E-02 3.469124E-01 1.669921E-01 -1.560903E+00 5.947354E-01 -1.319305E-01 1.025873E+00 2.540253E-02 3.155319E-03 3.880084E+00 8.651935E+00 
1.420135E-01 5.220500E-03 3.414776E-01 1.817016E-01 -1.280401E+00 5.796220E-01 -1.572778E-01 9.576101E-01 2.924783E-02 1.901018E-03 4.444944E+00 9.380880E+00 
1.872668E-01 5.184366E-03 3.165971E-01 1.790524E-01 -1.372602E+00 5.868429E-01 -1.435471E-01 9.114010E-01 2.890435E-02 9.454538E-04 4.172476E+00 9.133090E+00 
1.546532E-01 5.399559E-03 3.457944E-01 1.766505E-01 -1.449547E+00 5.935994E-01 -1.626461E-01 9.928194E-01 2.784047E-02 1.871115E-03 3.566997E+00 8.763549E+00 
1.731050E-01 6.140664E-03 3.498933E-01 1.777019E-01 -1.363691E+00 5.958236E-01 -1.838546E-01 9.740852E-01 2.817040E-02 6.069809E-04 4.137288E+00 8.778994E+00 
1.863774E-01 6.337112E-03 3.235838E-01 1.788482E-01 -1.373615E+00 5.839300E-01 -1.299438E-01 9.802744E-01 2.613337E-02 8.480373E-04 3.342149E+00 9.549549E+00 
1.737249E-01 6.550875E-03 3.422960E-01 1.751166E-01 -1.376580E+00 5.886077E-01 -1.335771E-01 9.040489E-01 2.659486E-02 9.239170E-04 4.483035E+00 8.408261E+00 
1.826121E-01 6.085355E-03 3.271088E-01 1.779726E-01 -1.341222E+00 5.977307E-01 -1.841797E-01 9.946028E-01 2.698769E-02 6.757205E-04 4.130721E+00 9.670175E+00 
1.599937E-01 5.518567E-03 3.222310E-01 1.824648E-01 -1.353438E+00 5.738008E-01 -1.138116E-01 9.380476E-01 2.933854E-02 1.873639E-03 4.204149E+00 8.721411E+00 
1.537826E-01 6.117568E-03 3.506336E-01 1.777446E-01 -1.477141E+00 5.934258E-01 -1.174268E-01 9.989346E-01 2.888656E-02 1.006365E-03 3.867408E+00 9.119044E+00 
1.789248E-01 6.891970E-03 3.349311E-01 1.731434E-01 -1.351627E+00 5.863786E-01 -1.288780E-01 9.132702E-01 2.732364E-02 1.386648E-03 3.863745E+00 9.210374E+00 
1.682633E-01 6.075532E-03 3.412495E-01 1.774899E-01 -1.420797E+00 5.805894E-01 -1.312523E-01 9.211721E-01 2.793522E-02 1.038065E-03 3.904935E+00 9.160571E+00 
1.776984E-01 5.931523E-03 3.446210E-01 1.826163E-01 -1.338594E+00 5.875169E-01 -1.679098E-01 9.108614E-01 2.933302E-02 9.883164E-04 3.753241E+00 7.700473E+00 
1.771641E-01 4.783413E-03 3.463107E-01 1.743574E-01 -1.302412E+00 5.741758E-01 -1.521676E-01 1.014209E+00 2.750908E-02 9.949120E-04 4.407787E+00 8.835581E+00 
1.867394E-01 6.158544E-03 3.558429E-01 1.751556E-01 -1.505111E+00 5.963969E-01 -1.861668E-01 9.201667E-01 2.473143E-02 1.581088E-03 4.170538E+00 9.016103E+00 
1.619460E-01 5.544116E-03 3.202629E-01 1.783426E-01 -1.392604E+00 5.958712E-01 -1.239368E-01 9.567210E-01 2.785335E-02 5.539739E-04 4.061824E+00 9.166775E+00 
1.711547E-01 6.053838E-03 3.355039E-01 1.807559E-01 -1.433206E+00 5.769710E-01 -9.347677E-02 9.678241E-01 2.894614E-02 1.430516E-03 3.926859E+00 8.827389E+00 
1.758620E-01 5.340944E-03 3.344236E-01 1.764520E-01 -1.421776E+00 5.900867E-01 -1.603494E-01 9.253909E-01 2.742978E-02 5.085468E-04 4.011036E+00 9.398344E+00 
1.661366E-01 4.094141E-03 3.403361E-01 1.802511E-01 -1.418736E+00 5.814921E-01 -1.091310E-01 9.931733E-01 2.982303E-02 8.136312E-04 4.270537E+00 9.130576E+00 
1.834942E-01 8.600670E-03 3.467336E-01 1.801753E-01 -1.528016E+00 5.825147E-01 -1.191386E-01 1.021519E+00 2.981219E-02 8.561838E-04 4.787362E+00 8.995174E+00 
1.784180E-01 6.713096E-03 3.064208E-01 1.842076E-01 -1.421909E+00 5.918847E-01 -1.264899E-01 9.816273E-01 2.815839E-02 5.490355E-04 4.003537E+00 8.980403E+00 
1.716406E-01 6.462531E-03 3.306398E-01 1.784562E-01 -1.439415E+00 5.815182E-01 -1.386064E-01 9.388326E-01 2.861520E-02 1.082536E-03 4.198980E+00 1.006637E+01 
1.823232E-01 4.800770E-03 3.567151E-01 1.749225E-01 -1.355308E+00 5.871971E-01 -1.770367E-01 8.854725E-01 2.944912E-02 4.873638E-04 4.248833E+00 7.575827E+00 
1.736710E-01 4.313748E-03 3.127592E-01 1.798417E-01 -1.369267E+00 5.822885E-01 -1.237085E-01 9.676880E-01 2.641316E-02 1.389039E-03 4.115069E+00 9.924587E+00 
1.713522E-01 4.162438E-03 3.374020E-01 1.802627E-01 -1.414210E+00 5.796923E-01 -1.346332E-01 9.428545E-01 2.836567E-02 8.530537E-04 3.859843E+00 8.176699E+00 
1.625811E-01 6.869062E-03 3.234639E-01 1.746451E-01 -1.422697E+00 5.903900E-01 -1.638414E-01 8.722457E-01 2.752158E-02 9.494446E-04 4.287527E+00 8.559901E+00 
1.768313E-01 3.740690E-03 3.430574E-01 1.756108E-01 -1.189634E+00 5.883475E-01 -1.517744E-01 9.222574E-01 2.768354E-02 1.013463E-03 4.218439E+00 8.149754E+00 
1.769848E-01 6.327986E-03 3.410322E-01 1.760306E-01 -1.392477E+00 5.829152E-01 -1.460966E-01 9.593823E-01 2.773159E-02 3.841058E-04 3.974306E+00 9.268009E+00 
1.793351E-01 4.319124E-03 3.275842E-01 1.866406E-01 -1.363850E+00 5.777611E-01 -1.116556E-01 8.712364E-01 2.773192E-02 6.355932E-04 4.341785E+00 8.579053E+00 
1.778250E-01 6.403386E-03 3.486349E-01 1.762695E-01 -1.410888E+00 5.927748E-01 -1.884746E-01 9.558718E-01 2.796193E-02 2.151993E-04 4.160125E+00 8.926333E+00 
1.849464E-01 4.870222E-03 3.373271E-01 1.813304E-01 -1.428431E+00 5.936852E-01 -1.900035E-01 9.568715E-01 2.752520E-02 1.009316E-03 3.416125E+00 7.718300E+00 
1.791701E-01 5.063152E-03 3.378915E-01 1.851626E-01 -1.341693E+00 5.892065E-01 -1.327933E-01 9.380615E-01 2.835782E-02 1.389012E-03 4.070009E+00 8.378411E+00 
1.609684E-01 6.455920E-03 3.452397E-01 1.837023E-01 -1.344747E+00 5.812200E-01 -1.294861E-01 9.427558E-01 2.997102E-02 9.124382E-04 3.994259E+00 7.657493E+00 
1.799634E-01 2.157086E-03 3.715646E-01 1.784292E-01 -1.442284E+00 5.863235E-01 -1.428206E-01 9.641796E-01 2.681249E-02 6.901271E-04 3.683967E+00 9.176854E+00 
1.700420E-01 6.008873E-03 3.261909E-01 1.778874E-01 -1.442373E+00 5.878063E-01 -1.043061E-01 9.756878E-01 2.628626E-02 5.751767E-04 4.304823E+00 9.012446E+00 
1.817928E-01 5.763164E-03 3.533146E-01 1.789264E-01 -1.485737E+00 5.907727E-01 -1.773086E-01 1.001391E+00 2.825006E-02 1.995143E-03 4.311052E+00 9.619144E+00 
1.734317E-01 5.908342E-03 3.318972E-01 1.784546E-01 -1.396339E+00 5.979420E-01 -1.611973E-01 9.247231E-01 2.743290E-02 1.412587E-03 4.156512E+00 9.185042E+00 
2.000000E-01 1.000000E-04 3.439185E-01 1.771770E-01 -1.288999E+00 6.000000E-01 -1.078928E-01 9.910673E-01 2.721952E-02 1.454890E-03 4.380435E+00 8.744557E+00 
1.684323E-01 7.137164E-03 3.409774E-01 1.803964E-01 -1.477222E+00 5.834514E-01 -1.296302E-01 9.284995E-01 2.788129E-02 1.315942E-03 4.274897E+00 9.348536E+00 
1.682963E-01 5.894084E-03 3.341616E-01 1.785032E-01 -1.353880E+00 5.771401E-01 -1.454891E-01 9.971203E-01 2.764655E-02 1.794708E-03 4.116529E+00 9.063325E+00 
1.617093E-01 4.471782E-03 3.396910E-01 1.803401E-01 -1.268753E+00 5.904234E-01 -1.639822E-01 9.625593E-01 2.881330E-02 1.371812E-03 4.011349E+00 9.585594E+00 
1.714024E-01 5.412260E-03 3.393862E-01 1.783523E-01 -1.381226E+00 5.943801E-01 -1.370218E-01 9.497495E-01 2.627496E-02 1.016290E-03 4.255440E+00 9.688133E+00 
1.703299E-01 5.372993E-03 3.361955E-01 1.663774E-01 -1.555858E+00 5.829384E-01 -1.293869E-01 9.538899E-01 2.725321E-02 2.463581E-03 4.353641E+00 9.641152E+00 
1.642618E-01 5.318868E-03 3.309308E-01 1.828865E-01 -1.467136E+00 5.906179E-01 -1.331540E-01 9.359936E-01 2.653690E-02 0.000000E+00 4.422014E+00 9.067811E+00 
1.679040E-01 5.062340E-03 3.339572E-01 1.752968E-01 -1.405046E+00 5.745253E-01 -1.254601E-01 9.911689E-01 2.704077E-02 1.341442E-03 4.136457E+00 9.105101E+00 
1.472216E-01 1.025181E-02 3.287435E-01 1.738890E-01 -1.344443E+00 5.756934E-01 -1.129676E-01 1.069555E+00 2.511659E-02 2.579273E-03 4.583238E+00 6.819709E+00 
1.736233E-01 5.148504E-03 3.415483E-01 1.791076E-01 -1.569632E+00 5.965612E-01 -1.557172E-01 9.110865E-01 2.650823E-02 1.067841E-03 4.158116E+00 8.903545E+00 
1.740621E-01 6.054011E-03 3.406053E-01 1.877981E-01 -1.439893E+00 5.857881E-01 -1.521406E-01 9.647012E-01 2.856970E-02 8.008107E-04 4.122587E+00 8.374238E+00 
1.817141E-01 5.358620E-03 3.556573E-01 1.790065E-01 -1.427115E+00 5.855804E-01 -1.437990E-01 9.855455E-01 2.855902E-02 8.280676E-04 4.211747E+00 8.731766E+00 
1.648420E-01 6.718294E-03 3.283175E-01 1.819094E-01 -1.360188E+00 5.817459E-01 -1.584335E-01 9.832787E-01 2.690232E-02 6.147136E-04 4.429484E+00 9.990999E+00 
1.739117E-01 4.098047E-03 3.581500E-01 1.800696E-01 -1.466676E+00 5.753296E-01 -1.359940E-01 9.430661E-01 2.762088E-02 6.503315E-04 4.656183E+00 7.785411E+00 
1.615073E-01 1.321811E-02 3.497357E-01 1.731546E-01 -1.432377E+00 5.802544E-01 -1.624829E-01 9.426530E-01 3.029626E-02 1.217935E-03 4.451211E+00 9.580684E+00 
1.729808E-01 5.262257E-03 3.296307E-01 1.795690E-01 -1.430194E+00 5.762017E-01 -1.316830E-01 9.333016E-01 2.894162E-02 5.706797E-04 4.019293E+00 8.340005E+00 
1.717635E-01 5.642126E-03 3.377082E-01 1.753497E-01 -1.363221E+00 5.824222E-01 -1.378634E-01 9.549227E-01 3.151849E-02 8.962939E-04 4.194268E+00 8.207118E+00 
1.753355E-01 4.063705E-03 3.442925E-01 1.773566E-01 -1.467277E+00 5.929842E-01 -1.441170E-01 9.381296E-01 3.111430E-02 7.478592E-05 4.056033E+00 8.905554E+00 
1.635084E-01 5.737528E-03 3.136484E-01 1.756680E-01 -1.392779E+00 5.687740E-01 -1.107033E-01 9.782059E-01 2.680934E-02 3.255417E-05 3.874808E+00 8.470327E+00 
1.683010E-01 6.441691E-03 3.372888E-01 1.793607E-01 -1.389792E+00 5.768564E-01 -1.409616E-01 9.819676E-01 2.753629E-02 1.091030E-03 4.071977E+00 9.255036E+00 
1.575469E-01 5.028082E-03 3.323463E-01 1.768429E-01 -1.544850E+00 5.888584E-01 -1.515293E-01 9.220688E-01 2.798517E-02 1.499220E-03 4.024139E+00 9.254610E+00 
1.788345E-01 5.430784E-03 3.491234E-01 1.825762E-01 -1.506660E+00 5.860135E-01 -1.461299E-01 9.157554E-01 2.785302E-02 8.764015E-04 4.279199E+00 8.546247E+00 
1.638592E-01 2.382974E-03 3.257934E-01 1.789197E-01 -1.404089E+00 5.913798E-01 -1.834470E-01 9.915005E-01 2.754088E-02 9.859285E-04 4.127917E+00 8.456070E+00 
1.739240E-01 4.825299E-03 3.401564E-01 1.736822E-01 -1.514963E+00 5.780221E-01 -1.612931E-01 9.380337E-01 2.991868E-02 1.138197E-03 4.174190E+00 8.804250E+00 
1.647675E-01 5.962665E-03 3.203135E-01 1.784199E-01 -1.458893E+00 5.931566E-01 -1.307242E-01 9.721844E-01 2.835381E-02 1.288707E-03 4.259851E+00 8.510074E+00 
1.722922E-01 6.727997E-03 3.273916E-01 1.760666E-01 -1.493006E+00 5.833542E-01 -1.337719E-01 9.504513E-01 2.653853E-02 2.319602E-03 4.212170E+00 9.177611E+00 
1.772729E-01 3.261750E-03 3.431816E-01 1.804828E-01 -1.495341E+00 5.964136E-01 -1.576451E-01 9.757507E-01 2.737127E-02 8.652087E-04 4.176983E+00 8.929667E+00 
1.844688E-01 4.459906E-03 3.375990E-01 1.819774E-01 -1.519876E+00 5.967349E-01 -1.838402E-01 9.802652E-01 2.847382E-02 3.793715E-04 3.929197E+00 9.043058E+00 
1.709017E-01 4.783773E-03 3.400569E-01 1.781960E-01 -1.370941E+00 5.888259E-01 -1.467638E-01 9.850953E-01 2.608681E-02 3.880980E-04 4.338144E+00 8.266328E+00 
1.631316E-01 7.556517E-03 3.434964E-01 1.785270E-01 -1.412360E+00 5.839093E-01 -1.328457E-01 9.157811E-01 3.043975E-02 1.138349E-03 3.936234E+00 9.302022E+00 
1.682135E-01 4.945610E-03 3.275882E-01 1.759027E-01 -1.375976E+00 5.809874E-01 -1.564627E-01 9.910706E-01 2.862469E-02 3.797739E-04 3.979378E+00 8.673934E+00 
1.760848E-01 5.163957E-03 3.385644E-01 1.809957E-01 -1.388637E+00 5.967358E-01 -1.446215E-01 9.316892E-01 2.677655E-02 1.122627E-03 4.152103E+00 8.653458E+00 
1.719900E-01 3.730432E-03 3.329477E-01 1.770038E-01 -1.333990E+00 5.859518E-01 -1.445905E-01 8.948227E-01 2.790282E-02 8.435555E-04 4.273486E+00 9.104398E+00 
1.733965E-01 7.229317E-03 3.396139E-01 1.760137E-01 -1.402871E+00 5.739896E-01 -1.346901E-01 9.621953E-01 2.952158E-02 1.107661E-03 4.274332E+00 8.111824E+00 
1.160598E-01 2.640333E-02 3.362695E-01 1.718638E-01 -1.427384E+00 5.124178E-01 -1.304666E-01 1.016914E+00 2.723847E-02 2.887680E-03 4.148102E+00 8.410797E+00 
1.688388E-01 5.618372E-03 3.338599E-01 1.786265E-01 -1.404081E+00 5.807567E-01 -1.406882E-01 9.565672E-01 2.815313E-02 4.648220E-04 4.273065E+00 8.224626E+00 
1.859147E-01 4.836196E-03 3.231246E-01 1.761870E-01 -1.360705E+00 5.812890E-01 -1.595447E-01 9.330362E-01 2.773939E-02 5.309390E-04 4.095889E+00 8.128990E+00 
1.716389E-01 6.606875E-03 3.445034E-01 1.886301E-01 -1.475806E+00 5.944034E-01 -1.560932E-01 9.615696E-01 2.703664E-02 1.120375E-06 4.216066E+00 9.231260E+00 
1.803587E-01 6.416308E-03 3.400572E-01 1.762488E-01 -1.364065E+00 5.867358E-01 -1.528823E-01 1.002370E+00 2.804684E-02 7.431789E-04 4.113179E+00 9.116228E+00 
1.672791E-01 5.967983E-03 3.642615E-01 1.588491E-01 -1.383962E+00 5.874428E-01 -1.500717E-01 9.820199E-01 2.817215E-02 1.059212E-03 4.800769E+00 8.404458E+00 
1.778804E-01 3.666231E-03 3.305089E-01 1.805042E-01 -1.454456E+00 5.822052E-01 -1.369394E-01 9.895625E-01 2.860999E-02 0.000000E+00 4.273123E+00 9.212281E+00 
1.738772E-01 4.125981E-03 3.289027E-01 1.759545E-01 -1.350131E+00 5.881870E-01 -1.564479E-01 9.189177E-01 2.549722E-02 1.468987E-03 3.846473E+00 8.883868E+00 
1.624684E-01 3.726281E-03 3.483966E-01 1.803885E-01 -1.420266E+00 5.999828E-01 -1.441292E-01 9.795223E-01 2.912148E-02 9.927877E-04 4.022314E+00 9.761937E+00 
1.822988E-01 2.879049E-03 3.351625E-01 1.816338E-01 -1.372012E+00 5.544558E-01 -1.545727E-01 8.881927E-01 2.762986E-02 2.360995E-03 4.078532E+00 8.747262E+00 
1.841965E-01 6.347889E-03 3.229165E-01 1.796665E-01 -1.439978E+00 5.886699E-01 -1.509426E-01 9.424127E-01 2.768316E-02 3.435533E-04 4.148763E+00 8.727611E+00 
1.707187E-01 5.336423E-03 3.421682E-01 1.790263E-01 -1.329715E+00 5.929481E-01 -1.853032E-01 9.500864E-01 2.813425E-02 1.269174E-03 3.935787E+00 8.132899E+00 
1.804818E-01 4.808229E-03 3.386668E-01 1.825796E-01 -1.430727E+00 5.754024E-01 -1.455836E-01 9.486025E-01 2.900348E-02 1.496569E-03 4.300175E+00 8.875824E+00 
1.662991E-01 4.358822E-03 3.321081E-01 1.816224E-01 -1.306907E+00 5.920178E-01 -1.220596E-01 9.339000E-01 2.614877E-02 6.822532E-04 4.203570E+00 8.800263E+00 
1.728950E-01 6.596109E-03 3.383335E-01 1.755953E-01 -1.433931E+00 5.879211E-01 -1.762653E-01 9.316943E-01 2.892490E-02 2.780939E-04 3.970552E+00 8.666911E+00 
1.659815E-01 5.316844E-03 3.476761E-01 1.808392E-01 -1.441923E+00 5.878410E-01 -1.549769E-01 1.022433E+00 2.999265E-02 1.146938E-03 4.307895E+00 8.552539E+00 
1.689875E-01 3.000993E-03 3.337074E-01 1.799926E-01 -1.451301E+00 5.847618E-01 -1.335487E-01 9.082764E-01 2.702942E-02 1.063336E-03 4.244877E+00 8.859809E+00 
1.794835E-01 4.570254E-03 3.288662E-01 1.791815E-01 -1.415568E+00 5.911904E-01 -1.668248E-01 9.385353E-01 2.991500E-02 4.313995E-04 4.222394E+00 8.515371E+00 
1.735028E-01 4.674559E-03 3.243905E-01 1.807120E-01 -1.411930E+00 5.851453E-01 -1.392533E-01 9.537138E-01 2.600667E-02 1.085310E-03 4.248628E+00 9.071330E+00 
1.701248E-01 6.345726E-03 3.479460E-01 1.788466E-01 -1.364951E+00 5.905720E-01 -1.659350E-01 9.397215E-01 2.717393E-02 8.557917E-04 4.332524E+00 8.813703E+00 
1.790895E-01 2.774175E-03 3.445880E-01 1.772969E-01 -1.516331E+00 5.819427E-01 -1.391500E-01 9.693718E-01 2.677428E-02 8.375804E-04 4.220133E+00 8.420022E+00 
1.803404E-01 6.608607E-03 3.458760E-01 1.818862E-01 -1.391927E+00 5.757691E-01 -1.186703E-01 9.394468E-01 2.863003E-02 1.379072E-03 4.667755E+00 8.899974E+00 
1.746258E-01 5.168225E-03 3.376630E-01 1.786102E-01 -1.424589E+00 5.971932E-01 -1.530109E-01 9.269794E-01 2.756964E-02 1.075847E-03 4.543970E+00 9.150265E+00 
1.735835E-01 5.565000E-03 3.288462E-01 1.799924E-01 -1.383344E+00 5.814043E-01 -1.220463E-01 9.487468E-01 2.805497E-02 8.706904E-04 4.322673E+00 8.651528E+00 
1.768560E-01 6.558266E-03 3.299724E-01 1.783617E-01 -1.428871E+00 5.884779E-01 -1.960727E-01 9.396217E-01 2.599891E-02 4.889136E-04 3.983582E+00 8.316918E+00 
1.704739E-01 4.929410E-03 3.441206E-01 1.774450E-01 -1.386398E+00 5.839447E-01 -1.444590E-01 9.895679E-01 2.750433E-02 2.288823E-04 4.489980E+00 9.109175E+00 
1.907420E-01 7.299229E-03 3.589421E-01 1.807014E-01 -1.462966E+00 5.795328E-01 -2.000000E-01 9.112755E-01 2.520200E-02 2.463839E-03 4.205110E+00 9.479390E+00 
1.695285E-01 2.871206E-03 3.479215E-01 1.792282E-01 -1.271035E+00 5.949530E-01 -1.379484E-01 9.532304E-01 2.758273E-02 8.058576E-04 4.265076E+00 8.950985E+00 
1.610972E-01 5.738308E-03 3.375364E-01 1.807846E-01 -1.332399E+00 5.793180E-01 -1.449898E-01 9.470621E-01 2.828407E-02 1.242909E-03 4.202657E+00 8.506359E+00 
1.825808E-01 5.851669E-03 3.339951E-01 1.807227E-01 -1.370056E+00 5.881247E-01 -1.237970E-01 9.600936E-01 2.702444E-02 7.960885E-04 4.184443E+00 8.678200E+00 
1.664840E-01 4.767124E-03 3.494957E-01 1.740472E-01 -1.458073E+00 5.798736E-01 -1.556237E-01 1.086687E+00 2.711818E-02 8.159599E-04 4.285275E+00 8.791045E+00 
1.709235E-01 5.800019E-03 3.318499E-01 1.768879E-01 -1.305639E+00 5.901858E-01 -1.722773E-01 1.022577E+00 2.831265E-02 1.137788E-04 4.098425E+00 8.592819E+00 
1.810473E-01 5.324881E-03 3.531693E-01 1.827752E-01 -1.419373E+00 6.000000E-01 -1.616105E-01 9.623189E-01 2.776967E-02 1.468273E-03 4.777610E+00 8.710335E+00 
1.800365E-01 5.054207E-03 3.662406E-01 1.758386E-01 -1.397185E+00 5.892137E-01 -1.535541E-01 9.968265E-01 2.877338E-02 2.098323E-03 4.549814E+00 8.732518E+00 
1.642214E-01 7.897023E-03 3.252201E-01 1.787596E-01 -1.432373E+00 5.706705E-01 -1.179724E-01 9.293779E-01 2.979997E-02 1.620582E-03 4.108741E+00 8.731211E+00 
1.763805E-01 5.818866E-03 3.482337E-01 1.777061E-01 -1.449506E+00 5.897884E-01 -1.563615E-01 9.443937E-01 2.797549E-02 1.033442E-03 4.017109E+00 9.552326E+00 
1.796142E-01 6.913681E-03 3.464935E-01 1.814234E-01 -1.390978E+00 5.704307E-01 -1.473014E-01 9.254850E-01 2.677213E-02 3.001598E-05 4.622553E+00 9.219253E+00 
1.813159E-01 4.579457E-03 3.327397E-01 1.821087E-01 -1.386658E+00 5.866759E-01 -1.468338E-01 9.286643E-01 2.827632E-02 6.843106E-04 4.217574E+00 8.786696E+00 
1.606085E-01 6.960706E-03 3.288507E-01 1.819518E-01 -1.489516E+00 5.877387E-01 -1.626498E-01 9.153387E-01 2.689500E-02 1.302613E-03 3.980838E+00 9.663551E+00 
1.755453E-01 6.465449E-03 3.378441E-01 1.831542E-01 -1.498910E+00 5.983150E-01 -1.685674E-01 9.043308E-01 2.659949E-02 1.222621E-03 4.280610E+00 8.691642E+00 
1.543376E-01 7.399653E-03 3.359625E-01 1.787375E-01 -1.356213E+00 5.880113E-01 -1.338330E-01 8.860178E-01 2.776072E-02 1.510822E-03 4.542860E+00 7.721546E+00 
1.726854E-01 5.589661E-03 3.389924E-01 1.819910E-01 -1.407087E+00 5.968929E-01 -1.682755E-01 9.719921E-01 2.670918E-02 8.753898E-04 4.008276E+00 8.970694E+00 
1.682735E-01 5.425574E-03 3.382897E-01 1.840389E-01 -1.438898E+00 5.898017E-01 -1.642281E-01 9.183075E-01 2.738120E-02 3.391829E-05 3.996648E+00 9.321558E+00 
1.709202E-01 5.528071E-03 3.261484E-01 1.800050E-01 -1.421214E+00 5.938959E-01 -1.121652E-01 9.859963E-01 2.903031E-02 2.000647E-03 4.292623E+00 9.458711E+00 
1.684432E-01 5.413633E-03 3.447480E-01 1.814730E-01 -1.447316E+00 5.882430E-01 -1.567073E-01 9.867858E-01 2.766388E-02 6.726809E-04 4.270582E+00 8.651932E+00 
1.831772E-01 5.670001E-03 3.424382E-01 1.853522E-01 -1.396719E+00 5.925492E-01 -1.592356E-01 9.459673E-01 2.959035E-02 1.238031E-03 3.996870E+00 7.619108E+00 
1.701024E-01 3.775420E-03 3.205067E-01 1.807109E-01 -1.524055E+00 5.878477E-01 -1.207318E-01 9.546551E-01 2.898330E-02 9.018626E-04 4.028669E+00 8.739879E+00 
1.845043E-01 6.545950E-03 3.299372E-01 1.782381E-01 -1.361641E+00 5.919831E-01 -1.413875E-01 9.350260E-01 2.761777E-02 1.449157E-03 4.496213E+00 7.950164E+00 
1.744872E-01 6.433663E-03 3.532195E-01 1.818922E-01 -1.439821E+00 5.865949E-01 -1.462057E-01 8.751236E-01 2.664473E-02 1.385667E-03 4.135720E+00 9.009033E+00 
1.757402E-01 4.406673E-03 3.445515E-01 1.774367E-01 -1.516452E+00 5.879188E-01 -1.181565E-01 9.466711E-01 2.798920E-02 5.446310E-04 4.165283E+00 8.503968E+00 
1.499511E-01 5.896190E-03 3.387427E-01 1.826601E-01 -1.411509E+00 5.843519E-01 -1.518330E-01 8.976209E-01 2.709055E-02 1.231901E-03 4.219564E+00 8.011446E+00 
1.717558E-01 4.631119E-03 3.462269E-01 1.820028E-01 -1.444693E+00 5.916226E-01 -1.412347E-01 9.006381E-01 2.660757E-02 7.266918E-04 3.863915E+00 9.045752E+00 
1.644936E-01 6.977190E-03 3.514945E-01 1.786408E-01 -1.497376E+00 5.637309E-01 -1.585489E-01 9.633189E-01 2.691786E-02 2.441592E-03 4.079934E+00 9.434611E+00 
1.762334E-01 5.095383E-03 3.427123E-01 1.871895E-01 -1.363981E+00 5.811006E-01 -1.778168E-01 9.688372E-01 2.809923E-02 1.078167E-03 3.983552E+00 8.855100E+00 
1.927395E-01 3.101634E-03 3.259538E-01 1.804665E-01 -1.314320E+00 5.906209E-01 -6.678980E-02 1.009722E+00 2.708996E-02 4.027618E-04 4.098294E+00 8.768312E+00 
1.653543E-01 3.876376E-03 3.359482E-01 1.797449E-01 -1.394983E+00 5.862663E-01 -1.416828E-01 9.679002E-01 2.748929E-02 1.526686E-04 4.112133E+00 8.925577E+00 
1.810349E-01 7.157129E-03 3.560209E-01 1.704550E-01 -1.466428E+00 5.879549E-01 -1.889772E-01 9.367836E-01 2.713959E-02 1.582634E-04 4.126741E+00 1.038829E+01 
1.687771E-01 6.535880E-03 3.514658E-01 1.738889E-01 -1.524055E+00 5.856391E-01 -1.302389E-01 1.022774E+00 2.512188E-02 3.249591E-03 4.073306E+00 1.146280E+01 
1.553560E-01 2.569052E-02 3.181846E-01 1.659005E-01 -1.363002E+00 5.772363E-01 -8.787820E-02 1.017834E+00 2.772537E-02 1.716816E-03 3.910073E+00 8.451661E+00 
1.773154E-01 4.740404E-03 3.454338E-01 1.796369E-01 -1.334389E+00 5.883070E-01 -1.895935E-01 9.244844E-01 2.776919E-02 1.013857E-03 4.916739E+00 9.289813E+00 
1.697019E-01 5.252164E-03 3.591796E-01 1.782366E-01 -1.496983E+00 5.868557E-01 -1.435891E-01 9.987228E-01 3.033121E-02 1.861990E-03 4.182446E+00 8.434912E+00 
1.759601E-01 3.814302E-03 3.451872E-01 1.778856E-01 -1.296375E+00 5.860280E-01 -1.608955E-01 9.594625E-01 2.668369E-02 9.715061E-04 4.068664E+00 8.176198E+00 
1.941992E-01 4.948768E-03 3.317542E-01 1.810695E-01 -1.424501E+00 5.952234E-01 -1.365502E-01 9.276524E-01 2.865485E-02 3.847678E-04 4.160722E+00 8.604380E+00 
1.729388E-01 6.674464E-03 3.556279E-01 1.774565E-01 -1.459408E+00 5.937585E-01 -1.972523E-01 9.562200E-01 2.954202E-02 8.865499E-04 4.592121E+00 8.779628E+00 
1.818040E-01 6.076097E-03 3.485893E-01 1.709226E-01 -1.386756E+00 5.731531E-01 -1.429241E-01 9.726417E-01 2.695931E-02 1.337299E-03 4.189284E+00 8.989855E+00 
1.847373E-01 6.773851E-03 3.239723E-01 1.851975E-01 -1.428257E+00 5.885065E-01 -1.887216E-01 9.469099E-01 2.662176E-02 1.947123E-03 4.158577E+00 8.269793E+00 
1.587346E-01 5.500224E-03 3.454763E-01 1.820243E-01 -1.481932E+00 5.771934E-01 -1.307297E-01 9.042949E-01 2.955925E-02 5.795692E-04 4.492771E+00 9.642005E+00 
1.693179E-01 6.376870E-03 3.447052E-01 1.803419E-01 -1.284345E+00 5.883171E-01 -1.591195E-01 9.652189E-01 2.830013E-02 1.193231E-03 4.177167E+00 9.571750E+00 
1.666461E-01 4.995331E-03 3.451822E-01 1.791803E-01 -1.420131E+00 5.845749E-01 -1.286297E-01 9.436408E-01 2.873980E-02 6.248086E-04 4.249926E+00 8.453801E+00 
1.504070E-01 3.705606E-03 3.355566E-01 1.781257E-01 -1.463328E+00 5.884938E-01 -1.286734E-01 9.788954E-01 2.998781E-02 1.149117E-03 4.244485E+00 7.856458E+00 
1.837552E-01 6.552330E-03 3.490207E-01 1.798783E-01 -1.337384E+00 5.955493E-01 -2.000000E-01 9.418702E-01 2.886197E-02 7.017824E-04 4.060850E+00 8.523368E+00 
1.899625E-01 6.961344E-03 3.489921E-01 1.794598E-01 -1.470977E+00 5.952217E-01 -1.840639E-01 8.827322E-01 2.578188E-02 2.644093E-03 4.254454E+00 9.240057E+00 
1.801625E-01 5.317592E-03 3.231365E-01 1.793392E-01 -1.470418E+00 5.814020E-01 -1.172485E-01 9.396545E-01 2.843687E-02 8.718927E-04 4.006764E+00 8.980930E+00 
1.707941E-01 4.858034E-03 3.566820E-01 1.840542E-01 -1.465062E+00 5.918432E-01 -1.357116E-01 9.244831E-01 2.715682E-02 3.594026E-04 4.244257E+00 9.209562E+00 
1.672202E-01 5.343033E-03 3.410647E-01 1.788942E-01 -1.402256E+00 5.989690E-01 -1.289481E-01 9.657203E-01 2.935321E-02 5.378949E-04 4.313052E+00 8.654040E+00 
1.678291E-01 4.700990E-03 3.289225E-01 1.789061E-01 -1.366792E+00 5.825408E-01 -1.629232E-01 8.833555E-01 2.836590E-02 1.380252E-03 3.904160E+00 9.394379E+00 
1.747218E-01 5.170875E-03 3.411571E-01 1.845051E-01 -1.492877E+00 5.913103E-01 -1.164082E-01 9.761926E-01 2.967390E-02 7.338603E-04 4.346843E+00 7.708755E+00 
1.680411E-01 6.004359E-03 3.197527E-01 1.830147E-01 -1.372758E+00 5.825409E-01 -1.341179E-01 9.198475E-01 3.055559E-02 7.301090E-04 4.171171E+00 9.011799E+00 
1.664448E-01 3.600087E-03 3.265697E-01 1.793721E-01 -1.408020E+00 5.829359E-01 -1.271651E-01 9.867044E-01 2.883259E-02 1.148605E-03 4.344260E+00 8.512658E+00 
1.740138E-01 7.136560E-03 3.264922E-01 1.762111E-01 -1.416738E+00 5.817785E-01 -1.383220E-01 9.066581E-01 2.848697E-02 1.305300E-03 4.170998E+00 8.385400E+00 
1.761149E-01 6.297774E-03 3.267533E-01 1.826015E-01 -1.401599E+00 5.918619E-01 -1.481823E-01 8.992622E-01 2.747051E-02 7.555695E-04 4.059678E+00 8.521575E+00 
1.738708E-01 5.478283E-03 3.430453E-01 1.795714E-01 -1.458478E+00 5.872865E-01 -1.572521E-01 8.719927E-01 2.666353E-02 8.562756E-04 4.247483E+00 8.699736E+00 
1.705074E-01 4.602143E-03 3.481187E-01 1.884193E-01 -1.407259E+00 5.846768E-01 -1.583085E-01 9.529136E-01 2.746153E-02 3.612435E-04 4.131596E+00 7.949528E+00 
1.790077E-01 4.159395E-03 3.243079E-01 1.763136E-01 -1.517642E+00 5.901069E-01 -1.598607E-01 9.387215E-01 2.461200E-02 4.817508E-04 4.438462E+00 8.665001E+00 
1.725736E-01 8.296175E-03 3.273478E-01 1.815992E-01 -1.477786E+00 5.639538E-01 -1.574592E-01 9.599300E-01 2.707013E-02 1.880190E-03 4.265459E+00 9.155373E+00 
1.692817E-01 1.138436E-02 3.586608E-01 1.743435E-01 -1.463070E+00 5.802352E-01 -1.392365E-01 9.597069E-01 2.692577E-02 7.638834E-04 4.051011E+00 9.327820E+00 
1.872926E-01 5.444641E-03 3.351732E-01 1.788758E-01 -1.508257E+00 5.937915E-01 -1.414087E-01 1.008777E+00 2.908814E-02 1.303959E-03 3.932183E+00 8.659459E+00 
1.797587E-01 5.717222E-03 3.339632E-01 1.848651E-01 -1.363081E+00 5.888296E-01 -1.480634E-01 9.633157E-01 2.847606E-02 1.059809E-03 4.298089E+00 8.208921E+00 
1.580184E-01 6.492363E-03 3.516443E-01 1.904114E-01 -1.235766E+00 5.812533E-01 -1.761963E-01 9.726916E-01 2.840155E-02 1.100771E-03 4.254423E+00 9.124151E+00 
1.807388E-01 5.057252E-03 3.428941E-01 1.786662E-01 -1.484526E+00 5.967051E-01 -1.759963E-01 9.301167E-01 2.927369E-02 7.977282E-04 4.235111E+00 9.121187E+00 
1.612357E-01 4.384835E-03 3.329262E-01 1.790016E-01 -1.270744E+00 5.899901E-01 -1.081156E-01 9.953296E-01 2.549934E-02 8.796332E-04 4.251797E+00 8.422148E+00 
1.762253E-01 4.074030E-03 3.236372E-01 1.800483E-01 -1.448022E+00 5.904954E-01 -1.360089E-01 9.844218E-01 2.933207E-02 8.723064E-04 4.249378E+00 8.915943E+00 
1.641533E-01 4.937147E-03 3.357196E-01 1.824221E-01 -1.379254E+00 5.815379E-01 -1.444569E-01 9.516339E-01 2.668623E-02 1.024312E-03 4.271731E+00 8.869727E+00 
1.674902E-01 4.891841E-03 3.237187E-01 1.804328E-01 -1.416223E+00 5.673460E-01 -1.205425E-01 9.951614E-01 2.683821E-02 1.123515E-03 4.252869E+00 9.200817E+00 
1.655785E-01 4.579575E-03 3.392576E-01 1.791618E-01 -1.398409E+00 5.804364E-01 -1.356870E-01 9.231294E-01 2.891566E-02 1.206416E-03 4.247138E+00 9.226012E+00 
1.654010E-01 3.608442E-03 3.307006E-01 1.760520E-01 -1.396995E+00 5.777163E-01 -1.188468E-01 9.273500E-01 3.116738E-02 7.768644E-04 4.153457E+00 9.226971E+00 
1.802287E-01 4.551295E-02 3.435479E-01 1.781226E-01 -1.330138E+00 5.656849E-01 -1.226767E-01 1.040880E+00 2.818832E-02 3.021785E-03 2.998007E+00 8.841561E+00 
1.688751E-01 4.843843E-03 3.577246E-01 1.807241E-01 -1.476646E+00 5.625595E-01 -1.768751E-01 9.391147E-01 2.791342E-02 7.764632E-04 4.357476E+00 8.334439E+00 
1.912073E-01 6.763758E-03 3.244494E-01 1.810900E-01 -1.370899E+00 5.857908E-01 -1.475870E-01 9.513594E-01 2.845981E-02 1.322319E-03 4.181700E+00 8.619861E+00 
1.678833E-01 7.040084E-03 3.446927E-01 1.812450E-01 -1.297414E+00 5.723158E-01 -1.351971E-01 9.051270E-01 2.697720E-02 3.831744E-03 4.046719E+00 8.570067E+00 
1.439816E-01 4.660657E-02 3.436550E-01 1.732548E-01 -1.386520E+00 6.000000E-01 -7.362102E-02 7.561862E-01 2.841635E-02 2.206412E-03 3.960888E+00 1.015751E+01 
1.630439E-01 5.443610E-03 3.682464E-01 1.817999E-01 -1.256456E+00 5.865433E-01 -9.597365E-02 9.438258E-01 2.845037E-02 1.765345E-03 4.252385E+00 8.174362E+00 
1.771471E-01 7.695707E-03 3.485813E-01 1.787903E-01 -1.401347E+00 5.895194E-01 -1.549340E-01 9.441835E-01 2.794573E-02 1.899404E-03 4.073366E+00 7.602161E+00 
1.688684E-01 6.660100E-03 3.163446E-01 1.813921E-01 -1.364460E+00 5.847118E-01 -1.481643E-01 9.888974E-01 2.803987E-02 7.333036E-04 3.867962E+00 9.135960E+00 
1.680785E-01 2.937491E-03 3.395298E-01 1.794616E-01 -1.394573E+00 5.797544E-01 -1.455632E-01 9.343353E-01 2.582952E-02 1.209463E-03 4.468549E+00 9.186571E+00 
1.497932E-01 5.905675E-03 3.342346E-01 1.763675E-01 -1.470155E+00 5.908090E-01 -1.540278E-01 9.983367E-01 2.868150E-02 0.000000E+00 4.198326E+00 8.591620E+00 
1.780335E-01 5.586078E-03 3.253318E-01 1.846789E-01 -1.402690E+00 5.954683E-01 -1.287783E-01 9.352810E-01 2.680399E-02 1.643712E-03 4.156591E+00 9.076136E+00 
1.784591E-01 8.046509E-03 3.461938E-01 1.769488E-01 -1.368682E+00 5.895679E-01 -1.522885E-01 9.885429E-01 2.711956E-02 9.208238E-04 4.105682E+00 9.209511E+00 
1.809275E-01 5.711023E-03 3.367070E-01 1.813406E-01 -1.433434E+00 5.963033E-01 -1.194593E-01 8.421048E-01 2.659125E-02 4.633361E-04 4.165643E+00 8.680348E+00 
1.738147E-01 5.543163E-03 3.563302E-01 1.846901E-01 -1.447582E+00 5.931803E-01 -1.590689E-01 9.102595E-01 2.622752E-02 8.465599E-04 4.088423E+00 8.539091E+00 
1.577774E-01 4.964789E-03 3.334610E-01 1.759140E-01 -1.479557E+00 5.873856E-01 -1.320950E-01 9.197110E-01 2.920679E-02 1.225339E-03 4.119557E+00 9.199321E+00 
1.699267E-01 5.316810E-03 3.569796E-01 1.792775E-01 -1.386736E+00 5.898169E-01 -1.977591E-01 9.293061E-01 2.675685E-02 1.092026E-04 4.000315E+00 8.436901E+00 
1.651801E-01 4.861637E-03 3.427592E-01 1.817780E-01 -1.297918E+00 5.882569E-01 -9.957717E-02 9.558444E-01 2.716994E-02 1.521360E-03 4.250801E+00 9.313635E+00 
1.653803E-01 5.964637E-03 3.475142E-01 1.668196E-01 -1.482082E+00 5.885532E-01 -1.657831E-01 9.784496E-01 2.936860E-02 8.392381E-04 3.717195E+00 8.203126E+00 
1.788572E-01 5.516407E-03 3.528713E-01 1.796858E-01 -1.485055E+00 5.953576E-01 -1.923803E-01 9.506818E-01 2.903073E-02 1.013666E-03 4.329220E+00 8.330746E+00 
1.752195E-01 4.643354E-03 3.243434E-01 1.809184E-01 -1.439355E+00 5.812912E-01 -1.393138E-01 9.522129E-01 2.773402E-02 1.944793E-04 4.183515E+00 7.822932E+00 
1.714884E-01 3.362365E-03 3.358933E-01 1.819760E-01 -1.406797E+00 5.877471E-01 -1.455969E-01 9.136100E-01 2.711957E-02 7.917559E-04 4.345439E+00 8.979936E+00 
1.746401E-01 4.527948E-03 3.387028E-01 1.808948E-01 -1.595762E+00 5.948810E-01 -1.338206E-01 9.397265E-01 2.780690E-02 8.399710E-04 4.216875E+00 9.022860E+00 
1.880072E-01 6.930727E-03 3.456600E-01 1.803346E-01 -1.471502E+00 5.901506E-01 -1.519679E-01 9.672734E-01 2.803135E-02 9.295002E-04 4.112627E+00 8.702538E+00 
1.640467E-01 5.905317E-03 3.132260E-01 1.800314E-01 -1.540614E+00 5.859184E-01 -1.132857E-01 9.548640E-01 2.682873E-02 1.644415E-03 4.279750E+00 9.268065E+00 
1.729056E-01 4.484570E-03 3.332539E-01 1.795728E-01 -1.443527E+00 5.873027E-01 -1.294273E-01 8.984480E-01 2.901697E-02 7.209834E-04 4.003255E+00 8.637929E+00 
1.577526E-01 4.428985E-03 3.335967E-01 1.794327E-01 -1.372441E+00 5.654679E-01 -1.505818E-01 9.902174E-01 2.868571E-02 8.580018E-04 4.187332E+00 8.066114E+00 
1.743314E-01 3.503716E-03 3.405871E-01 1.835242E-01 -1.361457E+00 5.868719E-01 -1.320482E-01 9.644125E-01 2.909695E-02 4.469058E-04 4.171208E+00 8.606758E+00 
1.881311E-01 3.913295E-03 3.466970E-01 1.751505E-01 -1.391667E+00 5.911669E-01 -1.598150E-01 9.389696E-01 2.766664E-02 7.403099E-04 4.662406E+00 9.258965E+00 
1.784628E-01 5.386148E-03 3.296561E-01 1.863056E-01 -1.402542E+00 5.938932E-01 -1.439127E-01 8.862060E-01 2.927631E-02 6.596018E-04 4.946685E+00 8.597622E+00 
1.835158E-01 4.394928E-03 3.544255E-01 1.830506E-01 -1.555686E+00 5.943125E-01 -1.607922E-01 9.360144E-01 2.859092E-02 5.906757E-04 4.256575E+00 9.022898E+00 
1.968720E-01 7.686710E-03 3.304833E-01 1.810743E-01 -1.325535E+00 5.946956E-01 -1.654940E-01 9.562265E-01 2.828805E-02 1.068249E-04 4.192962E+00 8.822137E+00 
1.801882E-01 5.581611E-03 3.237378E-01 1.797725E-01 -1.566770E+00 5.804912E-01 -1.168046E-01 9.728040E-01 2.749890E-02 9.951169E-04 4.497297E+00 9.840957E+00 
1.785104E-01 6.001602E-03 3.479457E-01 1.771646E-01 -1.351484E+00 5.938762E-01 -1.676593E-01 9.855852E-01 2.753059E-02 8.073297E-04 3.782194E+00 9.097698E+00 
1.494746E-01 7.801294E-03 3.445447E-01 1.712770E-01 -1.424232E+00 5.648399E-01 -1.286621E-01 1.114316E+00 2.876071E-02 1.002559E-03 4.085927E+00 9.792459E+00 
1.707815E-01 4.982271E-03 3.307701E-01 1.769073E-01 -1.429692E+00 5.796696E-01 -1.890428E-01 9.983422E-01 2.780450E-02 6.663518E-04 4.161323E+00 1.017163E+01 
1.550201E-01 6.102530E-03 3.297118E-01 1.755441E-01 -1.375235E+00 5.659944E-01 -1.388855E-01 9.387384E-01 2.997247E-02 1.381772E-03 3.927015E+00 7.778436E+00 
1.669524E-01 5.245581E-03 3.317776E-01 1.808028E-01 -1.499764E+00 5.924541E-01 -1.686608E-01 9.516002E-01 2.743937E-02 1.535996E-03 3.964694E+00 9.367479E+00 
1.703868E-01 3.957260E-03 3.421241E-01 1.778989E-01 -1.482423E+00 5.875609E-01 -1.493132E-01 1.005013E+00 2.869360E-02 1.138670E-03 4.375894E+00 8.387037E+00 
1.793239E-01 5.537398E-03 3.311397E-01 1.792941E-01 -1.436699E+00 5.928486E-01 -1.154241E-01 9.252394E-01 2.802625E-02 5.334238E-04 4.701012E+00 7.895819E+00 
1.733708E-01 5.600571E-03 3.453427E-01 1.782562E-01 -1.603852E+00 5.943542E-01 -1.374262E-01 9.453917E-01 2.723730E-02 4.194499E-04 3.571548E+00 9.054426E+00 
1.729176E-01 4.213288E-03 3.253454E-01 1.732410E-01 -1.289163E+00 5.866582E-01 -1.394229E-01 8.681478E-01 2.834994E-02 1.003419E-03 3.948664E+00 8.580175E+00 
1.681494E-01 5.011399E-03 3.266552E-01 1.789842E-01 -1.278293E+00 5.844409E-01 -1.164879E-01 9.349323E-01 3.280002E-02 5.467393E-04 4.038725E+00 8.370311E+00 
1.719765E-01 5.785538E-03 3.599367E-01 1.747548E-01 -1.342520E+00 5.873384E-01 -1.508612E-01 9.997185E-01 2.930272E-02 1.139387E-03 4.296313E+00 8.372929E+00 
1.691057E-01 7.264947E-03 3.367932E-01 1.794382E-01 -1.421308E+00 5.836228E-01 -1.442861E-01 9.789621E-01 2.396219E-02 2.178821E-03 4.629002E+00 1.007815E+01 
1.755526E-01 9.654226E-03 3.534706E-01 1.649788E-01 -1.479580E+00 5.987564E-01 -1.851028E-01 9.139230E-01 2.689945E-02 3.279160E-03 4.195272E+00 8.392889E+00 
1.924179E-01 4.975946E-03 3.509594E-01 1.782451E-01 -1.316771E+00 5.956138E-01 -2.000000E-01 9.099653E-01 2.840989E-02 8.622474E-05 4.150222E+00 9.224749E+00 
1.887230E-01 7.412068E-03 3.230661E-01 1.795329E-01 -1.493606E+00 6.000000E-01 -2.000000E-01 9.323078E-01 2.628230E-02 1.615966E-03 4.177132E+00 9.558144E+00 
1.727550E-01 7.854288E-03 3.424210E-01 1.797938E-01 -1.572684E+00 5.898274E-01 -1.537877E-01 9.574068E-01 2.825624E-02 1.076037E-03 4.466594E+00 8.621886E+00 
1.790579E-01 3.912188E-03 3.264014E-01 1.798278E-01 -1.461600E+00 5.707989E-01 -1.127266E-01 9.930235E-01 2.834699E-02 1.169304E-03 3.997693E+00 9.140320E+00 
1.689719E-01 4.533876E-03 3.460043E-01 1.802829E-01 -1.450961E+00 5.855015E-01 -1.427636E-01 9.639030E-01 2.717255E-02 5.452631E-04 3.860590E+00 8.978246E+00 
1.859925E-01 4.548701E-03 3.298885E-01 1.780958E-01 -1.451527E+00 5.890766E-01 -1.642374E-01 9.132871E-01 2.817232E-02 7.129751E-04 4.036038E+00 8.530690E+00 
1.570641E-01 6.849119E-03 3.298799E-01 1.749810E-01 -1.449078E+00 5.815315E-01 -1.438224E-01 9.356709E-01 2.754071E-02 1.957215E-03 4.045728E+00 9.147940E+00 
1.712411E-01 5.876983E-03 3.321672E-01 1.772764E-01 -1.458557E+00 5.795472E-01 -1.158762E-01 9.583039E-01 2.863508E-02 1.229783E-03 4.085593E+00 8.955102E+00 
1.741157E-01 5.646412E-03 3.334752E-01 1.843746E-01 -1.391333E+00 5.801399E-01 -1.228599E-01 9.689785E-01 2.781980E-02 1.036563E-03 4.147917E+00 9.018764E+00 
1.834936E-01 6.619021E-03 3.250073E-01 1.791791E-01 -1.395955E+00 5.856763E-01 -1.719434E-01 9.366983E-01 2.691599E-02 7.916276E-04 3.950844E+00 8.862902E+00 
1.867675E-01 4.211419E-03 3.413894E-01 1.775686E-01 -1.361946E+00 5.888810E-01 -1.618521E-01 9.511871E-01 2.593994E-02 4.784586E-05 4.365530E+00 8.718433E+00 
1.787083E-01 5.730497E-03 3.283198E-01 1.735186E-01 -1.462277E+00 5.802668E-01 -1.500149E-01 9.369140E-01 2.811666E-02 9.945357E-04 3.819802E+00 8.999024E+00 
1.716579E-01 7.605811E-03 3.251231E-01 1.649423E-01 -1.422644E+00 5.835847E-01 -1.566405E-01 9.995243E-01 2.896398E-02 1.340914E-03 4.080373E+00 9.801706E+00 
1.720282E-01 6.211905E-03 3.124424E-01 1.795983E-01 -1.415771E+00 5.914831E-01 -1.020642E-01 9.879461E-01 3.025280E-02 1.474337E-03 4.102189E+00 8.999669E+00 
1.579086E-01 5.934357E-03 3.138266E-01 1.870160E-01 -1.303159E+00 5.788303E-01 -1.434780E-01 9.650549E-01 2.952477E-02 9.638828E-04 4.073545E+00 8.152730E+00 
1.640934E-01 6.214955E-03 3.307489E-01 1.742538E-01 -1.425574E+00 5.845800E-01 -1.205316E-01 9.642116E-01 2.729425E-02 1.973205E-03 4.454232E+00 8.935376E+00 
1.324135E-01 3.935153E-02 3.488552E-01 1.791950E-01 -1.398742E+00 4.651315E-01 -1.679227E-01 1.206765E+00 2.778366E-02 1.562029E-03 4.646282E+00 7.925528E+00 
1.894255E-01 5.071434E-03 3.319586E-01 1.782521E-01 -1.424107E+00 5.882327E-01 -1.326688E-01 9.415538E-01 3.009369E-02 4.529313E-04 3.843147E+00 7.959542E+00 
2.000000E-01 6.455604E-03 3.413738E-01 1.784090E-01 -1.455469E+00 5.928998E-01 -1.906186E-01 9.531094E-01 2.849955E-02 3.645570E-04 3.913469E+00 8.672016E+00 
1.694546E-01 5.144759E-03 3.403493E-01 1.788697E-01 -1.419542E+00 5.875530E-01 -1.686253E-01 9.442442E-01 2.739466E-02 1.279838E-03 4.122308E+00 8.162691E+00 
1.613210E-01 4.323374E-03 3.195733E-01 1.791331E-01 -1.573089E+00 5.947087E-01 -1.440089E-01 9.035587E-01 2.814305E-02 2.115756E-03 3.989930E+00 8.651230E+00 
1.845416E-01 8.723306E-03 3.602795E-01 1.752794E-01 -1.345834E+00 5.921219E-01 -1.954277E-01 9.559764E-01 2.784628E-02 5.195693E-04 4.109382E+00 9.250607E+00 
1.687193E-01 4.674151E-03 3.361236E-01 1.838094E-01 -1.342389E+00 5.857134E-01 -1.373231E-01 9.295829E-01 2.677739E-02 6.573225E-04 3.706634E+00 8.887139E+00 
1.867576E-01 5.418841E-03 3.562083E-01 1.771061E-01 -1.487284E+00 5.990094E-01 -1.609320E-01 9.606857E-01 2.464380E-02 6.120295E-04 4.021774E+00 8.788726E+00 
1.892682E-01 8.091784E-03 3.312603E-01 1.832285E-01 -1.437079E+00 5.994995E-01 -1.225073E-01 9.229628E-01 2.673908E-02 1.087120E-03 4.483418E+00 8.734343E+00 
1.865443E-01 8.065155E-03 3.308092E-01 1.815855E-01 -1.403317E+00 5.943727E-01 -1.556611E-01 9.609042E-01 2.667782E-02 9.551031E-04 4.163082E+00 9.454375E+00 
1.809313E-01 4.522721E-03 3.277824E-01 1.785560E-01 -1.376643E+00 5.862678E-01 -1.818269E-01 9.344044E-01 3.035978E-02 1.616048E-03 3.935114E+00 8.178379E+00 
1.649963E-01 5.327252E-03 3.401671E-01 1.797880E-01 -1.319709E+00 5.773161E-01 -1.047351E-01 9.686287E-01 2.828193E-02 5.750854E-04 4.518605E+00 9.507148E+00 
1.598096E-01 4.596088E-03 3.637357E-01 1.750534E-01 -1.474326E+00 5.860129E-01 -1.389130E-01 9.375082E-01 2.732161E-02 1.181155E-03 4.395065E+00 9.953260E+00 
1.630698E-01 7.555514E-03 3.513289E-01 1.786199E-01 -1.462774E+00 5.781375E-01 -1.286789E-01 8.858382E-01 2.651411E-02 2.024551E-04 4.140574E+00 8.816460E+00 
1.604694E-01 9.010677E-03 3.343897E-01 1.811759E-01 -1.446454E+00 5.724943E-01 -1.312486E-01 9.240963E-01 2.821516E-02 1.604346E-03 4.090576E+00 9.302011E+00 
1.643695E-01 5.064268E-03 3.425164E-01 1.790288E-01 -1.274309E+00 5.918544E-01 -1.483597E-01 9.280551E-01 2.683008E-02 8.163542E-04 4.300025E+00 8.632006E+00 
1.907979E-01 6.824202E-03 3.361487E-01 1.792388E-01 -1.363967E+00 5.958587E-01 -1.282098E-01 1.045241E+00 2.652514E-02 9.960913E-04 3.968333E+00 8.321735E+00 
1.881696E-01 4.752327E-03 3.421648E-01 1.776294E-01 -1.423196E+00 5.953089E-01 -1.356805E-01 9.298631E-01 2.764377E-02 1.426754E-03 4.319123E+00 9.081650E+00 
1.821974E-01 4.559370E-03 3.607091E-01 1.814032E-01 -1.318001E+00 5.881814E-01 -1.828399E-01 1.026557E+00 2.863029E-02 1.586279E-03 4.344031E+00 9.267374E+00 
1.735893E-01 3.501798E-03 3.323406E-01 1.810905E-01 -1.360311E+00 5.758807E-01 -1.287784E-01 9.363286E-01 2.911241E-02 8.859404E-04 4.255907E+00 8.457689E+00 
1.786687E-01 4.306008E-03 3.358981E-01 1.765647E-01 -1.377256E+00 5.742533E-01 -1.272774E-01 1.017162E+00 2.741880E-02 1.488202E-03 4.436518E+00 9.195713E+00 
1.749342E-01 4.871347E-03 3.391713E-01 1.758984E-01 -1.363264E+00 5.855129E-01 -1.496230E-01 8.993104E-01 2.874564E-02 6.542899E-04 4.004767E+00 8.581193E+00 
1.951747E-01 5.314707E-03 3.223298E-01 1.824557E-01 -1.319385E+00 5.785410E-01 -1.648507E-01 9.078089E-01 2.855082E-02 0.000000E+00 3.340535E+00 7.539059E+00 
1.693201E-01 5.387072E-03 3.283343E-01 1.802369E-01 -1.398323E+00 5.899675E-01 -1.029409E-01 1.015885E+00 2.715471E-02 8.027625E-04 4.147131E+00 8.126661E+00 
1.770136E-01 6.051039E-03 3.322869E-01 1.813757E-01 -1.351944E+00 5.814056E-01 -1.371162E-01 8.562773E-01 2.818591E-02 1.207486E-03 4.334977E+00 8.865371E+00 
1.788705E-01 4.104138E-03 3.294683E-01 1.789947E-01 -1.386121E+00 5.836675E-01 -1.249808E-01 9.531658E-01 2.855114E-02 8.667852E-04 3.926370E+00 9.070969E+00 
1.606738E-01 5.581190E-03 3.407940E-01 1.800804E-01 -1.422957E+00 5.950938E-01 -9.963741E-02 9.712499E-01 2.620351E-02 7.402770E-04 4.602136E+00 8.007223E+00 
1.605589E-01 5.278720E-03 3.273296E-01 1.817743E-01 -1.345353E+00 5.746824E-01 -1.099593E-01 9.611669E-01 2.687087E-02 2.471804E-04 4.290577E+00 9.343771E+00 
1.812700E-01 6.178218E-03 3.425730E-01 1.816059E-01 -1.492151E+00 5.897545E-01 -1.405134E-01 9.190503E-01 2.795672E-02 1.631114E-03 4.180283E+00 9.343148E+00 
1.660902E-01 5.304472E-03 3.345362E-01 1.772428E-01 -1.311321E+00 5.817312E-01 -1.326507E-01 1.047939E+00 2.757964E-02 1.259349E-03 3.853332E+00 9.089606E+00 
1.522267E-01 5.206370E-03 3.299864E-01 1.766525E-01 -1.462396E+00 5.631793E-01 -1.220208E-01 9.918546E-01 3.028893E-02 1.909537E-03 4.114817E+00 9.382730E+00 
1.509032E-01 6.795714E-03 3.410799E-01 1.785760E-01 -1.490490E+00 5.913366E-01 -1.378382E-01 9.473754E-01 2.668228E-02 6.985331E-04 4.362857E+00 9.691709E+00 
1.723978E-01 4.660967E-03 3.483906E-01 1.805541E-01 -1.410727E+00 5.817601E-01 -1.263837E-01 9.356253E-01 2.744723E-02 1.101171E-03 3.922484E+00 8.357734E+00 
1.562928E-01 2.006251E-03 3.488572E-01 1.780577E-01 -1.370455E+00 5.861576E-01 -1.483395E-01 9.210251E-01 2.731324E-02 9.926325E-04 4.124375E+00 9.663200E+00 
1.905596E-01 7.296296E-03 3.410505E-01 1.858135E-01 -1.383577E+00 5.830888E-01 -1.360202E-01 9.012896E-01 2.843099E-02 1.380358E-03 4.102215E+00 8.843157E+00 
1.730804E-01 7.129024E-03 3.492666E-01 1.761187E-01 -1.450085E+00 5.973436E-01 -2.000000E-01 9.404372E-01 2.827053E-02 8.945485E-04 4.230292E+00 9.396749E+00 
1.809844E-01 3.154619E-03 3.355593E-01 1.828769E-01 -1.341124E+00 5.949626E-01 -1.743829E-01 9.384643E-01 2.842119E-02 1.534529E-03 4.501217E+00 1.023254E+01 
1.666444E-01 6.768774E-03 3.365447E-01 1.818718E-01 -1.310583E+00 5.679392E-01 -1.133941E-01 9.453064E-01 2.832045E-02 1.830194E-03 4.336070E+00 9.152765E+00 
1.828562E-01 5.038188E-03 3.336569E-01 1.794152E-01 -1.260344E+00 5.956155E-01 -1.556027E-01 9.076413E-01 2.761712E-02 9.187541E-04 4.163348E+00 8.454524E+00 
1.610491E-01 6.376319E-03 3.491718E-01 1.727114E-01 -1.380178E+00 5.620135E-01 -1.719498E-01 9.329486E-01 3.147817E-02 2.298289E-03 4.170529E+00 9.389829E+00 
1.459318E-01 6.629725E-03 3.341322E-01 1.786054E-01 -1.516116E+00 5.881426E-01 -1.820142E-01 9.348035E-01 3.003149E-02 1.274272E-03 3.987541E+00 8.339962E+00 
1.710851E-01 4.623244E-03 3.383643E-01 1.786703E-01 -1.343251E+00 5.846525E-01 -1.352140E-01 9.624977E-01 2.731025E-02 9.534536E-04 4.181551E+00 9.907953E+00 
