7.422180E-02 1.234739E-02 2.922042E-01 1.921828E-01 -1.502252E+00 4.919563E-01 -3.207801E-02 9.853583E-01 4.189539E-02 2.032464E-02 1.988589E+00 7.138447E+00 
7.778126E-02 2.716800E-02 3.029925E-01 1.641966E-01 -1.581991E+00 3.679924E-01 -3.877180E-02 9.328671E-01 3.039996E-02 6.387223E-03 2.641463E+00 9.057369E+00 
5.344635E-02 4.292180E-02 4.188260E-01 1.603066E-01 -1.478260E+00 3.734090E-01 -7.909719E-02 8.850617E-01 3.849976E-02 1.813087E-02 5.072642E+00 1.094416E+01 
9.937128E-02 3.154914E-02 4.827819E-01 1.520109E-01 -6.427706E-01 4.130686E-01 -5.630061E-02 6.782392E-01 2.257690E-02 2.041447E-02 4.769710E+00 1.074166E+01 
6.998115E-02 2.327877E-02 4.042841E-01 1.595323E-01 -9.471449E-01 4.208279E-01 -3.461026E-02 5.303405E-01 4.411495E-02 2.242121E-02 4.578394E+00 8.522209E+00 
3.532962E-02 7.744989E-02 3.686583E-01 1.598559E-01 -5.988334E-01 3.181989E-01 -3.882076E-02 8.590813E-01 4.984680E-02 1.304489E-02 5.183844E+00 9.339819E+00 
1.508227E-01 5.941305E-02 3.910162E-01 1.585424E-01 -1.045449E+00 5.233065E-01 -1.862504E-01 7.827735E-01 5.006975E-02 1.961838E-02 4.705159E+00 1.005756E+01 
8.394744E-02 7.050499E-02 4.283752E-01 1.386559E-01 -1.082733E+00 3.414777E-01 -8.376518E-02 1.268497E+00 3.789940E-02 1.215817E-02 4.640868E+00 1.286679E+01 
9.285037E-02 3.996757E-02 4.069796E-01 1.249298E-01 -1.155273E+00 5.286994E-01 -7.415211E-02 9.301585E-01 5.132961E-02 1.706969E-02 5.405439E+00 1.521927E+01 
3.779959E-02 5.960768E-02 3.640022E-01 1.456238E-01 -9.052486E-01 4.307686E-01 -6.834674E-02 9.675192E-01 3.133455E-02 3.096045E-02 5.878520E+00 5.008469E+00 
5.547950E-02 9.026897E-02 2.623215E-01 1.472099E-01 -1.297698E+00 4.016938E-01 -5.963748E-02 1.280427E+00 3.039777E-02 1.205849E-02 2.074024E+00 4.710898E+00 
5.268608E-02 3.515047E-02 3.571340E-01 1.508203E-01 -1.137683E+00 4.645176E-01 -1.064896E-01 1.037196E+00 3.649681E-02 3.077812E-02 6.106127E+00 7.243579E+00 
4.063566E-02 8.151454E-02 3.457338E-01 1.566677E-01 -9.402559E-01 3.364465E-01 -7.878359E-02 1.008068E+00 3.875378E-02 1.855999E-02 5.195094E+00 1.048485E+01 
6.481061E-02 6.510656E-02 2.890689E-01 1.350727E-01 -1.081490E+00 4.082212E-01 -8.300566E-02 6.508140E-01 4.015775E-02 7.735314E-03 2.229313E+00 4.450134E+00 
6.732665E-02 6.459027E-02 3.697226E-01 1.615820E-01 -1.043395E+00 3.847484E-01 -3.030016E-02 9.253645E-01 3.097652E-02 3.749938E-02 7.215946E+00 8.070646E+00 
9.223388E-02 5.826150E-02 3.721507E-01 1.294389E-01 -1.527113E+00 5.193772E-01 -4.662856E-02 1.096419E+00 2.548728E-02 1.984318E-02 4.923398E+00 8.380231E+00 
7.220473E-02 6.951675E-02 4.042537E-01 1.475088E-01 -1.021674E+00 3.909958E-01 -1.885366E-01 6.393277E-01 2.836232E-02 2.780131E-02 4.928806E+00 1.180494E+01 
1.047475E-01 7.268533E-02 3.981400E-01 1.726967E-01 -1.123815E+00 4.408559E-01 -1.324939E-01 1.168524E+00 3.225763E-02 2.907080E-02 5.212906E+00 1.156518E+01 
5.405311E-02 5.957023E-02 3.829563E-01 1.500015E-01 -1.076522E+00 4.735915E-01 -9.847287E-02 1.083192E+00 3.811982E-02 9.224237E-03 4.160896E+00 5.978387E+00 
5.780646E-02 8.468274E-02 3.279753E-01 1.530027E-01 -1.032068E+00 3.199617E-01 -3.178074E-02 1.102615E+00 4.526135E-02 1.208601E-02 5.305429E+00 5.802993E+00 
6.649153E-02 7.841408E-02 2.831984E-01 1.428470E-01 -8.329117E-01 4.063023E-01 -1.061574E-01 9.866942E-01 6.153691E-02 9.549922E-03 1.951529E+00 3.708930E+00 
1.321410E-01 5.740606E-02 3.612146E-01 1.661023E-01 -1.259027E+00 2.690841E-01 -4.204939E-02 1.259675E+00 3.029911E-02 1.305376E-02 4.340354E+00 8.963705E+00 
6.444464E-02 6.026969E-02 3.430443E-01 1.250084E-01 -1.155240E+00 5.023560E-01 -7.573220E-02 8.643671E-01 2.277371E-02 7.445120E-03 5.088303E+00 1.163429E+01 
1.159299E-01 5.341901E-02 4.440382E-01 1.575062E-01 -1.235909E+00 4.225298E-01 -1.238229E-01 7.625586E-01 5.206535E-02 8.819525E-03 4.543139E+00 6.753135E+00 
4.865125E-02 1.973071E-02 4.329348E-01 1.398403E-01 -1.602106E+00 4.434194E-01 -7.339950E-02 9.152794E-01 1.099425E-02 1.941633E-02 3.361761E+00 7.992337E+00 
1.142825E-01 7.058680E-02 3.271929E-01 1.435823E-01 -1.225440E+00 4.056286E-01 -1.168981E-01 8.798127E-01 4.182605E-02 2.337926E-03 3.530386E+00 1.143837E+01 
5.369125E-02 9.085722E-02 3.267414E-01 1.673063E-01 -1.096941E+00 3.992090E-01 -9.946070E-02 1.142829E+00 3.904067E-02 1.745848E-02 3.413454E+00 1.039917E+01 
4.764524E-02 6.010831E-02 3.964500E-01 1.474859E-01 -1.542711E+00 3.042859E-01 -7.616431E-02 1.060602E+00 2.825517E-02 3.251710E-02 2.489896E+00 4.138781E+00 
6.955003E-02 8.419600E-02 4.486890E-01 1.478134E-01 -1.057272E+00 4.214355E-01 -8.268104E-02 1.036870E+00 3.049343E-02 1.158665E-02 4.465041E+00 3.711689E+00 
9.150207E-02 6.171749E-02 4.852658E-01 1.453615E-01 -1.729791E+00 2.419766E-01 -8.421729E-02 3.126434E-02 2.654007E-02 5.204747E-03 3.623499E+00 1.026832E+01 
8.239653E-02 2.851066E-02 4.286603E-01 1.445932E-01 -1.344769E+00 4.479408E-01 -1.145203E-01 7.118444E-01 4.106146E-02 8.277165E-03 5.991462E-01 1.238557E+01 
6.946072E-02 2.728049E-02 3.933820E-01 1.806930E-01 -1.672733E+00 4.049091E-01 -1.842802E-02 1.241183E+00 3.085806E-02 1.108961E-02 3.924608E+00 7.991601E+00 
6.594631E-02 4.447266E-02 3.625440E-01 1.408923E-01 -1.133417E+00 4.142193E-01 -6.156455E-02 8.288011E-01 3.985369E-02 6.325119E-03 2.821214E+00 1.021344E+01 
9.056319E-02 4.160164E-02 3.915703E-01 1.416623E-01 -1.017533E+00 4.280824E-01 -1.374980E-01 9.056222E-01 4.306749E-02 1.486058E-02 4.370069E+00 9.764594E+00 
8.539395E-02 6.066677E-02 3.500170E-01 1.452036E-01 -1.356931E+00 4.173410E-01 -1.105378E-01 1.080023E+00 3.273859E-02 2.493515E-02 6.881499E+00 4.752100E+00 
1.172510E-01 3.641535E-02 3.808348E-01 1.397132E-01 -1.013262E+00 2.884587E-01 -5.559406E-02 1.376447E+00 2.845569E-02 1.873970E-02 4.971143E+00 1.174737E+01 
9.333064E-02 6.797935E-02 3.230909E-01 1.277616E-01 -9.622652E-01 4.096559E-01 -9.450592E-02 8.535375E-01 2.747424E-02 2.677813E-02 5.600612E+00 4.224052E+00 
7.682077E-02 5.535262E-02 4.458728E-01 1.407410E-01 -1.292205E+00 4.432275E-01 -7.676085E-02 8.409022E-01 3.553218E-02 2.310028E-02 5.039035E+00 9.948346E+00 
9.494952E-02 6.409034E-04 4.206170E-01 1.492259E-01 -1.311926E+00 3.920943E-01 -4.891530E-02 5.687460E-01 3.599826E-02 1.497855E-02 5.492199E+00 1.193039E+01 
1.422885E-01 5.698580E-02 4.724104E-01 1.569383E-01 -8.288846E-01 5.383822E-01 -9.221211E-02 6.579899E-01 7.138198E-02 1.375972E-02 6.610052E+00 8.057349E+00 
5.066784E-02 8.854070E-02 3.314582E-01 1.397116E-01 -8.315212E-01 3.188879E-01 -6.048341E-02 9.731380E-01 3.251048E-02 1.625852E-02 4.419318E+00 1.347325E+01 
9.615504E-02 4.812291E-02 3.452033E-01 1.493044E-01 -1.061457E+00 3.584768E-01 -9.731479E-02 8.998999E-01 3.313092E-02 4.214204E-02 6.931693E+00 5.028387E-01 
8.097169E-02 8.521151E-02 3.446471E-01 1.473218E-01 -1.193851E+00 3.507217E-01 -3.911973E-02 6.960154E-01 3.763768E-02 1.946629E-02 3.649622E+00 2.797841E+00 
1.129887E-01 4.810541E-02 4.148644E-01 1.587104E-01 -1.276850E+00 3.770259E-01 -4.471115E-02 8.632432E-01 3.997769E-02 9.752515E-03 4.517971E+00 1.030040E+01 
8.979022E-02 7.140958E-02 3.449322E-01 1.427650E-01 -9.473252E-01 4.209685E-01 -3.625700E-02 7.418469E-01 3.637988E-02 1.677226E-02 2.281027E+00 1.067949E+01 
6.468589E-02 7.412361E-02 3.422724E-01 1.395625E-01 -1.168186E+00 5.358965E-01 -1.589853E-01 8.752121E-01 2.104933E-02 1.585877E-02 4.836799E+00 9.369168E+00 
8.003629E-02 8.314436E-02 2.944477E-01 1.422199E-01 -1.335202E+00 4.417631E-01 -1.134964E-01 7.137422E-01 2.920985E-02 2.042967E-02 2.675588E+00 6.694350E+00 
1.129221E-01 5.777239E-02 3.830788E-01 1.225849E-01 -1.187721E+00 4.604026E-01 -1.628514E-01 7.758912E-01 2.571080E-02 1.704921E-02 5.984778E+00 9.039238E+00 
6.125782E-02 2.375277E-02 3.087400E-01 1.811090E-01 -1.254273E+00 4.444046E-01 -4.965559E-02 7.675355E-01 4.066343E-02 2.072962E-02 4.696701E+00 1.154435E+01 
8.422294E-02 6.946898E-02 3.435444E-01 1.403600E-01 -1.631129E+00 4.136887E-01 -8.561197E-02 1.196542E+00 3.713061E-02 9.697528E-03 3.867339E+00 2.408817E+00 
3.553260E-02 6.437748E-02 3.242028E-01 1.684790E-01 -1.025437E+00 4.190117E-01 -3.742600E-02 1.137816E+00 5.352942E-02 1.927605E-02 3.904769E+00 9.768784E+00 
6.139663E-02 8.137922E-03 3.128625E-01 1.648589E-01 -1.306866E+00 3.929240E-01 -6.580303E-02 1.303363E+00 2.928491E-02 1.373274E-02 2.844131E+00 1.109166E+01 
3.519049E-02 3.713917E-02 3.313896E-01 1.447285E-01 -1.163275E+00 4.671787E-01 -1.107514E-01 9.794610E-01 3.220348E-02 0.000000E+00 4.705007E+00 1.292233E+01 
8.951708E-02 5.225243E-02 2.907003E-01 1.426266E-01 -1.241014E+00 4.807585E-01 -8.817119E-02 1.098833E+00 2.956559E-02 2.558612E-02 7.372100E+00 5.629285E+00 
6.184319E-02 6.040053E-02 3.062931E-01 1.607203E-01 -9.920738E-01 3.532196E-01 -9.463763E-02 9.877144E-01 3.176282E-02 4.184100E-02 3.934717E+00 1.643712E+01 
3.477091E-02 9.936172E-02 3.119390E-01 1.441613E-01 -8.253282E-01 4.265014E-01 -5.452099E-02 9.138858E-01 3.506959E-02 1.124498E-02 4.485523E+00 1.188217E+01 
8.092850E-02 4.004488E-02 3.457520E-01 1.565829E-01 -9.937115E-01 4.635710E-01 -7.738602E-02 8.484760E-01 9.157224E-03 6.120618E-03 5.167942E+00 5.807675E+00 
1.007836E-01 5.398885E-02 2.589853E-01 1.521897E-01 -7.747248E-01 4.678410E-01 -1.632583E-01 9.509493E-01 2.950632E-02 1.135919E-02 5.885358E+00 1.215215E+01 
7.680551E-02 7.752464E-02 4.261281E-01 1.374620E-01 -1.593541E+00 3.652099E-01 -6.143556E-02 4.653660E-01 2.974317E-02 8.480072E-04 4.831973E+00 7.392002E+00 
9.056232E-02 4.788659E-03 4.167683E-01 1.720601E-01 -1.285850E+00 3.142478E-01 -5.990675E-02 1.188852E+00 3.720706E-02 1.054051E-02 5.549725E+00 1.421719E+01 
4.243974E-02 4.124271E-02 3.088989E-01 1.604205E-01 -7.036894E-01 4.358694E-01 -5.923027E-02 9.841507E-01 3.089451E-02 3.225075E-02 3.167262E+00 1.240169E+01 
1.115416E-01 4.156642E-02 4.318813E-01 1.388660E-01 -9.143731E-01 5.445393E-01 -3.925279E-02 1.019423E+00 5.007315E-02 0.000000E+00 5.276291E+00 9.728844E+00 
7.493363E-02 9.828997E-02 4.613445E-01 1.579886E-01 -1.182424E+00 4.800240E-01 -3.881322E-02 8.612486E-01 4.139085E-02 2.423248E-02 5.478094E+00 5.175945E+00 
1.104503E-01 4.985286E-02 2.617883E-01 1.435222E-01 -1.258143E+00 5.007731E-01 -4.969862E-02 9.132573E-01 3.771490E-02 1.554239E-02 3.733144E+00 1.558255E+01 
7.756167E-02 3.039755E-02 2.793315E-01 1.639648E-01 -1.112168E+00 3.494621E-01 -4.210011E-02 1.243136E+00 1.839604E-02 1.728519E-02 3.701991E+00 4.526966E+00 
7.185526E-02 6.554861E-02 4.081261E-01 1.485535E-01 -1.126425E+00 3.173555E-01 -2.920838E-02 1.090140E+00 4.209678E-02 1.117941E-02 4.012945E+00 1.019677E+01 
1.220592E-01 3.485982E-02 4.135404E-01 1.537406E-01 -1.022543E+00 4.507962E-01 -7.851691E-02 1.043293E+00 3.644574E-02 1.293549E-02 5.632916E+00 4.790723E+00 
7.936843E-02 8.167496E-02 2.895541E-01 1.473453E-01 -1.617651E+00 4.189223E-01 -9.498641E-02 5.492908E-01 3.688686E-02 1.034443E-02 4.744857E+00 5.600241E+00 
7.209487E-02 5.954520E-02 4.239405E-01 1.503851E-01 -1.216324E+00 3.025496E-01 -3.857383E-02 7.374017E-02 4.716218E-02 1.539973E-02 5.759971E+00 1.078165E+01 
1.106630E-01 4.639430E-02 4.141909E-01 1.450694E-01 -8.978566E-01 5.448113E-01 -1.541387E-01 1.028352E+00 3.850303E-02 4.297645E-02 5.888780E+00 6.694488E+00 
6.027876E-02 3.616538E-02 3.749250E-01 1.664894E-01 -5.681972E-01 4.752119E-01 -9.749183E-02 1.042346E+00 3.167415E-02 2.825438E-02 4.581802E+00 7.800057E+00 
6.269243E-02 7.785863E-02 4.109231E-01 1.524659E-01 -9.339187E-01 4.751031E-01 -2.000000E-01 1.058910E+00 2.677707E-02 3.273889E-02 1.609538E+00 8.552703E+00 
4.805108E-02 4.892089E-02 3.030660E-01 1.268846E-01 -1.403259E+00 3.869455E-01 -6.513439E-02 9.976572E-01 3.944302E-02 7.352180E-03 3.380084E+00 1.064050E+01 
7.688254E-02 4.819940E-02 4.047095E-01 1.429616E-01 -1.198110E+00 3.872290E-01 -2.107988E-02 1.168703E+00 4.269297E-02 6.219438E-03 3.395069E+00 1.031909E+01 
5.488871E-02 6.205611E-02 3.485759E-01 1.502059E-01 -1.300024E+00 3.903663E-01 -8.958088E-02 8.568042E-01 4.405972E-02 1.658927E-02 4.792197E+00 9.979221E+00 
7.573422E-02 5.890530E-02 3.959787E-01 1.609032E-01 -1.636118E+00 5.153121E-01 -9.161903E-02 1.283402E+00 3.921096E-02 1.153311E-02 5.568397E+00 1.093357E+01 
5.724388E-02 1.034295E-01 4.105907E-01 1.431367E-01 -8.928708E-01 4.165696E-01 -1.996868E-02 1.002355E+00 3.197999E-02 2.839624E-02 3.039233E+00 5.103202E+00 
1.174780E-01 4.281146E-02 4.564751E-01 1.548487E-01 -1.189005E+00 4.551018E-01 -2.511874E-02 8.753611E-01 3.505211E-02 2.076900E-02 5.340340E+00 1.046692E+01 
9.337252E-02 3.848074E-02 3.785495E-01 1.785336E-01 -1.106798E+00 5.216167E-01 -1.112554E-01 6.890911E-01 4.102772E-02 3.604775E-02 3.875102E+00 5.443777E+00 
3.720447E-02 4.083300E-02 3.104352E-01 1.548567E-01 -1.320099E+00 3.967314E-01 -4.422399E-02 9.372843E-01 3.742003E-02 9.112920E-03 4.406126E+00 1.446158E+01 
8.072804E-02 4.752371E-02 3.995078E-01 1.522706E-01 -1.480596E+00 4.560546E-01 -1.402985E-01 6.336621E-01 3.229851E-02 1.034764E-02 6.177999E+00 2.608965E+00 
7.053161E-02 9.398021E-02 3.850701E-01 1.369849E-01 -1.165127E+00 4.792568E-01 -1.651840E-01 6.334404E-01 2.977240E-02 4.402836E-02 3.076751E+00 6.547445E+00 
1.023813E-01 7.065637E-02 3.457549E-01 1.558640E-01 -7.662469E-01 5.104595E-01 -1.320292E-01 8.026300E-01 2.563482E-02 1.969433E-02 5.395545E+00 4.289527E+00 
9.722110E-02 6.457788E-02 3.762877E-01 1.700941E-01 -8.042513E-01 4.205551E-01 -1.094070E-01 1.198680E+00 4.747027E-02 2.496026E-02 5.887952E+00 3.055037E+00 
1.101535E-01 5.726710E-02 3.624664E-01 1.515491E-01 -7.457905E-01 4.841091E-01 -1.376316E-01 5.407508E-01 2.805174E-02 1.990775E-02 2.492745E+00 8.483128E+00 
6.096664E-02 4.768998E-02 4.282258E-01 1.475454E-01 -1.025336E+00 4.824628E-01 -8.713043E-02 9.009103E-01 2.439643E-02 3.582962E-02 6.659746E+00 9.834491E+00 
9.454205E-02 7.646042E-02 4.239266E-01 1.258311E-01 -9.328445E-01 3.249036E-01 -8.367210E-02 5.481945E-01 0.000000E+00 1.476414E-02 3.501910E+00 1.006701E+01 
8.054991E-02 9.532077E-02 2.803356E-01 1.775559E-01 -1.277894E+00 3.969833E-01 -1.118280E-01 1.002437E+00 6.064760E-02 1.472289E-02 7.155854E+00 1.103851E+01 
9.343407E-02 3.461598E-02 3.922742E-01 1.364787E-01 -1.594098E+00 5.129470E-01 -6.799371E-02 9.025905E-01 2.041285E-02 1.831651E-02 4.486877E+00 9.802413E+00 
1.185865E-01 5.928696E-02 3.537223E-01 1.776602E-01 -1.405379E+00 4.601854E-01 -8.121656E-02 9.704718E-01 3.751429E-02 8.145301E-03 6.328939E+00 7.353593E+00 
8.576428E-02 6.910477E-02 3.854079E-01 1.410973E-01 -7.577248E-01 4.347836E-01 -9.812617E-02 5.700787E-01 3.471516E-02 1.490565E-02 5.669773E+00 6.420674E+00 
6.599939E-02 3.892483E-02 2.961738E-01 1.471409E-01 -1.539812E+00 5.141779E-01 -3.329453E-02 8.021066E-01 3.376472E-02 2.142436E-02 1.559438E+00 4.960804E+00 
7.214454E-02 6.641042E-02 3.264436E-01 1.560856E-01 -9.699954E-01 4.813552E-01 -1.504252E-01 9.620538E-01 4.557801E-02 1.924794E-02 5.472411E+00 4.797143E+00 
8.051259E-02 7.562984E-02 3.947137E-01 1.366341E-01 -1.010076E+00 3.751971E-01 -2.910266E-02 9.377710E-01 4.425722E-02 2.506649E-02 4.519822E+00 1.178675E+01 
3.955011E-02 4.777196E-02 3.741033E-01 1.530751E-01 -1.196142E+00 3.990561E-01 -6.492061E-02 7.861837E-01 5.576702E-02 4.353273E-03 3.628650E+00 4.467334E+00 
8.971727E-02 4.409175E-02 4.035631E-01 1.263264E-01 -9.965841E-01 4.146971E-01 -1.604129E-01 8.968339E-01 1.658680E-02 1.563000E-02 5.030758E+00 2.161390E+00 
1.009484E-01 4.452616E-02 3.819008E-01 1.560560E-01 -1.126209E+00 4.726306E-01 -1.336188E-01 6.922333E-01 3.158504E-02 1.289205E-02 3.932165E+00 1.263955E+01 
1.156470E-01 4.181215E-02 4.002799E-01 1.253235E-01 -1.622127E+00 5.431570E-01 -8.668136E-02 1.028095E+00 2.548535E-02 2.122460E-02 5.593463E+00 1.210379E+01 
8.267030E-02 6.399199E-02 2.825301E-01 1.547289E-01 -1.261579E+00 3.564637E-01 -4.289705E-02 1.227283E+00 3.092720E-02 2.760678E-03 4.276834E+00 8.740684E+00 
9.082001E-02 6.024795E-02 3.022554E-01 1.550783E-01 -9.882191E-01 4.146450E-01 -1.076228E-01 1.001525E+00 4.924540E-02 1.195596E-02 5.165447E+00 8.360749E+00 
1.175919E-01 5.175487E-02 3.570060E-01 1.336877E-01 -8.018441E-01 4.377781E-01 -6.881226E-02 7.705626E-01 2.285342E-02 2.410625E-02 4.307705E+00 1.148709E+01 
5.015161E-02 1.654161E-02 3.329265E-01 1.283471E-01 -1.012229E+00 4.256163E-01 -7.465075E-02 9.307683E-01 3.603605E-02 1.430549E-02 3.135154E+00 8.934167E+00 
5.550780E-02 4.155950E-02 3.649321E-01 1.536926E-01 -8.221794E-01 4.165709E-01 -1.553799E-01 9.153713E-01 1.093880E-02 4.200750E-02 4.658526E+00 1.467498E+01 
5.228172E-02 6.842415E-02 3.703314E-01 1.450535E-01 -1.241198E+00 3.759010E-01 -6.677129E-02 9.933259E-01 3.138900E-02 1.934915E-02 1.806794E+00 1.301429E+01 
6.377657E-02 4.053447E-02 3.816638E-01 1.437355E-01 -1.316920E+00 3.116600E-01 -1.494796E-01 1.176169E+00 2.962493E-02 3.565307E-02 5.814015E+00 1.507186E+01 
6.944998E-02 1.448067E-02 4.272193E-01 1.492726E-01 -1.217438E+00 4.840794E-01 -1.734963E-02 7.543572E-01 3.087553E-02 2.824678E-02 2.425196E+00 1.057954E+01 
9.282272E-02 5.002799E-02 3.221984E-01 1.627628E-01 -1.224165E+00 4.790322E-01 -2.079340E-02 8.295541E-01 5.142680E-02 2.108724E-02 3.108818E+00 1.012025E+01 
5.932965E-02 8.156740E-02 3.139104E-01 1.424989E-01 -1.523134E+00 4.559770E-01 -4.347536E-02 1.520042E+00 1.769553E-02 1.556659E-02 5.733772E+00 5.214172E+00 
