1.705143E-01 5.887308E-03 3.297611E-01 1.762713E-01 -1.331087E+00 5.815137E-01 -1.125737E-01 9.244899E-01 2.842010E-02 3.599542E-03 4.706922E+00 8.981006E+00 
1.390765E-01 1.021502E-02 3.365785E-01 1.775891E-01 -1.469645E+00 5.398523E-01 -1.196823E-01 9.123399E-01 2.658221E-02 2.264327E-04 3.803043E+00 8.726730E+00 
1.642148E-01 5.276782E-03 3.239679E-01 1.782444E-01 -1.364015E+00 5.794691E-01 -1.296095E-01 9.815004E-01 2.619134E-02 1.221367E-03 3.880002E+00 8.747569E+00 
1.881437E-01 3.796466E-03 3.349105E-01 1.801417E-01 -1.333144E+00 5.678255E-01 -1.285194E-01 9.546956E-01 2.703550E-02 1.010520E-04 3.861346E+00 8.022283E+00 
1.746957E-01 1.465055E-02 3.521853E-01 1.738633E-01 -1.377605E+00 5.091468E-01 -1.395647E-01 9.591298E-01 2.978197E-02 1.853642E-03 4.223528E+00 1.093018E+01 
1.714256E-01 9.069770E-03 3.341756E-01 1.850678E-01 -1.396952E+00 5.813418E-01 -1.510029E-01 9.908913E-01 2.726820E-02 3.709943E-04 4.123030E+00 8.672759E+00 
1.475099E-01 8.847810E-03 3.386075E-01 1.793683E-01 -1.478767E+00 5.668800E-01 -1.335350E-01 9.582995E-01 2.907560E-02 8.317958E-04 4.044632E+00 8.857101E+00 
1.689714E-01 4.096912E-03 3.310174E-01 1.805639E-01 -1.416757E+00 5.907806E-01 -1.179216E-01 9.449405E-01 2.724692E-02 9.959183E-04 4.205742E+00 8.697366E+00 
1.791651E-01 5.382081E-03 3.134284E-01 1.795794E-01 -1.402922E+00 5.857974E-01 -1.666839E-01 1.020921E+00 2.879604E-02 7.529284E-04 4.045427E+00 9.381379E+00 
1.698183E-01 4.692693E-03 3.570501E-01 1.852749E-01 -1.376941E+00 5.906069E-01 -1.641424E-01 9.637186E-01 2.802870E-02 1.102386E-03 4.297204E+00 8.507553E+00 
1.714213E-01 3.810006E-03 3.317524E-01 1.840140E-01 -1.370669E+00 5.953429E-01 -1.387384E-01 9.427939E-01 2.784142E-02 6.576605E-04 4.272068E+00 8.979481E+00 
1.660534E-01 4.613688E-03 3.226136E-01 1.828726E-01 -1.393652E+00 5.791421E-01 -1.214284E-01 9.665461E-01 2.803107E-02 9.008529E-04 4.232506E+00 9.705745E+00 
1.673951E-01 6.740542E-03 3.346047E-01 1.801744E-01 -1.398575E+00 5.860453E-01 -1.803760E-01 9.687321E-01 2.922667E-02 8.163631E-04 4.060614E+00 8.819776E+00 
1.813193E-01 5.063882E-03 3.465941E-01 1.762864E-01 -1.395150E+00 6.000000E-01 -1.286195E-01 9.396746E-01 2.893886E-02 1.440594E-03 4.068729E+00 8.729829E+00 
1.483245E-01 5.266337E-03 3.307491E-01 1.810550E-01 -1.364205E+00 5.868281E-01 -1.257214E-01 9.950925E-01 2.727321E-02 8.667838E-04 4.378234E+00 8.611299E+00 
1.746020E-01 4.188294E-03 3.324802E-01 1.800937E-01 -1.378312E+00 5.875960E-01 -1.409308E-01 9.517821E-01 2.761455E-02 5.339322E-04 3.716707E+00 9.075597E+00 
1.716377E-01 5.462875E-03 3.220611E-01 1.802463E-01 -1.408524E+00 5.758420E-01 -1.274801E-01 9.420107E-01 2.880520E-02 5.243682E-04 3.986643E+00 8.930943E+00 
1.904509E-01 5.723600E-03 3.269198E-01 1.809014E-01 -1.371659E+00 5.938849E-01 -1.547928E-01 9.463628E-01 2.784261E-02 1.070827E-03 4.332424E+00 9.389524E+00 
1.788014E-01 4.109051E-03 3.508780E-01 1.852183E-01 -1.517634E+00 6.000000E-01 -1.584624E-01 9.633852E-01 2.602327E-02 1.500376E-03 4.806348E+00 8.845570E+00 
1.644139E-01 5.100610E-03 3.124355E-01 1.758994E-01 -1.404905E+00 5.825826E-01 -1.364775E-01 1.021557E+00 2.963933E-02 7.608271E-04 4.012349E+00 7.953326E+00 
1.918958E-01 4.027838E-03 3.269452E-01 1.863335E-01 -1.375618E+00 5.890101E-01 -1.843885E-01 9.536385E-01 2.907927E-02 1.207948E-03 4.285781E+00 8.872624E+00 
1.714017E-01 5.360888E-03 3.363391E-01 1.819949E-01 -1.402336E+00 5.890937E-01 -1.471768E-01 9.060095E-01 2.680600E-02 4.227536E-04 4.010451E+00 9.136935E+00 
1.588896E-01 8.398059E-03 3.275784E-01 1.773487E-01 -1.313073E+00 5.870510E-01 -8.594567E-02 1.018912E+00 2.965623E-02 1.244688E-03 4.045330E+00 8.561453E+00 
1.658430E-01 3.140236E-03 3.188460E-01 1.833188E-01 -1.395593E+00 5.830693E-01 -1.634744E-01 9.704789E-01 2.868496E-02 1.927066E-03 4.420244E+00 8.424244E+00 
1.804667E-01 5.730754E-03 3.384166E-01 1.797012E-01 -1.413045E+00 5.774678E-01 -1.300619E-01 9.217069E-01 2.915958E-02 1.174272E-03 3.962259E+00 8.784527E+00 
1.704465E-01 5.163487E-03 3.198978E-01 1.794863E-01 -1.412745E+00 5.858237E-01 -1.237429E-01 1.040957E+00 2.580153E-02 4.823096E-05 3.991895E+00 7.896879E+00 
1.915346E-01 3.623678E-03 3.272318E-01 1.817444E-01 -1.436073E+00 5.873962E-01 -1.534166E-01 9.369849E-01 2.799362E-02 1.206613E-03 4.435275E+00 8.882743E+00 
1.779288E-01 4.960853E-03 3.300408E-01 1.770064E-01 -1.414142E+00 5.879146E-01 -1.651781E-01 9.189533E-01 2.759834E-02 1.633794E-03 4.013274E+00 8.821755E+00 
1.836699E-01 6.413586E-03 3.108702E-01 1.822239E-01 -1.467586E+00 5.840377E-01 -1.500999E-01 9.429965E-01 2.780686E-02 6.100340E-04 3.819396E+00 8.873888E+00 
1.813842E-01 6.509735E-03 3.267497E-01 1.808376E-01 -1.286622E+00 5.837245E-01 -1.470125E-01 9.591757E-01 2.754289E-02 8.234643E-04 3.957063E+00 8.599654E+00 
1.706692E-01 7.573417E-03 3.255687E-01 1.766242E-01 -1.374265E+00 5.636659E-01 -1.507865E-01 9.629712E-01 2.817011E-02 1.216586E-03 4.250340E+00 8.489244E+00 
1.741180E-01 4.107115E-03 3.294532E-01 1.841518E-01 -1.311276E+00 5.906362E-01 -1.247188E-01 9.381586E-01 2.768427E-02 1.098878E-03 3.802369E+00 8.729983E+00 
1.886990E-01 4.497103E-03 3.356577E-01 1.834141E-01 -1.378487E+00 5.851010E-01 -1.758896E-01 9.538306E-01 2.923098E-02 6.279834E-04 4.444120E+00 8.534035E+00 
1.644165E-01 6.629183E-03 3.452745E-01 1.785772E-01 -1.406971E+00 5.901470E-01 -1.642567E-01 9.448803E-01 2.765036E-02 5.745746E-04 4.155519E+00 8.534592E+00 
1.691527E-01 4.622514E-03 3.373626E-01 1.778415E-01 -1.459775E+00 5.810787E-01 -1.010152E-01 9.093166E-01 2.788877E-02 9.768472E-04 3.854262E+00 8.710245E+00 
1.711095E-01 3.969839E-03 3.338910E-01 1.825021E-01 -1.405943E+00 5.881763E-01 -1.316339E-01 9.452459E-01 2.767422E-02 3.257048E-04 3.968100E+00 9.047785E+00 
1.707927E-01 7.275244E-03 3.667943E-01 1.776783E-01 -1.442570E+00 5.714909E-01 -2.000000E-01 9.381346E-01 2.860743E-02 1.375116E-03 4.383308E+00 8.456578E+00 
1.898279E-01 5.379701E-03 3.081863E-01 1.789125E-01 -1.350231E+00 5.812171E-01 -7.451005E-02 9.425899E-01 2.857993E-02 9.383698E-04 3.893042E+00 8.948879E+00 
1.816244E-01 5.962869E-03 3.397302E-01 1.836897E-01 -1.613826E+00 5.906111E-01 -1.899543E-01 9.320711E-01 2.780368E-02 2.416867E-04 4.548550E+00 9.172354E+00 
1.759140E-01 5.788112E-03 3.296062E-01 1.813369E-01 -1.413862E+00 5.874632E-01 -1.362624E-01 9.211034E-01 2.732415E-02 1.838243E-03 4.365112E+00 1.033235E+01 
1.719267E-01 4.080246E-03 3.416508E-01 1.787533E-01 -1.407923E+00 5.775021E-01 -1.526912E-01 1.037682E+00 2.835982E-02 4.976852E-04 4.174537E+00 8.438126E+00 
1.666516E-01 6.301772E-03 3.276839E-01 1.803364E-01 -1.355776E+00 5.806104E-01 -1.417418E-01 9.448844E-01 2.908981E-02 7.855130E-04 4.087821E+00 8.457762E+00 
1.857052E-01 4.787928E-03 3.084099E-01 1.833187E-01 -1.399849E+00 5.841937E-01 -1.544567E-01 9.412789E-01 2.677717E-02 5.134756E-04 4.252973E+00 9.018306E+00 
1.756578E-01 3.994743E-03 3.386866E-01 1.814184E-01 -1.456130E+00 5.808683E-01 -1.425277E-01 9.181125E-01 2.714814E-02 1.027950E-03 4.107718E+00 9.104959E+00 
1.749563E-01 4.521183E-03 3.085285E-01 1.821709E-01 -1.388038E+00 5.830481E-01 -1.138208E-01 1.000189E+00 2.946357E-02 1.027316E-03 4.199219E+00 8.564413E+00 
1.778484E-01 5.480348E-03 3.513529E-01 1.814164E-01 -1.558631E+00 5.705768E-01 -1.186937E-01 9.037782E-01 2.675870E-02 3.503091E-03 4.032898E+00 9.337225E+00 
1.664180E-01 7.166672E-03 3.275262E-01 1.758501E-01 -1.409181E+00 5.703374E-01 -1.350769E-01 9.147233E-01 2.999592E-02 9.151750E-04 4.028879E+00 8.787556E+00 
1.907641E-01 4.045066E-03 3.321935E-01 1.892757E-01 -1.378234E+00 5.760586E-01 -1.775675E-01 9.397117E-01 2.742276E-02 7.415494E-04 3.766872E+00 8.041422E+00 
1.686874E-01 4.032027E-03 3.227263E-01 1.784663E-01 -1.384795E+00 5.722176E-01 -1.223852E-01 9.697301E-01 2.823571E-02 1.486591E-03 4.306464E+00 9.406312E+00 
1.819666E-01 4.908542E-03 3.264427E-01 1.822590E-01 -1.404292E+00 5.955354E-01 -1.608949E-01 9.550735E-01 2.750228E-02 7.161243E-04 4.510076E+00 8.850495E+00 
1.683108E-01 6.430463E-03 3.276589E-01 1.812825E-01 -1.433722E+00 5.795949E-01 -1.230412E-01 9.453343E-01 2.628288E-02 3.597146E-04 3.997440E+00 9.184669E+00 
1.882236E-01 7.081073E-03 3.349003E-01 1.787906E-01 -1.351152E+00 5.916776E-01 -1.485756E-01 9.944065E-01 2.616348E-02 6.154221E-04 4.023406E+00 8.766844E+00 
1.672293E-01 4.927268E-03 3.142645E-01 1.777076E-01 -1.311198E+00 5.745958E-01 -1.039029E-01 9.622149E-01 2.759085E-02 1.113978E-04 3.825184E+00 8.866394E+00 
1.837448E-01 5.552533E-03 3.325540E-01 1.814751E-01 -1.287294E+00 5.877039E-01 -1.639998E-01 9.461209E-01 2.793633E-02 1.658268E-03 4.226962E+00 9.110356E+00 
1.552727E-01 5.036978E-03 3.240039E-01 1.784943E-01 -1.365109E+00 5.767572E-01 -1.045230E-01 1.000086E+00 2.751825E-02 0.000000E+00 3.984610E+00 9.107999E+00 
1.371752E-01 6.622365E-03 3.278606E-01 1.874163E-01 -1.442233E+00 5.728684E-01 -1.437998E-01 9.753618E-01 2.825279E-02 4.388123E-04 4.307631E+00 8.603763E+00 
1.749716E-01 4.746714E-03 3.274921E-01 1.810961E-01 -1.386231E+00 5.808806E-01 -1.638290E-01 9.493971E-01 2.938367E-02 1.584016E-03 4.027179E+00 9.700125E+00 
1.774842E-01 3.404105E-03 3.230311E-01 1.811455E-01 -1.377533E+00 5.840825E-01 -1.377427E-01 9.472481E-01 2.915488E-02 3.082934E-04 4.184633E+00 9.072025E+00 
1.894321E-01 5.133121E-03 3.172271E-01 1.772340E-01 -1.360732E+00 6.000000E-01 -1.411969E-01 9.264953E-01 3.136953E-02 1.035888E-03 4.017926E+00 9.080139E+00 
1.888914E-01 5.622539E-03 3.268424E-01 1.875068E-01 -1.346199E+00 5.963801E-01 -1.479369E-01 9.319818E-01 2.805442E-02 1.862645E-04 4.543007E+00 8.927100E+00 
1.707432E-01 4.788261E-03 3.366927E-01 1.800801E-01 -1.503472E+00 5.772626E-01 -1.472077E-01 9.988461E-01 2.748428E-02 1.105668E-03 4.158450E+00 8.978803E+00 
1.683809E-01 3.596653E-03 3.325672E-01 1.806000E-01 -1.380335E+00 5.911616E-01 -1.143563E-01 9.797062E-01 2.660621E-02 6.044076E-04 4.098387E+00 8.561938E+00 
1.710704E-01 6.084388E-03 3.478980E-01 1.842330E-01 -1.386574E+00 5.844629E-01 -1.532320E-01 9.821636E-01 2.734759E-02 5.880984E-04 4.284041E+00 7.660642E+00 
1.613040E-01 4.306107E-03 3.253973E-01 1.812942E-01 -1.390354E+00 5.886289E-01 -1.774616E-01 9.384948E-01 2.842959E-02 7.166760E-04 4.191256E+00 8.750993E+00 
1.835851E-01 7.984875E-03 3.298116E-01 1.793347E-01 -1.398515E+00 5.782137E-01 -1.302062E-01 9.677256E-01 2.868646E-02 5.021722E-04 4.230997E+00 7.916564E+00 
1.693878E-01 3.756829E-03 3.276169E-01 1.807774E-01 -1.434872E+00 5.825873E-01 -1.481750E-01 9.883005E-01 2.876813E-02 4.130605E-04 4.010236E+00 8.489210E+00 
1.818619E-01 5.844029E-03 3.365198E-01 1.838525E-01 -1.301038E+00 5.790436E-01 -1.298507E-01 9.249705E-01 2.717065E-02 6.715093E-04 4.027598E+00 8.062962E+00 
1.841505E-01 4.024315E-03 3.305215E-01 1.784758E-01 -1.385355E+00 5.843049E-01 -1.585878E-01 8.663574E-01 2.824755E-02 4.343086E-04 4.078150E+00 8.914939E+00 
1.685626E-01 5.242966E-03 3.273106E-01 1.793108E-01 -1.379011E+00 5.824315E-01 -1.580866E-01 9.748144E-01 2.611844E-02 5.184501E-04 3.619411E+00 9.601936E+00 
1.624334E-01 4.486142E-03 3.105929E-01 1.797270E-01 -1.396665E+00 5.805418E-01 -1.303381E-01 9.679258E-01 2.924825E-02 1.002906E-03 4.161976E+00 8.416899E+00 
1.797845E-01 4.274249E-03 3.288047E-01 1.859723E-01 -1.396540E+00 5.911418E-01 -1.066241E-01 9.980556E-01 2.817812E-02 4.332194E-04 4.126338E+00 9.665942E+00 
1.904686E-01 4.528471E-03 3.158688E-01 1.768271E-01 -1.470877E+00 5.827082E-01 -1.494390E-01 9.329065E-01 2.711544E-02 1.439092E-03 4.136285E+00 8.287957E+00 
1.733762E-01 5.074225E-03 3.505200E-01 1.833070E-01 -1.466807E+00 5.911546E-01 -1.674063E-01 8.712306E-01 2.759735E-02 1.242274E-03 4.285531E+00 8.202341E+00 
1.543455E-01 4.598663E-03 3.438567E-01 1.824254E-01 -1.434863E+00 5.845935E-01 -1.637050E-01 9.832441E-01 2.758351E-02 1.413388E-03 4.146618E+00 8.755089E+00 
1.749668E-01 3.593414E-03 3.423007E-01 1.802981E-01 -1.419947E+00 5.688266E-01 -1.357777E-01 9.801289E-01 2.844212E-02 9.627273E-04 3.854986E+00 7.919240E+00 
1.676114E-01 4.116861E-03 3.459626E-01 1.781522E-01 -1.314532E+00 5.966366E-01 -2.000000E-01 9.397999E-01 2.822303E-02 7.079966E-04 4.013408E+00 8.460509E+00 
1.620490E-01 5.413915E-03 3.334201E-01 1.779762E-01 -1.494134E+00 5.827356E-01 -1.461288E-01 9.197561E-01 2.846046E-02 5.971305E-04 4.260106E+00 9.080683E+00 
1.631274E-01 3.015514E-03 3.347156E-01 1.794172E-01 -1.391246E+00 5.528805E-01 -1.343895E-01 9.440422E-01 2.796523E-02 1.117333E-03 3.934933E+00 9.435868E+00 
1.695956E-01 5.311634E-03 3.303260E-01 1.816873E-01 -1.398223E+00 5.813694E-01 -1.118406E-01 9.140542E-01 2.813140E-02 6.470565E-04 3.986933E+00 8.978691E+00 
1.785226E-01 4.733355E-03 3.339145E-01 1.826728E-01 -1.356961E+00 5.818128E-01 -1.822297E-01 9.030091E-01 2.835545E-02 4.563075E-04 4.200662E+00 8.368159E+00 
1.887185E-01 4.824241E-03 3.358520E-01 1.817978E-01 -1.317445E+00 5.871947E-01 -1.675071E-01 9.442419E-01 2.848341E-02 8.476243E-04 3.993685E+00 9.609717E+00 
1.729704E-01 4.146661E-03 3.050901E-01 1.794979E-01 -1.372285E+00 5.740840E-01 -1.357027E-01 9.973390E-01 2.632207E-02 5.036345E-04 4.078361E+00 8.467279E+00 
1.725338E-01 6.479821E-03 3.348137E-01 1.802417E-01 -1.504128E+00 5.908474E-01 -1.576468E-01 8.977932E-01 2.567826E-02 1.402122E-03 4.153523E+00 8.946291E+00 
1.703203E-01 3.252277E-03 3.260951E-01 1.816654E-01 -1.456324E+00 5.814434E-01 -1.130899E-01 9.658756E-01 2.703631E-02 2.585031E-04 4.120225E+00 7.974621E+00 
1.719930E-01 4.090146E-03 3.478642E-01 1.820038E-01 -1.436271E+00 5.884352E-01 -1.524124E-01 9.494198E-01 2.736384E-02 8.211848E-04 4.227858E+00 7.902482E+00 
1.699760E-01 5.061424E-03 3.199205E-01 1.760356E-01 -1.401931E+00 5.731808E-01 -1.385494E-01 9.436546E-01 2.548766E-02 6.825015E-04 4.016755E+00 9.393156E+00 
1.815971E-01 9.088355E-03 3.375673E-01 1.855761E-01 -1.381380E+00 5.734172E-01 -1.502746E-01 1.083960E+00 2.759395E-02 1.087867E-03 4.422114E+00 8.326863E+00 
1.799550E-01 2.280953E-03 3.161632E-01 1.831496E-01 -1.346075E+00 5.947927E-01 -1.306200E-01 9.741692E-01 2.667420E-02 1.997986E-03 3.821010E+00 8.858080E+00 
1.953101E-01 5.651408E-03 3.225000E-01 1.826889E-01 -1.384185E+00 5.927171E-01 -1.668561E-01 9.525040E-01 2.942541E-02 8.277646E-04 4.152299E+00 9.137192E+00 
1.626015E-01 6.083259E-03 3.193564E-01 1.772699E-01 -1.363136E+00 5.931413E-01 -1.611880E-01 9.916337E-01 2.755926E-02 1.202051E-03 4.183115E+00 8.780379E+00 
1.681618E-01 5.353303E-03 3.525355E-01 1.803540E-01 -1.363365E+00 5.917073E-01 -1.278458E-01 9.341634E-01 2.628759E-02 1.355095E-03 4.072410E+00 8.446753E+00 
1.774179E-01 5.936515E-03 3.373068E-01 1.755389E-01 -1.471659E+00 5.868341E-01 -1.418770E-01 8.588426E-01 2.714667E-02 7.436803E-04 3.923292E+00 9.130227E+00 
1.839952E-01 2.745192E-03 3.311910E-01 1.787228E-01 -1.474347E+00 5.785658E-01 -1.465197E-01 9.374939E-01 2.795740E-02 1.007825E-03 4.143745E+00 7.548431E+00 
1.794709E-01 5.003699E-03 3.062548E-01 1.807430E-01 -1.377489E+00 5.877639E-01 -1.551678E-01 9.967840E-01 2.841760E-02 3.169980E-04 4.197117E+00 8.821653E+00 
1.775612E-01 4.877895E-03 3.369185E-01 1.845225E-01 -1.466596E+00 5.910912E-01 -1.187284E-01 9.916453E-01 2.654956E-02 5.391982E-04 4.098687E+00 8.806556E+00 
1.670719E-01 4.408163E-03 3.191707E-01 1.833836E-01 -1.362457E+00 5.765343E-01 -9.153927E-02 9.533566E-01 2.870875E-02 6.828116E-04 4.047265E+00 8.570353E+00 
1.738146E-01 4.187368E-03 3.519337E-01 1.794391E-01 -1.600155E+00 5.832600E-01 -1.462431E-01 8.999138E-01 2.700768E-02 1.206117E-03 4.132570E+00 8.991641E+00 
1.650388E-01 7.717138E-03 3.427345E-01 1.823385E-01 -1.424613E+00 5.828441E-01 -1.261946E-01 9.778934E-01 2.736341E-02 1.202674E-03 4.043444E+00 9.343404E+00 
1.829398E-01 5.489919E-03 3.518799E-01 1.807170E-01 -1.419751E+00 5.503827E-01 -1.360575E-01 9.365792E-01 2.703646E-02 8.076189E-04 4.434152E+00 8.626797E+00 
1.641532E-01 4.808698E-03 3.162736E-01 1.806586E-01 -1.314763E+00 5.763310E-01 -1.192175E-01 9.662068E-01 2.772996E-02 6.395578E-04 4.008248E+00 7.889262E+00 
1.723154E-01 4.200118E-03 3.206530E-01 1.805476E-01 -1.343797E+00 5.803096E-01 -1.127420E-01 9.601174E-01 2.911180E-02 1.312399E-04 4.058751E+00 8.563394E+00 
1.717858E-01 5.115682E-03 3.085019E-01 1.796843E-01 -1.382470E+00 5.817522E-01 -1.062095E-01 9.138345E-01 2.732718E-02 1.418025E-03 4.298017E+00 9.256854E+00 
1.923553E-01 6.910649E-03 3.223719E-01 1.820619E-01 -1.382553E+00 5.918827E-01 -1.602695E-01 9.757131E-01 2.832771E-02 1.778711E-03 4.030144E+00 8.699497E+00 
1.813543E-01 5.760653E-03 3.309041E-01 1.814887E-01 -1.417554E+00 5.640755E-01 -1.306380E-01 9.503697E-01 2.705548E-02 9.181912E-04 4.224357E+00 9.378180E+00 
1.747361E-01 4.627886E-03 3.420468E-01 1.814188E-01 -1.454560E+00 5.800583E-01 -1.384385E-01 9.396399E-01 2.895891E-02 1.210563E-03 4.349661E+00 8.128789E+00 
1.693591E-01 7.157231E-03 3.360279E-01 1.800185E-01 -1.372809E+00 5.753693E-01 -1.299056E-01 9.429901E-01 2.766539E-02 1.352381E-03 4.181070E+00 8.945923E+00 
1.690153E-01 5.730214E-03 3.213548E-01 1.781679E-01 -1.408627E+00 5.841554E-01 -1.068508E-01 9.388105E-01 2.836691E-02 8.279806E-04 4.122609E+00 9.521259E+00 
1.656532E-01 6.334713E-03 3.268426E-01 1.756438E-01 -1.403888E+00 5.829682E-01 -1.060904E-01 9.274668E-01 2.836443E-02 6.208192E-04 3.910666E+00 9.056820E+00 
1.500109E-01 7.226413E-03 3.359240E-01 1.799263E-01 -1.438964E+00 5.818804E-01 -1.398535E-01 9.406515E-01 2.879944E-02 1.154752E-03 3.937547E+00 9.168214E+00 
1.676710E-01 6.993328E-03 3.395430E-01 1.703659E-01 -1.402230E+00 5.826067E-01 -1.292973E-01 8.784835E-01 2.874498E-02 1.083084E-04 3.938820E+00 9.351620E+00 
1.646545E-01 7.220065E-03 3.505903E-01 1.774867E-01 -1.340263E+00 5.627846E-01 -1.195656E-01 9.697533E-01 2.783228E-02 4.815558E-03 4.521375E+00 9.560531E+00 
1.198766E-01 6.715385E-03 3.338509E-01 1.789492E-01 -1.405668E+00 5.685764E-01 -1.373997E-01 9.273739E-01 3.254525E-02 3.170714E-03 4.205633E+00 8.246664E+00 
1.667876E-01 5.151753E-03 3.464217E-01 1.797236E-01 -1.411390E+00 5.893641E-01 -1.654687E-01 9.455621E-01 2.684932E-02 7.864582E-04 4.091531E+00 8.406834E+00 
1.526318E-01 5.179949E-03 3.275896E-01 1.794204E-01 -1.372658E+00 5.866342E-01 -1.797665E-01 9.730737E-01 2.855556E-02 6.530266E-04 4.298036E+00 8.527150E+00 
1.769057E-01 5.678875E-03 3.454065E-01 1.820963E-01 -1.436912E+00 5.885894E-01 -1.667335E-01 9.198671E-01 2.698571E-02 3.990098E-04 4.331461E+00 8.786179E+00 
1.834906E-01 5.838331E-03 3.417935E-01 1.852998E-01 -1.408582E+00 5.904463E-01 -1.707525E-01 1.002144E+00 2.773451E-02 8.229661E-04 3.922209E+00 8.634287E+00 
1.657112E-01 6.268195E-03 3.310281E-01 1.790913E-01 -1.394067E+00 5.910250E-01 -1.302794E-01 9.609925E-01 2.666033E-02 1.837190E-03 4.619494E+00 8.627723E+00 
1.717851E-01 5.437923E-03 3.385452E-01 1.783721E-01 -1.467838E+00 5.847005E-01 -1.595081E-01 9.196000E-01 2.625239E-02 8.350814E-04 4.226561E+00 8.892783E+00 
1.653821E-01 3.813558E-03 3.369980E-01 1.790716E-01 -1.514370E+00 5.852337E-01 -1.483619E-01 9.674955E-01 2.875538E-02 9.100785E-04 4.571101E+00 9.504863E+00 
1.780401E-01 6.284669E-03 3.555573E-01 1.867162E-01 -1.409920E+00 5.972076E-01 -1.880795E-01 9.419970E-01 2.727231E-02 2.971319E-04 4.305298E+00 7.856805E+00 
1.537771E-01 6.508750E-03 3.308202E-01 1.872423E-01 -1.464645E+00 5.883444E-01 -1.763492E-01 8.976617E-01 2.979503E-02 4.190222E-04 4.155331E+00 8.500723E+00 
1.768586E-01 5.373341E-03 3.541958E-01 1.810278E-01 -1.329695E+00 5.898586E-01 -1.462038E-01 9.498444E-01 2.676673E-02 1.187383E-03 4.074224E+00 8.974922E+00 
1.760565E-01 5.392098E-03 3.303870E-01 1.841236E-01 -1.402138E+00 5.839722E-01 -1.467904E-01 8.337632E-01 2.768537E-02 6.068380E-04 4.302492E+00 8.895417E+00 
1.731511E-01 4.411926E-03 3.248056E-01 1.834234E-01 -1.362590E+00 5.776566E-01 -1.303503E-01 9.688127E-01 2.825110E-02 8.798643E-04 4.092451E+00 9.092455E+00 
1.777952E-01 6.262070E-03 3.430784E-01 1.819105E-01 -1.501250E+00 5.951860E-01 -1.662688E-01 1.003078E+00 2.801886E-02 1.228539E-04 4.401422E+00 9.108202E+00 
1.895902E-01 4.994683E-03 3.116287E-01 1.823512E-01 -1.372396E+00 5.806828E-01 -1.327212E-01 9.415992E-01 2.619870E-02 5.384878E-04 3.518492E+00 8.716386E+00 
1.704026E-01 7.759326E-03 3.286592E-01 1.782619E-01 -1.429607E+00 5.716561E-01 -1.096212E-01 1.017631E+00 2.770703E-02 0.000000E+00 4.215125E+00 8.267557E+00 
1.936079E-01 3.613543E-03 3.271321E-01 1.750729E-01 -1.374667E+00 5.921675E-01 -1.711710E-01 9.128764E-01 2.753667E-02 7.234637E-04 4.269269E+00 8.475687E+00 
1.691175E-01 1.000000E-04 3.384256E-01 1.842523E-01 -1.398118E+00 5.765686E-01 -1.348934E-01 9.491690E-01 2.773105E-02 1.641004E-03 3.620718E+00 8.499172E+00 
1.825274E-01 4.885350E-03 3.384362E-01 1.832220E-01 -1.359368E+00 5.954680E-01 -1.395321E-01 9.725246E-01 2.928299E-02 9.640900E-04 4.090792E+00 9.145556E+00 
1.695048E-01 7.067289E-03 3.178640E-01 1.804710E-01 -1.374060E+00 5.714247E-01 -1.130853E-01 9.529487E-01 2.918821E-02 8.910281E-04 4.253515E+00 8.374173E+00 
1.972068E-01 7.216874E-03 3.474563E-01 1.846009E-01 -1.376885E+00 5.732231E-01 -1.446058E-01 9.018874E-01 2.787083E-02 2.075127E-03 4.239793E+00 8.758878E+00 
1.825930E-01 6.548815E-03 3.274781E-01 1.789457E-01 -1.389043E+00 5.804774E-01 -1.363270E-01 9.382895E-01 2.800681E-02 9.070105E-04 4.139723E+00 8.802246E+00 
1.741427E-01 5.912644E-03 3.372753E-01 1.843846E-01 -1.401438E+00 5.887640E-01 -1.645533E-01 9.486095E-01 2.659335E-02 8.739772E-04 4.324061E+00 9.042502E+00 
1.738046E-01 5.822507E-03 3.326734E-01 1.800770E-01 -1.426232E+00 5.880313E-01 -1.126011E-01 9.437275E-01 3.163981E-02 1.008837E-03 3.583000E+00 9.041107E+00 
1.804684E-01 3.727023E-03 3.071163E-01 1.760958E-01 -1.375961E+00 5.933742E-01 -1.770187E-01 9.149997E-01 2.708798E-02 7.603450E-04 4.307426E+00 9.039241E+00 
1.744608E-01 4.592212E-03 3.371451E-01 1.808432E-01 -1.370781E+00 5.910570E-01 -1.328420E-01 9.207137E-01 2.808143E-02 8.673826E-04 3.586671E+00 8.643217E+00 
1.765974E-01 4.831203E-03 3.405283E-01 1.859583E-01 -1.431611E+00 5.965995E-01 -1.590993E-01 9.247960E-01 2.713986E-02 1.046265E-03 4.429279E+00 8.722151E+00 
1.664156E-01 4.451498E-03 3.248691E-01 1.806456E-01 -1.435710E+00 5.805740E-01 -1.327999E-01 9.527005E-01 2.797799E-02 1.662085E-03 4.416274E+00 9.677587E+00 
1.795539E-01 5.213482E-03 3.106791E-01 1.823005E-01 -1.401812E+00 5.831015E-01 -1.465597E-01 1.180217E+00 2.987062E-02 8.233798E-04 4.207283E+00 7.908088E+00 
1.810490E-01 6.346921E-03 3.322807E-01 1.814269E-01 -1.415853E+00 5.909333E-01 -1.390538E-01 9.427132E-01 2.860944E-02 9.339673E-05 4.246340E+00 8.302675E+00 
1.912270E-01 3.205801E-03 3.535188E-01 1.848091E-01 -1.457034E+00 5.929398E-01 -1.829122E-01 9.329066E-01 2.767491E-02 5.204205E-04 4.374291E+00 6.993557E+00 
1.415884E-01 6.385132E-03 3.100951E-01 1.806383E-01 -1.393811E+00 5.780632E-01 -1.764656E-01 9.230798E-01 2.782552E-02 1.060264E-03 4.144093E+00 9.504515E+00 
1.697615E-01 6.168152E-03 3.060988E-01 1.825097E-01 -1.394387E+00 5.939422E-01 -1.656903E-01 1.003966E+00 2.722769E-02 1.415666E-03 4.078920E+00 8.821618E+00 
1.825310E-01 4.309588E-03 3.405577E-01 1.841202E-01 -1.368181E+00 5.882851E-01 -1.619293E-01 9.329071E-01 2.594044E-02 9.117325E-04 4.364165E+00 8.358334E+00 
1.751691E-01 5.292821E-03 3.179738E-01 1.775518E-01 -1.261344E+00 5.826273E-01 -1.456911E-01 9.288756E-01 2.847323E-02 5.669671E-04 4.266613E+00 8.648910E+00 
1.633880E-01 3.385291E-03 3.331691E-01 1.781439E-01 -1.437655E+00 5.770594E-01 -1.321039E-01 1.034465E+00 2.818452E-02 6.632907E-04 4.034429E+00 7.336886E+00 
1.869094E-01 5.798760E-03 3.168305E-01 1.836804E-01 -1.347100E+00 5.814993E-01 -1.614265E-01 9.326670E-01 2.791490E-02 1.216512E-03 4.109896E+00 8.521799E+00 
1.711833E-01 4.711819E-03 3.447943E-01 1.820798E-01 -1.435145E+00 5.914244E-01 -1.164694E-01 9.821232E-01 2.818293E-02 3.151304E-04 4.189561E+00 9.330921E+00 
1.794611E-01 5.488260E-03 3.298561E-01 1.837043E-01 -1.439590E+00 5.786830E-01 -1.363041E-01 8.694103E-01 2.846475E-02 9.295347E-04 4.027629E+00 8.307059E+00 
1.737668E-01 5.064490E-03 3.036572E-01 1.788244E-01 -1.355211E+00 5.784233E-01 -1.228501E-01 9.475977E-01 2.827684E-02 7.304182E-04 4.047163E+00 8.370754E+00 
1.652471E-01 5.705016E-03 3.228577E-01 1.821631E-01 -1.416588E+00 5.791572E-01 -1.395996E-01 9.535031E-01 2.807686E-02 2.286307E-04 4.017612E+00 9.537960E+00 
1.791393E-01 3.874824E-03 3.331559E-01 1.832315E-01 -1.376712E+00 5.828146E-01 -1.269431E-01 9.974831E-01 2.816466E-02 1.060725E-03 4.235052E+00 8.831064E+00 
1.701606E-01 7.065873E-03 3.408542E-01 1.820282E-01 -1.366285E+00 5.958257E-01 -1.467996E-01 9.677111E-01 2.833042E-02 1.308396E-03 4.214877E+00 8.856447E+00 
1.665893E-01 4.328651E-03 3.341861E-01 1.847271E-01 -1.388460E+00 5.961873E-01 -1.796586E-01 9.649927E-01 2.778539E-02 7.674038E-04 4.097731E+00 8.046284E+00 
1.772525E-01 4.999317E-03 3.278935E-01 1.802634E-01 -1.385322E+00 5.876451E-01 -1.922918E-01 9.344387E-01 2.851981E-02 3.949405E-04 4.319793E+00 8.822289E+00 
1.824178E-01 4.862223E-03 3.125434E-01 1.756312E-01 -1.393102E+00 5.844860E-01 -1.303095E-01 9.694037E-01 2.706413E-02 7.560208E-04 3.784228E+00 8.689303E+00 
1.821751E-01 4.713243E-03 3.121786E-01 1.817160E-01 -1.342429E+00 5.729298E-01 -1.795543E-01 9.974961E-01 2.860611E-02 5.527114E-04 4.193942E+00 8.606657E+00 
1.697235E-01 5.691149E-03 3.451708E-01 1.773068E-01 -1.354943E+00 5.782592E-01 -1.876371E-01 9.616539E-01 2.902842E-02 1.028135E-04 4.063893E+00 9.364517E+00 
1.743014E-01 4.483384E-03 3.213847E-01 1.822290E-01 -1.403801E+00 5.703029E-01 -1.347938E-01 9.875809E-01 2.703174E-02 7.809500E-04 4.111569E+00 9.883790E+00 
1.807421E-01 7.339397E-04 3.258757E-01 1.806854E-01 -1.454992E+00 5.794601E-01 -1.367970E-01 9.767657E-01 2.699729E-02 5.343605E-04 4.126389E+00 8.640544E+00 
1.703542E-01 4.808531E-03 3.305735E-01 1.828237E-01 -1.377656E+00 5.490180E-01 -1.128218E-01 9.670173E-01 2.830998E-02 9.905268E-04 4.276732E+00 8.611670E+00 
1.801128E-01 4.922429E-03 3.345273E-01 1.837440E-01 -1.378723E+00 5.745460E-01 -1.628524E-01 9.068885E-01 2.633834E-02 1.089097E-03 4.381887E+00 8.730921E+00 
1.605434E-01 6.332428E-03 3.120806E-01 1.778916E-01 -1.396249E+00 5.512034E-01 -1.476639E-01 9.479916E-01 2.853098E-02 5.798553E-04 4.286205E+00 8.648654E+00 
1.633922E-01 5.209554E-03 3.500375E-01 1.834498E-01 -1.398207E+00 5.048272E-01 -1.433132E-01 9.235251E-01 2.837995E-02 5.602613E-04 4.623773E+00 8.340492E+00 
1.801154E-01 6.318928E-03 3.325827E-01 1.860452E-01 -1.476596E+00 5.784009E-01 -1.283388E-01 9.425097E-01 3.055506E-02 9.663924E-04 4.028661E+00 8.394596E+00 
1.649953E-01 6.710460E-03 3.094298E-01 1.748517E-01 -1.426816E+00 5.792783E-01 -1.003780E-01 9.688941E-01 3.087381E-02 1.424492E-03 4.000207E+00 8.939046E+00 
1.613245E-01 5.630525E-03 3.315597E-01 1.826967E-01 -1.422384E+00 5.814874E-01 -1.665893E-01 9.884123E-01 2.810563E-02 4.190942E-04 4.188413E+00 7.979227E+00 
1.696129E-01 6.266962E-03 3.390727E-01 1.724917E-01 -1.276198E+00 5.762073E-01 -1.095595E-01 9.552750E-01 2.745720E-02 2.820236E-03 4.301440E+00 9.942030E+00 
1.652484E-01 5.866658E-03 3.456805E-01 1.792366E-01 -1.441859E+00 5.961555E-01 -1.294222E-01 8.878603E-01 2.777338E-02 4.867276E-04 4.055372E+00 8.783532E+00 
1.789555E-01 4.552620E-03 3.196141E-01 1.802734E-01 -1.526673E+00 5.945813E-01 -1.629150E-01 9.171864E-01 2.723400E-02 7.224745E-04 4.035134E+00 9.013646E+00 
1.624210E-01 4.431427E-03 3.276996E-01 1.807413E-01 -1.431198E+00 5.698096E-01 -1.448018E-01 9.901002E-01 2.967723E-02 1.292179E-03 4.137525E+00 8.797917E+00 
1.966358E-01 3.296433E-03 3.265286E-01 1.800947E-01 -1.491204E+00 5.836777E-01 -1.499751E-01 9.856175E-01 2.810013E-02 7.321290E-04 4.099945E+00 9.678833E+00 
1.665874E-01 5.233378E-03 3.463931E-01 1.781062E-01 -1.338401E+00 5.881691E-01 -1.474914E-01 9.661151E-01 2.670999E-02 1.213962E-03 4.094002E+00 8.996689E+00 
1.703249E-01 4.722262E-03 3.284622E-01 1.817085E-01 -1.391817E+00 5.866165E-01 -1.343996E-01 9.237908E-01 2.681206E-02 1.750725E-03 4.178883E+00 8.109356E+00 
1.770498E-01 4.827390E-03 3.350393E-01 1.808913E-01 -1.487985E+00 5.899217E-01 -1.177074E-01 9.163935E-01 2.868818E-02 2.709432E-03 4.377508E+00 9.745580E+00 
1.671180E-01 5.906628E-03 3.221920E-01 1.743829E-01 -1.469396E+00 5.809115E-01 -1.416194E-01 9.826686E-01 2.738055E-02 1.078030E-03 3.969544E+00 9.088434E+00 
1.587987E-01 1.417801E-02 3.267190E-01 1.807257E-01 -1.371050E+00 5.232262E-01 -1.133782E-01 9.882683E-01 2.882086E-02 4.300475E-04 4.208651E+00 8.670028E+00 
1.720503E-01 9.188765E-03 3.475077E-01 1.821864E-01 -1.407156E+00 5.960739E-01 -1.486929E-01 9.624512E-01 2.685107E-02 1.030649E-03 3.868876E+00 8.348918E+00 
1.833157E-01 4.800831E-03 3.004411E-01 1.764248E-01 -1.371082E+00 5.795290E-01 -1.295505E-01 9.346374E-01 2.800389E-02 1.122404E-03 3.927477E+00 9.062484E+00 
1.678924E-01 5.386360E-03 3.430188E-01 1.813046E-01 -1.290828E+00 5.727509E-01 -1.541431E-01 9.476127E-01 2.879070E-02 1.409451E-03 4.135685E+00 9.122753E+00 
1.803979E-01 5.614508E-03 3.281653E-01 1.816720E-01 -1.320034E+00 5.792672E-01 -1.566318E-01 9.384986E-01 2.831797E-02 1.094774E-03 4.187984E+00 8.920550E+00 
1.744669E-01 5.105201E-03 3.246835E-01 1.840345E-01 -1.414526E+00 5.924025E-01 -1.522192E-01 9.668117E-01 2.593180E-02 7.676633E-04 3.809177E+00 8.323936E+00 
1.775255E-01 1.029632E-02 3.407696E-01 1.822570E-01 -1.380248E+00 5.892935E-01 -1.424293E-01 9.808168E-01 2.889392E-02 1.816462E-03 4.239554E+00 9.784311E+00 
1.560457E-01 4.845203E-03 3.126354E-01 1.777387E-01 -1.374602E+00 5.827211E-01 -1.068248E-01 9.543984E-01 2.899911E-02 7.765921E-04 4.106628E+00 8.723096E+00 
1.698181E-01 5.866898E-03 3.225085E-01 1.828229E-01 -1.446750E+00 5.925930E-01 -1.090294E-01 9.682374E-01 2.767885E-02 7.012466E-04 3.566441E+00 8.568682E+00 
1.721504E-01 3.813781E-03 3.147551E-01 1.812185E-01 -1.411567E+00 5.641225E-01 -1.750455E-01 9.378266E-01 2.739104E-02 2.978823E-04 4.209233E+00 9.619487E+00 
1.760597E-01 6.575195E-03 3.601170E-01 1.857279E-01 -1.414522E+00 5.870647E-01 -1.531621E-01 8.894420E-01 2.634167E-02 6.644573E-04 4.336550E+00 9.255018E+00 
1.878910E-01 3.377318E-03 3.395242E-01 1.826687E-01 -1.326547E+00 5.880449E-01 -1.705011E-01 9.446383E-01 2.908066E-02 7.388118E-04 4.192493E+00 9.557706E+00 
1.768021E-01 4.486509E-03 3.252136E-01 1.775832E-01 -1.397247E+00 5.783087E-01 -1.457925E-01 8.805618E-01 2.921745E-02 1.058338E-03 4.203442E+00 8.973404E+00 
1.750352E-01 4.540001E-03 3.232673E-01 1.816103E-01 -1.360050E+00 5.913511E-01 -1.587756E-01 9.455993E-01 2.645237E-02 1.515426E-03 4.199413E+00 8.487574E+00 
1.830034E-01 5.893367E-03 3.188310E-01 1.747754E-01 -1.389884E+00 5.865938E-01 -1.327908E-01 9.399364E-01 2.741659E-02 1.070058E-03 4.132913E+00 8.321929E+00 
1.833671E-01 1.000000E-04 3.260680E-01 1.774566E-01 -1.412659E+00 5.559968E-01 -1.214495E-01 9.751459E-01 2.720971E-02 2.784352E-03 3.999324E+00 8.802528E+00 
1.767778E-01 4.169426E-03 2.954132E-01 1.819375E-01 -1.441875E+00 5.892687E-01 -1.534096E-01 9.083744E-01 2.739178E-02 6.795380E-04 4.137191E+00 8.843867E+00 
1.772996E-01 5.779183E-03 3.382730E-01 1.813166E-01 -1.508281E+00 5.890002E-01 -1.383271E-01 9.535996E-01 2.791572E-02 8.587239E-04 4.198471E+00 9.425865E+00 
1.683002E-01 5.047461E-03 3.124057E-01 1.794449E-01 -1.343537E+00 5.830042E-01 -1.223615E-01 9.630029E-01 2.935235E-02 6.459997E-04 3.392316E+00 8.580921E+00 
1.806748E-01 5.184208E-03 3.364532E-01 1.800417E-01 -1.391050E+00 5.625017E-01 -1.138528E-01 9.837203E-01 2.694406E-02 8.972267E-04 4.532850E+00 9.132507E+00 
1.883493E-01 5.591792E-03 3.382071E-01 1.813306E-01 -1.381065E+00 5.859033E-01 -1.227392E-01 9.450961E-01 2.728157E-02 9.146407E-04 3.878841E+00 8.638761E+00 
1.720916E-01 4.751624E-03 3.272998E-01 1.824615E-01 -1.408278E+00 5.803467E-01 -1.328179E-01 8.956484E-01 2.731603E-02 1.449727E-04 4.181814E+00 8.365755E+00 
1.665605E-01 2.656703E-03 3.399533E-01 1.823330E-01 -1.371750E+00 5.939253E-01 -1.552244E-01 9.161633E-01 2.631418E-02 9.529892E-04 3.810914E+00 8.170264E+00 
1.386175E-01 4.702773E-03 3.448309E-01 1.808957E-01 -1.374223E+00 5.974772E-01 -1.331043E-01 9.257214E-01 2.727004E-02 1.093321E-03 4.382995E+00 9.161657E+00 
1.759025E-01 5.323137E-03 3.459604E-01 1.799713E-01 -1.248566E+00 5.782441E-01 -1.657713E-01 8.906456E-01 2.828071E-02 3.413453E-04 4.250120E+00 7.946762E+00 
1.626169E-01 4.034221E-03 3.311925E-01 1.787922E-01 -1.389393E+00 5.877301E-01 -1.231251E-01 9.797827E-01 2.858114E-02 6.313345E-04 4.424834E+00 9.337642E+00 
1.718795E-01 5.622116E-03 3.380971E-01 1.831208E-01 -1.431668E+00 5.716371E-01 -1.244079E-01 9.226634E-01 2.729401E-02 2.471938E-03 4.109944E+00 8.355466E+00 
1.845077E-01 4.532886E-03 3.197066E-01 1.793780E-01 -1.340364E+00 5.845523E-01 -1.738095E-01 9.516990E-01 2.817734E-02 9.574890E-04 4.150330E+00 8.800828E+00 
1.658636E-01 4.823714E-03 3.105595E-01 1.801893E-01 -1.284067E+00 5.816355E-01 -1.316937E-01 9.718638E-01 2.991714E-02 1.233055E-03 4.029054E+00 8.615905E+00 
1.600126E-01 4.917919E-03 3.392850E-01 1.817422E-01 -1.375255E+00 5.847025E-01 -1.628355E-01 9.036349E-01 2.844292E-02 6.068403E-04 4.187529E+00 8.803157E+00 
1.793474E-01 5.489931E-03 3.332920E-01 1.846288E-01 -1.339989E+00 5.932648E-01 -1.490341E-01 9.780989E-01 2.983292E-02 8.664220E-04 4.012964E+00 9.162422E+00 
1.659673E-01 5.505790E-03 3.355256E-01 1.818043E-01 -1.442113E+00 5.797135E-01 -1.111336E-01 9.437165E-01 2.966316E-02 1.266997E-03 4.063365E+00 9.332668E+00 
1.705803E-01 5.364894E-03 3.466492E-01 1.757260E-01 -1.392107E+00 5.770202E-01 -1.047255E-01 9.136339E-01 2.716192E-02 1.314880E-03 4.249732E+00 9.487463E+00 
1.654488E-01 2.752482E-03 3.167868E-01 1.784573E-01 -1.393881E+00 5.888863E-01 -1.059502E-01 9.572101E-01 2.881889E-02 1.450712E-03 4.204327E+00 8.885073E+00 
1.807724E-01 6.662085E-03 3.403553E-01 1.834953E-01 -1.373016E+00 5.915011E-01 -1.165389E-01 1.096742E+00 2.755792E-02 7.025788E-04 4.256996E+00 9.260469E+00 
1.821808E-01 4.141477E-03 3.298209E-01 1.811015E-01 -1.388527E+00 5.911396E-01 -1.109481E-01 9.401484E-01 2.694842E-02 4.410983E-04 4.152104E+00 9.528543E+00 
1.713534E-01 5.363722E-03 3.614952E-01 1.844897E-01 -1.406622E+00 6.000000E-01 -1.246814E-01 9.583544E-01 2.580562E-02 7.719216E-04 4.130475E+00 8.406015E+00 
1.787883E-01 5.475118E-03 3.411232E-01 1.797859E-01 -1.376422E+00 5.834229E-01 -1.473668E-01 9.374955E-01 2.914349E-02 1.444058E-03 4.211982E+00 8.852826E+00 
1.678414E-01 4.641572E-03 3.420298E-01 1.820805E-01 -1.519732E+00 5.881940E-01 -1.878200E-01 9.230129E-01 2.735900E-02 1.515998E-03 4.066410E+00 8.925882E+00 
1.764616E-01 7.023359E-03 3.496867E-01 1.830400E-01 -1.348470E+00 5.948541E-01 -1.337646E-01 9.640404E-01 2.789809E-02 6.392524E-04 4.349619E+00 8.679799E+00 
1.712431E-01 4.962883E-03 3.339050E-01 1.785336E-01 -1.413291E+00 5.817214E-01 -1.258959E-01 9.847053E-01 2.951178E-02 7.943579E-04 4.068004E+00 9.291097E+00 
1.725899E-01 5.069384E-03 3.260245E-01 1.811365E-01 -1.324509E+00 5.854824E-01 -1.594136E-01 9.347031E-01 2.764837E-02 8.622207E-04 4.408407E+00 9.180481E+00 
1.832852E-01 5.981859E-03 3.203635E-01 1.804553E-01 -1.356161E+00 5.799434E-01 -1.062826E-01 9.880875E-01 2.865991E-02 1.011701E-03 4.048533E+00 8.731018E+00 
1.771478E-01 3.107355E-03 3.260275E-01 1.853355E-01 -1.458519E+00 5.974633E-01 -1.486550E-01 9.388023E-01 2.896046E-02 4.474789E-04 4.183008E+00 9.543342E+00 
1.811747E-01 1.000000E-04 3.276765E-01 1.822499E-01 -1.391050E+00 6.000000E-01 -1.965974E-01 9.043765E-01 2.952928E-02 0.000000E+00 4.005824E+00 8.107852E+00 
1.747576E-01 5.150815E-03 3.359684E-01 1.843203E-01 -1.363333E+00 5.858447E-01 -1.291106E-01 9.472645E-01 2.741617E-02 8.956847E-04 4.233737E+00 8.036224E+00 
1.736341E-01 4.625044E-03 3.375272E-01 1.842447E-01 -1.323492E+00 5.845427E-01 -1.454703E-01 9.266324E-01 2.936297E-02 2.409340E-04 4.111247E+00 8.393159E+00 
1.730396E-01 4.923456E-03 3.311991E-01 1.835527E-01 -1.477067E+00 5.934520E-01 -1.082052E-01 9.506264E-01 2.829004E-02 1.653454E-03 3.766670E+00 8.638410E+00 
1.783690E-01 4.814210E-03 3.497572E-01 1.832327E-01 -1.530716E+00 5.922976E-01 -1.280787E-01 9.512832E-01 2.706370E-02 8.417618E-04 4.507900E+00 8.669603E+00 
1.766431E-01 2.953122E-03 3.266300E-01 1.788975E-01 -1.421806E+00 5.805083E-01 -1.197190E-01 9.587206E-01 2.747331E-02 9.686952E-04 4.270087E+00 7.018444E+00 
1.703623E-01 6.202414E-03 3.332207E-01 1.816194E-01 -1.423837E+00 5.937770E-01 -1.945049E-01 9.336612E-01 2.685124E-02 1.710500E-04 4.166283E+00 8.895796E+00 
1.778978E-01 5.535648E-03 3.152968E-01 1.860853E-01 -1.372554E+00 5.810429E-01 -1.130346E-01 9.564085E-01 2.743209E-02 8.131748E-04 4.181261E+00 8.561253E+00 
1.809564E-01 5.776098E-03 3.368414E-01 1.862267E-01 -1.401644E+00 5.921229E-01 -1.611541E-01 9.210121E-01 2.564754E-02 1.110429E-03 4.175340E+00 8.593863E+00 
1.822502E-01 3.457416E-03 3.402854E-01 1.858737E-01 -1.411544E+00 5.959750E-01 -1.586301E-01 1.010799E+00 2.798102E-02 8.491950E-04 4.161627E+00 8.722973E+00 
1.732554E-01 5.241883E-03 3.463485E-01 1.801208E-01 -1.449132E+00 5.789551E-01 -1.130244E-01 9.496870E-01 2.699187E-02 1.493455E-03 4.270562E+00 9.778056E+00 
1.677248E-01 5.917865E-03 3.342784E-01 1.829936E-01 -1.332412E+00 5.831327E-01 -1.588063E-01 9.770122E-01 2.805700E-02 6.064965E-04 4.275668E+00 8.724799E+00 
1.530871E-01 4.780644E-03 3.316309E-01 1.817862E-01 -1.463738E+00 5.778517E-01 -8.086880E-02 9.656987E-01 2.898788E-02 8.861739E-04 4.132921E+00 9.544791E+00 
1.750298E-01 5.062503E-03 3.242959E-01 1.810954E-01 -1.291099E+00 5.792257E-01 -1.413235E-01 9.659529E-01 2.539040E-02 0.000000E+00 4.272490E+00 8.495010E+00 
1.816161E-01 4.664563E-03 3.240086E-01 1.831894E-01 -1.407241E+00 5.796968E-01 -1.220898E-01 9.463925E-01 2.843811E-02 5.635019E-04 4.154659E+00 8.861125E+00 
1.760264E-01 4.782095E-03 3.387218E-01 1.814663E-01 -1.448307E+00 5.884527E-01 -1.123156E-01 9.573798E-01 2.817922E-02 1.240845E-03 4.102236E+00 9.505286E+00 
1.813539E-01 1.400535E-02 3.291018E-01 1.818313E-01 -1.356276E+00 5.934440E-01 -2.000000E-01 7.800851E-01 2.918893E-02 1.245317E-03 4.292996E+00 8.748339E+00 
1.815021E-01 1.361337E-03 3.332592E-01 1.830250E-01 -1.397945E+00 5.556388E-01 -1.428689E-01 8.989823E-01 2.698026E-02 3.281817E-04 3.974023E+00 9.032818E+00 
1.763615E-01 6.017514E-03 3.525756E-01 1.835564E-01 -1.347321E+00 5.912170E-01 -1.416901E-01 9.356217E-01 2.453905E-02 8.688351E-04 3.897294E+00 8.119658E+00 
1.758880E-01 4.739403E-03 3.137869E-01 1.868819E-01 -1.326803E+00 5.770885E-01 -1.205984E-01 9.809649E-01 3.005327E-02 1.017257E-03 4.116764E+00 9.090755E+00 
1.639544E-01 6.018710E-03 3.307917E-01 1.690513E-01 -1.247367E+00 5.926384E-01 -1.510495E-01 9.375190E-01 2.725090E-02 3.719483E-04 3.937666E+00 9.969435E+00 
1.824583E-01 5.902713E-03 3.320685E-01 1.760819E-01 -1.451422E+00 5.830993E-01 -9.745938E-02 9.082528E-01 2.873073E-02 1.719128E-03 4.117673E+00 8.461925E+00 
1.868034E-01 9.857672E-03 3.447120E-01 1.805624E-01 -1.341222E+00 5.764395E-01 -1.506426E-01 9.312038E-01 2.728441E-02 0.000000E+00 4.063887E+00 8.945010E+00 
1.987834E-01 5.913806E-03 3.385326E-01 1.790855E-01 -1.440000E+00 5.937618E-01 -1.246329E-01 1.113724E+00 2.761744E-02 1.792129E-03 3.903739E+00 8.265360E+00 
1.649805E-01 4.228308E-03 3.305332E-01 1.785069E-01 -1.319183E+00 5.696055E-01 -1.429545E-01 9.445989E-01 2.712803E-02 1.348810E-03 4.217617E+00 8.972510E+00 
1.727007E-01 5.141730E-03 3.478483E-01 1.803671E-01 -1.357724E+00 5.910898E-01 -1.590308E-01 9.236869E-01 2.720022E-02 7.826000E-05 3.950744E+00 8.838819E+00 
1.800541E-01 5.139643E-03 3.266539E-01 1.821001E-01 -1.415116E+00 5.775504E-01 -1.316149E-01 9.567927E-01 2.926053E-02 1.005854E-03 4.098657E+00 8.581124E+00 
1.688988E-01 7.467316E-03 3.230605E-01 1.807837E-01 -1.392715E+00 5.835534E-01 -1.239870E-01 9.793533E-01 2.713827E-02 6.919694E-04 4.103246E+00 8.201570E+00 
1.709292E-01 4.722084E-03 3.301409E-01 1.781936E-01 -1.309411E+00 5.868317E-01 -1.302501E-01 9.256900E-01 2.705822E-02 1.120068E-03 3.018455E+00 9.033208E+00 
1.704885E-01 1.651637E-03 3.162415E-01 1.803645E-01 -1.351988E+00 5.927017E-01 -1.364488E-01 9.652120E-01 2.603129E-02 6.728897E-04 4.225725E+00 8.774859E+00 
1.766239E-01 5.247679E-03 3.448203E-01 1.767708E-01 -1.396863E+00 5.854703E-01 -1.525473E-01 9.784425E-01 2.789465E-02 1.435467E-03 4.040143E+00 8.964553E+00 
1.234071E-01 2.133167E-02 3.370940E-01 1.830725E-01 -1.327509E+00 5.549425E-01 -1.419809E-01 9.714283E-01 2.736666E-02 1.080090E-03 4.002194E+00 8.515470E+00 
1.714264E-01 3.806268E-03 3.282860E-01 1.835783E-01 -1.462491E+00 5.895680E-01 -1.186106E-01 9.537457E-01 2.913009E-02 8.778628E-04 4.013687E+00 8.749180E+00 
1.938010E-01 3.532704E-03 3.308822E-01 1.816683E-01 -1.336933E+00 6.000000E-01 -1.228626E-01 9.332643E-01 3.005441E-02 5.139101E-04 4.223986E+00 7.731168E+00 
1.736452E-01 5.535589E-03 3.256264E-01 1.779911E-01 -1.340852E+00 5.701416E-01 -1.619625E-01 9.045029E-01 2.695814E-02 8.684962E-04 4.068325E+00 9.012188E+00 
1.826481E-01 4.899887E-03 3.383281E-01 1.814703E-01 -1.411833E+00 5.899548E-01 -1.105928E-01 9.561453E-01 2.989501E-02 5.193464E-04 4.434318E+00 9.239576E+00 
1.884027E-01 4.693101E-03 3.230501E-01 1.811662E-01 -1.359428E+00 5.869919E-01 -1.372975E-01 9.634344E-01 2.812214E-02 3.400338E-04 4.156746E+00 9.263817E+00 
1.901577E-01 4.572924E-03 3.368179E-01 1.794790E-01 -1.437832E+00 5.868777E-01 -1.652518E-01 9.586067E-01 2.868561E-02 7.324033E-04 3.891229E+00 8.690642E+00 
1.602407E-01 4.828762E-03 3.211267E-01 1.825861E-01 -1.436224E+00 5.849689E-01 -1.165648E-01 9.442969E-01 2.912324E-02 7.809215E-04 3.612340E+00 8.978745E+00 
1.778673E-01 3.531196E-03 3.155508E-01 1.809034E-01 -1.356712E+00 5.892282E-01 -1.293785E-01 9.637561E-01 2.734006E-02 1.916980E-03 4.060841E+00 9.430644E+00 
1.606027E-01 5.947916E-03 3.323500E-01 1.829744E-01 -1.475200E+00 5.786836E-01 -1.044495E-01 9.128604E-01 2.995823E-02 3.486263E-04 3.957095E+00 8.319014E+00 
1.837254E-01 3.236668E-03 3.271091E-01 1.814836E-01 -1.362024E+00 5.795732E-01 -1.354652E-01 9.358204E-01 2.982430E-02 5.875569E-04 3.981388E+00 7.550656E+00 
1.824149E-01 4.926119E-03 3.281217E-01 1.808093E-01 -1.460869E+00 5.847877E-01 -1.247649E-01 9.394414E-01 2.996336E-02 1.920723E-03 4.111731E+00 9.421262E+00 
1.942106E-01 1.927702E-03 3.426096E-01 1.809782E-01 -1.409966E+00 5.902964E-01 -1.634507E-01 9.509979E-01 2.841751E-02 0.000000E+00 4.005523E+00 9.437603E+00 
1.746123E-01 3.093908E-03 3.078137E-01 1.801399E-01 -1.421986E+00 5.647453E-01 -1.202756E-01 9.625017E-01 2.861411E-02 1.046906E-03 4.432789E+00 8.898458E+00 
1.668196E-01 4.611775E-03 3.349954E-01 1.789492E-01 -1.379594E+00 5.881348E-01 -1.379090E-01 9.705916E-01 2.635660E-02 4.268579E-04 4.080807E+00 8.925821E+00 
1.760262E-01 5.933697E-03 3.360718E-01 1.828988E-01 -1.358915E+00 5.715199E-01 -1.035987E-01 9.715696E-01 2.929346E-02 7.881778E-04 4.169270E+00 9.086821E+00 
1.546624E-01 5.910822E-03 3.341373E-01 1.772243E-01 -1.406925E+00 5.667590E-01 -1.066744E-01 9.735844E-01 2.955747E-02 1.320497E-03 4.428766E+00 9.131893E+00 
1.800688E-01 5.151843E-03 3.124998E-01 1.810877E-01 -1.339109E+00 5.766044E-01 -1.142377E-01 9.932132E-01 2.714268E-02 6.380468E-04 4.202828E+00 8.756876E+00 
1.672896E-01 6.008266E-03 3.314262E-01 1.809050E-01 -1.444096E+00 5.872010E-01 -1.558965E-01 9.213433E-01 2.772103E-02 9.583341E-04 4.131286E+00 8.442259E+00 
1.685958E-01 3.730019E-03 3.483394E-01 1.857367E-01 -1.359159E+00 5.890714E-01 -1.532720E-01 9.583787E-01 2.840614E-02 8.585845E-04 3.773079E+00 8.700738E+00 
1.999975E-01 6.921654E-03 3.115989E-01 1.793826E-01 -1.388731E+00 6.000000E-01 -1.627880E-01 1.007939E+00 2.649354E-02 1.138806E-03 4.136397E+00 8.183299E+00 
1.841964E-01 5.770202E-03 3.451727E-01 1.837474E-01 -1.399667E+00 5.963541E-01 -1.629534E-01 9.358116E-01 2.588872E-02 2.265698E-03 4.057128E+00 8.803896E+00 
1.449800E-01 2.805819E-03 3.323370E-01 1.756859E-01 -1.358997E+00 5.756731E-01 -1.154384E-01 7.845104E-01 2.872743E-02 3.136270E-03 4.212675E+00 1.028404E+01 
1.822437E-01 6.835944E-03 3.266335E-01 1.797194E-01 -1.398248E+00 5.804200E-01 -1.031643E-01 9.532569E-01 2.795806E-02 1.878553E-04 3.811327E+00 8.422710E+00 
1.728203E-01 5.327726E-03 3.300891E-01 1.804425E-01 -1.359640E+00 5.902948E-01 -1.504327E-01 9.768147E-01 2.739950E-02 6.103596E-04 3.998210E+00 8.884309E+00 
1.859633E-01 5.398288E-03 3.553368E-01 1.733014E-01 -1.381497E+00 5.858292E-01 -1.869401E-01 9.264584E-01 2.732002E-02 4.013939E-04 4.302570E+00 8.863678E+00 
1.768191E-01 2.221113E-03 3.449437E-01 1.835560E-01 -1.419354E+00 5.734242E-01 -1.609671E-01 8.952527E-01 2.869054E-02 1.816287E-04 3.957749E+00 9.411108E+00 
1.756499E-01 3.888361E-03 3.440096E-01 1.828134E-01 -1.512566E+00 5.880424E-01 -1.506356E-01 9.230985E-01 2.763953E-02 1.648380E-03 3.916553E+00 8.911650E+00 
1.734471E-01 5.537055E-03 3.311263E-01 1.811674E-01 -1.315235E+00 5.813069E-01 -1.341272E-01 9.727240E-01 2.768082E-02 6.331276E-04 3.970068E+00 9.326285E+00 
2.000000E-01 4.412944E-03 3.292311E-01 1.846003E-01 -1.339494E+00 5.826108E-01 -1.752730E-01 9.372483E-01 2.811285E-02 6.882104E-04 4.043334E+00 8.291017E+00 
1.813761E-01 4.936520E-03 3.412227E-01 1.780960E-01 -1.362104E+00 5.911262E-01 -1.838089E-01 9.668574E-01 2.805540E-02 1.257581E-03 4.112923E+00 9.141733E+00 
1.509138E-01 2.084015E-03 3.464088E-01 1.788553E-01 -1.415030E+00 5.909005E-01 -1.548871E-01 9.687327E-01 2.970351E-02 4.598671E-04 3.999339E+00 8.408384E+00 
1.043447E-01 1.077632E-02 3.640980E-01 1.713211E-01 -1.372228E+00 4.319761E-01 -9.879225E-02 5.366593E-01 3.040948E-02 4.643588E-03 4.222726E+00 1.314219E+01 
1.848822E-01 5.034850E-03 3.403111E-01 1.775514E-01 -1.367055E+00 5.676386E-01 -1.316615E-01 9.364422E-01 2.904508E-02 7.747147E-04 4.113555E+00 9.401271E+00 
1.767890E-01 6.269901E-03 3.279410E-01 1.844114E-01 -1.434782E+00 5.967195E-01 -1.463359E-01 9.440668E-01 2.490565E-02 6.910687E-04 4.278733E+00 8.428085E+00 
1.744942E-01 5.464977E-03 3.434879E-01 1.872374E-01 -1.367106E+00 5.899609E-01 -1.602354E-01 9.605509E-01 2.751833E-02 9.090528E-04 4.268025E+00 9.101677E+00 
1.666533E-01 4.973830E-03 3.291352E-01 1.803551E-01 -1.367623E+00 5.885503E-01 -1.357182E-01 9.672985E-01 2.650462E-02 6.690587E-04 4.043044E+00 9.082573E+00 
1.757419E-01 4.055015E-03 3.288946E-01 1.836447E-01 -1.431622E+00 5.787698E-01 -1.224487E-01 7.616187E-01 3.036613E-02 9.710431E-04 3.725963E+00 8.438562E+00 
1.688416E-01 5.530854E-03 3.359174E-01 1.831186E-01 -1.350433E+00 5.876240E-01 -1.559501E-01 9.229608E-01 2.732309E-02 8.397624E-04 4.166392E+00 8.355819E+00 
1.668078E-01 6.238311E-03 3.332826E-01 1.867880E-01 -1.396205E+00 5.748521E-01 -1.296334E-01 9.464423E-01 2.685454E-02 3.729191E-04 4.630023E+00 8.878271E+00 
1.948748E-01 4.886313E-03 3.339131E-01 1.867038E-01 -1.405717E+00 5.819936E-01 -1.712943E-01 9.608636E-01 2.777132E-02 7.656389E-04 4.250871E+00 9.236736E+00 
1.646034E-01 7.536991E-03 3.580579E-01 1.828289E-01 -1.423495E+00 5.939018E-01 -1.806684E-01 9.713281E-01 2.696502E-02 5.865038E-05 4.164932E+00 8.709513E+00 
1.684327E-01 4.186221E-03 3.297506E-01 1.778641E-01 -1.412342E+00 5.818713E-01 -1.231308E-01 1.022218E+00 2.842316E-02 4.545609E-04 4.385364E+00 8.608864E+00 
1.700444E-01 5.715143E-03 3.115249E-01 1.830291E-01 -1.369824E+00 5.685678E-01 -1.047644E-01 9.229043E-01 2.979683E-02 8.960319E-04 3.932025E+00 8.593640E+00 
1.865854E-01 9.939174E-04 3.464842E-01 1.780745E-01 -1.390241E+00 5.847249E-01 -1.789903E-01 9.040956E-01 2.753203E-02 1.218480E-03 4.324821E+00 8.606429E+00 
1.677956E-01 3.606536E-03 3.461451E-01 1.818561E-01 -1.435222E+00 5.871462E-01 -1.774825E-01 9.733600E-01 2.752766E-02 1.347550E-03 3.966232E+00 8.757329E+00 
1.923283E-01 3.591547E-03 3.528436E-01 1.862423E-01 -1.475669E+00 5.930017E-01 -1.877396E-01 9.506350E-01 2.706078E-02 6.457252E-04 4.156303E+00 9.089447E+00 
1.628669E-01 4.537781E-03 3.196922E-01 1.782257E-01 -1.351222E+00 5.719938E-01 -1.552830E-01 9.678076E-01 2.711501E-02 1.099459E-03 4.111063E+00 8.270809E+00 
1.739134E-01 4.366248E-03 3.700011E-01 1.789764E-01 -1.398217E+00 5.911880E-01 -1.087641E-01 9.812890E-01 2.853800E-02 2.041917E-03 4.253334E+00 8.959277E+00 
1.735586E-01 5.201690E-03 3.191307E-01 1.750955E-01 -1.373619E+00 5.904797E-01 -1.652256E-01 8.945613E-01 2.800611E-02 1.352894E-03 3.928131E+00 8.883270E+00 
1.862200E-01 4.318304E-03 3.164563E-01 1.814740E-01 -1.350959E+00 5.820753E-01 -1.735181E-01 8.770387E-01 2.819861E-02 0.000000E+00 3.884171E+00 8.347511E+00 
1.730210E-01 4.005802E-03 3.394142E-01 1.824244E-01 -1.415423E+00 5.961311E-01 -1.330043E-01 9.299218E-01 2.678419E-02 9.568865E-04 4.226482E+00 9.435655E+00 
1.538027E-01 7.738215E-03 3.476471E-01 1.762780E-01 -1.489561E+00 5.837541E-01 -1.743863E-01 9.144683E-01 2.993385E-02 8.911505E-04 4.063762E+00 9.129223E+00 
1.889063E-01 4.457362E-03 3.421210E-01 1.794126E-01 -1.361032E+00 5.869997E-01 -1.516831E-01 9.503157E-01 2.808696E-02 1.195567E-03 4.473356E+00 9.401927E+00 
1.852080E-01 6.777859E-03 3.213468E-01 1.811806E-01 -1.356583E+00 5.895773E-01 -1.274110E-01 9.537123E-01 2.666007E-02 5.910068E-04 3.677204E+00 8.955050E+00 
1.787610E-01 5.298359E-03 3.309068E-01 1.832013E-01 -1.206011E+00 5.823037E-01 -1.044360E-01 9.864048E-01 2.661015E-02 5.213736E-04 3.997997E+00 7.958043E+00 
1.631198E-01 7.517104E-03 3.380513E-01 1.808631E-01 -1.459138E+00 5.638860E-01 -1.347470E-01 9.485646E-01 2.759263E-02 5.092377E-04 3.952477E+00 8.259555E+00 
1.837706E-01 4.924281E-03 3.123020E-01 1.771320E-01 -1.502880E+00 5.850189E-01 -1.472454E-01 8.810066E-01 2.612445E-02 5.897661E-04 3.983045E+00 9.146788E+00 
1.771848E-01 4.803776E-03 3.201768E-01 1.819947E-01 -1.386656E+00 5.769543E-01 -1.151871E-01 9.128437E-01 2.801042E-02 1.114366E-03 4.251766E+00 8.885609E+00 
1.725490E-01 3.586823E-03 3.218586E-01 1.820627E-01 -1.398765E+00 5.915766E-01 -1.283720E-01 9.628589E-01 2.841351E-02 7.238026E-04 4.008222E+00 8.888345E+00 
1.851881E-01 6.421633E-03 3.102953E-01 1.816099E-01 -1.383548E+00 5.796163E-01 -1.225422E-01 9.514046E-01 2.890227E-02 8.067866E-04 4.250288E+00 9.007206E+00 
1.693225E-01 5.038095E-03 3.398880E-01 1.843122E-01 -1.548987E+00 5.977797E-01 -1.472183E-01 9.908012E-01 2.502450E-02 4.812427E-04 4.413403E+00 9.139545E+00 
1.814367E-01 5.720637E-03 3.275393E-01 1.812839E-01 -1.431239E+00 5.868239E-01 -1.556365E-01 8.851074E-01 2.758207E-02 1.062031E-03 4.352223E+00 8.862096E+00 
1.739693E-01 5.298294E-03 3.163409E-01 1.844763E-01 -1.467782E+00 5.886417E-01 -1.450950E-01 9.121085E-01 2.743410E-02 0.000000E+00 4.388672E+00 9.143296E+00 
1.799556E-01 2.337119E-03 3.431069E-01 1.771736E-01 -1.409288E+00 5.844149E-01 -1.316397E-01 9.496458E-01 2.834746E-02 2.309287E-04 4.097470E+00 9.267077E+00 
1.688538E-01 5.468279E-03 3.352429E-01 1.827425E-01 -1.465225E+00 5.861326E-01 -1.303649E-01 1.000277E+00 2.855243E-02 7.359152E-04 4.342905E+00 9.219825E+00 
1.569408E-01 5.410966E-03 3.263578E-01 1.811763E-01 -1.451345E+00 5.817721E-01 -1.177408E-01 9.314088E-01 2.562556E-02 9.748383E-04 4.302528E+00 8.246108E+00 
1.825374E-01 5.044234E-03 3.362615E-01 1.784027E-01 -1.447535E+00 5.828497E-01 -1.153499E-01 9.479267E-01 2.800610E-02 4.121985E-04 4.411315E+00 8.253833E+00 
1.607479E-01 5.360295E-03 3.403503E-01 1.786647E-01 -1.356135E+00 5.643876E-01 -1.245463E-01 9.671313E-01 2.840619E-02 9.184212E-04 4.229496E+00 9.120971E+00 
1.705958E-01 6.509156E-03 3.446510E-01 1.770717E-01 -1.403813E+00 5.787982E-01 -1.564189E-01 9.442937E-01 2.889725E-02 1.556691E-03 4.212967E+00 9.230207E+00 
1.722925E-01 4.251804E-03 3.570832E-01 1.780695E-01 -1.351669E+00 5.918136E-01 -1.517165E-01 9.549024E-01 2.798046E-02 7.719841E-04 3.912820E+00 8.849055E+00 
1.700520E-01 6.003953E-03 3.168623E-01 1.792007E-01 -1.375064E+00 5.830462E-01 -1.548633E-01 9.536372E-01 2.868715E-02 6.442572E-04 4.267227E+00 8.784131E+00 
1.902093E-01 1.102863E-02 3.316955E-01 1.788300E-01 -1.267086E+00 5.934319E-01 -1.840359E-01 9.195384E-01 2.533388E-02 2.406673E-03 4.318855E+00 9.262243E+00 
1.830399E-01 2.529512E-03 3.401697E-01 1.806556E-01 -1.437676E+00 5.891163E-01 -1.169726E-01 9.261280E-01 2.707001E-02 2.655134E-03 4.218017E+00 8.178625E+00 
1.301125E-01 7.745226E-03 3.130548E-01 1.790325E-01 -1.443236E+00 5.706522E-01 -9.406035E-02 8.598270E-01 2.926230E-02 2.272115E-04 4.255881E+00 8.478325E+00 
1.875953E-01 5.960601E-03 3.355797E-01 1.922424E-01 -1.207344E+00 5.889240E-01 -1.399800E-01 9.207843E-01 2.786350E-02 7.841756E-04 4.680720E+00 8.389715E+00 
1.748910E-01 4.039917E-03 3.363189E-01 1.813903E-01 -1.381585E+00 5.885319E-01 -1.167148E-01 9.556253E-01 2.780728E-02 6.811490E-04 4.305853E+00 8.757811E+00 
1.682608E-01 3.560499E-03 3.196390E-01 1.823918E-01 -1.442547E+00 5.804153E-01 -1.556525E-01 9.219330E-01 2.861197E-02 1.175113E-03 4.296230E+00 8.293391E+00 
1.755867E-01 4.342300E-03 3.449798E-01 1.801380E-01 -1.383121E+00 5.841620E-01 -1.580895E-01 9.165523E-01 2.829988E-02 3.257763E-04 4.097114E+00 8.650347E+00 
1.736608E-01 5.033956E-03 3.317307E-01 1.789272E-01 -1.355053E+00 5.850156E-01 -1.700967E-01 9.709289E-01 2.861819E-02 1.133945E-03 4.420380E+00 8.237995E+00 
1.707033E-01 3.742359E-03 3.438835E-01 1.828558E-01 -1.455249E+00 5.984527E-01 -1.536556E-01 9.295018E-01 2.625663E-02 6.831909E-04 3.820881E+00 8.819222E+00 
1.687110E-01 5.490598E-03 3.297835E-01 1.807658E-01 -1.439437E+00 5.864862E-01 -1.532705E-01 9.472088E-01 2.702022E-02 9.170890E-04 4.381129E+00 9.122183E+00 
1.633392E-01 5.086098E-03 3.227983E-01 1.829591E-01 -1.406539E+00 5.871735E-01 -1.124787E-01 9.624639E-01 2.821007E-02 5.588330E-04 4.167583E+00 8.938046E+00 
1.699504E-01 3.730737E-03 3.181882E-01 1.870445E-01 -1.416473E+00 5.843354E-01 -1.029937E-01 9.694096E-01 2.953958E-02 9.303337E-04 4.056932E+00 9.447642E+00 
1.651816E-01 4.712368E-03 3.217536E-01 1.784811E-01 -1.322944E+00 5.957280E-01 -1.258658E-01 9.648593E-01 2.945210E-02 1.851822E-04 4.033952E+00 9.077751E+00 
1.867799E-01 5.575855E-03 3.060117E-01 1.800613E-01 -1.420126E+00 5.849273E-01 -1.183005E-01 8.991348E-01 2.895914E-02 9.939256E-04 3.782009E+00 8.802297E+00 
1.615131E-01 6.839258E-03 3.181684E-01 1.701841E-01 -1.453674E+00 4.028969E-01 -8.932389E-02 7.219300E-01 2.812893E-02 1.713224E-03 4.137237E+00 8.842939E+00 
1.663148E-01 6.484841E-03 3.236484E-01 1.812340E-01 -1.344376E+00 5.827846E-01 -1.415210E-01 9.648861E-01 2.906192E-02 9.202260E-04 3.665597E+00 9.084472E+00 
1.812540E-01 8.357593E-03 3.158337E-01 1.812104E-01 -1.410286E+00 5.893607E-01 -1.115325E-01 9.476155E-01 2.766787E-02 7.185967E-04 4.294469E+00 8.569335E+00 
1.675128E-01 1.149022E-02 3.379107E-01 1.776661E-01 -1.419101E+00 5.277705E-01 -7.298533E-02 9.469264E-01 2.784123E-02 9.185701E-04 3.956908E+00 9.179427E+00 
1.743035E-01 6.228099E-03 3.099002E-01 1.833650E-01 -1.426265E+00 5.377872E-01 -1.062507E-01 1.051246E+00 2.772912E-02 5.269055E-04 3.993960E+00 7.880343E+00 
1.750846E-01 5.696306E-03 3.267641E-01 1.830905E-01 -1.396182E+00 5.807845E-01 -1.306110E-01 9.817323E-01 3.053561E-02 9.291396E-04 4.051935E+00 9.134731E+00 
1.874772E-01 5.239765E-03 3.275870E-01 1.807422E-01 -1.379743E+00 5.777555E-01 -1.221516E-01 9.584386E-01 2.974824E-02 8.816290E-04 4.232648E+00 8.912015E+00 
1.724337E-01 2.748112E-03 3.249552E-01 1.841201E-01 -1.412793E+00 5.816825E-01 -1.471832E-01 9.626956E-01 2.844912E-02 4.420993E-04 3.759041E+00 8.739880E+00 
1.880295E-01 5.292931E-03 3.280262E-01 1.810237E-01 -1.350279E+00 5.774553E-01 -1.557439E-01 9.482403E-01 2.962838E-02 2.764066E-04 3.352776E+00 8.394952E+00 
1.856074E-01 3.526253E-03 3.404182E-01 1.768158E-01 -1.395855E+00 5.837231E-01 -1.026514E-01 9.708353E-01 2.905548E-02 8.384323E-04 4.498741E+00 9.157072E+00 
1.923947E-01 7.954278E-03 3.439878E-01 1.839828E-01 -1.495813E+00 5.980566E-01 -1.529760E-01 9.268329E-01 2.732922E-02 1.721386E-03 4.262391E+00 9.411765E+00 
1.681693E-01 4.850884E-03 3.453249E-01 1.798281E-01 -1.649476E+00 5.919361E-01 -1.291381E-01 9.224856E-01 2.804826E-02 9.857810E-04 4.460762E+00 8.929327E+00 
1.699989E-01 1.770353E-02 3.119531E-01 1.766459E-01 -1.330431E+00 5.628177E-01 -1.434982E-01 9.490792E-01 3.061267E-02 1.612271E-03 4.133020E+00 9.808279E+00 
1.693661E-01 4.823431E-03 3.458347E-01 1.828926E-01 -1.459478E+00 5.813328E-01 -1.364568E-01 9.878671E-01 3.010424E-02 8.241836E-04 4.122504E+00 8.802628E+00 
1.606590E-01 6.227695E-03 3.363833E-01 1.808389E-01 -1.341261E+00 5.892786E-01 -2.000000E-01 9.328710E-01 2.852792E-02 7.522661E-04 4.311424E+00 9.009661E+00 
1.803677E-01 5.374670E-03 3.022354E-01 1.823773E-01 -1.520053E+00 5.810378E-01 -1.119120E-01 9.304996E-01 2.911141E-02 7.253493E-04 4.148360E+00 9.038296E+00 
1.941332E-01 4.684459E-03 3.328570E-01 1.801132E-01 -1.462788E+00 5.814997E-01 -1.644313E-01 9.159411E-01 2.837761E-02 1.933566E-03 4.422021E+00 8.757710E+00 
1.620438E-01 5.316334E-03 3.166108E-01 1.823334E-01 -1.409167E+00 5.859673E-01 -1.707216E-01 9.712547E-01 2.740837E-02 5.616563E-04 4.063367E+00 9.057604E+00 
1.705738E-01 5.096754E-03 3.389298E-01 1.788929E-01 -1.446447E+00 5.823715E-01 -8.960600E-02 9.706485E-01 2.774259E-02 2.307357E-03 4.383354E+00 9.419294E+00 
1.584863E-01 5.487185E-03 3.070529E-01 1.792886E-01 -1.384527E+00 5.800820E-01 -2.000000E-01 9.956760E-01 2.802039E-02 2.887420E-04 3.970167E+00 8.994951E+00 
1.706637E-01 6.665493E-03 3.318181E-01 1.776382E-01 -1.343912E+00 5.853799E-01 -2.000000E-01 9.282937E-01 2.748110E-02 4.989557E-04 4.114789E+00 8.561764E+00 
1.786311E-01 5.689170E-03 3.366801E-01 1.860451E-01 -1.478565E+00 5.933206E-01 -1.706475E-01 9.375636E-01 2.725106E-02 6.722922E-04 4.323938E+00 8.919990E+00 
1.763990E-01 6.761770E-03 3.241285E-01 1.852373E-01 -1.382336E+00 5.797451E-01 -1.479694E-01 9.456720E-01 2.942479E-02 1.300492E-03 4.181986E+00 8.833495E+00 
1.663560E-01 4.229141E-03 3.378186E-01 1.825655E-01 -1.355756E+00 5.877075E-01 -1.624092E-01 9.436159E-01 2.868958E-02 9.582190E-04 4.241172E+00 8.488725E+00 
1.872024E-01 5.378121E-03 3.094895E-01 1.773669E-01 -1.393083E+00 5.865733E-01 -1.881920E-01 9.424605E-01 3.012967E-02 1.447428E-03 3.832153E+00 8.825602E+00 
1.757185E-01 5.345313E-03 3.114550E-01 1.845553E-01 -1.402332E+00 5.887114E-01 -1.118493E-01 9.589408E-01 2.601753E-02 4.452431E-04 4.204954E+00 9.067851E+00 
1.544778E-01 4.170201E-03 3.175280E-01 1.780629E-01 -1.392594E+00 5.737468E-01 -1.315286E-01 9.647589E-01 2.882089E-02 3.895570E-04 4.428133E+00 8.711904E+00 
1.686158E-01 3.184125E-03 3.084922E-01 1.821309E-01 -1.388494E+00 5.957480E-01 -1.273714E-01 9.684668E-01 3.153930E-02 6.929274E-04 4.179403E+00 9.037863E+00 
1.684613E-01 6.034882E-03 3.487930E-01 1.851558E-01 -1.376681E+00 5.971524E-01 -2.000000E-01 9.543942E-01 2.659239E-02 2.986522E-04 4.548502E+00 8.356628E+00 
1.649279E-01 4.837703E-03 3.549913E-01 1.887695E-01 -1.545958E+00 5.984794E-01 -1.632110E-01 8.674694E-01 2.705231E-02 8.343858E-04 4.204676E+00 9.297237E+00 
1.680452E-01 4.003638E-03 3.245765E-01 1.793313E-01 -1.440318E+00 5.880617E-01 -1.331268E-01 9.936306E-01 2.711038E-02 6.986145E-04 4.080505E+00 9.389636E+00 
1.449943E-01 7.180720E-03 3.395748E-01 1.798347E-01 -1.431023E+00 5.706938E-01 -1.462192E-01 9.059475E-01 2.633270E-02 7.145485E-04 4.820592E+00 9.419598E+00 
1.688085E-01 3.880358E-03 3.359915E-01 1.793843E-01 -1.355219E+00 5.848068E-01 -1.025936E-01 1.005412E+00 2.983165E-02 6.250154E-04 3.652488E+00 9.933498E+00 
1.661922E-01 5.639187E-03 3.356571E-01 1.829915E-01 -1.373962E+00 5.889312E-01 -1.743220E-01 9.611651E-01 2.756137E-02 1.059860E-03 4.081174E+00 8.405129E+00 
1.924954E-01 4.113499E-03 3.310821E-01 1.845191E-01 -1.401655E+00 5.846224E-01 -1.741772E-01 9.575973E-01 2.883670E-02 8.347478E-04 4.145063E+00 8.850133E+00 
1.772650E-01 5.426951E-03 3.346155E-01 1.766561E-01 -1.266276E+00 5.874295E-01 -1.455042E-01 9.489494E-01 2.756050E-02 7.941811E-04 3.823343E+00 9.636860E+00 
1.607674E-01 1.649137E-02 3.236731E-01 1.855950E-01 -1.394639E+00 5.927882E-01 -1.355108E-01 7.312660E-01 2.730842E-02 3.867298E-04 4.053152E+00 8.913089E+00 
1.729097E-01 6.417502E-03 3.252334E-01 1.670341E-01 -1.488910E+00 5.823924E-01 -1.035356E-01 8.899638E-01 2.875744E-02 1.284681E-03 4.056190E+00 1.072465E+01 
1.776533E-01 1.668038E-03 3.240188E-01 1.844454E-01 -1.423554E+00 5.609879E-01 -1.313989E-01 1.012344E+00 2.912916E-02 5.769831E-04 4.133258E+00 8.542854E+00 
1.459135E-01 6.215689E-03 3.365523E-01 1.844130E-01 -1.399081E+00 5.970607E-01 -1.492724E-01 9.410150E-01 2.990199E-02 6.711875E-04 4.139646E+00 9.046570E+00 
1.698098E-01 5.075048E-03 3.509941E-01 1.819804E-01 -1.382043E+00 5.921887E-01 -1.603994E-01 9.071137E-01 2.679571E-02 1.107121E-03 4.187840E+00 9.272469E+00 
1.720164E-01 4.839802E-03 3.313581E-01 1.807007E-01 -1.319766E+00 5.960082E-01 -1.102941E-01 9.794200E-01 2.760291E-02 9.281766E-04 3.737292E+00 9.538373E+00 
1.356982E-01 1.910475E-02 3.354199E-01 1.774178E-01 -1.410128E+00 5.502505E-01 -1.055536E-01 9.389895E-01 3.111266E-02 1.155300E-03 4.128639E+00 8.762686E+00 
1.660043E-01 5.844146E-03 3.081336E-01 1.819161E-01 -1.416807E+00 5.671897E-01 -1.188015E-01 5.313525E-01 2.896084E-02 8.242865E-04 3.963940E+00 9.313769E+00 
1.762051E-01 5.726247E-03 3.387899E-01 1.849182E-01 -1.461137E+00 5.922416E-01 -1.398843E-01 9.632215E-01 2.667061E-02 7.974030E-04 4.369545E+00 9.041630E+00 
1.942832E-01 7.048886E-03 3.326703E-01 1.826721E-01 -1.358214E+00 5.800508E-01 -1.710186E-01 9.371579E-01 2.837883E-02 1.156805E-03 4.290507E+00 8.950477E+00 
1.716209E-01 6.467459E-03 3.505876E-01 1.838917E-01 -1.431938E+00 5.871908E-01 -1.202095E-01 9.431190E-01 2.668957E-02 1.065682E-03 4.108599E+00 9.065721E+00 
1.488829E-01 5.495877E-03 3.394816E-01 1.802792E-01 -1.496677E+00 5.768964E-01 -8.817023E-02 9.497157E-01 2.883007E-02 1.915789E-03 4.170074E+00 8.246521E+00 
1.892829E-01 4.368396E-03 3.164317E-01 1.832470E-01 -1.415217E+00 5.751176E-01 -1.411518E-01 9.144674E-01 2.914637E-02 1.909688E-04 4.672881E+00 9.760555E+00 
1.778374E-01 5.001127E-03 3.357994E-01 1.836809E-01 -1.476900E+00 5.900505E-01 -1.370121E-01 9.828550E-01 2.538516E-02 3.151422E-04 4.372416E+00 8.764547E+00 
1.969634E-01 4.570793E-03 3.303115E-01 1.798566E-01 -1.429871E+00 5.992299E-01 -1.496541E-01 9.550557E-01 2.804711E-02 1.077831E-03 4.184649E+00 7.899032E+00 
1.727977E-01 5.344100E-03 2.853472E-01 1.784842E-01 -1.417562E+00 5.808943E-01 -1.310702E-01 8.922156E-01 2.701730E-02 1.654068E-04 4.577189E+00 8.863188E+00 
1.727945E-01 6.342547E-03 3.119110E-01 1.817016E-01 -1.398578E+00 5.953713E-01 -1.156583E-01 9.724671E-01 2.700348E-02 1.434503E-03 4.120061E+00 8.932372E+00 
1.751066E-01 5.204956E-03 3.669083E-01 1.812621E-01 -1.449885E+00 5.864576E-01 -1.708673E-01 9.507430E-01 2.712995E-02 1.219735E-03 4.213030E+00 9.484390E+00 
1.624329E-01 2.952967E-03 3.521337E-01 1.811443E-01 -1.395942E+00 5.713499E-01 -1.406668E-01 9.429216E-01 2.771882E-02 5.248255E-04 3.848192E+00 9.412174E+00 
1.720437E-01 5.037398E-03 3.366668E-01 1.789869E-01 -1.341091E+00 5.869032E-01 -1.582672E-01 1.017840E+00 3.074070E-02 1.030002E-03 4.432430E+00 9.189903E+00 
1.666494E-01 4.417917E-03 3.334700E-01 1.808100E-01 -1.371383E+00 5.824222E-01 -1.265715E-01 1.000490E+00 2.559012E-02 8.287965E-04 3.703602E+00 8.035456E+00 
1.748000E-01 4.688034E-03 3.442902E-01 1.765971E-01 -1.407092E+00 5.847597E-01 -1.163720E-01 9.750725E-01 2.746450E-02 1.188447E-03 4.137552E+00 9.239446E+00 
1.720483E-01 4.676742E-03 3.238237E-01 1.781536E-01 -1.463306E+00 5.612145E-01 -1.144409E-01 9.637926E-01 2.532235E-02 6.389377E-04 3.831138E+00 9.206012E+00 
1.599765E-01 4.848217E-03 3.516906E-01 1.815457E-01 -1.304696E+00 5.734877E-01 -1.283473E-01 9.792280E-01 2.843721E-02 6.478136E-04 4.263165E+00 8.590837E+00 
1.753988E-01 4.664286E-03 3.444279E-01 1.864171E-01 -1.426222E+00 5.844711E-01 -1.352115E-01 9.495292E-01 2.845500E-02 1.277097E-03 4.404122E+00 8.275262E+00 
1.617670E-01 5.295139E-03 3.190921E-01 1.825949E-01 -1.396842E+00 5.488100E-01 -1.261868E-01 9.588744E-01 2.698361E-02 3.066019E-04 4.272311E+00 9.119227E+00 
1.757613E-01 5.063461E-03 3.088953E-01 1.812905E-01 -1.455547E+00 5.786126E-01 -1.209193E-01 9.481149E-01 2.601219E-02 1.038245E-03 4.166642E+00 8.385836E+00 
1.841226E-01 7.735701E-03 3.367511E-01 1.858368E-01 -1.400601E+00 5.958440E-01 -1.634452E-01 9.496006E-01 2.719608E-02 5.051597E-04 4.276688E+00 8.776235E+00 
1.620445E-01 8.882458E-03 3.290835E-01 1.773071E-01 -1.405499E+00 5.775447E-01 -1.153071E-01 9.723407E-01 2.975029E-02 1.664489E-03 3.986093E+00 9.176591E+00 
1.809773E-01 5.658068E-03 3.405976E-01 1.801486E-01 -1.308780E+00 5.866850E-01 -1.865183E-01 9.592712E-01 2.770028E-02 1.189500E-03 3.618350E+00 8.494792E+00 
1.703354E-01 6.798298E-03 3.524277E-01 1.871800E-01 -1.449756E+00 5.731211E-01 -1.446603E-01 9.558818E-01 2.861192E-02 8.709924E-04 4.171268E+00 8.257282E+00 
1.882062E-01 4.884576E-03 3.331041E-01 1.757846E-01 -1.426973E+00 5.886507E-01 -1.599161E-01 9.581929E-01 2.809537E-02 6.062498E-04 4.272661E+00 9.112938E+00 
1.744564E-01 5.871097E-03 3.407032E-01 1.781599E-01 -1.422571E+00 5.783036E-01 -1.337571E-01 9.454798E-01 2.872937E-02 9.025344E-04 3.762813E+00 8.597511E+00 
1.812203E-01 5.467531E-03 3.229153E-01 1.838002E-01 -1.392946E+00 5.889451E-01 -1.277702E-01 9.617837E-01 2.600316E-02 6.885530E-04 4.177048E+00 8.779985E+00 
1.290116E-01 5.704142E-03 3.230539E-01 1.813204E-01 -1.387237E+00 6.000000E-01 -1.126459E-01 9.775141E-01 2.750596E-02 1.030005E-03 3.974087E+00 1.038927E+01 
1.739468E-01 4.927068E-03 3.087859E-01 1.809568E-01 -1.386948E+00 5.781448E-01 -1.351246E-01 1.033577E+00 2.815081E-02 7.518531E-04 4.180085E+00 9.503672E+00 
1.712229E-01 6.411248E-03 3.364372E-01 1.806812E-01 -1.307299E+00 5.877062E-01 -1.452319E-01 1.019253E+00 2.873973E-02 1.722180E-03 4.172128E+00 7.039562E+00 
1.818346E-01 4.291175E-03 3.173660E-01 1.775831E-01 -1.241423E+00 5.726006E-01 -1.046927E-01 9.884115E-01 2.885748E-02 2.395401E-03 4.216927E+00 9.210371E+00 
1.712182E-01 5.017737E-03 3.155934E-01 1.816540E-01 -1.377316E+00 5.893946E-01 -1.266746E-01 9.656835E-01 2.776132E-02 7.419663E-04 4.169992E+00 8.937671E+00 
1.677733E-01 6.299018E-03 3.193484E-01 1.774996E-01 -1.421577E+00 5.732436E-01 -1.054791E-01 9.172269E-01 2.816856E-02 5.757783E-04 3.783506E+00 8.814890E+00 
1.477888E-01 4.962191E-03 3.344657E-01 1.770728E-01 -1.517496E+00 5.677165E-01 -1.394955E-01 9.354317E-01 2.881644E-02 1.998932E-03 3.247068E+00 8.537647E+00 
1.861232E-01 5.135972E-03 3.481205E-01 1.813939E-01 -1.409469E+00 5.899615E-01 -1.398210E-01 9.435273E-01 2.811325E-02 2.664655E-04 4.141416E+00 8.634494E+00 
1.794056E-01 3.731655E-03 3.441811E-01 1.796141E-01 -1.366741E+00 5.858974E-01 -1.987592E-01 9.380418E-01 2.730897E-02 1.505637E-03 3.927253E+00 9.045880E+00 
1.672376E-01 3.365871E-03 3.398817E-01 1.815695E-01 -1.457108E+00 5.827187E-01 -1.535318E-01 1.080669E+00 2.994507E-02 8.001389E-04 3.921856E+00 8.744444E+00 
1.580654E-01 4.997068E-03 3.219926E-01 1.873693E-01 -1.414218E+00 5.853604E-01 -1.242859E-01 9.577102E-01 2.673406E-02 7.094401E-04 4.156243E+00 9.049779E+00 
1.715628E-01 3.857440E-03 3.405922E-01 1.874575E-01 -1.423746E+00 5.836592E-01 -1.252537E-01 9.413061E-01 2.745617E-02 4.677054E-04 4.346372E+00 9.412316E+00 
1.608591E-01 6.275321E-03 3.375233E-01 1.767279E-01 -1.326914E+00 5.504721E-01 -1.259114E-01 9.843008E-01 2.925259E-02 1.531466E-03 4.318639E+00 8.605541E+00 
1.522971E-01 4.882330E-03 3.278530E-01 1.821570E-01 -1.468768E+00 5.891086E-01 -1.255140E-01 9.300552E-01 2.620541E-02 7.728039E-04 4.372066E+00 9.288739E+00 
1.774755E-01 6.093976E-03 3.306696E-01 1.818187E-01 -1.426045E+00 5.834383E-01 -1.486778E-01 9.376205E-01 2.902920E-02 4.031697E-04 4.285243E+00 8.146076E+00 
1.824947E-01 5.465933E-03 3.259194E-01 1.871357E-01 -1.410229E+00 5.956263E-01 -1.474190E-01 8.831627E-01 2.660073E-02 9.240276E-04 4.210605E+00 8.945232E+00 
1.599156E-01 5.361716E-03 3.569607E-01 1.820577E-01 -1.362872E+00 5.730924E-01 -1.553652E-01 8.969262E-01 2.848120E-02 7.745347E-04 4.205726E+00 8.572024E+00 
1.746956E-01 4.489294E-03 3.258370E-01 1.792111E-01 -1.330323E+00 5.898704E-01 -1.261872E-01 9.870892E-01 2.752573E-02 4.685350E-04 4.067420E+00 8.690234E+00 
1.766213E-01 6.721330E-03 3.383669E-01 1.786776E-01 -1.377282E+00 5.918363E-01 -1.836260E-01 9.474035E-01 2.621220E-02 1.457181E-03 4.137153E+00 8.957013E+00 
1.683841E-01 7.567070E-03 3.277353E-01 1.805527E-01 -1.367549E+00 5.900427E-01 -1.384831E-01 9.737486E-01 2.947855E-02 5.785400E-04 4.102621E+00 8.878007E+00 
1.633349E-01 6.277365E-03 3.148485E-01 1.785960E-01 -1.417912E+00 5.726886E-01 -1.180854E-01 9.367361E-01 2.907161E-02 5.381400E-04 4.129623E+00 8.755654E+00 
1.543277E-01 5.368548E-03 3.188367E-01 1.803183E-01 -1.460102E+00 5.812974E-01 -1.349444E-01 9.348403E-01 2.782969E-02 7.196012E-04 3.845305E+00 9.061444E+00 
1.823440E-01 4.986119E-03 3.342773E-01 1.797747E-01 -1.440773E+00 5.726901E-01 -1.113683E-01 8.736833E-01 3.130373E-02 1.520988E-03 3.956826E+00 8.616565E+00 
1.677414E-01 6.678507E-03 3.429676E-01 1.793604E-01 -1.385365E+00 5.850741E-01 -1.445872E-01 9.320625E-01 2.775685E-02 7.173705E-04 4.405454E+00 8.850188E+00 
1.727774E-01 5.137718E-03 3.366442E-01 1.833977E-01 -1.360509E+00 5.618586E-01 -1.403356E-01 9.615815E-01 2.854636E-02 5.025465E-04 4.440506E+00 8.039836E+00 
1.710079E-01 4.555943E-03 3.183838E-01 1.819747E-01 -1.367587E+00 5.748682E-01 -1.236824E-01 1.002795E+00 2.924068E-02 1.080003E-03 4.046862E+00 8.198187E+00 
1.719636E-01 4.476870E-03 3.167969E-01 1.812046E-01 -1.380128E+00 5.897061E-01 -1.287142E-01 9.541223E-01 2.787804E-02 1.040169E-03 3.963576E+00 8.724593E+00 
1.786253E-01 9.637106E-03 3.496524E-01 1.821253E-01 -1.532284E+00 5.704234E-01 -1.337264E-01 9.659846E-01 3.082437E-02 1.563375E-03 4.055112E+00 9.234003E+00 
1.899945E-01 6.780389E-03 3.330567E-01 1.830696E-01 -1.303057E+00 5.855000E-01 -1.444216E-01 9.270501E-01 2.720925E-02 4.296314E-04 4.609826E+00 9.192271E+00 
1.636052E-01 4.817862E-03 3.238559E-01 1.841849E-01 -1.307395E+00 5.875055E-01 -1.491504E-01 9.737122E-01 2.984841E-02 6.364059E-04 4.070325E+00 8.211795E+00 
1.597772E-01 7.714772E-03 3.375794E-01 1.804114E-01 -1.408701E+00 5.838557E-01 -1.577679E-01 9.402630E-01 2.891874E-02 5.733469E-04 4.250790E+00 9.250424E+00 
1.675314E-01 4.455773E-03 3.258898E-01 1.855565E-01 -1.397854E+00 5.857943E-01 -1.309030E-01 9.444784E-01 2.776333E-02 2.948625E-04 4.071535E+00 7.794575E+00 
1.755318E-01 5.466973E-03 3.244940E-01 1.836309E-01 -1.347387E+00 5.937952E-01 -1.177266E-01 9.934379E-01 2.960718E-02 2.887817E-04 3.897159E+00 9.263211E+00 
1.742540E-01 3.254230E-03 3.121679E-01 1.779676E-01 -1.439488E+00 5.933922E-01 -1.499906E-01 9.237042E-01 2.771332E-02 5.985932E-04 4.135263E+00 8.299192E+00 
1.704709E-01 5.864657E-03 3.332188E-01 1.826948E-01 -1.425772E+00 5.860872E-01 -1.173333E-01 9.654646E-01 2.879304E-02 7.815834E-04 4.149888E+00 8.739881E+00 
1.730707E-01 4.990891E-03 3.246648E-01 1.809574E-01 -1.402621E+00 5.754930E-01 -8.285640E-02 9.465435E-01 2.805751E-02 1.195946E-03 4.423852E+00 8.234211E+00 
1.665187E-01 7.548086E-03 3.510451E-01 1.816973E-01 -1.502543E+00 5.821293E-01 -1.678407E-01 9.419086E-01 2.928599E-02 9.914378E-04 4.135991E+00 8.877866E+00 
1.702149E-01 5.015588E-03 3.133915E-01 1.756516E-01 -1.464662E+00 5.881788E-01 -1.362525E-01 9.693262E-01 2.779676E-02 8.675718E-04 4.108681E+00 8.790157E+00 
1.911591E-01 6.905967E-03 3.408714E-01 1.761555E-01 -1.416244E+00 5.931333E-01 -1.659129E-01 9.257095E-01 2.809282E-02 1.188154E-03 4.165446E+00 9.216147E+00 
1.691134E-01 6.393966E-03 3.343207E-01 1.776749E-01 -1.284697E+00 5.858812E-01 -1.492202E-01 9.211543E-01 2.765340E-02 4.637841E-04 3.823601E+00 7.787107E+00 
1.814347E-01 4.969132E-03 3.375359E-01 1.785780E-01 -1.446436E+00 5.865842E-01 -1.487355E-01 9.194690E-01 2.515941E-02 5.726793E-04 3.956020E+00 8.899673E+00 
1.737099E-01 5.378991E-03 3.246082E-01 1.803832E-01 -1.309856E+00 5.788235E-01 -9.806978E-02 1.006273E+00 2.851185E-02 1.132233E-03 4.219911E+00 9.490634E+00 
1.778845E-01 4.870435E-03 3.498478E-01 1.820919E-01 -1.442601E+00 5.846804E-01 -1.422892E-01 9.495868E-01 2.832323E-02 6.631897E-05 4.456523E+00 8.731094E+00 
1.728640E-01 4.375729E-03 3.247100E-01 1.809504E-01 -1.439122E+00 5.843984E-01 -1.309981E-01 9.741987E-01 2.936297E-02 4.803965E-04 4.270890E+00 8.819831E+00 
1.846511E-01 3.639257E-03 3.258860E-01 1.801038E-01 -1.359704E+00 5.859969E-01 -1.408453E-01 9.950118E-01 2.739048E-02 4.533282E-04 4.113805E+00 8.375851E+00 
1.630371E-01 4.356913E-03 3.233993E-01 1.787677E-01 -1.405010E+00 5.831465E-01 -1.176373E-01 9.256566E-01 2.861177E-02 5.937963E-04 3.855321E+00 8.741142E+00 
1.747488E-01 5.733365E-03 3.285986E-01 1.835405E-01 -1.299008E+00 5.806388E-01 -1.377314E-01 9.893601E-01 2.770322E-02 2.290773E-04 4.165436E+00 8.850338E+00 
1.670527E-01 4.458620E-03 3.424240E-01 1.784434E-01 -1.379132E+00 5.712985E-01 -1.381066E-01 9.973834E-01 2.797179E-02 1.286955E-03 4.234360E+00 8.836269E+00 
1.807115E-01 3.341628E-03 3.304157E-01 1.795231E-01 -1.460144E+00 5.836996E-01 -1.285765E-01 9.607627E-01 2.813690E-02 9.255705E-04 4.129851E+00 8.980127E+00 
1.861872E-01 3.737165E-03 3.452774E-01 1.844962E-01 -1.424894E+00 5.932398E-01 -1.700686E-01 9.735337E-01 2.827438E-02 7.437682E-04 3.879038E+00 8.155304E+00 
1.625283E-01 3.328667E-03 3.441130E-01 1.820388E-01 -1.411622E+00 5.760161E-01 -1.442619E-01 9.142831E-01 2.495217E-02 4.438037E-04 4.320115E+00 8.493231E+00 
1.609259E-01 5.915420E-03 3.363012E-01 1.819401E-01 -1.447880E+00 5.797453E-01 -1.769990E-01 9.828060E-01 2.819379E-02 0.000000E+00 4.136726E+00 8.009279E+00 
1.589145E-01 1.030095E-02 3.233841E-01 1.828969E-01 -1.439612E+00 5.707229E-01 -9.560226E-02 8.586934E-01 2.783192E-02 1.058928E-03 4.006659E+00 8.537098E+00 
1.864987E-01 8.130456E-03 3.326849E-01 1.857717E-01 -1.374461E+00 5.869604E-01 -1.448254E-01 9.398565E-01 2.621060E-02 6.343657E-04 4.074909E+00 8.114690E+00 
1.613477E-01 7.455925E-03 3.267890E-01 1.788731E-01 -1.411776E+00 5.880520E-01 -1.438364E-01 9.704822E-01 2.987925E-02 2.510869E-04 4.218273E+00 8.651098E+00 
1.805290E-01 4.468315E-03 3.236202E-01 1.815210E-01 -1.310255E+00 5.965442E-01 -1.354221E-01 9.472555E-01 2.831651E-02 9.978006E-04 3.963121E+00 8.831676E+00 
1.552287E-01 3.043301E-03 3.303781E-01 1.822812E-01 -1.511476E+00 5.833485E-01 -1.307455E-01 9.581420E-01 2.884539E-02 1.024467E-03 3.594005E+00 8.943963E+00 
1.944883E-01 7.403513E-03 3.530094E-01 1.773978E-01 -1.478398E+00 5.841669E-01 -1.479652E-01 9.379618E-01 2.778027E-02 5.609944E-04 4.336058E+00 9.142361E+00 
1.652160E-01 6.668697E-03 3.310550E-01 1.801529E-01 -1.450801E+00 5.805899E-01 -1.370225E-01 9.476562E-01 2.810584E-02 9.210664E-04 4.293968E+00 8.236586E+00 
1.718618E-01 5.370341E-03 3.432285E-01 1.815538E-01 -1.504045E+00 5.826276E-01 -1.216707E-01 9.523256E-01 2.701413E-02 8.444774E-04 4.475507E+00 8.991193E+00 
1.670873E-01 6.116816E-03 3.530396E-01 1.842158E-01 -1.312378E+00 5.583604E-01 -1.318476E-01 9.395642E-01 2.662364E-02 1.037665E-03 4.419673E+00 9.329954E+00 
1.729043E-01 6.562684E-03 2.947148E-01 1.779465E-01 -1.370711E+00 5.839836E-01 -1.510286E-01 9.464928E-01 2.847667E-02 1.148275E-03 4.172776E+00 8.598359E+00 
1.779952E-01 5.461112E-03 3.169122E-01 1.810879E-01 -1.447513E+00 5.844902E-01 -1.101074E-01 9.563575E-01 2.728420E-02 8.745865E-04 3.923083E+00 8.998515E+00 
1.753676E-01 6.443547E-03 3.349511E-01 1.767913E-01 -1.494272E+00 5.893169E-01 -1.427646E-01 9.161735E-01 2.894968E-02 5.322354E-04 4.246843E+00 9.273627E+00 
1.698690E-01 8.489125E-03 3.317330E-01 1.791567E-01 -1.396370E+00 5.889771E-01 -1.493842E-01 9.048241E-01 2.538211E-02 3.453332E-04 4.102469E+00 8.497625E+00 
1.669777E-01 6.857187E-03 3.526198E-01 1.792601E-01 -1.435381E+00 5.948408E-01 -1.862578E-01 9.175619E-01 2.805690E-02 8.658549E-04 4.233784E+00 9.432898E+00 
1.759129E-01 7.897725E-03 3.336848E-01 1.816875E-01 -1.415742E+00 5.787796E-01 -1.272120E-01 9.732142E-01 2.767551E-02 9.087150E-04 4.496760E+00 8.699466E+00 
1.687840E-01 4.517594E-03 3.295616E-01 1.851879E-01 -1.386819E+00 5.955232E-01 -1.205638E-01 9.353319E-01 2.692135E-02 8.366103E-04 3.979876E+00 8.670802E+00 
1.995023E-01 5.912232E-03 3.168800E-01 1.831388E-01 -1.373002E+00 5.976114E-01 -1.975353E-01 9.810934E-01 2.761081E-02 1.982699E-03 4.237638E+00 8.013642E+00 
1.660818E-01 3.140001E-03 3.372913E-01 1.818233E-01 -1.341111E+00 5.851476E-01 -1.330200E-01 9.540290E-01 2.867936E-02 1.236580E-03 4.338786E+00 8.396717E+00 
1.855900E-01 6.119219E-03 2.917926E-01 1.832389E-01 -1.410909E+00 5.702908E-01 -1.084117E-01 1.015121E+00 2.715502E-02 5.139962E-04 4.244954E+00 8.154618E+00 
1.763313E-01 3.480020E-03 3.384099E-01 1.849029E-01 -1.454652E+00 5.912496E-01 -1.717974E-01 9.585501E-01 2.829026E-02 8.500364E-04 4.171526E+00 8.747414E+00 
1.758846E-01 5.038773E-03 3.335742E-01 1.823114E-01 -1.428342E+00 5.788270E-01 -1.636182E-01 9.356774E-01 2.699725E-02 2.317846E-04 4.498671E+00 8.959467E+00 
1.866901E-01 4.666372E-03 3.444082E-01 1.780439E-01 -1.478324E+00 5.865528E-01 -1.855612E-01 9.283513E-01 2.766684E-02 4.028892E-04 4.413989E+00 9.076199E+00 
1.862765E-01 4.603491E-03 3.393402E-01 1.837660E-01 -1.341833E+00 5.888731E-01 -1.156827E-01 8.942832E-01 2.526896E-02 6.451097E-04 4.032249E+00 8.928076E+00 
1.779766E-01 3.993451E-03 3.484013E-01 1.820775E-01 -1.398283E+00 5.850720E-01 -1.214031E-01 9.946840E-01 2.852059E-02 1.197492E-03 4.147352E+00 8.763824E+00 
1.867741E-01 6.429905E-03 3.259308E-01 1.827328E-01 -1.334987E+00 5.876420E-01 -1.271176E-01 9.305472E-01 2.877704E-02 5.553437E-04 4.210366E+00 8.826808E+00 
1.813195E-01 4.585978E-03 3.397226E-01 1.830186E-01 -1.437466E+00 5.856159E-01 -1.255845E-01 9.218013E-01 2.666264E-02 9.450035E-04 3.914377E+00 8.776111E+00 
1.649137E-01 4.019755E-03 3.222820E-01 1.817519E-01 -1.371652E+00 5.857433E-01 -1.583567E-01 1.012712E+00 2.803964E-02 9.636246E-04 4.244650E+00 8.949745E+00 
2.000000E-01 6.604712E-03 3.321159E-01 1.774864E-01 -1.513046E+00 5.841102E-01 -1.628832E-01 9.386268E-01 2.760827E-02 1.085427E-03 4.364679E+00 9.063823E+00 
1.692032E-01 4.819218E-03 3.240972E-01 1.807829E-01 -1.395329E+00 5.826232E-01 -1.338733E-01 9.522887E-01 2.815724E-02 1.467477E-03 4.194405E+00 8.587658E+00 
1.733169E-01 7.053083E-03 3.477814E-01 1.842477E-01 -1.387553E+00 5.839233E-01 -1.372953E-01 9.907263E-01 2.804799E-02 7.748426E-04 4.533508E+00 8.033046E+00 
1.838582E-01 5.059311E-03 3.276113E-01 1.866248E-01 -1.387001E+00 5.980156E-01 -1.112356E-01 9.741561E-01 2.938011E-02 9.018347E-04 4.179720E+00 9.224404E+00 
1.693530E-01 7.125200E-03 3.322319E-01 1.818827E-01 -1.398823E+00 5.815260E-01 -1.082201E-01 9.611161E-01 2.863777E-02 6.522274E-04 4.283298E+00 8.499927E+00 
1.766699E-01 4.798930E-03 3.273342E-01 1.829933E-01 -1.386026E+00 5.791276E-01 -1.341067E-01 9.658273E-01 3.006494E-02 8.804662E-04 3.926641E+00 8.590877E+00 
1.721443E-01 5.527311E-03 3.336195E-01 1.775517E-01 -1.251939E+00 5.809603E-01 -1.313954E-01 9.467003E-01 2.935684E-02 9.056313E-04 4.210222E+00 8.848729E+00 
1.951755E-01 5.916563E-03 3.173668E-01 1.786863E-01 -1.300613E+00 5.827476E-01 -1.476198E-01 9.231836E-01 2.791648E-02 1.058469E-03 4.035745E+00 8.536431E+00 
1.832102E-01 5.316384E-03 3.295125E-01 1.876234E-01 -1.402273E+00 5.838886E-01 -1.046299E-01 9.466576E-01 2.810690E-02 7.075735E-04 4.020895E+00 8.635129E+00 
1.768832E-01 4.563689E-03 3.006526E-01 1.813938E-01 -1.387864E+00 5.792806E-01 -1.309355E-01 9.272449E-01 2.887722E-02 9.597997E-04 4.468322E+00 8.856832E+00 
1.858640E-01 3.789444E-03 2.967561E-01 1.807015E-01 -1.269650E+00 5.785085E-01 -1.183554E-01 9.033170E-01 2.913770E-02 8.733446E-04 4.140519E+00 8.816874E+00 
1.821733E-01 5.220657E-03 3.306744E-01 1.873718E-01 -1.372158E+00 5.883110E-01 -1.695657E-01 9.290430E-01 2.858540E-02 7.219100E-04 4.064517E+00 8.053299E+00 
1.756977E-01 4.447430E-03 3.328639E-01 1.855060E-01 -1.427249E+00 5.868064E-01 -1.596789E-01 9.273181E-01 2.677107E-02 8.035873E-04 4.340478E+00 8.692493E+00 
