1.878359E-01 4.411656E-03 3.159969E-01 1.856188E-01 -1.425476E+00 5.917181E-01 -1.434279E-01 9.411031E-01 2.715544E-02 0.000000E+00 4.386965E+00 9.020769E+00 
1.822690E-01 7.006140E-03 3.161340E-01 1.772220E-01 -1.388000E+00 5.631113E-01 -1.206073E-01 9.612927E-01 2.767211E-02 5.765662E-04 3.866901E+00 8.785560E+00 
1.778026E-01 5.574287E-03 3.270366E-01 1.817769E-01 -1.416281E+00 5.932785E-01 -1.386127E-01 9.748709E-01 2.564899E-02 6.051410E-04 4.148810E+00 8.896149E+00 
1.780587E-01 4.479073E-03 3.285188E-01 1.776644E-01 -1.357256E+00 5.843149E-01 -1.765724E-01 9.420795E-01 2.776767E-02 1.055204E-03 3.990224E+00 9.198339E+00 
1.612846E-01 2.006404E-02 3.607256E-01 1.706746E-01 -1.384007E+00 5.337553E-01 -1.059279E-01 8.524413E-01 2.710977E-02 6.770836E-04 4.154079E+00 1.229371E+01 
1.848827E-01 7.068415E-03 2.896151E-01 1.791460E-01 -1.473700E+00 5.817326E-01 -1.436420E-01 9.769225E-01 2.806388E-02 1.033076E-03 3.783204E+00 8.590404E+00 
1.761198E-01 7.923496E-03 3.621297E-01 1.839019E-01 -1.444532E+00 5.968103E-01 -1.739777E-01 9.178638E-01 2.874009E-02 1.195991E-03 4.499048E+00 8.125270E+00 
1.906562E-01 9.366864E-03 3.372784E-01 1.762518E-01 -1.401389E+00 5.855480E-01 -1.779822E-01 9.865296E-01 2.845986E-02 7.782464E-04 4.158658E+00 8.773993E+00 
1.486740E-01 1.009919E-02 3.194673E-01 1.738367E-01 -1.324603E+00 5.705803E-01 -1.178749E-01 9.863331E-01 2.823646E-02 1.437216E-03 3.495550E+00 9.392481E+00 
1.900656E-01 4.969284E-03 3.221990E-01 1.794806E-01 -1.432040E+00 5.952804E-01 -1.406175E-01 9.339296E-01 2.774658E-02 6.812421E-04 4.352278E+00 8.498308E+00 
1.704278E-01 4.234208E-03 3.302807E-01 1.753242E-01 -1.401988E+00 5.918911E-01 -1.498554E-01 9.478221E-01 2.786268E-02 7.724038E-04 4.156009E+00 8.767814E+00 
1.787909E-01 4.909578E-03 3.317437E-01 1.845241E-01 -1.358661E+00 5.817032E-01 -1.513839E-01 9.522644E-01 2.877890E-02 8.594479E-04 4.177617E+00 8.984542E+00 
1.727860E-01 6.378795E-03 3.274639E-01 1.839672E-01 -1.349319E+00 5.843810E-01 -1.439700E-01 9.737016E-01 2.675412E-02 6.529081E-04 4.356896E+00 8.965490E+00 
1.849714E-01 4.009655E-03 3.472012E-01 1.820050E-01 -1.479153E+00 5.827799E-01 -1.332811E-01 9.100820E-01 2.796813E-02 9.514936E-04 4.332030E+00 9.416547E+00 
1.671031E-01 4.780707E-03 3.328969E-01 1.811402E-01 -1.402449E+00 5.903010E-01 -1.663036E-01 9.256195E-01 2.815708E-02 8.001902E-04 4.132477E+00 8.526880E+00 
1.802833E-01 6.084144E-03 3.129490E-01 1.805106E-01 -1.398554E+00 5.890181E-01 -1.333984E-01 9.751068E-01 2.782214E-02 1.339501E-03 4.326502E+00 8.644097E+00 
1.851472E-01 5.711669E-03 3.263036E-01 1.821046E-01 -1.380424E+00 5.927438E-01 -1.372683E-01 9.910548E-01 2.670081E-02 5.007489E-04 4.344860E+00 7.957644E+00 
1.812458E-01 3.565261E-03 3.278731E-01 1.756465E-01 -1.422355E+00 5.807111E-01 -1.487069E-01 9.502633E-01 2.574086E-02 1.091887E-03 4.162626E+00 8.208163E+00 
1.815824E-01 5.494772E-03 3.389278E-01 1.808763E-01 -1.381320E+00 5.887973E-01 -1.727070E-01 9.501061E-01 2.706167E-02 1.107644E-03 3.965982E+00 8.881971E+00 
1.782104E-01 4.617635E-03 3.050951E-01 1.773488E-01 -1.375008E+00 5.812835E-01 -1.264687E-01 1.007212E+00 3.000183E-02 1.291261E-03 3.957419E+00 9.583586E+00 
1.870369E-01 4.659511E-03 3.266721E-01 1.833326E-01 -1.462864E+00 5.884858E-01 -1.174031E-01 9.415869E-01 2.756974E-02 1.014948E-03 4.414364E+00 8.707480E+00 
1.578753E-01 4.555821E-03 3.232686E-01 1.771899E-01 -1.380415E+00 5.842573E-01 -1.399797E-01 9.649195E-01 2.908934E-02 5.017791E-04 4.197734E+00 8.842927E+00 
1.759731E-01 4.257945E-03 3.308717E-01 1.783407E-01 -1.367884E+00 5.885715E-01 -1.531227E-01 9.700396E-01 2.886536E-02 1.102984E-03 4.123514E+00 9.067311E+00 
1.642946E-01 4.068919E-03 3.283160E-01 1.779604E-01 -1.428694E+00 5.972498E-01 -1.792117E-01 9.063623E-01 2.848624E-02 9.046006E-04 3.922784E+00 8.577915E+00 
1.779803E-01 3.653000E-03 3.506984E-01 1.786458E-01 -1.394955E+00 5.968676E-01 -1.485452E-01 9.591846E-01 2.568631E-02 6.442987E-07 3.409651E+00 8.931993E+00 
1.776454E-01 5.300295E-03 3.407189E-01 1.788312E-01 -1.418357E+00 5.861395E-01 -1.234352E-01 9.566693E-01 2.807154E-02 1.400798E-03 4.002366E+00 9.295148E+00 
1.711416E-01 6.018194E-03 3.333906E-01 1.794287E-01 -1.453148E+00 5.857981E-01 -1.298922E-01 9.410172E-01 2.589567E-02 7.732076E-04 4.150102E+00 9.167990E+00 
1.910210E-01 4.034720E-03 3.234537E-01 1.810779E-01 -1.445655E+00 5.571365E-01 -1.221940E-01 9.380481E-01 2.514755E-02 7.735590E-04 4.142721E+00 8.048970E+00 
1.813792E-01 6.199907E-03 3.223281E-01 1.818996E-01 -1.472360E+00 5.795753E-01 -1.308969E-01 1.013941E+00 3.009839E-02 8.452688E-04 4.038191E+00 8.943039E+00 
1.755951E-01 5.614345E-03 3.239293E-01 1.741250E-01 -1.421873E+00 5.836800E-01 -1.172323E-01 1.039848E+00 2.738112E-02 1.010841E-03 4.309273E+00 8.653158E+00 
1.520220E-01 6.661662E-03 3.299458E-01 1.814841E-01 -1.460584E+00 5.781340E-01 -1.420671E-01 9.452137E-01 2.930484E-02 5.830049E-04 4.052977E+00 8.559529E+00 
1.766696E-01 5.098167E-03 3.312844E-01 1.869797E-01 -1.405214E+00 5.950570E-01 -1.285439E-01 9.713309E-01 2.536308E-02 1.576394E-03 4.192109E+00 8.281681E+00 
1.761877E-01 4.474407E-03 3.195946E-01 1.824649E-01 -1.349538E+00 5.865982E-01 -1.400019E-01 9.591862E-01 2.898559E-02 9.974809E-04 3.906220E+00 9.035152E+00 
1.691497E-01 5.680031E-03 3.354894E-01 1.767129E-01 -1.445916E+00 5.869635E-01 -1.189706E-01 9.617706E-01 2.791063E-02 6.252061E-04 3.752242E+00 8.688042E+00 
1.791939E-01 4.877711E-03 3.393919E-01 1.809450E-01 -1.477533E+00 5.996425E-01 -1.308950E-01 9.143646E-01 2.768648E-02 4.752439E-04 4.344576E+00 9.022385E+00 
1.681564E-01 5.582457E-03 3.408515E-01 1.788222E-01 -1.390410E+00 5.927823E-01 -1.414665E-01 9.360956E-01 2.693615E-02 9.532983E-04 4.280566E+00 8.956038E+00 
1.707118E-01 5.677125E-03 2.588090E-01 1.782757E-01 -1.438999E+00 5.842544E-01 -1.270851E-01 9.632838E-01 2.607049E-02 9.122313E-04 3.770905E+00 9.182231E+00 
1.573269E-01 5.612372E-03 3.194376E-01 1.796786E-01 -1.368104E+00 5.820403E-01 -9.394793E-02 9.595676E-01 2.923454E-02 9.244548E-04 4.158538E+00 9.053677E+00 
1.785296E-01 8.033478E-03 3.365758E-01 1.835997E-01 -1.326455E+00 5.890792E-01 -1.340606E-01 9.500325E-01 2.716627E-02 1.189395E-03 4.222890E+00 8.474648E+00 
1.749679E-01 6.477147E-03 3.352263E-01 1.756722E-01 -1.443076E+00 5.889502E-01 -1.108224E-01 9.517072E-01 2.716162E-02 1.772130E-03 4.012614E+00 1.044507E+01 
1.801808E-01 5.174076E-03 3.320587E-01 1.802029E-01 -1.468423E+00 5.833787E-01 -1.477173E-01 9.128086E-01 2.898478E-02 5.554071E-04 4.375980E+00 8.737018E+00 
1.917007E-01 5.956615E-03 3.350178E-01 1.784106E-01 -1.384178E+00 5.705504E-01 -1.498189E-01 9.165631E-01 3.148623E-02 5.328709E-04 4.117994E+00 8.652887E+00 
1.802698E-01 4.173137E-03 3.123046E-01 1.803332E-01 -1.383545E+00 5.887884E-01 -1.398822E-01 9.660895E-01 2.647434E-02 6.003988E-04 4.300799E+00 8.956163E+00 
1.771445E-01 3.910601E-03 3.389317E-01 1.816147E-01 -1.467020E+00 5.867424E-01 -1.827273E-01 9.355798E-01 2.719597E-02 5.624893E-04 3.808318E+00 8.635755E+00 
1.657528E-01 4.364643E-03 3.323458E-01 1.818196E-01 -1.470081E+00 5.669005E-01 -1.345865E-01 9.745120E-01 2.895481E-02 6.549198E-04 4.203747E+00 9.138448E+00 
1.744149E-01 5.131496E-03 3.457485E-01 1.846515E-01 -1.414386E+00 6.000000E-01 -1.337544E-01 9.533468E-01 2.356481E-02 1.594486E-03 4.279622E+00 9.086576E+00 
1.600976E-01 6.216301E-03 3.433056E-01 1.794748E-01 -1.324321E+00 5.743487E-01 -1.337545E-01 9.816946E-01 2.581046E-02 9.871919E-04 4.200033E+00 8.866563E+00 
1.851148E-01 4.179028E-03 3.224192E-01 1.772503E-01 -1.396350E+00 5.760196E-01 -1.602633E-01 9.096734E-01 2.772997E-02 4.157291E-04 4.217712E+00 8.345127E+00 
1.784733E-01 4.748664E-03 3.408980E-01 1.790099E-01 -1.399748E+00 6.000000E-01 -2.000000E-01 9.256773E-01 2.796298E-02 7.252236E-04 4.313157E+00 9.825451E+00 
1.550696E-01 5.529746E-03 3.281306E-01 1.827267E-01 -1.406388E+00 5.755724E-01 -1.142535E-01 9.579413E-01 2.738342E-02 7.748073E-04 4.097794E+00 8.939538E+00 
1.622035E-01 5.003927E-03 3.252070E-01 1.794947E-01 -1.311803E+00 5.870916E-01 -1.178928E-01 9.830503E-01 2.877300E-02 3.763305E-04 4.008489E+00 8.398125E+00 
1.709985E-01 4.796662E-03 3.337886E-01 1.840047E-01 -1.383478E+00 5.888743E-01 -1.574831E-01 9.246014E-01 3.089507E-02 6.511078E-04 4.078927E+00 9.039715E+00 
1.696611E-01 2.826746E-03 3.406414E-01 1.800794E-01 -1.486413E+00 5.958363E-01 -1.249505E-01 9.606429E-01 3.055732E-02 2.070211E-03 4.005738E+00 9.319370E+00 
1.716503E-01 4.055610E-03 3.297212E-01 1.817465E-01 -1.398143E+00 5.847213E-01 -1.480328E-01 8.724118E-01 2.825001E-02 1.428064E-03 3.980917E+00 9.060834E+00 
1.684888E-01 4.395452E-03 3.340448E-01 1.850209E-01 -1.412141E+00 5.820285E-01 -1.358746E-01 9.484074E-01 2.721242E-02 1.006881E-03 4.171634E+00 9.194554E+00 
1.800710E-01 5.373608E-03 3.224565E-01 1.799061E-01 -1.326430E+00 5.753186E-01 -1.412397E-01 9.665657E-01 2.739373E-02 7.547301E-04 4.308585E+00 8.699601E+00 
1.657360E-01 5.090044E-03 3.268320E-01 1.828952E-01 -1.394390E+00 5.560212E-01 -1.293950E-01 9.519701E-01 2.784969E-02 1.641360E-03 4.182330E+00 9.348885E+00 
1.814099E-01 4.821205E-03 3.388785E-01 1.855508E-01 -1.389031E+00 5.810880E-01 -1.426448E-01 9.364914E-01 2.959553E-02 4.120616E-04 3.994435E+00 8.765152E+00 
1.470646E-01 5.775028E-03 3.343148E-01 1.776992E-01 -1.370975E+00 5.635280E-01 -1.591767E-01 9.568963E-01 2.948544E-02 6.711691E-04 3.751663E+00 7.706183E+00 
1.717548E-01 5.831672E-03 3.256714E-01 1.832925E-01 -1.343561E+00 5.989599E-01 -1.659964E-01 9.078519E-01 2.848549E-02 6.373831E-04 4.386974E+00 8.849972E+00 
1.501233E-01 4.753835E-03 3.125841E-01 1.790073E-01 -1.465600E+00 5.756947E-01 -9.565355E-02 9.330292E-01 2.761199E-02 1.152098E-03 4.344053E+00 9.175696E+00 
1.702647E-01 4.441232E-03 3.305064E-01 1.787489E-01 -1.311047E+00 5.893177E-01 -1.264292E-01 9.538751E-01 2.675164E-02 5.539300E-04 3.768660E+00 9.008570E+00 
1.794612E-01 6.517006E-03 3.498228E-01 1.844811E-01 -1.450290E+00 5.954029E-01 -1.536609E-01 9.287555E-01 2.719995E-02 1.256758E-03 4.209201E+00 9.116556E+00 
1.672767E-01 4.260027E-03 3.260490E-01 1.802032E-01 -1.393254E+00 5.826353E-01 -1.242044E-01 9.599645E-01 2.713116E-02 4.476615E-04 4.082548E+00 9.036845E+00 
1.656631E-01 5.879917E-03 3.343899E-01 1.880998E-01 -1.366692E+00 5.804430E-01 -1.426876E-01 9.469946E-01 2.921652E-02 1.034907E-03 4.153876E+00 8.045004E+00 
1.768335E-01 5.533108E-03 3.317986E-01 1.798764E-01 -1.483007E+00 5.891233E-01 -1.702951E-01 9.561509E-01 2.634586E-02 4.056967E-04 3.847421E+00 9.041609E+00 
1.616343E-01 5.589275E-03 3.362851E-01 1.803367E-01 -1.353344E+00 5.826223E-01 -1.067751E-01 9.794240E-01 2.743673E-02 5.359478E-04 4.035772E+00 8.514478E+00 
1.784800E-01 9.126446E-03 3.476445E-01 1.867145E-01 -1.442042E+00 5.933818E-01 -1.654609E-01 9.465651E-01 2.692617E-02 7.118999E-04 4.313998E+00 8.721527E+00 
1.719024E-01 2.094647E-03 3.130810E-01 1.851683E-01 -1.397253E+00 5.734445E-01 -1.100547E-01 9.878868E-01 2.759785E-02 1.072803E-03 4.149398E+00 9.715076E+00 
1.897270E-01 5.261432E-03 3.345897E-01 1.797967E-01 -1.319946E+00 5.888742E-01 -1.902000E-01 8.806192E-01 2.716926E-02 1.514291E-03 3.799333E+00 7.700030E+00 
1.718863E-01 4.424286E-03 3.241738E-01 1.838597E-01 -1.415223E+00 5.800415E-01 -1.579365E-01 9.683469E-01 2.837924E-02 5.155960E-04 4.435521E+00 8.988827E+00 
1.809634E-01 6.044491E-03 3.272258E-01 1.788253E-01 -1.480919E+00 5.862481E-01 -1.510539E-01 9.260775E-01 2.841790E-02 6.125667E-04 4.125134E+00 8.786589E+00 
1.802703E-01 4.870133E-03 3.359759E-01 1.842376E-01 -1.428493E+00 5.863378E-01 -1.368285E-01 9.473625E-01 2.459321E-02 6.667732E-04 4.519352E+00 8.783811E+00 
1.559366E-01 3.244932E-03 3.113972E-01 1.811905E-01 -1.410380E+00 5.826009E-01 -1.580580E-01 9.257794E-01 2.751035E-02 8.310648E-04 3.853293E+00 8.606891E+00 
1.693615E-01 6.200362E-03 2.992049E-01 1.797945E-01 -1.426078E+00 5.866831E-01 -1.632182E-01 9.120215E-01 2.720456E-02 9.770193E-04 3.968145E+00 8.136414E+00 
1.673653E-01 4.920354E-03 3.432937E-01 1.800105E-01 -1.360074E+00 5.868373E-01 -1.138499E-01 9.317732E-01 2.789282E-02 5.007830E-04 3.936526E+00 8.728078E+00 
1.751653E-01 5.204380E-03 3.268293E-01 1.828074E-01 -1.352763E+00 5.851857E-01 -1.211985E-01 9.050429E-01 2.719282E-02 6.641644E-04 3.876344E+00 8.260073E+00 
1.647622E-01 5.219637E-03 3.341306E-01 1.737065E-01 -1.489518E+00 5.857078E-01 -1.385932E-01 9.590944E-01 2.792624E-02 8.273061E-04 3.914406E+00 9.329285E+00 
1.900270E-01 5.992792E-03 3.401690E-01 1.877730E-01 -1.335357E+00 5.831666E-01 -1.279871E-01 9.263570E-01 2.652999E-02 2.453421E-04 3.455123E+00 7.668744E+00 
1.963764E-01 7.832606E-03 3.595468E-01 1.786550E-01 -1.432021E+00 5.894467E-01 -1.783539E-01 9.220880E-01 2.817087E-02 6.217738E-04 4.253316E+00 8.726951E+00 
1.752453E-01 6.644630E-03 3.398301E-01 1.777266E-01 -1.400619E+00 5.822936E-01 -1.710073E-01 9.387447E-01 2.792995E-02 4.233980E-04 3.974590E+00 9.259439E+00 
1.707081E-01 4.668353E-03 3.370823E-01 1.802684E-01 -1.402603E+00 5.726353E-01 -1.544702E-01 9.693505E-01 2.976305E-02 1.310394E-03 4.254689E+00 9.272817E+00 
1.682278E-01 5.106994E-03 3.427291E-01 1.779465E-01 -1.505871E+00 5.838225E-01 -1.439119E-01 9.785316E-01 3.259466E-02 1.124452E-03 4.170541E+00 8.470544E+00 
1.751632E-01 3.211532E-03 3.301758E-01 1.840408E-01 -1.332743E+00 5.776248E-01 -1.289279E-01 9.491179E-01 3.050833E-02 5.886292E-04 4.177970E+00 9.019612E+00 
1.629318E-01 5.882357E-03 3.386431E-01 1.801960E-01 -1.426125E+00 5.800843E-01 -1.599394E-01 9.003224E-01 2.805978E-02 8.855914E-04 4.035463E+00 7.874971E+00 
1.919234E-01 7.303463E-03 3.451266E-01 1.832245E-01 -1.369686E+00 5.865568E-01 -1.632261E-01 9.557171E-01 2.570777E-02 6.776082E-04 4.188150E+00 8.321892E+00 
1.603797E-01 6.722843E-03 3.196033E-01 1.761226E-01 -1.425357E+00 5.469363E-01 -1.494418E-01 9.238512E-01 2.826480E-02 2.649884E-03 4.202333E+00 1.001666E+01 
1.687894E-01 6.094299E-03 3.235859E-01 1.799473E-01 -1.371983E+00 5.957262E-01 -1.675590E-01 9.895260E-01 2.759617E-02 8.311048E-04 4.021621E+00 8.460430E+00 
1.826780E-01 4.924472E-03 3.262694E-01 1.799876E-01 -1.369128E+00 5.908105E-01 -1.679970E-01 9.421085E-01 2.719889E-02 3.866535E-04 4.172934E+00 9.070568E+00 
1.648954E-01 5.516868E-03 3.417416E-01 1.752431E-01 -1.385031E+00 5.800550E-01 -1.191861E-01 9.908620E-01 2.973044E-02 1.098540E-03 3.932417E+00 8.347206E+00 
1.705777E-01 6.375562E-03 3.427049E-01 1.790657E-01 -1.455543E+00 5.897410E-01 -1.554820E-01 9.414627E-01 2.956931E-02 3.943230E-04 4.308475E+00 9.200864E+00 
1.522951E-01 7.502948E-03 3.371648E-01 1.752176E-01 -1.456301E+00 5.857185E-01 -1.650421E-01 9.405701E-01 2.786429E-02 1.095854E-04 4.121052E+00 8.429288E+00 
1.787959E-01 3.346477E-03 3.241692E-01 1.860217E-01 -1.475835E+00 5.893655E-01 -1.356819E-01 9.414662E-01 2.603997E-02 5.939310E-04 4.256793E+00 1.033967E+01 
1.789271E-01 4.607857E-03 3.191600E-01 1.871067E-01 -1.388934E+00 5.919115E-01 -1.409508E-01 9.839708E-01 2.710623E-02 8.220236E-04 4.322569E+00 9.048582E+00 
1.847493E-01 4.915945E-03 3.212152E-01 1.861585E-01 -1.389832E+00 5.865996E-01 -1.289767E-01 9.474735E-01 2.806448E-02 1.400404E-03 4.098374E+00 9.007221E+00 
1.749931E-01 4.183279E-03 3.581517E-01 1.805425E-01 -1.425568E+00 5.797402E-01 -1.525844E-01 9.685418E-01 2.770616E-02 1.082362E-03 4.125627E+00 7.399082E+00 
1.703305E-01 4.138203E-03 3.452706E-01 1.777228E-01 -1.483110E+00 5.817352E-01 -1.378546E-01 9.152985E-01 2.714222E-02 1.128774E-03 4.097590E+00 8.535168E+00 
1.799637E-01 4.608132E-03 3.415026E-01 1.795964E-01 -1.450077E+00 5.896810E-01 -1.342054E-01 9.290929E-01 2.804092E-02 7.583981E-04 4.070283E+00 9.264143E+00 
1.836884E-01 5.100247E-03 3.214885E-01 1.791144E-01 -1.492010E+00 5.790281E-01 -1.305778E-01 8.920295E-01 2.937799E-02 6.866416E-04 4.186615E+00 8.772255E+00 
1.666923E-01 4.677955E-03 3.186136E-01 1.813126E-01 -1.442696E+00 5.858496E-01 -1.188699E-01 9.322300E-01 2.665788E-02 6.917594E-04 3.935968E+00 9.015720E+00 
1.701322E-01 4.785052E-03 3.308356E-01 1.796765E-01 -1.373734E+00 5.821436E-01 -1.304926E-01 9.779069E-01 2.902402E-02 1.187831E-03 4.109460E+00 8.198222E+00 
1.653330E-01 6.101338E-03 3.150011E-01 1.849530E-01 -1.303740E+00 5.914805E-01 -1.656411E-01 9.608894E-01 2.740812E-02 4.611916E-04 4.073719E+00 8.782381E+00 
1.626757E-01 5.504844E-03 3.439813E-01 1.792034E-01 -1.352826E+00 5.771308E-01 -1.406434E-01 9.300907E-01 2.770100E-02 3.763389E-04 4.302565E+00 9.180067E+00 
1.752326E-01 4.969119E-03 3.224658E-01 1.804685E-01 -1.393319E+00 5.699845E-01 -1.276149E-01 9.301913E-01 2.803455E-02 1.287787E-03 3.998274E+00 9.006013E+00 
1.493811E-01 4.508949E-03 3.240449E-01 1.830254E-01 -1.443595E+00 5.863189E-01 -9.863733E-02 9.020666E-01 2.897158E-02 7.900308E-04 4.341345E+00 8.981957E+00 
1.754947E-01 6.246878E-03 3.222876E-01 1.816510E-01 -1.378562E+00 5.815087E-01 -1.185795E-01 9.851644E-01 2.707041E-02 1.113552E-03 4.017950E+00 8.978107E+00 
1.837548E-01 5.236725E-03 3.086230E-01 1.796064E-01 -1.268214E+00 5.754496E-01 -1.535612E-01 9.284497E-01 2.810387E-02 1.062051E-04 3.916834E+00 8.969988E+00 
1.690368E-01 6.309991E-03 3.274404E-01 1.760717E-01 -1.383528E+00 5.847773E-01 -1.027808E-01 9.117236E-01 2.875918E-02 6.050645E-04 3.895207E+00 8.675474E+00 
1.604956E-01 7.206805E-03 3.355696E-01 1.766985E-01 -1.424384E+00 5.821841E-01 -1.252734E-01 9.763866E-01 2.974947E-02 1.089096E-03 3.870508E+00 9.113422E+00 
1.672194E-01 3.814600E-03 3.053205E-01 1.810427E-01 -1.372834E+00 5.850906E-01 -1.015779E-01 1.097741E+00 2.891138E-02 4.502618E-04 4.101598E+00 9.499662E+00 
1.771499E-01 4.958684E-03 3.290152E-01 1.794524E-01 -1.345975E+00 5.908768E-01 -1.435603E-01 9.556441E-01 2.919269E-02 1.688846E-03 4.415988E+00 8.591185E+00 
1.731364E-01 4.494192E-03 3.384724E-01 1.777451E-01 -1.359059E+00 5.917974E-01 -1.318612E-01 9.794544E-01 2.785207E-02 7.614125E-04 3.881896E+00 9.486298E+00 
1.734491E-01 5.506329E-03 3.392192E-01 1.835035E-01 -1.416303E+00 5.927228E-01 -1.556130E-01 9.285874E-01 2.679805E-02 5.903586E-04 3.977743E+00 8.610410E+00 
1.608175E-01 4.239181E-03 3.442999E-01 1.805130E-01 -1.371594E+00 5.862298E-01 -1.438886E-01 9.754139E-01 2.945610E-02 3.842832E-04 3.931143E+00 8.577000E+00 
1.667538E-01 4.252052E-03 3.265403E-01 1.828583E-01 -1.365000E+00 5.840206E-01 -1.061695E-01 1.017187E+00 2.768783E-02 3.270607E-04 4.086655E+00 8.944619E+00 
1.684527E-01 6.564882E-03 3.398420E-01 1.786204E-01 -1.412356E+00 5.879710E-01 -1.445730E-01 9.522277E-01 2.632490E-02 6.749046E-04 4.138056E+00 8.721402E+00 
1.447154E-01 1.262679E-02 3.570303E-01 1.755703E-01 -1.355958E+00 4.786915E-01 -5.037619E-02 7.794401E-01 2.564468E-02 3.713793E-03 4.613335E+00 9.599932E+00 
1.739798E-01 5.825300E-03 3.247514E-01 1.765799E-01 -1.370608E+00 5.837324E-01 -1.088691E-01 9.725700E-01 2.772314E-02 7.912422E-04 4.240982E+00 8.485210E+00 
1.735075E-01 5.117794E-03 3.450059E-01 1.767082E-01 -1.494391E+00 5.986442E-01 -1.497227E-01 9.675253E-01 2.641771E-02 1.074332E-03 4.347932E+00 9.031007E+00 
1.788099E-01 5.824568E-03 3.343554E-01 1.848138E-01 -1.420188E+00 5.793013E-01 -1.863253E-01 9.696456E-01 2.871862E-02 5.067682E-04 4.096578E+00 8.686023E+00 
1.587280E-01 6.390758E-03 3.366166E-01 1.860831E-01 -1.377231E+00 5.630728E-01 -1.540462E-01 9.768056E-01 2.858323E-02 4.557444E-04 4.533625E+00 8.079139E+00 
1.711656E-01 2.482832E-03 3.329248E-01 1.839378E-01 -1.465619E+00 5.978161E-01 -1.360245E-01 9.335260E-01 2.951657E-02 7.720697E-04 4.184894E+00 9.156435E+00 
1.847926E-01 5.579399E-03 3.158476E-01 1.810125E-01 -1.398071E+00 5.807653E-01 -1.296842E-01 9.482403E-01 2.745783E-02 1.169212E-03 3.958545E+00 8.708194E+00 
1.784025E-01 4.166937E-03 3.212810E-01 1.810136E-01 -1.365668E+00 5.844209E-01 -1.426311E-01 9.764116E-01 2.783249E-02 1.083838E-03 4.178457E+00 9.220691E+00 
1.649986E-01 5.429830E-03 3.417749E-01 1.822528E-01 -1.458634E+00 5.831271E-01 -1.249594E-01 9.719691E-01 2.893221E-02 1.384027E-03 4.305628E+00 8.815710E+00 
1.849944E-01 4.611970E-03 3.041693E-01 1.801082E-01 -1.271893E+00 5.777101E-01 -1.297618E-01 9.446592E-01 2.642778E-02 8.819501E-04 4.122022E+00 8.734683E+00 
1.691529E-01 5.507050E-03 3.310669E-01 1.826046E-01 -1.422807E+00 5.822611E-01 -1.400878E-01 8.648408E-01 2.741150E-02 1.212176E-03 4.206609E+00 8.792602E+00 
1.686371E-01 4.633688E-03 3.405112E-01 1.755905E-01 -1.377245E+00 5.894155E-01 -1.799550E-01 9.447717E-01 2.797991E-02 8.879027E-04 4.123412E+00 8.861335E+00 
1.807849E-01 6.559587E-03 3.346859E-01 1.888161E-01 -1.350065E+00 5.835566E-01 -1.532199E-01 9.684200E-01 2.980769E-02 3.396973E-04 4.414646E+00 8.393290E+00 
1.716165E-01 4.629262E-03 3.227545E-01 1.785009E-01 -1.496498E+00 5.797363E-01 -1.077507E-01 9.601326E-01 2.687417E-02 1.264673E-03 4.109110E+00 8.800565E+00 
1.723775E-01 4.452208E-03 3.253419E-01 1.807260E-01 -1.452432E+00 5.783903E-01 -1.127184E-01 9.576390E-01 3.283630E-02 6.325915E-04 4.226276E+00 8.334614E+00 
1.680017E-01 4.945478E-03 3.308475E-01 1.780906E-01 -1.392909E+00 5.895073E-01 -1.167903E-01 9.233375E-01 2.805278E-02 1.738808E-03 4.029790E+00 8.980109E+00 
1.733817E-01 3.707739E-03 3.509699E-01 1.812444E-01 -1.408600E+00 5.841401E-01 -1.532529E-01 9.287284E-01 2.777416E-02 1.040675E-04 3.912122E+00 9.151714E+00 
1.791110E-01 5.118462E-03 3.475015E-01 1.857655E-01 -1.342215E+00 5.986402E-01 -1.309215E-01 9.162615E-01 2.700157E-02 7.522093E-04 4.388617E+00 8.968454E+00 
1.749110E-01 4.754466E-03 3.253114E-01 1.811156E-01 -1.392560E+00 5.868430E-01 -1.203812E-01 9.317399E-01 2.927610E-02 1.522664E-03 4.311967E+00 8.669649E+00 
1.723376E-01 4.311749E-03 3.029711E-01 1.854766E-01 -1.374449E+00 5.808432E-01 -1.326763E-01 9.683446E-01 3.177225E-02 5.341637E-04 3.988413E+00 8.372804E+00 
1.785030E-01 5.142753E-03 3.414370E-01 1.823150E-01 -1.410609E+00 5.827210E-01 -1.484958E-01 9.530530E-01 2.754194E-02 6.725604E-04 4.132865E+00 9.479011E+00 
1.641392E-01 5.647542E-03 3.175697E-01 1.796481E-01 -1.405628E+00 5.802905E-01 -1.055250E-01 9.885767E-01 2.757315E-02 6.569736E-04 3.713867E+00 8.546074E+00 
1.710647E-01 5.959433E-03 3.260257E-01 1.803380E-01 -1.324405E+00 5.822713E-01 -1.310839E-01 9.209380E-01 2.659713E-02 1.244925E-04 4.060328E+00 8.760494E+00 
1.872179E-01 5.042790E-03 3.109362E-01 1.809933E-01 -1.434273E+00 5.816109E-01 -1.388887E-01 9.603399E-01 2.844554E-02 2.814041E-04 4.169175E+00 8.421317E+00 
1.892422E-01 3.917776E-03 3.311613E-01 1.784537E-01 -1.369097E+00 5.876855E-01 -1.652393E-01 9.468906E-01 2.740680E-02 6.773041E-04 4.094174E+00 9.100524E+00 
1.809155E-01 3.960279E-03 2.999116E-01 1.807646E-01 -1.353234E+00 5.744498E-01 -1.102182E-01 1.084081E+00 2.736787E-02 9.902857E-04 3.854081E+00 9.292587E+00 
1.630593E-01 6.800941E-03 3.186220E-01 1.842366E-01 -1.414305E+00 6.000000E-01 -1.331086E-01 9.980699E-01 2.671115E-02 9.318927E-04 4.254793E+00 8.983457E+00 
1.684736E-01 5.092050E-03 3.218072E-01 1.824883E-01 -1.321537E+00 5.749115E-01 -1.121838E-01 9.383791E-01 2.785495E-02 9.464228E-04 4.139692E+00 8.797607E+00 
1.757149E-01 4.722854E-03 3.379699E-01 1.767777E-01 -1.391830E+00 5.866839E-01 -1.278174E-01 1.004765E+00 2.917918E-02 6.181767E-04 4.520717E+00 9.091267E+00 
1.751716E-01 7.909903E-03 3.494519E-01 1.843473E-01 -1.348926E+00 5.956658E-01 -1.661966E-01 9.688837E-01 2.611242E-02 5.262248E-04 4.468370E+00 8.759624E+00 
1.644677E-01 3.560119E-03 3.209207E-01 1.828184E-01 -1.389462E+00 5.794915E-01 -1.251541E-01 1.054818E+00 2.792650E-02 5.178388E-04 4.104340E+00 8.411269E+00 
1.734635E-01 5.727205E-03 2.958635E-01 1.787406E-01 -1.373638E+00 5.849842E-01 -1.283065E-01 9.053431E-01 2.863499E-02 1.236198E-03 4.082463E+00 7.824200E+00 
1.877826E-01 4.486232E-03 3.159918E-01 1.846560E-01 -1.428439E+00 5.856818E-01 -1.321857E-01 9.149067E-01 2.888255E-02 5.408791E-04 4.479748E+00 9.135810E+00 
1.662511E-01 5.345981E-03 3.329413E-01 1.807040E-01 -1.346561E+00 5.842058E-01 -1.061639E-01 1.018484E+00 2.879981E-02 1.953660E-03 3.997773E+00 8.655744E+00 
1.714950E-01 5.138943E-03 3.215520E-01 1.766074E-01 -1.478315E+00 5.834511E-01 -1.297745E-01 9.916283E-01 2.846084E-02 5.793699E-04 4.040085E+00 8.582111E+00 
1.747227E-01 4.481770E-03 3.428543E-01 1.805439E-01 -1.358548E+00 5.893305E-01 -1.559808E-01 9.388313E-01 2.747081E-02 1.432474E-03 3.798435E+00 9.218809E+00 
1.728039E-01 4.246783E-03 3.155462E-01 1.829727E-01 -1.323453E+00 5.877644E-01 -1.275058E-01 9.485580E-01 2.947188E-02 1.084832E-03 4.277000E+00 9.055666E+00 
1.700335E-01 5.455102E-03 3.285409E-01 1.838407E-01 -1.411457E+00 5.810921E-01 -1.575436E-01 1.005963E+00 2.813629E-02 1.002830E-03 4.258115E+00 8.773689E+00 
1.949040E-01 4.958325E-03 3.201353E-01 1.831239E-01 -1.425840E+00 5.833854E-01 -1.241419E-01 9.740310E-01 2.957514E-02 2.160998E-04 4.352466E+00 8.082605E+00 
1.656685E-01 5.189543E-03 3.346393E-01 1.855081E-01 -1.488101E+00 5.951995E-01 -1.257135E-01 9.526644E-01 2.833768E-02 5.643459E-04 4.432578E+00 8.982347E+00 
1.706040E-01 6.645406E-03 3.193412E-01 1.751110E-01 -1.402123E+00 5.843461E-01 -1.200386E-01 9.716325E-01 2.836715E-02 6.178552E-04 3.579468E+00 8.958035E+00 
1.850713E-01 3.612189E-03 3.429923E-01 1.847699E-01 -1.385688E+00 5.910436E-01 -1.572825E-01 9.397880E-01 2.838006E-02 1.077157E-03 4.261660E+00 8.344816E+00 
1.657631E-01 9.256609E-03 3.395981E-01 1.895999E-01 -1.410665E+00 5.949250E-01 -1.377410E-01 9.393852E-01 2.918191E-02 2.757791E-03 4.396746E+00 9.123585E+00 
1.678284E-01 5.161787E-03 3.118790E-01 1.819016E-01 -1.346574E+00 6.000000E-01 -1.397988E-01 9.905590E-01 2.723867E-02 7.287776E-04 4.111633E+00 8.498013E+00 
1.764543E-01 6.712403E-03 3.341114E-01 1.811764E-01 -1.386456E+00 5.840293E-01 -1.344730E-01 9.699867E-01 2.703730E-02 6.821314E-04 4.176691E+00 9.087624E+00 
1.779455E-01 4.991488E-03 3.346119E-01 1.802921E-01 -1.334515E+00 5.721432E-01 -1.388013E-01 9.216584E-01 2.846289E-02 9.473762E-04 4.509844E+00 8.586833E+00 
1.751662E-01 5.399260E-03 3.518679E-01 1.780933E-01 -1.455893E+00 5.491795E-01 -1.288758E-01 8.859637E-01 3.098400E-02 7.116079E-04 4.280550E+00 8.741743E+00 
1.698623E-01 6.179943E-03 3.269807E-01 1.845567E-01 -1.444080E+00 5.548253E-01 -1.516543E-01 9.401432E-01 2.716716E-02 3.330292E-04 5.073965E+00 9.290357E+00 
1.735861E-01 5.177857E-03 3.514371E-01 1.857665E-01 -1.408082E+00 5.740882E-01 -1.390891E-01 9.193632E-01 2.660270E-02 8.258310E-04 4.270443E+00 8.968554E+00 
1.736699E-01 5.624947E-03 3.300780E-01 1.804428E-01 -1.330675E+00 5.951286E-01 -1.622763E-01 9.923837E-01 2.431025E-02 1.154130E-03 4.275203E+00 8.584727E+00 
1.938012E-01 4.997574E-03 3.446002E-01 1.816737E-01 -1.395115E+00 5.880185E-01 -1.294147E-01 8.879890E-01 2.678504E-02 1.070521E-03 4.180887E+00 1.012770E+01 
1.805043E-01 5.269509E-03 3.386018E-01 1.851008E-01 -1.304105E+00 5.884816E-01 -1.017667E-01 9.770490E-01 2.786375E-02 1.127178E-03 4.022367E+00 8.334774E+00 
1.707970E-01 2.778462E-03 3.434927E-01 1.708955E-01 -1.420581E+00 5.906933E-01 -1.321541E-01 9.384640E-01 2.702061E-02 1.849914E-03 4.171811E+00 8.920301E+00 
1.771703E-01 4.526525E-03 3.226194E-01 1.772118E-01 -1.295353E+00 5.865284E-01 -1.211222E-01 9.042140E-01 2.874875E-02 1.167097E-03 4.130924E+00 8.695905E+00 
1.742829E-01 3.207523E-03 3.220954E-01 1.811832E-01 -1.517155E+00 5.930084E-01 -1.444484E-01 9.474404E-01 2.757933E-02 1.037850E-03 4.056287E+00 8.686548E+00 
1.760753E-01 4.683502E-03 3.268635E-01 1.801012E-01 -1.500846E+00 5.811096E-01 -1.693442E-01 9.323434E-01 2.875484E-02 4.051954E-04 4.558535E+00 9.043425E+00 
1.873506E-01 6.228080E-03 3.402164E-01 1.821257E-01 -1.391278E+00 5.939142E-01 -1.347161E-01 9.162882E-01 2.767154E-02 1.321632E-03 4.103225E+00 8.630527E+00 
1.784389E-01 5.512362E-03 3.469676E-01 1.773865E-01 -1.445320E+00 5.858583E-01 -1.415787E-01 9.435140E-01 3.083930E-02 5.988258E-04 4.095770E+00 8.763958E+00 
1.691955E-01 4.875284E-03 3.482641E-01 1.839726E-01 -1.359345E+00 5.884680E-01 -1.483015E-01 9.691107E-01 2.798196E-02 1.179600E-03 4.196643E+00 9.399363E+00 
1.795004E-01 4.090552E-03 3.169800E-01 1.767726E-01 -1.385629E+00 5.783263E-01 -1.414797E-01 8.610659E-01 2.825201E-02 0.000000E+00 4.251422E+00 8.949200E+00 
1.760298E-01 4.745441E-03 3.213984E-01 1.881372E-01 -1.344206E+00 5.924630E-01 -1.371349E-01 9.735370E-01 2.945693E-02 8.227335E-04 3.750731E+00 7.543787E+00 
1.820891E-01 4.624690E-03 3.097710E-01 1.805959E-01 -1.352136E+00 6.000000E-01 -1.295917E-01 9.430123E-01 2.973858E-02 6.774161E-04 4.227319E+00 8.850080E+00 
1.743296E-01 5.927044E-03 3.447597E-01 1.852826E-01 -1.429707E+00 5.915300E-01 -1.378059E-01 8.760311E-01 2.827860E-02 8.544253E-04 4.132421E+00 8.583633E+00 
1.820460E-01 7.152064E-03 3.532568E-01 1.741586E-01 -1.387755E+00 5.812534E-01 -1.443874E-01 9.698049E-01 2.900344E-02 1.650900E-03 4.058610E+00 9.716006E+00 
1.452586E-01 1.440346E-02 3.423985E-01 1.783197E-01 -1.420953E+00 5.717703E-01 -1.592363E-01 9.583928E-01 2.916505E-02 1.143581E-03 3.901932E+00 8.729781E+00 
1.843595E-01 5.110444E-03 2.934818E-01 1.820601E-01 -1.388514E+00 5.913012E-01 -1.544796E-01 9.427820E-01 2.803209E-02 8.912189E-04 4.143426E+00 8.894732E+00 
1.737340E-01 4.193879E-03 3.356456E-01 1.846389E-01 -1.419456E+00 5.900248E-01 -1.632667E-01 9.913026E-01 2.542556E-02 1.245361E-03 4.088118E+00 8.500345E+00 
1.705196E-01 4.744108E-03 2.986877E-01 1.818567E-01 -1.349844E+00 5.773506E-01 -1.226821E-01 1.003637E+00 2.950122E-02 9.143890E-04 4.180873E+00 9.256069E+00 
1.651986E-01 7.106511E-03 3.085448E-01 1.772434E-01 -1.437593E+00 5.753638E-01 -1.253500E-01 9.627261E-01 2.728184E-02 6.126386E-04 4.148508E+00 8.509851E+00 
1.662494E-01 5.477274E-03 3.312783E-01 1.819495E-01 -1.190161E+00 5.895451E-01 -1.330696E-01 9.658522E-01 2.778326E-02 3.743950E-04 3.471472E+00 7.226459E+00 
1.808777E-01 3.357673E-03 3.211485E-01 1.808987E-01 -1.521780E+00 5.922178E-01 -1.205440E-01 9.742950E-01 2.737391E-02 6.993210E-04 4.170493E+00 9.970142E+00 
1.790341E-01 5.494573E-03 3.210312E-01 1.828222E-01 -1.383248E+00 5.813748E-01 -1.397711E-01 8.814996E-01 2.738482E-02 6.101631E-04 4.029413E+00 8.503122E+00 
1.683222E-01 4.710797E-03 3.207551E-01 1.800708E-01 -1.432009E+00 5.877070E-01 -1.429079E-01 9.300029E-01 2.657811E-02 9.418753E-04 4.030428E+00 8.849427E+00 
1.837849E-01 5.769172E-03 3.259507E-01 1.769232E-01 -1.366354E+00 5.789281E-01 -1.275351E-01 9.334185E-01 2.910638E-02 7.835577E-04 4.068086E+00 9.296253E+00 
1.716341E-01 4.895721E-03 3.318564E-01 1.805966E-01 -1.409599E+00 5.981040E-01 -1.381365E-01 9.640284E-01 2.780033E-02 2.592859E-04 4.134300E+00 8.826917E+00 
1.888284E-01 5.082211E-03 3.149764E-01 1.778305E-01 -1.420285E+00 5.911929E-01 -1.500790E-01 9.370789E-01 2.782671E-02 1.034702E-03 3.857282E+00 8.769730E+00 
1.758496E-01 1.115816E-02 3.319407E-01 1.850408E-01 -1.423532E+00 5.447481E-01 -1.304811E-01 8.722078E-01 2.659070E-02 8.780998E-04 4.193107E+00 8.870755E+00 
1.610137E-01 4.925118E-03 3.552957E-01 1.784001E-01 -1.527277E+00 5.910241E-01 -1.754556E-01 9.663361E-01 2.924339E-02 1.433489E-03 3.892042E+00 9.136645E+00 
1.702531E-01 3.992028E-03 3.399173E-01 1.811327E-01 -1.349530E+00 5.939851E-01 -1.323107E-01 9.405531E-01 2.777509E-02 1.091137E-03 3.865327E+00 9.372092E+00 
1.689761E-01 4.142320E-03 3.055964E-01 1.776275E-01 -1.469535E+00 5.882263E-01 -1.818162E-01 9.360143E-01 2.649391E-02 2.285799E-04 3.810357E+00 8.979660E+00 
1.714661E-01 3.284900E-03 3.392571E-01 1.766882E-01 -1.428304E+00 5.805568E-01 -1.914421E-01 9.445745E-01 3.077421E-02 6.130729E-04 4.276387E+00 9.070786E+00 
1.653345E-01 5.178711E-03 3.291394E-01 1.850298E-01 -1.402516E+00 5.885635E-01 -1.586310E-01 9.523763E-01 2.840138E-02 1.038838E-03 4.502406E+00 8.814362E+00 
1.820665E-01 7.936734E-03 3.010457E-01 1.804830E-01 -1.357976E+00 5.790269E-01 -1.336461E-01 9.112006E-01 3.008443E-02 1.611064E-03 4.264090E+00 9.090965E+00 
1.637978E-01 3.654027E-03 3.318265E-01 1.848293E-01 -1.363105E+00 5.948912E-01 -1.447957E-01 9.548396E-01 2.459814E-02 9.358001E-04 4.161189E+00 8.638520E+00 
1.719053E-01 6.033575E-03 3.208581E-01 1.839992E-01 -1.388074E+00 5.606739E-01 -1.356387E-01 1.002840E+00 2.832625E-02 5.618137E-04 4.042056E+00 8.094904E+00 
1.719551E-01 2.098287E-03 3.293881E-01 1.839793E-01 -1.315429E+00 5.927911E-01 -1.156960E-01 9.775009E-01 2.933650E-02 6.836345E-04 4.066814E+00 8.691143E+00 
1.642623E-01 4.694472E-03 3.473981E-01 1.795674E-01 -1.501970E+00 5.950837E-01 -1.236079E-01 9.068398E-01 2.726215E-02 7.641913E-04 4.565584E+00 8.653712E+00 
1.698929E-01 3.763713E-03 3.423630E-01 1.815125E-01 -1.392738E+00 5.923383E-01 -1.491966E-01 9.579508E-01 2.731750E-02 5.998139E-04 4.535167E+00 8.989691E+00 
1.967224E-01 6.798751E-03 3.406474E-01 1.747832E-01 -1.528936E+00 5.813174E-01 -1.242857E-01 8.728855E-01 2.583936E-02 1.324168E-03 4.309803E+00 9.264835E+00 
1.679079E-01 4.740828E-03 3.246685E-01 1.808792E-01 -1.348127E+00 5.843807E-01 -1.309121E-01 9.702541E-01 2.839427E-02 9.422545E-04 4.151397E+00 8.902602E+00 
1.690861E-01 4.849438E-03 3.338572E-01 1.824881E-01 -1.430303E+00 5.951108E-01 -1.661181E-01 9.299945E-01 2.912253E-02 6.221693E-04 4.096994E+00 8.642245E+00 
1.565140E-01 5.471898E-03 3.250873E-01 1.833252E-01 -1.346211E+00 5.675971E-01 -1.103351E-01 9.217692E-01 3.254980E-02 8.348792E-04 3.877048E+00 8.407929E+00 
1.752851E-01 3.871498E-03 3.334744E-01 1.824448E-01 -1.404066E+00 5.852715E-01 -1.077963E-01 9.410949E-01 2.773540E-02 8.095996E-04 4.033100E+00 9.522476E+00 
1.822410E-01 4.281000E-03 3.443379E-01 1.758649E-01 -1.390189E+00 5.813540E-01 -1.266795E-01 9.607655E-01 2.737035E-02 1.090907E-03 4.018152E+00 8.573157E+00 
1.746636E-01 3.959275E-03 3.324161E-01 1.775357E-01 -1.466220E+00 5.861224E-01 -1.277802E-01 9.184189E-01 2.914751E-02 1.403263E-03 4.119081E+00 9.077493E+00 
1.521188E-01 6.449631E-03 3.381845E-01 1.839614E-01 -1.382247E+00 5.818895E-01 -1.360026E-01 9.719299E-01 2.610915E-02 7.462048E-04 3.964957E+00 8.425103E+00 
1.770425E-01 5.790500E-03 3.346441E-01 1.818332E-01 -1.337885E+00 5.913959E-01 -1.521878E-01 9.084459E-01 2.846363E-02 3.941341E-04 3.842700E+00 9.889948E+00 
1.682631E-01 5.040563E-03 3.646258E-01 1.795883E-01 -1.411393E+00 5.893267E-01 -1.183108E-01 9.277995E-01 2.531763E-02 0.000000E+00 4.563011E+00 8.738247E+00 
1.703331E-01 5.149716E-03 3.301769E-01 1.767519E-01 -1.377148E+00 5.707810E-01 -1.290558E-01 9.148064E-01 2.763468E-02 9.846132E-04 4.199262E+00 9.260179E+00 
1.773553E-01 4.925528E-03 3.216261E-01 1.804020E-01 -1.522519E+00 5.792130E-01 -1.392952E-01 8.727837E-01 2.665794E-02 7.956067E-04 4.114967E+00 8.808248E+00 
1.750413E-01 3.385474E-03 3.332130E-01 1.835251E-01 -1.282516E+00 5.935344E-01 -1.344179E-01 9.380701E-01 2.723244E-02 7.188024E-04 4.138472E+00 8.104052E+00 
1.676076E-01 5.358130E-03 3.280895E-01 1.788987E-01 -1.425889E+00 5.867816E-01 -1.371821E-01 9.757709E-01 2.682697E-02 8.291279E-04 4.368625E+00 9.003277E+00 
1.765037E-01 3.676951E-03 3.309061E-01 1.871415E-01 -1.435040E+00 6.000000E-01 -1.463683E-01 9.545940E-01 2.803843E-02 1.711008E-03 4.092350E+00 9.236752E+00 
1.825058E-01 5.434684E-03 3.263613E-01 1.855074E-01 -1.323393E+00 5.884584E-01 -1.516038E-01 9.761882E-01 2.841269E-02 1.346990E-03 4.000043E+00 9.171527E+00 
1.767045E-01 5.310988E-03 3.358403E-01 1.839946E-01 -1.460192E+00 5.846195E-01 -1.315518E-01 9.334923E-01 2.783973E-02 8.189409E-04 3.791650E+00 8.783571E+00 
1.853302E-01 2.264943E-02 3.286203E-01 1.803809E-01 -1.396042E+00 5.797443E-01 -1.448758E-01 1.025351E+00 2.744244E-02 8.856586E-04 3.827187E+00 9.251426E+00 
1.737093E-01 5.820328E-03 3.451999E-01 1.839086E-01 -1.462425E+00 5.869183E-01 -1.824352E-01 9.438269E-01 2.653652E-02 4.985931E-04 4.277999E+00 8.389232E+00 
1.668775E-01 5.447810E-03 3.380882E-01 1.805177E-01 -1.381342E+00 5.883990E-01 -1.230527E-01 9.475340E-01 2.883194E-02 2.281566E-04 4.134003E+00 8.107158E+00 
1.767989E-01 3.739701E-03 3.158170E-01 1.807558E-01 -1.500199E+00 5.879594E-01 -1.277303E-01 9.405663E-01 2.708646E-02 1.589451E-03 3.869929E+00 8.880260E+00 
1.775864E-01 5.727465E-03 3.412054E-01 1.825367E-01 -1.456605E+00 5.921384E-01 -1.481729E-01 9.572901E-01 2.688183E-02 6.111944E-04 4.389728E+00 8.803116E+00 
1.764180E-01 3.082211E-03 3.267755E-01 1.822356E-01 -1.430030E+00 5.860075E-01 -1.234114E-01 9.649314E-01 2.893612E-02 9.915329E-04 4.172975E+00 9.068878E+00 
1.707838E-01 6.252495E-03 3.040316E-01 1.794822E-01 -1.404365E+00 5.857511E-01 -7.365540E-02 9.864417E-01 2.967764E-02 1.058596E-03 4.035659E+00 9.050445E+00 
1.805581E-01 4.340271E-03 3.271006E-01 1.848891E-01 -1.448657E+00 5.852743E-01 -1.627313E-01 9.128674E-01 2.641311E-02 1.352595E-03 4.183678E+00 9.031424E+00 
1.637730E-01 5.225129E-03 3.112292E-01 1.819948E-01 -1.432185E+00 5.935670E-01 -1.653675E-01 9.413426E-01 2.660847E-02 1.177991E-03 4.384076E+00 8.570045E+00 
1.797258E-01 3.936857E-03 3.503680E-01 1.831040E-01 -1.396093E+00 5.928321E-01 -1.727130E-01 9.421274E-01 2.753868E-02 1.337757E-03 4.348598E+00 8.559235E+00 
1.696429E-01 5.932055E-03 3.307672E-01 1.836712E-01 -1.424207E+00 5.840942E-01 -1.554952E-01 9.505312E-01 2.759690E-02 7.807160E-04 4.180997E+00 9.124364E+00 
1.521081E-01 7.748170E-03 3.299475E-01 1.813591E-01 -1.344144E+00 5.822769E-01 -1.683600E-01 9.466998E-01 2.673458E-02 7.354603E-04 4.279257E+00 8.989577E+00 
1.667466E-01 4.721881E-03 3.407463E-01 1.746513E-01 -1.429154E+00 5.848349E-01 -1.056093E-01 9.312833E-01 2.951466E-02 1.392030E-03 4.415859E+00 8.591205E+00 
1.776420E-01 4.978645E-03 3.304921E-01 1.844781E-01 -1.440949E+00 5.809409E-01 -1.120423E-01 9.330371E-01 2.626223E-02 1.119438E-03 4.189154E+00 8.318100E+00 
1.714065E-01 3.945072E-03 3.302860E-01 1.831857E-01 -1.423332E+00 5.792716E-01 -1.195903E-01 9.202089E-01 2.626268E-02 7.602347E-04 4.341516E+00 8.855617E+00 
1.776869E-01 4.276805E-03 3.480922E-01 1.820360E-01 -1.381899E+00 5.918006E-01 -1.337576E-01 9.568911E-01 2.779323E-02 5.174039E-04 3.957575E+00 9.481402E+00 
1.690335E-01 1.133203E-02 3.382140E-01 1.764599E-01 -1.471396E+00 5.810008E-01 -1.293233E-01 8.355453E-01 2.883630E-02 1.732065E-04 4.073877E+00 8.945427E+00 
1.780011E-01 5.077820E-03 3.109387E-01 1.810914E-01 -1.394367E+00 5.881718E-01 -1.668697E-01 9.597046E-01 2.691538E-02 1.332788E-03 4.033937E+00 8.658496E+00 
1.806003E-01 3.507405E-03 3.465081E-01 1.814549E-01 -1.352152E+00 5.909622E-01 -1.358417E-01 9.813341E-01 2.776268E-02 1.695185E-03 4.072520E+00 8.710507E+00 
1.675403E-01 4.320759E-03 3.227666E-01 1.860846E-01 -1.337109E+00 5.821730E-01 -1.235575E-01 9.737119E-01 2.860085E-02 1.312692E-03 4.134261E+00 9.156955E+00 
1.693704E-01 6.574611E-03 3.587977E-01 1.762759E-01 -1.382676E+00 5.793899E-01 -1.212337E-01 9.520379E-01 2.749871E-02 7.571240E-04 4.239657E+00 9.741029E+00 
1.678038E-01 3.183857E-03 3.351224E-01 1.814574E-01 -1.396239E+00 5.879380E-01 -1.687624E-01 9.524514E-01 2.734096E-02 6.663890E-04 4.391357E+00 7.350693E+00 
1.735176E-01 4.348896E-03 3.294014E-01 1.806114E-01 -1.342129E+00 5.855283E-01 -1.150153E-01 9.387692E-01 2.723070E-02 2.322242E-04 3.891773E+00 9.301099E+00 
1.855304E-01 5.595256E-03 3.346948E-01 1.782659E-01 -1.464168E+00 5.736204E-01 -1.123093E-01 1.313743E+00 2.854590E-02 1.917596E-03 4.286610E+00 8.678050E+00 
1.614772E-01 5.781479E-03 3.364462E-01 1.777956E-01 -1.386575E+00 5.915469E-01 -1.410396E-01 9.950903E-01 2.993180E-02 3.249789E-03 4.376903E+00 9.672950E+00 
1.687474E-01 3.565364E-03 3.337855E-01 1.792556E-01 -1.420772E+00 5.859112E-01 -1.468352E-01 9.633415E-01 2.868913E-02 9.488862E-04 3.516674E+00 9.095289E+00 
1.742686E-01 6.063718E-03 3.155335E-01 1.839399E-01 -1.440517E+00 5.844604E-01 -1.491331E-01 9.396339E-01 2.775870E-02 9.260084E-04 4.257018E+00 9.038876E+00 
1.682419E-01 6.824461E-03 3.185503E-01 1.774873E-01 -1.338807E+00 5.820777E-01 -1.343384E-01 9.543741E-01 2.805057E-02 8.133751E-04 4.032500E+00 8.898675E+00 
1.855086E-01 4.203374E-03 3.109131E-01 1.808422E-01 -1.407183E+00 5.802608E-01 -1.473074E-01 9.655295E-01 2.632783E-02 1.570233E-03 4.385407E+00 8.678552E+00 
1.579719E-01 7.674727E-03 3.655439E-01 1.804175E-01 -1.520684E+00 5.930511E-01 -1.831106E-01 9.560346E-01 2.882740E-02 1.288169E-03 4.322661E+00 8.538022E+00 
1.838474E-01 5.979211E-03 3.393282E-01 1.663531E-01 -1.516839E+00 5.864654E-01 -1.509553E-01 1.031621E+00 2.868096E-02 2.109938E-03 4.166126E+00 1.131139E+01 
1.380919E-01 3.581706E-03 3.318203E-01 1.806257E-01 -1.475083E+00 5.833488E-01 -1.318638E-01 9.132374E-01 2.887237E-02 8.517954E-04 3.990067E+00 9.072920E+00 
1.790363E-01 2.499194E-03 3.480210E-01 1.816916E-01 -1.351706E+00 5.876353E-01 -1.283885E-01 9.334622E-01 2.794229E-02 7.223878E-04 4.128099E+00 9.557446E+00 
1.634244E-01 5.689790E-03 3.262858E-01 1.795926E-01 -1.361822E+00 5.818013E-01 -1.371395E-01 9.604958E-01 2.992084E-02 4.332222E-04 4.200115E+00 8.096434E+00 
1.616581E-01 2.827208E-03 3.314852E-01 1.770418E-01 -1.375815E+00 5.829048E-01 -1.669470E-01 9.495139E-01 2.680079E-02 1.210936E-03 4.425049E+00 8.826780E+00 
1.827810E-01 5.197183E-03 3.376805E-01 1.803774E-01 -1.408475E+00 5.867150E-01 -1.691291E-01 9.316210E-01 2.876076E-02 2.600658E-04 4.595788E+00 8.853875E+00 
1.837377E-01 7.024042E-03 3.589621E-01 1.811951E-01 -1.379901E+00 6.000000E-01 -1.871623E-01 9.143620E-01 2.468813E-02 8.706098E-04 4.429935E+00 8.465849E+00 
1.713603E-01 4.216910E-03 3.372287E-01 1.831200E-01 -1.296599E+00 5.913875E-01 -1.656085E-01 9.397643E-01 2.417153E-02 7.593754E-04 3.808939E+00 8.325345E+00 
1.712852E-01 4.597549E-03 3.376722E-01 1.869555E-01 -1.402902E+00 5.862754E-01 -1.203550E-01 9.328513E-01 2.843677E-02 6.691222E-04 4.170353E+00 8.851669E+00 
1.774153E-01 1.933207E-03 3.304041E-01 1.836791E-01 -1.388650E+00 5.812679E-01 -1.212387E-01 9.054735E-01 3.100121E-02 2.403622E-04 3.734093E+00 9.306779E+00 
1.749668E-01 7.291017E-03 3.376808E-01 1.859720E-01 -1.473876E+00 5.830507E-01 -1.124474E-01 9.726020E-01 2.618034E-02 7.675117E-04 4.141334E+00 8.931199E+00 
1.796125E-01 3.895858E-03 3.315962E-01 1.806556E-01 -1.357690E+00 5.842753E-01 -1.529122E-01 9.337724E-01 2.788101E-02 2.602748E-04 4.147113E+00 8.718712E+00 
1.733303E-01 4.321654E-03 3.138875E-01 1.814562E-01 -1.377779E+00 5.848303E-01 -1.649908E-01 9.422792E-01 2.835707E-02 2.217184E-03 4.396216E+00 9.119557E+00 
1.811489E-01 5.654305E-03 3.317419E-01 1.824214E-01 -1.222296E+00 5.911257E-01 -1.670445E-01 9.555664E-01 2.778416E-02 7.970079E-04 3.901504E+00 9.586337E+00 
1.812964E-01 8.292373E-03 3.432777E-01 1.823069E-01 -1.450363E+00 5.971114E-01 -1.513733E-01 9.298158E-01 2.766138E-02 1.248642E-03 4.194071E+00 9.128996E+00 
1.689776E-01 6.525695E-03 3.456209E-01 1.735236E-01 -1.555668E+00 5.882071E-01 -1.314127E-01 9.383185E-01 2.805504E-02 2.077028E-03 4.234490E+00 1.144513E+01 
1.848805E-01 5.573810E-03 3.433885E-01 1.829014E-01 -1.412903E+00 5.888594E-01 -1.146832E-01 9.717607E-01 2.691514E-02 8.979806E-04 4.142876E+00 9.116918E+00 
1.732635E-01 4.359471E-03 3.384300E-01 1.818571E-01 -1.381831E+00 5.851515E-01 -1.411213E-01 9.325188E-01 2.852597E-02 9.105491E-04 4.185070E+00 8.359842E+00 
1.649674E-01 5.598774E-03 3.247234E-01 1.820772E-01 -1.337016E+00 5.789468E-01 -1.119406E-01 9.579954E-01 2.750426E-02 4.271158E-04 4.100528E+00 8.726774E+00 
1.609684E-01 3.361000E-03 3.289126E-01 1.816459E-01 -1.377601E+00 5.821678E-01 -1.055265E-01 8.769160E-01 2.801785E-02 2.987672E-04 3.262119E+00 9.243962E+00 
1.678070E-01 4.948412E-03 3.108840E-01 1.823777E-01 -1.391194E+00 5.862488E-01 -1.234222E-01 9.587445E-01 2.827695E-02 5.651688E-04 4.082951E+00 8.455243E+00 
1.607982E-01 4.607665E-03 3.071573E-01 1.765310E-01 -1.330367E+00 5.882778E-01 -1.297952E-01 1.022801E+00 2.928415E-02 3.925652E-04 4.282343E+00 8.973901E+00 
1.709072E-01 5.219643E-03 3.498585E-01 1.833170E-01 -1.386640E+00 5.934818E-01 -1.594591E-01 9.572905E-01 2.737166E-02 1.966631E-03 4.189211E+00 8.666044E+00 
1.718839E-01 8.040905E-03 3.278913E-01 1.886824E-01 -1.453686E+00 5.944054E-01 -1.225617E-01 9.347036E-01 2.812305E-02 2.050158E-04 4.304717E+00 7.491058E+00 
1.735767E-01 6.469643E-03 3.470955E-01 1.825780E-01 -1.392123E+00 5.831432E-01 -1.106847E-01 9.963096E-01 2.736982E-02 7.388914E-04 3.764913E+00 9.097655E+00 
1.744071E-01 5.519273E-03 3.285995E-01 1.832422E-01 -1.405282E+00 5.872942E-01 -1.443563E-01 9.464472E-01 2.749971E-02 8.718037E-04 4.197702E+00 9.087563E+00 
1.717574E-01 5.216831E-03 3.619451E-01 1.767719E-01 -1.403902E+00 5.846444E-01 -1.799656E-01 1.008375E+00 2.678645E-02 9.835153E-04 4.349249E+00 9.119607E+00 
1.752678E-01 5.497990E-03 3.323120E-01 1.790899E-01 -1.410347E+00 5.613818E-01 -1.182889E-01 9.229843E-01 2.724597E-02 8.420257E-04 3.939726E+00 9.230860E+00 
1.836386E-01 7.304163E-03 3.393829E-01 1.864977E-01 -1.410434E+00 5.809857E-01 -1.679965E-01 8.810161E-01 2.608774E-02 7.289909E-04 4.213056E+00 8.927069E+00 
1.735127E-01 5.812379E-03 3.069618E-01 1.779666E-01 -1.365913E+00 5.863294E-01 -1.305098E-01 9.546670E-01 2.979449E-02 1.424384E-03 3.949423E+00 9.023138E+00 
1.788993E-01 4.973200E-03 3.222070E-01 1.846590E-01 -1.380511E+00 5.873753E-01 -1.593187E-01 9.334627E-01 2.841663E-02 3.451584E-04 4.222802E+00 8.801918E+00 
1.727245E-01 4.526261E-03 3.415856E-01 1.849294E-01 -1.376320E+00 5.848147E-01 -1.075513E-01 9.104894E-01 2.887934E-02 1.182505E-03 4.099655E+00 7.956101E+00 
1.636829E-01 3.594534E-03 3.234865E-01 1.756351E-01 -1.400183E+00 5.859401E-01 -1.179504E-01 9.484463E-01 2.823181E-02 1.550833E-03 4.097330E+00 9.146594E+00 
1.336932E-01 4.132453E-03 3.518225E-01 1.717719E-01 -1.404462E+00 5.217377E-01 -1.011696E-01 6.946030E-01 2.918848E-02 3.189656E-03 4.191525E+00 9.796442E+00 
1.754502E-01 4.915572E-03 3.371844E-01 1.841761E-01 -1.505831E+00 5.794435E-01 -1.712757E-01 9.456799E-01 2.805581E-02 9.189381E-04 4.065330E+00 9.039075E+00 
1.655082E-01 5.023897E-03 3.286808E-01 1.841372E-01 -1.478204E+00 5.799241E-01 -1.277327E-01 9.332597E-01 3.168094E-02 9.750349E-04 4.079564E+00 8.326147E+00 
1.734773E-01 4.874698E-03 3.371595E-01 1.849102E-01 -1.388110E+00 5.718604E-01 -1.575943E-01 9.693928E-01 2.806530E-02 8.727724E-04 4.403837E+00 8.570500E+00 
1.645901E-01 5.445991E-03 3.449593E-01 1.751498E-01 -1.393072E+00 5.882799E-01 -1.471142E-01 9.101713E-01 2.858323E-02 1.229542E-03 4.313944E+00 7.587571E+00 
1.711890E-01 4.483172E-03 3.264257E-01 1.828298E-01 -1.389640E+00 5.819341E-01 -1.266198E-01 9.232916E-01 2.848878E-02 9.194722E-04 4.118917E+00 8.666996E+00 
1.652373E-01 4.942358E-03 3.329666E-01 1.828068E-01 -1.400520E+00 5.885181E-01 -1.369715E-01 9.186359E-01 2.660797E-02 1.735990E-03 3.911820E+00 7.731989E+00 
1.749430E-01 4.807036E-03 3.231039E-01 1.816063E-01 -1.400242E+00 5.815091E-01 -1.292602E-01 9.358271E-01 2.998864E-02 9.977522E-04 3.676738E+00 9.354260E+00 
1.580591E-01 5.203558E-03 3.321744E-01 1.860020E-01 -1.485384E+00 5.827111E-01 -1.381912E-01 8.797609E-01 2.771502E-02 6.553485E-04 3.965175E+00 9.147865E+00 
1.727220E-01 6.347108E-03 3.220309E-01 1.833665E-01 -1.494527E+00 5.756885E-01 -1.311187E-01 9.772494E-01 2.509491E-02 7.359741E-04 4.122284E+00 8.353179E+00 
1.752720E-01 5.630152E-03 3.501888E-01 1.842509E-01 -1.391129E+00 5.698047E-01 -1.215212E-01 9.424148E-01 2.798835E-02 4.465885E-04 4.371172E+00 8.175396E+00 
1.693415E-01 4.305816E-03 3.422989E-01 1.850610E-01 -1.462002E+00 5.777120E-01 -1.521426E-01 9.471498E-01 2.905303E-02 7.309312E-04 4.382102E+00 9.121002E+00 
1.771454E-01 3.285121E-03 3.353795E-01 1.870688E-01 -1.405155E+00 5.938325E-01 -1.412328E-01 9.131235E-01 2.623718E-02 8.048804E-04 4.589800E+00 8.733635E+00 
1.792463E-01 3.406246E-03 3.213271E-01 1.820115E-01 -1.420078E+00 5.807981E-01 -1.246497E-01 9.673825E-01 2.717937E-02 7.764284E-04 3.856585E+00 8.529017E+00 
1.845234E-01 4.619879E-03 3.335689E-01 1.865819E-01 -1.432639E+00 5.953795E-01 -1.887518E-01 9.374496E-01 2.737611E-02 1.135760E-03 4.376869E+00 8.966342E+00 
1.769670E-01 4.091959E-03 3.213531E-01 1.828115E-01 -1.341646E+00 5.868021E-01 -1.279603E-01 9.648165E-01 2.722799E-02 3.883725E-04 4.276870E+00 8.370471E+00 
1.683577E-01 5.927084E-03 3.294253E-01 1.814029E-01 -1.343277E+00 5.843354E-01 -1.417095E-01 9.501723E-01 2.703307E-02 8.737686E-04 4.321941E+00 9.426385E+00 
1.682677E-01 3.910459E-03 3.477787E-01 1.804194E-01 -1.366021E+00 5.926986E-01 -1.707006E-01 9.021801E-01 2.373400E-02 6.276762E-04 3.801658E+00 8.899669E+00 
1.817497E-01 5.332039E-03 3.263326E-01 1.816417E-01 -1.452686E+00 5.846171E-01 -1.667615E-01 9.270888E-01 2.799703E-02 9.669986E-04 4.657416E+00 8.611775E+00 
1.878678E-01 3.910393E-03 3.302250E-01 1.819036E-01 -1.395671E+00 5.925659E-01 -1.537327E-01 9.302418E-01 2.942071E-02 5.622439E-04 4.125843E+00 9.487318E+00 
1.801227E-01 6.341003E-03 3.303430E-01 1.829990E-01 -1.452240E+00 5.907773E-01 -1.597339E-01 9.629724E-01 2.822223E-02 2.141720E-04 4.019488E+00 9.245656E+00 
1.930844E-01 5.668246E-03 2.998629E-01 1.810352E-01 -1.315731E+00 5.821619E-01 -1.419042E-01 9.279148E-01 2.805960E-02 9.635223E-04 4.109337E+00 8.830979E+00 
1.784471E-01 5.955824E-03 3.298172E-01 1.789597E-01 -1.403062E+00 5.853682E-01 -1.210946E-01 9.868137E-01 2.715364E-02 7.602714E-04 4.290492E+00 8.743184E+00 
1.645028E-01 5.385314E-03 3.228363E-01 1.837591E-01 -1.454753E+00 5.830878E-01 -1.340384E-01 9.582534E-01 2.774208E-02 5.434515E-04 4.313473E+00 8.608201E+00 
1.647771E-01 5.363697E-03 3.352382E-01 1.823034E-01 -1.448739E+00 5.841800E-01 -1.091316E-01 9.532926E-01 2.703186E-02 3.495999E-04 3.962198E+00 8.621222E+00 
1.876912E-01 4.468673E-03 3.163075E-01 1.824278E-01 -1.376234E+00 5.865689E-01 -1.607389E-01 8.595842E-01 2.541649E-02 2.267945E-04 3.777123E+00 8.097283E+00 
1.637457E-01 5.533855E-03 3.216241E-01 1.766296E-01 -1.409468E+00 5.781492E-01 -1.461993E-01 9.333948E-01 2.959129E-02 8.731940E-04 4.153231E+00 8.584397E+00 
1.715455E-01 3.969921E-03 3.369079E-01 1.830751E-01 -1.292129E+00 5.790412E-01 -1.576005E-01 9.586564E-01 2.968020E-02 1.020302E-03 4.118843E+00 8.182341E+00 
1.811015E-01 3.642059E-03 3.093824E-01 1.799325E-01 -1.379863E+00 5.869039E-01 -1.367512E-01 9.949128E-01 2.853851E-02 8.098165E-04 4.461685E+00 8.753214E+00 
1.832506E-01 3.871147E-03 3.015864E-01 1.826890E-01 -1.376333E+00 5.801554E-01 -1.323217E-01 9.209717E-01 2.568571E-02 7.238586E-04 4.233957E+00 8.954057E+00 
1.792027E-01 5.234216E-03 3.321280E-01 1.847576E-01 -1.398249E+00 5.892075E-01 -1.950646E-01 8.897972E-01 2.722139E-02 8.872756E-04 4.961087E+00 8.904992E+00 
1.718197E-01 6.536353E-03 3.274870E-01 1.850648E-01 -1.429068E+00 5.906144E-01 -1.587795E-01 8.864453E-01 2.706934E-02 6.637034E-04 4.425290E+00 9.755283E+00 
1.801622E-01 3.966875E-03 3.409225E-01 1.844483E-01 -1.423600E+00 5.902936E-01 -1.424043E-01 9.017888E-01 2.591149E-02 9.378744E-04 4.128133E+00 8.800696E+00 
1.739553E-01 5.025182E-03 3.341787E-01 1.813956E-01 -1.408432E+00 5.781387E-01 -1.783907E-01 9.045425E-01 2.524281E-02 5.280684E-04 4.279755E+00 8.812950E+00 
1.660996E-01 5.292665E-03 3.246147E-01 1.842149E-01 -1.407264E+00 5.841893E-01 -1.387569E-01 9.411102E-01 2.704156E-02 9.546754E-04 4.332052E+00 9.218332E+00 
1.742783E-01 4.592303E-03 3.214589E-01 1.786963E-01 -1.420925E+00 5.921088E-01 -1.379061E-01 9.725309E-01 2.817059E-02 7.774208E-04 4.088876E+00 8.812191E+00 
1.703623E-01 4.806261E-03 3.282900E-01 1.851822E-01 -1.407082E+00 5.800209E-01 -1.088061E-01 8.874502E-01 2.764965E-02 1.061954E-03 4.305035E+00 8.045848E+00 
1.794971E-01 4.010497E-03 3.418005E-01 1.881412E-01 -1.401326E+00 5.844434E-01 -1.559316E-01 9.215894E-01 2.694057E-02 7.791628E-04 4.365413E+00 9.216583E+00 
1.687282E-01 3.944590E-03 3.417698E-01 1.810147E-01 -1.346493E+00 5.948106E-01 -1.763654E-01 9.264370E-01 2.694858E-02 5.639038E-04 4.303735E+00 9.842548E+00 
1.876952E-01 5.780725E-03 3.151634E-01 1.778879E-01 -1.419927E+00 5.796819E-01 -1.921724E-01 9.425831E-01 2.795274E-02 6.397905E-04 4.256396E+00 7.540194E+00 
1.849691E-01 4.147981E-03 3.392475E-01 1.870249E-01 -1.408855E+00 5.934207E-01 -1.674835E-01 8.986739E-01 2.959143E-02 2.608918E-03 4.272465E+00 8.503585E+00 
1.782451E-01 4.374478E-03 3.250209E-01 1.828011E-01 -1.413625E+00 5.887233E-01 -1.371801E-01 9.892403E-01 2.787405E-02 1.465351E-03 4.181077E+00 8.357727E+00 
1.670337E-01 1.000000E-04 3.279765E-01 1.861029E-01 -1.328997E+00 5.517611E-01 -1.446511E-01 1.034749E+00 2.920420E-02 4.141565E-04 4.258861E+00 8.600823E+00 
1.793010E-01 4.813217E-03 3.274352E-01 1.827364E-01 -1.334856E+00 5.815875E-01 -1.824537E-01 9.580276E-01 2.657613E-02 2.291840E-04 4.464681E+00 8.356267E+00 
1.712755E-01 6.824554E-03 3.289951E-01 1.792732E-01 -1.329228E+00 5.924913E-01 -1.414727E-01 9.665561E-01 2.691726E-02 8.775766E-04 3.844492E+00 8.606529E+00 
1.774428E-01 3.987824E-03 3.220776E-01 1.823552E-01 -1.411728E+00 5.887016E-01 -1.448396E-01 9.331121E-01 2.711737E-02 1.589808E-03 3.995153E+00 8.589156E+00 
1.741485E-01 6.729236E-03 3.363045E-01 1.845515E-01 -1.419899E+00 5.903430E-01 -1.737861E-01 9.421572E-01 2.786323E-02 4.320163E-04 4.211240E+00 8.662958E+00 
1.757824E-01 4.542759E-03 3.337342E-01 1.856194E-01 -1.485247E+00 5.879571E-01 -1.464562E-01 8.971561E-01 2.693947E-02 1.400948E-03 4.331814E+00 8.458917E+00 
1.697922E-01 6.467093E-03 3.329965E-01 1.807122E-01 -1.409395E+00 5.856383E-01 -1.771364E-01 9.992466E-01 2.663999E-02 4.904999E-04 4.372523E+00 9.561731E+00 
1.965444E-01 4.150760E-03 3.376742E-01 1.767638E-01 -1.402829E+00 5.898913E-01 -2.000000E-01 9.100502E-01 2.654849E-02 6.771888E-04 3.801410E+00 8.362436E+00 
1.723818E-01 5.212084E-03 3.183877E-01 1.816576E-01 -1.363876E+00 5.867622E-01 -1.894706E-01 9.822387E-01 2.742254E-02 6.782254E-04 4.099504E+00 8.832981E+00 
1.689272E-01 3.995239E-03 3.535143E-01 1.794745E-01 -1.407393E+00 5.824626E-01 -1.158345E-01 9.565161E-01 3.024267E-02 1.067505E-03 4.180471E+00 8.789967E+00 
1.683347E-01 4.664851E-03 3.208355E-01 1.780923E-01 -1.330478E+00 5.897989E-01 -1.142446E-01 9.258957E-01 2.838179E-02 7.141175E-04 3.993064E+00 8.979223E+00 
1.744350E-01 5.108538E-03 3.157349E-01 1.843846E-01 -1.360268E+00 5.883377E-01 -1.352070E-01 9.486620E-01 2.803672E-02 7.384741E-04 4.131174E+00 8.783244E+00 
1.781901E-01 4.662616E-03 3.048378E-01 1.960195E-01 -1.419251E+00 6.000000E-01 -1.904382E-01 1.139058E+00 2.686970E-02 7.933296E-04 4.098170E+00 8.203690E+00 
1.710148E-01 6.215678E-03 3.142543E-01 1.816859E-01 -1.362741E+00 5.923509E-01 -1.405870E-01 9.358306E-01 2.859210E-02 7.580415E-04 4.085075E+00 8.963076E+00 
2.000000E-01 8.254975E-03 3.185790E-01 1.855029E-01 -1.360176E+00 5.898090E-01 -1.388194E-01 9.763494E-01 2.675423E-02 1.216504E-03 4.271749E+00 8.422603E+00 
1.786641E-01 8.060641E-03 3.472177E-01 1.745787E-01 -1.407348E+00 5.774100E-01 -1.332177E-01 7.911349E-01 2.830560E-02 1.264397E-03 3.847735E+00 9.687049E+00 
1.625048E-01 5.551443E-03 3.146896E-01 1.833319E-01 -1.375631E+00 5.417318E-01 -1.250206E-01 9.964901E-01 2.794604E-02 6.371311E-04 4.098060E+00 8.460783E+00 
1.622463E-01 4.056306E-03 3.235501E-01 1.789571E-01 -1.373304E+00 5.803943E-01 -1.432216E-01 9.848455E-01 3.045172E-02 7.043128E-04 3.801221E+00 8.170958E+00 
1.616978E-01 4.584826E-03 3.676040E-01 1.816747E-01 -1.404440E+00 5.780260E-01 -1.550868E-01 1.007145E+00 2.930355E-02 1.168683E-03 4.289958E+00 8.751827E+00 
1.828840E-01 4.189563E-03 3.297898E-01 1.806410E-01 -1.349847E+00 5.842773E-01 -1.392360E-01 9.989346E-01 2.721356E-02 1.514004E-04 3.926901E+00 9.099940E+00 
1.681755E-01 4.971913E-03 3.166075E-01 1.817869E-01 -1.383980E+00 5.948549E-01 -1.106358E-01 9.731082E-01 2.697819E-02 9.245836E-04 4.467926E+00 8.901418E+00 
1.572544E-01 4.102015E-03 3.427930E-01 1.672697E-01 -1.396590E+00 5.377126E-01 -1.201463E-01 9.590837E-01 2.873989E-02 1.279981E-03 4.168713E+00 1.059051E+01 
1.887149E-01 5.772452E-03 3.300628E-01 1.824864E-01 -1.390365E+00 5.986349E-01 -1.311560E-01 9.502249E-01 2.828145E-02 1.458332E-03 4.176278E+00 9.280184E+00 
1.649131E-01 6.333299E-03 3.107854E-01 1.806257E-01 -1.629147E+00 5.875408E-01 -1.681064E-01 9.579217E-01 2.815340E-02 4.794196E-04 4.022141E+00 9.140729E+00 
1.761634E-01 1.714405E-02 3.244722E-01 1.795029E-01 -1.399792E+00 5.893558E-01 -1.412369E-01 9.668132E-01 2.739406E-02 1.853589E-03 4.402628E+00 9.610195E+00 
1.674469E-01 4.640841E-03 3.327306E-01 1.822176E-01 -1.424724E+00 5.866565E-01 -1.563796E-01 9.558189E-01 2.911898E-02 1.479531E-03 4.192085E+00 8.878939E+00 
1.623577E-01 4.227656E-03 3.277845E-01 1.794537E-01 -1.365933E+00 5.885546E-01 -1.733948E-01 9.258668E-01 2.765540E-02 7.394032E-04 4.119948E+00 9.347028E+00 
1.661682E-01 5.496653E-03 3.337205E-01 1.823620E-01 -1.422157E+00 5.703851E-01 -1.131551E-01 9.099361E-01 2.863928E-02 6.438080E-04 4.200886E+00 9.144350E+00 
1.838115E-01 5.143595E-03 3.131087E-01 1.796669E-01 -1.406402E+00 5.822967E-01 -1.573388E-01 9.335702E-01 2.920710E-02 0.000000E+00 3.575400E+00 8.742273E+00 
1.639788E-01 4.874778E-03 3.237262E-01 1.786143E-01 -1.309472E+00 5.475818E-01 -1.020226E-01 9.907081E-01 2.583469E-02 5.997172E-04 3.990509E+00 8.593621E+00 
1.689142E-01 4.441016E-03 3.364762E-01 1.802635E-01 -1.364566E+00 5.881824E-01 -1.379668E-01 9.719058E-01 2.773731E-02 1.123821E-03 4.158388E+00 8.742834E+00 
1.720792E-01 5.048318E-03 3.269521E-01 1.796399E-01 -1.380910E+00 5.729352E-01 -9.126662E-02 9.869491E-01 2.790044E-02 1.458101E-04 4.121692E+00 8.898082E+00 
1.746250E-01 6.529628E-03 3.496733E-01 1.826486E-01 -1.407542E+00 5.822534E-01 -9.179871E-02 8.668708E-01 2.740422E-02 1.041119E-03 4.255026E+00 9.514759E+00 
1.788529E-01 4.772857E-03 3.447437E-01 1.801113E-01 -1.423399E+00 5.910017E-01 -1.342459E-01 9.373305E-01 2.467483E-02 1.928871E-04 4.498499E+00 8.711777E+00 
1.772160E-01 6.283590E-03 3.092076E-01 1.804466E-01 -1.404676E+00 5.919767E-01 -1.619369E-01 9.231508E-01 2.808967E-02 7.119392E-04 4.203792E+00 9.007879E+00 
1.776515E-01 5.455641E-03 3.354787E-01 1.839658E-01 -1.264310E+00 5.885922E-01 -1.388761E-01 9.415188E-01 2.628000E-02 4.453136E-04 3.547474E+00 9.112147E+00 
1.667451E-01 2.671467E-03 3.003178E-01 1.779103E-01 -1.396009E+00 5.835093E-01 -1.720796E-01 9.806299E-01 2.819735E-02 1.255313E-03 3.826795E+00 8.764536E+00 
1.783831E-01 5.337865E-03 3.349108E-01 1.797100E-01 -1.365392E+00 5.950502E-01 -1.234912E-01 9.760350E-01 2.809580E-02 6.104869E-04 4.271834E+00 9.154332E+00 
1.744886E-01 4.216597E-03 3.491739E-01 1.816054E-01 -1.492901E+00 5.982948E-01 -1.759667E-01 8.988084E-01 2.608279E-02 8.428796E-04 4.214851E+00 8.969604E+00 
1.860175E-01 4.333106E-03 3.214123E-01 1.840819E-01 -1.304464E+00 5.926017E-01 -1.230702E-01 9.523050E-01 2.928536E-02 9.926170E-04 3.975591E+00 9.187137E+00 
1.788688E-01 4.824627E-03 3.134960E-01 1.758764E-01 -1.422786E+00 5.733525E-01 -1.046755E-01 9.618289E-01 2.877106E-02 7.894635E-04 4.011262E+00 8.498421E+00 
1.651224E-01 3.646346E-03 3.385223E-01 1.806596E-01 -1.501301E+00 5.873299E-01 -1.229386E-01 8.734079E-01 2.796755E-02 6.472960E-04 4.109698E+00 9.156150E+00 
1.706122E-01 5.832592E-03 3.385096E-01 1.764988E-01 -1.478783E+00 5.867554E-01 -1.382448E-01 9.128716E-01 2.705809E-02 4.826506E-04 4.075753E+00 8.413625E+00 
1.640857E-01 7.254785E-03 3.276102E-01 1.809513E-01 -1.400060E+00 5.400627E-01 -1.262304E-01 9.119835E-01 3.214337E-02 3.117768E-03 4.057198E+00 9.474965E+00 
1.708225E-01 2.158708E-03 3.392407E-01 1.819119E-01 -1.446248E+00 5.883843E-01 -1.169484E-01 1.003508E+00 2.918508E-02 9.364996E-04 4.068801E+00 9.389430E+00 
1.688764E-01 4.624974E-03 3.551837E-01 1.845759E-01 -1.384906E+00 5.883478E-01 -1.739231E-01 9.835204E-01 2.836183E-02 1.571726E-03 4.327059E+00 8.108220E+00 
1.881548E-01 4.833009E-03 3.340544E-01 1.807753E-01 -1.375165E+00 5.909254E-01 -1.597326E-01 9.372367E-01 2.516466E-02 8.371314E-04 4.048025E+00 8.800506E+00 
1.813263E-01 8.639397E-03 3.444691E-01 1.846103E-01 -1.399039E+00 5.887379E-01 -1.353488E-01 9.451986E-01 2.741354E-02 7.141083E-04 4.157530E+00 8.948976E+00 
2.000000E-01 7.078549E-03 3.376341E-01 1.870123E-01 -1.393997E+00 5.849559E-01 -1.590733E-01 1.049196E+00 2.906742E-02 5.677495E-04 4.097216E+00 8.893296E+00 
1.613988E-01 4.808319E-03 3.344190E-01 1.800210E-01 -1.458280E+00 5.937578E-01 -1.367787E-01 9.246844E-01 2.637159E-02 7.158297E-04 4.097173E+00 1.059992E+01 
1.592354E-01 7.715874E-03 3.248409E-01 1.810947E-01 -1.450519E+00 5.596396E-01 -1.366929E-01 9.498382E-01 2.693247E-02 4.989385E-04 4.249077E+00 7.817652E+00 
1.707635E-01 5.167224E-03 3.445400E-01 1.858510E-01 -1.450512E+00 5.645023E-01 -1.163452E-01 9.852962E-01 2.907510E-02 7.879247E-04 4.272143E+00 8.017583E+00 
1.745029E-01 6.480453E-03 3.477499E-01 1.835007E-01 -1.389374E+00 5.936900E-01 -1.599046E-01 9.719429E-01 2.655074E-02 7.178147E-04 4.256589E+00 9.558845E+00 
1.674520E-01 3.270320E-03 3.296166E-01 1.813334E-01 -1.421022E+00 5.912449E-01 -1.373499E-01 9.638473E-01 2.743425E-02 1.199127E-03 3.709329E+00 9.182157E+00 
1.333780E-01 6.111420E-03 3.476083E-01 1.823524E-01 -1.398275E+00 5.365010E-01 -1.680477E-01 9.934701E-01 2.514481E-02 9.981450E-04 4.119532E+00 8.896578E+00 
1.624211E-01 1.050699E-02 3.506536E-01 1.770950E-01 -1.402259E+00 5.887733E-01 -1.544974E-01 8.555935E-01 2.784987E-02 5.102462E-04 3.840880E+00 9.010161E+00 
1.669868E-01 4.189499E-03 3.223644E-01 1.803124E-01 -1.362106E+00 5.921868E-01 -1.308581E-01 9.945162E-01 2.826876E-02 4.888407E-04 3.986341E+00 9.015850E+00 
1.932710E-01 5.116481E-03 3.345677E-01 1.800872E-01 -1.334597E+00 5.828887E-01 -1.433246E-01 9.052467E-01 2.771479E-02 8.822938E-04 3.895449E+00 8.895986E+00 
1.746982E-01 3.924558E-03 3.292064E-01 1.735389E-01 -1.463658E+00 5.802937E-01 -1.172506E-01 9.582166E-01 2.832210E-02 1.061966E-03 4.316365E+00 9.045889E+00 
1.530186E-01 2.677897E-03 3.439876E-01 1.683527E-01 -1.444191E+00 6.000000E-01 -1.317678E-01 9.285589E-01 2.821689E-02 5.688349E-04 4.240075E+00 9.066573E+00 
1.954537E-01 5.887447E-03 3.258966E-01 1.778877E-01 -1.465824E+00 5.983356E-01 -1.801551E-01 9.780193E-01 2.885139E-02 6.566767E-04 4.487359E+00 8.264710E+00 
1.771478E-01 5.228374E-03 3.421652E-01 1.866160E-01 -1.408258E+00 5.922693E-01 -1.439895E-01 8.836787E-01 2.595182E-02 1.191000E-03 4.358567E+00 8.626952E+00 
1.878251E-01 5.719018E-03 3.535888E-01 1.819190E-01 -1.351082E+00 5.920455E-01 -1.674808E-01 9.462903E-01 2.623497E-02 6.650052E-04 4.180628E+00 8.971480E+00 
1.915779E-01 4.530585E-03 3.417928E-01 1.777962E-01 -1.407663E+00 5.854956E-01 -1.318188E-01 9.649773E-01 2.890200E-02 1.112943E-03 3.061863E+00 9.177693E+00 
1.608394E-01 5.563663E-03 3.301950E-01 1.818736E-01 -1.392094E+00 5.904481E-01 -1.138735E-01 9.399446E-01 2.945392E-02 1.218874E-03 4.314032E+00 8.408913E+00 
1.933174E-01 5.183697E-03 3.144713E-01 1.803670E-01 -1.379016E+00 5.933449E-01 -1.465984E-01 8.907852E-01 2.640191E-02 6.087200E-04 3.655585E+00 8.927658E+00 
2.000000E-01 4.182061E-03 3.144203E-01 1.799490E-01 -1.375441E+00 5.770263E-01 -1.221123E-01 9.518301E-01 2.837503E-02 9.230464E-04 3.947199E+00 9.306649E+00 
1.844499E-01 6.872481E-03 3.468691E-01 1.820685E-01 -1.377516E+00 5.921251E-01 -2.000000E-01 9.900090E-01 2.800676E-02 1.528648E-03 4.332917E+00 9.141257E+00 
1.660283E-01 3.938581E-03 3.413325E-01 1.812821E-01 -1.364337E+00 5.893711E-01 -1.383766E-01 9.681090E-01 3.021958E-02 4.999679E-04 3.867750E+00 8.458300E+00 
1.842536E-01 5.765720E-03 3.452876E-01 1.827833E-01 -1.429098E+00 5.913031E-01 -1.447497E-01 9.733343E-01 2.808418E-02 1.177386E-03 4.655269E+00 1.007647E+01 
1.766436E-01 4.600901E-03 3.228274E-01 1.805706E-01 -1.431990E+00 5.693706E-01 -1.563795E-01 9.586187E-01 2.543693E-02 2.824295E-04 3.989435E+00 8.514900E+00 
1.825644E-01 3.629591E-03 3.184630E-01 1.799300E-01 -1.326258E+00 5.734852E-01 -1.373507E-01 9.588940E-01 2.786239E-02 3.327846E-04 3.610574E+00 8.823466E+00 
1.808807E-01 6.850999E-03 3.355323E-01 1.887345E-01 -1.388183E+00 5.837945E-01 -1.606874E-01 9.307383E-01 2.882181E-02 5.961412E-04 4.251521E+00 8.559880E+00 
1.688964E-01 5.095320E-03 3.237963E-01 1.808292E-01 -1.472651E+00 5.770570E-01 -1.088196E-01 9.690104E-01 2.826643E-02 8.130450E-04 3.988329E+00 8.579857E+00 
1.761321E-01 5.109799E-03 3.331454E-01 1.796147E-01 -1.307190E+00 5.878909E-01 -1.195708E-01 1.003296E+00 2.854808E-02 1.425247E-04 4.038827E+00 8.595253E+00 
1.680516E-01 5.785355E-03 3.450065E-01 1.899706E-01 -1.495402E+00 5.961743E-01 -1.450179E-01 9.716986E-01 2.802014E-02 4.307960E-04 4.090523E+00 8.803374E+00 
1.761260E-01 6.965448E-03 3.480780E-01 1.835587E-01 -1.406531E+00 5.733235E-01 -1.165294E-01 9.438896E-01 3.009551E-02 2.110623E-03 4.286806E+00 9.255116E+00 
1.763935E-01 6.075838E-03 3.156283E-01 1.791353E-01 -1.411090E+00 5.727014E-01 -1.657510E-01 9.655411E-01 2.840600E-02 7.588647E-04 3.783647E+00 8.175842E+00 
1.360070E-01 8.880419E-03 3.155460E-01 1.823722E-01 -1.407563E+00 5.745229E-01 -1.320769E-01 9.807358E-01 2.867464E-02 1.958067E-04 4.428108E+00 9.289226E+00 
1.885835E-01 5.035301E-03 3.304369E-01 1.778001E-01 -1.388179E+00 5.888662E-01 -1.581380E-01 9.338746E-01 2.782693E-02 6.316631E-04 4.254208E+00 8.699278E+00 
1.733665E-01 4.811755E-03 3.426749E-01 1.837984E-01 -1.466032E+00 5.876872E-01 -1.308967E-01 9.443418E-01 2.779374E-02 8.251154E-04 4.584438E+00 8.886799E+00 
1.793345E-01 6.757638E-03 3.374936E-01 1.840715E-01 -1.386000E+00 5.976712E-01 -1.163239E-01 9.399377E-01 2.638457E-02 9.425611E-04 4.070092E+00 8.376688E+00 
1.919468E-01 7.460184E-03 3.268437E-01 1.802160E-01 -1.369615E+00 5.839046E-01 -1.501759E-01 9.915489E-01 2.717772E-02 9.135454E-04 4.170788E+00 9.368880E+00 
1.744092E-01 7.335536E-03 3.302758E-01 1.777431E-01 -1.413657E+00 5.803063E-01 -1.545619E-01 9.185355E-01 2.752783E-02 6.978798E-04 4.257582E+00 9.121824E+00 
1.704268E-01 5.850536E-03 3.237236E-01 1.812661E-01 -1.333819E+00 5.856914E-01 -1.280423E-01 9.861533E-01 2.818508E-02 1.347325E-03 3.917726E+00 8.360418E+00 
1.686979E-01 5.326262E-03 3.439831E-01 1.778797E-01 -1.432582E+00 5.859101E-01 -9.563027E-02 9.639908E-01 2.714177E-02 2.306451E-03 4.037169E+00 9.190881E+00 
1.712220E-01 5.516427E-03 3.252551E-01 1.827348E-01 -1.445102E+00 5.834046E-01 -1.118318E-01 8.897510E-01 2.992399E-02 1.896295E-03 4.175898E+00 9.107437E+00 
1.834883E-01 5.220615E-03 3.164313E-01 1.751277E-01 -1.435081E+00 5.894047E-01 -1.418227E-01 9.353339E-01 2.793024E-02 1.758565E-03 3.873307E+00 9.224661E+00 
1.746884E-01 1.607299E-03 3.231644E-01 1.770369E-01 -1.558557E+00 5.068600E-01 -1.600623E-01 9.215355E-01 2.511564E-02 2.226114E-04 3.925057E+00 8.644352E+00 
1.554590E-01 5.678514E-03 3.276532E-01 1.771889E-01 -1.367995E+00 5.878100E-01 -1.504301E-01 9.643434E-01 2.835351E-02 1.009539E-03 4.174406E+00 8.564252E+00 
1.811765E-01 4.839976E-03 3.259464E-01 1.814014E-01 -1.370830E+00 5.839500E-01 -1.528422E-01 9.308371E-01 2.773745E-02 1.350315E-03 3.716497E+00 8.806691E+00 
1.725751E-01 4.211885E-03 3.008040E-01 1.824181E-01 -1.414065E+00 5.884758E-01 -1.400271E-01 1.044417E+00 2.978556E-02 1.326352E-03 4.262242E+00 8.938403E+00 
1.540285E-01 3.991248E-03 3.088809E-01 1.801303E-01 -1.415983E+00 5.837692E-01 -1.327778E-01 9.551063E-01 2.873065E-02 6.407749E-04 4.271459E+00 8.746706E+00 
1.791042E-01 5.054621E-03 3.351332E-01 1.814076E-01 -1.565227E+00 5.955600E-01 -1.432037E-01 9.802506E-01 2.652534E-02 7.821708E-04 4.664054E+00 8.761568E+00 
1.766710E-01 4.875208E-03 3.316557E-01 1.841851E-01 -1.433333E+00 5.840998E-01 -1.269496E-01 9.484724E-01 2.557672E-02 3.076968E-04 3.851634E+00 8.902785E+00 
1.786747E-01 5.023304E-03 3.332845E-01 1.798036E-01 -1.399516E+00 5.876668E-01 -1.545661E-01 9.520745E-01 2.854593E-02 1.148635E-03 4.178237E+00 8.691210E+00 
1.701517E-01 4.051984E-03 3.289217E-01 1.811326E-01 -1.418588E+00 5.857956E-01 -1.368122E-01 9.371027E-01 2.880075E-02 1.058599E-03 4.212451E+00 8.031993E+00 
1.792867E-01 6.635707E-03 3.378680E-01 1.843831E-01 -1.357488E+00 5.869921E-01 -1.306001E-01 1.039294E+00 2.728936E-02 9.321709E-04 4.012533E+00 8.862783E+00 
1.838037E-01 5.432528E-03 3.376725E-01 1.817648E-01 -1.347623E+00 5.805177E-01 -1.204380E-01 9.409727E-01 2.939913E-02 8.109589E-04 4.250903E+00 8.433108E+00 
1.798808E-01 4.667847E-03 3.160350E-01 1.799319E-01 -1.379275E+00 5.834422E-01 -1.478434E-01 9.628978E-01 2.849747E-02 6.385412E-04 4.162000E+00 9.248829E+00 
1.881547E-01 6.234111E-03 3.388796E-01 1.851193E-01 -1.518858E+00 5.766216E-01 -1.732782E-01 9.050499E-01 2.888902E-02 3.154259E-04 4.276614E+00 9.016176E+00 
1.673656E-01 4.013490E-03 3.040541E-01 1.780958E-01 -1.361371E+00 5.834280E-01 -1.051800E-01 9.639101E-01 2.891107E-02 1.051628E-03 4.092970E+00 9.234764E+00 
1.760303E-01 4.884999E-03 3.222748E-01 1.767627E-01 -1.365761E+00 5.804524E-01 -1.549265E-01 9.095280E-01 2.623190E-02 0.000000E+00 3.799315E+00 8.311804E+00 
1.685392E-01 5.068469E-03 3.200095E-01 1.834172E-01 -1.421516E+00 5.884539E-01 -1.377247E-01 9.518703E-01 2.800104E-02 8.578838E-04 4.296306E+00 8.964406E+00 
1.738207E-01 7.422815E-03 3.468382E-01 1.820248E-01 -1.539045E+00 5.751173E-01 -1.395519E-01 8.793666E-01 3.147100E-02 4.904631E-04 4.136603E+00 8.725443E+00 
1.393983E-01 2.579250E-02 3.911757E-01 1.715285E-01 -1.210804E+00 4.707540E-01 -1.227683E-01 5.940079E-01 2.985942E-02 2.741206E-03 3.662684E+00 1.290062E+01 
1.718050E-01 4.925887E-03 3.407981E-01 1.825810E-01 -1.342714E+00 5.731103E-01 -1.279657E-01 9.360507E-01 2.726262E-02 1.148967E-03 4.469647E+00 8.746349E+00 
1.696009E-01 5.183646E-03 3.283381E-01 1.821080E-01 -1.367091E+00 5.871031E-01 -1.369610E-01 9.998920E-01 2.850314E-02 7.417772E-04 4.084884E+00 8.933837E+00 
1.657158E-01 6.595894E-03 3.387055E-01 1.819605E-01 -1.422530E+00 5.892138E-01 -1.685200E-01 9.101089E-01 2.737184E-02 3.698269E-04 3.934580E+00 8.585866E+00 
1.434729E-01 7.266875E-03 3.335810E-01 1.808174E-01 -1.396944E+00 5.758971E-01 -1.226782E-01 9.237360E-01 2.889799E-02 2.194910E-03 4.108409E+00 8.798360E+00 
1.684498E-01 5.620007E-03 3.384849E-01 1.819553E-01 -1.410221E+00 5.882079E-01 -1.240090E-01 9.404334E-01 2.715033E-02 4.021329E-04 4.122514E+00 8.705095E+00 
1.733148E-01 4.227579E-03 3.238875E-01 1.856337E-01 -1.365016E+00 5.850815E-01 -9.811934E-02 9.953926E-01 3.235185E-02 1.023241E-03 3.924820E+00 7.716719E+00 
1.728736E-01 5.106028E-03 3.330542E-01 1.876449E-01 -1.380410E+00 5.868163E-01 -1.323804E-01 9.339384E-01 2.818545E-02 8.433262E-04 4.237778E+00 8.792847E+00 
1.675790E-01 4.114597E-03 3.528268E-01 1.814359E-01 -1.400572E+00 5.932707E-01 -1.831657E-01 9.224982E-01 2.471708E-02 7.018857E-04 4.071461E+00 9.036998E+00 
1.794774E-01 5.397685E-03 3.191611E-01 1.789658E-01 -1.439696E+00 5.836691E-01 -1.338054E-01 9.580043E-01 2.893051E-02 9.615742E-04 4.008427E+00 9.592515E+00 
1.736278E-01 4.883694E-03 3.425705E-01 1.853701E-01 -1.370781E+00 5.916162E-01 -1.727661E-01 9.372611E-01 2.752918E-02 4.804312E-04 4.040420E+00 8.682534E+00 
1.786010E-01 6.392221E-03 3.428734E-01 1.852473E-01 -1.492341E+00 5.758581E-01 -1.200097E-01 9.248605E-01 2.708303E-02 1.015179E-03 4.171164E+00 8.951748E+00 
1.629625E-01 5.545990E-03 3.341043E-01 1.744528E-01 -1.332978E+00 5.862768E-01 -1.539519E-01 1.018045E+00 2.638785E-02 8.133230E-04 4.029955E+00 8.289477E+00 
1.629706E-01 4.298574E-03 3.297818E-01 1.800384E-01 -1.387393E+00 5.941658E-01 -1.612250E-01 9.402450E-01 2.786399E-02 8.437299E-04 4.359415E+00 8.975461E+00 
1.800958E-01 6.491031E-03 3.392744E-01 1.851196E-01 -1.336754E+00 5.909159E-01 -1.444401E-01 9.206386E-01 2.770894E-02 9.319129E-04 4.110046E+00 8.784777E+00 
1.712495E-01 4.549866E-03 3.387077E-01 1.763167E-01 -1.385884E+00 5.857234E-01 -1.631351E-01 9.494490E-01 2.823423E-02 1.153500E-03 4.289487E+00 8.755620E+00 
1.688600E-01 5.616597E-03 3.328147E-01 1.782511E-01 -1.375502E+00 5.804965E-01 -1.140839E-01 9.806616E-01 2.690490E-02 7.208597E-04 4.013623E+00 8.735573E+00 
1.842589E-01 4.305734E-03 3.320440E-01 1.808387E-01 -1.510618E+00 5.918016E-01 -1.493514E-01 9.091607E-01 2.627016E-02 4.418280E-04 4.418187E+00 8.607834E+00 
1.695483E-01 4.549036E-03 3.245314E-01 1.808495E-01 -1.348547E+00 5.826032E-01 -1.353775E-01 9.310343E-01 2.806442E-02 1.492593E-03 4.247366E+00 9.263277E+00 
1.650834E-01 4.714727E-03 3.392410E-01 1.778170E-01 -1.422116E+00 5.854463E-01 -1.451961E-01 9.414320E-01 2.866852E-02 2.753792E-05 4.042572E+00 8.365876E+00 
1.228966E-01 1.068306E-02 3.301664E-01 1.713831E-01 -1.351924E+00 5.557280E-01 -1.140386E-01 9.453486E-01 2.759708E-02 2.536127E-03 4.135970E+00 1.115683E+01 
1.830663E-01 3.286407E-03 3.410856E-01 1.809043E-01 -1.432952E+00 5.526759E-01 -1.560947E-01 1.001918E+00 2.698439E-02 5.225857E-04 3.911021E+00 9.083532E+00 
1.693455E-01 3.767696E-03 3.379610E-01 1.860371E-01 -1.344292E+00 5.906911E-01 -1.589714E-01 1.003607E+00 2.854513E-02 8.883982E-04 4.232856E+00 8.393968E+00 
1.737703E-01 5.484209E-03 3.404041E-01 1.808414E-01 -1.393428E+00 5.847143E-01 -1.390717E-01 9.596971E-01 2.748642E-02 6.863284E-04 4.273587E+00 8.966739E+00 
1.686547E-01 5.818539E-03 3.362394E-01 1.810302E-01 -1.407801E+00 5.851514E-01 -1.335016E-01 9.635477E-01 2.942663E-02 7.494145E-04 3.928234E+00 9.044386E+00 
1.635965E-01 6.008395E-03 3.309890E-01 1.832465E-01 -1.411079E+00 5.968627E-01 -1.586056E-01 9.755258E-01 2.740590E-02 1.633281E-03 4.181680E+00 8.417238E+00 
1.742889E-01 4.777797E-03 3.259548E-01 1.869098E-01 -1.376957E+00 5.897523E-01 -1.383122E-01 9.856730E-01 2.956522E-02 7.509911E-04 3.742819E+00 8.220810E+00 
1.653651E-01 3.916960E-03 3.291901E-01 1.838828E-01 -1.399969E+00 5.686408E-01 -1.393970E-01 9.390553E-01 2.775636E-02 1.796507E-03 3.788133E+00 8.776699E+00 
1.828433E-01 5.964988E-03 3.326814E-01 1.799410E-01 -1.352452E+00 5.941739E-01 -1.117668E-01 9.331569E-01 2.875599E-02 1.103147E-03 3.803077E+00 8.328012E+00 
1.651765E-01 6.276424E-03 3.383979E-01 1.796453E-01 -1.394121E+00 5.817557E-01 -1.536400E-01 9.145205E-01 2.623989E-02 9.005271E-04 4.132735E+00 9.027645E+00 
1.772383E-01 9.261255E-03 3.369181E-01 1.799153E-01 -1.425776E+00 5.698309E-01 -1.194657E-01 1.000795E+00 2.614949E-02 8.460627E-04 4.409884E+00 8.277924E+00 
1.880917E-01 9.666172E-03 3.499715E-01 1.872291E-01 -1.397363E+00 5.923640E-01 -1.501936E-01 8.504365E-01 2.940957E-02 5.123487E-04 4.190212E+00 9.225972E+00 
1.803902E-01 5.046272E-03 3.293455E-01 1.810014E-01 -1.369067E+00 5.924933E-01 -1.905316E-01 9.457150E-01 2.698452E-02 9.404464E-04 3.990377E+00 8.566865E+00 
1.528296E-01 2.865221E-03 3.234493E-01 1.799526E-01 -1.455112E+00 5.789958E-01 -9.392687E-02 9.301373E-01 2.803398E-02 5.725091E-04 3.493833E+00 9.121898E+00 
1.798832E-01 5.300892E-03 3.259380E-01 1.775597E-01 -1.442576E+00 5.890376E-01 -1.861748E-01 9.418397E-01 2.703632E-02 7.939402E-04 4.128521E+00 9.113088E+00 
1.752270E-01 7.036487E-03 3.393492E-01 1.830646E-01 -1.329145E+00 5.883780E-01 -1.511606E-01 9.507862E-01 2.921830E-02 6.490870E-04 4.047611E+00 8.801255E+00 
1.716613E-01 6.339772E-03 3.325774E-01 1.789263E-01 -1.408815E+00 5.856260E-01 -1.800301E-01 9.520853E-01 2.755665E-02 8.525771E-04 4.405308E+00 9.038515E+00 
1.682405E-01 5.016552E-03 3.461869E-01 1.779665E-01 -1.295397E+00 5.697747E-01 -1.277062E-01 9.411591E-01 2.729706E-02 1.276695E-03 4.251507E+00 9.246985E+00 
1.735179E-01 5.888135E-03 3.164775E-01 1.820463E-01 -1.377003E+00 5.842492E-01 -1.310839E-01 9.710611E-01 2.894195E-02 8.026904E-04 4.090532E+00 8.723282E+00 
1.701725E-01 6.787560E-03 3.236416E-01 1.817309E-01 -1.370911E+00 5.763097E-01 -1.203309E-01 9.319981E-01 2.753870E-02 1.132495E-03 3.724191E+00 8.839457E+00 
1.940593E-01 4.441965E-03 3.493270E-01 1.747630E-01 -1.439915E+00 5.883740E-01 -1.863245E-01 9.156922E-01 2.852294E-02 3.681489E-04 4.243245E+00 9.303754E+00 
1.727021E-01 5.355151E-03 3.537992E-01 1.798932E-01 -1.328317E+00 5.954991E-01 -1.419862E-01 9.949374E-01 2.839352E-02 7.417041E-04 3.204807E+00 9.224287E+00 
1.829649E-01 5.887209E-03 3.435273E-01 1.825433E-01 -1.397425E+00 5.938191E-01 -1.929275E-01 9.496107E-01 2.759008E-02 2.074862E-03 3.843847E+00 8.435992E+00 
1.676381E-01 5.841255E-03 3.352505E-01 1.787053E-01 -1.412560E+00 5.848163E-01 -1.308175E-01 9.782574E-01 2.807824E-02 2.674364E-04 4.240479E+00 8.910503E+00 
1.795157E-01 5.549469E-03 3.487468E-01 1.881940E-01 -1.455526E+00 5.926389E-01 -1.508328E-01 9.610785E-01 2.565503E-02 2.999204E-04 4.308583E+00 9.331283E+00 
1.973948E-01 6.061671E-03 3.139391E-01 1.857712E-01 -1.389301E+00 5.908315E-01 -1.776790E-01 9.687498E-01 2.767407E-02 1.579251E-03 4.279066E+00 8.392595E+00 
1.666749E-01 5.981009E-03 3.122996E-01 1.784382E-01 -1.364271E+00 5.787669E-01 -1.281679E-01 9.586415E-01 2.696323E-02 4.613311E-04 3.852985E+00 8.625322E+00 
1.693713E-01 5.772774E-03 3.172837E-01 1.800886E-01 -1.390191E+00 5.777113E-01 -1.477165E-01 9.589680E-01 2.875848E-02 5.299724E-04 4.214843E+00 9.410986E+00 
1.783817E-01 5.136106E-03 3.314618E-01 1.787100E-01 -1.361797E+00 5.933128E-01 -1.724720E-01 9.270448E-01 2.745140E-02 6.702845E-04 4.268087E+00 9.058368E+00 
1.784550E-01 6.795150E-03 2.987181E-01 1.809131E-01 -1.364695E+00 5.789762E-01 -1.612322E-01 9.526187E-01 3.130647E-02 7.269414E-04 4.367582E+00 8.749759E+00 
1.688843E-01 5.952056E-03 3.400320E-01 1.820835E-01 -1.381325E+00 5.915301E-01 -1.469422E-01 9.751773E-01 2.784320E-02 2.252686E-04 3.564309E+00 8.474061E+00 
1.883288E-01 5.232149E-03 3.252504E-01 1.781116E-01 -1.345642E+00 5.836798E-01 -1.205503E-01 9.691805E-01 2.773278E-02 3.549802E-04 3.953143E+00 8.663505E+00 
1.677690E-01 5.175818E-03 3.130430E-01 1.817526E-01 -1.460450E+00 5.795351E-01 -1.294289E-01 8.499056E-01 3.145611E-02 1.004124E-03 4.212882E+00 9.285132E+00 
1.829977E-01 7.422222E-03 3.235482E-01 1.766019E-01 -1.356068E+00 5.902998E-01 -1.384613E-01 9.111858E-01 2.726212E-02 2.681519E-04 4.231431E+00 9.325740E+00 
1.782633E-01 4.462573E-03 3.404839E-01 1.816797E-01 -1.323777E+00 5.878141E-01 -1.251543E-01 9.675860E-01 2.637643E-02 6.179887E-04 3.856913E+00 8.543202E+00 
1.731170E-01 4.764390E-03 3.326837E-01 1.814360E-01 -1.393284E+00 5.724309E-01 -1.595283E-01 9.791378E-01 2.568977E-02 1.579154E-03 3.749751E+00 9.398946E+00 
1.977140E-01 4.214082E-03 3.342659E-01 1.791688E-01 -1.348540E+00 5.705006E-01 -1.214953E-01 9.613760E-01 2.798841E-02 7.617447E-04 4.051101E+00 8.819332E+00 
1.821043E-01 4.118398E-03 3.529220E-01 1.830074E-01 -1.397013E+00 5.913762E-01 -1.375830E-01 9.547666E-01 2.810767E-02 9.345961E-04 4.464647E+00 9.044680E+00 
1.693506E-01 7.552948E-03 3.442652E-01 1.765683E-01 -1.419228E+00 5.872379E-01 -1.233657E-01 9.754018E-01 2.791806E-02 8.580154E-04 4.588666E+00 8.256111E+00 
1.804796E-01 4.760782E-03 3.297105E-01 1.814162E-01 -1.373162E+00 5.856460E-01 -1.282652E-01 9.572491E-01 2.869612E-02 1.199090E-03 4.352229E+00 9.259490E+00 
1.644475E-01 6.015141E-03 3.173110E-01 1.826856E-01 -1.361235E+00 5.769549E-01 -1.011970E-01 9.622203E-01 2.766273E-02 2.551840E-04 4.060120E+00 8.670788E+00 
1.822228E-01 5.154289E-03 3.490670E-01 1.782052E-01 -1.418350E+00 5.905537E-01 -1.595331E-01 9.278124E-01 2.855190E-02 2.159558E-04 4.319092E+00 9.353797E+00 
1.628245E-01 5.183294E-03 3.475518E-01 1.805025E-01 -1.335730E+00 5.953915E-01 -1.674342E-01 9.314440E-01 2.715113E-02 7.156891E-04 4.174526E+00 9.159186E+00 
1.625516E-01 4.245619E-03 3.189519E-01 1.767463E-01 -1.438747E+00 5.799586E-01 -1.308214E-01 9.648764E-01 2.758239E-02 7.201520E-04 4.085809E+00 8.380769E+00 
1.669664E-01 9.497005E-03 3.395707E-01 1.803893E-01 -1.501508E+00 5.883805E-01 -1.250417E-01 9.873083E-01 2.784920E-02 3.127655E-04 4.702039E+00 8.482408E+00 
1.697723E-01 4.574846E-03 3.613138E-01 1.836780E-01 -1.348497E+00 5.845794E-01 -1.560715E-01 1.008120E+00 2.650297E-02 1.028995E-03 4.136712E+00 8.864283E+00 
1.663409E-01 5.401897E-03 3.282614E-01 1.784912E-01 -1.388168E+00 5.800349E-01 -1.722412E-01 9.564851E-01 2.976185E-02 4.694480E-04 4.728149E+00 8.676549E+00 
1.885572E-01 5.105636E-03 3.204070E-01 1.934717E-01 -1.406360E+00 5.893646E-01 -1.389694E-01 9.768032E-01 2.766388E-02 2.759864E-03 4.292284E+00 8.111961E+00 
1.922837E-01 5.140690E-03 3.219203E-01 1.778850E-01 -1.446638E+00 5.726267E-01 -1.538960E-01 9.818259E-01 2.690869E-02 1.045207E-03 4.458203E+00 9.383805E+00 
