1.866731E-01 5.523628E-03 3.283753E-01 1.765300E-01 -1.406849E+00 5.944293E-01 -1.803611E-01 9.527623E-01 2.674865E-02 9.279748E-04 4.089918E+00 8.308159E+00 
1.787208E-01 5.091105E-03 3.419234E-01 1.820576E-01 -1.341730E+00 5.922833E-01 -1.411441E-01 9.423390E-01 2.782304E-02 6.875557E-04 4.023653E+00 8.755735E+00 
1.756578E-01 3.499868E-03 3.212314E-01 1.831124E-01 -1.476593E+00 5.840294E-01 -1.311106E-01 9.391360E-01 2.910029E-02 9.818622E-04 4.100709E+00 8.563936E+00 
1.581342E-01 4.879820E-03 3.057342E-01 1.798516E-01 -1.350490E+00 5.790875E-01 -1.280424E-01 9.508656E-01 2.930981E-02 1.501213E-03 4.152623E+00 8.204946E+00 
1.782285E-01 7.205279E-03 3.088639E-01 1.821751E-01 -1.455041E+00 5.919295E-01 -1.260353E-01 1.005495E+00 2.898198E-02 5.187031E-04 4.207811E+00 7.608133E+00 
1.672235E-01 5.267998E-03 3.236041E-01 1.798885E-01 -1.478419E+00 5.922576E-01 -1.613281E-01 9.715410E-01 2.655321E-02 1.070301E-03 3.919036E+00 8.632049E+00 
1.682616E-01 6.065276E-03 3.447426E-01 1.808012E-01 -1.510853E+00 5.863902E-01 -1.218629E-01 9.396517E-01 2.510362E-02 7.643617E-04 4.145513E+00 8.760016E+00 
1.737777E-01 4.970182E-03 3.514542E-01 1.850283E-01 -1.428802E+00 5.848598E-01 -1.472367E-01 9.185237E-01 2.741947E-02 9.070691E-04 4.443225E+00 9.126296E+00 
1.840422E-01 1.000000E-04 3.124454E-01 1.784956E-01 -1.417851E+00 5.957249E-01 -1.250152E-01 9.195953E-01 2.773529E-02 9.393398E-07 4.079289E+00 9.933993E+00 
1.615278E-01 7.252553E-03 3.269009E-01 1.778854E-01 -1.412272E+00 5.641040E-01 -9.919515E-02 9.991485E-01 2.863308E-02 4.659205E-04 3.852148E+00 9.046494E+00 
1.738164E-01 1.354647E-02 3.379740E-01 1.869337E-01 -1.439120E+00 5.930418E-01 -1.302104E-01 8.985953E-01 2.847061E-02 2.190687E-03 4.489000E+00 9.014173E+00 
1.993242E-01 6.717569E-03 3.285723E-01 1.796569E-01 -1.418281E+00 5.820933E-01 -1.850437E-01 9.474751E-01 2.827835E-02 9.231701E-04 4.417580E+00 9.431020E+00 
1.757869E-01 6.955969E-03 3.333452E-01 1.794743E-01 -1.395095E+00 5.878669E-01 -1.350354E-01 9.166292E-01 2.893217E-02 9.279197E-04 4.219903E+00 9.159232E+00 
1.814335E-01 3.917310E-03 3.345398E-01 1.837572E-01 -1.366671E+00 5.958067E-01 -1.380128E-01 9.628509E-01 2.892886E-02 1.166814E-03 4.108809E+00 9.356279E+00 
1.787413E-01 4.769497E-03 3.280203E-01 1.870325E-01 -1.493177E+00 5.885888E-01 -1.371457E-01 9.347240E-01 2.642523E-02 9.062909E-04 4.221866E+00 8.806950E+00 
1.881420E-01 6.194559E-03 3.237721E-01 1.816877E-01 -1.316230E+00 6.000000E-01 -1.548138E-01 1.244091E+00 2.803743E-02 1.093219E-03 4.544607E+00 8.811861E+00 
1.748249E-01 5.720777E-03 3.358536E-01 1.807578E-01 -1.420398E+00 5.859403E-01 -1.393969E-01 9.595014E-01 2.627024E-02 7.891317E-04 4.241778E+00 8.931490E+00 
1.872184E-01 4.187807E-03 3.352125E-01 1.810617E-01 -1.476571E+00 5.904545E-01 -1.525918E-01 9.417554E-01 2.444856E-02 8.518749E-04 4.536270E+00 9.429473E+00 
1.785053E-01 4.365002E-03 3.074164E-01 1.838947E-01 -1.449175E+00 5.812402E-01 -1.159932E-01 9.498425E-01 3.273821E-02 4.476538E-04 4.043673E+00 8.322133E+00 
1.802213E-01 3.946261E-03 3.259196E-01 1.817891E-01 -1.422767E+00 5.813330E-01 -1.340058E-01 9.620111E-01 2.595783E-02 0.000000E+00 4.268760E+00 8.675645E+00 
1.746661E-01 3.840308E-03 2.976470E-01 1.823873E-01 -1.374435E+00 5.801162E-01 -1.301988E-01 9.528530E-01 2.729127E-02 5.823639E-04 4.228345E+00 8.812553E+00 
1.720539E-01 4.173861E-03 3.311802E-01 1.831096E-01 -1.336133E+00 5.894383E-01 -1.544735E-01 9.607400E-01 2.790731E-02 6.326620E-04 4.233173E+00 8.468905E+00 
1.789066E-01 4.469132E-03 3.307204E-01 1.839179E-01 -1.366876E+00 5.871202E-01 -1.661579E-01 9.434261E-01 2.770236E-02 6.528459E-04 4.113979E+00 8.709659E+00 
1.578527E-01 5.022300E-03 3.399071E-01 1.763651E-01 -1.307182E+00 5.374851E-01 -1.243182E-01 9.466841E-01 2.800697E-02 6.287767E-04 4.303379E+00 9.536061E+00 
1.711329E-01 3.457584E-03 3.203003E-01 1.804324E-01 -1.392006E+00 5.886577E-01 -1.158621E-01 9.547730E-01 2.537711E-02 5.385453E-04 3.751625E+00 8.576804E+00 
1.631107E-01 5.797648E-03 3.361661E-01 1.800643E-01 -1.383182E+00 5.848137E-01 -1.545389E-01 9.730254E-01 2.963806E-02 4.045993E-04 3.761449E+00 7.698969E+00 
1.673117E-01 4.540816E-03 3.302018E-01 1.806141E-01 -1.528968E+00 5.684398E-01 -1.279956E-01 9.753994E-01 2.559947E-02 2.764356E-04 4.111127E+00 8.844040E+00 
1.773146E-01 8.720376E-03 3.513712E-01 1.865463E-01 -1.385611E+00 5.892510E-01 -1.436432E-01 9.847414E-01 2.995165E-02 6.575369E-04 4.635673E+00 9.341908E+00 
1.841764E-01 4.806870E-03 3.333258E-01 1.795026E-01 -1.390218E+00 5.920778E-01 -1.499223E-01 9.234859E-01 2.802064E-02 2.381955E-04 3.976795E+00 8.456464E+00 
1.765003E-01 3.436620E-03 3.096113E-01 1.830728E-01 -1.407774E+00 5.832751E-01 -1.384523E-01 9.364026E-01 2.556007E-02 1.411716E-03 3.750188E+00 8.654924E+00 
1.740807E-01 5.307185E-03 3.368055E-01 1.821556E-01 -1.294594E+00 5.835775E-01 -1.360004E-01 9.396808E-01 2.738705E-02 6.337114E-04 3.912522E+00 8.622037E+00 
1.616354E-01 4.434000E-03 3.208514E-01 1.799658E-01 -1.405128E+00 5.853797E-01 -9.168445E-02 9.084067E-01 2.608969E-02 6.708871E-04 4.229077E+00 8.436475E+00 
1.636386E-01 4.239468E-03 3.379918E-01 1.810465E-01 -1.395522E+00 5.881069E-01 -1.223817E-01 9.316902E-01 2.694313E-02 8.190090E-04 4.575157E+00 8.550732E+00 
1.669563E-01 6.193434E-03 3.552269E-01 1.786893E-01 -1.480686E+00 5.893952E-01 -1.694520E-01 9.551220E-01 2.859094E-02 1.038155E-03 3.961606E+00 8.694832E+00 
1.776785E-01 4.504762E-03 3.323552E-01 1.840150E-01 -1.420192E+00 5.969622E-01 -1.225866E-01 1.003126E+00 2.822140E-02 5.189340E-04 4.305536E+00 8.574204E+00 
1.748852E-01 4.724089E-03 3.408788E-01 1.852570E-01 -1.437403E+00 5.835979E-01 -1.381267E-01 9.434507E-01 2.588384E-02 8.048994E-04 4.220536E+00 8.572973E+00 
1.780144E-01 5.138059E-03 3.110069E-01 1.827459E-01 -1.442200E+00 5.900272E-01 -1.297657E-01 9.626709E-01 2.734049E-02 6.200750E-04 3.987048E+00 9.410842E+00 
1.710646E-01 3.851618E-03 3.336324E-01 1.813548E-01 -1.442936E+00 5.921667E-01 -1.254258E-01 8.762521E-01 2.750888E-02 7.951173E-04 3.805898E+00 8.817608E+00 
1.750445E-01 6.688414E-03 3.381299E-01 1.875035E-01 -1.450421E+00 5.962866E-01 -1.406187E-01 9.296079E-01 2.862623E-02 6.183114E-04 4.215182E+00 9.468981E+00 
1.670903E-01 5.262905E-03 3.149066E-01 1.801758E-01 -1.497622E+00 5.876731E-01 -1.401585E-01 9.355120E-01 2.799407E-02 1.674968E-03 4.282346E+00 9.985805E+00 
1.770731E-01 5.126539E-03 3.242368E-01 1.816377E-01 -1.314464E+00 5.790812E-01 -1.388897E-01 9.701319E-01 2.939758E-02 3.697811E-04 4.242792E+00 9.162451E+00 
1.798329E-01 3.884703E-03 3.209424E-01 1.788608E-01 -1.338895E+00 5.867990E-01 -1.375293E-01 1.006517E+00 2.575255E-02 2.905146E-04 3.978700E+00 8.439311E+00 
1.624249E-01 5.363931E-03 3.161640E-01 1.819396E-01 -1.365415E+00 5.854438E-01 -1.239190E-01 9.648624E-01 2.913984E-02 1.359923E-03 3.862800E+00 8.802945E+00 
1.690108E-01 5.234196E-03 3.293510E-01 1.800413E-01 -1.288115E+00 5.872595E-01 -1.382346E-01 9.757619E-01 2.718187E-02 1.109718E-03 4.614597E+00 8.648706E+00 
1.736173E-01 4.518435E-03 3.397047E-01 1.803330E-01 -1.400683E+00 5.843826E-01 -1.758581E-01 9.436676E-01 2.799860E-02 9.066303E-04 4.053216E+00 9.163571E+00 
1.760572E-01 4.529401E-03 3.313672E-01 1.790282E-01 -1.465553E+00 5.883290E-01 -1.769547E-01 8.977304E-01 2.743395E-02 8.545515E-04 4.091244E+00 8.703901E+00 
1.637660E-01 5.921671E-03 3.457895E-01 1.830358E-01 -1.343824E+00 5.855872E-01 -1.436376E-01 9.636403E-01 2.679334E-02 7.651044E-04 4.402349E+00 8.555686E+00 
1.727131E-01 4.312109E-03 3.318969E-01 1.852861E-01 -1.422645E+00 5.791181E-01 -1.809048E-01 9.550553E-01 2.864562E-02 7.747678E-04 4.120256E+00 8.510208E+00 
1.808319E-01 5.203891E-03 3.312896E-01 1.929479E-01 -1.493062E+00 5.919309E-01 -1.672103E-01 9.732816E-01 2.720966E-02 1.297355E-03 4.266749E+00 7.990267E+00 
1.749848E-01 4.493879E-03 3.351220E-01 1.816929E-01 -1.400942E+00 5.749815E-01 -1.325382E-01 9.450109E-01 2.665262E-02 4.075342E-04 4.402872E+00 8.917847E+00 
1.766270E-01 5.000767E-03 3.148358E-01 1.814560E-01 -1.390277E+00 5.819507E-01 -1.246937E-01 9.661176E-01 2.751725E-02 7.405964E-04 4.207264E+00 8.916773E+00 
1.778749E-01 5.045551E-03 3.198211E-01 1.790513E-01 -1.378312E+00 5.854297E-01 -1.284168E-01 9.933236E-01 2.701670E-02 3.769357E-04 3.933734E+00 8.974781E+00 
1.648051E-01 4.158943E-03 3.309457E-01 1.797400E-01 -1.400736E+00 5.762743E-01 -1.270898E-01 9.908295E-01 2.955221E-02 1.627220E-03 3.591613E+00 8.830151E+00 
1.718883E-01 4.951130E-03 3.210561E-01 1.826208E-01 -1.454029E+00 5.783902E-01 -1.609990E-01 9.473573E-01 2.836099E-02 5.683985E-04 4.113093E+00 8.475856E+00 
1.647083E-01 7.009252E-03 3.278205E-01 1.792703E-01 -1.337260E+00 5.761391E-01 -1.631014E-01 1.020946E+00 2.909669E-02 0.000000E+00 4.092552E+00 8.869286E+00 
1.696267E-01 4.485608E-03 3.231190E-01 1.817859E-01 -1.461103E+00 5.842144E-01 -1.382801E-01 9.216819E-01 2.508141E-02 5.337345E-04 4.274878E+00 8.495701E+00 
1.962431E-01 4.398987E-03 3.183123E-01 1.783621E-01 -1.377986E+00 5.731856E-01 -1.923492E-01 9.612124E-01 2.708132E-02 1.068491E-03 3.899929E+00 8.538216E+00 
1.716650E-01 3.553699E-03 3.448728E-01 1.830507E-01 -1.474917E+00 5.901563E-01 -1.790185E-01 9.406108E-01 2.747569E-02 8.457973E-04 4.080402E+00 9.406888E+00 
1.432917E-01 5.124003E-03 3.088402E-01 1.779033E-01 -1.360524E+00 5.846440E-01 -1.508107E-01 9.612569E-01 3.126165E-02 1.297926E-03 3.991730E+00 8.102675E+00 
1.793494E-01 6.327069E-03 3.053300E-01 1.676365E-01 -1.310856E+00 6.000000E-01 -1.157649E-01 6.130678E-01 2.779481E-02 2.857420E-04 4.165568E+00 9.997139E+00 
1.711019E-01 4.527210E-03 3.317069E-01 1.827956E-01 -1.444525E+00 5.797888E-01 -1.173948E-01 9.525226E-01 2.810536E-02 1.057399E-03 3.924596E+00 8.891254E+00 
1.728518E-01 5.419974E-03 3.509889E-01 1.822515E-01 -1.390164E+00 5.832122E-01 -1.502176E-01 9.499135E-01 2.715302E-02 9.484299E-04 4.393934E+00 8.613505E+00 
1.665007E-01 4.130997E-03 3.125784E-01 1.786629E-01 -1.292331E+00 5.780992E-01 -1.200063E-01 9.455610E-01 2.899144E-02 1.774357E-03 4.034967E+00 8.702655E+00 
1.687042E-01 4.318464E-03 3.220164E-01 1.803423E-01 -1.408055E+00 5.485937E-01 -1.378963E-01 9.344885E-01 2.814029E-02 8.827155E-04 4.293216E+00 8.135127E+00 
1.634011E-01 4.605001E-03 3.314591E-01 1.819549E-01 -1.352808E+00 5.879819E-01 -1.060158E-01 9.709734E-01 2.641415E-02 1.584587E-03 4.258913E+00 8.448100E+00 
1.731592E-01 4.754903E-03 3.405154E-01 1.722918E-01 -1.474066E+00 5.817822E-01 -1.269274E-01 9.724617E-01 2.675317E-02 9.488987E-04 4.280476E+00 9.342438E+00 
1.868417E-01 5.636580E-03 3.408881E-01 1.795540E-01 -1.380921E+00 5.917653E-01 -1.896052E-01 8.857386E-01 2.702408E-02 1.058513E-03 3.831335E+00 8.133120E+00 
1.766506E-01 3.235349E-03 3.444447E-01 1.805325E-01 -1.356241E+00 5.894245E-01 -1.080278E-01 1.025532E+00 2.828910E-02 4.018966E-04 4.055827E+00 8.788187E+00 
1.753672E-01 8.806995E-03 3.197141E-01 1.800023E-01 -1.375486E+00 5.970467E-01 -1.343631E-01 8.902097E-01 3.000327E-02 1.585845E-05 4.014553E+00 8.344496E+00 
1.638715E-01 5.228525E-03 3.582062E-01 1.803780E-01 -1.318770E+00 5.883698E-01 -1.668542E-01 8.895105E-01 2.817319E-02 8.932178E-04 3.821528E+00 9.022889E+00 
1.739139E-01 5.061787E-03 3.051840E-01 1.827475E-01 -1.440206E+00 5.791549E-01 -1.270466E-01 9.356673E-01 2.635984E-02 1.063466E-03 4.186304E+00 8.482977E+00 
1.784633E-01 4.850935E-03 3.225748E-01 1.812991E-01 -1.458414E+00 5.845470E-01 -1.416772E-01 9.849421E-01 2.780395E-02 9.729221E-04 4.329643E+00 7.514316E+00 
1.756556E-01 3.982971E-03 3.270189E-01 1.823784E-01 -1.393247E+00 5.963215E-01 -1.279151E-01 8.881259E-01 2.809652E-02 9.589296E-04 4.061235E+00 9.187834E+00 
1.668168E-01 5.741031E-03 3.323311E-01 1.829804E-01 -1.425630E+00 5.904572E-01 -1.772005E-01 9.642281E-01 2.649018E-02 6.020460E-04 4.482194E+00 8.689411E+00 
1.776535E-01 3.975960E-03 3.269422E-01 1.852964E-01 -1.534217E+00 5.770123E-01 -1.362612E-01 1.001604E+00 2.705890E-02 9.759183E-04 4.179567E+00 8.113196E+00 
1.724752E-01 6.910998E-03 3.233081E-01 1.861324E-01 -1.490504E+00 5.970565E-01 -1.358480E-01 9.907952E-01 2.913058E-02 3.212876E-04 4.310988E+00 9.044422E+00 
1.832963E-01 5.774767E-03 3.278384E-01 1.796284E-01 -1.368167E+00 5.881477E-01 -1.145508E-01 9.380201E-01 2.809116E-02 6.266763E-04 4.504506E+00 9.509483E+00 
1.641836E-01 4.277354E-03 3.413861E-01 1.815815E-01 -1.367145E+00 5.889528E-01 -1.632102E-01 1.007403E+00 2.850833E-02 1.317493E-03 4.150948E+00 8.713491E+00 
1.580338E-01 6.136391E-03 3.284231E-01 1.794539E-01 -1.399708E+00 5.802092E-01 -1.595679E-01 9.010367E-01 2.799756E-02 6.646860E-04 4.210518E+00 8.518936E+00 
1.760473E-01 5.864546E-03 3.100795E-01 1.806689E-01 -1.382489E+00 5.702797E-01 -1.096602E-01 9.575054E-01 2.862586E-02 8.384573E-04 4.109620E+00 8.651333E+00 
1.805767E-01 5.167698E-03 3.207591E-01 1.874233E-01 -1.295517E+00 5.864369E-01 -1.392615E-01 9.375755E-01 2.791858E-02 7.984459E-04 4.205928E+00 8.404765E+00 
1.807304E-01 4.255807E-03 3.374618E-01 1.794519E-01 -1.350665E+00 5.846734E-01 -2.000000E-01 9.679470E-01 2.753952E-02 5.616035E-04 3.989892E+00 8.039960E+00 
1.794466E-01 5.354044E-03 3.368708E-01 1.752232E-01 -1.472660E+00 5.809159E-01 -1.244582E-01 9.423900E-01 2.991828E-02 1.095054E-03 4.095690E+00 8.784015E+00 
1.626820E-01 7.015920E-03 3.532184E-01 1.778940E-01 -1.452910E+00 5.874612E-01 -2.000000E-01 9.115291E-01 2.747854E-02 7.966865E-04 4.134218E+00 8.742403E+00 
1.645978E-01 6.717823E-03 3.405526E-01 1.753204E-01 -1.421356E+00 5.850474E-01 -1.533543E-01 9.453098E-01 2.763566E-02 1.239665E-03 4.130184E+00 8.368236E+00 
1.666179E-01 4.650079E-03 3.250114E-01 1.792874E-01 -1.391789E+00 5.737963E-01 -1.364567E-01 9.404136E-01 2.772863E-02 8.656322E-04 4.089420E+00 8.572452E+00 
1.766461E-01 5.413711E-03 3.459285E-01 1.804316E-01 -1.382093E+00 5.717865E-01 -1.726899E-01 9.574122E-01 2.603273E-02 1.246655E-03 4.415249E+00 8.184971E+00 
1.809494E-01 4.841321E-03 3.336264E-01 1.740069E-01 -1.444736E+00 5.970222E-01 -1.839167E-01 9.489493E-01 2.713061E-02 1.545614E-03 4.472279E+00 8.652344E+00 
1.713022E-01 5.154100E-03 3.282585E-01 1.820169E-01 -1.356713E+00 5.867836E-01 -1.407429E-01 9.626837E-01 2.841667E-02 6.976946E-04 3.916471E+00 9.220922E+00 
1.705145E-01 5.965723E-03 3.266202E-01 1.821738E-01 -1.427626E+00 5.887731E-01 -1.151660E-01 9.395550E-01 2.953270E-02 9.197220E-04 4.088740E+00 8.715602E+00 
1.712802E-01 2.277436E-03 3.134811E-01 1.825747E-01 -1.396505E+00 5.761488E-01 -9.932609E-02 9.733543E-01 2.841182E-02 6.363537E-04 4.037376E+00 9.264362E+00 
1.653121E-01 4.504495E-03 3.320868E-01 1.805784E-01 -1.236903E+00 5.803681E-01 -1.456981E-01 9.241252E-01 2.818946E-02 2.110142E-03 3.889387E+00 8.446629E+00 
1.889116E-01 4.793833E-03 3.257862E-01 1.833006E-01 -1.474188E+00 5.750284E-01 -1.481951E-01 9.331471E-01 3.017629E-02 8.375316E-04 4.287046E+00 8.840018E+00 
1.856555E-01 5.587756E-03 3.279841E-01 1.857100E-01 -1.425687E+00 5.935566E-01 -1.392766E-01 1.000963E+00 2.755954E-02 1.041126E-03 4.096742E+00 8.750063E+00 
1.655969E-01 5.053988E-03 3.487543E-01 1.819975E-01 -1.375917E+00 5.866294E-01 -1.828155E-01 9.410740E-01 2.702543E-02 8.882410E-04 4.039360E+00 8.701946E+00 
1.809020E-01 4.277508E-03 3.073213E-01 1.838909E-01 -1.420034E+00 5.870517E-01 -1.475501E-01 9.674843E-01 2.700545E-02 1.599813E-03 4.310189E+00 8.044817E+00 
1.823666E-01 5.439221E-03 3.254896E-01 1.854273E-01 -1.390510E+00 5.833222E-01 -1.440028E-01 8.787224E-01 2.763405E-02 6.496422E-04 4.255206E+00 8.719463E+00 
1.749594E-01 6.414271E-03 3.396995E-01 1.840435E-01 -1.520610E+00 5.835657E-01 -1.234684E-01 9.228699E-01 2.749491E-02 1.190787E-03 3.949279E+00 9.005850E+00 
1.683240E-01 4.442441E-03 3.357150E-01 1.793704E-01 -1.366722E+00 5.885624E-01 -1.192635E-01 9.491323E-01 2.682671E-02 5.046241E-04 4.121659E+00 8.989222E+00 
1.835132E-01 4.316185E-03 3.180819E-01 1.822854E-01 -1.365792E+00 5.839398E-01 -1.585248E-01 1.036849E+00 2.887562E-02 7.495968E-04 3.724471E+00 9.058025E+00 
1.798409E-01 1.426319E-03 3.384082E-01 1.813476E-01 -1.386431E+00 5.814002E-01 -1.433542E-01 9.545196E-01 2.828123E-02 4.698050E-04 4.142475E+00 7.994993E+00 
1.859265E-01 6.370322E-03 3.094854E-01 1.839896E-01 -1.352376E+00 5.831779E-01 -1.411777E-01 9.294218E-01 2.867548E-02 5.131881E-04 4.161296E+00 8.808086E+00 
1.559801E-01 5.988743E-03 3.385716E-01 1.829490E-01 -1.416027E+00 5.890591E-01 -1.421225E-01 9.182812E-01 2.615759E-02 5.985238E-04 4.165196E+00 9.165952E+00 
1.558217E-01 6.014259E-03 3.428550E-01 1.703307E-01 -1.454577E+00 5.770673E-01 -1.523123E-01 8.465073E-01 2.886833E-02 8.032204E-04 3.907781E+00 1.006564E+01 
1.820388E-01 4.795248E-03 3.056245E-01 1.781949E-01 -1.315109E+00 5.872463E-01 -1.298059E-01 9.488165E-01 2.789987E-02 6.767439E-04 4.146958E+00 8.823499E+00 
1.781954E-01 5.489751E-03 3.312801E-01 1.827189E-01 -1.397601E+00 5.819123E-01 -1.249050E-01 1.030725E+00 2.636319E-02 1.783473E-03 3.978765E+00 9.330878E+00 
1.666704E-01 3.677835E-03 3.340689E-01 1.803689E-01 -1.413104E+00 5.983791E-01 -1.683616E-01 9.600064E-01 2.682743E-02 1.959787E-03 4.124784E+00 8.012620E+00 
1.688302E-01 5.718176E-03 3.306798E-01 1.781624E-01 -1.401187E+00 5.719124E-01 -1.097033E-01 9.104415E-01 2.555796E-02 3.282410E-04 4.539773E+00 9.631835E+00 
1.770854E-01 4.339481E-03 3.259464E-01 1.833189E-01 -1.414541E+00 5.770277E-01 -1.107285E-01 9.133256E-01 2.846546E-02 9.964599E-04 4.096246E+00 8.964392E+00 
1.739204E-01 4.296263E-03 3.314960E-01 1.812979E-01 -1.388618E+00 5.973528E-01 -1.282148E-01 9.978739E-01 2.811817E-02 8.717412E-04 4.048477E+00 9.115887E+00 
1.722075E-01 5.800896E-03 3.396464E-01 1.824477E-01 -1.402057E+00 5.887793E-01 -1.703302E-01 9.440448E-01 2.797003E-02 6.308371E-04 4.273693E+00 9.788897E+00 
1.669577E-01 4.559717E-03 3.496078E-01 1.817905E-01 -1.431063E+00 5.931815E-01 -1.801356E-01 8.621886E-01 2.754488E-02 6.712869E-04 4.389100E+00 7.599239E+00 
1.764188E-01 4.143646E-03 2.925251E-01 1.813099E-01 -1.452707E+00 5.736899E-01 -1.338316E-01 9.233611E-01 3.007824E-02 6.612623E-04 4.152228E+00 9.232927E+00 
1.753315E-01 4.626756E-03 3.482400E-01 1.799933E-01 -1.375067E+00 5.927650E-01 -1.967165E-01 9.136306E-01 2.934284E-02 9.437015E-04 4.249099E+00 9.262181E+00 
1.757749E-01 6.215005E-03 3.341041E-01 1.787532E-01 -1.414132E+00 5.892667E-01 -1.470658E-01 9.064042E-01 2.864661E-02 9.989516E-04 3.939149E+00 9.088930E+00 
1.641502E-01 4.063162E-03 3.406910E-01 1.776127E-01 -1.376666E+00 5.891106E-01 -1.333876E-01 9.680012E-01 2.612825E-02 8.034310E-04 3.681527E+00 9.510835E+00 
1.799247E-01 3.934657E-03 3.436065E-01 1.859402E-01 -1.355030E+00 6.000000E-01 -1.335413E-01 1.000628E+00 2.531384E-02 1.572897E-03 4.152520E+00 8.443691E+00 
1.743652E-01 6.070832E-03 3.354779E-01 1.790775E-01 -1.425873E+00 5.719849E-01 -1.293256E-01 9.857460E-01 2.705910E-02 1.363509E-03 4.186509E+00 9.692329E+00 
1.727049E-01 5.217013E-03 3.371297E-01 1.836548E-01 -1.398952E+00 5.872336E-01 -1.348802E-01 9.294913E-01 2.825346E-02 5.624097E-04 4.235336E+00 8.790857E+00 
1.726741E-01 4.514593E-03 3.371804E-01 1.807448E-01 -1.379744E+00 5.662524E-01 -1.302493E-01 9.204648E-01 2.848169E-02 8.770831E-04 4.307627E+00 8.244480E+00 
1.575684E-01 5.989544E-03 3.430759E-01 1.789487E-01 -1.480452E+00 5.868486E-01 -1.580197E-01 8.932403E-01 2.799057E-02 7.563409E-04 4.694894E+00 9.243928E+00 
1.756655E-01 5.136953E-03 3.438880E-01 1.799704E-01 -1.302731E+00 5.923349E-01 -1.505048E-01 9.429386E-01 2.597862E-02 1.062323E-03 4.042763E+00 8.735277E+00 
1.846165E-01 5.383418E-03 3.440526E-01 1.863211E-01 -1.387394E+00 5.913218E-01 -1.647843E-01 9.434617E-01 2.646815E-02 1.088938E-03 4.383473E+00 8.102034E+00 
1.726338E-01 4.325695E-03 3.493112E-01 1.841427E-01 -1.376375E+00 5.718714E-01 -1.326183E-01 9.673450E-01 2.642872E-02 8.957372E-04 4.160679E+00 9.786963E+00 
1.827403E-01 6.661177E-03 3.713964E-01 1.825545E-01 -1.552556E+00 5.816322E-01 -1.257087E-01 9.580265E-01 2.480181E-02 2.885344E-04 4.722484E+00 8.897134E+00 
1.667696E-01 4.977725E-03 3.328427E-01 1.819518E-01 -1.351688E+00 5.770733E-01 -1.207959E-01 9.366138E-01 2.776132E-02 7.057972E-04 4.492962E+00 8.979335E+00 
1.718574E-01 5.181679E-03 3.452976E-01 1.849667E-01 -1.429372E+00 5.944394E-01 -1.539951E-01 9.493581E-01 2.741106E-02 7.046182E-04 4.190517E+00 9.295867E+00 
1.735982E-01 6.811839E-03 3.546974E-01 1.835686E-01 -1.414652E+00 5.902540E-01 -1.632865E-01 9.915472E-01 2.732495E-02 9.037849E-04 4.173709E+00 9.096500E+00 
1.772820E-01 5.091172E-03 3.337671E-01 1.864165E-01 -1.318191E+00 5.880432E-01 -1.272488E-01 9.533302E-01 2.609897E-02 5.838144E-04 4.271396E+00 8.747566E+00 
1.747517E-01 4.504094E-03 3.279429E-01 1.824483E-01 -1.449520E+00 5.787805E-01 -1.525462E-01 9.597095E-01 2.703767E-02 1.365223E-03 4.106873E+00 9.088670E+00 
1.769293E-01 3.859507E-03 3.393994E-01 1.826406E-01 -1.368291E+00 5.872719E-01 -1.786202E-01 9.476669E-01 2.890586E-02 1.247897E-03 4.208252E+00 8.801659E+00 
1.784599E-01 5.934675E-03 3.255470E-01 1.896357E-01 -1.340383E+00 5.911364E-01 -1.258394E-01 9.678309E-01 2.910074E-02 8.486571E-04 3.830608E+00 9.253797E+00 
1.789490E-01 5.903429E-03 3.325533E-01 1.815844E-01 -1.343182E+00 5.834861E-01 -1.413609E-01 9.447945E-01 2.704237E-02 8.113584E-04 4.005314E+00 8.957454E+00 
1.730727E-01 5.362928E-03 3.428567E-01 1.860909E-01 -1.447929E+00 5.924958E-01 -1.129937E-01 9.447273E-01 2.641022E-02 4.553879E-04 4.219438E+00 8.324715E+00 
1.778135E-01 4.464738E-03 2.989781E-01 1.875609E-01 -1.448498E+00 5.788540E-01 -1.240568E-01 9.905167E-01 2.816348E-02 7.591200E-04 4.311551E+00 8.695211E+00 
1.742376E-01 4.663324E-03 3.203285E-01 1.885943E-01 -1.349529E+00 5.786412E-01 -1.684022E-01 9.410951E-01 2.752906E-02 1.058661E-03 4.247458E+00 8.077772E+00 
1.794418E-01 5.329304E-03 3.342963E-01 1.816086E-01 -1.364211E+00 5.877032E-01 -1.345385E-01 9.162638E-01 2.721026E-02 5.496988E-04 3.955080E+00 9.189820E+00 
1.660496E-01 5.655053E-03 3.211049E-01 1.798738E-01 -1.427946E+00 5.757125E-01 -1.202714E-01 9.754252E-01 2.723302E-02 6.244686E-04 3.482134E+00 9.136925E+00 
1.755597E-01 4.097251E-03 3.249032E-01 1.814180E-01 -1.459595E+00 5.861180E-01 -1.216243E-01 9.495434E-01 2.651443E-02 4.672656E-04 4.082962E+00 8.656301E+00 
2.000000E-01 4.395874E-02 3.278515E-01 1.880455E-01 -1.485875E+00 4.179063E-01 -1.786380E-01 9.423191E-01 2.848060E-02 2.139216E-03 3.931126E+00 9.016075E+00 
1.765043E-01 3.569947E-03 3.336605E-01 1.802893E-01 -1.335184E+00 5.875645E-01 -1.905763E-01 9.590493E-01 2.705721E-02 9.861907E-04 4.501651E+00 8.076776E+00 
1.774381E-01 5.417259E-03 3.264340E-01 1.837410E-01 -1.380542E+00 5.903495E-01 -1.362513E-01 9.320455E-01 2.584208E-02 7.035502E-04 3.234389E+00 8.347027E+00 
1.771211E-01 4.376177E-03 3.356940E-01 1.804731E-01 -1.382896E+00 5.918126E-01 -1.455525E-01 9.500022E-01 2.909103E-02 1.144974E-03 3.973760E+00 8.398186E+00 
1.682909E-01 4.740654E-03 3.259476E-01 1.820670E-01 -1.367874E+00 5.817799E-01 -1.205974E-01 9.459929E-01 2.864844E-02 2.135835E-04 4.110645E+00 9.741696E+00 
1.736601E-01 5.753695E-03 3.174136E-01 1.921499E-01 -1.276722E+00 5.829675E-01 -1.751059E-01 9.594835E-01 2.814141E-02 8.383702E-04 4.012336E+00 8.641780E+00 
1.809565E-01 2.913437E-03 3.183014E-01 1.789572E-01 -1.344588E+00 5.783982E-01 -1.168162E-01 9.135830E-01 2.996009E-02 2.421167E-04 4.135446E+00 8.853349E+00 
1.602454E-01 4.314112E-03 3.197393E-01 1.801484E-01 -1.357184E+00 5.866681E-01 -1.497688E-01 9.502144E-01 2.730378E-02 4.725950E-04 4.126919E+00 8.349584E+00 
1.729194E-01 7.397345E-03 3.371105E-01 1.768675E-01 -1.378948E+00 5.774953E-01 -1.587469E-01 8.920747E-01 3.048151E-02 1.185541E-03 4.213664E+00 8.671805E+00 
1.710825E-01 5.088597E-03 3.170402E-01 1.847338E-01 -1.397588E+00 5.783065E-01 -1.365102E-01 9.338675E-01 2.770480E-02 1.016205E-03 4.191772E+00 9.063718E+00 
1.631964E-01 4.097064E-03 3.332012E-01 1.815031E-01 -1.395568E+00 5.381386E-01 -1.177877E-01 9.508947E-01 2.781470E-02 1.238392E-03 4.083564E+00 8.572869E+00 
1.961813E-01 4.005148E-03 3.337966E-01 1.840539E-01 -1.362458E+00 5.613948E-01 -1.239477E-01 9.369796E-01 2.727908E-02 4.815433E-04 4.267747E+00 8.785412E+00 
1.679607E-01 7.552041E-03 3.458999E-01 1.824481E-01 -1.387703E+00 5.939398E-01 -1.981891E-01 9.342476E-01 2.599721E-02 4.060127E-04 3.877628E+00 8.771573E+00 
1.727179E-01 3.734411E-03 3.041929E-01 1.779839E-01 -1.457577E+00 5.895215E-01 -1.196248E-01 9.453161E-01 2.805710E-02 1.318065E-03 4.197911E+00 9.009712E+00 
1.675026E-01 4.584028E-03 3.298003E-01 1.811865E-01 -1.430523E+00 5.941300E-01 -1.349789E-01 9.716590E-01 2.944251E-02 6.213639E-04 4.258607E+00 9.962839E+00 
1.898393E-01 5.143507E-03 3.170145E-01 1.786212E-01 -1.375889E+00 5.869705E-01 -1.842377E-01 9.385549E-01 2.868884E-02 4.321607E-04 3.949785E+00 8.048835E+00 
1.702860E-01 4.986770E-03 3.342619E-01 1.856867E-01 -1.475501E+00 5.815971E-01 -1.444144E-01 9.389407E-01 2.840151E-02 1.425660E-03 4.276808E+00 8.673178E+00 
1.657250E-01 4.950849E-03 3.340040E-01 1.812120E-01 -1.451890E+00 5.922766E-01 -1.313687E-01 9.655422E-01 2.664986E-02 7.309452E-04 4.058511E+00 8.930710E+00 
1.670790E-01 4.688579E-03 3.301031E-01 1.815368E-01 -1.374285E+00 5.844854E-01 -1.399267E-01 9.502160E-01 2.760476E-02 7.688618E-04 4.217948E+00 9.122752E+00 
1.663726E-01 5.646427E-03 3.293850E-01 1.857129E-01 -1.418990E+00 5.842071E-01 -1.180966E-01 9.759883E-01 2.795793E-02 9.398239E-04 4.158317E+00 9.019460E+00 
1.572595E-01 2.823306E-03 3.403077E-01 1.834787E-01 -1.367498E+00 5.818266E-01 -1.347846E-01 9.845636E-01 2.703205E-02 1.481351E-03 4.438017E+00 8.531039E+00 
1.878029E-01 5.166196E-03 3.255073E-01 1.866377E-01 -1.372311E+00 5.882954E-01 -1.604505E-01 8.841122E-01 2.816546E-02 2.980000E-04 4.055808E+00 8.456681E+00 
1.754187E-01 3.159513E-03 3.243762E-01 1.829518E-01 -1.443385E+00 5.945383E-01 -1.559228E-01 9.330158E-01 2.503329E-02 6.323073E-04 4.080603E+00 8.269514E+00 
1.582883E-01 8.128830E-03 3.325407E-01 1.793340E-01 -1.406938E+00 5.700032E-01 -1.239158E-01 9.883338E-01 2.963250E-02 1.412210E-03 4.099930E+00 8.653840E+00 
1.649927E-01 4.097586E-03 3.372005E-01 1.794460E-01 -1.463626E+00 5.904703E-01 -1.275706E-01 9.379273E-01 2.763955E-02 1.178137E-03 3.888648E+00 9.281286E+00 
1.700477E-01 5.380343E-03 3.297923E-01 1.814476E-01 -1.334285E+00 5.561890E-01 -1.404106E-01 9.408801E-01 2.833624E-02 2.265306E-04 4.146024E+00 9.393675E+00 
1.723025E-01 5.290929E-03 3.400913E-01 1.837159E-01 -1.374817E+00 5.904472E-01 -1.503891E-01 9.800538E-01 2.700762E-02 1.129472E-04 4.033600E+00 8.725587E+00 
1.985375E-01 9.977226E-03 3.387202E-01 1.860766E-01 -1.369869E+00 5.974639E-01 -1.508791E-01 9.415236E-01 2.807755E-02 9.968270E-04 4.187156E+00 9.186301E+00 
1.653179E-01 5.512114E-03 3.262228E-01 1.858041E-01 -1.398208E+00 5.907865E-01 -1.575456E-01 9.425571E-01 2.843680E-02 8.381623E-04 4.003519E+00 8.450935E+00 
1.698233E-01 4.615652E-03 3.427306E-01 1.726270E-01 -1.395237E+00 5.930040E-01 -1.233156E-01 9.525419E-01 2.752917E-02 1.037349E-03 4.070245E+00 8.622869E+00 
1.725709E-01 5.909781E-03 3.242074E-01 1.757221E-01 -1.318542E+00 5.753742E-01 -1.115103E-01 9.229048E-01 2.854780E-02 1.398987E-03 3.974781E+00 8.521320E+00 
1.765832E-01 4.406568E-03 3.274840E-01 1.804014E-01 -1.479479E+00 5.992566E-01 -1.430237E-01 8.426641E-01 2.671770E-02 5.869991E-04 4.074683E+00 8.452285E+00 
1.836957E-01 4.380176E-03 3.582517E-01 1.706422E-01 -1.435292E+00 5.928680E-01 -1.893356E-01 9.406570E-01 2.829729E-02 4.606661E-04 4.325792E+00 9.026417E+00 
1.722866E-01 5.298436E-03 3.393830E-01 1.804407E-01 -1.362827E+00 5.808636E-01 -2.000000E-01 9.768431E-01 2.756207E-02 1.303129E-03 4.233594E+00 8.685555E+00 
1.665619E-01 3.273941E-03 3.155762E-01 1.834999E-01 -1.320095E+00 5.914024E-01 -1.372899E-01 9.650524E-01 2.530355E-02 9.818269E-04 3.858498E+00 9.503002E+00 
1.682739E-01 3.413030E-03 3.407193E-01 1.802379E-01 -1.311892E+00 5.937543E-01 -1.166243E-01 9.805297E-01 2.741574E-02 2.052857E-03 3.957786E+00 8.898326E+00 
1.870093E-01 4.575139E-03 3.238190E-01 1.759333E-01 -1.488993E+00 5.912111E-01 -1.356412E-01 9.101440E-01 2.725271E-02 1.516683E-04 4.139550E+00 9.140955E+00 
1.504010E-01 6.329603E-03 3.349245E-01 1.684110E-01 -1.393921E+00 5.891752E-01 -1.867032E-01 8.943134E-01 2.836217E-02 7.370237E-04 4.098060E+00 8.149925E+00 
1.825592E-01 3.860780E-03 3.245385E-01 1.825551E-01 -1.336778E+00 5.915629E-01 -1.267045E-01 9.712355E-01 2.698637E-02 4.813150E-04 4.401431E+00 9.006477E+00 
1.728712E-01 7.237444E-03 3.303105E-01 1.808370E-01 -1.485797E+00 5.816637E-01 -1.501248E-01 9.448776E-01 2.765216E-02 7.655953E-04 4.242663E+00 8.616691E+00 
1.633852E-01 4.864566E-03 3.484994E-01 1.832045E-01 -1.387106E+00 5.944281E-01 -1.478795E-01 9.677796E-01 2.603748E-02 9.777584E-04 3.519119E+00 8.852102E+00 
1.611796E-01 7.047263E-03 3.205157E-01 1.877556E-01 -1.421339E+00 5.682803E-01 -1.278495E-01 9.479594E-01 2.808773E-02 3.697709E-04 4.208797E+00 8.731755E+00 
1.709701E-01 4.876898E-03 3.275422E-01 1.841868E-01 -1.345782E+00 5.843421E-01 -1.346012E-01 9.714484E-01 2.831217E-02 4.763131E-04 3.870842E+00 8.458976E+00 
1.732041E-01 5.625148E-03 3.360583E-01 1.819274E-01 -1.428101E+00 5.903290E-01 -1.485303E-01 9.736666E-01 2.861138E-02 1.132080E-03 3.994405E+00 9.158054E+00 
1.803280E-01 5.680439E-03 3.511919E-01 1.824651E-01 -1.407738E+00 5.906066E-01 -1.035009E-01 9.586483E-01 2.788975E-02 1.028431E-03 3.978309E+00 8.864315E+00 
1.743338E-01 3.257540E-03 3.236593E-01 1.803719E-01 -1.405368E+00 5.871747E-01 -1.119568E-01 9.241097E-01 2.869415E-02 6.736827E-04 3.813109E+00 9.377693E+00 
1.622683E-01 5.579728E-03 3.378012E-01 1.772102E-01 -1.426661E+00 5.485078E-01 -1.227865E-01 9.348329E-01 2.857649E-02 4.525439E-04 3.536238E+00 8.604063E+00 
1.786957E-01 3.614042E-03 3.152544E-01 1.814529E-01 -1.458497E+00 5.885919E-01 -1.612362E-01 9.479048E-01 2.670354E-02 6.134677E-04 4.026838E+00 8.593053E+00 
1.743474E-01 5.048276E-03 3.206455E-01 1.807216E-01 -1.360251E+00 5.835014E-01 -1.675109E-01 9.667173E-01 2.620393E-02 2.989123E-04 4.459071E+00 8.626182E+00 
1.924803E-01 5.555842E-03 3.387839E-01 1.778613E-01 -1.400003E+00 5.875804E-01 -2.000000E-01 9.340600E-01 2.833708E-02 1.050365E-03 4.218178E+00 9.073057E+00 
1.786873E-01 5.554621E-03 3.412816E-01 1.808237E-01 -1.456864E+00 5.898938E-01 -1.567802E-01 9.701977E-01 2.901889E-02 4.754983E-04 4.382914E+00 8.403372E+00 
1.749258E-01 4.617655E-03 3.057460E-01 1.773083E-01 -1.421398E+00 5.924457E-01 -1.000458E-01 9.761995E-01 2.631935E-02 7.081900E-04 4.182551E+00 9.369781E+00 
1.699775E-01 4.946297E-03 3.110226E-01 1.781757E-01 -1.395532E+00 5.796558E-01 -1.291631E-01 9.552024E-01 2.698047E-02 7.811462E-04 4.092463E+00 8.452322E+00 
1.715461E-01 9.673487E-03 3.324705E-01 1.848905E-01 -1.403579E+00 5.903240E-01 -1.186219E-01 9.005456E-01 2.690633E-02 4.869947E-04 4.221025E+00 8.107362E+00 
1.681202E-01 4.205041E-03 3.269015E-01 1.817590E-01 -1.385837E+00 5.895069E-01 -1.351774E-01 9.667952E-01 2.896301E-02 7.440449E-04 4.014492E+00 8.996780E+00 
1.630701E-01 5.312758E-03 3.444132E-01 1.800659E-01 -1.474633E+00 5.815948E-01 -9.511401E-02 9.623619E-01 2.557551E-02 1.145927E-03 3.985866E+00 8.050732E+00 
1.729853E-01 8.526917E-03 3.573423E-01 1.849336E-01 -1.409201E+00 5.730704E-01 -1.167713E-01 9.353899E-01 2.624167E-02 7.220418E-04 4.226859E+00 8.553177E+00 
1.821735E-01 7.508733E-03 3.333304E-01 1.867795E-01 -1.370763E+00 5.903424E-01 -1.335970E-01 1.011835E+00 2.706815E-02 1.160214E-03 3.992052E+00 9.130521E+00 
1.664870E-01 4.514913E-03 3.269174E-01 1.818597E-01 -1.378399E+00 5.873849E-01 -1.466185E-01 9.699365E-01 2.813971E-02 0.000000E+00 4.087712E+00 7.940850E+00 
1.847186E-01 7.287197E-03 3.291319E-01 1.863528E-01 -1.361244E+00 5.858517E-01 -1.112157E-01 9.531071E-01 2.707786E-02 8.207229E-04 4.326765E+00 9.051045E+00 
1.576282E-01 6.047675E-03 3.300431E-01 1.801308E-01 -1.259310E+00 5.898362E-01 -1.728929E-01 9.530462E-01 2.742357E-02 4.107577E-04 4.096769E+00 8.494677E+00 
1.803051E-01 3.965079E-03 3.413759E-01 1.749750E-01 -1.436404E+00 5.861485E-01 -1.319153E-01 9.068436E-01 2.853912E-02 6.216767E-04 4.098130E+00 8.749981E+00 
1.911518E-01 5.571703E-03 3.197392E-01 1.812318E-01 -1.409085E+00 5.843064E-01 -1.638512E-01 9.270722E-01 2.684327E-02 5.010587E-04 3.867830E+00 8.192917E+00 
1.780272E-01 1.000000E-04 3.440481E-01 1.820185E-01 -1.437409E+00 6.000000E-01 -1.178875E-01 1.010517E+00 2.709924E-02 0.000000E+00 4.257341E+00 9.852086E+00 
1.762916E-01 3.744694E-03 3.384149E-01 1.820508E-01 -1.482193E+00 5.911126E-01 -1.397127E-01 9.080371E-01 2.563831E-02 1.108737E-03 4.261660E+00 9.393087E+00 
1.677334E-01 5.404406E-03 3.193708E-01 1.815356E-01 -1.338229E+00 5.758769E-01 -1.127973E-01 9.102684E-01 2.761353E-02 6.635918E-04 3.970711E+00 8.183591E+00 
1.694024E-01 6.326431E-03 3.294284E-01 1.843633E-01 -1.376425E+00 5.904424E-01 -1.404720E-01 8.941848E-01 2.753146E-02 4.542021E-04 4.169001E+00 9.182405E+00 
1.754434E-01 4.327880E-03 3.403912E-01 1.813756E-01 -1.355573E+00 5.852370E-01 -1.558724E-01 9.706500E-01 2.822873E-02 4.989405E-04 3.716456E+00 9.101557E+00 
1.680482E-01 4.567003E-03 3.231969E-01 1.864052E-01 -1.358616E+00 5.750159E-01 -1.474297E-01 9.946032E-01 3.015665E-02 9.828201E-04 4.021635E+00 9.051360E+00 
1.730837E-01 5.853475E-03 3.375606E-01 1.850169E-01 -1.451030E+00 5.855330E-01 -1.647811E-01 9.644431E-01 2.791811E-02 1.059456E-03 4.237510E+00 8.668395E+00 
1.858151E-01 3.462145E-03 3.222166E-01 1.777165E-01 -1.494824E+00 5.756514E-01 -1.245188E-01 9.273776E-01 2.581899E-02 6.860234E-04 4.050253E+00 8.654740E+00 
1.631315E-01 4.710965E-03 3.297431E-01 1.813394E-01 -1.381741E+00 5.848639E-01 -1.113858E-01 9.435330E-01 2.809435E-02 7.937153E-04 4.091538E+00 8.326697E+00 
1.850051E-01 5.436163E-03 3.067672E-01 1.834146E-01 -1.452965E+00 5.815401E-01 -1.526171E-01 9.651446E-01 2.952895E-02 4.232343E-04 4.290671E+00 8.756702E+00 
1.651340E-01 2.339775E-03 3.405117E-01 1.798084E-01 -1.538610E+00 5.885548E-01 -1.494198E-01 9.134976E-01 2.716659E-02 8.633339E-04 4.529801E+00 1.004297E+01 
1.768837E-01 5.146306E-03 3.363758E-01 1.801155E-01 -1.353042E+00 5.901621E-01 -1.659257E-01 9.565145E-01 2.702339E-02 2.397228E-04 4.259184E+00 8.689515E+00 
1.650895E-01 8.208816E-03 3.510814E-01 1.783166E-01 -1.310838E+00 5.887566E-01 -1.636843E-01 9.259123E-01 2.831293E-02 9.170514E-04 4.194058E+00 9.303946E+00 
1.705416E-01 4.581597E-03 3.125252E-01 1.879459E-01 -1.488207E+00 5.852376E-01 -1.711131E-01 9.044058E-01 2.700904E-02 1.116092E-03 4.120235E+00 9.034230E+00 
1.704997E-01 4.511263E-03 3.314584E-01 1.827997E-01 -1.353845E+00 5.852419E-01 -1.776841E-01 9.380137E-01 2.617140E-02 6.728257E-04 4.104241E+00 8.721200E+00 
1.752212E-01 3.742437E-03 3.348958E-01 1.837091E-01 -1.375427E+00 5.920409E-01 -1.477352E-01 9.797002E-01 2.594275E-02 6.094418E-04 3.891111E+00 8.968303E+00 
1.757845E-01 4.696129E-03 3.321900E-01 1.882660E-01 -1.448590E+00 5.871109E-01 -1.562932E-01 9.875460E-01 2.867155E-02 1.543650E-03 4.057512E+00 9.429925E+00 
1.461068E-01 4.909399E-03 3.257072E-01 1.659190E-01 -1.398515E+00 5.318191E-01 -1.276612E-01 9.152499E-01 3.212845E-02 6.133124E-03 4.606074E+00 9.312671E+00 
1.703945E-01 7.365129E-04 3.161503E-01 1.799149E-01 -1.414033E+00 5.702183E-01 -1.066625E-01 9.540114E-01 2.870507E-02 2.534676E-04 3.906950E+00 9.236376E+00 
1.782409E-01 7.114701E-03 3.177240E-01 1.824586E-01 -1.414733E+00 5.987126E-01 -1.209438E-01 9.555963E-01 2.744443E-02 4.855320E-04 3.950200E+00 9.161798E+00 
1.734602E-01 6.055673E-03 3.280848E-01 1.829302E-01 -1.406943E+00 5.843133E-01 -1.412961E-01 9.074072E-01 2.793144E-02 1.823526E-04 3.986887E+00 8.584070E+00 
1.564588E-01 4.955944E-03 3.417449E-01 1.818013E-01 -1.439185E+00 5.908351E-01 -1.608877E-01 9.717442E-01 2.871329E-02 8.469652E-04 4.131223E+00 7.982736E+00 
1.713335E-01 5.266811E-03 3.342866E-01 1.822802E-01 -1.376067E+00 5.896902E-01 -1.588191E-01 1.009811E+00 2.637619E-02 1.491720E-03 4.225988E+00 8.690993E+00 
1.755215E-01 5.038440E-03 3.559256E-01 1.843792E-01 -1.352368E+00 5.853352E-01 -1.372029E-01 9.756738E-01 2.816408E-02 1.045930E-03 4.427798E+00 8.540000E+00 
1.756110E-01 4.706766E-03 3.341819E-01 1.806009E-01 -1.377006E+00 5.902006E-01 -1.702507E-01 9.318657E-01 2.712717E-02 1.331540E-03 4.065788E+00 9.379746E+00 
1.758115E-01 6.374620E-03 3.326901E-01 1.859475E-01 -1.401692E+00 5.920116E-01 -1.299868E-01 9.774009E-01 2.793496E-02 4.541354E-04 4.121564E+00 8.705645E+00 
1.754747E-01 5.302734E-03 3.286662E-01 1.821176E-01 -1.433510E+00 5.913896E-01 -1.554477E-01 8.456412E-01 2.619125E-02 1.441278E-03 4.234173E+00 8.398273E+00 
1.806013E-01 5.201390E-03 3.259701E-01 1.821586E-01 -1.510643E+00 5.859046E-01 -1.305847E-01 1.012685E+00 2.766787E-02 1.203614E-03 4.019408E+00 8.805225E+00 
1.667012E-01 3.130295E-03 3.452369E-01 1.823886E-01 -1.433703E+00 5.949783E-01 -1.345804E-01 9.591291E-01 2.893031E-02 9.973227E-04 4.166386E+00 8.435448E+00 
1.680351E-01 4.819067E-03 3.179299E-01 1.824473E-01 -1.429026E+00 5.776957E-01 -1.278099E-01 1.028707E+00 3.035843E-02 1.317931E-03 4.224037E+00 8.701368E+00 
1.854235E-01 4.220016E-03 3.389545E-01 1.816809E-01 -1.421405E+00 5.857397E-01 -1.168717E-01 9.731507E-01 2.727535E-02 2.549459E-04 3.763418E+00 9.039021E+00 
1.667859E-01 4.615583E-03 3.460504E-01 1.782799E-01 -1.372467E+00 5.878198E-01 -1.404051E-01 1.006529E+00 2.911946E-02 7.211690E-04 3.926333E+00 9.055162E+00 
1.635495E-01 3.916968E-03 3.297655E-01 1.845319E-01 -1.387059E+00 5.911941E-01 -1.374143E-01 9.726287E-01 2.409248E-02 9.248687E-04 4.502461E+00 8.687026E+00 
1.777396E-01 4.623114E-03 3.094196E-01 1.851884E-01 -1.412620E+00 5.836462E-01 -1.246279E-01 9.057648E-01 2.897174E-02 2.846848E-04 3.944173E+00 8.244217E+00 
1.665169E-01 5.386473E-03 3.433567E-01 1.815205E-01 -1.401780E+00 5.933895E-01 -1.730113E-01 9.137730E-01 2.600521E-02 9.495330E-04 4.179992E+00 8.700637E+00 
1.710309E-01 9.446121E-03 3.332992E-01 1.824214E-01 -1.411724E+00 5.738262E-01 -1.669885E-01 9.478908E-01 2.718616E-02 1.656863E-03 3.742980E+00 8.045286E+00 
1.732653E-01 5.565342E-03 3.212018E-01 1.828151E-01 -1.417337E+00 5.912564E-01 -1.532158E-01 9.569357E-01 2.705189E-02 1.269357E-03 4.210780E+00 8.503245E+00 
1.804372E-01 5.278492E-03 3.185617E-01 1.851555E-01 -1.333453E+00 5.852966E-01 -1.291552E-01 9.302055E-01 2.776126E-02 6.367330E-04 4.364619E+00 8.736017E+00 
1.641550E-01 5.418164E-03 3.384343E-01 1.822041E-01 -1.414074E+00 5.963272E-01 -1.561550E-01 9.443701E-01 2.976043E-02 6.057574E-04 4.132887E+00 8.211055E+00 
1.690567E-01 6.757897E-03 3.422115E-01 1.793362E-01 -1.490666E+00 5.897541E-01 -1.495201E-01 9.592621E-01 2.451754E-02 7.344501E-04 4.281540E+00 8.809007E+00 
1.857387E-01 3.768091E-03 3.426616E-01 1.879250E-01 -1.436475E+00 5.984038E-01 -1.616572E-01 9.469578E-01 2.815806E-02 1.456848E-03 4.205419E+00 1.001235E+01 
1.687834E-01 5.934426E-03 3.335847E-01 1.810312E-01 -1.340442E+00 5.849459E-01 -1.517521E-01 9.982041E-01 2.768460E-02 7.037699E-04 4.277982E+00 8.836130E+00 
1.860705E-01 5.932051E-03 3.371834E-01 1.796681E-01 -1.416157E+00 5.963878E-01 -1.651636E-01 9.359078E-01 2.588935E-02 1.373724E-03 3.686291E+00 8.335512E+00 
1.701397E-01 4.578455E-03 3.316300E-01 1.799288E-01 -1.390832E+00 5.784485E-01 -1.133806E-01 9.048493E-01 2.675149E-02 7.391780E-04 3.716465E+00 8.924609E+00 
1.682102E-01 6.593446E-03 3.383503E-01 1.804335E-01 -1.435206E+00 5.823390E-01 -1.517484E-01 9.342845E-01 2.786404E-02 5.275920E-04 4.199841E+00 9.097165E+00 
1.765415E-01 5.349987E-03 3.326324E-01 1.758662E-01 -1.358830E+00 5.815954E-01 -1.346132E-01 9.604426E-01 2.787798E-02 7.082022E-04 4.297808E+00 9.229430E+00 
1.805819E-01 4.573223E-03 3.364007E-01 1.841278E-01 -1.473448E+00 5.839244E-01 -1.363308E-01 9.429104E-01 2.762833E-02 3.555339E-04 4.258936E+00 8.842034E+00 
1.603434E-01 5.978467E-03 3.265654E-01 1.800527E-01 -1.391866E+00 5.815944E-01 -1.617954E-01 1.006925E+00 2.939216E-02 3.033473E-04 3.884041E+00 8.119468E+00 
1.769491E-01 4.651853E-03 3.119655E-01 1.891721E-01 -1.471430E+00 5.803901E-01 -1.216219E-01 9.353195E-01 2.740280E-02 3.866826E-04 4.186149E+00 9.079005E+00 
1.739067E-01 5.161116E-03 3.408947E-01 1.805928E-01 -1.374152E+00 5.870250E-01 -1.253424E-01 9.451837E-01 2.673618E-02 8.471885E-04 4.338385E+00 7.523710E+00 
1.775106E-01 6.379771E-03 3.341308E-01 1.866139E-01 -1.352084E+00 5.869760E-01 -1.679727E-01 9.843082E-01 2.996420E-02 7.694996E-04 4.276557E+00 7.735636E+00 
1.818973E-01 3.453314E-03 3.306286E-01 1.844288E-01 -1.393834E+00 5.907440E-01 -1.398947E-01 9.309172E-01 2.834733E-02 1.107866E-03 4.220867E+00 9.590068E+00 
1.626996E-01 5.204866E-03 3.238639E-01 1.782068E-01 -1.332481E+00 5.949456E-01 -1.236180E-01 9.304452E-01 3.089225E-02 5.963719E-04 4.178479E+00 8.099046E+00 
1.657096E-01 5.527355E-03 3.347392E-01 1.806177E-01 -1.524157E+00 5.867289E-01 -1.327554E-01 1.013700E+00 2.866847E-02 1.248461E-03 4.075288E+00 7.490318E+00 
1.815091E-01 5.250818E-03 3.455756E-01 1.801645E-01 -1.338216E+00 5.877142E-01 -1.045552E-01 9.780141E-01 2.745103E-02 6.241676E-04 3.946961E+00 8.863756E+00 
1.821161E-01 6.660525E-03 3.545331E-01 1.795019E-01 -1.423525E+00 5.878952E-01 -1.674999E-01 9.819715E-01 2.835460E-02 6.967217E-04 4.267597E+00 8.549972E+00 
1.789512E-01 5.309274E-03 3.246942E-01 1.836778E-01 -1.320860E+00 5.696739E-01 -1.384254E-01 9.789994E-01 3.062346E-02 1.121291E-03 4.237946E+00 9.163788E+00 
1.900508E-01 4.812430E-03 3.554049E-01 1.825330E-01 -1.444995E+00 5.902363E-01 -1.896264E-01 9.422329E-01 2.833477E-02 7.051653E-04 4.401619E+00 9.025667E+00 
1.738232E-01 3.187924E-03 3.497212E-01 1.826573E-01 -1.411629E+00 5.716885E-01 -6.904700E-02 9.737550E-01 2.915362E-02 7.513159E-04 4.098934E+00 8.833495E+00 
1.715523E-01 5.898245E-03 3.219038E-01 1.831907E-01 -1.418357E+00 5.819868E-01 -1.089420E-01 9.230092E-01 2.746505E-02 1.064838E-03 3.929386E+00 8.805993E+00 
1.691771E-01 5.661765E-03 3.226390E-01 1.881835E-01 -1.463226E+00 5.643867E-01 -1.504397E-01 9.411794E-01 2.625784E-02 9.782067E-04 4.160045E+00 9.161867E+00 
1.654186E-01 3.763977E-03 3.413717E-01 1.679665E-01 -1.363185E+00 5.833828E-01 -1.614769E-01 9.744949E-01 2.541168E-02 6.543823E-04 4.276817E+00 8.782588E+00 
1.743019E-01 5.071110E-03 3.253401E-01 1.820960E-01 -1.451207E+00 5.870052E-01 -1.281385E-01 9.417433E-01 2.769771E-02 1.338254E-03 4.046205E+00 9.555954E+00 
1.717345E-01 3.494779E-03 3.124780E-01 1.809555E-01 -1.382523E+00 5.876017E-01 -1.479292E-01 9.312726E-01 2.768639E-02 8.072965E-04 4.320031E+00 8.658446E+00 
1.746740E-01 5.347542E-03 3.224813E-01 1.879429E-01 -1.423799E+00 5.807951E-01 -1.359968E-01 9.506309E-01 2.751561E-02 9.928538E-04 4.228078E+00 8.692984E+00 
1.731514E-01 4.677347E-03 3.409763E-01 1.807832E-01 -1.372863E+00 5.726391E-01 -9.840516E-02 8.622258E-01 2.785347E-02 8.106929E-04 4.230086E+00 9.352207E+00 
1.851647E-01 4.938758E-03 3.253084E-01 1.810144E-01 -1.324126E+00 5.789247E-01 -1.921952E-01 9.365126E-01 2.877055E-02 9.168090E-04 3.931416E+00 8.774829E+00 
1.824797E-01 6.354289E-03 3.369207E-01 1.806945E-01 -1.384285E+00 5.931598E-01 -1.952771E-01 9.452575E-01 2.575339E-02 1.441132E-03 4.108204E+00 9.143522E+00 
1.684136E-01 4.632068E-03 3.270052E-01 1.796877E-01 -1.306477E+00 5.958024E-01 -1.343977E-01 9.723558E-01 2.913734E-02 8.735291E-04 3.537553E+00 9.909729E+00 
1.852329E-01 4.437633E-03 3.394270E-01 1.787281E-01 -1.425991E+00 5.882747E-01 -1.559296E-01 9.464780E-01 2.751708E-02 5.006598E-04 3.933943E+00 8.507000E+00 
1.743200E-01 6.232989E-03 3.017964E-01 1.818956E-01 -1.335006E+00 5.829514E-01 -9.327270E-02 9.583140E-01 2.933879E-02 7.457562E-04 4.056129E+00 9.030600E+00 
1.827747E-01 4.643899E-03 3.022990E-01 1.812453E-01 -1.393932E+00 5.861088E-01 -1.403031E-01 9.463228E-01 2.889329E-02 4.890527E-04 4.098570E+00 9.828587E+00 
1.702819E-01 5.404191E-03 3.277021E-01 1.863761E-01 -1.484311E+00 5.888128E-01 -1.132285E-01 9.469194E-01 2.898281E-02 5.461940E-04 4.123291E+00 7.409599E+00 
1.764209E-01 4.978047E-03 3.086263E-01 1.778440E-01 -1.300525E+00 5.827907E-01 -1.220559E-01 9.302433E-01 2.872946E-02 1.186356E-03 4.127336E+00 8.755666E+00 
1.755118E-01 6.169511E-03 3.239543E-01 1.824565E-01 -1.395252E+00 5.460705E-01 -1.318979E-01 9.572945E-01 2.790240E-02 6.929459E-04 3.932102E+00 8.828752E+00 
1.563091E-01 5.355553E-03 3.337119E-01 1.839790E-01 -1.383987E+00 5.783327E-01 -1.417332E-01 9.447910E-01 2.823348E-02 1.006564E-03 4.098570E+00 9.000067E+00 
1.817966E-01 5.687819E-03 3.309649E-01 1.792352E-01 -1.415403E+00 5.871850E-01 -1.336580E-01 9.335003E-01 2.744452E-02 5.869798E-04 3.722755E+00 8.977505E+00 
1.643938E-01 5.565653E-03 3.231644E-01 1.807204E-01 -1.440220E+00 5.813320E-01 -1.341075E-01 9.467986E-01 2.848382E-02 1.581038E-04 4.175171E+00 8.776112E+00 
1.683468E-01 4.935481E-03 3.195736E-01 1.800397E-01 -1.471438E+00 5.749760E-01 -1.421561E-01 9.683365E-01 2.880750E-02 3.447663E-04 4.050085E+00 8.518616E+00 
1.777162E-01 4.031197E-03 3.230260E-01 1.834526E-01 -1.472210E+00 5.892820E-01 -1.210302E-01 9.394972E-01 2.751407E-02 7.825138E-04 4.171683E+00 9.004564E+00 
1.735092E-01 4.333290E-03 3.085191E-01 1.817050E-01 -1.392833E+00 5.874677E-01 -1.279689E-01 8.642912E-01 2.566368E-02 4.508907E-04 4.417412E+00 8.615344E+00 
1.733036E-01 5.119247E-03 3.299901E-01 1.839197E-01 -1.404190E+00 5.917778E-01 -1.556132E-01 9.386657E-01 2.801545E-02 3.994658E-04 4.042241E+00 9.049138E+00 
1.666702E-01 3.255594E-03 3.269133E-01 1.820004E-01 -1.426135E+00 5.697106E-01 -1.572472E-01 9.851957E-01 2.773377E-02 9.068237E-04 4.057686E+00 8.585926E+00 
1.813512E-01 4.878684E-03 3.330018E-01 1.753584E-01 -1.418333E+00 5.854184E-01 -1.757552E-01 9.492069E-01 2.744646E-02 1.080920E-03 4.042218E+00 9.083437E+00 
1.858553E-01 4.292375E-03 3.327452E-01 1.846522E-01 -1.450377E+00 5.883500E-01 -1.427404E-01 9.890423E-01 2.836938E-02 1.292525E-03 4.132915E+00 9.834856E+00 
1.674915E-01 3.839298E-03 3.265451E-01 1.838656E-01 -1.321793E+00 5.876361E-01 -1.319142E-01 1.001706E+00 2.701202E-02 8.952275E-04 3.995977E+00 9.419245E+00 
1.830445E-01 4.813047E-03 3.132335E-01 1.785825E-01 -1.337897E+00 5.827682E-01 -1.046599E-01 9.575148E-01 2.622076E-02 6.669067E-04 4.171788E+00 8.376646E+00 
1.733195E-01 5.087038E-03 3.166008E-01 1.820225E-01 -1.353390E+00 5.709726E-01 -1.270990E-01 9.921034E-01 2.600006E-02 8.101469E-04 4.024053E+00 9.197528E+00 
1.847248E-01 4.925353E-03 3.244890E-01 1.824641E-01 -1.302902E+00 5.810988E-01 -1.413387E-01 9.869249E-01 2.783331E-02 1.099022E-03 4.132569E+00 9.836242E+00 
1.750758E-01 4.488900E-03 3.397862E-01 1.852375E-01 -1.347669E+00 5.905677E-01 -1.659874E-01 8.873451E-01 2.797625E-02 8.367645E-04 4.362634E+00 8.980680E+00 
1.779448E-01 5.101508E-03 3.218160E-01 1.811136E-01 -1.495386E+00 5.817795E-01 -9.415454E-02 9.282009E-01 2.738759E-02 1.300577E-03 3.883215E+00 8.632634E+00 
1.770830E-01 5.263193E-03 3.273103E-01 1.826863E-01 -1.358277E+00 5.881013E-01 -1.207781E-01 9.887232E-01 2.676470E-02 4.017180E-04 3.847227E+00 8.250751E+00 
1.839955E-01 5.117885E-03 3.339212E-01 1.877044E-01 -1.384732E+00 5.808202E-01 -1.530259E-01 9.135365E-01 2.884976E-02 6.043058E-04 3.843015E+00 8.593983E+00 
1.723139E-01 5.226593E-03 3.290139E-01 1.818438E-01 -1.454316E+00 5.679127E-01 -1.348723E-01 9.455917E-01 2.928453E-02 6.210388E-04 4.237164E+00 8.711131E+00 
1.716619E-01 4.170627E-03 3.315221E-01 1.839168E-01 -1.407056E+00 5.894943E-01 -1.342758E-01 9.536753E-01 2.739974E-02 1.024433E-03 4.322597E+00 9.024375E+00 
1.509272E-01 6.418951E-03 3.557926E-01 1.760854E-01 -1.384531E+00 5.787367E-01 -1.470390E-01 9.088592E-01 2.816202E-02 2.430657E-03 4.130167E+00 9.161978E+00 
1.860556E-01 4.120194E-03 3.220905E-01 1.891304E-01 -1.431395E+00 5.815505E-01 -1.545573E-01 9.878320E-01 2.554913E-02 8.157323E-04 4.733642E+00 8.725429E+00 
1.746043E-01 4.100712E-03 3.243382E-01 1.770114E-01 -1.410270E+00 5.803289E-01 -9.778912E-02 9.332730E-01 2.806879E-02 9.258947E-04 4.317759E+00 8.666653E+00 
1.622286E-01 4.930944E-03 3.364859E-01 1.817801E-01 -1.388849E+00 5.873804E-01 -1.384259E-01 9.479760E-01 2.580562E-02 9.440830E-04 4.387247E+00 9.550301E+00 
1.672856E-01 4.048284E-03 3.270550E-01 1.763440E-01 -1.419244E+00 5.920919E-01 -1.696622E-01 9.925498E-01 2.783776E-02 7.623652E-04 4.296603E+00 9.098342E+00 
1.719197E-01 3.789756E-03 3.065680E-01 1.784586E-01 -1.429964E+00 5.845444E-01 -1.193608E-01 9.550684E-01 2.808674E-02 1.197944E-03 3.901104E+00 8.535891E+00 
1.886015E-01 5.140961E-03 3.003710E-01 1.819627E-01 -1.434136E+00 5.833924E-01 -1.278179E-01 9.642688E-01 2.881002E-02 8.285369E-04 4.038634E+00 8.494541E+00 
1.648286E-01 3.869866E-03 3.260484E-01 1.820018E-01 -1.388577E+00 5.849374E-01 -1.230175E-01 9.783193E-01 2.701560E-02 6.059010E-04 4.296188E+00 9.128698E+00 
1.675572E-01 6.010486E-03 3.074818E-01 1.813675E-01 -1.399112E+00 5.841685E-01 -1.204406E-01 9.547679E-01 2.851015E-02 8.837797E-04 4.131878E+00 8.878756E+00 
1.570001E-01 5.314155E-03 3.415444E-01 1.793664E-01 -1.392584E+00 5.942832E-01 -1.900425E-01 9.403457E-01 2.659715E-02 6.758957E-04 4.253660E+00 8.845410E+00 
1.682797E-01 4.225086E-03 3.373195E-01 1.821991E-01 -1.368632E+00 5.873138E-01 -1.765872E-01 9.834044E-01 2.700868E-02 1.267808E-03 4.140218E+00 8.817936E+00 
1.652332E-01 5.390419E-03 3.345484E-01 1.824772E-01 -1.326468E+00 4.791117E-01 -9.934577E-02 9.434564E-01 2.817616E-02 6.490743E-04 4.103205E+00 7.639477E+00 
1.906985E-01 4.301148E-03 3.596623E-01 1.820438E-01 -1.391969E+00 5.947061E-01 -1.104381E-01 8.592321E-01 2.840791E-02 4.616224E-04 3.900172E+00 8.486024E+00 
1.703562E-01 5.017612E-03 3.260088E-01 1.827438E-01 -1.385546E+00 5.808213E-01 -1.255279E-01 9.087573E-01 3.017023E-02 1.917456E-04 3.959267E+00 8.927673E+00 
1.661429E-01 5.882859E-03 3.285948E-01 1.869765E-01 -1.440741E+00 5.851563E-01 -1.661004E-01 9.344867E-01 2.918087E-02 5.934573E-04 4.379304E+00 8.873831E+00 
1.698641E-01 5.721349E-03 3.430762E-01 1.853114E-01 -1.455265E+00 5.962545E-01 -1.357313E-01 9.599224E-01 3.006417E-02 7.071048E-04 4.137722E+00 9.195934E+00 
1.688481E-01 5.433676E-03 3.183125E-01 1.786076E-01 -1.275543E+00 5.866857E-01 -1.420128E-01 9.715457E-01 3.026709E-02 4.654253E-04 3.473469E+00 9.021305E+00 
1.836645E-01 4.581376E-03 3.149823E-01 1.831125E-01 -1.448731E+00 5.831922E-01 -1.387707E-01 8.896683E-01 2.762628E-02 8.359981E-04 4.359839E+00 9.247709E+00 
1.583985E-01 5.976489E-03 3.338314E-01 1.713914E-01 -1.417747E+00 5.901451E-01 -1.612655E-01 9.200355E-01 2.823623E-02 1.507310E-03 4.709530E+00 9.685190E+00 
1.786094E-01 6.181066E-03 3.324636E-01 1.804101E-01 -1.323361E+00 5.952619E-01 -1.400722E-01 9.689771E-01 3.008527E-02 5.540425E-04 3.737082E+00 9.036435E+00 
1.721807E-01 4.887704E-03 3.328498E-01 1.816844E-01 -1.438871E+00 5.888992E-01 -1.278612E-01 9.576519E-01 2.577237E-02 1.241863E-03 3.897274E+00 8.068077E+00 
1.703432E-01 5.537274E-03 3.089469E-01 1.812422E-01 -1.392490E+00 5.813677E-01 -1.299246E-01 9.000510E-01 2.568155E-02 7.499590E-04 3.803149E+00 9.353336E+00 
1.756630E-01 3.244661E-03 3.246556E-01 1.805004E-01 -1.375583E+00 5.843127E-01 -1.428724E-01 9.591673E-01 2.930038E-02 6.737504E-04 3.799885E+00 8.712377E+00 
1.851625E-01 6.877166E-03 3.464810E-01 1.779715E-01 -1.452313E+00 5.922594E-01 -1.495762E-01 9.570530E-01 2.858808E-02 3.880375E-04 4.370111E+00 8.945903E+00 
1.768352E-01 4.178869E-03 3.429587E-01 1.848001E-01 -1.405673E+00 5.872073E-01 -1.514996E-01 9.874937E-01 2.890241E-02 6.824640E-04 4.394606E+00 8.726171E+00 
1.741988E-01 4.809541E-03 3.324561E-01 1.835905E-01 -1.346912E+00 5.843943E-01 -1.360238E-01 9.347055E-01 2.936790E-02 9.724905E-04 4.342376E+00 8.804954E+00 
1.763218E-01 6.917073E-03 3.407963E-01 1.834240E-01 -1.458993E+00 5.883765E-01 -1.951851E-01 9.287840E-01 2.562963E-02 9.457839E-04 4.405665E+00 9.117442E+00 
1.734124E-01 4.151351E-03 3.210792E-01 1.832000E-01 -1.464678E+00 5.793413E-01 -1.667865E-01 9.129228E-01 2.714623E-02 1.036561E-03 4.269866E+00 8.680938E+00 
1.733052E-01 3.583792E-03 3.265882E-01 1.824410E-01 -1.527221E+00 5.911745E-01 -1.340619E-01 9.950509E-01 2.806001E-02 3.434209E-04 4.124358E+00 8.646692E+00 
1.758573E-01 2.463059E-03 3.290305E-01 1.827031E-01 -1.422598E+00 5.604337E-01 -1.171841E-01 9.590165E-01 2.841432E-02 4.933837E-04 4.191219E+00 8.302501E+00 
1.638218E-01 9.413864E-03 3.494018E-01 1.813472E-01 -1.394605E+00 5.851524E-01 -1.387567E-01 9.446899E-01 2.823094E-02 7.829671E-04 4.245819E+00 8.746559E+00 
1.701421E-01 5.693465E-03 3.229818E-01 1.837738E-01 -1.399119E+00 5.765302E-01 -1.197496E-01 9.554220E-01 2.667015E-02 5.620553E-04 4.317289E+00 9.332311E+00 
1.726813E-01 3.102121E-03 3.287533E-01 1.832977E-01 -1.410023E+00 5.865885E-01 -1.592923E-01 9.560333E-01 2.762896E-02 1.327188E-03 4.230494E+00 8.917829E+00 
1.744605E-01 4.797223E-03 3.433128E-01 1.743534E-01 -1.410745E+00 5.849648E-01 -1.167499E-01 9.650556E-01 2.852878E-02 1.644821E-03 4.343949E+00 9.402326E+00 
1.755276E-01 3.257480E-03 3.152392E-01 1.844401E-01 -1.365564E+00 5.883302E-01 -1.583505E-01 9.258196E-01 2.848039E-02 1.128186E-03 3.539496E+00 8.290835E+00 
1.726059E-01 6.735815E-03 3.418277E-01 1.815218E-01 -1.416946E+00 5.725911E-01 -1.246840E-01 1.010319E+00 2.745914E-02 2.732146E-04 4.369442E+00 8.886277E+00 
1.883318E-01 4.875207E-03 3.341125E-01 1.839083E-01 -1.356973E+00 5.871463E-01 -1.170052E-01 9.641875E-01 2.771476E-02 1.508841E-03 4.358978E+00 9.183046E+00 
1.626504E-01 7.881232E-03 3.201946E-01 1.772957E-01 -1.416753E+00 5.628804E-01 -8.200087E-02 9.560146E-01 2.594221E-02 1.389498E-04 4.165067E+00 8.450928E+00 
1.644821E-01 5.106754E-03 3.331791E-01 1.799201E-01 -1.381903E+00 5.897428E-01 -9.436564E-02 9.237342E-01 2.639502E-02 9.626974E-04 3.978497E+00 8.988619E+00 
1.742842E-01 4.350096E-03 3.378064E-01 1.815593E-01 -1.349315E+00 5.932020E-01 -1.249871E-01 8.513848E-01 2.685442E-02 1.375638E-03 3.898587E+00 8.714644E+00 
1.769759E-01 6.962408E-03 3.537365E-01 1.848657E-01 -1.446277E+00 5.925621E-01 -1.481717E-01 8.933285E-01 2.705969E-02 0.000000E+00 4.260732E+00 1.024664E+01 
1.733344E-01 5.288754E-03 3.096225E-01 1.787462E-01 -1.449417E+00 5.871047E-01 -1.110479E-01 9.316593E-01 2.809291E-02 6.500396E-04 3.916130E+00 8.912336E+00 
1.713207E-01 5.395778E-03 3.259551E-01 1.765989E-01 -1.376151E+00 5.890800E-01 -1.750546E-01 9.256526E-01 2.865549E-02 1.153342E-04 4.103129E+00 8.359678E+00 
1.681270E-01 7.170590E-03 3.228236E-01 1.788478E-01 -1.444488E+00 5.798807E-01 -1.146171E-01 9.249515E-01 2.914883E-02 9.071936E-04 4.272429E+00 8.467682E+00 
1.871578E-01 4.364481E-03 3.544538E-01 1.845776E-01 -1.338122E+00 5.781539E-01 -1.792144E-01 9.216474E-01 2.751684E-02 5.403040E-04 4.489746E+00 7.836292E+00 
1.783864E-01 5.283036E-03 3.031988E-01 1.838438E-01 -1.392446E+00 5.519539E-01 -1.161980E-01 9.667438E-01 2.827038E-02 4.457492E-04 4.110108E+00 8.305086E+00 
1.907782E-01 4.245782E-03 3.354025E-01 1.823547E-01 -1.395378E+00 5.893694E-01 -1.544573E-01 9.323447E-01 2.840203E-02 2.013955E-03 4.318670E+00 8.312583E+00 
1.775580E-01 4.541182E-03 3.570980E-01 1.797184E-01 -1.426085E+00 5.846998E-01 -1.535819E-01 9.300338E-01 2.904171E-02 6.524572E-04 4.021583E+00 8.695736E+00 
1.775927E-01 3.539702E-03 3.334378E-01 1.811930E-01 -1.411208E+00 5.908680E-01 -1.469104E-01 9.901121E-01 2.727741E-02 1.087387E-04 3.999659E+00 9.460777E+00 
1.871830E-01 6.667217E-03 3.473792E-01 1.768591E-01 -1.428690E+00 5.853635E-01 -1.699522E-01 9.187047E-01 2.768113E-02 7.204285E-04 4.355669E+00 9.009030E+00 
1.689199E-01 5.259755E-03 3.239531E-01 1.803610E-01 -1.342936E+00 5.950296E-01 -1.438006E-01 9.569373E-01 2.718304E-02 3.027631E-04 3.983350E+00 8.488329E+00 
1.821211E-01 4.989863E-03 3.399464E-01 1.810630E-01 -1.408245E+00 5.962756E-01 -1.406547E-01 9.397484E-01 2.826496E-02 9.635021E-04 4.082720E+00 8.625863E+00 
1.947284E-01 4.595979E-03 3.229198E-01 1.806681E-01 -1.500943E+00 5.749937E-01 -1.505679E-01 9.369899E-01 3.053479E-02 4.362560E-04 3.968850E+00 8.004031E+00 
1.718939E-01 2.478610E-03 3.197440E-01 1.797731E-01 -1.438186E+00 5.761075E-01 -1.309153E-01 9.368480E-01 2.722707E-02 6.895195E-04 4.102164E+00 8.600652E+00 
1.648139E-01 4.827808E-03 3.271902E-01 1.816148E-01 -1.372353E+00 5.903267E-01 -1.915874E-01 9.482939E-01 2.777516E-02 1.104754E-03 4.181444E+00 8.592343E+00 
1.734308E-01 4.732331E-03 3.269999E-01 1.868926E-01 -1.402846E+00 5.831146E-01 -2.000000E-01 1.054654E+00 2.803260E-02 9.995029E-04 4.321527E+00 8.830223E+00 
1.942525E-01 2.554008E-03 3.088152E-01 1.767481E-01 -1.375204E+00 5.780453E-01 -8.064779E-02 9.022090E-01 2.754397E-02 9.348342E-04 3.512900E+00 9.576748E+00 
1.719459E-01 5.919490E-03 3.361398E-01 1.830173E-01 -1.395631E+00 5.946065E-01 -1.230277E-01 9.427876E-01 2.622165E-02 3.786678E-04 3.897427E+00 8.922550E+00 
1.710295E-01 5.245230E-03 3.263221E-01 1.804117E-01 -1.301696E+00 5.841912E-01 -1.429786E-01 9.548085E-01 2.843965E-02 6.583365E-04 4.233152E+00 9.095853E+00 
1.859877E-01 4.413296E-03 3.160546E-01 1.821413E-01 -1.331705E+00 5.814628E-01 -1.456319E-01 9.531897E-01 2.900122E-02 1.925395E-04 3.838568E+00 9.254757E+00 
1.644359E-01 5.232375E-03 3.315685E-01 1.813188E-01 -1.381406E+00 5.810592E-01 -1.019996E-01 9.771242E-01 2.800337E-02 6.201129E-04 4.056768E+00 8.838090E+00 
1.765989E-01 6.227652E-03 3.462797E-01 1.872632E-01 -1.381126E+00 5.864638E-01 -1.322696E-01 9.634458E-01 2.993732E-02 9.448288E-05 4.286812E+00 8.750902E+00 
1.681056E-01 4.175335E-03 3.485831E-01 1.822275E-01 -1.430700E+00 5.966125E-01 -1.965156E-01 9.106426E-01 2.669063E-02 1.106083E-03 4.128286E+00 9.032480E+00 
1.623944E-01 5.907964E-03 3.552522E-01 1.829081E-01 -1.414977E+00 5.926327E-01 -1.345816E-01 9.603286E-01 2.724259E-02 1.502695E-03 4.059536E+00 9.155770E+00 
1.555956E-01 5.543534E-03 3.221236E-01 1.807115E-01 -1.412073E+00 5.675929E-01 -1.580733E-01 9.485083E-01 2.705978E-02 6.455890E-04 4.264693E+00 8.481732E+00 
1.694392E-01 4.408761E-03 3.112464E-01 1.778983E-01 -1.390087E+00 5.835710E-01 -1.606003E-01 9.986757E-01 2.744983E-02 1.042169E-03 3.904104E+00 8.506938E+00 
1.591949E-01 5.677805E-03 3.309388E-01 1.803102E-01 -1.340646E+00 5.827240E-01 -1.374900E-01 9.284857E-01 2.748921E-02 2.834302E-04 4.076187E+00 8.586533E+00 
1.835405E-01 8.817814E-03 3.473096E-01 1.875485E-01 -1.395673E+00 5.964257E-01 -1.345423E-01 9.176339E-01 2.496194E-02 1.384816E-03 4.339893E+00 8.692444E+00 
1.525399E-01 5.516626E-03 3.170642E-01 1.815275E-01 -1.490776E+00 5.729406E-01 -1.241883E-01 9.237497E-01 2.867678E-02 4.215379E-04 4.180160E+00 8.939936E+00 
1.798794E-01 4.563757E-03 3.339283E-01 1.801844E-01 -1.382659E+00 5.871101E-01 -1.290413E-01 9.666072E-01 2.812236E-02 8.992886E-04 4.443889E+00 8.975619E+00 
1.688424E-01 1.325372E-02 3.505887E-01 1.701320E-01 -1.375702E+00 5.487349E-01 -1.425678E-01 9.308578E-01 2.820307E-02 3.139669E-03 4.500801E+00 9.089772E+00 
1.745233E-01 3.487804E-03 3.342877E-01 1.853104E-01 -1.358727E+00 5.905529E-01 -1.681934E-01 9.519640E-01 2.731333E-02 1.233259E-03 4.186246E+00 8.019769E+00 
1.671222E-01 6.271396E-03 3.356354E-01 1.822174E-01 -1.395657E+00 5.662121E-01 -1.440889E-01 9.432754E-01 2.660315E-02 1.230165E-03 3.983740E+00 9.251561E+00 
1.775318E-01 5.357552E-03 3.296117E-01 1.802634E-01 -1.415667E+00 5.843075E-01 -1.249895E-01 9.259460E-01 2.600607E-02 2.598568E-04 4.215766E+00 8.684058E+00 
1.653160E-01 4.595204E-03 3.409871E-01 1.811675E-01 -1.353698E+00 5.795843E-01 -1.376982E-01 9.668211E-01 2.906570E-02 8.233109E-04 4.174881E+00 8.303865E+00 
1.730409E-01 5.325099E-03 3.175040E-01 1.814120E-01 -1.402186E+00 5.766908E-01 -1.325072E-01 1.032847E+00 2.902105E-02 1.014065E-03 3.992299E+00 9.109982E+00 
1.815282E-01 9.209071E-03 3.329452E-01 1.747633E-01 -1.398129E+00 5.708415E-01 -1.319829E-01 9.611988E-01 2.868433E-02 1.803788E-03 4.413819E+00 8.324044E+00 
1.748447E-01 4.321806E-03 3.355528E-01 1.856442E-01 -1.418521E+00 5.882414E-01 -1.186325E-01 9.778583E-01 2.628660E-02 3.923245E-04 4.538162E+00 9.029633E+00 
1.831548E-01 4.980810E-03 3.471944E-01 1.778761E-01 -1.487851E+00 5.927928E-01 -1.483360E-01 9.362117E-01 2.647700E-02 8.171636E-04 4.427569E+00 9.391990E+00 
1.678867E-01 4.384680E-03 3.433737E-01 1.827941E-01 -1.375607E+00 5.908516E-01 -1.428471E-01 9.186339E-01 2.741592E-02 4.443973E-04 4.040940E+00 8.881345E+00 
1.755793E-01 4.833353E-03 3.490668E-01 1.844281E-01 -1.388059E+00 5.702770E-01 -1.276448E-01 9.074388E-01 2.807111E-02 6.235652E-04 4.202952E+00 8.521722E+00 
1.653962E-01 2.627379E-03 3.001576E-01 1.816377E-01 -1.317888E+00 5.530603E-01 -8.206406E-02 9.666439E-01 2.724702E-02 1.175867E-03 4.095674E+00 8.998432E+00 
1.743580E-01 5.358342E-03 3.329416E-01 1.772210E-01 -1.505751E+00 5.860783E-01 -2.000000E-01 9.787465E-01 2.744958E-02 6.836532E-04 3.796735E+00 9.392213E+00 
1.888496E-01 3.412232E-03 3.388319E-01 1.809897E-01 -1.493508E+00 5.900849E-01 -6.142211E-02 9.549408E-01 3.026229E-02 1.314551E-04 4.056441E+00 8.889263E+00 
1.790428E-01 2.868030E-03 3.026901E-01 1.781389E-01 -1.301138E+00 5.818469E-01 -1.236832E-01 8.721531E-01 2.752126E-02 1.048855E-03 4.173875E+00 9.178764E+00 
1.672137E-01 4.675893E-03 3.318616E-01 1.824090E-01 -1.392620E+00 5.867531E-01 -1.277934E-01 9.525477E-01 2.777988E-02 6.669398E-04 4.115954E+00 8.742623E+00 
1.706304E-01 4.988682E-03 3.182935E-01 1.851785E-01 -1.477869E+00 5.777049E-01 -1.262557E-01 9.369934E-01 2.919548E-02 5.427727E-04 4.153639E+00 8.795229E+00 
1.745371E-01 6.555570E-03 3.275553E-01 1.804407E-01 -1.408136E+00 5.957941E-01 -1.402574E-01 9.655352E-01 2.761738E-02 6.964927E-04 4.237912E+00 9.251454E+00 
1.548202E-01 4.644723E-03 3.338867E-01 1.791235E-01 -1.447883E+00 5.830169E-01 -1.317712E-01 9.514082E-01 2.845310E-02 5.762377E-04 4.216677E+00 9.098240E+00 
1.602903E-01 4.771877E-03 3.390968E-01 1.816184E-01 -1.368081E+00 5.847705E-01 -1.116152E-01 9.473788E-01 2.784318E-02 9.230585E-04 4.093763E+00 8.779221E+00 
1.753900E-01 5.485012E-03 3.355541E-01 1.849293E-01 -1.432500E+00 5.875433E-01 -1.542428E-01 9.283045E-01 2.740581E-02 1.862008E-04 4.051762E+00 8.999454E+00 
1.733445E-01 4.117267E-03 3.058725E-01 1.816093E-01 -1.329486E+00 5.837679E-01 -1.225714E-01 9.850610E-01 2.797727E-02 6.384205E-04 4.222155E+00 1.014320E+01 
1.690189E-01 4.699827E-03 3.312841E-01 1.833915E-01 -1.424455E+00 5.744591E-01 -1.128368E-01 9.605472E-01 2.679551E-02 4.001822E-04 4.725181E+00 8.392315E+00 
1.666997E-01 5.397677E-03 3.268043E-01 1.777943E-01 -1.453169E+00 5.832711E-01 -1.630834E-01 9.566442E-01 2.850522E-02 6.370021E-04 4.159693E+00 9.168749E+00 
1.838147E-01 5.310964E-03 3.319420E-01 1.825856E-01 -1.294545E+00 5.930724E-01 -1.830216E-01 9.496522E-01 2.862288E-02 3.971653E-04 4.159524E+00 8.393446E+00 
1.785741E-01 5.449812E-03 3.401009E-01 1.782839E-01 -1.431164E+00 5.800631E-01 -1.113212E-01 9.531545E-01 2.887072E-02 9.803159E-04 3.983995E+00 8.780635E+00 
1.611446E-01 5.715691E-03 3.396638E-01 1.810420E-01 -1.421599E+00 5.808085E-01 -1.135778E-01 8.838067E-01 2.875197E-02 5.993886E-04 4.175519E+00 9.118137E+00 
1.713393E-01 5.560070E-03 3.499211E-01 1.801868E-01 -1.318169E+00 5.944654E-01 -1.392329E-01 9.325127E-01 2.838255E-02 6.111208E-04 4.064609E+00 8.649583E+00 
1.833188E-01 5.480281E-03 3.384904E-01 1.806844E-01 -1.379785E+00 5.954320E-01 -1.384912E-01 9.548697E-01 2.870426E-02 7.792711E-04 4.148117E+00 9.157553E+00 
1.701700E-01 4.546785E-03 3.312524E-01 1.768059E-01 -1.428129E+00 5.790851E-01 -1.642951E-01 9.478225E-01 2.790946E-02 3.692410E-04 4.055555E+00 8.949090E+00 
1.738303E-01 2.627092E-03 3.344632E-01 1.813103E-01 -1.342441E+00 5.676628E-01 -1.525711E-01 9.539869E-01 2.613728E-02 6.746536E-04 3.756880E+00 8.912757E+00 
1.714091E-01 5.087088E-03 3.057868E-01 1.801091E-01 -1.349372E+00 5.849237E-01 -1.216797E-01 9.572137E-01 2.820152E-02 1.057279E-03 4.317600E+00 9.253898E+00 
1.672622E-01 4.992748E-03 3.144540E-01 1.776859E-01 -1.387878E+00 5.782941E-01 -1.333353E-01 9.757455E-01 2.696087E-02 1.231167E-03 3.995550E+00 9.322212E+00 
1.646373E-01 5.278992E-03 3.042932E-01 1.834772E-01 -1.432024E+00 5.811431E-01 -1.205660E-01 9.765343E-01 2.805156E-02 6.971329E-04 4.235945E+00 8.646307E+00 
1.592687E-01 5.744260E-03 3.257085E-01 1.781850E-01 -1.374572E+00 5.846556E-01 -1.382964E-01 9.646940E-01 3.047467E-02 4.573905E-04 3.914704E+00 9.193908E+00 
1.720642E-01 4.053163E-03 3.216466E-01 1.821440E-01 -1.351997E+00 5.882915E-01 -1.311561E-01 9.625038E-01 2.561200E-02 6.462937E-04 4.193859E+00 9.120539E+00 
1.753576E-01 5.009638E-03 3.194016E-01 1.813831E-01 -1.357147E+00 5.868036E-01 -1.147691E-01 9.524675E-01 2.803111E-02 5.588182E-04 4.022557E+00 9.487904E+00 
1.752383E-01 4.514391E-03 3.713142E-01 1.770015E-01 -1.409666E+00 5.803888E-01 -1.719017E-01 9.586623E-01 2.789706E-02 1.224971E-03 4.490553E+00 8.569369E+00 
1.746898E-01 5.219243E-03 3.398529E-01 1.837131E-01 -1.351257E+00 5.892815E-01 -1.769662E-01 9.463987E-01 2.681692E-02 8.875094E-04 4.159400E+00 8.851274E+00 
1.789997E-01 4.705501E-03 3.200069E-01 1.796377E-01 -1.487163E+00 5.900243E-01 -1.392707E-01 9.569808E-01 2.656231E-02 6.363586E-04 3.773047E+00 8.290136E+00 
1.760023E-01 4.981001E-03 3.235865E-01 1.804426E-01 -1.336596E+00 5.888331E-01 -1.130536E-01 9.625693E-01 2.823740E-02 4.899345E-04 4.083832E+00 8.641995E+00 
1.968522E-01 4.460120E-03 2.997946E-01 1.796954E-01 -1.401849E+00 5.668010E-01 -9.955138E-02 9.675543E-01 2.674701E-02 5.734411E-04 4.162560E+00 8.649597E+00 
1.747242E-01 4.904501E-03 3.149585E-01 1.817342E-01 -1.417500E+00 5.821693E-01 -1.225621E-01 9.461116E-01 2.763788E-02 5.498669E-04 4.095097E+00 8.743053E+00 
1.593720E-01 5.520693E-03 3.150643E-01 1.782361E-01 -1.364120E+00 5.906935E-01 -1.309430E-01 1.028598E+00 2.782092E-02 2.007840E-03 4.294090E+00 7.651615E+00 
1.780516E-01 5.672598E-03 3.144464E-01 1.791758E-01 -1.350554E+00 5.754080E-01 -9.687429E-02 9.398426E-01 2.864152E-02 1.432176E-03 3.487962E+00 7.650302E+00 
1.718921E-01 4.511336E-03 3.256212E-01 1.812138E-01 -1.439579E+00 5.892259E-01 -1.813595E-01 9.597098E-01 2.834541E-02 7.108865E-04 4.158008E+00 8.556524E+00 
1.761662E-01 5.184367E-03 3.322064E-01 1.792326E-01 -1.344356E+00 5.912515E-01 -1.418331E-01 9.532826E-01 2.715245E-02 5.925220E-04 4.063060E+00 8.814801E+00 
1.776594E-01 4.131254E-03 3.201973E-01 1.789500E-01 -1.480656E+00 6.000000E-01 -1.437303E-01 9.526099E-01 2.878089E-02 5.748634E-04 4.450292E+00 8.977879E+00 
1.833907E-01 4.577495E-03 3.405127E-01 1.877470E-01 -1.511654E+00 5.902110E-01 -1.560969E-01 8.990794E-01 2.517021E-02 2.157995E-03 4.267726E+00 8.019832E+00 
1.811219E-01 5.154096E-03 3.205238E-01 1.784945E-01 -1.310927E+00 5.864732E-01 -1.685621E-01 9.699424E-01 2.580294E-02 1.748875E-03 3.956381E+00 9.063133E+00 
1.665275E-01 3.827455E-03 3.144123E-01 1.808124E-01 -1.454051E+00 5.924860E-01 -1.339604E-01 9.816085E-01 2.834211E-02 1.415810E-03 4.240887E+00 8.480332E+00 
1.661679E-01 4.041727E-03 3.213478E-01 1.849955E-01 -1.378273E+00 5.901234E-01 -1.314082E-01 9.599781E-01 2.715822E-02 1.729606E-03 4.232210E+00 9.071727E+00 
1.802755E-01 4.953629E-03 3.326580E-01 1.840489E-01 -1.399864E+00 5.889632E-01 -1.172350E-01 8.875520E-01 2.742382E-02 4.805460E-04 4.120363E+00 8.974199E+00 
1.721423E-01 4.963319E-03 3.400769E-01 1.826569E-01 -1.330145E+00 5.887128E-01 -1.306689E-01 9.572247E-01 2.783773E-02 3.319818E-04 4.512078E+00 8.904872E+00 
1.422328E-01 2.322842E-02 3.625408E-01 1.466960E-01 -1.392740E+00 4.563531E-01 -2.574932E-02 4.991291E-01 2.701562E-02 4.130219E-03 3.975804E+00 1.120636E+01 
1.887263E-01 5.326312E-03 3.041570E-01 1.810494E-01 -1.402155E+00 5.908292E-01 -1.977786E-01 9.324278E-01 2.598560E-02 1.240763E-03 4.093213E+00 8.616512E+00 
2.000000E-01 6.527247E-03 3.352389E-01 1.822201E-01 -1.426947E+00 5.835572E-01 -1.766540E-01 9.667206E-01 2.957911E-02 6.183486E-04 4.079895E+00 8.637456E+00 
1.653809E-01 5.509404E-03 3.304212E-01 1.812778E-01 -1.402549E+00 5.905055E-01 -1.169312E-01 9.339812E-01 2.656371E-02 6.755659E-04 3.889515E+00 8.557165E+00 
1.789346E-01 5.056045E-03 3.035291E-01 1.846197E-01 -1.358539E+00 5.820510E-01 -1.541044E-01 9.421039E-01 2.818736E-02 7.190703E-04 4.224435E+00 9.035249E+00 
1.740259E-01 5.492310E-03 3.462782E-01 1.814563E-01 -1.266167E+00 5.748090E-01 -1.586449E-01 9.195037E-01 2.808326E-02 7.779403E-04 4.025453E+00 8.989516E+00 
1.679790E-01 5.080976E-03 3.140714E-01 1.841622E-01 -1.325739E+00 5.888980E-01 -1.103529E-01 9.927910E-01 2.913162E-02 1.192191E-03 4.123110E+00 8.755362E+00 
1.634528E-01 9.290546E-03 3.060613E-01 1.830719E-01 -1.395628E+00 5.637074E-01 -1.054298E-01 9.561690E-01 2.848090E-02 7.237089E-04 4.056625E+00 9.241262E+00 
1.615972E-01 3.807714E-03 3.215555E-01 1.797891E-01 -1.441378E+00 5.816456E-01 -1.024524E-01 9.410360E-01 2.659772E-02 6.853469E-04 3.183015E+00 9.181799E+00 
1.673612E-01 5.317296E-03 3.211634E-01 1.849672E-01 -1.363578E+00 5.799117E-01 -1.339883E-01 9.117245E-01 2.743036E-02 8.141052E-04 3.976038E+00 8.151012E+00 
1.964119E-01 5.992677E-03 3.160609E-01 1.791803E-01 -1.333616E+00 5.981984E-01 -1.584434E-01 9.807614E-01 2.843364E-02 9.031111E-04 4.427545E+00 8.442695E+00 
1.729536E-01 3.969327E-03 3.258758E-01 1.816257E-01 -1.388433E+00 5.745506E-01 -1.155579E-01 1.005056E+00 2.806030E-02 4.382334E-04 4.184233E+00 8.931768E+00 
1.726853E-01 5.034915E-03 3.327367E-01 1.811618E-01 -1.368763E+00 5.887582E-01 -1.413012E-01 9.870848E-01 2.812798E-02 1.076847E-03 4.093300E+00 8.567419E+00 
1.770013E-01 4.883355E-03 3.206097E-01 1.817516E-01 -1.389314E+00 5.877589E-01 -1.216259E-01 9.255251E-01 3.100486E-02 1.899897E-04 3.527644E+00 9.536814E+00 
1.778505E-01 6.006452E-03 3.375201E-01 1.815005E-01 -1.398781E+00 5.822118E-01 -1.226466E-01 9.375023E-01 2.853394E-02 7.255524E-04 3.353770E+00 8.847344E+00 
1.723832E-01 7.168729E-03 3.264043E-01 1.811885E-01 -1.345181E+00 5.862489E-01 -1.215650E-01 9.718042E-01 2.757104E-02 8.680693E-04 4.172696E+00 8.980672E+00 
1.721457E-01 4.697019E-03 3.233393E-01 1.842144E-01 -1.376876E+00 5.897669E-01 -1.127192E-01 9.912693E-01 3.001977E-02 6.508568E-04 3.890167E+00 8.511871E+00 
1.720362E-01 4.681792E-03 3.451718E-01 1.824374E-01 -1.394065E+00 5.976302E-01 -1.391467E-01 9.083069E-01 2.781088E-02 1.191617E-03 4.438983E+00 9.334252E+00 
1.848676E-01 4.956169E-03 3.325096E-01 1.816899E-01 -1.357820E+00 5.843617E-01 -1.652339E-01 8.853330E-01 2.836657E-02 6.696185E-04 4.212929E+00 8.772874E+00 
1.772209E-01 4.550563E-03 3.311328E-01 1.832310E-01 -1.362944E+00 5.919280E-01 -1.412654E-01 9.606809E-01 2.724183E-02 7.738892E-04 4.146525E+00 8.534814E+00 
1.730609E-01 6.252293E-03 3.544069E-01 1.816477E-01 -1.394725E+00 5.906781E-01 -1.892983E-01 9.129365E-01 2.738295E-02 3.335033E-04 4.104371E+00 9.078785E+00 
1.687065E-01 5.071565E-03 3.405466E-01 1.795903E-01 -1.431514E+00 5.775052E-01 -1.289058E-01 9.078710E-01 2.643149E-02 1.142036E-03 4.097023E+00 9.066544E+00 
1.649157E-01 5.157960E-03 3.298689E-01 1.745657E-01 -1.408633E+00 5.886422E-01 -1.336538E-01 1.001140E+00 2.765491E-02 8.735918E-04 4.057096E+00 8.200451E+00 
1.489228E-01 6.507860E-03 3.242005E-01 1.780259E-01 -1.393918E+00 5.844305E-01 -1.151476E-01 9.802667E-01 2.787407E-02 7.325036E-04 3.965659E+00 8.836975E+00 
1.654523E-01 6.250731E-03 3.183960E-01 1.809963E-01 -1.443861E+00 5.903132E-01 -1.635759E-01 9.182852E-01 2.850950E-02 1.134445E-03 4.278221E+00 9.051878E+00 
1.679557E-01 4.841950E-03 3.260716E-01 1.818869E-01 -1.343379E+00 5.866875E-01 -7.451801E-02 8.520495E-01 2.905863E-02 6.548117E-04 4.254277E+00 9.048707E+00 
1.710111E-01 4.767409E-03 3.267540E-01 1.819393E-01 -1.366949E+00 5.780287E-01 -1.380782E-01 9.542286E-01 2.864131E-02 5.060285E-04 4.040423E+00 8.818357E+00 
1.707077E-01 5.435678E-03 3.178890E-01 1.771066E-01 -1.381447E+00 5.775586E-01 -1.271930E-01 9.589794E-01 2.897292E-02 5.006214E-04 4.210641E+00 8.672618E+00 
1.780451E-01 4.419466E-03 3.294820E-01 1.797301E-01 -1.341293E+00 5.831637E-01 -1.256917E-01 9.685129E-01 2.859241E-02 1.172190E-03 4.137807E+00 8.878967E+00 
1.831084E-01 5.577281E-03 3.155222E-01 1.801895E-01 -1.368375E+00 5.846178E-01 -1.474406E-01 9.358848E-01 2.803804E-02 6.379623E-04 4.200686E+00 8.994532E+00 
1.357646E-01 3.937461E-03 3.087721E-01 1.800952E-01 -1.370115E+00 5.810594E-01 -1.336464E-01 9.373138E-01 2.834581E-02 8.349077E-04 3.733914E+00 8.985360E+00 
1.656773E-01 4.964502E-03 3.163505E-01 1.840488E-01 -1.406550E+00 5.939475E-01 -1.257057E-01 9.692425E-01 2.684314E-02 1.038592E-03 4.644610E+00 9.010921E+00 
1.659292E-01 4.420760E-03 3.380382E-01 1.828248E-01 -1.420001E+00 5.895597E-01 -1.548085E-01 9.546730E-01 2.620492E-02 9.500841E-04 4.284100E+00 8.796993E+00 
1.791562E-01 5.662081E-03 3.325761E-01 1.823575E-01 -1.432470E+00 5.863062E-01 -1.494031E-01 9.539924E-01 2.754807E-02 1.041289E-03 4.039907E+00 8.673981E+00 
1.822802E-01 4.511135E-03 3.306455E-01 1.821687E-01 -1.332672E+00 5.815127E-01 -1.333515E-01 9.266491E-01 2.741821E-02 1.110245E-03 4.081073E+00 8.782841E+00 
1.816609E-01 7.471783E-03 3.306811E-01 1.832932E-01 -1.415558E+00 5.857635E-01 -1.972016E-01 9.476583E-01 2.648911E-02 9.087170E-04 3.623010E+00 8.351319E+00 
1.686232E-01 5.054231E-03 3.179833E-01 1.819817E-01 -1.374996E+00 5.850594E-01 -1.138176E-01 9.373992E-01 2.715462E-02 7.287917E-05 3.909125E+00 8.536638E+00 
1.701351E-01 4.588253E-03 3.360715E-01 1.806628E-01 -1.423503E+00 5.859032E-01 -1.505240E-01 9.351434E-01 2.820498E-02 1.164476E-03 4.057989E+00 8.194501E+00 
1.453899E-01 5.593851E-03 3.406824E-01 1.783569E-01 -1.468406E+00 5.931526E-01 -1.655603E-01 9.487485E-01 2.780102E-02 9.528431E-04 4.158544E+00 9.128133E+00 
1.689592E-01 6.756759E-03 3.320304E-01 1.827112E-01 -1.435026E+00 5.744786E-01 -1.097297E-01 9.100722E-01 2.695032E-02 6.448004E-04 4.445264E+00 8.621446E+00 
1.713587E-01 4.748820E-03 3.337433E-01 1.802257E-01 -1.456671E+00 5.825484E-01 -1.120401E-01 9.920141E-01 2.699712E-02 3.713624E-04 4.301775E+00 8.339016E+00 
1.669728E-01 4.917407E-03 3.312970E-01 1.826377E-01 -1.345638E+00 5.944673E-01 -1.251904E-01 9.812043E-01 2.760599E-02 1.210397E-03 4.070831E+00 9.019629E+00 
1.549060E-01 4.832819E-03 3.251391E-01 1.803573E-01 -1.428937E+00 5.799159E-01 -1.498592E-01 8.871767E-01 2.802685E-02 5.809441E-04 4.235136E+00 8.967232E+00 
1.552249E-01 6.742955E-03 3.147258E-01 1.730240E-01 -1.469640E+00 5.833813E-01 -1.486697E-01 9.136878E-01 2.713769E-02 1.012223E-03 4.017435E+00 8.336679E+00 
1.664498E-01 5.823908E-03 3.288531E-01 1.825361E-01 -1.295990E+00 5.891025E-01 -1.514342E-01 9.490918E-01 2.632880E-02 8.881129E-04 4.178429E+00 8.932191E+00 
1.813408E-01 5.354155E-03 3.237580E-01 1.802564E-01 -1.399605E+00 5.844490E-01 -1.160738E-01 9.594742E-01 2.468042E-02 7.988027E-04 4.161102E+00 8.569139E+00 
1.734660E-01 4.867422E-03 3.472222E-01 1.826105E-01 -1.438509E+00 5.936270E-01 -1.375967E-01 9.521952E-01 2.695115E-02 1.013685E-03 4.335970E+00 8.753236E+00 
1.719001E-01 4.527525E-03 3.177761E-01 1.811021E-01 -1.340905E+00 5.873052E-01 -1.470103E-01 8.534910E-01 2.580511E-02 6.931396E-04 4.152770E+00 8.795231E+00 
1.740796E-01 5.251219E-03 3.206143E-01 1.829832E-01 -1.379082E+00 5.843787E-01 -1.260112E-01 9.718413E-01 3.003334E-02 7.767776E-04 4.062417E+00 9.151189E+00 
1.814433E-01 4.958973E-03 3.273489E-01 1.833824E-01 -1.354913E+00 5.851043E-01 -1.673935E-01 9.177535E-01 2.752398E-02 8.280236E-04 4.211829E+00 8.616799E+00 
1.758882E-01 5.782186E-03 3.570382E-01 1.802610E-01 -1.454905E+00 5.886774E-01 -1.631209E-01 8.787497E-01 2.701702E-02 1.086134E-03 4.328032E+00 1.029543E+01 
1.782551E-01 6.326714E-03 3.295327E-01 1.825769E-01 -1.368861E+00 5.845617E-01 -1.423740E-01 9.671347E-01 2.694342E-02 7.327677E-04 3.883130E+00 8.258842E+00 
1.626082E-01 5.720457E-03 3.381713E-01 1.752052E-01 -1.566096E+00 5.913561E-01 -9.587610E-02 9.727300E-01 2.765019E-02 8.303493E-04 4.268168E+00 1.012052E+01 
1.822822E-01 3.739310E-03 3.367627E-01 1.871508E-01 -1.346115E+00 5.840993E-01 -1.768792E-01 9.653691E-01 2.739475E-02 8.151327E-04 4.202783E+00 9.017074E+00 
1.741767E-01 4.694792E-03 3.238817E-01 1.785860E-01 -1.434202E+00 5.892172E-01 -1.092578E-01 9.705457E-01 2.808944E-02 1.709661E-04 4.051784E+00 8.512816E+00 
1.900529E-01 5.802878E-03 3.228524E-01 1.862506E-01 -1.395485E+00 5.949775E-01 -1.543373E-01 9.586572E-01 2.735830E-02 1.134015E-03 3.907808E+00 8.552144E+00 
1.679632E-01 4.338716E-03 3.341535E-01 1.772628E-01 -1.340395E+00 5.830653E-01 -1.269291E-01 9.598795E-01 2.698781E-02 3.596523E-03 4.265700E+00 9.060081E+00 
1.707924E-01 4.598436E-03 3.512441E-01 1.786028E-01 -1.456377E+00 5.799083E-01 -1.203105E-01 9.347858E-01 2.775736E-02 5.096669E-04 4.111557E+00 8.812503E+00 
1.755533E-01 8.652187E-03 3.339551E-01 1.841462E-01 -1.462152E+00 5.920674E-01 -1.388137E-01 9.636867E-01 2.813912E-02 8.932577E-04 3.955549E+00 8.620817E+00 
1.691507E-01 4.287880E-03 3.425448E-01 1.824820E-01 -1.413900E+00 5.888868E-01 -1.176742E-01 9.426654E-01 2.775827E-02 6.842072E-04 4.192050E+00 8.977390E+00 
1.677312E-01 5.305145E-03 3.289822E-01 1.852430E-01 -1.309642E+00 5.770084E-01 -1.039808E-01 8.793927E-01 2.814092E-02 8.774359E-04 4.106422E+00 8.498099E+00 
1.858575E-01 5.161829E-03 3.415214E-01 1.848986E-01 -1.393161E+00 5.723824E-01 -1.261351E-01 8.646842E-01 2.664844E-02 4.176497E-04 4.098755E+00 7.460754E+00 
1.665659E-01 6.763032E-03 3.284822E-01 1.821886E-01 -1.330520E+00 5.896288E-01 -1.173365E-01 9.156669E-01 2.778807E-02 7.488385E-04 4.228712E+00 8.816837E+00 
1.708449E-01 4.084132E-03 3.217157E-01 1.806235E-01 -1.408211E+00 5.837745E-01 -1.266239E-01 9.700215E-01 2.731660E-02 8.587245E-04 4.111770E+00 8.500058E+00 
1.689122E-01 5.125078E-03 3.350304E-01 1.826184E-01 -1.331392E+00 5.914001E-01 -1.387614E-01 9.414840E-01 2.613244E-02 6.303696E-04 4.145987E+00 9.268908E+00 
1.566162E-01 6.414200E-03 3.362967E-01 1.812462E-01 -1.388236E+00 5.730048E-01 -1.710888E-01 9.438452E-01 2.910314E-02 9.759973E-04 4.022038E+00 8.706924E+00 
1.646987E-01 4.084983E-03 3.337871E-01 1.827503E-01 -1.373026E+00 5.793306E-01 -1.505563E-01 9.067080E-01 2.597583E-02 7.651052E-04 3.995694E+00 9.192510E+00 
1.774550E-01 2.485179E-03 3.117139E-01 1.817332E-01 -1.374760E+00 5.856608E-01 -1.214678E-01 9.376040E-01 2.940829E-02 1.038723E-03 4.173930E+00 8.028149E+00 
1.768337E-01 5.030471E-03 3.180905E-01 1.788470E-01 -1.372939E+00 5.935400E-01 -1.196256E-01 9.603652E-01 2.693703E-02 5.006442E-04 4.264510E+00 8.310623E+00 
1.568860E-01 5.380810E-03 3.399193E-01 1.802948E-01 -1.399669E+00 5.816143E-01 -1.745765E-01 9.359761E-01 3.017820E-02 1.621412E-03 3.956248E+00 8.284802E+00 
1.783907E-01 6.239589E-03 3.277552E-01 1.817303E-01 -1.359365E+00 5.980250E-01 -1.664087E-01 9.469115E-01 2.737150E-02 6.233884E-04 3.892558E+00 8.252456E+00 
1.733521E-01 4.785954E-03 2.999145E-01 1.843017E-01 -1.372465E+00 5.843553E-01 -1.363424E-01 9.536169E-01 2.963064E-02 7.762881E-04 3.923245E+00 9.200560E+00 
1.681374E-01 3.767120E-03 3.356237E-01 1.814820E-01 -1.396179E+00 5.819125E-01 -1.444023E-01 9.661425E-01 2.694205E-02 8.240165E-04 4.268720E+00 8.498333E+00 
1.719508E-01 5.414230E-03 3.369813E-01 1.723302E-01 -1.429238E+00 5.863676E-01 -1.258676E-01 9.674797E-01 2.827691E-02 2.037483E-03 4.164300E+00 1.195320E+01 
1.657043E-01 4.029375E-03 3.394567E-01 1.816697E-01 -1.477502E+00 5.671860E-01 -1.253185E-01 9.442494E-01 2.735868E-02 5.479985E-04 4.107345E+00 9.006427E+00 
1.688193E-01 4.590984E-03 3.089608E-01 1.824556E-01 -1.330068E+00 5.776006E-01 -1.109280E-01 9.797193E-01 2.830173E-02 6.747254E-04 4.258728E+00 8.740266E+00 
1.683614E-01 4.751347E-03 3.291803E-01 1.805626E-01 -1.431576E+00 5.794119E-01 -9.156322E-02 9.453266E-01 2.670642E-02 9.130057E-04 3.974837E+00 9.131957E+00 
1.848046E-01 5.622134E-03 3.271021E-01 1.865389E-01 -1.378966E+00 5.866264E-01 -1.242623E-01 9.717215E-01 2.680243E-02 2.278988E-03 4.259967E+00 8.694461E+00 
1.716794E-01 5.175079E-03 3.080719E-01 1.815544E-01 -1.538161E+00 5.863203E-01 -1.576080E-01 9.243365E-01 2.626812E-02 6.804635E-04 4.181124E+00 9.244784E+00 
