1.744173E-01 4.029576E-03 3.328963E-01 1.812270E-01 -1.425696E+00 5.874676E-01 -1.630042E-01 9.582164E-01 2.782217E-02 8.604188E-04 4.259191E+00 8.541230E+00 
1.807144E-01 4.228931E-03 3.347813E-01 1.911496E-01 -1.370337E+00 6.000000E-01 -1.481830E-01 9.620928E-01 3.304998E-02 9.582385E-04 4.402741E+00 9.242232E+00 
1.781971E-01 4.427131E-03 3.318807E-01 1.835023E-01 -1.412061E+00 5.859315E-01 -1.337810E-01 9.649722E-01 2.716079E-02 9.619229E-04 4.295813E+00 8.935196E+00 
1.804494E-01 4.498768E-03 3.526550E-01 1.839731E-01 -1.442632E+00 5.584688E-01 -1.721108E-01 9.226410E-01 2.789360E-02 1.542117E-03 4.149794E+00 9.759893E+00 
1.854240E-01 5.033400E-03 2.994757E-01 1.911791E-01 -1.414382E+00 5.885422E-01 -1.172916E-01 9.368213E-01 2.564227E-02 4.133149E-04 4.037767E+00 8.838312E+00 
1.686252E-01 4.171520E-03 3.421028E-01 1.794040E-01 -1.383212E+00 5.871462E-01 -1.562332E-01 9.752886E-01 2.783487E-02 4.815047E-04 3.789691E+00 8.880128E+00 
1.734082E-01 4.582645E-03 3.273951E-01 1.793050E-01 -1.338371E+00 5.847412E-01 -1.301185E-01 9.703436E-01 2.758446E-02 3.622803E-04 4.536973E+00 8.677447E+00 
1.918026E-01 4.697620E-03 3.455460E-01 1.843757E-01 -1.370587E+00 5.879440E-01 -1.592032E-01 9.457187E-01 2.673947E-02 6.575079E-04 4.229615E+00 8.074447E+00 
1.795800E-01 5.197354E-03 3.451496E-01 1.790503E-01 -1.363721E+00 5.872208E-01 -1.327107E-01 9.309326E-01 2.683749E-02 1.166614E-03 3.637467E+00 1.004031E+01 
1.777784E-01 5.597467E-03 3.306948E-01 1.864258E-01 -1.369419E+00 5.772447E-01 -1.265347E-01 8.892665E-01 2.585357E-02 4.114540E-04 4.209364E+00 8.724657E+00 
1.747269E-01 3.109855E-03 3.294104E-01 1.809125E-01 -1.388037E+00 5.925047E-01 -1.238087E-01 9.536853E-01 2.690292E-02 1.153967E-03 3.982584E+00 9.217865E+00 
1.578287E-01 4.552675E-03 3.534612E-01 1.807355E-01 -1.524054E+00 5.894136E-01 -1.054822E-01 9.675451E-01 2.914945E-02 1.529385E-03 3.961516E+00 9.149710E+00 
1.800356E-01 4.865963E-03 3.210216E-01 1.811580E-01 -1.393530E+00 5.867970E-01 -1.215055E-01 9.749377E-01 2.753345E-02 7.684517E-04 4.270028E+00 8.901682E+00 
1.923949E-01 4.519460E-03 3.327647E-01 1.855883E-01 -1.398370E+00 5.943925E-01 -1.700667E-01 8.877953E-01 2.442315E-02 8.315765E-04 4.352567E+00 8.503385E+00 
1.844791E-01 6.491398E-03 3.102736E-01 1.791074E-01 -1.398790E+00 5.913070E-01 -1.324917E-01 9.461532E-01 2.763903E-02 4.455215E-04 4.101897E+00 9.076165E+00 
1.825323E-01 5.983604E-03 3.030849E-01 1.827806E-01 -1.262548E+00 5.544385E-01 -1.232895E-01 9.814254E-01 2.834180E-02 3.177110E-04 4.099796E+00 8.110948E+00 
1.674916E-01 3.557997E-03 3.385502E-01 1.820733E-01 -1.472226E+00 5.977179E-01 -1.406535E-01 8.733603E-01 2.744555E-02 6.257057E-04 3.955417E+00 9.230107E+00 
1.786839E-01 4.136448E-03 3.348986E-01 1.848454E-01 -1.440746E+00 5.757856E-01 -1.400857E-01 1.006128E+00 2.754467E-02 1.122164E-03 4.071604E+00 9.163064E+00 
1.750761E-01 4.722677E-03 3.273753E-01 1.851832E-01 -1.422656E+00 5.938253E-01 -1.426668E-01 9.313741E-01 2.710511E-02 8.696225E-04 4.207796E+00 8.817229E+00 
1.701148E-01 7.463720E-03 3.121613E-01 1.769357E-01 -1.351831E+00 5.673188E-01 -1.627406E-01 9.834099E-01 2.760666E-02 6.831988E-04 4.711499E+00 8.161156E+00 
1.841879E-01 5.707413E-03 3.276939E-01 1.813519E-01 -1.393177E+00 5.887674E-01 -1.992203E-01 9.559385E-01 2.726400E-02 7.241667E-04 4.155351E+00 8.948825E+00 
1.793331E-01 3.763590E-03 3.204360E-01 1.787675E-01 -1.397776E+00 5.934037E-01 -1.570793E-01 9.723772E-01 2.700634E-02 1.194551E-03 4.112348E+00 8.940211E+00 
1.711215E-01 4.723224E-03 3.047396E-01 1.844618E-01 -1.310661E+00 5.783129E-01 -1.215281E-01 9.918332E-01 2.805188E-02 4.283222E-04 3.977691E+00 8.025307E+00 
1.788449E-01 1.701105E-03 3.429936E-01 1.779921E-01 -1.477238E+00 5.885609E-01 -1.810358E-01 9.889202E-01 2.711903E-02 5.351887E-04 4.053415E+00 8.418640E+00 
1.871866E-01 5.190302E-03 3.257024E-01 1.855226E-01 -1.439174E+00 5.859487E-01 -1.191152E-01 9.484518E-01 2.722607E-02 1.879257E-04 4.105336E+00 8.579387E+00 
1.656734E-01 7.052581E-03 3.246222E-01 1.812202E-01 -1.374699E+00 5.890128E-01 -1.133812E-01 1.012927E+00 3.150581E-02 2.392964E-04 3.952014E+00 8.523408E+00 
1.708437E-01 7.062558E-03 3.442701E-01 1.799632E-01 -1.362034E+00 5.901351E-01 -1.221227E-01 9.294931E-01 2.794776E-02 8.007734E-04 4.131563E+00 8.810516E+00 
1.750456E-01 5.284548E-03 3.125868E-01 1.793189E-01 -1.420782E+00 5.770399E-01 -1.280886E-01 9.441503E-01 2.899514E-02 1.155186E-03 4.066199E+00 9.025293E+00 
1.717734E-01 5.662895E-03 3.156792E-01 1.791896E-01 -1.406319E+00 5.831721E-01 -1.290707E-01 9.659803E-01 2.774606E-02 5.195016E-04 4.023957E+00 8.524694E+00 
1.657197E-01 4.547853E-03 3.253478E-01 1.836237E-01 -1.355752E+00 5.867035E-01 -1.187059E-01 9.478937E-01 2.849092E-02 5.789051E-04 4.089085E+00 8.518509E+00 
1.789208E-01 5.938922E-03 3.360793E-01 1.831315E-01 -1.388542E+00 5.873128E-01 -1.803587E-01 9.268491E-01 2.727683E-02 7.292867E-04 4.330150E+00 9.045123E+00 
1.762653E-01 6.254636E-03 3.375611E-01 1.873706E-01 -1.368152E+00 5.892547E-01 -1.395925E-01 9.205882E-01 2.858664E-02 6.462255E-04 4.369467E+00 8.283678E+00 
1.689403E-01 6.274591E-03 3.359594E-01 1.875167E-01 -1.311441E+00 5.913708E-01 -1.477450E-01 8.638870E-01 2.881333E-02 7.673058E-04 3.890026E+00 9.003989E+00 
1.756125E-01 4.830423E-03 3.382250E-01 1.849051E-01 -1.426112E+00 6.000000E-01 -1.402603E-01 9.400456E-01 2.740348E-02 7.744185E-04 4.457229E+00 9.170225E+00 
1.737563E-01 6.153721E-03 3.305095E-01 1.798303E-01 -1.454115E+00 5.884371E-01 -1.101913E-01 1.003913E+00 2.933899E-02 1.810070E-04 3.878821E+00 8.645983E+00 
1.835469E-01 5.224761E-03 3.331959E-01 1.797582E-01 -1.380407E+00 5.791661E-01 -1.452517E-01 9.569166E-01 2.905620E-02 7.674948E-04 4.266395E+00 8.419768E+00 
1.719273E-01 4.431397E-03 3.386915E-01 1.807278E-01 -1.490957E+00 5.908672E-01 -1.459342E-01 9.682430E-01 2.696284E-02 1.520517E-03 4.599322E+00 9.027348E+00 
1.489784E-01 4.165707E-03 3.304480E-01 1.796521E-01 -1.436476E+00 5.908193E-01 -1.432539E-01 9.311751E-01 2.964397E-02 1.013228E-03 3.896427E+00 9.393732E+00 
1.858314E-01 4.916385E-03 3.213691E-01 1.817301E-01 -1.380501E+00 5.821876E-01 -1.478146E-01 9.540040E-01 2.622045E-02 5.067493E-04 4.150578E+00 9.062113E+00 
1.745875E-01 6.018033E-03 3.527257E-01 1.827693E-01 -1.453568E+00 5.897187E-01 -1.436285E-01 9.432362E-01 2.686679E-02 7.161714E-04 4.290946E+00 8.835026E+00 
1.476832E-01 6.826061E-03 3.501352E-01 1.761013E-01 -1.333616E+00 5.548106E-01 -1.662955E-01 9.829268E-01 2.949738E-02 2.717405E-03 4.137724E+00 1.011495E+01 
1.827912E-01 5.567459E-03 3.463870E-01 1.798217E-01 -1.429002E+00 5.870366E-01 -1.782192E-01 9.656860E-01 2.595198E-02 1.009383E-03 4.384471E+00 8.077418E+00 
1.903332E-01 3.830164E-03 3.704756E-01 1.787217E-01 -1.459780E+00 5.901351E-01 -1.656276E-01 9.777677E-01 2.730866E-02 7.289463E-04 4.476698E+00 8.742028E+00 
1.764015E-01 4.503017E-03 3.252218E-01 1.806661E-01 -1.520987E+00 5.729416E-01 -1.423032E-01 9.770790E-01 2.600150E-02 2.281463E-04 3.966781E+00 8.197750E+00 
1.787617E-01 4.539392E-03 3.259088E-01 1.815196E-01 -1.344872E+00 5.855185E-01 -1.183397E-01 9.260074E-01 2.793700E-02 8.357755E-04 4.257037E+00 8.631297E+00 
1.702181E-01 5.046147E-03 3.267983E-01 1.805308E-01 -1.363386E+00 5.918016E-01 -1.379300E-01 9.571154E-01 2.694572E-02 5.672059E-04 4.316304E+00 8.779923E+00 
1.782509E-01 4.741045E-03 3.315683E-01 1.868264E-01 -1.471528E+00 5.915653E-01 -1.417188E-01 9.257649E-01 2.596040E-02 8.092217E-04 4.360804E+00 8.842404E+00 
1.667865E-01 3.508588E-03 3.498351E-01 1.880276E-01 -1.543550E+00 5.908760E-01 -1.449208E-01 9.179980E-01 2.587664E-02 8.122780E-04 4.123044E+00 9.189359E+00 
1.696010E-01 8.757499E-03 3.367317E-01 1.787286E-01 -1.476219E+00 4.820019E-01 -1.968733E-01 9.191085E-01 2.649447E-02 7.091913E-04 4.000694E+00 8.453256E+00 
1.750661E-01 5.713414E-03 3.446632E-01 1.832628E-01 -1.408644E+00 5.837848E-01 -1.428148E-01 8.899595E-01 2.708896E-02 1.065813E-03 4.038675E+00 9.183660E+00 
1.752083E-01 5.517040E-03 3.283276E-01 1.809437E-01 -1.354606E+00 5.888088E-01 -1.802229E-01 9.478744E-01 3.047507E-02 8.505128E-04 3.239166E+00 1.001152E+01 
1.849793E-01 4.053847E-03 3.211168E-01 1.803880E-01 -1.428922E+00 5.843050E-01 -1.234377E-01 1.003761E+00 2.797438E-02 2.776303E-04 3.860449E+00 8.208587E+00 
1.664331E-01 4.048956E-03 3.315026E-01 1.810111E-01 -1.409594E+00 5.924973E-01 -1.450908E-01 9.736998E-01 2.751907E-02 1.587918E-03 4.080977E+00 8.672889E+00 
1.817037E-01 5.522052E-03 3.292917E-01 1.764454E-01 -1.301745E+00 5.869552E-01 -1.757430E-01 1.016403E+00 2.606740E-02 1.192867E-03 3.902013E+00 8.820000E+00 
1.725204E-01 4.799452E-03 3.320576E-01 1.823367E-01 -1.442481E+00 5.855350E-01 -1.204596E-01 9.170447E-01 2.898186E-02 9.981507E-04 4.138537E+00 8.608747E+00 
1.516022E-01 4.074721E-03 3.318125E-01 1.813291E-01 -1.391726E+00 5.729809E-01 -1.249762E-01 9.315883E-01 2.839108E-02 6.492650E-04 3.643189E+00 8.204219E+00 
1.893143E-01 6.542854E-03 3.249606E-01 1.813765E-01 -1.437354E+00 5.816842E-01 -1.166213E-01 9.403675E-01 2.669495E-02 9.991173E-04 4.255727E+00 9.067368E+00 
1.726937E-01 5.858764E-03 3.549869E-01 1.817054E-01 -1.398080E+00 5.929483E-01 -1.049259E-01 9.571075E-01 2.698433E-02 4.741672E-04 4.220808E+00 8.743814E+00 
1.736857E-01 5.088087E-03 3.321594E-01 1.827994E-01 -1.344060E+00 5.979398E-01 -1.514417E-01 9.489275E-01 3.060299E-02 3.814389E-04 3.851034E+00 8.501368E+00 
1.729508E-01 5.112023E-03 3.423540E-01 1.826568E-01 -1.409835E+00 5.881718E-01 -1.601422E-01 9.968507E-01 2.691889E-02 8.270468E-04 4.115885E+00 8.695614E+00 
1.775600E-01 4.746396E-03 3.416096E-01 1.822883E-01 -1.365876E+00 5.992551E-01 -1.412953E-01 8.951794E-01 2.628381E-02 3.427548E-04 3.955175E+00 9.245886E+00 
1.716240E-01 5.211926E-03 3.235189E-01 1.831630E-01 -1.393554E+00 5.747876E-01 -1.258729E-01 9.946660E-01 2.757890E-02 6.973735E-04 4.042932E+00 8.893747E+00 
1.795844E-01 5.016014E-03 3.271075E-01 1.823218E-01 -1.392967E+00 5.633032E-01 -1.186336E-01 9.373795E-01 2.839558E-02 8.582997E-04 4.292876E+00 9.068553E+00 
1.690841E-01 4.302115E-03 3.131623E-01 1.768683E-01 -1.403245E+00 5.766525E-01 -1.318498E-01 9.928152E-01 2.684254E-02 2.322067E-04 4.051712E+00 9.083964E+00 
1.890380E-01 5.599169E-03 3.048069E-01 1.814828E-01 -1.362348E+00 5.863725E-01 -1.438602E-01 9.597647E-01 2.934620E-02 9.542891E-04 4.194654E+00 8.981538E+00 
1.877396E-01 5.233653E-03 3.159464E-01 1.884916E-01 -1.417058E+00 5.863945E-01 -1.477024E-01 9.487848E-01 2.760399E-02 1.160811E-03 4.271120E+00 8.757416E+00 
1.705015E-01 4.823992E-03 3.311687E-01 1.840080E-01 -1.338100E+00 5.851273E-01 -1.437893E-01 9.687489E-01 2.717372E-02 6.466809E-04 4.264948E+00 8.365784E+00 
1.766477E-01 4.853825E-03 3.278666E-01 1.848995E-01 -1.392423E+00 5.937380E-01 -1.208264E-01 9.825154E-01 2.735966E-02 6.709872E-04 4.389551E+00 9.125354E+00 
1.683098E-01 4.579773E-03 3.052129E-01 1.841611E-01 -1.459676E+00 5.853094E-01 -1.066262E-01 1.033107E+00 2.877592E-02 7.202015E-04 4.203270E+00 8.742640E+00 
1.603397E-01 5.864235E-03 3.428032E-01 1.729603E-01 -1.404772E+00 5.830728E-01 -1.071507E-01 1.038517E+00 2.659477E-02 4.074787E-03 4.190901E+00 1.140272E+01 
1.824119E-01 4.864307E-03 3.216966E-01 1.792141E-01 -1.379382E+00 5.835805E-01 -1.521407E-01 9.557409E-01 2.773678E-02 5.505876E-04 3.942389E+00 7.983121E+00 
1.698022E-01 4.162576E-03 3.073788E-01 1.820743E-01 -1.444282E+00 5.865903E-01 -1.130037E-01 9.318947E-01 2.725883E-02 8.790694E-04 4.403246E+00 9.081059E+00 
1.667756E-01 4.595564E-03 3.386436E-01 1.804543E-01 -1.430992E+00 5.902509E-01 -1.273906E-01 1.014246E+00 2.888699E-02 1.221013E-03 4.043213E+00 8.499219E+00 
1.626363E-01 6.566054E-03 3.280562E-01 1.791584E-01 -1.344113E+00 5.884667E-01 -1.459500E-01 1.015356E+00 2.669039E-02 8.731349E-04 3.870667E+00 1.007855E+01 
1.842709E-01 4.932080E-03 3.224871E-01 1.845095E-01 -1.319290E+00 5.835764E-01 -1.297619E-01 9.593007E-01 2.804088E-02 1.086686E-03 4.199920E+00 8.481541E+00 
1.631042E-01 5.365594E-03 3.253401E-01 1.877505E-01 -1.401765E+00 5.979716E-01 -1.432292E-01 9.550041E-01 3.023078E-02 6.869046E-04 4.274257E+00 8.218374E+00 
1.760713E-01 4.922936E-03 3.121853E-01 1.811083E-01 -1.423610E+00 5.797429E-01 -1.103876E-01 9.086974E-01 2.906424E-02 5.505560E-04 3.999779E+00 9.271682E+00 
1.765884E-01 4.686694E-03 3.388435E-01 1.886306E-01 -1.357005E+00 5.917826E-01 -1.525352E-01 9.771090E-01 2.790996E-02 1.081848E-03 4.170720E+00 8.107167E+00 
1.636285E-01 5.372836E-03 3.194042E-01 1.807327E-01 -1.389587E+00 5.847029E-01 -1.293784E-01 1.009499E+00 2.915782E-02 6.384985E-04 3.953643E+00 8.845016E+00 
1.690301E-01 5.647414E-03 3.144091E-01 1.813012E-01 -1.343180E+00 5.860581E-01 -1.071236E-01 9.641930E-01 2.737274E-02 8.548176E-04 4.179308E+00 9.115209E+00 
1.690817E-01 5.882496E-03 3.075845E-01 1.776059E-01 -1.358626E+00 5.843303E-01 -1.734628E-01 9.372567E-01 2.849423E-02 1.133452E-03 4.246182E+00 8.658526E+00 
1.798628E-01 6.039554E-03 3.435045E-01 1.789195E-01 -1.388092E+00 5.886949E-01 -1.745411E-01 9.573423E-01 2.635501E-02 1.843106E-04 4.126197E+00 8.438957E+00 
1.739210E-01 6.748468E-03 3.224291E-01 1.803382E-01 -1.467945E+00 5.767505E-01 -9.383353E-02 9.238182E-01 2.825815E-02 7.884161E-04 4.273432E+00 8.858167E+00 
1.695686E-01 4.635215E-03 3.359070E-01 1.818755E-01 -1.631116E+00 5.902649E-01 -1.499058E-01 9.368331E-01 2.628579E-02 8.534518E-04 4.552941E+00 8.452013E+00 
1.681566E-01 3.731669E-03 3.329289E-01 1.813013E-01 -1.377295E+00 5.863508E-01 -1.261012E-01 9.721373E-01 2.818499E-02 4.093543E-04 4.019491E+00 8.110252E+00 
1.739946E-01 3.633786E-03 3.133061E-01 1.831742E-01 -1.351232E+00 5.801312E-01 -1.023231E-01 8.535179E-01 2.789786E-02 1.415964E-03 4.292866E+00 9.103114E+00 
1.743615E-01 5.558490E-03 3.211930E-01 1.836147E-01 -1.439819E+00 5.828641E-01 -1.492257E-01 9.432723E-01 2.773429E-02 5.007855E-04 4.139852E+00 8.899008E+00 
1.861557E-01 5.495849E-03 3.229478E-01 1.810236E-01 -1.424613E+00 5.885342E-01 -1.153803E-01 9.805161E-01 2.710527E-02 6.676072E-04 4.136786E+00 8.760941E+00 
2.000000E-01 6.797487E-04 3.222965E-01 1.845959E-01 -1.405053E+00 6.000000E-01 -1.521392E-01 1.001874E+00 2.546209E-02 2.657161E-03 4.016462E+00 5.694668E+00 
1.667288E-01 5.607710E-03 3.128672E-01 1.822039E-01 -1.284816E+00 5.798950E-01 -1.342817E-01 1.014745E+00 2.789579E-02 7.935662E-04 4.169774E+00 8.607187E+00 
1.832615E-01 6.051290E-03 3.352316E-01 1.845810E-01 -1.444529E+00 5.826875E-01 -1.330578E-01 9.503133E-01 2.508083E-02 5.906902E-04 4.097805E+00 8.858564E+00 
1.863352E-01 6.887865E-03 3.342666E-01 1.838270E-01 -1.402221E+00 5.923020E-01 -1.390970E-01 9.082680E-01 2.693864E-02 8.368502E-04 4.303923E+00 8.702634E+00 
1.545287E-01 4.580290E-03 3.100325E-01 1.787149E-01 -1.401375E+00 5.764747E-01 -9.834799E-02 9.661955E-01 2.808147E-02 4.315886E-04 3.897135E+00 8.864361E+00 
1.772274E-01 2.474421E-03 3.225016E-01 1.854867E-01 -1.402556E+00 5.968904E-01 -1.381432E-01 9.198189E-01 2.748998E-02 5.952993E-04 4.276728E+00 9.028638E+00 
1.702668E-01 6.318100E-03 3.701907E-01 1.790344E-01 -1.514301E+00 5.905353E-01 -1.958465E-01 9.607429E-01 2.725431E-02 1.141870E-03 4.376843E+00 7.651482E+00 
1.723307E-01 4.952617E-03 3.372960E-01 1.853385E-01 -1.361126E+00 5.842053E-01 -1.425562E-01 9.708703E-01 2.760921E-02 1.062263E-03 4.200543E+00 8.528456E+00 
1.781634E-01 5.415118E-03 3.194792E-01 1.797677E-01 -1.426618E+00 5.817708E-01 -1.663250E-01 9.434325E-01 2.855581E-02 1.223845E-03 4.234795E+00 8.281488E+00 
1.710662E-01 5.055970E-03 3.487820E-01 1.783553E-01 -1.474590E+00 5.948335E-01 -1.192421E-01 9.230186E-01 2.489470E-02 2.182167E-04 4.478503E+00 8.802601E+00 
1.746874E-01 4.664754E-03 3.514959E-01 1.859623E-01 -1.483921E+00 5.876068E-01 -1.259866E-01 9.872508E-01 2.587137E-02 6.572486E-04 4.072521E+00 8.401919E+00 
1.795888E-01 5.332774E-03 3.397164E-01 1.842568E-01 -1.399949E+00 5.893602E-01 -1.471931E-01 1.001762E+00 2.758290E-02 1.025386E-03 4.684985E+00 9.645923E+00 
1.804995E-01 4.849389E-03 3.438236E-01 1.821844E-01 -1.410299E+00 5.837459E-01 -1.428249E-01 9.490929E-01 2.712938E-02 2.240349E-04 4.067252E+00 7.879513E+00 
1.788220E-01 4.375324E-03 3.406780E-01 1.862429E-01 -1.428100E+00 5.942712E-01 -1.462514E-01 9.672605E-01 2.501705E-02 1.485701E-03 4.060044E+00 8.639784E+00 
1.810837E-01 7.613677E-03 3.405902E-01 1.881403E-01 -1.354113E+00 6.000000E-01 -1.549185E-01 9.387789E-01 2.866310E-02 1.119723E-03 4.937293E+00 9.750315E+00 
1.621535E-01 4.808337E-03 3.202151E-01 1.739578E-01 -1.354378E+00 5.862696E-01 -1.412091E-01 9.484932E-01 2.879490E-02 3.437396E-04 4.111264E+00 8.473435E+00 
1.737584E-01 1.678630E-02 3.288503E-01 1.818224E-01 -1.439367E+00 5.994999E-01 -9.888103E-02 9.852731E-01 2.708033E-02 1.040600E-03 4.076489E+00 8.849922E+00 
1.756582E-01 4.087689E-03 3.233530E-01 1.801618E-01 -1.420075E+00 5.916338E-01 -1.346716E-01 9.634383E-01 2.931503E-02 9.284563E-04 3.902535E+00 8.974731E+00 
1.560744E-01 5.229009E-03 3.291271E-01 1.809440E-01 -1.341256E+00 5.832269E-01 -1.459403E-01 9.559491E-01 3.030170E-02 9.439219E-04 4.120828E+00 8.880491E+00 
1.908747E-01 9.142189E-03 3.287142E-01 1.867053E-01 -1.299611E+00 6.000000E-01 -1.422820E-01 9.507765E-01 2.758792E-02 5.497040E-04 4.668530E+00 8.518934E+00 
1.720208E-01 3.890704E-03 3.289006E-01 1.819924E-01 -1.383476E+00 5.817513E-01 -1.110171E-01 8.863073E-01 2.691874E-02 5.617436E-04 3.935310E+00 8.811777E+00 
1.892494E-01 5.490598E-03 3.315308E-01 1.775814E-01 -1.434641E+00 6.000000E-01 -1.760747E-01 1.028875E+00 2.741984E-02 1.268032E-03 4.216305E+00 7.979498E+00 
1.752922E-01 4.869294E-03 3.413736E-01 1.848183E-01 -1.461263E+00 5.852390E-01 -1.377315E-01 9.425432E-01 2.730618E-02 1.378192E-03 3.767411E+00 8.509900E+00 
1.692061E-01 4.419811E-03 3.389896E-01 1.839751E-01 -1.463203E+00 5.919311E-01 -1.550946E-01 9.472749E-01 2.957540E-02 7.777366E-04 4.214221E+00 8.949642E+00 
1.606757E-01 4.034139E-03 3.177870E-01 1.833780E-01 -1.308256E+00 5.912158E-01 -1.519460E-01 9.464305E-01 2.627972E-02 9.628047E-04 3.788143E+00 9.054772E+00 
1.732593E-01 7.842129E-03 3.112003E-01 1.812124E-01 -1.426257E+00 5.803535E-01 -1.451811E-01 9.783880E-01 2.730697E-02 7.345373E-04 4.552527E+00 8.934384E+00 
1.851706E-01 4.619005E-03 3.274515E-01 1.758273E-01 -1.438282E+00 5.836514E-01 -1.597333E-01 9.113568E-01 2.862340E-02 5.496650E-04 3.765553E+00 8.839711E+00 
1.646613E-01 4.669677E-03 3.520792E-01 1.799046E-01 -1.376609E+00 5.921545E-01 -1.748084E-01 9.375730E-01 2.615249E-02 5.939781E-04 4.133213E+00 7.907479E+00 
1.917278E-01 5.407194E-03 3.184836E-01 1.859225E-01 -1.387299E+00 5.913552E-01 -1.622516E-01 8.950123E-01 2.652638E-02 5.303715E-04 4.010323E+00 8.802111E+00 
1.675686E-01 5.399726E-03 3.372504E-01 1.803324E-01 -1.241623E+00 5.854666E-01 -1.757905E-01 9.814208E-01 2.780843E-02 8.677068E-04 4.096339E+00 9.753883E+00 
1.600449E-01 5.585509E-03 3.412997E-01 1.839635E-01 -1.382692E+00 5.915668E-01 -1.226472E-01 9.724212E-01 2.895612E-02 4.072599E-04 4.104721E+00 8.854307E+00 
1.544275E-01 4.756677E-03 3.211323E-01 1.830086E-01 -1.363622E+00 5.907392E-01 -1.636454E-01 9.667063E-01 2.704952E-02 7.109280E-06 4.027295E+00 8.383384E+00 
1.734154E-01 4.912228E-03 3.141293E-01 1.803972E-01 -1.341251E+00 5.930805E-01 -1.466460E-01 9.290320E-01 3.029672E-02 1.748220E-03 4.331099E+00 8.287815E+00 
1.751649E-01 4.246695E-03 3.204922E-01 1.753700E-01 -1.436894E+00 5.835843E-01 -1.425110E-01 9.207139E-01 2.731756E-02 1.081771E-04 4.212635E+00 8.563561E+00 
1.606611E-01 7.610391E-03 3.441354E-01 1.848370E-01 -1.291187E+00 5.905702E-01 -2.000000E-01 9.132906E-01 2.774981E-02 4.883316E-04 4.260110E+00 8.336589E+00 
1.747486E-01 6.207997E-03 3.207256E-01 1.844916E-01 -1.402264E+00 5.782569E-01 -1.087316E-01 9.760195E-01 2.835690E-02 1.278813E-03 4.171493E+00 8.410920E+00 
1.621071E-01 4.048844E-03 3.324120E-01 1.867401E-01 -1.252759E+00 5.904658E-01 -1.419343E-01 9.687026E-01 2.882052E-02 1.316391E-03 3.981967E+00 8.291728E+00 
1.720775E-01 3.293887E-03 3.086851E-01 1.748507E-01 -1.394707E+00 5.935241E-01 -1.390163E-01 9.651618E-01 2.886558E-02 9.904756E-04 4.259654E+00 8.840071E+00 
1.791374E-01 9.890448E-03 3.591922E-01 1.844262E-01 -1.357008E+00 5.935986E-01 -1.242623E-01 8.852187E-01 2.798486E-02 7.530971E-04 4.469953E+00 8.888782E+00 
1.651616E-01 9.153284E-03 3.155371E-01 1.815380E-01 -1.430965E+00 5.563803E-01 -1.223547E-01 9.315084E-01 2.761264E-02 8.471344E-04 4.236242E+00 9.025456E+00 
1.679586E-01 5.172386E-03 3.420411E-01 1.812567E-01 -1.365892E+00 5.944243E-01 -1.363746E-01 9.782967E-01 2.650728E-02 1.124508E-03 4.160229E+00 8.837674E+00 
1.694742E-01 5.168905E-03 3.250057E-01 1.852459E-01 -1.438685E+00 5.845815E-01 -1.636385E-01 9.375685E-01 2.688721E-02 6.027297E-04 3.932773E+00 9.522447E+00 
1.764370E-01 4.576606E-03 3.366114E-01 1.818466E-01 -1.413919E+00 5.923902E-01 -1.204720E-01 9.866313E-01 2.718459E-02 1.123889E-03 3.994780E+00 8.322236E+00 
1.847016E-01 6.544020E-03 3.308968E-01 1.913384E-01 -1.344024E+00 5.807616E-01 -1.200189E-01 9.311664E-01 2.767247E-02 7.499825E-04 3.389513E+00 7.179448E+00 
1.879834E-01 5.223921E-03 3.275142E-01 1.881526E-01 -1.337015E+00 5.970314E-01 -1.437402E-01 9.374863E-01 2.673176E-02 9.365185E-04 4.494601E+00 9.021092E+00 
1.787550E-01 8.390181E-03 3.362634E-01 1.795949E-01 -1.489191E+00 5.854494E-01 -1.804607E-01 9.322918E-01 2.802354E-02 5.968081E-04 4.156073E+00 8.496567E+00 
1.937675E-01 4.891412E-03 3.326043E-01 1.828840E-01 -1.380082E+00 5.883180E-01 -1.649129E-01 9.539529E-01 2.586985E-02 4.767231E-04 4.101218E+00 7.783887E+00 
1.743333E-01 4.871283E-03 3.649183E-01 1.838400E-01 -1.446053E+00 5.993954E-01 -1.687033E-01 9.067195E-01 2.718420E-02 9.945081E-04 4.412057E+00 8.917346E+00 
1.923063E-01 4.987181E-03 3.352027E-01 1.776429E-01 -1.346887E+00 5.807386E-01 -1.537318E-01 8.522990E-01 2.751923E-02 6.416047E-04 4.208079E+00 9.153671E+00 
1.647332E-01 4.660508E-03 3.216797E-01 1.815933E-01 -1.341527E+00 5.908288E-01 -1.152057E-01 9.692974E-01 2.598074E-02 3.882648E-04 3.886592E+00 8.330247E+00 
1.608967E-01 4.607976E-03 3.247777E-01 1.819690E-01 -1.407661E+00 5.844190E-01 -1.407940E-01 9.641852E-01 2.806244E-02 9.119366E-04 3.902078E+00 9.120265E+00 
1.703886E-01 4.305260E-03 3.036500E-01 1.760296E-01 -1.473334E+00 6.000000E-01 -1.291661E-01 9.408742E-01 2.757412E-02 8.733608E-04 4.168441E+00 9.004663E+00 
1.894994E-01 4.458959E-03 3.231098E-01 1.825672E-01 -1.372199E+00 5.907007E-01 -1.457995E-01 9.939787E-01 2.773935E-02 7.287886E-04 4.240280E+00 8.913198E+00 
1.563650E-01 3.157904E-03 3.342199E-01 1.815553E-01 -1.465497E+00 5.853460E-01 -1.235782E-01 9.610003E-01 2.608749E-02 4.791912E-04 3.784325E+00 8.025764E+00 
1.707273E-01 5.032285E-03 3.220917E-01 1.769246E-01 -1.396582E+00 5.872968E-01 -1.754729E-01 9.232020E-01 2.747325E-02 9.480519E-04 4.414839E+00 8.957802E+00 
1.750710E-01 3.726005E-03 3.091042E-01 1.803340E-01 -1.303461E+00 5.872053E-01 -1.247775E-01 9.658984E-01 2.630675E-02 7.654060E-04 3.496251E+00 9.261983E+00 
1.606595E-01 3.956966E-03 3.371547E-01 1.818657E-01 -1.508287E+00 5.779899E-01 -1.239878E-01 9.450542E-01 2.668086E-02 3.277980E-04 4.022294E+00 9.181061E+00 
1.730203E-01 4.229125E-03 3.282646E-01 1.817283E-01 -1.443347E+00 5.881565E-01 -1.358297E-01 9.587404E-01 2.791945E-02 6.477819E-04 4.154463E+00 9.178406E+00 
1.522234E-01 5.490262E-03 3.176415E-01 1.799273E-01 -1.436828E+00 5.784824E-01 -1.382915E-01 9.232112E-01 2.789814E-02 4.560146E-04 4.149554E+00 8.680167E+00 
1.676951E-01 5.371679E-03 3.267387E-01 1.781210E-01 -1.372010E+00 5.852509E-01 -1.632628E-01 9.402270E-01 2.783106E-02 7.991889E-04 4.012799E+00 8.422955E+00 
1.736248E-01 4.701828E-03 3.285780E-01 1.886623E-01 -1.421263E+00 5.867025E-01 -1.429299E-01 9.298073E-01 2.802221E-02 8.477369E-04 4.202448E+00 8.294260E+00 
1.812524E-01 5.248593E-03 3.335547E-01 1.811243E-01 -1.457695E+00 5.718808E-01 -1.362966E-01 9.134846E-01 2.742466E-02 1.571236E-03 4.117324E+00 8.369609E+00 
1.872839E-01 5.517141E-03 3.387676E-01 1.770221E-01 -1.354630E+00 5.717335E-01 -1.357195E-01 9.457098E-01 2.998102E-02 1.093973E-03 4.359571E+00 8.529753E+00 
1.658627E-01 5.020447E-03 3.365635E-01 1.837694E-01 -1.447770E+00 5.161578E-01 -1.163405E-01 9.568826E-01 2.727576E-02 8.801338E-04 3.901499E+00 7.259165E+00 
1.842942E-01 5.135870E-03 3.332799E-01 1.791494E-01 -1.440855E+00 5.872076E-01 -1.643806E-01 9.538685E-01 2.654765E-02 9.523679E-04 4.108771E+00 8.689272E+00 
1.825970E-01 4.465555E-03 3.242206E-01 1.779587E-01 -1.386536E+00 5.901508E-01 -1.626313E-01 9.244785E-01 2.827054E-02 8.239625E-04 4.320331E+00 8.718527E+00 
1.686793E-01 5.864619E-03 3.442973E-01 1.824463E-01 -1.408508E+00 5.922870E-01 -1.195330E-01 9.317318E-01 2.642656E-02 7.989293E-04 4.222975E+00 9.326608E+00 
1.746477E-01 4.586893E-03 3.088482E-01 1.796335E-01 -1.315759E+00 5.766361E-01 -1.290006E-01 9.768232E-01 2.785866E-02 1.115385E-03 3.942581E+00 8.485888E+00 
1.711393E-01 2.922576E-03 3.279405E-01 1.805904E-01 -1.381867E+00 5.900076E-01 -1.275021E-01 9.664557E-01 2.723363E-02 3.782109E-04 4.129180E+00 9.118360E+00 
1.768515E-01 5.307221E-03 3.514155E-01 1.798845E-01 -1.479019E+00 5.834692E-01 -1.767940E-01 9.454930E-01 2.775391E-02 1.244927E-03 4.276373E+00 8.947950E+00 
1.748253E-01 2.812056E-03 3.313784E-01 1.779880E-01 -1.429465E+00 5.928048E-01 -1.034739E-01 9.637970E-01 2.699416E-02 5.179774E-04 3.667677E+00 8.479601E+00 
1.634153E-01 4.520893E-03 3.489770E-01 1.817131E-01 -1.395444E+00 5.885147E-01 -1.362597E-01 1.090260E+00 2.756367E-02 1.091227E-03 4.092407E+00 9.232616E+00 
1.826748E-01 4.990078E-03 3.315715E-01 1.792353E-01 -1.402869E+00 5.953957E-01 -1.565163E-01 9.315481E-01 2.711307E-02 1.034757E-03 4.144063E+00 7.880624E+00 
1.684729E-01 5.285271E-03 3.405736E-01 1.824455E-01 -1.351880E+00 5.937876E-01 -1.931681E-01 9.411674E-01 2.642240E-02 4.501738E-04 4.241729E+00 8.759494E+00 
1.709864E-01 5.399591E-03 3.008753E-01 1.806731E-01 -1.349464E+00 5.656581E-01 -1.238192E-01 9.378241E-01 2.842815E-02 5.817442E-04 4.158794E+00 8.872706E+00 
1.725879E-01 3.439117E-03 3.328972E-01 1.800091E-01 -1.361458E+00 5.845991E-01 -1.310388E-01 9.430175E-01 2.821620E-02 7.944238E-04 3.739333E+00 9.055370E+00 
1.784421E-01 5.590671E-03 3.274414E-01 1.834020E-01 -1.370687E+00 5.730335E-01 -1.484747E-01 9.477707E-01 2.769205E-02 5.866124E-04 4.120748E+00 8.107897E+00 
1.783791E-01 4.973921E-03 3.165979E-01 1.844113E-01 -1.382166E+00 5.950509E-01 -1.403705E-01 9.648720E-01 2.897977E-02 1.010256E-03 3.109062E+00 9.373810E+00 
1.900728E-01 4.869996E-03 3.252033E-01 1.799126E-01 -1.342707E+00 5.939258E-01 -1.511658E-01 9.826240E-01 2.737476E-02 5.403859E-04 4.058777E+00 9.044898E+00 
1.822391E-01 5.301677E-03 3.283391E-01 1.844977E-01 -1.363616E+00 5.925467E-01 -1.751217E-01 9.193391E-01 2.621480E-02 8.641444E-04 4.010824E+00 8.685128E+00 
1.566566E-01 4.348287E-03 3.148107E-01 1.765775E-01 -1.414232E+00 5.684232E-01 -1.012306E-01 9.526335E-01 2.822256E-02 7.979871E-04 3.941237E+00 8.907277E+00 
2.000000E-01 5.656635E-03 3.152832E-01 1.836723E-01 -1.359443E+00 5.894453E-01 -1.112745E-01 9.552129E-01 2.777100E-02 8.853536E-04 4.014052E+00 8.693118E+00 
1.780330E-01 5.885669E-03 3.185254E-01 1.799706E-01 -1.434994E+00 5.612450E-01 -1.204328E-01 1.011437E+00 2.800492E-02 2.416871E-04 4.204207E+00 8.482472E+00 
1.649358E-01 4.548481E-03 3.348964E-01 1.827532E-01 -1.429478E+00 5.780867E-01 -1.611203E-01 9.483426E-01 2.862943E-02 8.692238E-04 3.757185E+00 8.794146E+00 
1.851595E-01 4.292573E-03 3.205599E-01 1.867280E-01 -1.388262E+00 5.871430E-01 -1.352687E-01 9.194707E-01 2.689711E-02 1.792363E-04 4.018227E+00 8.617714E+00 
1.724285E-01 2.590064E-03 3.538229E-01 1.804570E-01 -1.371636E+00 5.898917E-01 -1.203164E-01 9.367925E-01 2.811786E-02 8.128436E-04 3.896100E+00 8.832166E+00 
1.686976E-01 5.079301E-03 3.299442E-01 1.823234E-01 -1.395689E+00 5.849838E-01 -1.193618E-01 9.598390E-01 2.680045E-02 4.187007E-04 4.569463E+00 8.787723E+00 
1.820779E-01 4.487824E-03 3.350699E-01 1.854390E-01 -1.403359E+00 5.989479E-01 -1.573111E-01 9.843290E-01 2.772747E-02 6.957516E-04 4.301257E+00 8.941944E+00 
1.863251E-01 5.314072E-03 3.044112E-01 1.793512E-01 -1.477003E+00 5.733692E-01 -1.058816E-01 9.303224E-01 2.899015E-02 7.217824E-04 4.048194E+00 8.849265E+00 
1.686057E-01 4.014468E-03 3.298645E-01 1.849023E-01 -1.383774E+00 5.907032E-01 -1.472594E-01 9.530349E-01 2.799844E-02 1.386301E-04 4.096283E+00 8.213700E+00 
1.677906E-01 3.615046E-03 3.182960E-01 1.806915E-01 -1.365149E+00 5.830218E-01 -1.428435E-01 9.602931E-01 2.695255E-02 6.074124E-04 3.383506E+00 8.952188E+00 
1.702252E-01 4.067756E-03 3.444674E-01 1.832204E-01 -1.473226E+00 6.000000E-01 -1.693178E-01 9.788285E-01 2.793326E-02 9.799045E-04 4.303221E+00 9.044852E+00 
1.646519E-01 3.614246E-03 3.164908E-01 1.850687E-01 -1.346881E+00 5.800918E-01 -1.455487E-01 9.223311E-01 2.575799E-02 3.855686E-04 4.276879E+00 8.743821E+00 
1.722288E-01 5.393486E-03 3.102465E-01 1.793098E-01 -1.491753E+00 5.807126E-01 -1.297150E-01 9.451534E-01 2.720687E-02 9.937920E-04 4.100378E+00 8.210312E+00 
1.717826E-01 4.689061E-03 3.160802E-01 1.818041E-01 -1.358902E+00 5.827327E-01 -1.263653E-01 9.377538E-01 2.731993E-02 1.066185E-03 4.160029E+00 8.708700E+00 
1.760470E-01 4.024123E-03 3.206149E-01 1.846625E-01 -1.387090E+00 5.755511E-01 -1.006467E-01 9.662492E-01 2.876196E-02 8.088672E-04 4.018695E+00 8.977535E+00 
1.723463E-01 4.735356E-03 3.466653E-01 1.797068E-01 -1.418126E+00 5.766690E-01 -1.652379E-01 8.986446E-01 2.656873E-02 1.033978E-03 4.125626E+00 8.699987E+00 
1.854659E-01 5.459168E-03 3.133945E-01 1.842779E-01 -1.384529E+00 5.814723E-01 -1.330680E-01 9.460910E-01 2.648384E-02 1.017910E-03 4.245128E+00 8.191694E+00 
1.618172E-01 5.205528E-03 3.146935E-01 1.810703E-01 -1.372751E+00 5.745899E-01 -1.125578E-01 9.309516E-01 2.747421E-02 1.119824E-03 3.986500E+00 8.334781E+00 
1.752346E-01 5.173251E-03 3.139978E-01 1.802441E-01 -1.363154E+00 5.900977E-01 -9.530288E-02 1.048304E+00 2.864942E-02 1.176245E-03 4.213342E+00 8.175933E+00 
1.836637E-01 8.823431E-03 3.337451E-01 1.902709E-01 -1.413722E+00 5.878539E-01 -1.494910E-01 9.561029E-01 2.897824E-02 7.491585E-04 4.051241E+00 9.307054E+00 
1.835089E-01 6.977486E-03 2.934177E-01 1.818601E-01 -1.470241E+00 5.838640E-01 -1.560389E-01 9.357922E-01 2.818040E-02 1.150442E-03 3.802753E+00 8.511770E+00 
1.711436E-01 4.106001E-03 3.329086E-01 1.828761E-01 -1.428692E+00 5.907953E-01 -1.226617E-01 1.005529E+00 2.816467E-02 6.098651E-04 4.275030E+00 8.588553E+00 
1.767792E-01 6.051222E-03 3.320613E-01 1.823207E-01 -1.400407E+00 5.833351E-01 -1.281146E-01 9.564403E-01 2.800516E-02 1.194369E-03 4.365788E+00 9.451953E+00 
1.698992E-01 7.653155E-03 3.469462E-01 1.842519E-01 -1.429825E+00 5.884887E-01 -1.183505E-01 9.535890E-01 2.758223E-02 9.445462E-04 4.219996E+00 8.819432E+00 
1.774107E-01 3.349574E-03 3.328671E-01 1.816667E-01 -1.517285E+00 5.798408E-01 -1.300196E-01 9.480666E-01 2.744440E-02 8.345244E-04 4.228923E+00 9.022348E+00 
1.839803E-01 6.572042E-03 3.368011E-01 1.862457E-01 -1.449514E+00 5.904458E-01 -1.121741E-01 9.601577E-01 2.583519E-02 1.487358E-03 4.264660E+00 8.357928E+00 
1.731907E-01 4.976234E-03 3.315515E-01 1.819458E-01 -1.444166E+00 5.906374E-01 -1.902496E-01 9.293913E-01 2.811677E-02 8.475476E-04 4.167797E+00 8.720024E+00 
1.682495E-01 4.978948E-03 3.496626E-01 1.819548E-01 -1.492504E+00 5.774168E-01 -1.121488E-01 9.487480E-01 2.632954E-02 5.117517E-04 4.133290E+00 8.892265E+00 
1.840345E-01 6.368188E-03 3.276198E-01 1.835065E-01 -1.388834E+00 5.947641E-01 -1.955238E-01 9.436986E-01 2.665623E-02 9.541982E-04 3.908372E+00 8.525070E+00 
1.717986E-01 4.614903E-03 3.412396E-01 1.836358E-01 -1.420185E+00 5.826447E-01 -1.875507E-01 9.489760E-01 2.854034E-02 1.135746E-03 4.245883E+00 8.510674E+00 
1.740888E-01 2.139751E-03 3.212198E-01 1.822013E-01 -1.207109E+00 5.903614E-01 -1.252962E-01 9.769133E-01 2.731538E-02 1.044981E-03 4.322532E+00 9.018366E+00 
1.615209E-01 5.291050E-03 3.209388E-01 1.778529E-01 -1.396693E+00 5.787924E-01 -1.386968E-01 9.365107E-01 2.979368E-02 1.104486E-03 3.997542E+00 8.739386E+00 
1.722830E-01 5.076695E-03 3.477638E-01 1.836814E-01 -1.546199E+00 5.885335E-01 -1.369154E-01 9.397794E-01 2.616267E-02 9.639833E-04 4.494510E+00 9.136775E+00 
1.662563E-01 1.192589E-02 3.233593E-01 1.827613E-01 -1.439261E+00 5.552632E-01 -1.736395E-01 9.582548E-01 2.789968E-02 1.217304E-03 4.192021E+00 9.327724E+00 
1.774408E-01 5.069260E-03 3.314070E-01 1.830493E-01 -1.489281E+00 5.607844E-01 -1.295575E-01 9.692205E-01 2.748409E-02 0.000000E+00 4.055146E+00 8.672518E+00 
7.734144E-02 1.348990E-02 3.607011E-01 1.824249E-01 -1.413834E+00 4.458858E-01 -9.943786E-02 9.284711E-01 2.667792E-02 1.175236E-03 3.972065E+00 9.010099E+00 
1.658472E-01 1.070358E-02 3.308950E-01 1.778764E-01 -1.422836E+00 5.841925E-01 -1.471295E-01 9.360296E-01 2.846296E-02 1.861288E-04 4.246828E+00 7.977664E+00 
1.701026E-01 4.711114E-03 3.209325E-01 1.818670E-01 -1.389197E+00 5.824153E-01 -1.394812E-01 9.654635E-01 2.814605E-02 5.873938E-04 4.210235E+00 8.867278E+00 
1.944913E-01 4.358861E-03 3.039432E-01 1.802500E-01 -1.430656E+00 5.814758E-01 -1.246269E-01 9.401018E-01 2.811641E-02 5.639618E-04 4.130069E+00 7.768203E+00 
1.806904E-01 4.418779E-03 3.057391E-01 1.820149E-01 -1.382895E+00 5.832913E-01 -1.670594E-01 9.293681E-01 2.800365E-02 6.260412E-04 4.117316E+00 8.940979E+00 
1.834529E-01 2.432729E-03 3.515403E-01 1.816948E-01 -1.554413E+00 5.990006E-01 -1.161725E-01 8.936490E-01 2.558509E-02 8.095505E-04 4.527041E+00 1.027441E+01 
1.651655E-01 4.431479E-03 3.261680E-01 1.823582E-01 -1.372845E+00 5.681931E-01 -1.162951E-01 9.627991E-01 2.665972E-02 1.010929E-03 3.994226E+00 8.703080E+00 
1.764746E-01 5.787982E-03 3.382373E-01 1.844797E-01 -1.432506E+00 5.852602E-01 -1.237629E-01 9.942252E-01 2.571978E-02 6.458649E-04 4.110710E+00 9.094776E+00 
1.686280E-01 3.556197E-03 3.151114E-01 1.770559E-01 -1.295480E+00 5.868999E-01 -1.165890E-01 9.814071E-01 2.879510E-02 1.905791E-03 3.474447E+00 8.574332E+00 
1.720393E-01 4.264855E-03 3.302758E-01 1.858403E-01 -1.413342E+00 5.912687E-01 -1.459709E-01 1.018051E+00 2.748535E-02 1.168401E-03 4.500571E+00 8.947046E+00 
1.565606E-01 5.036860E-03 3.347282E-01 1.829087E-01 -1.330619E+00 5.830299E-01 -1.231822E-01 8.849504E-01 2.702675E-02 8.287510E-04 3.986328E+00 8.892012E+00 
1.734718E-01 4.420734E-03 3.222997E-01 1.810311E-01 -1.487870E+00 5.852523E-01 -1.573669E-01 9.300035E-01 2.672659E-02 4.008784E-04 4.137168E+00 9.101671E+00 
1.792903E-01 7.634563E-03 3.346275E-01 1.806471E-01 -1.389818E+00 5.875334E-01 -1.425090E-01 9.491814E-01 2.883679E-02 1.059869E-03 4.364224E+00 8.643224E+00 
1.654503E-01 5.419429E-03 3.255261E-01 1.778519E-01 -1.309044E+00 5.837396E-01 -1.446486E-01 9.557179E-01 2.936712E-02 7.168083E-04 4.064795E+00 8.567361E+00 
1.840398E-01 4.912472E-03 3.276992E-01 1.877821E-01 -1.437470E+00 5.897956E-01 -1.080749E-01 9.550228E-01 3.163281E-02 4.784088E-04 4.182883E+00 7.963981E+00 
1.811211E-01 5.993914E-03 3.351844E-01 1.837454E-01 -1.297928E+00 5.869712E-01 -1.313900E-01 9.353053E-01 2.947785E-02 1.277047E-03 4.372783E+00 8.757210E+00 
1.618644E-01 4.272233E-03 3.211602E-01 1.795995E-01 -1.366516E+00 5.950067E-01 -1.742859E-01 9.797159E-01 3.050128E-02 8.010625E-04 3.928995E+00 9.356920E+00 
1.684975E-01 8.665460E-03 3.394764E-01 1.819696E-01 -1.393371E+00 5.981129E-01 -1.532011E-01 9.849123E-01 2.864024E-02 9.693776E-04 3.992175E+00 8.787368E+00 
1.690070E-01 5.974156E-03 3.400231E-01 1.800016E-01 -1.398387E+00 5.782133E-01 -1.227950E-01 8.720210E-01 2.887591E-02 1.151398E-03 4.070503E+00 8.982249E+00 
1.666247E-01 4.682533E-03 3.103418E-01 1.812353E-01 -1.398174E+00 5.893897E-01 -1.507348E-01 9.375081E-01 2.824653E-02 5.094648E-04 4.294689E+00 8.447208E+00 
1.598827E-01 4.888808E-03 3.357926E-01 1.764021E-01 -1.439031E+00 5.949779E-01 -1.334551E-01 8.999213E-01 2.802328E-02 1.346920E-03 3.859212E+00 9.576781E+00 
1.736838E-01 1.230774E-02 3.122523E-01 1.829565E-01 -1.385213E+00 5.923950E-01 -1.447776E-01 9.488084E-01 2.761717E-02 0.000000E+00 3.821495E+00 9.050318E+00 
1.817490E-01 6.166680E-03 3.391792E-01 1.831121E-01 -1.453818E+00 5.936948E-01 -1.295070E-01 9.447863E-01 2.635110E-02 8.941403E-04 4.186011E+00 8.888191E+00 
1.661467E-01 7.396634E-03 3.570690E-01 1.757674E-01 -1.457171E+00 5.870393E-01 -1.115485E-01 9.631482E-01 2.952716E-02 3.296972E-03 3.915257E+00 9.862037E+00 
1.776697E-01 4.417317E-03 3.193643E-01 1.819536E-01 -1.356391E+00 5.894659E-01 -1.671057E-01 8.747622E-01 2.603931E-02 9.246703E-04 4.049220E+00 8.622428E+00 
1.852129E-01 5.098188E-03 3.314873E-01 1.798627E-01 -1.495264E+00 5.812304E-01 -1.603186E-01 9.957844E-01 2.765371E-02 9.648028E-04 4.150421E+00 8.581583E+00 
1.683365E-01 5.270243E-03 3.192404E-01 1.833488E-01 -1.420708E+00 5.887973E-01 -1.388215E-01 9.311061E-01 2.659731E-02 9.244813E-04 4.193652E+00 8.736258E+00 
1.489053E-01 5.169475E-03 3.419785E-01 1.821984E-01 -1.407003E+00 5.930419E-01 -1.476883E-01 9.258074E-01 2.825421E-02 9.375778E-04 4.233997E+00 9.411144E+00 
1.706108E-01 2.747900E-03 3.234297E-01 1.801007E-01 -1.331981E+00 5.778152E-01 -1.038326E-01 9.108395E-01 3.006580E-02 3.384782E-04 3.275460E+00 9.451803E+00 
1.685119E-01 4.132891E-03 3.079551E-01 1.812793E-01 -1.481758E+00 5.860013E-01 -1.452527E-01 9.123642E-01 2.842134E-02 5.074148E-04 4.065495E+00 8.472384E+00 
1.755142E-01 5.773413E-03 3.314161E-01 1.842857E-01 -1.321427E+00 5.880664E-01 -1.229497E-01 9.198524E-01 2.809360E-02 9.394376E-04 3.909222E+00 8.983255E+00 
1.725134E-01 5.754829E-03 3.242067E-01 1.803852E-01 -1.397876E+00 5.865339E-01 -1.460439E-01 9.419562E-01 2.675308E-02 1.029757E-03 4.000873E+00 8.562344E+00 
1.704700E-01 4.864728E-03 3.265852E-01 1.857930E-01 -1.396944E+00 5.795346E-01 -1.528979E-01 9.585611E-01 2.735790E-02 1.008426E-03 4.228509E+00 8.968035E+00 
1.735582E-01 3.056098E-03 3.210991E-01 1.787404E-01 -1.338394E+00 5.858431E-01 -1.068236E-01 9.847907E-01 2.831302E-02 1.228111E-03 4.051611E+00 9.011766E+00 
1.895350E-01 4.330906E-03 3.332279E-01 1.817365E-01 -1.481522E+00 5.890134E-01 -1.657436E-01 9.061554E-01 2.658913E-02 4.053887E-04 4.525761E+00 9.426998E+00 
1.560362E-01 4.152602E-03 3.294176E-01 1.807690E-01 -1.479815E+00 5.860784E-01 -1.464233E-01 9.481790E-01 2.762570E-02 1.405796E-03 4.114901E+00 8.346416E+00 
1.786772E-01 3.048572E-03 3.277798E-01 1.826618E-01 -1.335054E+00 5.854339E-01 -1.324184E-01 9.451052E-01 2.681837E-02 2.731590E-04 4.064486E+00 8.856632E+00 
1.939351E-01 5.930462E-03 3.351335E-01 1.788575E-01 -1.266723E+00 5.903193E-01 -1.606971E-01 9.288631E-01 2.588163E-02 9.024194E-04 4.218271E+00 9.332549E+00 
1.751728E-01 5.755475E-03 3.602202E-01 1.859625E-01 -1.446178E+00 5.995714E-01 -1.647375E-01 9.364026E-01 2.761681E-02 5.765929E-04 4.001307E+00 8.855324E+00 
1.712414E-01 4.522683E-03 3.142182E-01 1.844926E-01 -1.411454E+00 5.765123E-01 -1.255894E-01 9.700198E-01 2.816643E-02 5.828808E-04 4.032243E+00 8.947194E+00 
1.694290E-01 4.311885E-03 3.090546E-01 1.805159E-01 -1.435621E+00 5.749450E-01 -1.224634E-01 9.625918E-01 2.913153E-02 8.129823E-04 4.011472E+00 8.852930E+00 
1.740729E-01 3.963802E-03 3.346610E-01 1.765413E-01 -1.377250E+00 5.884666E-01 -1.409963E-01 9.751262E-01 2.809495E-02 6.075705E-04 3.986065E+00 8.967068E+00 
1.723317E-01 4.353700E-03 3.327260E-01 1.815508E-01 -1.387263E+00 5.888261E-01 -1.685858E-01 9.164180E-01 2.752301E-02 8.302711E-04 4.138726E+00 8.804416E+00 
1.657611E-01 5.673371E-03 3.304475E-01 1.826903E-01 -1.429002E+00 5.615118E-01 -1.413393E-01 1.003465E+00 2.776935E-02 6.460399E-04 4.396421E+00 8.809282E+00 
1.756218E-01 3.308331E-03 3.280408E-01 1.868178E-01 -1.405678E+00 5.928884E-01 -1.592043E-01 9.622113E-01 2.837592E-02 4.715888E-04 4.359280E+00 9.229474E+00 
1.831058E-01 4.557691E-03 3.343789E-01 1.857603E-01 -1.475706E+00 5.923318E-01 -1.598321E-01 9.277369E-01 2.709561E-02 4.550293E-04 4.257458E+00 8.743041E+00 
1.757472E-01 5.086276E-03 3.224339E-01 1.825026E-01 -1.454653E+00 5.852240E-01 -1.413575E-01 9.704388E-01 2.742970E-02 3.887876E-04 3.878235E+00 8.235651E+00 
1.686382E-01 4.835533E-03 3.105201E-01 1.812723E-01 -1.372703E+00 5.807992E-01 -1.083318E-01 9.872069E-01 2.858208E-02 2.824620E-04 4.167772E+00 8.375446E+00 
1.839726E-01 4.890209E-03 3.423065E-01 1.837266E-01 -1.474756E+00 5.896040E-01 -1.603973E-01 8.816800E-01 2.766525E-02 3.560473E-04 4.138783E+00 8.711784E+00 
1.726391E-01 4.929502E-03 3.382165E-01 1.830232E-01 -1.426649E+00 5.983777E-01 -1.589918E-01 9.476166E-01 2.587551E-02 9.177020E-04 4.440065E+00 8.352452E+00 
1.242554E-01 2.757112E-03 2.850280E-01 1.824296E-01 -1.278074E+00 5.204489E-01 -1.118673E-01 8.770739E-01 2.894838E-02 3.040754E-03 4.182633E+00 8.436356E+00 
1.457655E-01 5.113351E-03 3.069732E-01 1.830832E-01 -1.437891E+00 5.911078E-01 -1.763657E-01 9.629781E-01 2.756019E-02 1.112605E-03 4.138490E+00 8.611741E+00 
1.764144E-01 5.524290E-03 3.338355E-01 1.896814E-01 -1.387351E+00 5.759477E-01 -1.766922E-01 9.366879E-01 2.768327E-02 6.872776E-04 4.346327E+00 8.524852E+00 
1.721417E-01 3.337485E-03 3.344544E-01 1.800893E-01 -1.423580E+00 5.904879E-01 -1.618862E-01 9.840592E-01 2.784616E-02 9.162076E-04 3.965870E+00 8.280126E+00 
1.772749E-01 4.802294E-03 3.421790E-01 1.862784E-01 -1.413994E+00 5.862859E-01 -1.747265E-01 9.339843E-01 2.813033E-02 5.001285E-04 4.289084E+00 8.249789E+00 
1.722898E-01 5.097533E-03 3.243663E-01 1.862479E-01 -1.437413E+00 5.904852E-01 -1.371936E-01 9.515482E-01 2.726750E-02 7.865214E-05 3.686891E+00 8.805494E+00 
1.675491E-01 6.672252E-03 3.275680E-01 1.841683E-01 -1.382421E+00 5.867973E-01 -1.639706E-01 9.632229E-01 2.868773E-02 1.403327E-03 4.210600E+00 8.035697E+00 
1.794691E-01 5.875375E-03 3.238438E-01 1.805548E-01 -1.360403E+00 5.832310E-01 -1.953668E-01 8.967899E-01 2.686232E-02 7.226708E-04 3.972563E+00 8.377160E+00 
1.746408E-01 6.209873E-03 3.279827E-01 1.836934E-01 -1.425902E+00 5.890128E-01 -1.734064E-01 8.936969E-01 2.742672E-02 8.242421E-04 4.173535E+00 8.749632E+00 
1.766475E-01 5.287361E-03 3.259641E-01 1.840114E-01 -1.402367E+00 5.818274E-01 -1.445594E-01 9.575327E-01 2.952039E-02 5.324420E-04 4.137415E+00 8.869839E+00 
1.811768E-01 5.198745E-03 3.270141E-01 1.789886E-01 -1.336443E+00 5.924221E-01 -1.481067E-01 9.340991E-01 2.776848E-02 6.768050E-04 4.033327E+00 8.166465E+00 
1.870995E-01 5.002100E-03 3.074617E-01 1.791823E-01 -1.436198E+00 5.747089E-01 -1.633872E-01 9.692854E-01 2.911096E-02 8.621199E-04 3.901854E+00 8.737182E+00 
1.726150E-01 6.559270E-03 3.409015E-01 1.870944E-01 -1.450916E+00 5.929053E-01 -1.608874E-01 9.764390E-01 2.689679E-02 1.359569E-03 4.261392E+00 8.712415E+00 
1.673737E-01 4.954505E-03 3.239406E-01 1.835799E-01 -1.380390E+00 5.865959E-01 -1.423132E-01 9.265573E-01 2.859881E-02 8.357228E-04 4.080300E+00 9.564594E+00 
1.860915E-01 6.227446E-03 3.329315E-01 1.865632E-01 -1.375387E+00 5.787759E-01 -1.739482E-01 9.413170E-01 2.660246E-02 1.281820E-03 4.119072E+00 9.069053E+00 
1.825190E-01 5.372689E-03 3.594608E-01 1.882762E-01 -1.406900E+00 6.000000E-01 -1.947936E-01 9.537488E-01 2.878642E-02 1.026307E-03 4.511730E+00 8.123087E+00 
1.708978E-01 5.106537E-03 3.090020E-01 1.800093E-01 -1.396634E+00 5.863089E-01 -1.304026E-01 9.321314E-01 2.965927E-02 4.522599E-04 4.216554E+00 9.313572E+00 
1.854634E-01 4.143305E-03 3.200441E-01 1.787209E-01 -1.419362E+00 5.859525E-01 -1.503694E-01 9.455783E-01 2.752563E-02 1.550301E-03 3.937258E+00 8.845925E+00 
1.660283E-01 6.360164E-03 3.527947E-01 1.750836E-01 -1.315356E+00 5.738797E-01 -1.392621E-01 9.802882E-01 3.076946E-02 3.150930E-03 4.326065E+00 9.845239E+00 
1.850572E-01 1.039513E-02 3.419398E-01 1.869156E-01 -1.423208E+00 6.000000E-01 -1.778489E-01 9.584838E-01 2.827883E-02 1.044002E-03 4.165926E+00 8.775792E+00 
1.658376E-01 4.905335E-03 3.605065E-01 1.771012E-01 -1.428779E+00 5.852175E-01 -1.258588E-01 8.983792E-01 2.995250E-02 8.970806E-04 4.663489E+00 9.132058E+00 
1.799058E-01 5.472631E-03 3.163642E-01 1.809696E-01 -1.306739E+00 5.775295E-01 -1.575322E-01 9.461793E-01 2.644238E-02 9.037489E-04 3.971273E+00 8.949932E+00 
1.831754E-01 4.302517E-03 3.577188E-01 1.853344E-01 -1.363104E+00 5.809001E-01 -1.628064E-01 9.761091E-01 2.778849E-02 6.601913E-04 4.231490E+00 8.419283E+00 
1.791451E-01 4.884481E-03 3.319059E-01 1.816196E-01 -1.320334E+00 5.816156E-01 -1.596340E-01 9.035747E-01 2.858714E-02 6.173959E-04 3.694516E+00 8.564110E+00 
1.717097E-01 3.750504E-03 3.322121E-01 1.848320E-01 -1.423708E+00 5.878378E-01 -1.559116E-01 9.035591E-01 2.778411E-02 5.585096E-04 3.998582E+00 8.484069E+00 
1.691970E-01 4.380547E-03 3.368576E-01 1.861669E-01 -1.381848E+00 5.817990E-01 -1.474586E-01 9.295481E-01 2.751031E-02 1.371785E-03 4.261422E+00 8.633432E+00 
1.769505E-01 4.901618E-03 3.322066E-01 1.833861E-01 -1.465551E+00 5.914336E-01 -1.355361E-01 9.410875E-01 2.674062E-02 8.987535E-04 4.567697E+00 9.018059E+00 
1.769748E-01 6.469816E-03 3.463060E-01 1.795295E-01 -1.450570E+00 5.849732E-01 -1.723557E-01 9.334282E-01 2.738133E-02 1.426436E-03 4.146670E+00 8.315368E+00 
1.841820E-01 4.472670E-03 3.397133E-01 1.857061E-01 -1.420644E+00 5.938730E-01 -1.324083E-01 9.269850E-01 2.879025E-02 9.737780E-04 4.162275E+00 8.332904E+00 
1.718366E-01 7.068771E-03 3.217557E-01 1.844015E-01 -1.453691E+00 5.832571E-01 -1.440999E-01 9.774285E-01 2.712679E-02 2.787156E-04 4.121393E+00 9.368343E+00 
1.855395E-01 5.191155E-03 3.460911E-01 1.659447E-01 -1.402582E+00 5.962644E-01 -1.795883E-01 8.965221E-01 2.762135E-02 1.075278E-03 4.182398E+00 9.283132E+00 
1.736796E-01 5.417014E-03 3.280928E-01 1.832866E-01 -1.289375E+00 5.905573E-01 -1.461653E-01 9.250032E-01 2.987325E-02 5.946809E-04 3.924222E+00 9.293788E+00 
1.770233E-01 4.256300E-03 3.262379E-01 1.816394E-01 -1.348330E+00 5.911232E-01 -1.158980E-01 9.691082E-01 2.753741E-02 1.088992E-03 4.023043E+00 8.925017E+00 
1.732164E-01 5.164280E-03 3.366482E-01 1.826733E-01 -1.311576E+00 5.953394E-01 -1.634806E-01 9.511674E-01 3.068496E-02 6.642161E-04 3.555039E+00 1.001085E+01 
1.706540E-01 7.794543E-03 3.196236E-01 1.810199E-01 -1.463881E+00 5.750818E-01 -1.324151E-01 9.636196E-01 2.551193E-02 3.449754E-04 4.207182E+00 8.276620E+00 
1.773217E-01 4.749569E-03 3.138156E-01 1.799112E-01 -1.426457E+00 5.891040E-01 -1.367410E-01 9.296312E-01 2.763603E-02 1.043024E-03 4.248614E+00 9.217370E+00 
1.795607E-01 4.840957E-03 3.487605E-01 1.773778E-01 -1.432340E+00 5.878951E-01 -1.586646E-01 9.060507E-01 2.946606E-02 4.224170E-04 3.965834E+00 9.560234E+00 
1.690265E-01 7.084575E-03 3.178955E-01 1.810790E-01 -1.466901E+00 5.888539E-01 -1.133317E-01 9.554222E-01 2.724319E-02 9.369699E-04 4.048536E+00 9.241433E+00 
1.759084E-01 4.265211E-03 3.325858E-01 1.805479E-01 -1.409116E+00 5.917180E-01 -1.177814E-01 9.217529E-01 2.544765E-02 1.345461E-03 4.172589E+00 8.329501E+00 
1.531367E-01 4.700410E-03 3.455085E-01 1.857143E-01 -1.474516E+00 5.844899E-01 -1.415116E-01 9.919801E-01 2.877850E-02 4.452958E-04 4.248868E+00 8.365714E+00 
1.822439E-01 4.312612E-03 3.475999E-01 1.816927E-01 -1.360885E+00 5.740113E-01 -1.382348E-01 8.906682E-01 2.541977E-02 6.225729E-04 4.275617E+00 8.662112E+00 
1.626882E-01 4.937892E-03 3.244031E-01 1.846778E-01 -1.480053E+00 5.900409E-01 -1.593489E-01 9.895422E-01 2.912923E-02 6.810923E-04 4.109213E+00 9.111110E+00 
1.795491E-01 6.048569E-03 3.164862E-01 1.828095E-01 -1.474075E+00 5.835470E-01 -1.681331E-01 9.750198E-01 2.766062E-02 1.088733E-03 3.945588E+00 8.911767E+00 
1.165476E-01 3.262568E-02 3.292289E-01 1.780507E-01 -1.326777E+00 5.649071E-01 -1.067875E-01 5.426001E-01 2.827544E-02 5.263603E-03 3.745208E+00 9.883582E+00 
1.790045E-01 4.519005E-03 3.235350E-01 1.818868E-01 -1.370308E+00 5.862845E-01 -1.125042E-01 9.386692E-01 2.762005E-02 1.608900E-03 4.245390E+00 8.949410E+00 
1.772429E-01 7.992901E-03 3.399175E-01 1.876833E-01 -1.436800E+00 5.883499E-01 -1.350021E-01 9.683033E-01 2.625148E-02 8.559628E-04 4.386774E+00 8.540524E+00 
1.752719E-01 5.419417E-03 3.325256E-01 1.842882E-01 -1.390440E+00 5.902130E-01 -1.856574E-01 9.623145E-01 2.623506E-02 6.750034E-04 4.350199E+00 8.719285E+00 
1.688517E-01 4.083617E-03 3.147999E-01 1.786395E-01 -1.363632E+00 5.838557E-01 -9.846395E-02 9.607476E-01 2.780767E-02 4.332969E-04 4.241509E+00 9.053313E+00 
1.825434E-01 4.135903E-03 3.361810E-01 1.896578E-01 -1.404725E+00 5.858161E-01 -1.629202E-01 9.439116E-01 2.798967E-02 8.221415E-04 4.073497E+00 8.295583E+00 
1.839206E-01 5.300485E-03 3.238108E-01 1.835406E-01 -1.324511E+00 5.847942E-01 -1.458989E-01 9.243070E-01 2.827969E-02 5.896406E-04 4.260968E+00 8.513033E+00 
1.534994E-01 6.712281E-03 3.544667E-01 1.770099E-01 -1.437543E+00 4.293096E-01 -1.077535E-01 8.619609E-01 2.651788E-02 1.178043E-03 4.485673E+00 1.048544E+01 
1.786790E-01 3.474996E-03 3.168861E-01 1.804119E-01 -1.448291E+00 5.764064E-01 -1.256388E-01 9.110646E-01 2.837508E-02 1.436425E-03 4.065784E+00 8.920521E+00 
1.824113E-01 5.091924E-03 3.220531E-01 1.849822E-01 -1.443973E+00 5.807927E-01 -1.343338E-01 9.260178E-01 2.656967E-02 7.024511E-04 3.979649E+00 8.413166E+00 
1.794072E-01 4.291479E-03 3.233678E-01 1.754398E-01 -1.403035E+00 5.834964E-01 -1.269076E-01 9.528245E-01 2.498327E-02 5.744334E-04 4.135614E+00 8.976214E+00 
1.631403E-01 4.450920E-03 3.525016E-01 1.804334E-01 -1.391062E+00 5.959435E-01 -1.360801E-01 8.480147E-01 2.723429E-02 7.693527E-04 4.163680E+00 8.520136E+00 
1.777783E-01 3.184759E-03 3.158684E-01 1.841535E-01 -1.516178E+00 5.792706E-01 -1.217236E-01 9.340569E-01 2.823985E-02 3.877010E-04 4.168114E+00 8.163683E+00 
1.725920E-01 6.334583E-03 3.261318E-01 1.794439E-01 -1.424933E+00 5.900367E-01 -1.241799E-01 9.725444E-01 2.809561E-02 2.844480E-04 4.148769E+00 8.678490E+00 
1.701014E-01 4.668086E-03 3.324974E-01 1.765804E-01 -1.459687E+00 5.790921E-01 -1.581654E-01 9.524618E-01 2.968723E-02 3.171146E-04 4.155239E+00 8.318688E+00 
1.786660E-01 4.337567E-03 3.347076E-01 1.814794E-01 -1.353391E+00 5.859668E-01 -1.537639E-01 9.443761E-01 2.775836E-02 5.459928E-04 4.123406E+00 9.052151E+00 
1.867385E-01 6.442547E-03 3.371779E-01 1.875624E-01 -1.421820E+00 5.281461E-01 -1.328595E-01 9.362551E-01 2.804938E-02 4.959217E-04 3.958022E+00 8.451168E+00 
1.813090E-01 4.913258E-03 3.254325E-01 1.819015E-01 -1.347136E+00 5.975370E-01 -1.768796E-01 9.256041E-01 2.790243E-02 7.430979E-04 4.280917E+00 8.932913E+00 
1.621540E-01 4.242550E-03 3.232111E-01 1.832161E-01 -1.441756E+00 5.905398E-01 -1.769396E-01 9.842027E-01 2.758380E-02 6.424296E-04 4.501586E+00 8.951922E+00 
1.781023E-01 6.022960E-03 3.268211E-01 1.816232E-01 -1.423009E+00 5.689318E-01 -1.298403E-01 9.480631E-01 2.901076E-02 1.228136E-03 4.051750E+00 9.553449E+00 
1.786838E-01 4.951932E-03 3.308831E-01 1.797732E-01 -1.408046E+00 5.856876E-01 -1.292654E-01 9.472605E-01 2.728249E-02 5.606697E-04 4.109960E+00 8.617977E+00 
1.777586E-01 2.266450E-03 3.195105E-01 1.819921E-01 -1.427378E+00 5.941173E-01 -1.437101E-01 9.738716E-01 2.774594E-02 1.546567E-03 4.322225E+00 8.506441E+00 
1.782457E-01 4.494325E-03 3.277873E-01 1.844700E-01 -1.420914E+00 5.894522E-01 -1.510552E-01 9.925737E-01 2.801215E-02 1.228482E-03 3.778381E+00 8.985897E+00 
1.832780E-01 4.768719E-03 3.392339E-01 1.769465E-01 -1.382793E+00 5.844553E-01 -1.691867E-01 8.643097E-01 2.754294E-02 9.845166E-04 4.274398E+00 8.923303E+00 
1.799554E-01 3.957845E-03 3.484920E-01 1.836388E-01 -1.373647E+00 5.972139E-01 -1.619266E-01 9.696648E-01 2.990918E-02 1.510791E-03 4.195578E+00 9.419333E+00 
1.704063E-01 5.398413E-03 2.964517E-01 1.810017E-01 -1.419957E+00 5.771478E-01 -1.261303E-01 9.248101E-01 2.826748E-02 1.048403E-03 3.882262E+00 8.377341E+00 
1.661480E-01 6.707236E-03 3.127984E-01 1.833262E-01 -1.430745E+00 5.755646E-01 -1.147551E-01 9.346406E-01 2.905552E-02 1.045869E-03 4.064732E+00 9.018812E+00 
1.744406E-01 4.838867E-03 3.213014E-01 1.797789E-01 -1.265799E+00 5.797988E-01 -1.625677E-01 9.053887E-01 2.748936E-02 7.302617E-04 4.053844E+00 8.739797E+00 
1.760547E-01 4.527922E-03 3.352743E-01 1.828816E-01 -1.381531E+00 5.812536E-01 -1.839389E-01 9.216717E-01 2.726146E-02 8.247165E-04 4.009092E+00 8.622460E+00 
1.692593E-01 5.302794E-03 3.469287E-01 1.815001E-01 -1.362970E+00 5.896878E-01 -1.425372E-01 9.737389E-01 2.662878E-02 8.959099E-04 4.195460E+00 8.694072E+00 
1.617824E-01 7.212968E-02 2.970735E-01 1.784321E-01 -1.301961E+00 4.509020E-01 -1.170694E-01 1.012358E+00 2.770708E-02 1.388141E-03 3.860964E+00 8.520659E+00 
1.738555E-01 4.006336E-03 3.271360E-01 1.784844E-01 -1.393986E+00 5.883404E-01 -1.127450E-01 9.689883E-01 2.790112E-02 7.112661E-04 4.246586E+00 9.279036E+00 
1.801659E-01 9.438694E-03 3.375173E-01 1.854457E-01 -1.402435E+00 5.843203E-01 -1.253184E-01 9.478946E-01 2.820682E-02 9.957128E-04 4.121067E+00 8.706976E+00 
1.765436E-01 7.003864E-03 3.441845E-01 1.870662E-01 -1.464056E+00 5.955584E-01 -1.731544E-01 9.257389E-01 2.625050E-02 4.120687E-04 4.056449E+00 8.975040E+00 
1.666183E-01 5.161327E-03 3.338571E-01 1.779364E-01 -1.405248E+00 5.893759E-01 -1.390714E-01 9.367955E-01 2.831465E-02 9.667616E-04 4.418245E+00 7.178371E+00 
1.673422E-01 4.920457E-03 3.112714E-01 1.783116E-01 -1.451372E+00 5.783090E-01 -1.063280E-01 9.811010E-01 2.710406E-02 8.924938E-04 4.229877E+00 8.432090E+00 
1.779058E-01 6.057026E-03 3.436270E-01 1.842636E-01 -1.439274E+00 5.964561E-01 -1.683443E-01 8.701809E-01 2.903680E-02 8.237950E-04 4.454226E+00 9.654670E+00 
1.779670E-01 5.657909E-03 3.300036E-01 1.803284E-01 -1.439734E+00 5.795806E-01 -1.031237E-01 9.655596E-01 2.745590E-02 9.781577E-04 4.152415E+00 8.424628E+00 
1.600943E-01 5.416254E-03 3.482154E-01 1.774860E-01 -1.411489E+00 5.773822E-01 -1.312862E-01 9.888839E-01 2.800318E-02 4.505948E-04 4.166348E+00 8.412750E+00 
1.103142E-01 1.242279E-02 3.340810E-01 1.846062E-01 -1.290026E+00 4.446698E-01 -1.209014E-01 1.003522E+00 2.879752E-02 4.017739E-03 3.122113E+00 8.512440E+00 
1.743542E-01 2.950667E-03 3.075937E-01 1.811010E-01 -1.439178E+00 5.818497E-01 -1.520231E-01 9.511650E-01 2.729432E-02 1.134869E-03 4.043732E+00 9.306497E+00 
1.663864E-01 4.513406E-03 3.262017E-01 1.792564E-01 -1.428373E+00 5.925200E-01 -1.304049E-01 9.476820E-01 2.726236E-02 6.251809E-04 4.188247E+00 8.549990E+00 
1.807033E-01 5.515256E-03 3.526960E-01 1.819337E-01 -1.454574E+00 5.889661E-01 -1.715054E-01 9.264255E-01 2.755712E-02 3.760220E-04 4.289390E+00 9.081950E+00 
1.650972E-01 4.318752E-03 3.329385E-01 1.820574E-01 -1.489012E+00 5.863501E-01 -1.237520E-01 9.885718E-01 2.944016E-02 9.607043E-04 4.252256E+00 8.259006E+00 
1.801884E-01 4.277248E-03 3.280501E-01 1.835115E-01 -1.440302E+00 5.844908E-01 -1.313971E-01 9.104239E-01 2.592435E-02 5.752775E-04 3.637310E+00 8.412029E+00 
1.801851E-01 4.394107E-03 3.257435E-01 1.827236E-01 -1.314574E+00 5.850867E-01 -1.387070E-01 9.400304E-01 2.830033E-02 4.353191E-04 4.072057E+00 8.377003E+00 
1.850965E-01 5.566114E-03 3.500836E-01 1.903352E-01 -1.455367E+00 5.791320E-01 -1.941756E-01 9.120296E-01 2.656495E-02 1.076106E-03 4.154754E+00 8.824404E+00 
1.803463E-01 6.520252E-03 3.328315E-01 1.809052E-01 -1.425955E+00 5.754109E-01 -9.906338E-02 9.332193E-01 2.668340E-02 7.611807E-04 4.137444E+00 9.052562E+00 
1.721165E-01 3.412981E-03 3.219425E-01 1.793761E-01 -1.357137E+00 5.826806E-01 -9.425751E-02 9.539465E-01 2.944047E-02 7.617261E-04 3.843451E+00 8.932032E+00 
1.746056E-01 4.327780E-03 3.230220E-01 1.834265E-01 -1.444282E+00 5.841379E-01 -1.817702E-01 9.574283E-01 2.590537E-02 2.348272E-04 4.128139E+00 8.668507E+00 
1.691672E-01 5.079853E-03 3.217650E-01 1.814419E-01 -1.406107E+00 5.953252E-01 -1.697819E-01 9.621254E-01 2.866852E-02 1.390416E-03 4.181824E+00 8.848965E+00 
1.622488E-01 6.449469E-03 3.203676E-01 1.788641E-01 -1.253695E+00 5.446294E-01 -1.551939E-01 9.637068E-01 2.999036E-02 5.274843E-03 4.364281E+00 9.327437E+00 
1.645748E-01 5.383360E-03 3.123763E-01 1.772482E-01 -1.295225E+00 5.830800E-01 -1.482380E-01 9.493029E-01 2.796074E-02 8.172814E-04 3.639217E+00 8.488450E+00 
1.756611E-01 5.366180E-03 3.333697E-01 1.859998E-01 -1.391386E+00 5.919722E-01 -1.304215E-01 1.015401E+00 2.824327E-02 7.494564E-04 4.011211E+00 8.475732E+00 
1.780875E-01 3.913012E-03 3.167473E-01 1.839481E-01 -1.410023E+00 5.633581E-01 -1.517647E-01 9.845786E-01 2.912663E-02 7.951187E-04 4.212883E+00 8.834672E+00 
1.641144E-01 5.932406E-03 3.373454E-01 1.834633E-01 -1.294711E+00 5.760090E-01 -1.684964E-01 9.278486E-01 2.746329E-02 8.357983E-05 4.007603E+00 8.121403E+00 
1.790080E-01 5.421790E-03 3.494990E-01 1.810940E-01 -1.407560E+00 5.923530E-01 -1.448752E-01 9.553901E-01 2.843704E-02 5.338325E-04 4.196467E+00 8.990332E+00 
1.599923E-01 5.269374E-03 3.219912E-01 1.822369E-01 -1.325088E+00 5.853227E-01 -1.048998E-01 9.727675E-01 2.768532E-02 5.935541E-04 4.291742E+00 8.851711E+00 
1.831481E-01 4.631836E-03 3.381566E-01 1.799854E-01 -1.392112E+00 5.943269E-01 -1.642190E-01 9.694971E-01 2.722677E-02 7.029928E-04 4.138552E+00 8.620855E+00 
1.797585E-01 8.891150E-03 3.247467E-01 1.796569E-01 -1.260857E+00 5.568079E-01 -1.347565E-01 9.473682E-01 2.746060E-02 8.127652E-04 4.302973E+00 8.411746E+00 
1.718671E-01 5.238624E-03 3.247240E-01 1.847342E-01 -1.338187E+00 5.907870E-01 -1.317776E-01 9.604033E-01 2.552746E-02 9.478533E-04 4.122314E+00 8.702296E+00 
1.778162E-01 4.210119E-03 3.371537E-01 1.838871E-01 -1.451891E+00 5.770199E-01 -1.548503E-01 9.503428E-01 2.713197E-02 1.099693E-03 4.320021E+00 9.015304E+00 
1.676730E-01 4.342542E-03 3.293616E-01 1.823791E-01 -1.437851E+00 5.914486E-01 -1.563334E-01 9.859972E-01 2.805405E-02 4.660545E-04 3.856223E+00 8.684622E+00 
1.849793E-01 5.416126E-03 3.347734E-01 1.814883E-01 -1.469687E+00 5.920516E-01 -1.359844E-01 9.114579E-01 2.804936E-02 7.461121E-04 4.181092E+00 9.012753E+00 
1.766045E-01 6.578459E-03 3.568830E-01 1.812094E-01 -1.374679E+00 5.922488E-01 -1.720735E-01 1.001200E+00 2.842212E-02 1.296624E-03 4.091772E+00 8.703527E+00 
1.905371E-01 6.021946E-03 3.290401E-01 1.890920E-01 -1.339246E+00 5.825553E-01 -1.457857E-01 9.426138E-01 2.690812E-02 4.548528E-04 3.605604E+00 8.819232E+00 
1.753800E-01 5.628439E-03 3.200895E-01 1.819388E-01 -1.421489E+00 5.813082E-01 -1.292705E-01 9.590783E-01 2.771794E-02 1.077760E-03 4.130414E+00 8.893768E+00 
1.862278E-01 1.084469E-02 3.398769E-01 1.817588E-01 -1.405251E+00 5.970955E-01 -1.371305E-01 9.721510E-01 2.689702E-02 1.066079E-03 4.192960E+00 7.762043E+00 
1.829059E-01 4.383984E-03 3.369309E-01 1.866633E-01 -1.430552E+00 5.529046E-01 -1.416572E-01 9.345485E-01 2.720935E-02 3.329324E-04 4.254226E+00 8.701260E+00 
1.746433E-01 5.675233E-03 3.125137E-01 1.807775E-01 -1.432191E+00 5.798724E-01 -1.330850E-01 9.082494E-01 2.743817E-02 8.238818E-04 4.062699E+00 8.288875E+00 
1.810176E-01 6.741046E-03 3.309207E-01 1.832414E-01 -1.374955E+00 5.879561E-01 -1.363062E-01 9.881375E-01 2.853753E-02 2.772837E-04 4.252400E+00 8.961688E+00 
1.726368E-01 3.163580E-03 3.496287E-01 1.819784E-01 -1.367473E+00 5.877482E-01 -1.641575E-01 9.444622E-01 2.966179E-02 4.209652E-04 3.983875E+00 8.932488E+00 
1.776798E-01 4.752176E-03 3.130360E-01 1.830097E-01 -1.372829E+00 5.840596E-01 -1.072150E-01 9.713289E-01 2.810583E-02 1.032762E-03 4.127307E+00 8.692293E+00 
1.733042E-01 4.502916E-03 3.309187E-01 1.824563E-01 -1.392240E+00 5.902999E-01 -1.443014E-01 9.538257E-01 2.710495E-02 8.416379E-04 4.542933E+00 8.953418E+00 
1.762315E-01 3.579110E-03 3.456952E-01 1.815284E-01 -1.367108E+00 5.881549E-01 -1.404251E-01 9.530812E-01 2.672978E-02 7.980138E-04 4.046329E+00 8.831678E+00 
1.736421E-01 3.376950E-03 3.311169E-01 1.795427E-01 -1.372806E+00 5.857355E-01 -1.332176E-01 9.362899E-01 2.774824E-02 1.169227E-03 4.097058E+00 8.806636E+00 
1.959148E-01 6.466598E-03 3.180172E-01 1.844860E-01 -1.448348E+00 5.897707E-01 -1.354230E-01 9.769810E-01 2.748622E-02 1.025058E-03 4.317003E+00 9.248960E+00 
1.724045E-01 2.835415E-03 3.505652E-01 1.813656E-01 -1.436308E+00 5.885849E-01 -1.361113E-01 9.489270E-01 2.852075E-02 4.471629E-04 3.984509E+00 8.927844E+00 
1.776412E-01 4.654024E-03 3.118367E-01 1.830463E-01 -1.445087E+00 5.799068E-01 -1.217093E-01 9.418403E-01 3.018409E-02 7.530098E-04 4.036892E+00 8.590048E+00 
1.708814E-01 6.352485E-03 3.089224E-01 1.810415E-01 -1.350103E+00 5.786782E-01 -1.128903E-01 9.643670E-01 2.776374E-02 8.516967E-04 3.764321E+00 8.878837E+00 
1.928532E-01 5.340479E-03 3.320555E-01 1.823849E-01 -1.379806E+00 5.769481E-01 -1.227843E-01 9.140062E-01 2.740477E-02 0.000000E+00 4.271426E+00 7.912688E+00 
1.742164E-01 4.977495E-03 3.271608E-01 1.817629E-01 -1.412014E+00 5.855491E-01 -1.943869E-01 9.573768E-01 2.739519E-02 8.419990E-04 4.177063E+00 9.162876E+00 
1.765601E-01 5.133213E-03 3.208092E-01 1.839073E-01 -1.386212E+00 5.941154E-01 -1.499080E-01 9.498603E-01 2.709409E-02 9.784768E-04 4.100826E+00 9.120600E+00 
1.750891E-01 4.225654E-03 3.381180E-01 1.797697E-01 -1.519957E+00 5.725058E-01 -9.810284E-02 8.942019E-01 2.884666E-02 7.611646E-04 4.107571E+00 9.116772E+00 
1.783182E-01 4.609038E-03 3.357302E-01 1.833889E-01 -1.422417E+00 5.924139E-01 -1.660303E-01 8.815348E-01 2.766320E-02 5.593260E-04 4.040693E+00 9.032887E+00 
1.757021E-01 5.433269E-03 3.103357E-01 1.865554E-01 -1.429957E+00 5.797626E-01 -1.448873E-01 8.940859E-01 2.703162E-02 2.518810E-04 4.340776E+00 8.950929E+00 
1.811250E-01 5.245042E-03 3.166962E-01 1.808056E-01 -1.406807E+00 5.790729E-01 -1.255099E-01 9.521995E-01 2.862510E-02 6.311301E-04 4.130750E+00 8.282899E+00 
1.888123E-01 6.121044E-03 3.287842E-01 1.842912E-01 -1.394396E+00 5.937992E-01 -1.466271E-01 9.842502E-01 2.649904E-02 1.375960E-03 4.078062E+00 8.602393E+00 
1.768394E-01 4.012455E-03 3.262486E-01 1.862961E-01 -1.364887E+00 5.902186E-01 -1.474520E-01 8.256341E-01 2.622564E-02 5.303301E-04 4.226825E+00 8.899952E+00 
1.533085E-01 4.827084E-03 3.050192E-01 1.823801E-01 -1.504002E+00 5.816694E-01 -1.738581E-01 9.380478E-01 2.695117E-02 5.678740E-04 4.186817E+00 9.038811E+00 
1.675541E-01 4.888815E-03 3.458115E-01 1.795861E-01 -1.374231E+00 5.763797E-01 -1.547212E-01 9.382321E-01 2.788608E-02 8.123924E-04 4.108984E+00 8.715523E+00 
1.741565E-01 4.489301E-03 3.325504E-01 1.845219E-01 -1.336169E+00 5.819584E-01 -1.623396E-01 9.550680E-01 2.865931E-02 9.657497E-04 4.162226E+00 9.218574E+00 
1.742230E-01 4.321082E-03 3.236318E-01 1.783899E-01 -1.421244E+00 5.772489E-01 -1.336754E-01 9.501654E-01 2.855844E-02 1.274143E-03 4.179057E+00 8.559912E+00 
1.668911E-01 4.700369E-03 3.223000E-01 1.813809E-01 -1.498662E+00 5.587301E-01 -1.227010E-01 9.537382E-01 2.827508E-02 5.081613E-04 4.160769E+00 8.860233E+00 
1.804870E-01 4.913764E-03 3.355680E-01 1.900227E-01 -1.396488E+00 5.793439E-01 -1.312469E-01 9.835497E-01 2.608109E-02 1.068474E-03 4.484252E+00 8.925343E+00 
1.708555E-01 4.827439E-03 3.359546E-01 1.864116E-01 -1.478298E+00 5.827022E-01 -1.636454E-01 9.583483E-01 2.711487E-02 5.933953E-04 4.010548E+00 8.795712E+00 
1.900952E-01 4.881670E-03 3.452964E-01 1.718692E-01 -1.404852E+00 5.852943E-01 -1.712966E-01 9.542234E-01 2.828692E-02 4.746596E-04 4.146987E+00 8.395083E+00 
1.755578E-01 3.792362E-03 3.220234E-01 1.831845E-01 -1.392497E+00 5.810395E-01 -1.045622E-01 9.844195E-01 2.747928E-02 4.424477E-04 4.109391E+00 8.785980E+00 
1.658530E-01 4.513834E-03 3.496540E-01 1.789609E-01 -1.386439E+00 5.835159E-01 -1.654504E-01 9.335766E-01 2.844759E-02 1.589649E-03 4.396125E+00 8.892839E+00 
1.734488E-01 4.275582E-03 3.381627E-01 1.801074E-01 -1.397422E+00 5.737720E-01 -1.670572E-01 9.026996E-01 2.676839E-02 8.975780E-04 4.383140E+00 8.562568E+00 
1.610698E-01 6.978819E-03 3.383798E-01 1.727073E-01 -1.417450E+00 5.792000E-01 -1.103587E-01 8.711341E-01 2.874916E-02 8.968329E-04 4.110262E+00 9.723338E+00 
1.707057E-01 4.135430E-03 3.328743E-01 1.810548E-01 -1.331535E+00 5.967809E-01 -1.218513E-01 9.224763E-01 2.468931E-02 8.948668E-04 3.613203E+00 9.624622E+00 
1.725523E-01 4.085238E-03 3.311312E-01 1.820325E-01 -1.362891E+00 5.935219E-01 -1.445278E-01 8.865937E-01 2.738291E-02 7.541997E-04 3.741026E+00 8.545334E+00 
1.794577E-01 3.930844E-03 3.099356E-01 1.799541E-01 -1.410326E+00 5.775975E-01 -9.110323E-02 9.163985E-01 2.845782E-02 7.664780E-04 3.834594E+00 8.871051E+00 
1.882316E-01 5.124624E-03 3.196195E-01 1.823788E-01 -1.354342E+00 5.847828E-01 -1.700219E-01 9.357263E-01 2.755194E-02 5.644609E-04 3.924202E+00 8.795890E+00 
1.706377E-01 4.112405E-03 3.176142E-01 1.830080E-01 -1.393478E+00 5.911188E-01 -1.274043E-01 9.924240E-01 2.812169E-02 8.360094E-04 4.017810E+00 8.606905E+00 
1.691327E-01 4.339195E-03 3.291515E-01 1.829001E-01 -1.384701E+00 5.892559E-01 -1.799555E-01 9.627728E-01 2.979876E-02 8.013295E-04 4.169341E+00 8.406716E+00 
1.589725E-01 6.853054E-03 3.597947E-01 1.819507E-01 -1.382396E+00 5.747004E-01 -1.207547E-01 9.786028E-01 2.799907E-02 1.399436E-03 4.240276E+00 8.726851E+00 
1.702223E-01 5.915679E-03 3.429168E-01 1.816543E-01 -1.519476E+00 5.615304E-01 -1.296952E-01 8.733530E-01 2.879400E-02 2.337233E-04 3.395877E+00 8.507340E+00 
1.708598E-01 5.024068E-03 3.215045E-01 1.804875E-01 -1.448307E+00 5.714212E-01 -1.343054E-01 9.254012E-01 2.792594E-02 7.972495E-04 3.830367E+00 8.923929E+00 
1.718604E-01 5.619050E-03 3.187058E-01 1.840598E-01 -1.436796E+00 5.775057E-01 -1.089439E-01 9.995504E-01 2.741103E-02 9.828022E-04 4.082187E+00 9.199560E+00 
1.784557E-01 4.919941E-03 3.300328E-01 1.823066E-01 -1.477145E+00 5.815600E-01 -1.560058E-01 9.433266E-01 2.803219E-02 1.271722E-03 4.032621E+00 9.448357E+00 
1.831573E-01 4.419748E-03 3.152088E-01 1.784183E-01 -1.480747E+00 5.661719E-01 -1.432329E-01 9.334209E-01 2.535590E-02 8.458940E-04 4.009924E+00 9.193113E+00 
1.812605E-01 5.643812E-03 3.262020E-01 1.858541E-01 -1.309601E+00 5.835909E-01 -1.382510E-01 1.011443E+00 2.701716E-02 1.344443E-03 3.965121E+00 8.955147E+00 
1.779827E-01 4.180206E-03 3.316639E-01 1.838056E-01 -1.336705E+00 5.892633E-01 -1.444626E-01 9.842258E-01 2.718273E-02 2.834971E-05 3.930562E+00 8.428092E+00 
1.823644E-01 4.966292E-03 3.338532E-01 1.881684E-01 -1.401576E+00 5.913478E-01 -1.498693E-01 9.926497E-01 2.798146E-02 1.339706E-03 4.163824E+00 9.402555E+00 
1.740965E-01 4.462740E-03 3.374896E-01 1.837975E-01 -1.394604E+00 5.954609E-01 -1.411997E-01 9.343094E-01 2.544632E-02 7.331832E-04 4.035270E+00 8.677534E+00 
1.559432E-01 7.338643E-03 3.483615E-01 1.799341E-01 -1.456011E+00 5.887382E-01 -1.356387E-01 9.587613E-01 2.707207E-02 1.596272E-03 4.109813E+00 8.745590E+00 
1.964889E-01 4.752277E-03 3.468973E-01 1.759528E-01 -1.403172E+00 5.814036E-01 -1.645091E-01 9.578771E-01 2.667638E-02 1.170939E-04 3.842272E+00 8.597871E+00 
1.610131E-01 5.581960E-03 3.281379E-01 1.810557E-01 -1.420773E+00 5.928949E-01 -1.389966E-01 9.778639E-01 2.875455E-02 7.332237E-04 4.394922E+00 8.929610E+00 
1.637458E-01 1.014616E-02 3.254640E-01 1.893047E-01 -1.418534E+00 5.854653E-01 -1.586367E-01 6.211429E-01 2.611368E-02 2.020633E-03 3.882548E+00 8.922764E+00 
1.707982E-01 5.525142E-03 3.181621E-01 1.837437E-01 -1.368868E+00 5.796713E-01 -1.355806E-01 9.326434E-01 2.834465E-02 5.588472E-04 4.465425E+00 8.674812E+00 
1.681019E-01 4.563466E-03 3.273371E-01 1.818653E-01 -1.416315E+00 5.855608E-01 -1.262414E-01 1.024296E+00 2.803631E-02 2.033339E-04 4.171599E+00 8.363938E+00 
1.652782E-01 4.898464E-03 3.291233E-01 1.807529E-01 -1.469926E+00 5.732775E-01 -1.240052E-01 9.604263E-01 3.098055E-02 6.521581E-04 4.107921E+00 8.616755E+00 
1.865943E-01 6.852986E-03 3.278446E-01 1.804015E-01 -1.336509E+00 5.904463E-01 -1.575682E-01 9.323249E-01 2.743650E-02 1.175855E-04 4.346362E+00 8.888457E+00 
1.905034E-01 5.183842E-03 3.175460E-01 1.828604E-01 -1.364657E+00 5.855380E-01 -1.634000E-01 9.729500E-01 2.723081E-02 7.575891E-04 4.153496E+00 8.767103E+00 
1.769795E-01 5.100473E-03 3.303093E-01 1.829795E-01 -1.418943E+00 5.846326E-01 -1.149635E-01 9.630265E-01 3.132444E-02 6.953933E-04 4.162051E+00 8.980493E+00 
1.758604E-01 5.870720E-03 3.091756E-01 1.874294E-01 -1.445422E+00 5.880887E-01 -1.166657E-01 9.516032E-01 2.633169E-02 2.575148E-03 4.398952E+00 9.372727E+00 
1.832207E-01 4.428164E-03 3.187717E-01 1.804147E-01 -1.431154E+00 5.904107E-01 -1.446483E-01 9.659314E-01 2.778835E-02 5.980572E-04 4.357904E+00 8.642848E+00 
1.659664E-01 5.268390E-03 3.124704E-01 1.823341E-01 -1.533841E+00 5.841380E-01 -1.411732E-01 9.644380E-01 2.737582E-02 7.714085E-04 4.398603E+00 8.765079E+00 
1.757981E-01 6.789966E-03 3.448999E-01 1.845004E-01 -1.512384E+00 5.808041E-01 -1.203303E-01 9.153412E-01 2.794940E-02 8.978341E-04 4.225199E+00 8.746690E+00 
1.757552E-01 1.328625E-02 3.397873E-01 1.881448E-01 -1.282380E+00 5.906546E-01 -1.334028E-01 9.934638E-01 2.811086E-02 7.672289E-04 4.571766E+00 8.834000E+00 
1.635235E-01 5.751434E-03 3.428224E-01 1.826096E-01 -1.434164E+00 5.778682E-01 -1.626863E-01 9.504590E-01 2.520730E-02 7.680900E-04 4.285249E+00 9.138626E+00 
1.709640E-01 5.411892E-03 3.420007E-01 1.797310E-01 -1.358477E+00 5.979289E-01 -1.372644E-01 9.767545E-01 2.820181E-02 6.337088E-04 4.123212E+00 8.522347E+00 
1.231135E-01 8.675147E-03 3.779925E-01 1.653991E-01 -1.270514E+00 2.585251E-01 -5.610365E-02 7.784635E-01 2.765267E-02 4.827828E-03 3.708566E+00 9.205215E+00 
1.841222E-01 5.441994E-03 3.161464E-01 1.843955E-01 -1.345656E+00 5.847967E-01 -1.566905E-01 9.466448E-01 2.834138E-02 1.034035E-03 3.832637E+00 8.506327E+00 
1.668166E-01 5.055109E-03 3.488798E-01 1.782010E-01 -1.378233E+00 5.993905E-01 -1.510588E-01 9.176376E-01 2.603412E-02 4.377402E-04 4.178261E+00 8.908525E+00 
1.694503E-01 4.578904E-03 3.122715E-01 1.780264E-01 -1.355248E+00 5.935848E-01 -1.265212E-01 9.401655E-01 2.567463E-02 3.709887E-04 4.096728E+00 9.616838E+00 
1.687020E-01 5.453581E-03 3.242793E-01 1.768521E-01 -1.491785E+00 5.943807E-01 -1.796620E-01 9.317158E-01 2.904132E-02 3.619177E-04 4.129942E+00 8.906295E+00 
1.695978E-01 5.199775E-03 3.178207E-01 1.816712E-01 -1.389498E+00 5.712387E-01 -1.261557E-01 9.083425E-01 2.634293E-02 8.194798E-04 4.357442E+00 9.223679E+00 
1.699941E-01 5.525225E-03 3.423199E-01 1.816720E-01 -1.412599E+00 5.858733E-01 -1.365481E-01 9.694661E-01 2.725048E-02 9.629568E-04 3.584736E+00 8.646150E+00 
1.656838E-01 5.982226E-03 3.454415E-01 1.809287E-01 -1.333952E+00 5.902539E-01 -1.608942E-01 1.000371E+00 2.822121E-02 1.157068E-03 4.134570E+00 8.602107E+00 
1.817603E-01 4.374739E-03 3.110201E-01 1.851098E-01 -1.350293E+00 5.959989E-01 -1.301144E-01 9.288328E-01 2.772949E-02 1.148573E-03 4.466597E+00 9.058464E+00 
1.724912E-01 1.684375E-02 3.586628E-01 1.864751E-01 -1.418607E+00 5.657185E-01 -1.368456E-01 9.425402E-01 3.014806E-02 8.246470E-04 4.624376E+00 9.440236E+00 
1.871359E-01 4.299358E-03 3.374798E-01 1.791187E-01 -1.401721E+00 5.901120E-01 -1.682543E-01 9.282100E-01 2.644171E-02 7.165282E-04 4.069702E+00 8.833980E+00 
1.786842E-01 5.522210E-03 3.297699E-01 1.830282E-01 -1.338125E+00 5.980148E-01 -1.202688E-01 9.569172E-01 3.035040E-02 3.249239E-04 3.752743E+00 8.885334E+00 
1.832029E-01 5.440076E-03 3.320830E-01 1.796341E-01 -1.428756E+00 5.858205E-01 -1.113028E-01 9.337986E-01 2.714728E-02 9.275783E-04 4.134038E+00 8.433541E+00 
1.747371E-01 5.447568E-03 3.200922E-01 1.821163E-01 -1.385578E+00 5.755634E-01 -1.204114E-01 9.532082E-01 2.750831E-02 2.750857E-04 3.867287E+00 8.832929E+00 
1.554321E-01 6.100380E-03 3.113065E-01 1.820898E-01 -1.413580E+00 5.834657E-01 -1.313884E-01 9.379796E-01 2.908881E-02 2.492455E-04 3.892062E+00 9.088093E+00 
1.832893E-01 5.056145E-03 3.157131E-01 1.803130E-01 -1.445674E+00 5.933880E-01 -1.646284E-01 9.936250E-01 2.696585E-02 1.978665E-03 4.278097E+00 8.741943E+00 
1.737879E-01 6.806542E-03 3.582155E-01 1.763147E-01 -1.283328E+00 5.920931E-01 -1.420806E-01 9.750378E-01 2.760471E-02 2.809693E-03 4.190670E+00 9.067827E+00 
1.604236E-01 5.116514E-03 3.124259E-01 1.840793E-01 -1.388238E+00 5.863433E-01 -1.423262E-01 9.684491E-01 2.751382E-02 1.380814E-03 4.210552E+00 8.889510E+00 
1.858340E-01 5.756771E-03 3.242654E-01 1.792566E-01 -1.303240E+00 5.907506E-01 -1.300618E-01 9.554206E-01 2.801515E-02 6.827752E-04 4.113628E+00 9.178036E+00 
1.775564E-01 5.448581E-03 3.319262E-01 1.854224E-01 -1.425495E+00 5.893968E-01 -1.348764E-01 9.576868E-01 2.746710E-02 5.115309E-04 4.323090E+00 8.662587E+00 
1.753998E-01 4.811261E-03 3.306450E-01 1.821766E-01 -1.322829E+00 5.795740E-01 -1.316529E-01 9.442008E-01 2.555292E-02 1.319278E-03 4.121846E+00 9.588114E+00 
1.739623E-01 4.644976E-03 3.364319E-01 1.828023E-01 -1.462587E+00 5.927329E-01 -1.546694E-01 9.300136E-01 2.788697E-02 1.331226E-03 4.001027E+00 9.109686E+00 
1.822134E-01 4.169294E-03 3.281706E-01 1.796823E-01 -1.310850E+00 5.864539E-01 -1.532597E-01 9.489820E-01 2.793709E-02 9.630272E-04 3.916931E+00 8.734233E+00 
1.740159E-01 4.340249E-03 3.271378E-01 1.835542E-01 -1.403246E+00 5.841489E-01 -1.427130E-01 9.736347E-01 2.777419E-02 4.287411E-04 4.242359E+00 8.663203E+00 
1.491839E-01 5.250750E-03 3.117868E-01 1.815626E-01 -1.385309E+00 5.839104E-01 -1.256563E-01 9.451605E-01 3.013245E-02 6.248408E-04 4.225000E+00 8.960316E+00 
1.750890E-01 4.841221E-03 3.253419E-01 1.861147E-01 -1.403164E+00 5.838150E-01 -1.544598E-01 9.582796E-01 2.645460E-02 1.269420E-03 4.532229E+00 9.185601E+00 
1.862373E-01 3.822839E-03 3.249664E-01 1.846682E-01 -1.415331E+00 5.514184E-01 -1.231045E-01 9.197046E-01 2.788147E-02 2.644054E-03 4.311511E+00 8.937129E+00 
1.718922E-01 3.785509E-03 3.462911E-01 1.851319E-01 -1.340874E+00 5.992507E-01 -1.516372E-01 9.182835E-01 2.894646E-02 6.231858E-04 3.969569E+00 8.814266E+00 
1.826506E-01 4.031874E-03 3.197372E-01 1.830136E-01 -1.368561E+00 5.969672E-01 -1.399013E-01 9.557344E-01 2.746910E-02 4.731627E-04 3.635958E+00 9.143194E+00 
1.763383E-01 4.717049E-03 3.308869E-01 1.873702E-01 -1.392192E+00 5.829929E-01 -1.383278E-01 1.014895E+00 2.775085E-02 1.691993E-04 4.189246E+00 8.484675E+00 
1.744957E-01 4.365175E-03 3.193196E-01 1.830045E-01 -1.440485E+00 5.880140E-01 -1.568825E-01 9.604310E-01 2.768984E-02 1.037556E-03 4.362375E+00 9.169563E+00 
1.794143E-01 4.741423E-03 3.287330E-01 1.879086E-01 -1.408067E+00 5.863640E-01 -1.541198E-01 9.606305E-01 2.853605E-02 1.167155E-03 3.832238E+00 8.412432E+00 
1.896518E-01 8.809385E-03 3.270844E-01 1.900736E-01 -1.457505E+00 5.978817E-01 -1.527403E-01 9.077547E-01 2.747901E-02 5.791273E-05 4.785237E+00 8.312916E+00 
1.737166E-01 6.394576E-03 3.389288E-01 1.811832E-01 -1.366719E+00 5.984998E-01 -1.351229E-01 9.713403E-01 2.591282E-02 1.071480E-03 3.821019E+00 8.810972E+00 
1.624943E-01 4.895828E-03 3.198919E-01 1.837270E-01 -1.482012E+00 5.865070E-01 -1.298813E-01 9.489639E-01 2.754953E-02 1.088097E-03 3.961955E+00 8.935797E+00 
1.817566E-01 4.716977E-03 3.420472E-01 1.803309E-01 -1.335656E+00 5.833834E-01 -1.257534E-01 9.247597E-01 2.784467E-02 6.651458E-04 4.174871E+00 8.091806E+00 
1.637732E-01 5.271445E-03 3.225123E-01 1.861536E-01 -1.420623E+00 5.781990E-01 -1.362696E-01 9.535010E-01 2.707932E-02 5.762490E-04 4.018846E+00 8.478278E+00 
1.689914E-01 5.966619E-03 3.261315E-01 1.817016E-01 -1.374535E+00 5.790229E-01 -1.172825E-01 1.014499E+00 2.799219E-02 5.033769E-04 4.007523E+00 9.356999E+00 
1.867991E-01 4.408052E-03 3.370627E-01 1.807509E-01 -1.415310E+00 5.921846E-01 -1.606883E-01 9.816081E-01 2.710088E-02 3.332466E-04 4.135814E+00 8.867599E+00 
1.699747E-01 4.028281E-03 3.228091E-01 1.777757E-01 -1.360442E+00 5.823512E-01 -1.201722E-01 9.609555E-01 3.113406E-02 1.095088E-03 3.994963E+00 9.031651E+00 
1.884336E-01 4.375632E-03 3.022442E-01 1.798143E-01 -1.435191E+00 5.825576E-01 -1.421457E-01 9.755750E-01 2.777517E-02 9.195667E-04 4.183888E+00 9.119942E+00 
1.763022E-01 3.265186E-03 3.377646E-01 1.869775E-01 -1.395502E+00 5.854298E-01 -1.318173E-01 9.380129E-01 2.824302E-02 7.731493E-04 4.069958E+00 9.168549E+00 
1.802285E-01 6.986204E-03 3.071245E-01 1.868708E-01 -1.423429E+00 5.831953E-01 -1.251071E-01 9.188172E-01 2.945045E-02 6.935772E-04 4.211667E+00 8.372332E+00 
1.836417E-01 6.036018E-03 2.938424E-01 1.800043E-01 -1.351721E+00 5.874238E-01 -1.596068E-01 9.157007E-01 3.090542E-02 5.158756E-04 4.081596E+00 9.511610E+00 
1.747660E-01 3.936001E-03 3.373464E-01 1.853895E-01 -1.420769E+00 5.964098E-01 -1.218470E-01 9.757201E-01 2.866269E-02 1.253216E-03 4.075823E+00 8.645336E+00 
1.663950E-01 4.016311E-03 3.496251E-01 1.792691E-01 -1.332251E+00 5.957470E-01 -1.531143E-01 9.328170E-01 2.457773E-02 6.209240E-04 4.242363E+00 8.807659E+00 
1.737835E-01 5.936911E-03 3.028527E-01 1.835829E-01 -1.447836E+00 5.875197E-01 -1.663966E-01 9.709118E-01 2.696108E-02 1.297874E-03 3.903017E+00 8.888527E+00 
1.736946E-01 4.592278E-03 3.544953E-01 1.791608E-01 -1.416776E+00 5.924142E-01 -1.556654E-01 9.482907E-01 2.688066E-02 6.941258E-04 3.936453E+00 8.592307E+00 
1.752615E-01 4.563699E-03 3.198471E-01 1.803980E-01 -1.453144E+00 5.802201E-01 -1.463323E-01 9.553395E-01 2.714982E-02 3.382421E-04 4.190781E+00 8.865846E+00 
1.765530E-01 4.710466E-03 3.286374E-01 1.806782E-01 -1.293340E+00 5.917598E-01 -1.221267E-01 9.043559E-01 3.266065E-02 5.635690E-04 4.238640E+00 8.349942E+00 
1.721541E-01 4.508673E-03 3.161537E-01 1.839223E-01 -1.343796E+00 5.819283E-01 -1.253747E-01 9.666573E-01 2.756451E-02 1.064232E-03 4.057207E+00 8.719333E+00 
8.762058E-02 3.282324E-02 3.431059E-01 1.814866E-01 -1.324074E+00 5.436988E-01 -7.107333E-02 9.880740E-01 2.767125E-02 1.746687E-03 3.373358E+00 8.543796E+00 
1.694559E-01 6.020516E-03 3.400102E-01 1.806402E-01 -1.373856E+00 5.822392E-01 -1.824632E-01 9.705602E-01 2.715064E-02 1.178219E-03 3.887791E+00 8.902635E+00 
1.675903E-01 4.980414E-03 3.215041E-01 1.872737E-01 -1.316359E+00 5.847004E-01 -1.297295E-01 9.983503E-01 2.676775E-02 1.076667E-03 4.107382E+00 8.131131E+00 
1.777508E-01 5.698996E-03 3.460678E-01 1.813277E-01 -1.395672E+00 5.898970E-01 -1.528203E-01 9.002847E-01 2.750887E-02 6.880143E-04 4.172711E+00 9.032336E+00 
1.661877E-01 1.169691E-02 3.177286E-01 1.721001E-01 -1.443547E+00 5.646965E-01 -1.331170E-01 9.513084E-01 3.056607E-02 6.086669E-03 3.953332E+00 9.582354E+00 
1.732902E-01 4.338372E-03 3.173917E-01 1.823728E-01 -1.386110E+00 5.751010E-01 -1.518313E-01 9.468862E-01 2.959837E-02 5.783242E-04 3.886424E+00 8.378320E+00 
1.771388E-01 4.387542E-03 3.330499E-01 1.799248E-01 -1.377027E+00 5.937589E-01 -1.103353E-01 9.570837E-01 2.553968E-02 1.507926E-03 4.241411E+00 8.726074E+00 
1.813672E-01 7.111327E-03 3.069881E-01 1.837611E-01 -1.296131E+00 5.885098E-01 -1.320254E-01 1.003537E+00 2.795917E-02 1.048653E-03 4.414359E+00 8.559449E+00 
1.655991E-01 5.264996E-03 3.300963E-01 1.814934E-01 -1.391145E+00 5.842396E-01 -1.891774E-01 9.748248E-01 2.697206E-02 7.108764E-04 3.978921E+00 9.043364E+00 
1.635946E-01 4.268621E-03 3.174473E-01 1.792278E-01 -1.406965E+00 5.872083E-01 -1.347018E-01 9.456108E-01 2.754427E-02 1.317161E-03 4.262769E+00 9.271850E+00 
1.723586E-01 4.794295E-03 3.215060E-01 1.792972E-01 -1.394033E+00 5.829543E-01 -1.408928E-01 9.512591E-01 2.642395E-02 1.004245E-03 3.957984E+00 9.249189E+00 
1.765878E-01 4.793216E-03 3.295765E-01 1.819960E-01 -1.396732E+00 5.886188E-01 -1.384702E-01 9.524765E-01 2.657706E-02 3.543584E-04 4.090441E+00 8.870885E+00 
1.709349E-01 4.902207E-03 3.050124E-01 1.837813E-01 -1.381422E+00 5.823709E-01 -1.015298E-01 1.043556E+00 3.200695E-02 9.071069E-04 4.288206E+00 8.870113E+00 
1.786045E-01 5.021452E-03 3.108044E-01 1.790782E-01 -1.417481E+00 5.850579E-01 -1.168563E-01 9.612219E-01 2.845457E-02 2.565960E-04 4.146755E+00 8.633674E+00 
1.832723E-01 5.674943E-03 3.101812E-01 1.820312E-01 -1.355725E+00 5.806151E-01 -1.088202E-01 9.310229E-01 2.738459E-02 5.048588E-04 4.273683E+00 8.429073E+00 
1.711163E-01 6.396644E-03 3.437729E-01 1.826407E-01 -1.400106E+00 5.966768E-01 -1.722027E-01 9.499719E-01 2.620226E-02 8.202358E-04 4.185943E+00 8.933641E+00 
1.773181E-01 4.940189E-03 3.252019E-01 1.803120E-01 -1.387679E+00 5.859035E-01 -1.918774E-01 9.473377E-01 2.881386E-02 3.172386E-04 4.082277E+00 8.608437E+00 
1.724093E-01 2.933176E-03 3.198096E-01 1.803434E-01 -1.375670E+00 5.965303E-01 -1.193029E-01 9.562097E-01 2.757967E-02 9.579520E-04 3.923800E+00 8.093988E+00 
