9.920380E-02 5.513136E-02 3.300502E-01 1.879284E-01 -1.465181E+00 4.165189E-01 -8.244251E-02 9.576524E-01 5.078595E-02 6.563714E-03 6.396610E+00 1.003020E+01 
9.335034E-02 4.587866E-02 3.312565E-01 1.550564E-01 -9.181566E-01 4.795618E-01 -6.239009E-02 9.116614E-01 2.915153E-02 1.017431E-02 4.057474E+00 5.785557E+00 
6.459834E-02 3.607376E-02 3.538184E-01 1.626192E-01 -1.343417E+00 5.117846E-01 -7.756009E-02 1.221950E+00 3.687707E-02 2.091938E-02 6.921416E+00 7.816281E+00 
5.565923E-02 5.367945E-02 3.551200E-01 1.301572E-01 -1.752487E+00 3.695232E-01 -2.741264E-02 1.080739E+00 3.149455E-02 1.459456E-02 5.005255E+00 1.129662E+01 
7.636465E-02 4.442156E-02 3.820775E-01 1.461502E-01 -1.745535E+00 4.693898E-01 -1.044684E-01 8.387839E-01 3.358734E-02 2.911890E-02 5.527774E+00 8.034699E+00 
4.505000E-02 4.608106E-02 3.008434E-01 1.567778E-01 -1.171576E+00 3.464802E-01 -5.695361E-02 1.101465E+00 5.946733E-02 1.165381E-02 3.909245E+00 7.104404E+00 
8.874544E-02 5.428654E-02 3.935271E-01 1.606124E-01 -1.038190E+00 4.871494E-01 -1.112774E-01 1.105764E+00 3.653033E-02 9.696122E-03 4.859651E+00 2.080020E+00 
7.663218E-02 8.372381E-02 4.035162E-01 1.334892E-01 -1.339425E+00 3.752528E-01 -4.507797E-02 7.078192E-01 3.497843E-02 1.298802E-02 4.410052E+00 9.520604E+00 
7.505039E-02 6.885520E-02 3.577103E-01 1.184558E-01 -1.177751E+00 4.819319E-01 -5.145483E-02 7.849090E-01 3.756423E-02 8.282931E-03 3.570591E+00 4.493632E+00 
4.406697E-02 7.387280E-02 3.168778E-01 1.420422E-01 -1.066198E+00 3.980175E-01 -3.782442E-02 1.102543E+00 4.136401E-02 1.577455E-02 5.693898E+00 7.439771E+00 
6.739608E-02 5.767174E-02 3.763919E-01 1.470581E-01 -1.203832E+00 4.438893E-01 -6.619122E-02 1.231525E+00 3.485199E-02 1.490635E-02 4.769375E+00 9.084295E+00 
6.580108E-02 5.197890E-02 3.371641E-01 1.672450E-01 -1.397014E+00 5.304113E-01 -7.640901E-02 6.787593E-01 4.834126E-02 1.087464E-02 5.791809E+00 1.195074E+01 
1.135204E-01 4.197307E-02 4.244447E-01 1.394026E-01 -1.142419E+00 4.085393E-01 -1.000000E-02 4.132588E-01 3.929309E-02 8.485964E-03 4.240576E+00 9.291346E+00 
9.127061E-02 8.642471E-02 2.816138E-01 1.390178E-01 -1.153916E+00 4.518754E-01 -9.391171E-02 6.228779E-01 3.091368E-02 1.330237E-02 2.517369E+00 3.311493E+00 
9.144703E-02 3.862841E-02 5.564251E-01 1.504654E-01 -1.594665E+00 1.976723E-01 -1.153861E-01 8.887009E-01 3.145867E-02 1.544585E-02 5.982490E+00 3.588079E+00 
6.599139E-02 6.350107E-02 2.912791E-01 1.285756E-01 -1.490079E+00 4.439579E-01 -7.103900E-02 8.681679E-01 3.084264E-02 1.731210E-02 4.379082E+00 3.268629E+00 
3.014213E-02 6.642001E-02 2.623507E-01 1.481491E-01 -1.485760E+00 3.821054E-01 -5.683554E-02 1.045755E+00 3.408505E-02 6.697745E-03 4.728307E+00 1.085913E+00 
7.052883E-02 7.157673E-02 3.091044E-01 1.375362E-01 -1.239355E+00 5.402733E-01 -1.397033E-01 1.181085E+00 2.207560E-02 1.445493E-02 3.458175E+00 8.555762E+00 
1.047396E-02 6.639465E-02 3.943325E-01 1.183885E-01 -1.120488E+00 4.991770E-01 -5.198179E-02 7.737629E-01 1.823839E-02 3.658631E-02 6.086380E+00 6.304637E+00 
4.645395E-02 5.239662E-02 3.377858E-01 1.557156E-01 -1.312207E+00 3.710809E-01 -2.609446E-02 9.324462E-01 3.136345E-02 6.382525E-03 5.185188E+00 7.385715E+00 
1.301549E-01 5.816827E-02 4.226694E-01 1.665664E-01 -1.042528E+00 3.984019E-01 -1.000000E-02 7.953550E-01 4.418957E-02 5.107269E-03 2.213041E+00 8.013318E+00 
7.829319E-02 5.417751E-02 3.250434E-01 1.263873E-01 -1.005693E+00 5.365936E-01 -9.413368E-02 1.022203E+00 3.024709E-02 1.604246E-02 4.560580E+00 5.233806E+00 
6.677600E-02 5.527604E-02 3.727352E-01 1.479705E-01 -1.459485E+00 4.323646E-01 -1.955820E-01 1.149558E+00 2.590966E-02 1.868922E-02 3.295856E+00 9.931855E+00 
1.035123E-01 4.480842E-02 3.694729E-01 1.480215E-01 -5.325528E-01 3.779549E-01 -7.237905E-02 5.417238E-01 1.456932E-02 9.772631E-03 6.795541E+00 1.148214E+01 
6.574715E-02 9.291704E-03 3.944093E-01 1.698198E-01 -1.504754E+00 3.634935E-01 -3.364083E-02 1.218368E+00 2.934933E-02 1.767123E-02 2.121854E+00 8.443331E+00 
1.043390E-01 7.064278E-02 3.869142E-01 1.352722E-01 -1.370810E+00 2.834586E-01 -8.789110E-02 8.155764E-01 2.940134E-02 1.730939E-02 4.280808E+00 7.748195E+00 
5.113582E-02 6.290424E-02 3.928881E-01 1.442512E-01 -8.599000E-01 2.907943E-01 -9.282034E-02 7.091768E-01 2.967848E-02 1.651636E-02 4.463088E+00 1.091216E+01 
7.186770E-02 1.000000E-04 3.778503E-01 1.490000E-01 -1.748669E+00 4.647038E-01 -1.191240E-01 9.659655E-01 4.034793E-02 2.893809E-02 1.733758E+00 1.272882E+01 
7.972815E-02 7.517476E-02 3.190014E-01 1.418796E-01 -1.210318E+00 4.425701E-01 -9.120828E-02 9.882356E-01 2.272166E-02 1.578400E-02 5.367941E+00 9.144484E+00 
8.055100E-02 5.024696E-02 3.528802E-01 1.708644E-01 -1.307935E+00 3.723012E-01 -8.217144E-02 7.495369E-01 3.227887E-02 8.776515E-03 3.633782E+00 1.046758E+01 
7.568069E-02 6.670398E-02 3.319586E-01 1.232628E-01 -1.665736E+00 4.593486E-01 -1.514563E-02 8.217593E-01 2.903002E-02 1.835994E-02 4.627649E+00 7.383316E+00 
3.997088E-02 5.098850E-02 2.836166E-01 1.380907E-01 -9.871149E-01 3.616436E-01 -3.819091E-02 9.432445E-01 3.291284E-02 1.585453E-02 4.085158E+00 1.287417E+01 
8.017420E-02 4.553687E-02 3.655388E-01 1.439046E-01 -1.126308E+00 4.604883E-01 -7.707230E-02 9.125444E-01 3.905878E-02 1.017714E-02 4.844525E+00 8.269379E-01 
6.963718E-02 4.604664E-02 2.408213E-01 1.464160E-01 -1.195806E+00 3.779389E-01 -4.572590E-02 7.762970E-01 3.975660E-02 1.124014E-02 3.647131E+00 3.511248E+00 
5.287252E-02 8.571428E-02 4.445420E-01 1.478018E-01 -1.027995E+00 4.586922E-01 -1.123321E-01 8.038195E-01 3.999296E-02 1.518036E-02 2.886491E+00 5.389264E+00 
8.290812E-02 7.173932E-02 3.427462E-01 1.770539E-01 -1.110205E+00 5.190909E-01 -9.132372E-02 1.156135E+00 6.763782E-02 1.995305E-02 7.157852E+00 6.111787E+00 
8.073838E-02 7.424482E-02 2.962546E-01 1.633776E-01 -9.930019E-01 3.688523E-01 -1.438882E-01 1.242230E+00 2.080114E-02 2.480786E-02 4.663385E+00 8.224280E+00 
8.589920E-02 4.426770E-02 3.162172E-01 1.411366E-01 -1.085279E+00 3.486895E-01 -8.038573E-02 1.194137E+00 3.247584E-02 2.188602E-02 5.025937E+00 1.358799E+01 
9.275040E-02 2.303293E-02 4.444078E-01 1.432840E-01 -1.331411E+00 4.865773E-01 -1.746001E-01 1.128215E+00 3.336710E-02 1.705881E-02 5.385880E+00 5.908895E+00 
3.281219E-02 4.765167E-02 3.968335E-01 1.340474E-01 -1.416856E+00 5.202666E-01 -1.270429E-01 9.065603E-01 3.517248E-02 1.066679E-02 2.916251E+00 1.139131E+01 
3.302763E-02 3.913896E-02 4.240294E-01 1.380984E-01 -9.482873E-01 4.498028E-01 -5.129117E-02 9.032058E-01 4.249969E-02 1.505872E-02 3.622689E+00 1.276515E+01 
8.141199E-02 5.630902E-02 3.141665E-01 1.175463E-01 -1.319349E+00 2.444608E-01 -3.076101E-02 8.197914E-01 2.579255E-02 1.311498E-02 3.902953E+00 1.428154E+01 
6.332243E-02 8.512415E-02 3.226623E-01 1.266971E-01 -1.099635E+00 4.514985E-01 -4.792936E-02 7.934780E-01 2.828368E-02 1.002933E-02 4.028750E+00 7.574661E+00 
1.038950E-01 5.757237E-02 3.931443E-01 1.605485E-01 -1.190932E+00 4.797883E-01 -5.569188E-02 7.812384E-01 3.957740E-02 5.647652E-03 4.464956E+00 1.031558E+01 
9.643017E-02 7.217690E-02 3.311135E-01 1.365401E-01 -1.010537E+00 1.986860E-01 -1.072255E-01 1.106537E+00 2.295091E-02 2.098840E-02 6.712118E+00 6.603148E+00 
8.409181E-02 1.212401E-02 4.322580E-01 1.974107E-01 -1.991385E+00 3.532430E-01 -4.966484E-02 1.218020E+00 2.474747E-02 1.860493E-02 5.273371E+00 6.299897E+00 
1.069920E-01 4.182949E-02 3.277061E-01 1.461802E-01 -9.911263E-01 4.969622E-01 -1.311007E-01 8.219605E-01 4.164648E-02 1.486884E-02 5.587498E+00 8.300063E+00 
8.323319E-02 6.463964E-02 3.628681E-01 1.584941E-01 -1.419319E+00 4.576526E-01 -1.756285E-01 7.108862E-01 1.699957E-02 3.141409E-02 5.286071E+00 6.882880E+00 
8.947395E-02 5.254540E-02 3.266946E-01 1.442773E-01 -1.315956E+00 3.738581E-01 -8.870613E-02 1.264768E+00 2.242153E-02 5.139470E-03 5.075968E+00 3.057371E+00 
1.015174E-01 4.512717E-02 4.579298E-01 1.711146E-01 -1.377209E+00 4.904722E-01 -1.316423E-01 9.889553E-01 3.014838E-02 2.095839E-02 4.391512E+00 1.133226E+01 
1.040064E-01 2.945924E-02 3.671470E-01 1.555815E-01 -1.074743E+00 6.000000E-01 -1.004998E-01 1.213177E+00 5.430542E-02 2.847468E-02 5.593466E+00 5.214868E+00 
1.331453E-01 3.239474E-02 5.566775E-01 1.537923E-01 -9.976662E-01 5.240212E-01 -1.687183E-01 9.254497E-01 3.268987E-02 1.522098E-02 5.264282E+00 6.537553E+00 
5.771068E-02 2.671217E-02 3.917128E-01 1.672998E-01 -1.540561E+00 3.927865E-01 -1.763414E-02 1.279996E+00 3.407114E-02 1.430525E-02 3.172196E+00 7.589598E+00 
5.810639E-02 4.750024E-02 3.498599E-01 1.319125E-01 -9.487784E-01 4.448905E-01 -6.065916E-02 1.028259E+00 3.296408E-02 2.279684E-02 3.758725E+00 8.488169E+00 
2.206231E-02 1.909073E-02 4.436762E-01 1.597063E-01 -1.581394E+00 1.618221E-01 -7.694356E-02 1.218348E+00 3.417421E-02 5.056384E-02 2.653769E+00 1.212489E+01 
7.484098E-02 2.331491E-02 4.292461E-01 1.332418E-01 -1.136771E+00 3.930590E-01 -2.216893E-02 8.160883E-01 3.413797E-02 1.065840E-02 5.977998E+00 1.349301E+01 
7.847799E-02 7.714005E-02 3.063104E-01 1.626118E-01 -1.062173E+00 5.268188E-01 -8.951455E-02 8.857077E-01 3.773617E-02 1.101772E-02 6.003161E+00 5.320995E+00 
5.676476E-02 3.187434E-02 2.565690E-01 1.393332E-01 -8.511927E-01 3.717639E-01 -5.403998E-02 9.222004E-01 4.118596E-02 9.832893E-03 4.793627E+00 7.136431E+00 
5.474823E-02 9.708945E-02 2.510352E-01 1.451419E-01 -1.217785E+00 3.810220E-01 -7.900027E-02 6.962010E-01 2.909294E-02 1.251372E-02 3.667088E+00 5.769512E+00 
7.039231E-02 4.261507E-02 3.084148E-01 1.419634E-01 -1.264061E+00 3.888997E-01 -3.904182E-02 1.465066E+00 2.827991E-02 8.885876E-03 2.530737E+00 7.112537E+00 
7.069596E-02 6.181118E-02 4.100631E-01 1.467273E-01 -1.552371E+00 4.579903E-01 -1.028412E-01 1.005519E+00 2.832193E-02 2.382177E-02 5.723236E+00 9.303591E+00 
4.202514E-02 5.395623E-02 3.648393E-01 1.421044E-01 -8.874170E-01 4.204099E-01 -4.798749E-02 1.057813E+00 4.135607E-02 1.206725E-02 5.085141E+00 7.133974E+00 
6.112191E-02 3.349896E-02 3.429728E-01 1.785740E-01 -1.020652E+00 4.461978E-01 -4.150382E-02 8.899390E-01 3.485266E-02 2.510838E-02 4.582135E+00 1.031626E+01 
7.970837E-02 6.713075E-02 3.846182E-01 1.258532E-01 -1.155747E+00 1.255487E-01 -3.139501E-02 8.045884E-01 2.404754E-02 2.712687E-02 3.834529E+00 1.146226E+01 
6.692925E-02 5.053684E-02 3.042921E-01 1.502233E-01 -1.227662E+00 3.106540E-01 -3.686334E-02 1.390444E+00 2.950195E-02 4.299057E-03 3.109092E+00 7.854130E+00 
9.075553E-02 3.442551E-02 3.098530E-01 1.598440E-01 -1.296147E+00 4.494016E-01 -5.426349E-02 9.545634E-01 2.893340E-02 1.347774E-02 3.389246E+00 1.331544E+01 
7.395662E-02 5.483074E-02 3.063635E-01 1.167639E-01 -1.313517E+00 4.312912E-01 -6.847173E-02 1.063613E+00 4.053738E-02 8.382794E-03 4.215580E+00 1.081874E+01 
5.725525E-02 7.061160E-02 3.652895E-01 1.442395E-01 -1.712032E+00 5.466931E-01 -5.364419E-02 3.497930E-01 4.676115E-02 3.360070E-02 5.655994E+00 1.021727E+01 
8.192592E-02 6.309131E-02 4.158964E-01 1.313162E-01 -9.773268E-01 2.747669E-01 -2.892074E-02 7.505188E-01 2.467104E-02 3.003383E-02 4.733455E+00 3.544895E+00 
6.121281E-02 7.715083E-02 3.235363E-01 1.398555E-01 -9.815569E-01 5.265635E-01 -1.254520E-01 5.417826E-01 3.770667E-02 4.100606E-02 4.875691E+00 4.221180E+00 
7.832558E-02 7.732727E-02 3.882506E-01 1.455162E-01 -1.026737E+00 2.594240E-01 -6.387006E-02 1.003503E+00 3.936499E-02 6.700925E-03 4.270563E+00 1.358340E+01 
8.420270E-02 6.854403E-02 4.055502E-01 2.000000E-01 -7.332909E-01 4.925512E-01 -5.914729E-02 7.822119E-01 2.578371E-02 2.486348E-02 3.199308E+00 6.913115E+00 
3.890432E-02 7.046449E-02 3.177525E-01 1.261016E-01 -1.074903E+00 4.977357E-01 -1.551808E-01 8.707513E-01 3.562958E-02 1.205982E-02 4.931786E+00 1.277411E+01 
8.634103E-02 2.996179E-02 4.364488E-01 1.269498E-01 -1.193828E+00 5.228674E-01 -4.105221E-02 9.821683E-01 2.692713E-02 1.258998E-02 3.922017E+00 5.817938E+00 
7.386796E-02 6.596129E-02 3.115088E-01 1.667915E-01 -1.451913E+00 4.855310E-01 -9.595022E-02 1.049512E+00 6.304471E-02 2.848525E-02 7.820312E+00 5.952799E+00 
6.273700E-02 4.992871E-02 3.982540E-01 1.360764E-01 -1.437101E+00 4.913258E-01 -7.847382E-02 6.703715E-01 2.293173E-02 3.589464E-02 6.120117E+00 1.364207E+01 
7.514600E-02 8.300469E-02 3.819727E-01 1.390332E-01 -1.306351E+00 3.770203E-01 -4.633901E-02 7.703915E-01 2.400884E-02 1.615549E-02 4.042795E+00 1.036430E+01 
7.077478E-02 4.834853E-02 4.334382E-01 1.527493E-01 -1.238931E+00 4.744103E-01 -7.734465E-02 7.981327E-01 3.538544E-02 3.172405E-02 5.095380E+00 2.979057E+00 
6.233480E-02 4.214077E-02 3.395622E-01 1.199148E-01 -1.260003E+00 4.494073E-01 -6.477285E-02 1.042273E+00 2.920981E-02 2.044185E-02 4.717789E+00 1.168783E+01 
9.124522E-02 4.077020E-02 3.366591E-01 1.318162E-01 -1.571145E+00 3.367810E-01 -5.500821E-02 5.805239E-01 2.189904E-02 1.206156E-03 3.988340E+00 1.058194E+01 
1.027942E-01 7.027150E-02 4.036608E-01 1.583660E-01 -7.684872E-01 5.103828E-01 -1.950170E-01 8.115325E-01 7.153568E-02 1.497147E-02 5.862620E+00 1.977944E+00 
9.331178E-02 4.051533E-02 4.412539E-01 1.336984E-01 -1.237716E+00 3.713330E-01 -1.433847E-01 5.399533E-01 2.604627E-02 2.445308E-03 4.336134E+00 6.405254E+00 
8.392527E-02 3.390033E-02 2.745490E-01 1.571658E-01 -1.459055E+00 5.142884E-01 -2.077335E-02 1.206997E+00 2.967734E-02 9.593802E-03 5.961103E+00 5.560944E+00 
7.978487E-02 6.562161E-02 3.412621E-01 1.740163E-01 -8.047392E-01 3.660838E-01 -8.270991E-02 9.853808E-01 3.219347E-02 3.059383E-02 5.644702E+00 8.219794E+00 
7.083739E-02 4.515355E-02 3.419467E-01 1.470360E-01 -1.419638E+00 3.777188E-01 -6.285435E-02 8.126501E-01 4.714308E-02 1.149844E-02 5.195643E+00 1.462957E+01 
1.366082E-01 5.828180E-02 3.011913E-01 1.517348E-01 -1.292334E+00 4.589684E-01 -3.689146E-02 9.511017E-01 3.211871E-02 2.063913E-02 4.552609E+00 8.538667E+00 
2.420367E-02 8.654076E-02 4.094519E-01 1.255515E-01 -8.821297E-01 3.534790E-01 -5.645933E-02 9.360638E-01 4.033187E-02 1.724003E-02 3.521319E+00 1.363906E+01 
5.756788E-02 5.943741E-02 3.019032E-01 1.421594E-01 -1.307437E+00 4.696261E-01 -4.200873E-02 7.505138E-01 2.095201E-02 5.175846E-03 4.316287E+00 1.234605E+01 
1.105452E-01 6.178351E-02 3.748284E-01 1.546308E-01 -1.428721E+00 4.872494E-01 -2.000000E-01 1.116462E+00 3.688964E-02 2.260962E-02 8.272270E+00 3.699915E+00 
9.688085E-02 6.099479E-02 3.828261E-01 1.312277E-01 -1.284137E+00 3.610003E-01 -3.134169E-02 7.776524E-01 3.725433E-02 2.722269E-02 4.853010E+00 5.185536E+00 
3.033967E-02 8.323667E-02 3.040992E-01 1.415523E-01 -7.667634E-01 4.115298E-01 -6.483535E-02 9.970623E-01 5.589076E-02 1.994704E-02 5.079604E+00 1.475725E+01 
1.096789E-01 5.069817E-02 3.567711E-01 1.655946E-01 -9.834335E-01 4.850568E-01 -5.713746E-02 8.826442E-01 5.505975E-02 6.672001E-03 4.226520E+00 8.240295E+00 
9.816337E-02 6.232744E-02 3.388943E-01 1.484939E-01 -1.071464E+00 3.937650E-01 -1.792951E-01 1.098495E+00 1.800563E-02 2.915936E-02 7.177015E+00 4.141818E+00 
7.932216E-02 6.224537E-02 3.456620E-01 1.564541E-01 -1.040332E+00 5.060677E-01 -2.000000E-01 9.404695E-01 2.904852E-02 3.066006E-02 4.657584E+00 7.263583E+00 
7.862334E-02 6.282223E-02 3.020069E-01 1.490747E-01 -1.351780E+00 5.029170E-01 -9.072007E-02 5.865834E-01 2.508502E-02 8.665698E-03 5.311336E+00 5.961992E+00 
9.882679E-02 5.730299E-02 2.785134E-01 1.444212E-01 -1.369503E+00 4.745886E-01 -7.910086E-02 1.121127E+00 3.292903E-02 1.855940E-02 4.350401E+00 7.918350E+00 
6.489578E-02 6.628204E-02 3.009912E-01 1.413097E-01 -1.256749E+00 3.914632E-01 -1.114326E-01 8.496215E-01 3.193170E-02 1.502270E-02 5.923109E+00 1.276479E+01 
8.058031E-02 7.877808E-02 3.353051E-01 1.712740E-01 -1.188646E+00 5.388108E-01 -7.801609E-02 1.058398E+00 4.254733E-02 2.265564E-02 6.338638E+00 5.893322E+00 
8.546125E-02 4.342931E-02 3.968538E-01 1.450028E-01 -1.291562E+00 4.334518E-01 -9.898809E-02 1.755504E+00 3.011983E-02 2.730087E-02 7.834435E+00 5.189040E+00 
5.199637E-02 5.885482E-02 3.143715E-01 1.540640E-01 -7.622742E-01 3.847000E-01 -4.899327E-02 8.974848E-01 4.097976E-02 3.032499E-02 5.314971E+00 8.652726E+00 
8.419631E-02 4.538777E-02 3.364494E-01 1.479413E-01 -1.181110E+00 5.404211E-01 -8.289644E-02 9.623301E-01 4.725429E-02 1.536745E-02 6.712466E+00 8.302970E+00 
1.075743E-01 1.652644E-02 3.599707E-01 1.628296E-01 -1.392700E+00 5.433935E-01 -4.505640E-02 9.079085E-01 4.039623E-02 6.167203E-03 4.770862E+00 6.339241E+00 
5.163226E-02 4.585228E-02 3.048962E-01 1.444920E-01 -1.310635E+00 4.071684E-01 -1.000000E-02 1.069361E+00 3.344854E-02 6.925340E-03 3.265033E+00 1.283306E+01 
5.652523E-02 5.282370E-02 3.568193E-01 1.448199E-01 -9.836793E-01 6.000000E-01 -1.160329E-01 8.523135E-01 3.874061E-02 4.029283E-02 5.124041E+00 9.109572E+00 
1.097816E-01 5.315316E-02 3.262967E-01 1.463723E-01 -1.562637E+00 4.816334E-01 -1.525162E-01 1.052828E+00 3.249373E-02 2.035906E-02 6.419154E+00 1.119999E+01 
7.752875E-02 6.057355E-02 4.153688E-01 1.325700E-01 -1.020077E+00 4.839775E-01 -2.775093E-02 7.831802E-01 2.713508E-02 1.172934E-02 2.309912E+00 6.678952E+00 
5.537753E-02 2.215125E-02 3.180453E-01 1.525120E-01 -9.865992E-01 5.088945E-01 -3.133220E-02 1.093468E+00 3.136053E-02 3.942278E-02 3.148290E+00 9.362220E+00 
8.833112E-02 7.459178E-02 3.434374E-01 1.445432E-01 -1.369469E+00 4.611215E-01 -1.578203E-01 1.243569E+00 1.152675E-02 2.370432E-02 5.838644E+00 4.548679E+00 
