1.773598E-01 5.138652E-03 3.104137E-01 1.822836E-01 -1.401019E+00 5.794506E-01 -1.026611E-01 9.492097E-01 2.761691E-02 7.743691E-04 4.230644E+00 8.591851E+00 
1.738220E-01 4.073854E-03 3.427930E-01 1.804576E-01 -1.454961E+00 5.951862E-01 -1.420854E-01 9.380738E-01 2.752588E-02 5.806439E-04 3.908068E+00 8.678482E+00 
1.698473E-01 4.874486E-03 3.090491E-01 1.806037E-01 -1.323120E+00 5.837243E-01 -1.379965E-01 9.523643E-01 3.058977E-02 5.954564E-04 4.252436E+00 8.605478E+00 
1.735508E-01 3.572207E-03 3.137901E-01 1.813564E-01 -1.387129E+00 5.967237E-01 -1.560522E-01 8.534381E-01 2.542351E-02 1.054257E-03 3.981106E+00 1.054130E+01 
1.577138E-01 4.175354E-03 3.245440E-01 1.731340E-01 -1.363537E+00 5.878869E-01 -7.970495E-02 9.464484E-01 2.834605E-02 6.003184E-04 4.258510E+00 8.860340E+00 
1.827805E-01 4.226778E-03 3.337863E-01 1.825346E-01 -1.450569E+00 5.819410E-01 -1.251297E-01 9.737958E-01 2.609952E-02 6.823705E-04 4.274180E+00 8.498889E+00 
1.663910E-01 4.720238E-03 3.298979E-01 1.832477E-01 -1.537160E+00 5.960422E-01 -9.938736E-02 9.397541E-01 2.573072E-02 7.075205E-04 4.238264E+00 8.903589E+00 
1.778186E-01 6.073868E-03 3.298359E-01 1.843143E-01 -1.386752E+00 5.922934E-01 -1.371889E-01 9.547778E-01 2.871974E-02 5.614538E-04 4.017865E+00 9.020258E+00 
1.751267E-01 7.915894E-03 3.349037E-01 1.885587E-01 -1.393771E+00 5.939996E-01 -1.524028E-01 9.631399E-01 2.712789E-02 9.423099E-04 3.805601E+00 9.948336E+00 
1.749648E-01 5.080655E-03 3.427765E-01 1.883192E-01 -1.446742E+00 5.909876E-01 -1.394009E-01 9.375300E-01 2.677344E-02 3.195550E-04 4.136919E+00 8.889206E+00 
1.743237E-01 4.349876E-03 3.108251E-01 1.843074E-01 -1.446537E+00 5.913487E-01 -1.250519E-01 9.037045E-01 3.098166E-02 7.169955E-04 4.287448E+00 8.937819E+00 
1.752529E-01 5.603940E-03 3.368715E-01 1.831119E-01 -1.542840E+00 5.850458E-01 -1.301776E-01 9.763536E-01 2.669899E-02 6.637039E-04 4.047211E+00 9.023556E+00 
1.600105E-01 4.767440E-03 3.299440E-01 1.842073E-01 -1.375905E+00 5.883129E-01 -1.392855E-01 9.678124E-01 2.608664E-02 1.545916E-03 4.223482E+00 9.026474E+00 
1.785644E-01 5.909136E-03 3.095019E-01 1.820145E-01 -1.439652E+00 5.913225E-01 -1.475597E-01 9.556417E-01 2.678769E-02 8.230796E-04 3.989938E+00 8.593557E+00 
1.776633E-01 4.289544E-03 3.368670E-01 1.850356E-01 -1.422754E+00 5.967041E-01 -1.440288E-01 9.671246E-01 2.713027E-02 2.437031E-04 4.080540E+00 8.601639E+00 
1.826814E-01 4.062706E-03 3.063311E-01 1.790233E-01 -1.291833E+00 5.771643E-01 -1.555968E-01 8.651069E-01 2.758893E-02 1.119682E-03 4.459351E+00 8.053466E+00 
1.867799E-01 3.442796E-03 3.301967E-01 1.827219E-01 -1.373260E+00 5.910269E-01 -1.365073E-01 8.844596E-01 3.014030E-02 1.222595E-03 4.054656E+00 8.460133E+00 
1.812971E-01 3.903748E-03 3.315426E-01 1.829052E-01 -1.445781E+00 5.909350E-01 -1.369732E-01 9.366738E-01 2.780324E-02 8.200328E-04 4.387820E+00 8.680507E+00 
1.649076E-01 3.786549E-03 3.505761E-01 1.752617E-01 -1.370823E+00 5.866841E-01 -1.398428E-01 9.731786E-01 3.423904E-02 4.946231E-04 3.805719E+00 8.504626E+00 
1.861364E-01 4.256968E-03 3.483634E-01 1.845983E-01 -1.509497E+00 5.966831E-01 -1.425474E-01 8.283631E-01 2.710829E-02 3.523130E-04 4.078260E+00 9.238169E+00 
1.866633E-01 5.437122E-03 3.417965E-01 1.820130E-01 -1.314489E+00 5.918041E-01 -1.951452E-01 8.573379E-01 2.865958E-02 7.500494E-04 4.061316E+00 8.782078E+00 
1.723712E-01 6.544931E-03 3.486395E-01 1.846419E-01 -1.313288E+00 5.906011E-01 -1.936253E-01 9.312548E-01 2.515707E-02 6.266917E-04 4.237000E+00 8.669944E+00 
1.775501E-01 4.106817E-03 3.197483E-01 1.868169E-01 -1.441778E+00 5.830757E-01 -1.276491E-01 1.036128E+00 2.773100E-02 8.886567E-04 4.377053E+00 9.668886E+00 
1.671672E-01 4.653559E-03 3.361998E-01 1.828183E-01 -1.422025E+00 5.839201E-01 -1.713938E-01 9.638189E-01 2.646617E-02 7.009954E-04 4.265854E+00 8.154848E+00 
1.678980E-01 2.217457E-03 3.387635E-01 1.796242E-01 -1.411663E+00 5.873780E-01 -1.340556E-01 9.264516E-01 2.660132E-02 7.432630E-04 3.357624E+00 8.629829E+00 
1.861311E-01 5.469757E-03 3.367317E-01 1.740207E-01 -1.401500E+00 5.895821E-01 -1.651331E-01 9.354174E-01 2.673771E-02 1.016584E-03 4.095588E+00 8.818961E+00 
1.729424E-01 6.049391E-03 3.314056E-01 1.858459E-01 -1.520824E+00 5.834665E-01 -1.324763E-01 9.685644E-01 2.625468E-02 9.152080E-04 4.005639E+00 8.814854E+00 
1.785594E-01 7.375760E-03 3.166050E-01 1.821274E-01 -1.396075E+00 5.805838E-01 -1.337875E-01 9.212224E-01 2.893418E-02 1.025223E-03 4.117154E+00 8.880264E+00 
1.690367E-01 6.307728E-03 3.378224E-01 1.855748E-01 -1.390312E+00 5.924220E-01 -1.569770E-01 9.419952E-01 2.716096E-02 4.404648E-04 4.040202E+00 9.579063E+00 
1.822814E-01 5.966966E-03 3.085115E-01 1.864333E-01 -1.418765E+00 5.904115E-01 -1.560869E-01 9.160416E-01 2.631177E-02 1.223070E-03 3.895213E+00 8.451471E+00 
1.712575E-01 4.921178E-03 3.248963E-01 1.828163E-01 -1.447077E+00 5.999870E-01 -1.485228E-01 9.619670E-01 2.937862E-02 5.073720E-05 4.208768E+00 8.787122E+00 
1.718556E-01 4.771744E-03 3.098782E-01 1.809237E-01 -1.363334E+00 5.785675E-01 -1.469955E-01 9.363198E-01 2.634476E-02 9.261992E-04 4.249475E+00 8.633204E+00 
1.844737E-01 4.707892E-03 3.139863E-01 1.793004E-01 -1.377503E+00 5.819539E-01 -1.670883E-01 9.772369E-01 2.834590E-02 9.528285E-04 4.148353E+00 8.675889E+00 
1.632875E-01 4.629572E-03 3.240807E-01 1.824238E-01 -1.381474E+00 5.846036E-01 -1.311625E-01 9.439764E-01 2.915574E-02 8.023302E-04 3.880095E+00 8.414015E+00 
1.790903E-01 4.669956E-03 3.291333E-01 1.831801E-01 -1.423137E+00 5.907429E-01 -1.466173E-01 9.836164E-01 2.814602E-02 5.725010E-04 4.514055E+00 8.759245E+00 
1.696815E-01 5.832054E-03 3.474913E-01 1.811519E-01 -1.385035E+00 5.878763E-01 -1.305037E-01 9.541045E-01 2.924070E-02 7.038957E-04 4.368550E+00 8.787144E+00 
1.899519E-01 6.314702E-03 3.208777E-01 1.775213E-01 -1.448337E+00 5.863475E-01 -1.646438E-01 9.932439E-01 2.689863E-02 7.792387E-04 4.040550E+00 9.180889E+00 
1.572715E-01 3.819621E-03 3.334737E-01 1.800102E-01 -1.379720E+00 5.888886E-01 -1.575145E-01 9.540986E-01 2.832108E-02 8.417923E-04 3.893035E+00 8.914770E+00 
1.781867E-01 4.857210E-03 3.257704E-01 1.862975E-01 -1.433954E+00 5.862500E-01 -1.236479E-01 9.353593E-01 2.718985E-02 7.724940E-04 4.006368E+00 8.797919E+00 
1.709194E-01 6.960603E-03 3.418824E-01 1.814705E-01 -1.363725E+00 5.934552E-01 -1.549003E-01 8.907065E-01 2.771306E-02 1.362566E-04 4.078027E+00 9.635851E+00 
1.817093E-01 6.801115E-03 3.251871E-01 1.931633E-01 -1.387346E+00 5.882533E-01 -1.468507E-01 9.684898E-01 2.763759E-02 5.190062E-04 4.461496E+00 9.058496E+00 
1.927100E-01 6.780964E-03 3.524262E-01 1.791767E-01 -1.425354E+00 5.885963E-01 -1.560719E-01 9.697368E-01 2.694346E-02 4.680672E-04 4.103033E+00 8.824017E+00 
7.142499E-02 2.015839E-02 3.677427E-01 1.625647E-01 -1.483114E+00 4.279181E-01 -1.058226E-01 4.033734E-01 2.926990E-02 3.851392E-03 3.881628E+00 1.081481E+01 
1.629191E-01 4.506475E-03 3.075202E-01 1.831441E-01 -1.354084E+00 5.546561E-01 -1.125438E-01 9.515759E-01 2.832993E-02 5.277580E-04 4.078964E+00 8.137095E+00 
1.665184E-01 5.778071E-03 3.451199E-01 1.804247E-01 -1.465612E+00 5.697542E-01 -1.793193E-01 8.961561E-01 2.711938E-02 8.161416E-04 4.537928E+00 8.818453E+00 
1.692278E-01 4.813839E-03 3.238137E-01 1.818324E-01 -1.372594E+00 5.851813E-01 -1.525170E-01 9.674808E-01 2.830397E-02 5.390252E-04 3.925509E+00 8.551009E+00 
1.574460E-01 5.333259E-03 2.962859E-01 1.784378E-01 -1.423371E+00 5.792408E-01 -8.444591E-02 9.251170E-01 2.562281E-02 9.372822E-04 4.358318E+00 9.088539E+00 
1.946203E-01 6.127461E-03 3.419058E-01 1.889966E-01 -1.466967E+00 5.870187E-01 -1.718695E-01 8.700967E-01 2.594383E-02 7.919771E-04 3.874003E+00 8.711581E+00 
1.766019E-01 3.893068E-03 3.219262E-01 1.927321E-01 -1.391543E+00 5.870138E-01 -1.189000E-01 1.011693E+00 2.770927E-02 2.676791E-04 4.257038E+00 8.180283E+00 
1.777962E-01 5.032253E-03 3.335810E-01 1.824037E-01 -1.428905E+00 5.860184E-01 -2.000000E-01 9.376277E-01 2.706095E-02 2.922731E-04 3.822664E+00 8.783464E+00 
1.740154E-01 5.464435E-03 3.313362E-01 1.819074E-01 -1.378733E+00 5.848823E-01 -1.564260E-01 9.470289E-01 2.759143E-02 1.386110E-03 3.869971E+00 8.872749E+00 
1.741216E-01 8.034842E-03 3.276053E-01 1.814171E-01 -1.378525E+00 5.905566E-01 -1.269748E-01 9.093188E-01 2.886354E-02 1.004307E-03 4.132000E+00 8.798418E+00 
1.639280E-01 5.338550E-03 3.485202E-01 1.839833E-01 -1.379075E+00 5.751994E-01 -1.249783E-01 9.642240E-01 2.851369E-02 1.746787E-03 4.000555E+00 8.707663E+00 
1.624800E-01 6.292480E-03 3.297545E-01 1.806199E-01 -1.402910E+00 5.885631E-01 -1.970192E-01 9.565044E-01 2.765221E-02 4.113896E-04 4.138935E+00 9.051769E+00 
1.690527E-01 3.886567E-03 3.287963E-01 1.844209E-01 -1.434562E+00 5.866900E-01 -1.654192E-01 9.668778E-01 2.689148E-02 6.433215E-04 4.090506E+00 8.474602E+00 
1.712763E-01 4.248653E-03 3.131886E-01 1.783828E-01 -1.386890E+00 5.832372E-01 -1.324966E-01 9.861251E-01 2.727821E-02 8.664151E-04 4.201200E+00 8.731974E+00 
1.810910E-01 5.482172E-03 3.407365E-01 1.823205E-01 -1.534785E+00 5.886075E-01 -1.381636E-01 9.505313E-01 2.816475E-02 8.164558E-04 4.143790E+00 8.924062E+00 
1.680311E-01 4.706503E-03 3.439512E-01 1.825020E-01 -1.451258E+00 5.898433E-01 -1.942912E-01 9.493865E-01 2.659948E-02 5.168001E-04 4.227903E+00 8.926508E+00 
1.830663E-01 3.173457E-03 3.454764E-01 1.844973E-01 -1.426177E+00 5.895782E-01 -1.811455E-01 9.560727E-01 2.875553E-02 9.552267E-04 4.559279E+00 9.487802E+00 
1.845868E-01 7.406125E-03 3.185641E-01 2.000000E-01 -1.408145E+00 4.147951E-01 -7.700404E-02 1.109992E+00 2.761262E-02 3.459976E-04 4.159984E+00 8.709732E+00 
1.771015E-01 4.303358E-03 3.015367E-01 1.827187E-01 -1.379571E+00 5.740433E-01 -1.435177E-01 9.778930E-01 2.761619E-02 7.593293E-04 4.192676E+00 8.587161E+00 
1.739522E-01 4.023467E-03 3.430078E-01 1.745126E-01 -1.403347E+00 5.889384E-01 -1.648530E-01 9.442164E-01 2.729431E-02 1.284425E-03 3.995654E+00 9.556575E+00 
1.703556E-01 5.462360E-03 3.236889E-01 1.810433E-01 -1.318131E+00 5.833083E-01 -1.258395E-01 8.897567E-01 2.821222E-02 1.609876E-04 3.999128E+00 8.473919E+00 
1.798232E-01 4.813570E-03 3.400923E-01 1.860017E-01 -1.391908E+00 5.633270E-01 -1.656368E-01 9.334954E-01 2.813024E-02 4.654386E-04 4.375016E+00 8.644990E+00 
1.691573E-01 4.863226E-03 3.179648E-01 1.775494E-01 -1.350384E+00 5.869092E-01 -1.109868E-01 8.970570E-01 2.727217E-02 9.268451E-04 3.885520E+00 8.520124E+00 
1.780047E-01 4.321985E-03 3.235662E-01 1.871819E-01 -1.399381E+00 5.860129E-01 -1.586891E-01 9.144717E-01 2.400849E-02 2.490983E-04 3.872611E+00 8.320796E+00 
1.614943E-01 5.142878E-03 3.047336E-01 1.889386E-01 -1.372450E+00 5.824042E-01 -1.676060E-01 9.573997E-01 2.690234E-02 8.484255E-04 4.271954E+00 8.770595E+00 
1.959565E-01 4.835235E-03 3.316625E-01 1.793463E-01 -1.348888E+00 5.900971E-01 -1.410429E-01 9.888348E-01 2.908807E-02 8.365664E-04 4.255984E+00 8.976800E+00 
1.780197E-01 6.158179E-03 3.296869E-01 1.793367E-01 -1.453047E+00 5.855602E-01 -1.356434E-01 9.170001E-01 2.799392E-02 7.684198E-04 4.021760E+00 9.322452E+00 
1.695412E-01 5.072291E-03 3.537437E-01 1.806204E-01 -1.261819E+00 5.701336E-01 -1.387961E-01 9.805702E-01 2.760902E-02 2.950267E-04 4.023604E+00 9.099759E+00 
1.793199E-01 5.311264E-03 3.296532E-01 1.850990E-01 -1.442308E+00 5.933477E-01 -1.394047E-01 9.496801E-01 2.706704E-02 4.020458E-04 4.288404E+00 8.147658E+00 
1.649680E-01 4.459007E-03 3.183754E-01 1.792749E-01 -1.452723E+00 5.844226E-01 -1.136374E-01 9.387312E-01 2.686190E-02 9.071629E-04 4.298884E+00 8.188545E+00 
1.565582E-01 1.577767E-02 3.286159E-01 1.812286E-01 -1.417374E+00 5.835816E-01 -1.264736E-01 4.830451E-01 3.028960E-02 4.440568E-03 4.083105E+00 9.595746E+00 
1.680384E-01 5.584551E-03 3.175530E-01 1.829353E-01 -1.352680E+00 5.854909E-01 -1.322428E-01 9.424325E-01 2.854011E-02 8.450295E-04 3.806928E+00 8.458498E+00 
1.764914E-01 4.401985E-03 3.370154E-01 1.844658E-01 -1.464789E+00 5.793508E-01 -1.608745E-01 9.526298E-01 2.771616E-02 8.579654E-04 4.168626E+00 8.963568E+00 
1.710312E-01 4.762435E-03 3.315313E-01 1.816626E-01 -1.390824E+00 5.868075E-01 -1.308853E-01 9.846442E-01 2.814498E-02 1.171256E-03 4.026313E+00 8.543705E+00 
1.694563E-01 5.499764E-03 3.380654E-01 1.818909E-01 -1.362111E+00 5.881627E-01 -1.428252E-01 9.386011E-01 2.853940E-02 6.451477E-04 3.917428E+00 8.119268E+00 
1.789908E-01 4.298342E-03 3.217488E-01 1.851452E-01 -1.416900E+00 5.839883E-01 -1.284239E-01 9.030434E-01 2.782514E-02 8.872627E-04 4.210927E+00 8.629088E+00 
1.747120E-01 5.836452E-03 3.289338E-01 1.847678E-01 -1.518775E+00 5.961781E-01 -1.355147E-01 1.011474E+00 2.606427E-02 1.391668E-03 4.386894E+00 8.919572E+00 
1.912622E-01 2.620800E-03 3.309397E-01 1.802634E-01 -1.374509E+00 5.880099E-01 -1.696662E-01 9.492249E-01 2.730456E-02 2.836579E-04 4.032107E+00 9.263264E+00 
1.770109E-01 2.849961E-03 3.407532E-01 1.842433E-01 -1.313166E+00 5.954613E-01 -1.431203E-01 9.335961E-01 2.899381E-02 1.034896E-04 3.871552E+00 8.487748E+00 
1.570293E-01 7.416572E-03 3.352647E-01 1.692481E-01 -1.354227E+00 5.758029E-01 -9.411114E-02 9.747506E-01 2.647678E-02 5.157992E-03 3.916846E+00 1.029639E+01 
1.924195E-01 3.843437E-03 3.424694E-01 1.796877E-01 -1.446103E+00 5.820536E-01 -1.592633E-01 9.604755E-01 2.886497E-02 9.120709E-05 4.116621E+00 9.225878E+00 
1.656822E-01 6.022732E-03 3.471566E-01 1.813339E-01 -1.383451E+00 5.921141E-01 -2.000000E-01 9.225164E-01 2.830741E-02 9.927440E-04 4.451558E+00 8.379035E+00 
1.635849E-01 5.567724E-03 3.341468E-01 1.744961E-01 -1.448982E+00 5.849177E-01 -1.898439E-01 9.366828E-01 2.859774E-02 1.205505E-03 4.002283E+00 8.005404E+00 
1.638417E-01 4.229735E-03 3.452007E-01 1.807001E-01 -1.398291E+00 5.846721E-01 -1.329120E-01 9.241561E-01 2.787372E-02 1.160849E-03 4.237678E+00 8.998260E+00 
1.632781E-01 5.162976E-03 3.410236E-01 1.800139E-01 -1.459352E+00 5.941282E-01 -1.074200E-01 9.440771E-01 2.758635E-02 1.128812E-03 4.209007E+00 8.359419E+00 
1.701148E-01 5.079064E-03 3.180125E-01 1.857415E-01 -1.370330E+00 5.809475E-01 -1.349412E-01 9.442124E-01 2.769110E-02 9.203984E-04 4.159036E+00 8.238530E+00 
1.592688E-01 4.026321E-03 3.414773E-01 1.788318E-01 -1.377913E+00 5.881022E-01 -1.943857E-01 9.836435E-01 2.661106E-02 9.534515E-04 3.957593E+00 8.093625E+00 
1.805722E-01 4.083630E-03 3.175595E-01 1.787263E-01 -1.371949E+00 5.918041E-01 -1.340565E-01 9.347254E-01 2.832546E-02 6.302760E-04 4.090666E+00 8.637347E+00 
1.720458E-01 5.790449E-03 3.112734E-01 1.837522E-01 -1.430827E+00 5.788440E-01 -1.388723E-01 9.519045E-01 2.952078E-02 8.413910E-04 4.150436E+00 8.827562E+00 
1.727760E-01 8.014736E-03 3.417949E-01 1.732115E-01 -1.403421E+00 5.693464E-01 -1.456341E-01 8.861821E-01 2.847249E-02 2.065729E-03 3.982424E+00 8.966134E+00 
1.658308E-01 4.960904E-03 3.368750E-01 1.806120E-01 -1.494193E+00 5.879771E-01 -1.365484E-01 8.774247E-01 2.902445E-02 1.066611E-03 4.015840E+00 8.398708E+00 
1.727713E-01 5.685428E-03 3.328714E-01 1.827701E-01 -1.356868E+00 5.873370E-01 -1.581244E-01 9.663503E-01 2.647571E-02 8.148035E-04 4.328484E+00 9.049552E+00 
1.743236E-01 5.103519E-03 3.457653E-01 1.817601E-01 -1.375303E+00 5.809836E-01 -1.861311E-01 9.506168E-01 3.084468E-02 1.473161E-03 4.120637E+00 8.114677E+00 
1.697219E-01 7.649765E-03 3.338052E-01 1.814919E-01 -1.322255E+00 5.809687E-01 -1.246304E-01 9.459090E-01 2.877594E-02 0.000000E+00 4.349558E+00 8.467044E+00 
1.755940E-01 4.121865E-03 3.593053E-01 1.852954E-01 -1.407854E+00 5.869943E-01 -1.955166E-01 9.876190E-01 2.653075E-02 1.144877E-03 4.458624E+00 7.936994E+00 
1.859076E-01 4.632984E-03 3.297875E-01 1.859252E-01 -1.435949E+00 5.838302E-01 -1.330460E-01 9.120021E-01 2.632229E-02 1.356230E-03 4.183398E+00 9.253349E+00 
1.908591E-01 4.612205E-03 3.385157E-01 1.820359E-01 -1.398146E+00 5.837829E-01 -1.357142E-01 9.234224E-01 2.749379E-02 6.836305E-04 4.243216E+00 8.758231E+00 
1.669799E-01 5.146524E-03 3.206038E-01 1.819441E-01 -1.334868E+00 5.843889E-01 -1.415172E-01 9.218592E-01 2.759268E-02 5.249784E-04 4.070025E+00 8.541208E+00 
1.796054E-01 6.872955E-03 3.358105E-01 1.821891E-01 -1.385567E+00 5.810543E-01 -1.672171E-01 9.728509E-01 2.783133E-02 7.658056E-04 4.407119E+00 9.157844E+00 
1.584356E-01 6.380812E-03 3.513840E-01 1.791435E-01 -1.423196E+00 5.967340E-01 -1.651294E-01 9.308748E-01 2.581179E-02 2.939305E-04 3.953066E+00 8.585745E+00 
1.603896E-01 5.301517E-03 3.353709E-01 1.824298E-01 -1.404221E+00 5.872099E-01 -1.538989E-01 9.499106E-01 2.715853E-02 6.760310E-04 4.100169E+00 8.912930E+00 
1.573300E-01 5.019740E-03 3.441872E-01 1.723189E-01 -1.452097E+00 5.920178E-01 -1.531360E-01 9.016170E-01 2.831954E-02 1.011218E-03 4.274674E+00 9.251205E+00 
1.766887E-01 4.933135E-03 3.149624E-01 1.789211E-01 -1.330332E+00 5.871996E-01 -1.636307E-01 9.372354E-01 2.741241E-02 1.035831E-03 4.050433E+00 8.749646E+00 
1.710361E-01 4.133860E-03 3.253289E-01 1.837212E-01 -1.456393E+00 5.915284E-01 -1.355982E-01 9.910742E-01 2.773185E-02 1.063510E-03 4.123737E+00 8.814240E+00 
1.680667E-01 3.307083E-03 3.298072E-01 1.841884E-01 -1.376686E+00 5.763006E-01 -1.372983E-01 9.536577E-01 2.673589E-02 6.452294E-04 3.912490E+00 9.344180E+00 
1.776984E-01 4.144947E-03 3.286186E-01 1.817995E-01 -1.401552E+00 5.981598E-01 -1.638237E-01 9.469320E-01 2.908836E-02 1.032994E-03 4.230244E+00 8.885121E+00 
1.723976E-01 3.797511E-03 3.180695E-01 1.836662E-01 -1.502174E+00 5.806746E-01 -1.150848E-01 9.389722E-01 2.777563E-02 4.166709E-04 4.173537E+00 1.027861E+01 
1.702847E-01 7.431541E-03 3.270134E-01 1.790867E-01 -1.390738E+00 5.606402E-01 -1.121394E-01 9.975631E-01 2.810339E-02 6.386668E-04 4.013763E+00 8.586234E+00 
1.782298E-01 4.658173E-03 3.331128E-01 1.821828E-01 -1.402707E+00 5.918102E-01 -1.602316E-01 9.501868E-01 2.806958E-02 8.191142E-04 4.251963E+00 9.132621E+00 
1.710685E-01 7.650496E-03 3.368273E-01 1.861744E-01 -1.410823E+00 5.919513E-01 -1.312471E-01 9.580834E-01 2.629193E-02 1.630443E-03 3.986342E+00 8.073508E+00 
1.781529E-01 5.444844E-03 2.929578E-01 1.815592E-01 -1.334389E+00 5.811724E-01 -1.421067E-01 9.389935E-01 2.889420E-02 1.037432E-03 3.939049E+00 9.125379E+00 
1.713331E-01 8.236244E-03 3.149887E-01 1.793777E-01 -1.418443E+00 5.687211E-01 -1.873539E-01 9.972822E-01 2.811113E-02 3.174721E-04 4.131689E+00 8.104299E+00 
1.719843E-01 4.955908E-03 3.286942E-01 1.780518E-01 -1.428332E+00 5.892272E-01 -1.441691E-01 9.231402E-01 2.712700E-02 8.740163E-04 3.911812E+00 8.819549E+00 
1.481425E-01 1.018073E-02 3.438496E-01 1.702934E-01 -1.402248E+00 5.571339E-01 -1.186790E-01 9.295576E-01 2.513564E-02 2.199801E-03 3.920268E+00 9.709687E+00 
1.675884E-01 4.231258E-03 3.382063E-01 1.817054E-01 -1.309024E+00 5.817515E-01 -1.302793E-01 9.432202E-01 2.807048E-02 5.902374E-04 4.125245E+00 9.171543E+00 
1.793032E-01 4.536244E-03 3.186947E-01 1.834440E-01 -1.465668E+00 5.780654E-01 -1.401530E-01 9.212882E-01 2.686281E-02 9.281304E-04 3.972635E+00 8.517654E+00 
1.747259E-01 4.425509E-03 3.283170E-01 1.825994E-01 -1.359026E+00 5.835413E-01 -1.247562E-01 9.387570E-01 2.874304E-02 1.167770E-03 4.137471E+00 8.846858E+00 
1.659291E-01 5.099503E-03 3.168016E-01 1.829315E-01 -1.378648E+00 5.969212E-01 -1.442238E-01 9.528316E-01 2.861587E-02 9.748736E-04 4.171031E+00 8.479475E+00 
1.710996E-01 6.889635E-03 3.466465E-01 1.778759E-01 -1.451929E+00 5.924327E-01 -1.833068E-01 9.264621E-01 2.795248E-02 1.175398E-03 3.959905E+00 8.221261E+00 
1.772385E-01 4.695025E-03 3.540711E-01 1.785558E-01 -1.341987E+00 5.901589E-01 -1.569592E-01 9.592161E-01 2.782483E-02 1.150469E-04 4.200240E+00 8.686217E+00 
1.716759E-01 6.639684E-03 3.400421E-01 1.853959E-01 -1.365337E+00 5.850666E-01 -1.894869E-01 8.932265E-01 2.696252E-02 9.541766E-04 4.229808E+00 8.093726E+00 
1.781556E-01 6.522411E-03 3.355362E-01 1.878014E-01 -1.413337E+00 5.843443E-01 -1.208620E-01 9.676122E-01 2.758434E-02 3.949159E-04 4.402987E+00 9.304206E+00 
1.753470E-01 6.551603E-03 3.348918E-01 1.791943E-01 -1.451032E+00 5.904431E-01 -1.417344E-01 9.679229E-01 2.706195E-02 1.311745E-03 3.805608E+00 8.827948E+00 
1.794879E-01 5.371926E-03 3.308595E-01 1.835880E-01 -1.402320E+00 5.925860E-01 -1.567645E-01 9.815335E-01 2.667974E-02 8.565385E-04 4.096522E+00 8.967135E+00 
1.684903E-01 5.149861E-03 3.188659E-01 1.827287E-01 -1.554715E+00 5.782474E-01 -1.150651E-01 9.612035E-01 2.768895E-02 3.052331E-04 4.187239E+00 9.144790E+00 
1.697234E-01 5.385682E-03 3.477064E-01 1.782975E-01 -1.521265E+00 5.848867E-01 -1.579474E-01 1.025558E+00 3.013557E-02 8.813844E-04 4.246448E+00 8.831923E+00 
1.698752E-01 4.018037E-03 3.297379E-01 1.841513E-01 -1.462559E+00 5.810123E-01 -1.455721E-01 9.303246E-01 3.024694E-02 1.262153E-03 4.032196E+00 8.478737E+00 
1.676713E-01 4.924754E-03 3.292808E-01 1.815377E-01 -1.422537E+00 5.908190E-01 -1.288820E-01 9.552925E-01 2.523803E-02 1.299684E-03 3.750555E+00 9.100008E+00 
1.895638E-01 5.402913E-03 3.152580E-01 1.805095E-01 -1.312215E+00 5.744000E-01 -1.014165E-01 9.372535E-01 2.865137E-02 2.883679E-04 3.744354E+00 7.909931E+00 
1.727082E-01 5.802660E-03 3.312023E-01 1.844103E-01 -1.373753E+00 5.922527E-01 -1.051417E-01 9.424750E-01 2.793479E-02 1.220691E-03 4.215091E+00 8.842054E+00 
1.812782E-01 5.275498E-03 3.403045E-01 1.863595E-01 -1.387321E+00 5.859386E-01 -1.401773E-01 9.551889E-01 2.685291E-02 9.688360E-04 4.244935E+00 8.309226E+00 
1.683337E-01 5.326839E-03 3.363349E-01 1.808139E-01 -1.561465E+00 5.790416E-01 -1.271424E-01 9.447475E-01 2.995731E-02 5.520552E-04 4.553190E+00 9.366542E+00 
1.661454E-01 3.843604E-03 3.161402E-01 1.812904E-01 -1.380018E+00 5.961392E-01 -1.843984E-01 9.843678E-01 2.786086E-02 1.190344E-03 4.531735E+00 8.724916E+00 
1.712126E-01 4.511643E-03 3.287991E-01 1.815575E-01 -1.382474E+00 5.777385E-01 -1.430870E-01 9.769300E-01 2.848802E-02 9.991290E-04 4.245344E+00 9.185494E+00 
1.896843E-01 8.003836E-03 3.389759E-01 1.885218E-01 -1.403247E+00 5.887811E-01 -1.659930E-01 9.224361E-01 2.703257E-02 7.324586E-04 4.716025E+00 8.944000E+00 
1.673542E-01 4.967421E-03 3.280630E-01 1.822804E-01 -1.355205E+00 5.745671E-01 -1.223151E-01 9.901587E-01 2.879529E-02 1.050693E-03 4.075863E+00 8.854702E+00 
1.758297E-01 4.700761E-03 3.290866E-01 1.763235E-01 -1.399478E+00 5.833132E-01 -1.473293E-01 9.194440E-01 2.529791E-02 4.505912E-04 4.037320E+00 9.027525E+00 
1.708577E-01 2.507424E-02 3.268664E-01 1.840067E-01 -1.472319E+00 4.871724E-01 -1.493364E-01 9.266637E-01 2.783700E-02 6.485191E-04 4.122676E+00 8.726689E+00 
1.724105E-01 3.671060E-03 3.177983E-01 1.810741E-01 -1.361157E+00 5.834709E-01 -1.498847E-01 9.728034E-01 2.794089E-02 6.259400E-04 4.174504E+00 8.224693E+00 
1.736762E-01 5.633306E-03 3.398914E-01 1.726987E-01 -1.458276E+00 5.838148E-01 -1.190729E-01 8.950729E-01 2.932944E-02 7.710788E-04 3.838528E+00 8.498895E+00 
1.727160E-01 5.138438E-03 3.306493E-01 1.795862E-01 -1.385489E+00 5.893140E-01 -1.276928E-01 9.532773E-01 2.751749E-02 9.768241E-04 4.161756E+00 8.894367E+00 
1.651202E-01 4.523554E-03 3.264593E-01 1.806950E-01 -1.434170E+00 5.779789E-01 -1.283259E-01 9.601821E-01 2.770042E-02 6.630939E-04 3.985049E+00 9.203973E+00 
1.659728E-01 5.448473E-03 3.197446E-01 1.866766E-01 -1.492110E+00 5.890725E-01 -1.345439E-01 9.417668E-01 2.823468E-02 1.005290E-03 4.032012E+00 8.584083E+00 
1.778475E-01 5.049684E-03 3.421749E-01 1.848802E-01 -1.401776E+00 6.000000E-01 -1.414788E-01 9.644021E-01 2.737673E-02 7.048116E-04 4.113311E+00 9.169666E+00 
1.615288E-01 4.351697E-03 3.180569E-01 1.834007E-01 -1.432526E+00 5.936305E-01 -1.273208E-01 9.637693E-01 2.838401E-02 1.722408E-03 4.226080E+00 9.445812E+00 
1.774123E-01 9.182564E-03 3.258663E-01 1.845823E-01 -1.426230E+00 5.780967E-01 -1.591538E-01 8.974959E-01 3.021928E-02 1.431690E-03 4.162105E+00 9.154460E+00 
1.499852E-01 5.663816E-03 3.261635E-01 1.869020E-01 -1.375931E+00 5.823906E-01 -1.698844E-01 9.639243E-01 2.720082E-02 1.196849E-03 4.274611E+00 9.153845E+00 
1.890404E-01 5.387888E-03 3.501160E-01 1.810113E-01 -1.464663E+00 5.866125E-01 -1.565715E-01 9.574429E-01 2.730730E-02 1.670778E-03 4.023564E+00 9.521262E+00 
1.717184E-01 4.351461E-03 3.278751E-01 1.812999E-01 -1.424495E+00 5.775302E-01 -1.111994E-01 9.355747E-01 2.770114E-02 5.966466E-04 4.483792E+00 9.249484E+00 
1.437530E-01 7.089990E-03 3.240973E-01 1.800385E-01 -1.307072E+00 2.953428E-01 -1.305636E-01 9.333938E-01 2.855521E-02 1.216338E-03 4.146501E+00 1.070662E+01 
1.852355E-01 6.260231E-03 3.159330E-01 1.846913E-01 -1.374074E+00 5.853017E-01 -1.204487E-01 9.498255E-01 2.786196E-02 8.972243E-04 4.063997E+00 8.781161E+00 
1.772650E-01 4.233353E-03 3.185769E-01 1.805292E-01 -1.328942E+00 5.797002E-01 -1.326118E-01 9.686212E-01 2.802171E-02 4.794361E-04 4.209455E+00 8.854773E+00 
1.563469E-01 5.866167E-03 3.221921E-01 1.787525E-01 -1.426824E+00 5.923566E-01 -1.756068E-01 9.693380E-01 2.945974E-02 1.157724E-03 3.790938E+00 9.462026E+00 
1.694241E-01 4.289973E-03 3.289549E-01 1.859352E-01 -1.504296E+00 5.981892E-01 -1.532053E-01 9.345579E-01 2.656069E-02 7.563970E-04 4.557131E+00 8.738498E+00 
1.795462E-01 4.688322E-03 3.352153E-01 1.848064E-01 -1.480377E+00 5.886185E-01 -1.315793E-01 9.848403E-01 2.638719E-02 6.576813E-04 4.284032E+00 8.644949E+00 
1.704898E-01 5.189228E-03 3.369722E-01 1.755980E-01 -1.391061E+00 5.881607E-01 -1.404331E-01 9.163866E-01 2.914889E-02 6.701130E-04 3.790787E+00 9.513781E+00 
1.798779E-01 4.864400E-03 3.070556E-01 1.825978E-01 -1.522761E+00 5.795517E-01 -1.308575E-01 9.712386E-01 2.765897E-02 4.431190E-04 3.891330E+00 9.156142E+00 
1.630906E-01 4.160037E-03 3.274698E-01 1.791963E-01 -1.447113E+00 5.794334E-01 -1.283216E-01 9.887457E-01 2.773312E-02 3.278177E-04 4.387407E+00 8.569118E+00 
1.710730E-01 5.021798E-03 3.381834E-01 1.818509E-01 -1.371432E+00 5.879893E-01 -1.822058E-01 9.518918E-01 2.854642E-02 1.219488E-03 3.853129E+00 9.184772E+00 
1.677901E-01 4.089437E-03 3.298356E-01 1.846807E-01 -1.376967E+00 5.915718E-01 -1.729218E-01 9.817128E-01 2.732256E-02 1.253222E-03 4.289401E+00 8.269387E+00 
1.726325E-01 7.411130E-03 3.228469E-01 1.832195E-01 -1.358807E+00 5.923963E-01 -1.450274E-01 9.293674E-01 2.827537E-02 4.563309E-04 4.012526E+00 8.587461E+00 
1.750752E-01 4.283044E-03 3.245030E-01 1.811546E-01 -1.506943E+00 5.880293E-01 -1.277432E-01 9.411662E-01 2.902544E-02 8.191041E-04 3.971445E+00 8.673575E+00 
1.719088E-01 6.499560E-03 3.355276E-01 1.841588E-01 -1.309691E+00 5.466151E-01 -1.432669E-01 9.600717E-01 2.776575E-02 1.259404E-03 4.417924E+00 9.754969E+00 
1.647760E-01 3.375743E-03 3.240006E-01 1.800853E-01 -1.378332E+00 5.923578E-01 -1.297820E-01 9.564387E-01 2.753449E-02 1.404914E-03 4.150768E+00 8.056923E+00 
1.949002E-01 8.269157E-03 3.212952E-01 1.828966E-01 -1.289031E+00 5.877215E-01 -1.476425E-01 9.049978E-01 2.746949E-02 6.702871E-04 4.256666E+00 8.872646E+00 
1.784117E-01 5.462937E-03 3.253483E-01 1.862359E-01 -1.397964E+00 5.918021E-01 -1.453962E-01 9.505647E-01 2.735732E-02 1.029439E-03 3.933110E+00 8.612676E+00 
1.883817E-01 3.634460E-03 3.352120E-01 1.729699E-01 -1.360204E+00 5.882040E-01 -1.361024E-01 9.400445E-01 2.648593E-02 1.419806E-03 3.909207E+00 7.867114E+00 
1.836195E-01 3.689751E-03 3.035337E-01 1.821048E-01 -1.340743E+00 5.850555E-01 -1.412459E-01 8.614957E-01 2.870974E-02 1.343533E-03 4.196314E+00 1.013565E+01 
1.598049E-01 4.925917E-03 3.260183E-01 1.789232E-01 -1.466211E+00 5.855019E-01 -1.667723E-01 9.649092E-01 2.615039E-02 8.832563E-04 4.230139E+00 9.126265E+00 
1.779139E-01 5.515611E-03 3.360537E-01 1.849378E-01 -1.425318E+00 5.894966E-01 -1.337657E-01 9.853255E-01 3.125012E-02 3.976073E-04 3.962599E+00 8.723220E+00 
1.699494E-01 4.772186E-03 3.221166E-01 1.809982E-01 -1.403017E+00 5.852352E-01 -1.497033E-01 9.413674E-01 2.703306E-02 8.330213E-04 3.102158E+00 9.167681E+00 
1.936415E-01 5.510537E-03 3.484763E-01 1.831692E-01 -1.342794E+00 5.845146E-01 -1.351113E-01 9.809597E-01 2.778373E-02 9.499562E-04 4.556478E+00 8.989466E+00 
1.719032E-01 4.287849E-03 3.647046E-01 1.830679E-01 -1.406002E+00 5.892134E-01 -1.369375E-01 9.763650E-01 2.790215E-02 0.000000E+00 3.756436E+00 9.053578E+00 
1.786368E-01 5.131262E-03 3.283733E-01 1.766383E-01 -1.413144E+00 5.885190E-01 -1.453907E-01 8.899794E-01 2.699971E-02 5.743084E-04 4.135625E+00 8.830041E+00 
1.937372E-01 5.415420E-03 2.994365E-01 1.745527E-01 -1.307600E+00 5.851225E-01 -1.289273E-01 9.081728E-01 2.943533E-02 1.415746E-03 3.769077E+00 9.342552E+00 
1.935111E-01 3.447771E-03 3.349555E-01 1.819861E-01 -1.381903E+00 5.895694E-01 -1.652762E-01 8.604596E-01 2.955335E-02 7.638394E-04 4.138433E+00 9.139005E+00 
1.874103E-01 3.888652E-03 3.211135E-01 1.820056E-01 -1.408404E+00 5.791407E-01 -1.570773E-01 9.594631E-01 2.723933E-02 7.966134E-04 4.480849E+00 8.410344E+00 
1.638520E-01 5.687875E-03 3.435746E-01 1.832558E-01 -1.393655E+00 5.534508E-01 -8.046693E-02 7.815795E-01 2.810860E-02 6.956524E-04 3.710383E+00 9.044464E+00 
1.761417E-01 6.128843E-03 3.253906E-01 1.716226E-01 -1.331420E+00 5.723168E-01 -1.498345E-01 9.617772E-01 2.840283E-02 1.346547E-03 3.587132E+00 8.932600E+00 
1.807566E-01 4.928748E-03 3.237014E-01 1.846219E-01 -1.411144E+00 5.825766E-01 -1.201064E-01 9.706467E-01 2.823881E-02 8.125110E-04 4.250906E+00 8.517975E+00 
1.723982E-01 4.088224E-03 3.284750E-01 1.777287E-01 -1.350925E+00 5.799474E-01 -1.404666E-01 9.915772E-01 2.812696E-02 7.371072E-04 3.937032E+00 8.161543E+00 
1.892883E-01 6.194050E-03 3.359016E-01 1.844370E-01 -1.401497E+00 5.934901E-01 -1.632532E-01 9.043146E-01 2.754551E-02 7.585265E-04 4.537699E+00 8.859922E+00 
1.666812E-01 3.407831E-03 3.349616E-01 1.802032E-01 -1.435982E+00 5.850102E-01 -1.231903E-01 9.788568E-01 2.806976E-02 1.428661E-03 4.157617E+00 8.749698E+00 
1.738870E-01 6.262660E-03 3.423840E-01 1.819019E-01 -1.392411E+00 5.971213E-01 -1.421841E-01 9.385984E-01 2.808863E-02 5.223843E-04 4.105171E+00 8.085476E+00 
1.667964E-01 4.134421E-03 3.311759E-01 1.814360E-01 -1.402783E+00 5.809879E-01 -1.362851E-01 9.294258E-01 2.770067E-02 1.110115E-03 4.135603E+00 8.817444E+00 
1.695386E-01 4.776299E-03 3.266231E-01 1.830783E-01 -1.425199E+00 5.777876E-01 -1.111338E-01 9.723033E-01 2.662722E-02 8.912019E-04 3.679883E+00 9.068934E+00 
1.830389E-01 4.931967E-03 3.367851E-01 1.813210E-01 -1.520557E+00 5.894055E-01 -1.777309E-01 8.891602E-01 2.595360E-02 5.231617E-04 4.379891E+00 8.436912E+00 
1.825598E-01 4.936551E-03 3.116818E-01 1.750016E-01 -1.438309E+00 5.884250E-01 -1.832941E-01 9.485143E-01 2.825920E-02 9.020057E-04 4.068009E+00 8.421088E+00 
1.696829E-01 7.881471E-03 3.245220E-01 1.765264E-01 -1.426163E+00 5.777748E-01 -1.273578E-01 9.741456E-01 2.750189E-02 5.297092E-04 4.345632E+00 9.265240E+00 
1.727471E-01 5.874609E-03 3.158762E-01 1.859521E-01 -1.391943E+00 5.933105E-01 -1.367109E-01 9.634770E-01 2.753942E-02 1.231351E-03 4.181659E+00 8.579158E+00 
1.473898E-01 5.296314E-03 3.243685E-01 1.794585E-01 -1.405965E+00 5.896563E-01 -1.479304E-01 9.545079E-01 2.912988E-02 5.111669E-04 4.001687E+00 8.164255E+00 
1.828231E-01 4.046170E-03 3.110390E-01 1.857722E-01 -1.491955E+00 5.881668E-01 -1.497388E-01 9.575805E-01 2.861022E-02 5.953104E-04 4.325152E+00 9.188983E+00 
1.652952E-01 4.948741E-03 3.344647E-01 1.789206E-01 -1.360118E+00 5.886748E-01 -1.235215E-01 9.695896E-01 2.804973E-02 4.198386E-04 4.024752E+00 9.119884E+00 
1.724235E-01 8.220386E-03 3.177097E-01 1.810628E-01 -1.364086E+00 5.933440E-01 -1.160293E-01 9.560038E-01 2.794635E-02 9.682645E-04 4.059583E+00 9.237173E+00 
1.724760E-01 5.717493E-03 3.410692E-01 1.832066E-01 -1.368999E+00 5.764280E-01 -1.201267E-01 1.002013E+00 2.613602E-02 8.038868E-04 4.533193E+00 9.139414E+00 
1.738904E-01 7.149188E-03 3.371068E-01 1.828470E-01 -1.303281E+00 5.948699E-01 -1.641600E-01 9.765758E-01 2.721485E-02 1.131750E-03 4.188101E+00 1.042055E+01 
1.895356E-01 6.411025E-03 3.416257E-01 1.841682E-01 -1.455804E+00 5.820076E-01 -1.837058E-01 9.414810E-01 2.422707E-02 3.023905E-03 4.204826E+00 8.922809E+00 
1.719738E-01 5.930981E-03 3.209612E-01 1.815273E-01 -1.325713E+00 5.858845E-01 -1.467736E-01 9.873962E-01 2.873653E-02 9.114257E-04 4.074013E+00 8.662944E+00 
1.482847E-01 4.504662E-03 3.007634E-01 1.794620E-01 -1.492277E+00 5.790849E-01 -1.655590E-01 9.341114E-01 2.869575E-02 8.435945E-04 4.213016E+00 8.926045E+00 
1.843839E-01 6.454930E-03 3.165137E-01 1.787222E-01 -1.409752E+00 5.796643E-01 -1.491887E-01 9.622125E-01 2.749086E-02 6.311878E-04 4.190609E+00 8.363672E+00 
1.853989E-01 2.257951E-02 3.499537E-01 1.870669E-01 -1.359690E+00 5.535133E-01 -1.618208E-01 9.771362E-01 2.759097E-02 3.110112E-03 4.266652E+00 9.343542E+00 
1.769675E-01 3.666821E-03 3.377058E-01 1.818642E-01 -1.490753E+00 5.885236E-01 -1.466409E-01 9.233790E-01 2.747521E-02 1.204329E-03 4.006576E+00 8.868021E+00 
1.755263E-01 4.579413E-03 3.348100E-01 1.803307E-01 -1.347795E+00 5.843637E-01 -1.212255E-01 1.002610E+00 2.881750E-02 7.542217E-04 3.992820E+00 8.058045E+00 
1.678816E-01 3.431387E-03 3.328915E-01 1.835016E-01 -1.574947E+00 5.871888E-01 -1.421976E-01 9.848013E-01 2.620749E-02 1.180377E-03 4.229567E+00 9.105288E+00 
1.760974E-01 5.102441E-03 3.363839E-01 1.778478E-01 -1.345175E+00 5.766411E-01 -1.660349E-01 9.057228E-01 2.601549E-02 8.823983E-04 4.148315E+00 8.649582E+00 
1.704730E-01 5.755185E-03 3.377760E-01 1.724686E-01 -1.353955E+00 5.783395E-01 -1.323757E-01 9.233933E-01 2.635395E-02 9.281768E-04 4.012553E+00 8.783649E+00 
1.821242E-01 4.785852E-03 3.471109E-01 1.873981E-01 -1.457531E+00 5.909993E-01 -1.754149E-01 9.617270E-01 2.871762E-02 1.090238E-03 4.242893E+00 9.776493E+00 
1.718467E-01 3.469146E-03 3.274019E-01 1.824893E-01 -1.334877E+00 5.856417E-01 -1.493840E-01 9.480685E-01 2.649726E-02 9.575620E-05 4.294748E+00 8.703210E+00 
1.641083E-01 5.950510E-03 3.272596E-01 1.819365E-01 -1.393839E+00 5.904080E-01 -1.353164E-01 9.462966E-01 2.755782E-02 7.187580E-04 4.010467E+00 8.568620E+00 
1.885286E-01 4.268324E-03 3.609199E-01 1.809413E-01 -1.489881E+00 5.835576E-01 -1.627808E-01 9.205443E-01 2.633134E-02 6.663012E-04 4.257726E+00 8.691051E+00 
1.800390E-01 6.281747E-03 2.999058E-01 1.815873E-01 -1.422854E+00 5.595593E-01 -1.198497E-01 9.549121E-01 2.829389E-02 8.930556E-04 4.225068E+00 8.287259E+00 
1.766637E-01 5.746572E-03 3.611232E-01 1.865611E-01 -1.620374E+00 5.945645E-01 -1.496505E-01 9.075463E-01 2.835843E-02 5.505927E-04 4.354312E+00 9.267881E+00 
1.891331E-01 5.600173E-03 3.232017E-01 1.810391E-01 -1.381402E+00 5.902076E-01 -1.471565E-01 9.352902E-01 2.794805E-02 5.934403E-04 4.205474E+00 8.987309E+00 
1.657635E-01 4.312409E-03 3.353044E-01 1.812929E-01 -1.393309E+00 5.955135E-01 -1.665316E-01 9.182823E-01 2.691798E-02 7.781363E-04 4.178319E+00 8.424710E+00 
1.696927E-01 4.690203E-03 3.253691E-01 1.803338E-01 -1.448386E+00 5.849256E-01 -1.133648E-01 9.266606E-01 2.699096E-02 1.207120E-03 3.948507E+00 9.015506E+00 
1.745508E-01 4.179891E-03 3.264682E-01 1.838365E-01 -1.305194E+00 5.963121E-01 -1.445364E-01 9.246441E-01 2.902399E-02 6.513463E-04 3.974753E+00 8.696683E+00 
1.808916E-01 5.242746E-03 3.399549E-01 1.766178E-01 -1.418601E+00 5.893059E-01 -1.629975E-01 9.402434E-01 2.933594E-02 1.289477E-03 4.123193E+00 9.179275E+00 
1.710295E-01 5.731223E-03 3.390219E-01 1.741502E-01 -1.431999E+00 5.885220E-01 -1.465134E-01 9.276037E-01 2.737928E-02 2.598026E-03 4.246248E+00 9.014394E+00 
1.766232E-01 5.159546E-03 3.030070E-01 1.783663E-01 -1.359263E+00 5.740281E-01 -1.151356E-01 9.051198E-01 2.950535E-02 1.151333E-03 4.186652E+00 8.800178E+00 
1.758017E-01 1.562383E-02 3.406473E-01 1.815120E-01 -1.352279E+00 5.800889E-01 -1.378419E-01 1.004070E+00 2.984342E-02 1.149114E-03 3.861585E+00 9.206447E+00 
1.664159E-01 5.595073E-03 3.415619E-01 1.806093E-01 -1.342199E+00 5.850753E-01 -1.725339E-01 1.004278E+00 2.563642E-02 1.579731E-03 4.186853E+00 8.598767E+00 
1.731043E-01 4.429088E-03 3.058407E-01 1.776190E-01 -1.315026E+00 5.768368E-01 -1.358494E-01 9.910495E-01 2.706892E-02 0.000000E+00 3.515678E+00 8.260482E+00 
1.670851E-01 5.879378E-03 3.415111E-01 1.814936E-01 -1.433200E+00 5.831585E-01 -1.618023E-01 8.824792E-01 2.708241E-02 1.186724E-03 4.191770E+00 8.125824E+00 
1.559539E-01 4.481742E-02 3.475542E-01 1.750658E-01 -1.307175E+00 5.379346E-01 -8.354353E-02 1.056807E+00 2.983002E-02 8.841108E-03 4.016572E+00 8.709114E+00 
1.751623E-01 4.931467E-03 3.498568E-01 1.816575E-01 -1.532382E+00 5.871023E-01 -1.601592E-01 9.212880E-01 2.796783E-02 1.266315E-03 4.216410E+00 8.831987E+00 
1.640334E-01 7.337221E-03 3.299076E-01 1.835630E-01 -1.337438E+00 5.933315E-01 -1.394670E-01 9.192670E-01 2.827849E-02 1.093064E-03 3.982982E+00 8.716633E+00 
1.784929E-01 4.289934E-03 3.269799E-01 1.873364E-01 -1.423278E+00 5.898035E-01 -1.514848E-01 9.274364E-01 2.875544E-02 1.133769E-03 4.141705E+00 9.126792E+00 
1.655619E-01 4.944068E-03 3.290800E-01 1.822312E-01 -1.428004E+00 5.863257E-01 -1.490521E-01 9.987863E-01 2.766001E-02 9.706130E-04 4.101573E+00 8.708384E+00 
1.939847E-01 4.939827E-03 3.371992E-01 1.824204E-01 -1.316633E+00 5.884630E-01 -1.697490E-01 9.866854E-01 2.539189E-02 6.462822E-04 4.203702E+00 8.606508E+00 
1.765865E-01 5.101844E-03 3.331278E-01 1.813053E-01 -1.352528E+00 5.933385E-01 -1.188293E-01 1.013311E+00 2.983207E-02 1.594053E-04 4.089473E+00 8.002187E+00 
1.647072E-01 5.084223E-03 3.328989E-01 1.819975E-01 -1.462380E+00 5.870654E-01 -1.523053E-01 9.682351E-01 2.831052E-02 9.514777E-04 3.864591E+00 9.102444E+00 
1.737491E-01 6.112706E-03 3.266515E-01 1.860451E-01 -1.377041E+00 5.846991E-01 -1.281956E-01 9.765235E-01 2.925971E-02 6.443935E-04 3.874117E+00 8.631277E+00 
1.732897E-01 4.750535E-03 3.519106E-01 1.830090E-01 -1.395527E+00 5.887448E-01 -1.470279E-01 9.404408E-01 2.802504E-02 7.154997E-04 4.037773E+00 8.855148E+00 
1.689743E-01 4.178796E-03 3.289987E-01 1.871412E-01 -1.498995E+00 5.943794E-01 -1.341911E-01 1.018004E+00 2.544787E-02 9.797881E-04 4.124780E+00 8.853628E+00 
1.758080E-01 5.226552E-03 3.367631E-01 1.836484E-01 -1.408992E+00 5.926608E-01 -1.642614E-01 9.439935E-01 2.696087E-02 1.697623E-03 4.162105E+00 8.091358E+00 
1.599744E-01 6.322914E-03 3.472159E-01 1.878252E-01 -1.368902E+00 5.767560E-01 -1.493234E-01 9.224399E-01 2.735694E-02 1.514549E-03 3.848298E+00 8.009850E+00 
1.736536E-01 4.955665E-03 3.136749E-01 1.828185E-01 -1.417691E+00 5.789693E-01 -1.385740E-01 9.359559E-01 2.792027E-02 7.933010E-04 4.160755E+00 9.232847E+00 
1.726894E-01 5.994461E-03 3.295712E-01 1.802951E-01 -1.275882E+00 5.851683E-01 -1.312115E-01 9.327132E-01 2.384452E-02 9.996500E-04 3.863779E+00 8.677913E+00 
1.888854E-01 4.950924E-03 3.304964E-01 1.808310E-01 -1.407792E+00 5.942054E-01 -1.964583E-01 9.337429E-01 2.745691E-02 4.687079E-04 4.131700E+00 1.098061E+01 
1.736653E-01 4.319129E-03 3.277171E-01 1.809330E-01 -1.360321E+00 5.826557E-01 -1.183506E-01 9.585268E-01 2.638862E-02 5.896552E-04 4.205248E+00 8.547174E+00 
1.811358E-01 4.659828E-03 3.326788E-01 1.891992E-01 -1.391225E+00 5.968453E-01 -1.476983E-01 9.657750E-01 2.818089E-02 1.614623E-03 4.176274E+00 8.238064E+00 
1.728839E-01 5.889853E-03 3.287403E-01 1.803496E-01 -1.351741E+00 5.788604E-01 -1.531202E-01 9.741902E-01 2.848901E-02 8.693408E-04 3.976420E+00 8.875516E+00 
1.771365E-01 6.011962E-03 3.276736E-01 1.824163E-01 -1.267302E+00 5.891036E-01 -1.491552E-01 9.475665E-01 2.670234E-02 2.664449E-04 3.972062E+00 8.721336E+00 
1.727649E-01 5.093940E-03 3.303231E-01 1.810480E-01 -1.394178E+00 5.841870E-01 -1.247830E-01 9.301910E-01 2.825419E-02 7.138733E-04 3.944873E+00 9.290803E+00 
1.946133E-01 6.636534E-03 3.319392E-01 1.782215E-01 -1.395756E+00 5.829660E-01 -1.743473E-01 9.091139E-01 2.683524E-02 5.644290E-04 4.147838E+00 8.722892E+00 
1.765228E-01 9.352034E-03 3.300719E-01 1.926776E-01 -1.426814E+00 5.944216E-01 -1.288312E-01 9.613847E-01 2.883347E-02 7.276750E-04 4.121352E+00 8.712825E+00 
1.773197E-01 5.761873E-03 3.383825E-01 1.878795E-01 -1.309602E+00 5.938800E-01 -1.605585E-01 9.627709E-01 2.688291E-02 1.352408E-03 4.026309E+00 8.595066E+00 
1.606126E-01 7.155196E-03 3.347779E-01 1.795253E-01 -1.381394E+00 5.849042E-01 -1.256183E-01 9.910390E-01 2.958292E-02 6.552881E-04 3.930196E+00 8.945439E+00 
1.748840E-01 4.224121E-03 3.472840E-01 1.813438E-01 -1.366353E+00 5.793304E-01 -1.188019E-01 1.070039E+00 2.708969E-02 4.523542E-04 4.338082E+00 8.856609E+00 
1.778809E-01 4.963141E-03 3.214283E-01 1.833973E-01 -1.439566E+00 5.853433E-01 -1.297513E-01 9.234225E-01 2.850059E-02 1.245119E-03 4.013018E+00 8.846696E+00 
1.769999E-01 5.040072E-03 3.358800E-01 1.800618E-01 -1.539787E+00 5.806921E-01 -1.419966E-01 9.727458E-01 2.823265E-02 8.814082E-04 4.262290E+00 7.929153E+00 
1.730949E-01 4.909792E-03 3.448860E-01 1.842362E-01 -1.358599E+00 5.952015E-01 -1.637663E-01 9.303499E-01 2.900133E-02 8.795814E-04 4.210430E+00 9.214256E+00 
1.865523E-01 6.028644E-03 3.592994E-01 1.849043E-01 -1.395206E+00 5.956061E-01 -1.832875E-01 8.977320E-01 2.941942E-02 7.904295E-04 4.275607E+00 8.246017E+00 
1.624249E-01 4.970073E-03 3.370333E-01 1.807453E-01 -1.430521E+00 5.914959E-01 -1.300719E-01 9.626117E-01 2.921246E-02 9.152896E-04 4.049993E+00 8.952283E+00 
1.841672E-01 4.682601E-03 3.298056E-01 1.833513E-01 -1.344893E+00 5.785730E-01 -1.283041E-01 9.332005E-01 2.770542E-02 3.819386E-04 3.896802E+00 8.647877E+00 
1.663847E-01 8.135741E-03 3.472636E-01 1.775260E-01 -1.398653E+00 5.834995E-01 -1.037410E-01 8.916648E-01 2.904318E-02 5.186435E-04 3.751902E+00 1.066140E+01 
1.747624E-01 4.099051E-03 3.215121E-01 1.802065E-01 -1.341227E+00 5.745415E-01 -1.371333E-01 9.383517E-01 2.762774E-02 0.000000E+00 3.936351E+00 7.636306E+00 
1.702243E-01 5.247235E-03 3.464792E-01 1.736640E-01 -1.320829E+00 5.881398E-01 -1.568651E-01 9.208166E-01 2.877609E-02 5.657315E-04 4.264547E+00 8.910448E+00 
1.699920E-01 3.810161E-03 3.558573E-01 1.774087E-01 -1.409499E+00 5.805445E-01 -1.763259E-01 9.446167E-01 2.885308E-02 1.146156E-03 3.175615E+00 9.060378E+00 
1.876470E-01 4.687626E-03 3.181163E-01 1.815743E-01 -1.381654E+00 5.857526E-01 -1.634987E-01 9.340495E-01 2.809848E-02 1.419524E-03 4.164773E+00 9.065227E+00 
1.647119E-01 5.298265E-03 3.248189E-01 1.820913E-01 -1.479929E+00 5.750421E-01 -1.334684E-01 9.740666E-01 2.632311E-02 8.059146E-04 3.708241E+00 9.006536E+00 
1.720780E-01 5.339102E-03 3.460070E-01 1.701810E-01 -1.369406E+00 5.908055E-01 -1.256693E-01 9.430643E-01 2.689681E-02 6.095532E-04 4.142047E+00 8.849202E+00 
1.728851E-01 5.328636E-03 3.283344E-01 1.828545E-01 -1.241907E+00 5.922075E-01 -1.416734E-01 1.021279E+00 2.710281E-02 1.375102E-04 3.988433E+00 8.143541E+00 
1.782604E-01 4.321065E-03 3.135090E-01 1.837035E-01 -1.458511E+00 5.792363E-01 -1.319083E-01 9.103476E-01 2.574160E-02 9.131447E-04 4.133095E+00 8.829531E+00 
1.810406E-01 5.267390E-03 3.201812E-01 1.837167E-01 -1.411551E+00 5.878607E-01 -1.160918E-01 9.718025E-01 2.728626E-02 5.803963E-04 4.245065E+00 9.637056E+00 
1.765853E-01 6.140491E-03 3.336013E-01 1.792847E-01 -1.452435E+00 5.903321E-01 -1.574623E-01 8.743415E-01 2.726437E-02 8.219852E-04 4.156723E+00 9.136155E+00 
1.654322E-01 5.255481E-03 3.320431E-01 1.812323E-01 -1.381410E+00 5.826556E-01 -1.489837E-01 9.299437E-01 2.938750E-02 5.831174E-04 4.137565E+00 7.962740E+00 
1.761668E-01 5.369736E-03 3.270779E-01 1.831754E-01 -1.348265E+00 5.878057E-01 -1.149698E-01 9.692162E-01 2.845749E-02 7.919743E-04 4.272440E+00 8.370287E+00 
1.735138E-01 3.863303E-03 3.232150E-01 1.830066E-01 -1.423444E+00 5.826415E-01 -1.119220E-01 9.882595E-01 2.956900E-02 9.920932E-04 4.037966E+00 9.131907E+00 
1.672792E-01 5.016678E-03 3.065134E-01 1.834203E-01 -1.460055E+00 5.720705E-01 -1.132940E-01 9.363107E-01 2.901687E-02 7.078387E-04 4.302751E+00 8.116272E+00 
1.760105E-01 4.489268E-03 3.360286E-01 1.767415E-01 -1.452280E+00 5.873080E-01 -1.537960E-01 9.368074E-01 2.543134E-02 5.359123E-04 3.862324E+00 7.964249E+00 
1.796149E-01 5.437355E-03 3.347826E-01 1.806300E-01 -1.448700E+00 5.926099E-01 -1.583078E-01 9.446314E-01 2.828545E-02 1.391314E-03 4.092447E+00 8.269446E+00 
1.639283E-01 8.497868E-03 3.380833E-01 1.806062E-01 -1.486528E+00 5.769750E-01 -1.050423E-01 9.549119E-01 2.866764E-02 6.635596E-04 4.032186E+00 9.069061E+00 
1.808075E-01 4.862461E-03 3.001790E-01 1.789718E-01 -1.417885E+00 5.806954E-01 -1.279013E-01 9.308461E-01 2.888819E-02 3.263846E-04 4.018798E+00 8.812113E+00 
1.706997E-01 5.137249E-03 3.375412E-01 1.823089E-01 -1.406397E+00 5.719323E-01 -1.289192E-01 9.650027E-01 2.968040E-02 1.038149E-03 4.301126E+00 8.579142E+00 
1.666979E-01 5.119372E-03 3.176131E-01 1.843473E-01 -1.398746E+00 5.804604E-01 -1.416666E-01 9.194331E-01 2.807029E-02 8.765942E-04 4.037253E+00 8.768060E+00 
1.871396E-01 6.977313E-03 3.279155E-01 1.802795E-01 -1.379323E+00 5.855298E-01 -1.575770E-01 9.410261E-01 2.659159E-02 7.563495E-04 3.712867E+00 8.126300E+00 
1.732064E-01 5.195338E-03 3.284356E-01 1.845783E-01 -1.351088E+00 5.888899E-01 -1.203543E-01 9.786908E-01 2.727290E-02 6.543091E-04 4.164871E+00 8.996521E+00 
1.733095E-01 1.086611E-02 3.363657E-01 1.847297E-01 -1.491764E+00 5.966951E-01 -1.491772E-01 9.370824E-01 2.740113E-02 9.490203E-04 4.231877E+00 8.382696E+00 
1.897325E-01 4.277594E-03 3.061598E-01 1.734267E-01 -1.406611E+00 5.811585E-01 -1.379119E-01 9.446308E-01 2.801950E-02 1.350473E-03 4.245562E+00 8.693296E+00 
1.751330E-01 4.449317E-03 3.268526E-01 1.822826E-01 -1.495186E+00 5.881019E-01 -1.189648E-01 9.695734E-01 3.066025E-02 5.565992E-04 4.069032E+00 9.061956E+00 
1.830862E-01 7.723290E-03 3.414039E-01 1.880944E-01 -1.457005E+00 6.000000E-01 -1.726615E-01 9.692258E-01 2.780876E-02 1.020601E-03 4.279907E+00 8.273730E+00 
1.675546E-01 4.466653E-03 3.254896E-01 1.830433E-01 -1.429300E+00 5.653119E-01 -1.340731E-01 9.330776E-01 2.812523E-02 5.280574E-04 4.143835E+00 8.993070E+00 
1.862840E-01 5.796544E-03 3.444689E-01 1.798451E-01 -1.414982E+00 5.734365E-01 -1.425561E-01 9.373232E-01 2.764593E-02 9.427676E-04 4.335000E+00 9.651004E+00 
1.781892E-01 3.951656E-03 3.338501E-01 1.835215E-01 -1.430606E+00 5.894006E-01 -1.591198E-01 9.891739E-01 2.800879E-02 1.192538E-03 4.153810E+00 9.435508E+00 
1.705111E-01 4.029087E-03 3.263257E-01 1.764892E-01 -1.499929E+00 5.882080E-01 -1.285386E-01 1.031151E+00 2.919804E-02 8.872321E-04 4.155375E+00 9.173959E+00 
1.752573E-01 5.157826E-03 3.252722E-01 1.852972E-01 -1.343211E+00 5.917373E-01 -1.404317E-01 9.687210E-01 2.612782E-02 5.144564E-04 4.067361E+00 8.504902E+00 
1.625852E-01 6.340395E-03 3.697099E-01 1.826977E-01 -1.502744E+00 5.839012E-01 -1.587903E-01 9.465225E-01 2.765699E-02 1.738741E-03 4.189185E+00 9.449448E+00 
1.792767E-01 5.216440E-03 3.452314E-01 1.816674E-01 -1.415545E+00 5.656715E-01 -1.167535E-01 9.861436E-01 2.726814E-02 5.950237E-04 3.990980E+00 9.518901E+00 
1.796687E-01 5.293366E-03 3.225487E-01 1.845786E-01 -1.463140E+00 5.777222E-01 -1.265214E-01 9.352942E-01 2.674054E-02 8.809461E-04 3.885771E+00 9.485064E+00 
1.915671E-01 6.024691E-03 3.495546E-01 1.796344E-01 -1.470342E+00 5.878051E-01 -1.496258E-01 9.469164E-01 2.781829E-02 8.252415E-04 3.889348E+00 8.713483E+00 
1.770629E-01 4.120483E-03 3.109076E-01 1.840349E-01 -1.404746E+00 5.862032E-01 -1.381239E-01 9.941658E-01 2.756442E-02 2.445281E-04 3.804796E+00 9.101217E+00 
1.903935E-01 2.980763E-03 3.517034E-01 1.792446E-01 -1.404701E+00 5.834260E-01 -1.860176E-01 9.240757E-01 2.700530E-02 7.480713E-04 4.290869E+00 8.744992E+00 
1.734778E-01 5.326325E-03 3.113786E-01 1.806839E-01 -1.381539E+00 5.727917E-01 -1.053693E-01 9.608831E-01 2.764789E-02 8.827376E-04 4.118136E+00 8.685399E+00 
1.736097E-01 4.602005E-03 3.272916E-01 1.883025E-01 -1.360796E+00 5.888911E-01 -1.334674E-01 9.486535E-01 2.759263E-02 8.860382E-04 4.411731E+00 8.892435E+00 
1.623102E-01 4.505502E-03 3.264125E-01 1.806619E-01 -1.351187E+00 5.853872E-01 -1.545341E-01 9.082555E-01 2.763394E-02 0.000000E+00 4.081466E+00 8.478125E+00 
1.746904E-01 4.552795E-03 3.317825E-01 1.818108E-01 -1.387030E+00 5.864516E-01 -1.475345E-01 9.370251E-01 2.757623E-02 4.266734E-04 3.472169E+00 9.171163E+00 
1.741406E-01 5.045994E-03 3.241355E-01 1.816461E-01 -1.376290E+00 5.855936E-01 -1.403969E-01 9.696769E-01 2.924593E-02 1.102434E-03 4.260376E+00 8.417868E+00 
1.669846E-01 4.871911E-03 3.330617E-01 1.831866E-01 -1.390298E+00 5.856799E-01 -1.402644E-01 9.649516E-01 2.560464E-02 9.595308E-04 4.071503E+00 8.450068E+00 
1.710504E-01 4.021751E-03 3.427247E-01 1.779767E-01 -1.406190E+00 5.911232E-01 -1.281192E-01 9.568723E-01 2.549099E-02 6.661822E-04 3.894705E+00 8.948337E+00 
1.712846E-01 3.939235E-03 3.402303E-01 1.828687E-01 -1.378208E+00 5.964811E-01 -1.409525E-01 9.982813E-01 2.650822E-02 1.642061E-03 4.156941E+00 8.441034E+00 
1.859384E-01 5.589052E-03 3.124358E-01 1.839942E-01 -1.294773E+00 5.888050E-01 -1.335572E-01 9.535939E-01 2.870517E-02 5.088804E-04 4.027849E+00 8.415092E+00 
1.185237E-01 7.684725E-03 3.673211E-01 1.781711E-01 -1.347516E+00 2.264087E-01 -1.191919E-01 7.492775E-01 3.001660E-02 9.458843E-04 3.668202E+00 1.269284E+01 
1.827959E-01 5.159615E-03 3.207555E-01 1.801269E-01 -1.421191E+00 5.838313E-01 -1.333620E-01 9.492259E-01 2.875357E-02 9.719147E-04 4.190541E+00 9.289605E+00 
1.693839E-01 4.954403E-03 3.402574E-01 1.805777E-01 -1.519781E+00 5.942668E-01 -1.292202E-01 9.349753E-01 2.633727E-02 6.696314E-04 4.138533E+00 8.775707E+00 
1.720595E-01 5.645272E-03 3.273576E-01 1.850862E-01 -1.458395E+00 5.851211E-01 -1.380948E-01 9.435888E-01 2.768436E-02 3.800039E-04 4.189798E+00 8.788691E+00 
1.449881E-01 4.583061E-03 3.273346E-01 1.814095E-01 -1.366557E+00 5.599607E-01 -8.528019E-02 8.356585E-01 2.845654E-02 1.381217E-03 4.250814E+00 9.836300E+00 
1.779435E-01 4.598813E-03 3.285581E-01 1.830840E-01 -1.457844E+00 5.877227E-01 -1.393330E-01 9.281483E-01 3.173351E-02 4.948428E-04 3.964631E+00 8.250309E+00 
1.700572E-01 4.969537E-03 3.154812E-01 1.792914E-01 -1.303992E+00 5.794386E-01 -8.676291E-02 9.245484E-01 2.821218E-02 0.000000E+00 3.854964E+00 8.834160E+00 
1.671059E-01 5.391810E-03 3.356670E-01 1.791731E-01 -1.398283E+00 5.933981E-01 -1.514289E-01 9.650859E-01 2.520916E-02 1.127257E-03 4.197715E+00 8.963371E+00 
1.862703E-01 3.573463E-03 2.996809E-01 1.824000E-01 -1.361484E+00 5.835205E-01 -1.628138E-01 8.983768E-01 2.719286E-02 0.000000E+00 3.765926E+00 8.609746E+00 
1.578381E-01 4.877936E-03 3.298323E-01 1.893013E-01 -1.323415E+00 5.840304E-01 -1.464108E-01 9.491513E-01 2.833630E-02 1.144449E-03 4.062954E+00 7.929081E+00 
1.810566E-01 4.110443E-03 3.284076E-01 1.800439E-01 -1.384191E+00 5.962939E-01 -1.593836E-01 9.055405E-01 2.717333E-02 9.711160E-04 4.488319E+00 9.153313E+00 
1.751292E-01 5.401029E-03 3.265915E-01 1.881435E-01 -1.375126E+00 5.887394E-01 -1.742623E-01 1.003349E+00 2.681470E-02 1.017459E-03 4.227207E+00 8.870818E+00 
1.650350E-01 5.711994E-03 3.331366E-01 1.819729E-01 -1.313478E+00 5.847210E-01 -1.499133E-01 9.913170E-01 2.828581E-02 5.743890E-04 4.291317E+00 8.414505E+00 
1.859894E-01 4.780334E-03 3.387276E-01 1.755326E-01 -1.452689E+00 5.865405E-01 -1.529718E-01 9.262833E-01 2.820574E-02 2.146415E-03 4.267865E+00 9.385074E+00 
1.691449E-01 3.094359E-03 3.249128E-01 1.826003E-01 -1.366554E+00 5.932828E-01 -1.593615E-01 9.654703E-01 2.996662E-02 7.497758E-04 4.058508E+00 8.887287E+00 
1.769238E-01 3.813171E-03 3.214492E-01 1.825472E-01 -1.377953E+00 5.812801E-01 -1.042289E-01 9.997692E-01 2.757930E-02 1.865333E-04 3.672302E+00 8.676512E+00 
1.620157E-01 4.763064E-03 3.300554E-01 1.789935E-01 -1.419184E+00 5.888898E-01 -1.224848E-01 9.280062E-01 2.587382E-02 1.101883E-03 4.061054E+00 9.172884E+00 
1.758552E-01 6.081948E-03 3.453626E-01 1.866698E-01 -1.465737E+00 5.855090E-01 -1.921113E-01 9.649517E-01 2.688546E-02 8.558319E-04 4.313546E+00 9.229616E+00 
1.760144E-01 5.411961E-03 3.340297E-01 1.822415E-01 -1.368950E+00 5.952611E-01 -1.617534E-01 9.460832E-01 2.996323E-02 8.179508E-04 4.351146E+00 8.577430E+00 
1.716994E-01 5.714612E-03 3.185045E-01 1.790597E-01 -1.420240E+00 5.852671E-01 -1.708776E-01 9.933060E-01 2.842014E-02 9.707778E-04 4.204454E+00 9.159101E+00 
1.715465E-01 5.121990E-03 3.598628E-01 1.851818E-01 -1.448776E+00 5.829958E-01 -1.665638E-01 9.295112E-01 2.707911E-02 5.591027E-04 4.409333E+00 8.141201E+00 
1.757887E-01 4.719380E-03 3.126760E-01 1.828329E-01 -1.357752E+00 5.822656E-01 -1.376288E-01 9.800652E-01 2.864157E-02 1.817688E-03 4.175130E+00 8.195318E+00 
1.531379E-01 7.849878E-03 3.237295E-01 1.818368E-01 -1.355090E+00 5.729818E-01 -1.280067E-01 9.390989E-01 2.846423E-02 5.657189E-04 4.139576E+00 8.534391E+00 
1.716777E-01 5.282899E-03 3.367403E-01 1.837867E-01 -1.379430E+00 5.934175E-01 -1.617572E-01 9.433908E-01 2.707957E-02 9.845676E-04 4.292499E+00 8.391841E+00 
1.636679E-01 4.936091E-03 3.248403E-01 1.795447E-01 -1.382727E+00 5.847040E-01 -9.942286E-02 9.740813E-01 2.845167E-02 6.381177E-04 4.148624E+00 9.216108E+00 
1.739592E-01 4.346720E-03 3.391163E-01 1.835855E-01 -1.529291E+00 6.000000E-01 -1.432407E-01 9.258715E-01 2.727134E-02 8.771262E-04 4.257166E+00 9.299492E+00 
1.705017E-01 8.468470E-03 3.436763E-01 1.791504E-01 -1.416622E+00 5.847477E-01 -1.329561E-01 9.928178E-01 2.652026E-02 5.967352E-04 4.202475E+00 8.795363E+00 
1.736649E-01 7.042787E-03 3.124365E-01 1.847518E-01 -1.456546E+00 5.902421E-01 -1.619599E-01 9.418386E-01 2.863242E-02 7.234194E-04 4.049581E+00 9.448385E+00 
1.719685E-01 4.166143E-03 3.446083E-01 1.807858E-01 -1.400350E+00 5.883948E-01 -1.231678E-01 9.036267E-01 2.756380E-02 1.213450E-03 4.314793E+00 8.761895E+00 
1.880077E-01 4.134941E-03 3.361269E-01 1.839566E-01 -1.354343E+00 5.893737E-01 -1.510045E-01 9.747683E-01 2.843702E-02 9.360385E-04 4.314618E+00 8.464038E+00 
1.774576E-01 4.462249E-03 3.193619E-01 1.797481E-01 -1.409873E+00 5.857519E-01 -1.393441E-01 9.484229E-01 2.783954E-02 2.013409E-03 4.093291E+00 8.552973E+00 
1.721026E-01 5.152980E-03 3.254172E-01 1.812558E-01 -1.337894E+00 5.861043E-01 -1.431875E-01 9.728229E-01 2.838861E-02 1.319543E-03 4.364425E+00 8.981446E+00 
1.731381E-01 4.768203E-03 3.343297E-01 1.824630E-01 -1.391198E+00 5.912120E-01 -1.431863E-01 9.155754E-01 2.615904E-02 6.703297E-04 4.066379E+00 8.587246E+00 
1.617312E-01 3.716083E-03 3.052423E-01 1.807671E-01 -1.436145E+00 5.855040E-01 -1.377954E-01 9.155793E-01 2.732454E-02 1.213405E-03 4.134552E+00 8.113705E+00 
1.727122E-01 4.792754E-03 3.372696E-01 1.831159E-01 -1.441805E+00 5.863203E-01 -1.419209E-01 9.627027E-01 2.767156E-02 1.075749E-03 3.994877E+00 9.469407E+00 
1.595255E-01 7.467258E-03 3.246672E-01 1.802250E-01 -1.389746E+00 5.853652E-01 -1.741302E-01 9.593420E-01 3.007322E-02 3.967256E-04 4.094108E+00 8.333949E+00 
1.565016E-01 8.733841E-03 3.355920E-01 1.820409E-01 -1.456789E+00 5.799092E-01 -1.083386E-01 9.604686E-01 2.943775E-02 1.143033E-03 4.188649E+00 8.342259E+00 
1.837431E-01 5.819036E-03 3.320838E-01 1.798605E-01 -1.436148E+00 5.757417E-01 -1.411895E-01 9.728961E-01 2.668200E-02 9.816802E-04 3.759549E+00 9.358088E+00 
1.697074E-01 5.681999E-03 3.088406E-01 1.793751E-01 -1.453875E+00 5.765440E-01 -1.176550E-01 9.073794E-01 2.916430E-02 1.804153E-03 4.379364E+00 8.907984E+00 
1.802880E-01 6.182095E-03 3.375467E-01 1.898515E-01 -1.292742E+00 5.831016E-01 -1.419159E-01 9.589985E-01 2.816687E-02 1.259548E-03 4.511868E+00 8.828434E+00 
1.771304E-01 4.051429E-03 3.211141E-01 1.810356E-01 -1.432102E+00 5.820922E-01 -1.172522E-01 9.186591E-01 2.983145E-02 7.583421E-04 4.125765E+00 9.066239E+00 
1.738395E-01 3.042386E-03 3.329787E-01 1.836893E-01 -1.437827E+00 5.992367E-01 -1.396631E-01 9.523449E-01 2.875929E-02 6.445409E-04 4.305656E+00 9.245749E+00 
1.798769E-01 6.002774E-03 3.308317E-01 1.821054E-01 -1.312115E+00 5.930283E-01 -1.417416E-01 9.573138E-01 2.703667E-02 1.299260E-03 3.989104E+00 8.896652E+00 
1.718904E-01 4.220332E-03 3.350459E-01 1.855404E-01 -1.392759E+00 5.912775E-01 -1.580894E-01 9.488802E-01 2.623525E-02 1.191877E-03 4.145722E+00 9.272481E+00 
1.713683E-01 4.471269E-03 3.319369E-01 1.821865E-01 -1.362206E+00 5.511125E-01 -1.083065E-01 9.087953E-01 2.929528E-02 5.568599E-04 4.014736E+00 9.109697E+00 
1.848485E-01 4.994840E-03 3.188464E-01 1.823770E-01 -1.406152E+00 5.588748E-01 -1.214793E-01 1.026341E+00 2.728372E-02 6.072858E-04 3.971602E+00 8.248647E+00 
1.748429E-01 6.872738E-03 3.376729E-01 1.813135E-01 -1.502415E+00 5.689686E-01 -1.377183E-01 9.352025E-01 2.839346E-02 2.137955E-03 4.294128E+00 9.574022E+00 
1.751537E-01 4.518438E-03 2.984388E-01 1.822199E-01 -1.463771E+00 5.959651E-01 -1.714789E-01 9.088621E-01 2.704726E-02 1.270513E-03 4.253941E+00 9.072623E+00 
1.721090E-01 7.186808E-03 3.527516E-01 1.813404E-01 -1.448517E+00 5.894798E-01 -1.815357E-01 1.050948E+00 2.723184E-02 1.000784E-03 4.472130E+00 9.412064E+00 
1.580514E-01 3.415329E-03 3.014143E-01 1.747010E-01 -1.379600E+00 5.800121E-01 -1.049447E-01 9.407515E-01 2.846306E-02 9.688742E-04 4.029352E+00 9.091298E+00 
1.745910E-01 5.177133E-03 3.394498E-01 1.860945E-01 -1.406928E+00 5.968450E-01 -1.542514E-01 9.277435E-01 2.666480E-02 1.531090E-03 4.079792E+00 8.737977E+00 
1.713243E-01 3.040211E-03 3.168029E-01 1.785459E-01 -1.408345E+00 5.835893E-01 -1.262411E-01 9.693500E-01 2.829628E-02 5.582894E-04 4.316870E+00 8.956231E+00 
1.575187E-01 6.620970E-02 3.317668E-01 1.692369E-01 -1.264289E+00 2.414562E-01 -1.053924E-01 1.035279E+00 2.870069E-02 8.098726E-03 3.896215E+00 8.294458E+00 
1.792086E-01 5.089302E-03 3.195845E-01 1.780344E-01 -1.410382E+00 5.801505E-01 -1.214405E-01 9.150810E-01 2.812026E-02 2.769510E-04 4.241527E+00 8.878954E+00 
1.653267E-01 3.996848E-03 3.364902E-01 1.796512E-01 -1.353357E+00 5.864024E-01 -1.243713E-01 9.560566E-01 2.551607E-02 1.618840E-03 4.270460E+00 8.643646E+00 
1.970465E-01 6.625310E-03 3.540052E-01 1.799620E-01 -1.413294E+00 5.927311E-01 -1.606935E-01 9.387539E-01 2.791659E-02 7.383479E-04 4.015895E+00 8.767304E+00 
1.755122E-01 3.839005E-03 3.232155E-01 1.864402E-01 -1.378046E+00 5.836748E-01 -1.264149E-01 9.215410E-01 2.725674E-02 6.162764E-04 4.266107E+00 9.219517E+00 
1.675640E-01 5.504149E-03 3.147451E-01 1.807141E-01 -1.373535E+00 5.866779E-01 -1.412790E-01 9.459728E-01 2.811128E-02 1.091320E-03 4.079416E+00 8.976631E+00 
1.804731E-01 4.465595E-03 3.143481E-01 1.785407E-01 -1.378555E+00 5.690258E-01 -1.612235E-01 9.128139E-01 2.576006E-02 1.022370E-03 4.143150E+00 8.566518E+00 
1.768819E-01 4.506621E-03 3.102583E-01 1.801725E-01 -1.377265E+00 5.754738E-01 -1.315391E-01 9.216664E-01 2.805483E-02 1.044853E-03 3.942684E+00 8.587356E+00 
1.672270E-01 4.593965E-03 3.004276E-01 1.769447E-01 -1.351207E+00 5.755710E-01 -1.315178E-01 9.770973E-01 2.654851E-02 7.375460E-04 4.216752E+00 8.849386E+00 
1.625619E-01 5.248876E-03 3.239164E-01 1.801023E-01 -1.449342E+00 5.690475E-01 -1.915685E-01 9.240903E-01 2.832367E-02 1.018629E-03 4.082946E+00 9.126134E+00 
1.761631E-01 4.997461E-03 3.366333E-01 1.819182E-01 -1.358087E+00 5.895251E-01 -1.289827E-01 9.392068E-01 2.746118E-02 8.137925E-04 4.401560E+00 9.317106E+00 
1.716736E-01 5.488899E-03 3.378841E-01 1.802539E-01 -1.399267E+00 5.858791E-01 -1.976813E-01 9.575408E-01 2.885705E-02 1.985400E-03 4.063713E+00 8.135706E+00 
1.885397E-01 4.323389E-03 3.128709E-01 1.792244E-01 -1.348094E+00 5.812886E-01 -1.493187E-01 8.512887E-01 2.779942E-02 5.245130E-04 3.922831E+00 9.128679E+00 
1.621330E-01 5.577406E-03 3.358228E-01 1.732706E-01 -1.338124E+00 5.619840E-01 -1.416482E-01 9.141005E-01 2.673814E-02 1.938448E-03 4.013216E+00 9.331169E+00 
1.530953E-01 3.406166E-03 3.311239E-01 1.819598E-01 -1.352796E+00 5.869270E-01 -1.237710E-01 1.042402E+00 2.887805E-02 9.026068E-04 4.203979E+00 8.262226E+00 
1.665296E-01 4.329950E-03 3.503036E-01 1.783311E-01 -1.387326E+00 5.882721E-01 -1.303484E-01 9.829744E-01 2.917108E-02 1.546666E-03 3.664566E+00 8.184682E+00 
1.622693E-01 5.522872E-03 3.303833E-01 1.753035E-01 -1.395452E+00 5.805992E-01 -9.325858E-02 9.744773E-01 2.860269E-02 6.587974E-04 4.244423E+00 1.025362E+01 
1.794154E-01 3.963677E-03 3.366290E-01 1.770104E-01 -1.394029E+00 5.861438E-01 -1.219734E-01 9.736560E-01 2.901738E-02 1.632724E-03 4.212696E+00 8.286265E+00 
1.648931E-01 4.075475E-03 3.480410E-01 1.861620E-01 -1.394298E+00 5.921533E-01 -1.525448E-01 1.011874E+00 2.676339E-02 7.693348E-04 4.294960E+00 9.557941E+00 
1.805909E-01 5.263468E-03 3.369200E-01 1.775252E-01 -1.478690E+00 5.889545E-01 -1.323220E-01 9.323275E-01 2.792557E-02 7.837614E-04 4.325691E+00 8.902744E+00 
1.895023E-01 5.884848E-03 3.369874E-01 1.819085E-01 -1.528792E+00 5.890125E-01 -1.185136E-01 9.829707E-01 2.932021E-02 5.257270E-04 4.139259E+00 9.391806E+00 
1.767243E-01 4.300033E-03 3.443066E-01 1.819466E-01 -1.342182E+00 5.848183E-01 -1.085557E-01 8.917574E-01 2.672517E-02 7.600675E-04 4.138701E+00 8.963709E+00 
1.785103E-01 5.648867E-03 3.484783E-01 1.827313E-01 -1.402541E+00 5.953790E-01 -1.725519E-01 9.415195E-01 2.657044E-02 1.183111E-03 4.077265E+00 7.578476E+00 
1.724971E-01 4.043918E-03 3.289059E-01 1.789247E-01 -1.472612E+00 5.776052E-01 -1.448164E-01 9.759466E-01 2.787098E-02 7.256589E-04 3.914878E+00 9.273888E+00 
1.808859E-01 3.482797E-03 3.387269E-01 1.844376E-01 -1.381926E+00 5.912184E-01 -1.091359E-01 9.758957E-01 2.850035E-02 1.220093E-03 4.066610E+00 9.117374E+00 
1.656253E-01 3.302423E-03 3.398622E-01 1.810287E-01 -1.337930E+00 5.954745E-01 -1.396156E-01 9.144030E-01 2.743541E-02 9.899997E-04 4.285631E+00 8.767966E+00 
1.770648E-01 4.420700E-03 3.300315E-01 1.809486E-01 -1.367045E+00 5.768380E-01 -1.340633E-01 9.266348E-01 2.636855E-02 1.632698E-04 3.836631E+00 8.578669E+00 
1.647064E-01 7.973823E-03 3.255887E-01 1.824456E-01 -1.411816E+00 5.792897E-01 -1.274599E-01 9.468768E-01 2.784119E-02 8.101696E-04 4.063573E+00 8.498691E+00 
1.709651E-01 4.415847E-03 3.114435E-01 1.849261E-01 -1.357164E+00 5.913928E-01 -1.374027E-01 9.876034E-01 2.437898E-02 7.705967E-04 3.877482E+00 9.385567E+00 
1.646190E-01 7.490573E-03 3.395831E-01 1.830182E-01 -1.422953E+00 5.855061E-01 -1.587484E-01 8.379066E-01 2.900277E-02 3.908265E-04 3.902255E+00 8.998451E+00 
1.674805E-01 4.793468E-03 3.313104E-01 1.812415E-01 -1.401705E+00 5.859280E-01 -1.183841E-01 9.353324E-01 2.824423E-02 4.890758E-04 4.166274E+00 9.182612E+00 
1.698053E-01 5.694890E-03 3.303221E-01 1.811492E-01 -1.293030E+00 5.840688E-01 -1.395017E-01 9.354912E-01 2.731678E-02 3.349713E-04 3.707329E+00 8.680907E+00 
1.688844E-01 1.088835E-02 3.251541E-01 1.742486E-01 -1.427694E+00 5.849288E-01 -1.364382E-01 9.199443E-01 2.777940E-02 2.478555E-03 4.324101E+00 9.568103E+00 
1.793385E-01 5.234333E-03 3.240882E-01 1.882633E-01 -1.390753E+00 5.920646E-01 -1.167374E-01 9.211056E-01 2.545704E-02 1.119437E-03 4.312014E+00 8.735382E+00 
1.646782E-01 3.801213E-03 3.271077E-01 1.808009E-01 -1.323435E+00 5.860685E-01 -1.312183E-01 1.005403E+00 2.806574E-02 7.375000E-04 3.904161E+00 9.020910E+00 
1.365778E-01 4.630131E-03 3.451767E-01 1.819047E-01 -1.378073E+00 5.964031E-01 -1.797144E-01 9.446968E-01 2.615327E-02 3.981604E-04 4.154267E+00 8.179101E+00 
1.791936E-01 4.258861E-03 3.235405E-01 1.799944E-01 -1.390585E+00 5.854799E-01 -9.113588E-02 9.361931E-01 2.801811E-02 1.233826E-03 4.127470E+00 9.096348E+00 
1.693890E-01 6.852456E-03 3.338099E-01 1.837522E-01 -1.383763E+00 5.861347E-01 -1.260566E-01 9.692983E-01 2.717108E-02 7.720047E-04 3.740378E+00 9.008123E+00 
1.715638E-01 4.344502E-03 3.160584E-01 1.831172E-01 -1.388282E+00 5.938502E-01 -1.459384E-01 9.596087E-01 2.646237E-02 1.459759E-03 4.130877E+00 8.673056E+00 
1.769797E-01 3.837329E-03 3.349185E-01 1.822479E-01 -1.404846E+00 5.904254E-01 -1.408118E-01 9.161206E-01 2.583154E-02 7.170310E-04 4.124963E+00 9.449618E+00 
1.782131E-01 3.703444E-03 3.433812E-01 1.816151E-01 -1.388682E+00 5.950912E-01 -1.349963E-01 9.184116E-01 2.329221E-02 6.271937E-04 3.558554E+00 9.139491E+00 
1.862273E-01 5.627720E-03 3.134843E-01 1.794684E-01 -1.379225E+00 5.575839E-01 -8.888242E-02 9.321801E-01 2.882964E-02 4.804804E-04 4.143522E+00 8.803582E+00 
1.745312E-01 4.814991E-03 3.338198E-01 1.832919E-01 -1.430699E+00 5.926520E-01 -1.664950E-01 9.722538E-01 2.788712E-02 1.208928E-03 4.080474E+00 8.337566E+00 
1.740006E-01 5.481299E-03 3.011722E-01 1.714453E-01 -1.475264E+00 5.871247E-01 -1.155376E-01 1.003408E+00 2.862939E-02 1.700427E-03 4.113207E+00 1.051630E+01 
1.669913E-01 5.737668E-03 3.323924E-01 1.823081E-01 -1.414577E+00 5.627630E-01 -1.256123E-01 9.751423E-01 2.840404E-02 7.299398E-04 4.178666E+00 8.838403E+00 
1.787847E-01 6.101404E-03 3.154529E-01 1.826302E-01 -1.285720E+00 5.870942E-01 -1.461848E-01 9.727491E-01 2.694779E-02 4.373311E-04 4.105546E+00 8.651829E+00 
1.605075E-01 5.876986E-03 3.383615E-01 1.809444E-01 -1.338016E+00 5.903986E-01 -1.186471E-01 9.726669E-01 2.667021E-02 1.043940E-03 3.989070E+00 9.141147E+00 
1.713672E-01 4.920056E-03 3.465511E-01 1.829157E-01 -1.373365E+00 5.915432E-01 -1.673331E-01 9.668711E-01 2.874751E-02 2.959404E-04 4.232809E+00 7.798058E+00 
1.609526E-01 4.286190E-03 3.521004E-01 1.791883E-01 -1.348848E+00 5.858085E-01 -1.513748E-01 9.534157E-01 2.782901E-02 1.206513E-03 4.190074E+00 8.312097E+00 
1.724145E-01 4.443924E-03 3.326373E-01 1.804424E-01 -1.334502E+00 5.859721E-01 -1.512102E-01 9.487303E-01 2.721546E-02 9.035559E-04 4.244801E+00 9.706147E+00 
1.804264E-01 6.776499E-03 3.133284E-01 1.810395E-01 -1.484717E+00 5.897307E-01 -1.421910E-01 9.525854E-01 2.732031E-02 3.696142E-04 3.754596E+00 8.979505E+00 
1.626034E-01 4.664044E-03 3.178567E-01 1.800816E-01 -1.311694E+00 5.878193E-01 -1.171694E-01 9.666349E-01 2.842000E-02 8.693664E-04 4.477500E+00 8.987695E+00 
1.614915E-01 4.391315E-03 3.197527E-01 1.808497E-01 -1.399370E+00 5.805729E-01 -1.137092E-01 9.556029E-01 2.728981E-02 1.398943E-03 4.073355E+00 9.055029E+00 
1.902973E-01 4.289925E-03 3.329175E-01 1.802934E-01 -1.467679E+00 5.863037E-01 -1.815297E-01 9.015742E-01 2.567241E-02 5.627132E-04 4.130817E+00 8.966641E+00 
1.609553E-01 7.117594E-03 3.523090E-01 1.792218E-01 -1.406717E+00 5.931755E-01 -1.726271E-01 9.386530E-01 2.580553E-02 1.503135E-03 4.266450E+00 7.915182E+00 
1.670316E-01 4.803253E-03 3.460331E-01 1.795056E-01 -1.255418E+00 5.846874E-01 -1.501665E-01 9.203005E-01 2.696568E-02 2.695429E-04 4.032784E+00 8.045002E+00 
1.734078E-01 5.676078E-03 3.235408E-01 1.883280E-01 -1.445973E+00 5.891661E-01 -1.129844E-01 9.585859E-01 2.715846E-02 8.241264E-04 3.975310E+00 8.882432E+00 
1.786235E-01 5.121345E-03 3.245683E-01 1.828333E-01 -1.349761E+00 5.920376E-01 -1.471916E-01 9.253284E-01 2.672149E-02 7.586816E-04 4.058184E+00 9.014211E+00 
1.603492E-01 4.729017E-03 3.490848E-01 1.791843E-01 -1.347796E+00 5.745868E-01 -1.560210E-01 9.639884E-01 2.785007E-02 7.535506E-04 4.095453E+00 8.667792E+00 
1.717090E-01 5.119241E-03 2.977354E-01 1.797296E-01 -1.368226E+00 5.836610E-01 -1.051850E-01 9.257270E-01 2.891199E-02 1.364188E-03 4.178398E+00 8.888975E+00 
1.790021E-01 4.416272E-03 3.166922E-01 1.836934E-01 -1.270302E+00 5.781165E-01 -1.563305E-01 9.149754E-01 2.719153E-02 1.171699E-03 3.953711E+00 8.914282E+00 
1.392911E-01 3.351157E-02 3.471975E-01 1.652754E-01 -1.465764E+00 3.218249E-01 -1.029801E-01 1.262728E-01 3.110287E-02 4.569372E-03 3.610678E+00 1.011474E+01 
1.805285E-01 8.516331E-03 3.330423E-01 1.852792E-01 -1.455365E+00 5.960686E-01 -1.357560E-01 9.433801E-01 2.655958E-02 1.736412E-03 4.183958E+00 8.898577E+00 
2.000000E-01 4.676466E-03 3.175301E-01 1.767384E-01 -1.458587E+00 5.788177E-01 -1.376046E-01 9.501812E-01 2.793884E-02 1.260109E-03 3.918489E+00 9.062564E+00 
1.765203E-01 5.243127E-03 3.201882E-01 1.867854E-01 -1.308515E+00 5.896362E-01 -1.404028E-01 9.154455E-01 2.763979E-02 9.627515E-04 4.480825E+00 8.728151E+00 
1.664290E-01 1.000000E-04 3.193727E-01 1.939725E-01 -1.409827E+00 5.875118E-01 -1.100601E-01 1.123683E+00 2.645546E-02 2.640657E-03 4.261753E+00 8.254058E+00 
1.703650E-01 4.799262E-03 3.278305E-01 1.805937E-01 -1.391402E+00 5.874884E-01 -1.018840E-01 9.940516E-01 2.520948E-02 5.667338E-04 4.182216E+00 9.138819E+00 
1.539711E-01 6.525504E-03 3.464916E-01 1.838908E-01 -1.392613E+00 5.560461E-01 -1.241488E-01 9.335898E-01 3.211149E-02 7.183647E-04 4.387297E+00 9.203918E+00 
1.844810E-01 4.977223E-03 2.867750E-01 1.796247E-01 -1.453758E+00 5.880149E-01 -1.193420E-01 9.715619E-01 2.808720E-02 1.283539E-03 4.710756E+00 9.538392E+00 
1.754884E-01 5.272832E-03 3.086578E-01 1.789493E-01 -1.306028E+00 5.830985E-01 -1.420315E-01 9.610200E-01 2.937678E-02 1.051648E-03 4.063094E+00 8.750208E+00 
1.718558E-01 4.820351E-03 3.190176E-01 1.821118E-01 -1.388129E+00 5.792577E-01 -1.451750E-01 9.282364E-01 2.820558E-02 8.552395E-04 4.240432E+00 8.715239E+00 
1.740499E-01 5.216827E-03 3.268429E-01 1.822416E-01 -1.486225E+00 5.935545E-01 -1.597438E-01 8.858558E-01 2.806032E-02 9.229746E-04 4.136493E+00 8.748992E+00 
1.705477E-01 3.038968E-03 3.140683E-01 1.748887E-01 -1.374571E+00 5.874306E-01 -1.257279E-01 9.745329E-01 2.692547E-02 9.025774E-04 3.884311E+00 8.551111E+00 
1.863588E-01 3.396412E-03 3.263697E-01 1.796276E-01 -1.439312E+00 5.912857E-01 -1.063697E-01 9.316630E-01 2.695272E-02 2.062894E-04 3.856834E+00 8.603414E+00 
1.741820E-01 6.533521E-03 3.377990E-01 1.790893E-01 -1.362297E+00 5.834847E-01 -1.248557E-01 9.152718E-01 2.659522E-02 9.107014E-04 3.923123E+00 9.039625E+00 
1.572772E-01 5.344230E-03 3.226197E-01 1.779694E-01 -1.378184E+00 5.767277E-01 -1.288529E-01 9.649228E-01 2.846832E-02 7.945601E-04 4.296338E+00 8.144812E+00 
1.802150E-01 7.027788E-03 3.432838E-01 1.812771E-01 -1.323745E+00 5.747079E-01 -1.298200E-01 9.738984E-01 2.767655E-02 1.329005E-03 4.113804E+00 7.952724E+00 
1.627450E-01 5.924802E-03 3.472474E-01 1.834873E-01 -1.440087E+00 5.938398E-01 -1.151909E-01 1.000660E+00 2.809710E-02 5.321106E-04 3.923423E+00 8.215436E+00 
1.726711E-01 5.135960E-03 3.505000E-01 1.821615E-01 -1.456394E+00 5.823626E-01 -1.065961E-01 9.672834E-01 2.904284E-02 7.021455E-04 4.064280E+00 9.591986E+00 
1.589255E-01 5.986624E-03 3.232263E-01 1.680034E-01 -1.324315E+00 5.627743E-01 -1.207336E-01 9.587954E-01 2.832196E-02 3.493394E-03 4.094257E+00 8.635995E+00 
1.768190E-01 4.827188E-03 3.305895E-01 1.814440E-01 -1.337607E+00 5.887981E-01 -1.441577E-01 9.076246E-01 2.765874E-02 1.101850E-03 4.267575E+00 8.838096E+00 
1.676287E-01 5.754573E-03 3.253420E-01 1.804516E-01 -1.376395E+00 5.845848E-01 -1.269079E-01 9.869788E-01 2.501134E-02 6.498292E-04 3.974740E+00 8.978515E+00 
1.755553E-01 5.584889E-03 3.412484E-01 1.842730E-01 -1.382562E+00 5.922804E-01 -1.443252E-01 9.636316E-01 2.837569E-02 9.693494E-04 4.170727E+00 8.160184E+00 
1.788734E-01 6.236990E-03 3.357593E-01 1.812391E-01 -1.377754E+00 5.803013E-01 -1.723610E-01 8.906537E-01 2.826360E-02 3.806335E-04 4.156140E+00 8.731806E+00 
1.785362E-01 4.605161E-03 3.140958E-01 1.778492E-01 -1.384498E+00 5.804784E-01 -1.212877E-01 9.637975E-01 2.882121E-02 6.253408E-04 4.132054E+00 8.691886E+00 
1.796526E-01 4.590837E-03 3.289142E-01 1.810815E-01 -1.411976E+00 5.876539E-01 -1.748626E-01 9.286982E-01 2.848304E-02 6.118110E-04 4.056519E+00 9.049460E+00 
1.645611E-01 4.958932E-03 3.198980E-01 1.799071E-01 -1.366279E+00 5.864575E-01 -1.195450E-01 9.214624E-01 2.770780E-02 1.411627E-03 4.224227E+00 9.077762E+00 
1.650203E-01 6.802666E-03 3.203535E-01 1.767010E-01 -1.338621E+00 5.901765E-01 -1.332131E-01 9.730214E-01 2.717741E-02 1.331111E-03 4.039867E+00 9.013271E+00 
1.606207E-01 5.978050E-03 3.237445E-01 1.848975E-01 -1.400939E+00 5.776010E-01 -9.304392E-02 9.611978E-01 2.747405E-02 5.585956E-04 4.160942E+00 9.517433E+00 
1.830496E-01 6.788859E-03 3.371111E-01 1.831340E-01 -1.498399E+00 5.946278E-01 -1.585309E-01 9.146737E-01 2.725510E-02 7.392013E-04 4.460897E+00 9.053324E+00 
1.684328E-01 5.469760E-03 3.338369E-01 1.823047E-01 -1.416831E+00 5.800314E-01 -8.052880E-02 1.033953E+00 2.970436E-02 1.080278E-03 4.218171E+00 8.939507E+00 
1.767467E-01 6.112552E-03 3.320548E-01 1.854410E-01 -1.435338E+00 5.876975E-01 -1.234902E-01 9.860973E-01 2.691668E-02 1.251835E-03 4.212769E+00 8.917134E+00 
1.876808E-01 6.785866E-03 3.443990E-01 1.815867E-01 -1.314859E+00 5.947696E-01 -1.466296E-01 9.421893E-01 2.695191E-02 8.190545E-04 3.381640E+00 8.798035E+00 
1.778757E-01 4.839956E-03 3.303517E-01 1.780428E-01 -1.337351E+00 5.875023E-01 -1.455424E-01 9.332170E-01 2.582621E-02 7.900834E-04 3.900012E+00 8.716665E+00 
1.808945E-01 5.285023E-03 3.174871E-01 1.847922E-01 -1.378227E+00 5.936392E-01 -1.701822E-01 9.572090E-01 2.882091E-02 2.538745E-03 4.141779E+00 8.010571E+00 
1.524960E-01 3.564199E-03 3.481932E-01 1.812614E-01 -1.354346E+00 5.905579E-01 -1.796125E-01 9.778490E-01 2.911403E-02 6.961435E-04 3.918329E+00 9.057524E+00 
1.699218E-01 4.346376E-03 3.286584E-01 1.813183E-01 -1.417012E+00 5.923298E-01 -1.309965E-01 9.815253E-01 2.928225E-02 1.547357E-03 4.257371E+00 7.906192E+00 
1.830518E-01 4.707983E-03 3.384238E-01 1.845021E-01 -1.349190E+00 5.896090E-01 -1.327621E-01 1.000215E+00 2.957663E-02 9.298435E-04 4.154677E+00 8.567917E+00 
1.628102E-01 5.632838E-03 3.312131E-01 1.829531E-01 -1.387563E+00 5.856455E-01 -1.644857E-01 9.456098E-01 2.838433E-02 8.969397E-04 4.166365E+00 8.571996E+00 
1.813287E-01 4.864400E-03 3.326357E-01 1.765114E-01 -1.310866E+00 5.837263E-01 -1.610021E-01 9.377265E-01 2.969430E-02 9.860148E-04 4.091986E+00 8.837863E+00 
1.736642E-01 2.917859E-03 3.310022E-01 1.833002E-01 -1.383134E+00 5.951061E-01 -1.588156E-01 9.949538E-01 2.686418E-02 5.805547E-04 4.475162E+00 8.769268E+00 
1.682735E-01 5.210025E-03 3.196737E-01 1.814466E-01 -1.374947E+00 5.800004E-01 -1.213712E-01 1.011646E+00 2.813592E-02 1.413476E-03 4.227586E+00 8.997763E+00 
1.802238E-01 5.054100E-03 3.390407E-01 1.810796E-01 -1.366874E+00 5.835883E-01 -1.094267E-01 9.465360E-01 2.746164E-02 8.848730E-04 3.939977E+00 9.179649E+00 
1.763670E-01 4.644823E-03 3.623924E-01 1.745419E-01 -1.444030E+00 5.926051E-01 -1.732962E-01 9.528428E-01 2.783881E-02 6.173004E-04 4.321376E+00 9.092415E+00 
1.743054E-01 6.357419E-03 3.313622E-01 1.844865E-01 -1.357161E+00 5.853130E-01 -1.147166E-01 9.361719E-01 2.663610E-02 1.276542E-03 4.335073E+00 8.636499E+00 
1.668740E-01 4.530879E-03 3.363250E-01 1.832499E-01 -1.404928E+00 5.829611E-01 -1.302104E-01 9.375230E-01 2.791551E-02 4.601005E-04 3.990129E+00 8.673937E+00 
1.718615E-01 4.624477E-03 3.365346E-01 1.825833E-01 -1.532052E+00 5.815503E-01 -1.680485E-01 9.586876E-01 2.868831E-02 1.140753E-03 4.147367E+00 8.535011E+00 
1.679204E-01 4.408209E-03 3.041389E-01 1.821200E-01 -1.386129E+00 5.702904E-01 -1.048810E-01 8.813350E-01 2.840148E-02 3.450874E-04 4.272570E+00 8.710826E+00 
1.823856E-01 5.396725E-03 3.279733E-01 1.740007E-01 -1.462959E+00 5.845337E-01 -1.541079E-01 9.319080E-01 2.719091E-02 3.835883E-04 3.989906E+00 8.482472E+00 
1.600420E-01 8.581439E-03 3.323479E-01 1.801592E-01 -1.449603E+00 5.881817E-01 -1.787415E-01 9.450814E-01 2.776382E-02 9.663849E-04 4.164758E+00 9.206595E+00 
1.620952E-01 5.400612E-03 3.215220E-01 1.835430E-01 -1.403602E+00 5.802763E-01 -1.037429E-01 9.662843E-01 2.823532E-02 3.139929E-04 4.106603E+00 8.848499E+00 
1.720274E-01 4.877142E-03 3.159187E-01 1.815925E-01 -1.398355E+00 5.737165E-01 -1.157542E-01 9.122923E-01 2.863012E-02 8.740436E-04 4.026641E+00 8.449725E+00 
1.780008E-01 4.197681E-03 3.246331E-01 1.826954E-01 -1.422987E+00 5.953429E-01 -1.457198E-01 9.164449E-01 2.774452E-02 8.494824E-04 4.082966E+00 9.095581E+00 
1.708623E-01 6.549934E-03 3.360451E-01 1.746832E-01 -1.406579E+00 5.768371E-01 -1.516638E-01 9.425907E-01 2.695324E-02 8.960185E-04 4.229017E+00 9.273716E+00 
1.706682E-01 4.834845E-03 3.136779E-01 1.825764E-01 -1.388229E+00 5.866255E-01 -1.608161E-01 9.335066E-01 2.821323E-02 8.470981E-04 3.874014E+00 8.454712E+00 
1.880236E-01 6.716001E-03 3.072450E-01 1.824372E-01 -1.366060E+00 5.917952E-01 -1.280182E-01 9.488696E-01 2.851890E-02 6.767697E-04 4.404532E+00 9.202862E+00 
1.689919E-01 5.865040E-03 3.269111E-01 1.810948E-01 -1.409865E+00 5.838878E-01 -1.631671E-01 9.354590E-01 2.939422E-02 3.528608E-04 4.299427E+00 9.370425E+00 
1.771990E-01 4.963599E-03 3.290614E-01 1.833459E-01 -1.423427E+00 5.891104E-01 -1.131449E-01 9.125357E-01 2.882754E-02 4.684605E-04 4.287156E+00 9.010473E+00 
1.785026E-01 4.146783E-03 3.390178E-01 1.807232E-01 -1.393261E+00 5.959510E-01 -1.606102E-01 9.506358E-01 2.789004E-02 5.817155E-04 4.220606E+00 8.537196E+00 
1.800267E-01 2.654809E-03 3.216773E-01 1.820675E-01 -1.421193E+00 5.855569E-01 -1.161882E-01 9.485713E-01 2.784015E-02 6.633884E-04 4.335419E+00 9.106472E+00 
1.730170E-01 4.893788E-03 3.279357E-01 1.823268E-01 -1.413301E+00 5.948450E-01 -1.496468E-01 9.694738E-01 2.621551E-02 9.794721E-04 4.149250E+00 9.032693E+00 
1.692157E-01 5.243141E-03 3.173358E-01 1.805830E-01 -1.466899E+00 5.763418E-01 -1.590571E-01 9.466321E-01 2.712806E-02 2.311352E-03 4.187959E+00 8.543718E+00 
1.775912E-01 5.081416E-03 3.391640E-01 1.840126E-01 -1.470155E+00 5.911091E-01 -1.629518E-01 9.344316E-01 2.757776E-02 1.341421E-04 4.310076E+00 9.242355E+00 
1.859729E-01 4.202672E-03 3.071973E-01 1.787051E-01 -1.375503E+00 5.805249E-01 -1.371860E-01 9.421185E-01 2.768939E-02 8.443663E-04 3.775407E+00 9.603464E+00 
1.732353E-01 6.948736E-03 3.359404E-01 1.793585E-01 -1.376353E+00 5.740863E-01 -1.080167E-01 9.304178E-01 2.758197E-02 9.561883E-04 4.286026E+00 8.716958E+00 
1.740085E-01 4.386871E-03 3.267109E-01 1.823881E-01 -1.371575E+00 5.852217E-01 -1.656135E-01 9.414278E-01 2.774889E-02 5.294844E-04 4.066388E+00 8.533732E+00 
1.791426E-01 5.895392E-03 3.356511E-01 1.832007E-01 -1.510339E+00 5.863841E-01 -1.428711E-01 9.341483E-01 2.681683E-02 3.546085E-04 4.155914E+00 9.122254E+00 
1.804526E-01 6.170036E-03 3.216714E-01 1.836868E-01 -1.456393E+00 5.909395E-01 -1.291564E-01 9.898706E-01 2.907908E-02 7.782138E-04 4.213851E+00 8.543772E+00 
1.682519E-01 4.702260E-03 3.155264E-01 1.796822E-01 -1.375575E+00 5.802209E-01 -1.416653E-01 9.516429E-01 2.809884E-02 6.102976E-04 4.206352E+00 8.499686E+00 
1.707031E-01 5.675021E-03 3.382256E-01 1.816379E-01 -1.412613E+00 5.876574E-01 -1.460501E-01 9.236749E-01 2.699999E-02 5.134576E-04 4.148580E+00 9.210631E+00 
1.722741E-01 9.276795E-02 3.390821E-01 1.738464E-01 -1.320112E+00 5.298961E-01 -1.059794E-01 1.030106E+00 2.779036E-02 4.349065E-03 3.723288E+00 9.370632E+00 
1.593374E-01 6.048289E-03 3.365457E-01 1.816323E-01 -1.345439E+00 5.802381E-01 -1.548613E-01 9.678680E-01 2.734232E-02 1.005382E-03 3.885360E+00 7.823949E+00 
1.671128E-01 4.326161E-03 3.303475E-01 1.829721E-01 -1.409285E+00 5.846374E-01 -1.423345E-01 9.408269E-01 2.723218E-02 1.127595E-03 4.274005E+00 8.310909E+00 
1.757143E-01 5.402938E-03 3.302912E-01 1.811416E-01 -1.379575E+00 5.930577E-01 -1.269428E-01 9.581024E-01 2.834758E-02 8.769718E-04 4.180394E+00 8.325826E+00 
1.689460E-01 4.325061E-03 3.067039E-01 1.825723E-01 -1.442489E+00 5.843742E-01 -1.433135E-01 9.196131E-01 2.901089E-02 2.464451E-04 4.211735E+00 9.497770E+00 
1.787061E-01 5.961708E-03 3.183487E-01 1.825826E-01 -1.373961E+00 5.721145E-01 -1.221402E-01 9.582016E-01 2.752563E-02 6.195314E-04 3.920664E+00 8.789058E+00 
1.711310E-01 6.887800E-03 3.016897E-01 1.816036E-01 -1.424512E+00 5.813084E-01 -1.335782E-01 9.677283E-01 2.933375E-02 9.688427E-04 3.864138E+00 9.065947E+00 
1.695596E-01 4.132937E-03 3.341643E-01 1.799935E-01 -1.348052E+00 5.843777E-01 -1.318477E-01 9.499497E-01 2.545321E-02 1.063112E-03 4.042934E+00 8.066319E+00 
1.755538E-01 6.097675E-03 3.347630E-01 1.774671E-01 -1.348785E+00 5.848197E-01 -1.360071E-01 9.096395E-01 2.858676E-02 3.182942E-04 4.154610E+00 1.054099E+01 
1.753661E-01 6.865889E-03 3.324484E-01 1.872532E-01 -1.439896E+00 5.782710E-01 -1.386584E-01 9.531279E-01 2.801144E-02 1.938328E-04 4.343931E+00 9.088313E+00 
1.895321E-01 5.366120E-03 3.418101E-01 1.831162E-01 -1.410372E+00 5.858300E-01 -1.772568E-01 9.409737E-01 2.874579E-02 8.424451E-05 4.435800E+00 8.262119E+00 
1.748604E-01 4.413723E-03 3.370303E-01 1.820437E-01 -1.370431E+00 5.808652E-01 -1.176665E-01 8.993395E-01 2.697831E-02 1.118557E-03 3.990854E+00 8.803548E+00 
1.819119E-01 5.417446E-03 3.250737E-01 1.780184E-01 -1.376379E+00 5.819014E-01 -1.549569E-01 9.659880E-01 2.754950E-02 1.089253E-03 4.183225E+00 8.316313E+00 
1.797952E-01 4.054038E-03 3.248161E-01 1.856590E-01 -1.284496E+00 5.916912E-01 -1.338518E-01 9.712122E-01 2.850709E-02 8.804505E-04 4.119804E+00 8.727051E+00 
