1.847430E-01 3.342909E-03 3.289101E-01 1.906219E-01 -1.375130E+00 5.930131E-01 -1.362308E-01 9.419201E-01 2.667001E-02 7.733303E-04 4.053381E+00 8.522918E+00 
1.834161E-01 4.618680E-03 3.420512E-01 1.858205E-01 -1.424737E+00 5.944590E-01 -1.474358E-01 9.436580E-01 2.825436E-02 6.763913E-04 4.093535E+00 8.620702E+00 
1.855529E-01 5.324996E-03 3.403232E-01 1.791658E-01 -1.444674E+00 5.874165E-01 -1.466077E-01 9.037528E-01 2.653595E-02 8.637386E-04 3.982576E+00 8.860569E+00 
1.618294E-01 3.348731E-03 3.352696E-01 1.823051E-01 -1.319709E+00 5.833983E-01 -1.273270E-01 9.321477E-01 2.691968E-02 7.395403E-04 4.029311E+00 8.606514E+00 
1.635252E-01 4.912565E-03 3.388767E-01 1.843369E-01 -1.427804E+00 5.879341E-01 -1.212886E-01 9.882956E-01 2.802383E-02 5.991026E-04 4.193192E+00 8.106567E+00 
1.698200E-01 6.432548E-03 3.020320E-01 1.803456E-01 -1.380513E+00 5.734717E-01 -1.291519E-01 9.071037E-01 2.880092E-02 5.529403E-04 4.450560E+00 9.632920E+00 
1.848322E-01 4.319547E-03 3.352112E-01 1.839393E-01 -1.413251E+00 5.962917E-01 -1.405218E-01 9.564525E-01 2.634950E-02 6.885757E-04 4.070115E+00 8.779604E+00 
1.594132E-01 4.574225E-03 3.402085E-01 1.792822E-01 -1.418999E+00 5.907124E-01 -1.259243E-01 9.711083E-01 2.911780E-02 1.732736E-03 4.045656E+00 8.998066E+00 
1.778293E-01 3.287212E-03 3.289722E-01 1.834627E-01 -1.378674E+00 5.879104E-01 -1.199412E-01 9.493985E-01 2.761980E-02 7.071693E-04 4.192729E+00 8.204837E+00 
1.712674E-01 4.784540E-03 3.260147E-01 1.832421E-01 -1.420633E+00 5.851312E-01 -1.588136E-01 9.771373E-01 2.591751E-02 4.424120E-04 3.994849E+00 8.928561E+00 
1.266507E-01 8.872238E-02 3.405232E-01 1.718986E-01 -1.330246E+00 4.389772E-01 -1.198170E-01 9.991681E-01 2.841703E-02 4.559550E-03 3.928704E+00 8.563152E+00 
1.819399E-01 8.780747E-03 3.335109E-01 1.858821E-01 -1.407922E+00 5.859583E-01 -1.253294E-01 9.595037E-01 2.838056E-02 8.672234E-04 4.167047E+00 8.421026E+00 
1.879053E-01 8.459993E-03 3.327976E-01 1.909502E-01 -1.290145E+00 5.910108E-01 -1.327905E-01 9.411711E-01 2.860726E-02 8.980666E-04 4.342864E+00 8.538066E+00 
1.776426E-01 8.372048E-03 3.464216E-01 1.849685E-01 -1.556102E+00 5.958263E-01 -1.478379E-01 9.401142E-01 2.503404E-02 7.257916E-04 4.561869E+00 8.649035E+00 
1.814504E-01 1.845467E-03 3.326138E-01 1.751134E-01 -1.409683E+00 5.997563E-01 -1.477509E-01 9.795506E-01 2.577678E-02 3.322585E-04 4.151386E+00 8.666361E+00 
1.936919E-01 1.022771E-02 2.995452E-01 1.856570E-01 -1.272276E+00 5.717857E-01 -1.299631E-01 1.079307E+00 2.903406E-02 1.897512E-04 4.183460E+00 8.501542E+00 
1.752201E-01 7.881673E-03 3.350500E-01 1.808276E-01 -1.400094E+00 5.911299E-01 -1.313827E-01 9.536421E-01 2.793042E-02 2.503045E-04 4.093767E+00 8.727318E+00 
1.869224E-01 6.257873E-03 3.282397E-01 1.822174E-01 -1.391696E+00 5.955774E-01 -1.392994E-01 9.414467E-01 2.780650E-02 5.433507E-04 3.663980E+00 8.717494E+00 
1.759552E-01 4.783523E-03 3.189252E-01 1.845963E-01 -1.410908E+00 5.823062E-01 -1.236817E-01 9.813136E-01 2.763131E-02 1.012176E-03 4.341443E+00 9.170855E+00 
1.737372E-01 5.585572E-03 3.223659E-01 1.798423E-01 -1.514210E+00 5.920742E-01 -1.386218E-01 9.707288E-01 2.724559E-02 5.005857E-04 4.088666E+00 8.688408E+00 
1.812804E-01 5.494314E-03 3.200705E-01 1.788621E-01 -1.428655E+00 5.773550E-01 -1.213807E-01 9.307647E-01 2.902215E-02 7.335493E-04 3.942421E+00 8.832994E+00 
1.771892E-01 4.635321E-03 3.506914E-01 1.790325E-01 -1.372288E+00 5.815078E-01 -1.663759E-01 9.108004E-01 2.801461E-02 4.079992E-04 4.311224E+00 8.189185E+00 
1.796377E-01 5.593598E-03 3.426344E-01 1.894240E-01 -1.404403E+00 5.990175E-01 -1.448214E-01 9.487319E-01 2.450159E-02 9.836622E-04 4.106056E+00 8.906054E+00 
1.699774E-01 4.483771E-03 3.628050E-01 1.835705E-01 -1.438644E+00 5.954076E-01 -2.000000E-01 9.529486E-01 2.730483E-02 6.027277E-04 4.179998E+00 9.009496E+00 
1.745626E-01 7.085809E-03 3.453200E-01 1.802903E-01 -1.499223E+00 5.889651E-01 -1.279989E-01 9.083060E-01 2.909774E-02 6.528716E-04 4.202425E+00 8.419495E+00 
1.774060E-01 3.978565E-03 3.278216E-01 1.849873E-01 -1.384614E+00 5.837246E-01 -1.248424E-01 9.881321E-01 2.777665E-02 1.184839E-03 4.132804E+00 8.428126E+00 
1.730667E-01 5.392449E-03 3.283451E-01 1.826235E-01 -1.430111E+00 5.904395E-01 -1.395314E-01 9.808910E-01 2.817903E-02 8.889943E-04 3.640240E+00 8.701996E+00 
1.829940E-01 1.162642E-02 3.795999E-01 1.606299E-01 -1.345203E+00 5.791998E-01 -1.403833E-01 7.284098E-01 2.735537E-02 2.090810E-03 4.265106E+00 1.044923E+01 
1.666464E-01 5.681221E-03 3.269172E-01 1.773889E-01 -1.494574E+00 5.818734E-01 -1.155779E-01 9.278640E-01 2.696782E-02 2.574683E-03 4.274888E+00 8.428805E+00 
1.684242E-01 6.152583E-03 3.880693E-01 1.773809E-01 -1.319599E+00 5.833688E-01 -1.261258E-01 9.423033E-01 2.988110E-02 1.048682E-03 3.924030E+00 1.235586E+01 
1.930300E-01 3.218064E-03 3.203095E-01 1.824012E-01 -1.312647E+00 5.803239E-01 -1.472521E-01 9.425687E-01 2.759030E-02 2.304624E-04 3.684100E+00 9.205040E+00 
1.855547E-01 4.919078E-03 3.316368E-01 1.874362E-01 -1.380342E+00 5.941912E-01 -1.522126E-01 9.533614E-01 2.795796E-02 8.556955E-04 4.424776E+00 8.361978E+00 
1.685332E-01 4.176223E-03 3.182293E-01 1.801517E-01 -1.422761E+00 5.644860E-01 -9.789295E-02 1.030117E+00 2.749881E-02 4.073683E-04 4.273042E+00 8.327440E+00 
1.635279E-01 6.937156E-03 3.330752E-01 1.781934E-01 -1.419819E+00 5.932227E-01 -1.890470E-01 9.098614E-01 2.774935E-02 3.628258E-04 4.240516E+00 8.731448E+00 
1.735472E-01 7.416362E-03 3.294099E-01 1.838712E-01 -1.375267E+00 5.961581E-01 -1.304361E-01 9.393072E-01 2.561254E-02 7.248863E-04 4.166685E+00 9.041613E+00 
1.558997E-01 8.803837E-03 3.368211E-01 1.854968E-01 -1.460076E+00 5.875066E-01 -1.399028E-01 9.274385E-01 2.568186E-02 8.159471E-04 4.322540E+00 8.549610E+00 
1.769618E-01 5.567585E-03 3.277630E-01 1.798426E-01 -1.416942E+00 5.830889E-01 -1.663236E-01 9.974847E-01 2.611328E-02 6.513943E-04 3.936199E+00 8.788722E+00 
1.783937E-01 4.899520E-03 3.334334E-01 1.860730E-01 -1.363534E+00 5.819499E-01 -1.372859E-01 9.381053E-01 2.935671E-02 1.349090E-03 4.221006E+00 8.926300E+00 
1.689541E-01 5.414623E-03 3.117677E-01 1.787401E-01 -1.363770E+00 5.805260E-01 -1.327937E-01 9.633700E-01 2.733005E-02 8.335790E-04 3.899275E+00 8.968660E+00 
1.783492E-01 2.732834E-03 3.308474E-01 1.837958E-01 -1.439234E+00 5.946039E-01 -1.393873E-01 9.382989E-01 2.807597E-02 5.220191E-04 4.189921E+00 8.541959E+00 
1.471664E-01 5.906154E-03 3.288549E-01 1.822397E-01 -1.443556E+00 5.809529E-01 -1.644764E-01 9.672664E-01 2.772201E-02 1.053867E-04 4.046051E+00 8.734775E+00 
1.785799E-01 6.195895E-03 3.448682E-01 1.837626E-01 -1.489217E+00 5.953280E-01 -1.404925E-01 9.544595E-01 2.685880E-02 8.048145E-04 4.112780E+00 9.090603E+00 
1.750860E-01 5.212630E-03 3.115244E-01 1.838796E-01 -1.407510E+00 5.812690E-01 -1.738638E-01 9.591799E-01 2.785621E-02 7.136650E-04 4.161598E+00 8.730512E+00 
1.583173E-01 4.977515E-03 3.408545E-01 1.782450E-01 -1.445590E+00 5.810002E-01 -1.357468E-01 8.058782E-01 2.966695E-02 8.405777E-04 3.852055E+00 9.068764E+00 
1.702684E-01 7.028307E-03 3.470554E-01 1.834973E-01 -1.385114E+00 5.907214E-01 -1.754902E-01 9.628517E-01 2.818718E-02 1.090342E-03 4.078175E+00 9.090156E+00 
1.738318E-01 3.799803E-03 3.202210E-01 1.830423E-01 -1.388418E+00 5.805450E-01 -1.235077E-01 9.219046E-01 2.733798E-02 4.349313E-04 4.082914E+00 8.585776E+00 
1.692227E-01 5.411144E-03 3.338892E-01 1.832137E-01 -1.441991E+00 5.960842E-01 -1.441277E-01 8.873479E-01 2.637362E-02 6.118917E-04 4.211847E+00 8.608454E+00 
1.657609E-01 5.061286E-03 3.559597E-01 1.861059E-01 -1.454750E+00 5.941073E-01 -1.551250E-01 9.523875E-01 2.591846E-02 8.872051E-04 4.329683E+00 8.831939E+00 
1.770129E-01 8.070770E-03 3.281907E-01 1.831668E-01 -1.302914E+00 5.935310E-01 -1.952651E-01 9.393379E-01 2.616105E-02 1.157129E-03 4.104618E+00 8.675516E+00 
9.145597E-02 6.309699E-02 3.292211E-01 1.777153E-01 -1.295952E+00 5.017734E-01 -1.148176E-01 1.008994E+00 2.814778E-02 8.321564E-04 3.370673E+00 8.238569E+00 
1.686266E-01 5.141435E-03 3.288072E-01 1.775885E-01 -1.362409E+00 5.744965E-01 -1.324020E-01 9.459931E-01 2.762502E-02 5.632859E-04 4.200217E+00 8.794257E+00 
1.894861E-01 1.494563E-02 3.239828E-01 1.840287E-01 -1.361827E+00 5.904606E-01 -1.218358E-01 9.677363E-01 2.718480E-02 8.045301E-04 4.148682E+00 8.725540E+00 
1.678093E-01 4.858036E-03 3.493736E-01 1.831031E-01 -1.383701E+00 5.845740E-01 -1.365249E-01 9.366391E-01 2.728730E-02 8.352530E-04 4.037416E+00 8.797242E+00 
1.808124E-01 5.460145E-03 3.303586E-01 1.784875E-01 -1.446491E+00 5.817650E-01 -1.487535E-01 9.239260E-01 2.792464E-02 9.787732E-04 3.982886E+00 8.629565E+00 
1.788900E-01 6.932789E-03 3.440525E-01 1.811530E-01 -1.440721E+00 5.943286E-01 -1.330190E-01 1.018428E+00 2.698895E-02 8.259683E-04 4.323313E+00 8.879752E+00 
1.808528E-01 3.808474E-03 3.312945E-01 1.760539E-01 -1.527861E+00 5.810876E-01 -1.279520E-01 9.601386E-01 2.735485E-02 9.718277E-04 4.067771E+00 8.534377E+00 
1.723005E-01 5.099975E-03 3.285236E-01 1.801064E-01 -1.425054E+00 5.687902E-01 -1.298215E-01 9.738783E-01 2.765743E-02 8.055778E-04 4.204136E+00 8.262114E+00 
1.750584E-01 3.544597E-03 3.308325E-01 1.811900E-01 -1.419375E+00 5.848888E-01 -1.224992E-01 9.517524E-01 2.903043E-02 1.707285E-03 4.065213E+00 8.189104E+00 
1.663735E-01 5.543470E-03 3.493485E-01 1.806934E-01 -1.405227E+00 5.924714E-01 -1.730856E-01 9.221277E-01 2.483431E-02 5.206590E-04 4.123530E+00 8.833182E+00 
1.670126E-01 5.572902E-03 3.289786E-01 1.838861E-01 -1.379940E+00 5.794110E-01 -1.472318E-01 9.564606E-01 2.759462E-02 7.918588E-04 4.012605E+00 8.196942E+00 
1.767113E-01 5.648208E-03 3.132396E-01 1.862021E-01 -1.410290E+00 5.777611E-01 -1.183200E-01 9.618626E-01 2.957203E-02 6.965905E-04 4.037325E+00 8.608400E+00 
1.758868E-01 6.672783E-03 3.292476E-01 1.836286E-01 -1.356329E+00 5.817838E-01 -1.494962E-01 9.393491E-01 2.601743E-02 6.308411E-04 4.269741E+00 9.042939E+00 
1.692022E-01 3.677275E-03 3.248827E-01 1.803901E-01 -1.458056E+00 5.901946E-01 -1.368697E-01 9.556089E-01 2.746880E-02 1.068745E-03 4.390475E+00 9.023647E+00 
1.694521E-01 4.236348E-03 3.346604E-01 1.783468E-01 -1.328326E+00 5.900931E-01 -1.407353E-01 9.810516E-01 2.760998E-02 9.533261E-04 3.682125E+00 9.462970E+00 
1.744867E-01 4.005848E-03 3.292590E-01 1.865698E-01 -1.393948E+00 5.881396E-01 -1.160023E-01 9.584600E-01 2.736624E-02 6.818099E-04 4.448839E+00 8.792518E+00 
1.686793E-01 5.239666E-03 3.476856E-01 1.829038E-01 -1.405731E+00 5.799410E-01 -1.336986E-01 9.411720E-01 2.612606E-02 5.459622E-04 3.978804E+00 9.699807E+00 
1.784071E-01 7.001875E-03 3.369290E-01 1.817842E-01 -1.425150E+00 5.811629E-01 -1.705654E-01 9.509044E-01 2.595140E-02 5.593970E-04 4.168994E+00 7.932790E+00 
1.825587E-01 4.844606E-03 3.453730E-01 1.884658E-01 -1.438361E+00 5.862135E-01 -1.091678E-01 9.568072E-01 2.725393E-02 8.552321E-04 4.366187E+00 9.410475E+00 
1.810256E-01 4.562488E-03 3.160328E-01 1.792951E-01 -1.329132E+00 5.885126E-01 -1.316304E-01 9.992345E-01 2.849381E-02 6.653512E-04 3.993617E+00 9.074575E+00 
1.742373E-01 6.219045E-03 3.317101E-01 1.856002E-01 -1.446970E+00 6.000000E-01 -1.507049E-01 9.531711E-01 2.347745E-02 1.749263E-03 4.294404E+00 8.364285E+00 
1.587352E-01 4.816352E-03 3.462332E-01 1.802396E-01 -1.419622E+00 5.974571E-01 -1.910452E-01 9.388204E-01 2.805508E-02 4.678179E-04 4.089692E+00 8.517545E+00 
1.773299E-01 3.975695E-03 3.275567E-01 1.822405E-01 -1.325497E+00 5.869563E-01 -1.125439E-01 9.609621E-01 2.828617E-02 0.000000E+00 4.176273E+00 9.290249E+00 
1.749765E-01 2.589761E-03 3.355964E-01 1.839528E-01 -1.431776E+00 5.962654E-01 -1.201782E-01 9.519723E-01 2.969116E-02 1.993753E-04 4.200375E+00 8.827909E+00 
1.635289E-01 5.773088E-03 3.544110E-01 1.794555E-01 -1.420075E+00 5.794266E-01 -1.520014E-01 9.457580E-01 2.815236E-02 1.616539E-03 4.067288E+00 8.753683E+00 
1.775452E-01 5.497559E-03 3.046130E-01 1.837314E-01 -1.313772E+00 5.780599E-01 -1.307129E-01 9.333689E-01 2.613500E-02 3.743964E-04 3.897814E+00 7.951769E+00 
1.698540E-01 5.419893E-03 3.266091E-01 1.825833E-01 -1.377486E+00 5.958247E-01 -1.711974E-01 1.006336E+00 2.937274E-02 6.495527E-04 4.246359E+00 8.377495E+00 
1.741868E-01 7.480148E-03 3.219750E-01 1.835046E-01 -1.346999E+00 5.942851E-01 -1.496446E-01 9.734994E-01 2.959352E-02 5.126339E-04 4.082034E+00 9.126067E+00 
1.736034E-01 4.377557E-03 3.233647E-01 1.769940E-01 -1.395714E+00 5.895687E-01 -1.509984E-01 9.672346E-01 2.809099E-02 3.016625E-04 4.063413E+00 9.022989E+00 
1.826995E-01 5.237670E-03 3.369122E-01 1.815083E-01 -1.383327E+00 5.877201E-01 -1.371740E-01 9.747763E-01 2.732552E-02 7.924315E-04 4.190809E+00 1.029112E+01 
1.709737E-01 3.558285E-03 3.253449E-01 1.837146E-01 -1.505360E+00 5.899472E-01 -1.260872E-01 9.699628E-01 2.577795E-02 9.965944E-04 4.373600E+00 8.357045E+00 
1.779069E-01 3.475462E-03 2.958473E-01 1.824909E-01 -1.308055E+00 5.919588E-01 -1.722303E-01 9.663319E-01 2.959846E-02 1.151135E-03 3.980754E+00 8.832844E+00 
1.761719E-01 4.325742E-03 3.243682E-01 1.833331E-01 -1.388134E+00 5.922171E-01 -1.604385E-01 9.509711E-01 2.753619E-02 6.724072E-04 4.100552E+00 8.399926E+00 
1.689535E-01 4.724355E-03 3.066710E-01 1.848153E-01 -1.446669E+00 5.834183E-01 -1.362459E-01 9.126029E-01 2.743764E-02 1.225250E-03 4.029814E+00 8.454439E+00 
1.720479E-01 3.927506E-03 3.407532E-01 1.755494E-01 -1.423930E+00 5.715033E-01 -1.207811E-01 9.237633E-01 2.835327E-02 6.657740E-06 3.649206E+00 8.723523E+00 
1.793721E-01 3.968680E-03 3.311219E-01 1.892012E-01 -1.404606E+00 5.958037E-01 -1.188635E-01 9.767560E-01 2.801606E-02 6.102836E-04 4.704382E+00 8.866227E+00 
1.766555E-01 5.175552E-03 3.253670E-01 1.820103E-01 -1.369152E+00 5.836718E-01 -1.570509E-01 9.377372E-01 2.680138E-02 9.024452E-04 4.048194E+00 8.884733E+00 
1.806558E-01 4.937552E-03 3.186674E-01 1.782503E-01 -1.445127E+00 5.890851E-01 -1.336469E-01 9.017455E-01 2.593002E-02 4.204670E-04 4.178846E+00 9.183791E+00 
1.808561E-01 3.265203E-03 3.241003E-01 1.854306E-01 -1.389422E+00 5.869965E-01 -1.243658E-01 9.139044E-01 2.557623E-02 7.129100E-04 4.344152E+00 8.586460E+00 
1.801995E-01 7.800657E-03 3.260107E-01 1.889932E-01 -1.340183E+00 5.777520E-01 -1.331721E-01 8.912236E-01 2.690617E-02 4.061440E-04 3.884132E+00 7.920019E+00 
1.678681E-01 5.528037E-03 3.160329E-01 1.754172E-01 -1.448771E+00 5.802239E-01 -1.327952E-01 9.209637E-01 2.869610E-02 7.484926E-04 4.076658E+00 8.968758E+00 
1.615639E-01 5.397529E-03 3.098339E-01 1.812450E-01 -1.329029E+00 5.664056E-01 -1.405335E-01 9.023786E-01 2.774782E-02 2.031987E-03 4.086352E+00 8.894961E+00 
1.877306E-01 4.996866E-03 3.198005E-01 1.769084E-01 -1.391403E+00 5.874379E-01 -1.634961E-01 9.121782E-01 2.732552E-02 4.861068E-04 3.800039E+00 8.621208E+00 
1.818023E-01 5.556111E-03 3.432000E-01 1.817671E-01 -1.331538E+00 5.897427E-01 -1.528612E-01 1.005166E+00 2.663914E-02 1.332074E-04 4.113264E+00 9.225743E+00 
1.750583E-01 5.657664E-03 3.237885E-01 1.838221E-01 -1.387988E+00 5.919226E-01 -1.344829E-01 9.620058E-01 2.707826E-02 4.744901E-04 4.095324E+00 8.464797E+00 
1.695545E-01 5.497697E-03 3.141295E-01 1.826639E-01 -1.350062E+00 5.837307E-01 -1.314605E-01 9.353981E-01 2.780803E-02 1.597674E-03 4.039233E+00 8.815949E+00 
1.760890E-01 4.625686E-03 3.192755E-01 1.851106E-01 -1.381760E+00 5.864248E-01 -1.457581E-01 9.570732E-01 2.838604E-02 1.336498E-03 4.178875E+00 8.600632E+00 
1.752523E-01 4.631489E-03 3.426382E-01 1.845534E-01 -1.253930E+00 5.952457E-01 -1.463118E-01 9.047056E-01 2.551448E-02 7.213477E-04 4.053382E+00 8.114229E+00 
1.781932E-01 4.291961E-03 3.207560E-01 1.840325E-01 -1.452153E+00 5.851379E-01 -1.416514E-01 9.466502E-01 2.735388E-02 6.004960E-04 4.196011E+00 8.852729E+00 
1.849727E-01 5.302153E-03 3.552585E-01 1.799339E-01 -1.399288E+00 5.886172E-01 -1.511136E-01 9.518035E-01 2.953068E-02 6.985666E-04 4.386966E+00 8.507390E+00 
1.780680E-01 3.276917E-03 3.444739E-01 1.832669E-01 -1.418041E+00 5.927920E-01 -1.739387E-01 1.004143E+00 2.572424E-02 1.120799E-03 4.167552E+00 8.890421E+00 
1.809212E-01 4.146097E-03 3.184525E-01 1.838814E-01 -1.409122E+00 5.775476E-01 -1.210749E-01 9.805389E-01 2.830953E-02 6.117557E-04 4.218719E+00 8.964456E+00 
1.656985E-01 7.626161E-03 3.198476E-01 1.834357E-01 -1.460580E+00 5.802125E-01 -9.989830E-02 9.217017E-01 2.699603E-02 5.222045E-04 4.034163E+00 8.564917E+00 
1.623171E-01 3.784745E-02 4.049174E-01 1.738320E-01 -1.341057E+00 5.060052E-01 -9.220637E-02 7.102688E-01 3.116637E-02 2.240472E-03 3.727214E+00 1.198675E+01 
1.758380E-01 4.034975E-03 3.247128E-01 1.839118E-01 -1.395262E+00 5.866368E-01 -1.652483E-01 9.366858E-01 2.624589E-02 3.838591E-04 4.016883E+00 8.774968E+00 
1.769472E-01 7.185470E-03 3.275832E-01 1.827771E-01 -1.415683E+00 5.807265E-01 -1.264727E-01 9.182666E-01 2.663670E-02 3.911298E-04 4.356039E+00 8.871827E+00 
1.758174E-01 5.215200E-03 3.197044E-01 1.838205E-01 -1.429437E+00 5.880957E-01 -1.615858E-01 9.114746E-01 2.619478E-02 8.831929E-04 4.178446E+00 8.558474E+00 
1.665662E-01 7.062206E-03 3.459139E-01 1.855699E-01 -1.367243E+00 5.639679E-01 -1.263500E-01 9.377495E-01 2.950866E-02 1.119923E-03 4.131897E+00 8.778751E+00 
1.896726E-01 5.625017E-03 3.160647E-01 1.810150E-01 -1.368395E+00 5.844346E-01 -1.917674E-01 9.364260E-01 2.834402E-02 5.950564E-04 4.092223E+00 9.165792E+00 
1.781872E-01 4.882068E-03 3.208896E-01 1.817177E-01 -1.468337E+00 5.937216E-01 -1.795918E-01 9.251353E-01 2.756423E-02 1.008647E-04 4.117677E+00 8.468553E+00 
1.703735E-01 5.201138E-03 3.364046E-01 1.826520E-01 -1.302131E+00 5.940235E-01 -1.039423E-01 9.538775E-01 2.794685E-02 8.705672E-04 4.285508E+00 8.953283E+00 
1.696835E-01 4.817592E-03 3.271571E-01 1.858611E-01 -1.376725E+00 5.863761E-01 -1.200104E-01 9.591038E-01 2.865326E-02 8.742102E-04 3.997218E+00 8.550865E+00 
1.648993E-01 6.566548E-03 3.705030E-01 1.840182E-01 -1.415233E+00 5.928675E-01 -1.238319E-01 1.028944E+00 2.841685E-02 7.494455E-04 4.269594E+00 8.243464E+00 
1.844413E-01 4.344494E-03 3.298886E-01 1.806335E-01 -1.394284E+00 5.847027E-01 -1.444182E-01 9.547059E-01 2.750253E-02 3.686629E-04 4.044809E+00 8.511834E+00 
1.686010E-01 4.528418E-03 3.282457E-01 1.829136E-01 -1.407374E+00 5.892121E-01 -1.506110E-01 9.562365E-01 2.944988E-02 3.920858E-04 4.208125E+00 8.804458E+00 
1.658054E-01 4.586211E-03 3.091688E-01 1.845804E-01 -1.400891E+00 5.860527E-01 -1.288022E-01 9.675316E-01 2.635794E-02 7.387008E-04 4.225927E+00 8.909980E+00 
1.778515E-01 5.496258E-03 3.176507E-01 1.799064E-01 -1.447588E+00 5.977263E-01 -1.372446E-01 9.591046E-01 2.791897E-02 2.596646E-03 2.892754E+00 9.076263E+00 
1.816566E-01 5.770362E-03 3.180156E-01 1.844297E-01 -1.422119E+00 5.863911E-01 -1.292597E-01 9.296647E-01 2.878465E-02 6.310541E-04 4.174013E+00 8.743855E+00 
1.703969E-01 4.317242E-03 3.247169E-01 1.752751E-01 -1.380797E+00 5.854117E-01 -1.214326E-01 9.350772E-01 2.762087E-02 7.363515E-04 3.899184E+00 8.723743E+00 
1.884729E-01 4.593581E-03 3.453263E-01 1.753819E-01 -1.397449E+00 5.900439E-01 -1.545529E-01 9.168818E-01 2.688813E-02 4.449838E-04 3.920976E+00 9.325890E+00 
1.562098E-01 4.009789E-03 3.256868E-01 1.817532E-01 -1.408892E+00 5.872632E-01 -1.524299E-01 9.725641E-01 2.772836E-02 6.518504E-04 3.437025E+00 8.821530E+00 
1.871857E-01 4.417774E-03 3.158352E-01 1.875136E-01 -1.333005E+00 5.907873E-01 -2.000000E-01 9.231089E-01 2.792860E-02 9.931374E-04 4.351280E+00 8.269927E+00 
1.883029E-01 4.702319E-03 3.230547E-01 1.791038E-01 -1.345849E+00 5.864111E-01 -1.181866E-01 9.879112E-01 2.676804E-02 1.001964E-03 4.093257E+00 8.516773E+00 
1.643654E-01 4.489260E-03 3.381672E-01 1.831108E-01 -1.344276E+00 5.867064E-01 -1.460607E-01 9.445709E-01 2.897938E-02 9.365796E-04 4.183680E+00 8.299257E+00 
1.702956E-01 4.689341E-03 3.157213E-01 1.840318E-01 -1.373635E+00 5.830001E-01 -1.426495E-01 9.569713E-01 2.969804E-02 5.483634E-04 4.160245E+00 9.041970E+00 
1.775330E-01 5.157702E-03 3.140273E-01 1.830957E-01 -1.394716E+00 5.906382E-01 -1.236555E-01 9.536667E-01 2.891392E-02 3.594015E-04 4.009021E+00 9.083954E+00 
1.812705E-01 3.970215E-03 3.243660E-01 1.835409E-01 -1.383775E+00 5.982131E-01 -1.337142E-01 1.009273E+00 2.895405E-02 1.560398E-04 4.220262E+00 8.811063E+00 
1.753342E-01 5.638427E-03 3.465807E-01 1.819317E-01 -1.362740E+00 6.000000E-01 -1.646262E-01 9.504004E-01 2.701111E-02 1.046559E-03 4.183963E+00 9.550432E+00 
1.581105E-01 6.783402E-03 3.178607E-01 1.803973E-01 -1.389342E+00 5.719150E-01 -1.405054E-01 1.014172E+00 2.735542E-02 7.995221E-04 3.823385E+00 9.016422E+00 
1.742683E-01 4.299946E-03 3.267090E-01 1.835769E-01 -1.366765E+00 5.916320E-01 -1.553467E-01 9.631105E-01 2.659832E-02 9.588690E-04 4.290934E+00 9.184623E+00 
1.931530E-01 4.431023E-03 3.505443E-01 1.881750E-01 -1.410470E+00 5.861122E-01 -1.334787E-01 9.790402E-01 2.671726E-02 1.545128E-03 4.100619E+00 8.758646E+00 
1.652174E-01 7.458630E-03 3.412766E-01 1.756329E-01 -1.418570E+00 5.700772E-01 -1.549999E-01 9.084705E-01 2.836498E-02 3.531489E-04 4.208425E+00 8.601585E+00 
1.712801E-01 3.820829E-03 3.360329E-01 1.824985E-01 -1.387347E+00 5.923676E-01 -1.244354E-01 9.771845E-01 2.688933E-02 1.765372E-04 3.885997E+00 8.441717E+00 
1.729098E-01 8.287814E-03 3.415885E-01 1.907549E-01 -1.344341E+00 5.910514E-01 -1.700769E-01 9.519191E-01 2.802164E-02 7.078530E-04 4.459796E+00 9.189535E+00 
1.741779E-01 4.561374E-03 3.238255E-01 1.840019E-01 -1.404206E+00 5.887809E-01 -1.402108E-01 9.729285E-01 2.654078E-02 5.659518E-04 4.067687E+00 8.874946E+00 
1.602883E-01 5.458959E-03 3.275543E-01 1.789865E-01 -1.367525E+00 5.829427E-01 -1.337013E-01 9.994086E-01 2.824880E-02 7.801745E-04 4.064931E+00 8.942673E+00 
1.730638E-01 4.700418E-03 3.385041E-01 1.809947E-01 -1.430856E+00 5.668722E-01 -1.310908E-01 9.258237E-01 2.690264E-02 1.754276E-03 3.997273E+00 8.799711E+00 
1.618417E-01 4.980630E-03 3.415712E-01 1.825268E-01 -1.399414E+00 5.955916E-01 -1.798431E-01 9.287727E-01 2.596979E-02 3.314827E-04 4.047433E+00 8.747560E+00 
1.732059E-01 4.790035E-03 3.306673E-01 1.858471E-01 -1.504625E+00 5.889171E-01 -1.163267E-01 9.643657E-01 2.683407E-02 4.486741E-04 4.124846E+00 8.999849E+00 
1.635672E-01 4.376525E-03 3.346579E-01 1.822148E-01 -1.411948E+00 5.821209E-01 -1.684144E-01 9.076311E-01 2.681567E-02 8.969309E-04 3.873062E+00 8.959871E+00 
1.620588E-01 3.769403E-03 3.355520E-01 1.819764E-01 -1.424682E+00 5.906816E-01 -1.679384E-01 9.509587E-01 2.780751E-02 9.853090E-04 4.406122E+00 8.084035E+00 
1.753094E-01 4.307581E-03 3.345435E-01 1.796539E-01 -1.464752E+00 5.975749E-01 -1.542943E-01 9.354724E-01 2.857898E-02 9.441430E-04 4.240267E+00 8.887688E+00 
1.641301E-01 4.544464E-03 3.355757E-01 1.786642E-01 -1.363059E+00 5.915086E-01 -1.399858E-01 9.504669E-01 2.844000E-02 1.367077E-03 4.065747E+00 9.283278E+00 
1.627293E-01 6.876090E-03 3.626309E-01 1.815938E-01 -1.444347E+00 5.779610E-01 -1.610732E-01 9.385341E-01 2.769140E-02 5.982800E-04 4.043053E+00 9.059595E+00 
1.756820E-01 4.081861E-03 3.295304E-01 1.815710E-01 -1.386987E+00 5.775628E-01 -1.437149E-01 9.534171E-01 2.844030E-02 1.043813E-03 4.187973E+00 8.827323E+00 
1.667834E-01 5.695864E-03 3.306002E-01 1.804540E-01 -1.402596E+00 5.827795E-01 -1.461678E-01 9.562183E-01 2.695191E-02 7.104900E-04 4.096378E+00 8.532867E+00 
1.621832E-01 4.022730E-03 3.231805E-01 1.830307E-01 -1.436925E+00 5.834330E-01 -1.403273E-01 9.432942E-01 2.631785E-02 8.484662E-04 4.196025E+00 8.536405E+00 
1.883928E-01 4.684954E-03 3.211712E-01 1.778607E-01 -1.517836E+00 5.916284E-01 -1.725526E-01 9.579064E-01 2.750171E-02 3.600525E-04 3.962577E+00 8.674039E+00 
1.747063E-01 5.027506E-03 3.332038E-01 1.786493E-01 -1.412836E+00 5.884817E-01 -1.464899E-01 9.505883E-01 2.601870E-02 6.787116E-04 4.089995E+00 8.540596E+00 
1.733604E-01 5.147596E-03 3.171931E-01 1.852928E-01 -1.393006E+00 5.939729E-01 -1.441035E-01 9.846688E-01 2.614542E-02 6.136261E-04 4.412423E+00 1.038778E+01 
1.667127E-01 6.070339E-03 3.272092E-01 1.819063E-01 -1.275521E+00 5.483848E-01 -1.336147E-01 9.490301E-01 2.868406E-02 1.184552E-03 4.164997E+00 8.081885E+00 
1.780794E-01 3.369877E-03 3.168613E-01 1.819883E-01 -1.447249E+00 5.780501E-01 -1.359891E-01 9.361323E-01 2.669918E-02 2.428071E-03 3.969065E+00 8.799083E+00 
1.793347E-01 3.368366E-03 3.324707E-01 1.799324E-01 -1.402152E+00 5.937252E-01 -1.728030E-01 9.124151E-01 2.690805E-02 9.957722E-04 4.407462E+00 9.300967E+00 
1.759994E-01 4.849700E-03 3.465800E-01 1.819624E-01 -1.453377E+00 5.839351E-01 -1.331252E-01 8.872472E-01 2.569857E-02 1.062827E-03 4.321528E+00 8.791663E+00 
1.738251E-01 4.070928E-03 3.283319E-01 1.823479E-01 -1.374117E+00 5.903583E-01 -1.280454E-01 9.464292E-01 2.548808E-02 8.465115E-04 4.222165E+00 9.588468E+00 
1.690626E-01 6.622190E-03 3.372011E-01 1.791790E-01 -1.434476E+00 5.755949E-01 -1.382231E-01 9.755160E-01 2.871729E-02 7.749115E-05 3.953381E+00 8.859254E+00 
1.739705E-01 4.872437E-03 3.290423E-01 1.831583E-01 -1.506510E+00 5.878458E-01 -1.222847E-01 9.647039E-01 2.823439E-02 5.426691E-04 3.855639E+00 8.435891E+00 
1.760869E-01 4.386890E-03 3.434974E-01 1.813638E-01 -1.367841E+00 5.598089E-01 -1.392612E-01 9.304604E-01 2.680848E-02 1.153447E-03 4.133938E+00 9.096846E+00 
1.674850E-01 4.536616E-03 3.325949E-01 1.869095E-01 -1.471693E+00 5.855228E-01 -1.634142E-01 9.739298E-01 2.659794E-02 9.126548E-04 4.045537E+00 8.725719E+00 
1.719950E-01 4.692536E-03 3.345033E-01 1.875326E-01 -1.338501E+00 5.814280E-01 -1.314630E-01 9.706069E-01 2.827859E-02 1.106706E-03 4.198546E+00 9.006566E+00 
1.773631E-01 5.753843E-03 3.133802E-01 1.852265E-01 -1.508692E+00 5.851346E-01 -1.285333E-01 9.553346E-01 2.929044E-02 4.608011E-04 4.231619E+00 9.250538E+00 
1.785155E-01 3.582313E-03 3.339701E-01 1.822849E-01 -1.317048E+00 5.778376E-01 -1.300833E-01 9.704047E-01 2.774060E-02 9.223083E-04 4.623463E+00 8.872006E+00 
1.819141E-01 6.939338E-03 3.218869E-01 1.845125E-01 -1.438104E+00 5.918917E-01 -1.570752E-01 9.597483E-01 2.609633E-02 1.164948E-03 4.272481E+00 8.781254E+00 
1.705281E-01 6.406771E-03 3.338024E-01 1.813276E-01 -1.410695E+00 5.792907E-01 -1.596597E-01 9.725337E-01 2.818588E-02 4.089352E-04 3.885873E+00 8.457534E+00 
1.799136E-01 2.881846E-03 3.316893E-01 1.828102E-01 -1.357601E+00 5.929659E-01 -1.548403E-01 9.468182E-01 2.952465E-02 4.731963E-04 4.031870E+00 8.977815E+00 
1.727125E-01 4.034133E-03 3.307608E-01 1.783289E-01 -1.399776E+00 5.905976E-01 -1.654282E-01 9.279125E-01 2.766700E-02 7.163327E-04 3.850080E+00 8.952755E+00 
1.793236E-01 7.631647E-03 3.240391E-01 1.859524E-01 -1.379932E+00 5.834700E-01 -1.497269E-01 9.144022E-01 2.723223E-02 4.700540E-04 3.420359E+00 8.729219E+00 
1.718750E-01 2.927755E-03 3.354695E-01 1.891951E-01 -1.462209E+00 5.970938E-01 -1.330997E-01 8.384484E-01 2.600203E-02 6.687493E-04 4.334055E+00 1.014609E+01 
1.564134E-01 6.633340E-03 3.346928E-01 1.729966E-01 -1.474932E+00 5.831612E-01 -1.592859E-01 9.517757E-01 3.195607E-02 3.550585E-04 3.897194E+00 8.433914E+00 
1.587537E-01 4.142866E-03 3.319264E-01 1.826079E-01 -1.393827E+00 5.805052E-01 -1.408551E-01 9.157896E-01 2.695546E-02 6.568336E-04 4.159000E+00 8.945787E+00 
1.623512E-01 5.853129E-03 3.600331E-01 1.786461E-01 -1.430814E+00 6.000000E-01 -1.753322E-01 9.844670E-01 2.679700E-02 5.958692E-04 4.019857E+00 9.165955E+00 
1.727327E-01 7.244394E-03 3.245322E-01 1.847096E-01 -1.410970E+00 5.890969E-01 -1.142764E-01 9.634197E-01 3.038647E-02 4.454679E-04 3.897427E+00 9.223957E+00 
1.907467E-01 4.513993E-03 3.311798E-01 1.801284E-01 -1.453878E+00 5.891209E-01 -1.342604E-01 9.136936E-01 2.769081E-02 6.216933E-04 4.175114E+00 9.147997E+00 
1.699727E-01 7.982540E-03 3.360868E-01 1.839397E-01 -1.368735E+00 5.854747E-01 -1.377589E-01 9.325259E-01 3.003571E-02 1.651060E-03 4.233899E+00 8.208282E+00 
1.761014E-01 7.321703E-03 3.461099E-01 1.839617E-01 -1.385765E+00 5.818595E-01 -1.325044E-01 9.810755E-01 2.839340E-02 1.398867E-03 4.138251E+00 8.761575E+00 
1.542129E-01 5.737321E-03 3.135348E-01 1.837076E-01 -1.257941E+00 5.852043E-01 -1.463832E-01 9.544426E-01 2.815612E-02 1.355909E-03 4.288052E+00 8.889169E+00 
1.807093E-01 2.713637E-03 3.237345E-01 1.840838E-01 -1.439371E+00 5.876273E-01 -1.359418E-01 9.758432E-01 2.738468E-02 5.130692E-04 4.576635E+00 9.210729E+00 
1.651416E-01 4.666123E-03 3.256905E-01 1.838248E-01 -1.530377E+00 5.927221E-01 -1.397937E-01 9.691211E-01 2.731656E-02 4.448390E-04 4.120908E+00 8.688795E+00 
1.739099E-01 6.028254E-03 3.400937E-01 1.774524E-01 -1.423802E+00 5.953366E-01 -1.863286E-01 9.636463E-01 2.680418E-02 9.152941E-04 4.215364E+00 8.746100E+00 
1.703701E-01 4.224577E-03 3.419539E-01 1.812277E-01 -1.444588E+00 5.977985E-01 -1.323324E-01 9.529295E-01 2.753184E-02 6.054958E-04 4.319144E+00 8.874505E+00 
1.790661E-01 4.345230E-03 3.273384E-01 1.815746E-01 -1.404471E+00 5.732559E-01 -1.106957E-01 9.115524E-01 2.764693E-02 2.928650E-04 3.776748E+00 9.502633E+00 
1.864045E-01 3.211164E-03 3.374420E-01 1.809377E-01 -1.371859E+00 5.910631E-01 -1.505265E-01 9.616438E-01 2.639602E-02 9.274224E-04 3.925278E+00 9.157963E+00 
1.802635E-01 4.197617E-03 3.323212E-01 1.848186E-01 -1.383461E+00 5.792624E-01 -1.463497E-01 9.506016E-01 2.774411E-02 9.405405E-04 4.350663E+00 8.866740E+00 
1.804946E-01 4.771667E-03 3.241858E-01 1.812759E-01 -1.413480E+00 5.817277E-01 -1.584997E-01 9.323798E-01 2.772813E-02 7.135251E-04 4.275369E+00 8.811872E+00 
1.799365E-01 5.185930E-03 3.164797E-01 1.823884E-01 -1.397599E+00 5.849472E-01 -1.290043E-01 9.382840E-01 2.590222E-02 1.330101E-03 4.484185E+00 8.807377E+00 
1.948172E-01 6.681860E-03 3.395988E-01 1.782504E-01 -1.448909E+00 5.905157E-01 -1.354404E-01 9.584875E-01 2.828498E-02 1.103619E-03 4.147636E+00 9.100981E+00 
1.695589E-01 5.058191E-03 3.337842E-01 1.818730E-01 -1.434787E+00 5.729640E-01 -1.393487E-01 9.525422E-01 2.866468E-02 6.666334E-04 4.057966E+00 8.279751E+00 
1.769646E-01 3.607273E-03 3.260970E-01 1.850975E-01 -1.389147E+00 5.892724E-01 -1.451630E-01 9.495652E-01 2.757054E-02 1.166228E-03 3.928731E+00 9.057205E+00 
1.779874E-01 5.515493E-03 3.189513E-01 1.841955E-01 -1.373330E+00 5.793425E-01 -1.939724E-01 9.280470E-01 2.855955E-02 1.629274E-03 4.189621E+00 8.613435E+00 
1.739140E-01 5.215955E-03 3.251456E-01 1.829675E-01 -1.397156E+00 5.836722E-01 -1.260799E-01 9.710824E-01 2.919081E-02 5.441349E-04 3.819122E+00 8.084317E+00 
1.747132E-01 5.045705E-03 3.116681E-01 1.864611E-01 -1.470671E+00 5.748981E-01 -1.624777E-01 1.014940E+00 2.831490E-02 5.686609E-04 4.262136E+00 8.904054E+00 
1.821986E-01 5.498171E-03 3.346779E-01 1.836900E-01 -1.439292E+00 5.773158E-01 -1.523081E-01 9.483161E-01 2.571527E-02 7.430251E-04 4.052049E+00 8.351043E+00 
1.663348E-01 5.888712E-03 3.106784E-01 1.833832E-01 -1.311871E+00 5.786444E-01 -1.245516E-01 9.788108E-01 2.818963E-02 2.750930E-04 3.816330E+00 8.969246E+00 
1.764331E-01 4.466409E-03 3.358408E-01 1.836032E-01 -1.370525E+00 5.918761E-01 -1.623972E-01 9.498387E-01 2.757922E-02 5.408616E-04 4.172336E+00 8.116427E+00 
1.709105E-01 5.182648E-03 3.408590E-01 1.801216E-01 -1.436650E+00 5.841674E-01 -1.298549E-01 9.867402E-01 2.830407E-02 7.242032E-04 4.239649E+00 9.052300E+00 
1.739043E-01 5.967433E-03 3.118633E-01 1.828684E-01 -1.396540E+00 5.777726E-01 -1.011267E-01 9.397335E-01 2.881273E-02 9.591723E-04 4.087588E+00 8.972709E+00 
1.835607E-01 4.655814E-03 3.506972E-01 1.806268E-01 -1.425086E+00 5.915081E-01 -1.777334E-01 9.308661E-01 2.856417E-02 5.147668E-04 4.113473E+00 9.207814E+00 
1.695960E-01 5.150369E-03 3.553266E-01 1.824994E-01 -1.473054E+00 5.845694E-01 -1.647067E-01 9.465170E-01 2.869010E-02 1.165382E-03 4.121803E+00 9.367654E+00 
1.779199E-01 5.402704E-03 3.301484E-01 1.797175E-01 -1.321449E+00 5.832261E-01 -1.321533E-01 9.570182E-01 2.962780E-02 7.293455E-04 4.017867E+00 8.179979E+00 
1.859241E-01 5.229921E-03 3.122387E-01 1.740498E-01 -1.355701E+00 5.773512E-01 -1.663034E-01 9.887902E-01 2.766110E-02 8.523422E-04 4.090265E+00 9.252088E+00 
1.780754E-01 4.925934E-03 3.025814E-01 1.821077E-01 -1.486140E+00 5.766063E-01 -1.212274E-01 9.150684E-01 2.661171E-02 4.795781E-04 4.027736E+00 9.159906E+00 
1.935998E-01 1.076499E-02 3.098134E-01 1.880274E-01 -1.310708E+00 5.835698E-01 -1.622568E-01 9.512764E-01 2.546696E-02 1.018773E-04 4.453217E+00 8.125238E+00 
1.670321E-01 5.166504E-03 3.279306E-01 1.809896E-01 -1.427076E+00 5.899247E-01 -1.664814E-01 8.983747E-01 2.826674E-02 6.651968E-04 3.745347E+00 8.614610E+00 
1.597400E-01 4.207857E-03 3.513477E-01 1.760401E-01 -1.461680E+00 5.740710E-01 -1.099698E-01 1.032902E+00 3.068326E-02 7.629571E-04 3.609829E+00 8.930367E+00 
1.645691E-01 6.830381E-03 3.134641E-01 1.800759E-01 -1.432397E+00 5.884949E-01 -1.566312E-01 9.352187E-01 2.631071E-02 9.375709E-04 4.138530E+00 8.868407E+00 
1.791946E-01 6.544223E-03 3.326130E-01 1.789474E-01 -1.460511E+00 5.939783E-01 -1.022558E-01 9.427814E-01 3.022684E-02 1.038392E-03 4.132845E+00 8.797865E+00 
1.765546E-01 3.414968E-03 3.311445E-01 1.826751E-01 -1.400521E+00 5.816685E-01 -1.153184E-01 9.899965E-01 2.904659E-02 8.263741E-04 3.199336E+00 8.931228E+00 
1.727708E-01 4.219902E-03 3.194408E-01 1.820996E-01 -1.368821E+00 5.976506E-01 -1.612753E-01 9.359928E-01 2.661127E-02 8.817424E-04 4.298623E+00 8.709544E+00 
1.772452E-01 5.026507E-03 3.489199E-01 1.834487E-01 -1.324585E+00 5.846588E-01 -1.314452E-01 9.851152E-01 2.690179E-02 9.066900E-04 4.320936E+00 9.091437E+00 
1.698328E-01 5.242483E-03 3.393652E-01 1.832685E-01 -1.383465E+00 5.908385E-01 -1.589661E-01 9.488352E-01 2.763320E-02 8.418351E-04 4.073355E+00 8.060690E+00 
1.626917E-01 4.741222E-03 3.220461E-01 1.818922E-01 -1.437247E+00 5.773314E-01 -1.251577E-01 9.874786E-01 2.788208E-02 5.690577E-04 4.185062E+00 8.639069E+00 
1.722287E-01 4.503560E-03 3.468818E-01 1.792756E-01 -1.355254E+00 5.882915E-01 -1.555327E-01 9.425863E-01 2.654568E-02 1.042354E-03 4.614367E+00 8.698993E+00 
1.754221E-01 4.463643E-03 3.325676E-01 1.812143E-01 -1.455022E+00 5.859280E-01 -1.343766E-01 9.263896E-01 2.743398E-02 2.035129E-04 4.223732E+00 9.003812E+00 
1.724858E-01 4.015728E-03 3.259038E-01 1.827613E-01 -1.421349E+00 5.894821E-01 -1.196700E-01 9.580398E-01 2.650331E-02 6.327045E-04 3.765576E+00 8.547592E+00 
1.896086E-01 6.926257E-03 3.327450E-01 1.794626E-01 -1.392611E+00 5.928523E-01 -1.733791E-01 9.515869E-01 2.973143E-02 2.157288E-04 4.599817E+00 8.827706E+00 
1.751910E-01 4.384044E-03 3.277431E-01 1.834143E-01 -1.446955E+00 5.889848E-01 -1.633132E-01 9.906485E-01 2.728717E-02 4.657591E-04 4.042989E+00 8.699233E+00 
1.761576E-01 4.770079E-03 3.396775E-01 1.818840E-01 -1.357132E+00 5.877211E-01 -1.401723E-01 8.991184E-01 3.319423E-02 7.758289E-04 4.200521E+00 8.503747E+00 
1.777409E-01 1.563143E-02 3.281010E-01 1.730253E-01 -1.363912E+00 5.598255E-01 -1.266746E-01 9.467575E-01 2.972371E-02 2.178532E-03 4.305904E+00 9.857690E+00 
1.743942E-01 5.021083E-03 3.388308E-01 1.799176E-01 -1.412229E+00 5.821210E-01 -1.429486E-01 9.550153E-01 2.748160E-02 6.821230E-04 4.120641E+00 9.046751E+00 
1.672280E-01 5.975749E-03 3.087139E-01 1.879045E-01 -1.454007E+00 5.772323E-01 -1.110539E-01 9.185382E-01 2.987854E-02 1.883506E-03 4.156183E+00 8.203803E+00 
1.811001E-01 5.154847E-03 3.383905E-01 1.847294E-01 -1.343147E+00 5.803581E-01 -1.362098E-01 9.409934E-01 2.731390E-02 8.144531E-04 4.576441E+00 8.928866E+00 
1.573846E-01 8.992584E-03 3.268459E-01 1.825476E-01 -1.245295E+00 5.831485E-01 -1.536085E-01 9.486278E-01 2.844457E-02 9.237300E-04 4.293165E+00 8.025681E+00 
1.686621E-01 4.370941E-03 3.305903E-01 1.814801E-01 -1.452828E+00 5.872248E-01 -1.471668E-01 9.947757E-01 2.831406E-02 5.297293E-04 4.275147E+00 9.161418E+00 
1.680627E-01 4.362114E-03 3.141556E-01 1.837608E-01 -1.385110E+00 5.807714E-01 -1.128065E-01 9.508808E-01 2.790454E-02 1.001224E-03 4.196390E+00 8.562256E+00 
1.826679E-01 5.039383E-03 3.385031E-01 1.879944E-01 -1.424273E+00 6.000000E-01 -1.539571E-01 9.444181E-01 2.692545E-02 7.690728E-04 4.388347E+00 9.733067E+00 
1.750058E-01 3.601555E-03 3.373252E-01 1.840541E-01 -1.486700E+00 5.664300E-01 -1.454195E-01 9.306700E-01 2.758033E-02 5.658421E-04 4.050143E+00 8.508612E+00 
1.728575E-01 6.133731E-03 3.088565E-01 1.816026E-01 -1.312754E+00 5.785792E-01 -1.248377E-01 9.066084E-01 2.963941E-02 4.972871E-04 3.552027E+00 9.327329E+00 
1.781655E-01 5.835314E-03 3.497769E-01 1.734444E-01 -1.433480E+00 5.761163E-01 -1.460365E-01 8.949271E-01 2.660017E-02 7.762007E-04 3.864127E+00 9.076530E+00 
1.722581E-01 5.746452E-03 3.168712E-01 1.826389E-01 -1.452091E+00 5.856895E-01 -1.508789E-01 9.467308E-01 2.816127E-02 5.567811E-04 3.632824E+00 9.208018E+00 
1.691951E-01 5.165774E-03 3.205860E-01 1.782783E-01 -1.311506E+00 5.746254E-01 -1.287664E-01 1.019812E+00 2.860152E-02 7.119964E-04 4.165910E+00 8.521814E+00 
1.679039E-01 4.843209E-03 3.249929E-01 1.801966E-01 -1.392757E+00 5.903459E-01 -1.395870E-01 9.760364E-01 2.742052E-02 6.759774E-04 4.007396E+00 8.479128E+00 
1.802559E-01 4.508072E-03 3.401335E-01 1.808555E-01 -1.430896E+00 6.000000E-01 -1.846504E-01 9.445838E-01 2.738121E-02 9.409005E-04 3.809224E+00 8.754368E+00 
1.682555E-01 5.296684E-03 3.426031E-01 1.801555E-01 -1.436183E+00 5.794895E-01 -1.840173E-01 9.079976E-01 2.615040E-02 9.298452E-04 4.090270E+00 8.911669E+00 
1.619901E-01 4.965894E-03 3.257007E-01 1.849358E-01 -1.382228E+00 5.931423E-01 -1.382425E-01 9.663060E-01 2.814462E-02 1.007639E-03 3.938398E+00 8.478401E+00 
1.848200E-01 3.798220E-03 3.334170E-01 1.798050E-01 -1.411962E+00 5.909744E-01 -1.701204E-01 9.900956E-01 3.074580E-02 4.584546E-04 4.012630E+00 8.983507E+00 
1.861337E-01 4.309565E-03 3.133674E-01 1.790031E-01 -1.370659E+00 5.889327E-01 -1.441141E-01 9.500861E-01 2.790384E-02 8.936701E-04 3.687290E+00 8.660598E+00 
1.756496E-01 3.944878E-03 3.384289E-01 1.859284E-01 -1.370849E+00 5.899797E-01 -1.199399E-01 9.300613E-01 3.061920E-02 7.001909E-04 4.229782E+00 8.697044E+00 
1.827812E-01 4.713181E-03 3.422417E-01 1.852754E-01 -1.463479E+00 5.939555E-01 -1.435965E-01 9.255434E-01 2.947580E-02 1.114230E-03 4.242886E+00 8.947469E+00 
1.729984E-01 5.266632E-03 3.046344E-01 1.834510E-01 -1.384041E+00 5.959082E-01 -1.218284E-01 9.740162E-01 2.764456E-02 8.140289E-04 4.034208E+00 8.918812E+00 
1.746683E-01 4.748775E-03 3.295394E-01 1.733410E-01 -1.388079E+00 5.695402E-01 -1.405286E-01 9.865421E-01 2.744351E-02 5.726596E-04 4.112969E+00 8.893013E+00 
1.679425E-01 4.656681E-03 3.448754E-01 1.763688E-01 -1.394693E+00 5.857610E-01 -1.305929E-01 9.444229E-01 2.906927E-02 1.356586E-03 4.053529E+00 8.486492E+00 
1.637808E-01 5.926672E-03 3.288189E-01 1.808779E-01 -1.349052E+00 5.954838E-01 -1.572030E-01 9.043249E-01 2.783466E-02 1.540245E-03 4.217771E+00 8.505537E+00 
1.773054E-01 4.109147E-03 3.390171E-01 1.881618E-01 -1.377519E+00 5.883590E-01 -1.752431E-01 9.503316E-01 2.943205E-02 5.406916E-04 3.824547E+00 9.190419E+00 
1.651323E-01 6.236962E-03 3.268212E-01 1.815280E-01 -1.277097E+00 5.835778E-01 -1.299111E-01 9.423278E-01 2.725960E-02 5.670330E-04 4.211072E+00 8.482752E+00 
1.743362E-01 5.233063E-03 3.391110E-01 1.836745E-01 -1.454671E+00 5.917915E-01 -1.723109E-01 9.313882E-01 2.696237E-02 4.076821E-04 3.998101E+00 8.471838E+00 
1.719757E-01 5.721784E-03 3.407288E-01 1.837381E-01 -1.366394E+00 5.622522E-01 -1.312092E-01 9.288930E-01 2.811164E-02 6.638284E-04 4.125386E+00 8.668590E+00 
1.663488E-01 6.208559E-03 3.578293E-01 1.854226E-01 -1.453435E+00 5.696741E-01 -1.616425E-01 1.014991E+00 2.643995E-02 7.575899E-04 4.303694E+00 8.298772E+00 
1.540250E-01 5.355987E-03 3.441414E-01 1.844040E-01 -1.415418E+00 5.970522E-01 -1.586723E-01 1.018156E+00 2.877859E-02 1.432270E-03 4.099545E+00 8.085488E+00 
1.750341E-01 3.520642E-03 3.400381E-01 1.898447E-01 -1.313452E+00 6.000000E-01 -1.852081E-01 9.338637E-01 2.910325E-02 1.548270E-03 4.329327E+00 9.353960E+00 
1.853537E-01 5.038290E-03 3.115512E-01 1.827362E-01 -1.393612E+00 5.904726E-01 -1.811650E-01 9.136745E-01 2.655135E-02 1.279849E-03 4.098877E+00 8.292142E+00 
1.787304E-01 5.185299E-03 3.261809E-01 1.782204E-01 -1.455497E+00 5.857708E-01 -1.196529E-01 9.602751E-01 2.838393E-02 3.501588E-04 4.307334E+00 8.839450E+00 
1.666174E-01 4.098912E-03 3.324620E-01 1.895237E-01 -1.318333E+00 5.858141E-01 -1.568003E-01 9.453529E-01 2.731523E-02 1.558565E-03 4.288237E+00 8.599993E+00 
1.894660E-01 4.938665E-03 3.401667E-01 1.898927E-01 -1.377843E+00 5.781050E-01 -1.630300E-01 9.703787E-01 2.875614E-02 1.263063E-03 4.153591E+00 8.847089E+00 
1.792065E-01 5.607109E-03 3.135047E-01 1.819594E-01 -1.377662E+00 5.756921E-01 -1.380148E-01 9.798851E-01 2.792089E-02 8.758250E-04 4.362706E+00 8.795816E+00 
1.748471E-01 4.723725E-03 3.208975E-01 1.854358E-01 -1.416362E+00 5.905314E-01 -1.403164E-01 9.332032E-01 2.829648E-02 9.240059E-04 4.265806E+00 8.327065E+00 
1.895978E-01 5.866690E-03 3.120213E-01 1.837162E-01 -1.354033E+00 5.924771E-01 -1.722251E-01 9.200080E-01 2.984432E-02 9.781636E-04 4.062956E+00 9.134280E+00 
1.755859E-01 5.645823E-03 3.344226E-01 1.855956E-01 -1.523040E+00 5.799275E-01 -1.352850E-01 9.872573E-01 2.656947E-02 6.218438E-04 4.347508E+00 9.566975E+00 
1.727203E-01 4.485134E-03 3.460061E-01 1.797896E-01 -1.453227E+00 5.913755E-01 -1.256896E-01 9.582620E-01 2.761343E-02 5.268121E-04 4.290851E+00 8.186669E+00 
1.846232E-01 4.750709E-03 3.154185E-01 1.803889E-01 -1.412532E+00 5.742585E-01 -1.487764E-01 9.495422E-01 2.863070E-02 2.803590E-04 4.362644E+00 8.470998E+00 
1.716283E-01 6.330864E-03 3.157197E-01 1.786035E-01 -1.376746E+00 5.799308E-01 -1.299322E-01 9.836811E-01 2.622808E-02 6.534841E-04 4.018743E+00 7.924045E+00 
1.837885E-01 7.036838E-03 3.273781E-01 1.864041E-01 -1.387430E+00 5.566364E-01 -9.600044E-02 9.468385E-01 2.707377E-02 1.051055E-03 3.996315E+00 7.744279E+00 
1.642265E-01 5.415917E-03 2.745369E-01 1.778059E-01 -1.346999E+00 5.712710E-01 -1.725306E-01 9.438154E-01 2.618961E-02 4.763980E-04 4.298023E+00 9.087558E+00 
1.621544E-01 6.121396E-03 3.367550E-01 1.818527E-01 -1.420080E+00 5.911346E-01 -1.865326E-01 9.264253E-01 2.750677E-02 4.131308E-05 4.026287E+00 8.505761E+00 
1.648177E-01 3.303962E-03 3.246094E-01 1.785729E-01 -1.313386E+00 5.867168E-01 -1.722594E-01 9.239175E-01 2.860724E-02 1.089845E-03 3.513372E+00 8.079103E+00 
1.814932E-01 5.233996E-03 3.520765E-01 1.821335E-01 -1.472424E+00 5.888418E-01 -1.909686E-01 9.646150E-01 2.645243E-02 5.524912E-04 4.257621E+00 8.048087E+00 
1.532626E-01 4.600771E-03 3.306182E-01 1.854447E-01 -1.423979E+00 5.925861E-01 -1.803887E-01 9.057028E-01 2.686929E-02 7.143567E-04 4.162635E+00 8.960036E+00 
1.727301E-01 4.475537E-03 3.088911E-01 1.818867E-01 -1.392232E+00 5.921371E-01 -1.133966E-01 9.340965E-01 2.726750E-02 1.945343E-03 3.481456E+00 8.068680E+00 
1.623381E-01 4.600485E-03 3.235089E-01 1.667014E-01 -1.504083E+00 5.749322E-01 -1.231553E-01 9.812372E-01 2.692782E-02 9.023959E-04 4.306038E+00 9.058964E+00 
1.494111E-01 6.586227E-03 3.482208E-01 1.859481E-01 -1.486360E+00 5.868242E-01 -1.381783E-01 9.584432E-01 2.512058E-02 9.458994E-04 4.144288E+00 9.283320E+00 
1.670727E-01 5.394321E-03 2.922614E-01 1.826698E-01 -1.305120E+00 5.855851E-01 -1.590990E-01 9.839848E-01 2.756944E-02 3.543221E-04 4.055664E+00 8.535189E+00 
1.740389E-01 7.225079E-03 3.411917E-01 1.826464E-01 -1.401630E+00 5.834696E-01 -1.010259E-01 9.629354E-01 2.903127E-02 1.067249E-03 4.230601E+00 8.593588E+00 
1.711169E-01 4.154441E-03 3.272299E-01 1.772826E-01 -1.417607E+00 5.695509E-01 -1.071265E-01 9.884557E-01 2.912604E-02 6.233171E-04 3.790252E+00 8.839680E+00 
1.497361E-01 4.743508E-03 3.241721E-01 1.827873E-01 -1.381572E+00 5.826660E-01 -1.247685E-01 9.355000E-01 2.788491E-02 1.150085E-03 4.147324E+00 9.304574E+00 
1.622693E-01 5.098881E-03 3.400439E-01 1.743576E-01 -1.415062E+00 5.827581E-01 -1.383962E-01 8.833083E-01 2.786483E-02 7.956193E-04 4.029104E+00 1.014113E+01 
1.739492E-01 8.804931E-03 3.298342E-01 1.761249E-01 -1.450461E+00 5.727690E-01 -1.358948E-01 9.598778E-01 2.717082E-02 1.478470E-04 4.174182E+00 8.694107E+00 
1.742946E-01 4.648071E-03 3.441704E-01 1.814125E-01 -1.384087E+00 5.836709E-01 -1.100350E-01 9.860488E-01 2.847583E-02 1.248197E-04 3.920911E+00 8.976770E+00 
1.725254E-01 5.741831E-03 3.372783E-01 1.839629E-01 -1.429778E+00 5.984359E-01 -1.723001E-01 9.412328E-01 2.554659E-02 9.940569E-04 4.175921E+00 8.568908E+00 
1.760539E-01 5.117060E-03 3.452690E-01 1.827881E-01 -1.400382E+00 5.814482E-01 -1.442530E-01 9.814691E-01 2.724616E-02 6.635343E-04 4.036708E+00 8.795205E+00 
1.813035E-01 4.278205E-03 3.244935E-01 1.802731E-01 -1.397614E+00 5.731841E-01 -1.117729E-01 9.045245E-01 2.753847E-02 8.904205E-04 4.186535E+00 8.774333E+00 
1.719567E-01 5.920784E-03 3.597112E-01 1.844510E-01 -1.477214E+00 5.950186E-01 -1.460622E-01 9.307084E-01 2.625179E-02 6.532770E-04 4.432981E+00 9.041520E+00 
1.798826E-01 4.353980E-03 3.365512E-01 1.866775E-01 -1.435249E+00 5.728854E-01 -1.249832E-01 1.020250E+00 2.783512E-02 5.405079E-04 4.016523E+00 8.589450E+00 
1.774814E-01 5.319267E-03 3.298568E-01 1.786364E-01 -1.263470E+00 5.885306E-01 -1.766802E-01 9.297269E-01 2.684565E-02 3.706375E-04 4.131971E+00 8.452544E+00 
1.658023E-01 4.075263E-03 3.221099E-01 1.795607E-01 -1.403784E+00 5.874322E-01 -1.110303E-01 9.603715E-01 2.956653E-02 5.995580E-04 4.192794E+00 8.482285E+00 
1.786038E-01 2.244582E-03 3.153289E-01 1.732832E-01 -1.345613E+00 5.811325E-01 -1.505070E-01 9.616890E-01 2.644748E-02 1.001121E-03 3.854221E+00 8.628685E+00 
1.749171E-01 4.642618E-03 3.305826E-01 1.737169E-01 -1.461047E+00 5.672311E-01 -1.201047E-01 7.477289E-01 2.656454E-02 1.124912E-03 3.800384E+00 8.369261E+00 
1.739891E-01 4.415775E-03 3.333594E-01 1.764830E-01 -1.408827E+00 5.898875E-01 -1.900205E-01 9.683118E-01 2.496047E-02 1.038167E-03 3.833868E+00 8.975322E+00 
1.813832E-01 5.142482E-03 3.390596E-01 1.755475E-01 -1.381432E+00 5.692102E-01 -1.472830E-01 8.717642E-01 2.898385E-02 2.756947E-04 4.312037E+00 9.176806E+00 
1.787725E-01 5.490051E-03 3.422465E-01 1.830941E-01 -1.379344E+00 5.880956E-01 -1.456416E-01 9.616170E-01 2.679289E-02 9.022568E-04 4.212572E+00 8.854388E+00 
1.758537E-01 5.281160E-03 3.288429E-01 1.860953E-01 -1.370643E+00 5.902160E-01 -1.491151E-01 9.607226E-01 2.840248E-02 7.062637E-04 3.786496E+00 8.651775E+00 
1.724033E-01 4.676295E-03 3.243309E-01 1.821424E-01 -1.412045E+00 5.882373E-01 -1.443880E-01 9.940574E-01 2.730351E-02 5.085189E-04 4.088892E+00 8.933449E+00 
1.708029E-01 5.804367E-03 3.311502E-01 1.847029E-01 -1.402811E+00 5.771358E-01 -1.467359E-01 9.703551E-01 2.851230E-02 7.940461E-04 3.908314E+00 8.757735E+00 
1.683311E-01 5.723782E-03 3.335844E-01 1.849991E-01 -1.432570E+00 5.904178E-01 -1.535213E-01 9.425424E-01 2.612798E-02 3.641349E-04 3.811338E+00 8.857486E+00 
1.798504E-01 7.014700E-03 3.201298E-01 1.840907E-01 -1.398571E+00 5.917720E-01 -1.558217E-01 1.000842E+00 2.709980E-02 1.669564E-03 4.290691E+00 7.949587E+00 
1.761959E-01 5.052557E-03 3.357294E-01 1.813857E-01 -1.459310E+00 5.874383E-01 -1.337050E-01 9.715139E-01 2.798006E-02 0.000000E+00 4.124441E+00 8.487197E+00 
1.773517E-01 4.627968E-03 3.122769E-01 1.863058E-01 -1.421152E+00 5.681136E-01 -1.263597E-01 9.400590E-01 2.916534E-02 7.106026E-04 4.041716E+00 8.709648E+00 
1.734251E-01 4.059650E-03 3.467941E-01 1.839268E-01 -1.439682E+00 5.952279E-01 -1.286389E-01 9.371044E-01 2.611132E-02 4.031835E-04 3.847328E+00 9.463291E+00 
1.897591E-01 4.915619E-03 3.304887E-01 1.848956E-01 -1.414978E+00 5.886139E-01 -1.360264E-01 9.327578E-01 2.657407E-02 9.284696E-04 4.038111E+00 8.459486E+00 
1.873975E-01 4.459206E-03 3.269312E-01 1.807081E-01 -1.382215E+00 5.736850E-01 -1.361028E-01 9.779131E-01 2.707579E-02 7.975511E-04 3.804447E+00 9.165694E+00 
1.803915E-01 5.529152E-03 3.308736E-01 1.832231E-01 -1.468185E+00 5.902439E-01 -1.521797E-01 9.456045E-01 2.748191E-02 7.920860E-04 4.661044E+00 8.984626E+00 
1.827475E-01 6.575669E-03 3.344401E-01 1.790204E-01 -1.451143E+00 5.884546E-01 -1.806330E-01 9.369170E-01 2.796854E-02 1.022052E-03 4.270615E+00 8.838936E+00 
1.692663E-01 6.816425E-03 3.341412E-01 1.758925E-01 -1.334168E+00 5.988165E-01 -1.089142E-01 9.639300E-01 2.924080E-02 6.064393E-04 4.359277E+00 8.658790E+00 
1.776180E-01 5.676670E-03 3.105279E-01 1.798089E-01 -1.414220E+00 5.900660E-01 -1.178088E-01 8.738532E-01 2.807266E-02 4.027069E-04 3.894137E+00 9.004918E+00 
1.629005E-01 4.627755E-03 3.243100E-01 1.823596E-01 -1.420073E+00 5.817253E-01 -1.302967E-01 9.527466E-01 2.462858E-02 2.712886E-04 3.997793E+00 8.465087E+00 
1.783135E-01 4.270419E-03 3.305044E-01 1.753373E-01 -1.518178E+00 5.822902E-01 -1.284168E-01 9.428108E-01 2.779141E-02 6.949929E-04 4.169921E+00 8.050446E+00 
1.757143E-01 5.799924E-03 3.384306E-01 1.830130E-01 -1.363185E+00 5.775169E-01 -1.469693E-01 9.250978E-01 2.869826E-02 5.349097E-04 3.967144E+00 8.170968E+00 
1.806216E-01 5.484974E-03 3.135286E-01 1.826109E-01 -1.374387E+00 5.920865E-01 -1.801221E-01 9.377725E-01 2.611816E-02 4.574874E-04 4.018959E+00 8.835984E+00 
1.784495E-01 4.176125E-03 3.116003E-01 1.832322E-01 -1.397020E+00 5.826411E-01 -1.100763E-01 8.908158E-01 2.857749E-02 1.108447E-03 3.885143E+00 8.217231E+00 
1.828136E-01 5.253241E-03 3.507219E-01 1.908117E-01 -1.461735E+00 5.973687E-01 -1.627924E-01 9.511829E-01 2.672457E-02 5.431431E-04 4.310662E+00 8.915072E+00 
1.835814E-01 4.628500E-03 3.401971E-01 1.770697E-01 -1.430232E+00 5.887432E-01 -1.700246E-01 1.017360E+00 2.590079E-02 1.159604E-03 4.277308E+00 9.033091E+00 
1.741471E-01 2.919589E-03 3.256066E-01 1.807922E-01 -1.304309E+00 5.854777E-01 -1.248854E-01 9.260818E-01 2.803004E-02 1.079933E-03 4.001339E+00 9.093020E+00 
1.803352E-01 2.982556E-03 3.158660E-01 1.819376E-01 -1.365979E+00 5.901464E-01 -1.118450E-01 9.637094E-01 2.684868E-02 7.920310E-04 4.189574E+00 8.874459E+00 
1.927297E-01 5.676509E-03 3.227700E-01 1.824146E-01 -1.439245E+00 5.804285E-01 -1.419526E-01 9.245051E-01 2.894880E-02 6.277606E-04 4.225951E+00 8.549329E+00 
1.792935E-01 4.208988E-03 3.302593E-01 1.837070E-01 -1.427282E+00 5.921819E-01 -2.000000E-01 9.491032E-01 2.960061E-02 9.702652E-04 4.317610E+00 9.551294E+00 
1.824888E-01 3.724822E-03 3.110092E-01 1.855150E-01 -1.404230E+00 5.805630E-01 -1.181743E-01 9.692072E-01 2.509041E-02 1.052941E-03 4.314019E+00 8.485432E+00 
1.747138E-01 4.897583E-03 3.163033E-01 1.834419E-01 -1.382209E+00 5.930519E-01 -1.296502E-01 9.665092E-01 2.748213E-02 7.403321E-04 4.317804E+00 9.664378E+00 
1.750539E-01 5.216527E-03 3.432249E-01 1.863393E-01 -1.437404E+00 5.909282E-01 -1.730128E-01 9.021250E-01 2.700009E-02 8.462072E-04 4.292665E+00 9.174039E+00 
1.568830E-01 4.366779E-03 3.152007E-01 1.844161E-01 -1.414395E+00 6.000000E-01 -1.404495E-01 9.499544E-01 2.693796E-02 1.616981E-03 4.291469E+00 9.360622E+00 
1.610954E-01 5.948004E-03 3.389544E-01 1.829610E-01 -1.308927E+00 5.681622E-01 -1.622151E-01 9.070856E-01 2.970011E-02 1.932922E-03 4.049707E+00 8.585140E+00 
1.686276E-01 5.377364E-03 3.224695E-01 1.838186E-01 -1.381788E+00 5.799275E-01 -1.417569E-01 9.955188E-01 2.965011E-02 1.080917E-03 3.985978E+00 9.288918E+00 
1.643970E-01 4.671597E-03 3.280651E-01 1.759729E-01 -1.357509E+00 5.854139E-01 -1.458652E-01 9.056260E-01 2.501845E-02 8.557354E-04 4.030971E+00 8.933983E+00 
1.843881E-01 4.501607E-03 3.327986E-01 1.849555E-01 -1.368743E+00 5.925322E-01 -1.530098E-01 9.310071E-01 2.736722E-02 4.772621E-04 3.840192E+00 8.620535E+00 
1.686633E-01 5.927782E-03 3.197018E-01 1.807618E-01 -1.478172E+00 5.788691E-01 -1.069055E-01 9.427785E-01 2.937424E-02 7.984812E-04 4.072645E+00 9.030635E+00 
1.729491E-01 4.713919E-03 3.240620E-01 1.869291E-01 -1.360294E+00 5.931945E-01 -1.659519E-01 9.559067E-01 2.802110E-02 7.795811E-04 4.886097E+00 8.652282E+00 
1.775813E-01 4.376912E-03 3.420507E-01 1.859085E-01 -1.412334E+00 5.818217E-01 -1.234899E-01 9.578332E-01 2.704030E-02 5.644958E-04 4.459364E+00 8.968650E+00 
1.770033E-01 4.301842E-03 3.349378E-01 1.836879E-01 -1.436234E+00 5.845446E-01 -1.269808E-01 9.394355E-01 2.723179E-02 1.416644E-03 3.631566E+00 9.378972E+00 
1.808421E-01 6.720004E-03 3.498202E-01 1.865654E-01 -1.428488E+00 5.831643E-01 -1.452741E-01 9.671752E-01 2.651506E-02 1.529119E-03 4.041827E+00 7.558303E+00 
1.676288E-01 3.349601E-03 3.354672E-01 1.825209E-01 -1.356206E+00 5.817814E-01 -1.616573E-01 9.942031E-01 2.727102E-02 7.336445E-04 3.870777E+00 7.968431E+00 
1.688102E-01 5.300267E-03 3.285608E-01 1.794629E-01 -1.359525E+00 5.927704E-01 -1.722624E-01 9.689776E-01 2.786829E-02 6.825242E-04 3.257919E+00 8.571935E+00 
1.689082E-01 6.203307E-03 3.266593E-01 1.825336E-01 -1.391748E+00 5.847547E-01 -1.379038E-01 9.614681E-01 2.734450E-02 1.710656E-03 4.552360E+00 8.747134E+00 
1.111314E-01 6.153748E-02 3.340674E-01 1.762526E-01 -1.279621E+00 3.569143E-01 -1.046805E-01 1.013175E+00 2.884581E-02 1.322734E-03 4.758028E+00 8.526194E+00 
1.895511E-01 8.888085E-03 3.260371E-01 1.790536E-01 -1.365620E+00 5.927605E-01 -1.503116E-01 9.515766E-01 2.839902E-02 6.563663E-04 4.559600E+00 8.728290E+00 
1.768302E-01 4.569893E-03 3.153081E-01 1.858844E-01 -1.361647E+00 5.858993E-01 -1.433101E-01 9.426747E-01 2.845943E-02 5.540421E-04 4.301211E+00 9.251292E+00 
1.496486E-01 6.231497E-03 3.162241E-01 1.773450E-01 -1.479925E+00 5.798511E-01 -1.438170E-01 9.670633E-01 2.829157E-02 6.864475E-04 4.119706E+00 9.372777E+00 
1.859727E-01 5.106816E-03 3.216215E-01 1.788937E-01 -1.404384E+00 5.788793E-01 -1.659937E-01 9.521401E-01 2.815879E-02 7.946687E-04 3.860817E+00 9.243224E+00 
1.552940E-01 6.216003E-03 3.188921E-01 1.793578E-01 -1.463750E+00 5.946391E-01 -2.000000E-01 9.483454E-01 2.671794E-02 5.708916E-04 4.072497E+00 7.920862E+00 
1.647852E-01 4.770986E-03 3.261117E-01 1.807290E-01 -1.489825E+00 5.877472E-01 -1.518918E-01 1.010272E+00 2.753914E-02 6.227685E-04 4.397302E+00 9.041918E+00 
1.643615E-01 4.865896E-03 3.324692E-01 1.800404E-01 -1.311923E+00 5.846566E-01 -1.507552E-01 8.830879E-01 2.751741E-02 5.779336E-04 4.065982E+00 9.081016E+00 
1.740621E-01 6.623380E-03 3.344333E-01 1.834778E-01 -1.379205E+00 5.998702E-01 -1.597401E-01 9.471892E-01 2.818492E-02 5.988012E-04 4.085403E+00 9.555747E+00 
1.795241E-01 6.711936E-03 3.058093E-01 1.834838E-01 -1.456123E+00 5.865576E-01 -1.579133E-01 9.413404E-01 2.697791E-02 1.295441E-03 3.981156E+00 9.089614E+00 
1.713356E-01 4.618019E-03 3.336811E-01 1.822830E-01 -1.389023E+00 5.868777E-01 -1.683729E-01 8.944622E-01 2.826782E-02 1.264062E-03 4.386525E+00 8.744397E+00 
1.749701E-01 5.242797E-03 3.320905E-01 1.830444E-01 -1.407523E+00 5.929930E-01 -1.400389E-01 9.511157E-01 2.699987E-02 9.564968E-04 4.149574E+00 8.755834E+00 
1.703177E-01 4.428545E-03 3.463255E-01 1.826313E-01 -1.381470E+00 5.870742E-01 -1.725434E-01 9.940363E-01 2.677342E-02 6.987801E-04 4.462101E+00 8.906312E+00 
1.718379E-01 4.156216E-03 3.351792E-01 1.787948E-01 -1.410761E+00 5.785327E-01 -1.228440E-01 9.857618E-01 2.675200E-02 7.598292E-04 4.031940E+00 8.124301E+00 
1.789361E-01 4.848342E-03 3.127489E-01 1.778412E-01 -1.327979E+00 5.868486E-01 -1.291595E-01 1.020348E+00 2.924855E-02 5.244840E-04 3.918303E+00 9.209417E+00 
1.666772E-01 5.685601E-03 3.404919E-01 1.826771E-01 -1.504585E+00 5.812970E-01 -1.078191E-01 9.504876E-01 2.733631E-02 3.145206E-04 4.021134E+00 9.059819E+00 
1.810468E-01 7.100065E-03 3.397567E-01 1.806442E-01 -1.461123E+00 5.816266E-01 -1.509031E-01 9.246804E-01 2.791603E-02 1.269418E-03 4.201725E+00 9.072148E+00 
1.826843E-01 5.252105E-03 3.484718E-01 1.870581E-01 -1.339472E+00 5.999661E-01 -1.913036E-01 9.618336E-01 2.769395E-02 9.229821E-05 4.143606E+00 8.669328E+00 
1.764874E-01 5.543347E-03 3.372693E-01 1.827726E-01 -1.428269E+00 5.960767E-01 -1.307515E-01 9.222907E-01 2.611714E-02 9.315233E-04 4.548124E+00 8.860605E+00 
1.657286E-01 5.508832E-03 3.310611E-01 1.813564E-01 -1.424520E+00 5.850677E-01 -1.575553E-01 9.278861E-01 2.927856E-02 1.429456E-03 4.239698E+00 8.647929E+00 
1.614416E-01 5.774714E-03 3.248123E-01 1.801784E-01 -1.371375E+00 5.941337E-01 -1.982469E-01 9.690028E-01 2.663655E-02 4.168800E-04 4.037999E+00 8.305687E+00 
1.747991E-01 7.746875E-03 3.326822E-01 1.858367E-01 -1.365818E+00 5.949069E-01 -1.352197E-01 9.396692E-01 2.762197E-02 1.041098E-03 4.099172E+00 9.098086E+00 
1.804839E-01 4.519435E-03 3.366176E-01 1.833184E-01 -1.400833E+00 5.836298E-01 -1.562531E-01 9.361362E-01 2.829748E-02 1.122699E-03 4.101846E+00 8.671129E+00 
1.762442E-01 4.270751E-03 3.299665E-01 1.824416E-01 -1.406108E+00 5.930104E-01 -9.369884E-02 9.493342E-01 2.791367E-02 5.083300E-04 4.205137E+00 7.911053E+00 
2.000000E-01 9.486331E-03 3.224460E-01 1.783233E-01 -1.479140E+00 5.949471E-01 -1.210683E-01 9.167382E-01 2.728750E-02 7.627575E-04 4.154084E+00 8.941672E+00 
1.658302E-01 4.666084E-03 3.219659E-01 1.816780E-01 -1.317620E+00 5.808298E-01 -1.544119E-01 9.283056E-01 2.818813E-02 9.094600E-04 4.079888E+00 8.849847E+00 
1.172950E-01 2.188420E-02 3.788098E-01 1.605068E-01 -1.309286E+00 3.130881E-01 -6.667593E-02 3.968015E-01 2.926061E-02 3.243371E-03 3.672317E+00 1.207276E+01 
1.712668E-01 5.664761E-03 3.269529E-01 1.794828E-01 -1.335990E+00 5.573918E-01 -1.413092E-01 9.535823E-01 2.877905E-02 7.352243E-04 4.077093E+00 8.202942E+00 
1.574814E-01 5.122166E-03 3.320789E-01 1.832053E-01 -1.386778E+00 5.862539E-01 -1.671540E-01 9.782054E-01 2.628376E-02 7.384962E-04 4.143748E+00 8.019718E+00 
1.743249E-01 3.454826E-03 3.227047E-01 1.819422E-01 -1.431498E+00 5.790737E-01 -1.314944E-01 9.798031E-01 2.861587E-02 5.687747E-04 4.049264E+00 8.572364E+00 
1.883609E-01 3.770699E-03 3.416402E-01 1.841371E-01 -1.378496E+00 5.843556E-01 -1.579878E-01 9.502282E-01 2.902409E-02 7.190805E-04 4.159503E+00 8.413044E+00 
1.745303E-01 4.474955E-03 3.153020E-01 1.824811E-01 -1.350989E+00 5.644611E-01 -1.035714E-01 9.802586E-01 2.911301E-02 3.613438E-04 4.140340E+00 8.264663E+00 
1.795189E-01 5.381360E-03 3.126737E-01 1.801402E-01 -1.316519E+00 5.780295E-01 -1.283995E-01 9.525094E-01 2.707189E-02 1.196344E-03 4.104184E+00 8.746399E+00 
1.711427E-01 5.471114E-03 3.205890E-01 1.818521E-01 -1.389733E+00 5.942734E-01 -1.142412E-01 9.732433E-01 2.922380E-02 9.924514E-04 4.197256E+00 8.618490E+00 
1.816219E-01 5.194109E-03 3.445314E-01 1.851691E-01 -1.376057E+00 5.964416E-01 -1.695855E-01 9.927406E-01 2.554428E-02 1.995826E-03 4.385100E+00 8.469490E+00 
1.786415E-01 5.065510E-03 3.171521E-01 1.848262E-01 -1.381399E+00 5.965712E-01 -1.527382E-01 9.643207E-01 2.741166E-02 8.218311E-04 4.217189E+00 9.055339E+00 
1.885083E-01 4.167316E-03 3.055153E-01 1.826783E-01 -1.417449E+00 5.871239E-01 -1.488817E-01 9.567218E-01 2.859864E-02 6.237688E-04 3.877110E+00 8.541935E+00 
1.633931E-01 5.417792E-03 3.095466E-01 1.843764E-01 -1.392947E+00 5.895502E-01 -1.105902E-01 9.274359E-01 2.712592E-02 4.506298E-04 4.166062E+00 9.334900E+00 
1.709733E-01 3.733250E-03 3.282951E-01 1.818266E-01 -1.444821E+00 5.934221E-01 -1.460438E-01 9.335557E-01 2.917811E-02 4.582417E-04 3.794829E+00 8.859311E+00 
1.697846E-01 4.672602E-03 3.048615E-01 1.815709E-01 -1.491930E+00 5.842141E-01 -1.357188E-01 9.723811E-01 2.688899E-02 4.507837E-04 4.257582E+00 9.271763E+00 
1.795072E-01 5.409172E-03 3.300924E-01 1.808950E-01 -1.383768E+00 5.915793E-01 -1.453692E-01 9.661416E-01 3.011076E-02 6.678405E-04 3.978626E+00 8.980429E+00 
1.593457E-01 5.565284E-03 3.545590E-01 1.825451E-01 -1.506264E+00 5.932905E-01 -1.686176E-01 9.759116E-01 2.715291E-02 6.269373E-04 4.203754E+00 9.161433E+00 
1.431745E-01 1.380898E-02 3.560448E-01 1.666507E-01 -1.303471E+00 5.879703E-01 -1.090661E-01 9.325575E-01 2.893427E-02 2.366414E-03 4.148991E+00 9.385440E+00 
1.779152E-01 4.522625E-03 3.321375E-01 1.806813E-01 -1.355874E+00 5.807603E-01 -1.361912E-01 9.598212E-01 2.990832E-02 6.977753E-04 4.066707E+00 8.538761E+00 
1.671069E-01 4.772751E-03 3.423432E-01 1.785911E-01 -1.380296E+00 5.856910E-01 -1.570558E-01 9.515895E-01 2.941843E-02 1.183051E-03 4.345536E+00 8.977074E+00 
1.756955E-01 4.127130E-03 2.881746E-01 1.820826E-01 -1.324748E+00 5.815473E-01 -1.144437E-01 9.826734E-01 2.716646E-02 9.582433E-04 4.020422E+00 8.768742E+00 
1.655074E-01 5.589641E-03 3.297429E-01 1.814962E-01 -1.274969E+00 5.892605E-01 -1.483706E-01 9.639998E-01 2.936372E-02 1.483795E-03 4.457952E+00 8.494371E+00 
1.812465E-01 4.207537E-03 3.309017E-01 1.857091E-01 -1.433895E+00 5.909898E-01 -1.376594E-01 9.860887E-01 2.770145E-02 1.213014E-03 4.486511E+00 8.678985E+00 
1.816415E-01 4.885035E-03 3.316186E-01 1.767927E-01 -1.330667E+00 5.881575E-01 -1.330612E-01 9.574809E-01 2.944011E-02 6.386042E-04 4.038827E+00 9.186408E+00 
1.633140E-01 5.293655E-03 3.143462E-01 1.817492E-01 -1.387910E+00 5.789992E-01 -1.592056E-01 9.645039E-01 2.879202E-02 7.271357E-04 3.706920E+00 8.671919E+00 
2.000000E-01 4.650526E-03 3.313715E-01 1.700764E-01 -1.307283E+00 5.838417E-01 -1.805731E-01 8.830427E-01 2.587543E-02 7.299808E-04 4.014893E+00 7.296229E+00 
1.685963E-01 3.757230E-03 3.374814E-01 1.847854E-01 -1.433252E+00 5.918799E-01 -1.513620E-01 8.912722E-01 2.884843E-02 1.171044E-03 4.575457E+00 8.773756E+00 
1.542596E-01 4.016594E-03 3.328505E-01 1.781064E-01 -1.420848E+00 5.848783E-01 -1.581010E-01 9.505671E-01 2.859518E-02 5.259857E-04 4.010924E+00 9.235646E+00 
1.724532E-01 6.890935E-03 3.199517E-01 1.863114E-01 -1.379281E+00 5.869333E-01 -1.210121E-01 9.229887E-01 2.627692E-02 8.933360E-04 4.113463E+00 8.529800E+00 
1.813642E-01 4.772969E-03 3.200002E-01 1.844097E-01 -1.349821E+00 5.889126E-01 -1.350759E-01 9.461760E-01 2.663134E-02 6.130919E-04 3.923135E+00 8.844719E+00 
1.712617E-01 4.645122E-03 3.336563E-01 1.861673E-01 -1.357258E+00 5.976491E-01 -1.413042E-01 9.197032E-01 2.663588E-02 1.090274E-03 4.179515E+00 9.215847E+00 
1.775027E-01 4.465280E-03 3.133053E-01 1.826168E-01 -1.312721E+00 5.849740E-01 -1.460849E-01 9.819038E-01 2.891880E-02 9.174308E-04 3.488174E+00 9.131785E+00 
1.806243E-01 2.825459E-03 3.329274E-01 1.837956E-01 -1.409666E+00 5.955191E-01 -1.664930E-01 9.139548E-01 2.646607E-02 5.842370E-04 4.251269E+00 8.697651E+00 
1.782226E-01 6.994290E-03 3.172572E-01 1.797610E-01 -1.364128E+00 5.892454E-01 -1.661567E-01 9.613947E-01 2.723916E-02 8.862279E-04 3.952099E+00 9.042883E+00 
1.666828E-01 3.487952E-03 3.268498E-01 1.844351E-01 -1.364711E+00 6.000000E-01 -1.098406E-01 9.396321E-01 3.018724E-02 3.335870E-04 3.944108E+00 8.664591E+00 
1.708731E-01 5.282616E-03 3.558607E-01 1.840957E-01 -1.403452E+00 5.928524E-01 -1.665471E-01 9.685210E-01 2.802938E-02 1.207044E-03 4.158962E+00 8.693026E+00 
1.564213E-01 8.301179E-03 3.239648E-01 1.802247E-01 -1.419696E+00 5.841174E-01 -1.760351E-01 9.558534E-01 2.835071E-02 6.755174E-04 4.231748E+00 8.726653E+00 
1.716188E-01 4.186514E-03 3.347434E-01 1.811442E-01 -1.407635E+00 5.921677E-01 -1.300115E-01 9.095584E-01 2.803759E-02 5.049324E-04 4.037632E+00 8.194710E+00 
1.921647E-01 5.107446E-03 3.213415E-01 1.854916E-01 -1.377797E+00 5.888536E-01 -1.706267E-01 9.223904E-01 2.730805E-02 5.826596E-04 4.557790E+00 8.648730E+00 
1.724240E-01 5.167102E-03 3.129867E-01 1.800303E-01 -1.369151E+00 5.767415E-01 -1.438879E-01 9.580818E-01 2.770864E-02 6.559949E-04 4.026844E+00 8.227643E+00 
1.760907E-01 3.908907E-03 3.365244E-01 1.850128E-01 -1.369984E+00 5.908325E-01 -1.386680E-01 9.248574E-01 2.837656E-02 4.908684E-04 4.303725E+00 8.644257E+00 
1.771249E-01 5.914376E-03 3.338659E-01 1.819616E-01 -1.390030E+00 5.847360E-01 -1.206687E-01 9.639883E-01 2.867070E-02 9.922737E-04 4.520097E+00 8.744574E+00 
1.815776E-01 5.401786E-03 3.189195E-01 1.781244E-01 -1.352988E+00 5.795851E-01 -1.983725E-01 9.211002E-01 2.796987E-02 1.064008E-03 4.082420E+00 7.943231E+00 
1.844562E-01 4.307524E-03 3.282383E-01 1.846833E-01 -1.464780E+00 5.844450E-01 -1.343449E-01 9.774020E-01 2.810037E-02 1.018674E-03 4.010653E+00 9.253019E+00 
1.711918E-01 5.789823E-03 3.328609E-01 1.831675E-01 -1.414087E+00 5.928999E-01 -1.598963E-01 9.388844E-01 2.973265E-02 1.051656E-03 4.322338E+00 8.293108E+00 
1.725110E-01 5.592690E-03 3.176826E-01 1.826921E-01 -1.406361E+00 5.839854E-01 -1.381178E-01 9.382448E-01 2.747341E-02 8.743989E-04 4.231895E+00 9.555692E+00 
1.746771E-01 4.138313E-03 3.152427E-01 1.836432E-01 -1.429722E+00 5.823037E-01 -1.158481E-01 9.438391E-01 2.837921E-02 9.565356E-04 3.974592E+00 9.219704E+00 
1.670721E-01 6.364945E-03 3.313105E-01 1.816255E-01 -1.423029E+00 5.877873E-01 -1.495011E-01 9.601677E-01 2.713102E-02 7.873198E-05 4.129482E+00 7.962367E+00 
1.881847E-01 5.170977E-03 3.196354E-01 1.790489E-01 -1.355911E+00 5.869401E-01 -1.646208E-01 9.599822E-01 2.738493E-02 7.120507E-04 4.183617E+00 8.648847E+00 
1.708328E-01 6.693956E-03 3.015462E-01 1.838842E-01 -1.278694E+00 5.800591E-01 -1.523024E-01 9.139258E-01 2.700257E-02 1.085617E-03 4.244861E+00 9.339434E+00 
1.765150E-01 7.738437E-03 3.412847E-01 1.853780E-01 -1.451439E+00 5.949543E-01 -1.711710E-01 9.426685E-01 2.806676E-02 9.035903E-04 4.494547E+00 8.445426E+00 
1.463569E-01 7.125569E-03 3.422359E-01 1.761436E-01 -1.373356E+00 5.797595E-01 -1.566051E-01 9.370681E-01 2.796162E-02 2.362839E-03 4.184776E+00 8.501572E+00 
1.718267E-01 4.378119E-03 3.345568E-01 1.843986E-01 -1.416913E+00 5.819740E-01 -1.596612E-01 9.388622E-01 2.717011E-02 8.287819E-04 4.036221E+00 8.201732E+00 
1.556727E-01 1.268994E-02 3.443557E-01 1.730449E-01 -1.303506E+00 5.790234E-01 -1.161614E-01 9.628261E-01 2.898874E-02 1.173857E-03 4.159262E+00 8.129346E+00 
1.683992E-01 6.604369E-03 3.378002E-01 1.792802E-01 -1.415514E+00 6.000000E-01 -1.504537E-01 9.639101E-01 2.596418E-02 3.302314E-04 4.260514E+00 8.433822E+00 
1.717541E-01 7.894630E-03 2.927076E-01 1.856588E-01 -1.382071E+00 5.785331E-01 -1.520999E-01 9.474771E-01 2.655446E-02 2.331345E-03 3.835875E+00 6.535914E+00 
1.765262E-01 2.785462E-03 3.291223E-01 1.803997E-01 -1.398620E+00 5.983425E-01 -1.752034E-01 9.400803E-01 2.939685E-02 7.595870E-04 4.201228E+00 8.936587E+00 
1.492808E-01 5.389820E-03 3.346584E-01 1.874912E-01 -1.430466E+00 5.880482E-01 -1.342101E-01 1.088291E+00 2.917334E-02 7.080156E-04 4.368921E+00 1.151944E+01 
1.754681E-01 5.253636E-03 3.284693E-01 1.817570E-01 -1.324911E+00 5.833172E-01 -1.448212E-01 9.083010E-01 2.753529E-02 7.277439E-04 4.081774E+00 8.411737E+00 
1.743859E-01 3.836013E-03 3.378170E-01 1.859542E-01 -1.392468E+00 5.789851E-01 -1.658826E-01 9.309977E-01 2.796978E-02 6.844360E-04 4.034829E+00 8.189367E+00 
1.729732E-01 9.030163E-03 3.464878E-01 1.802363E-01 -1.421295E+00 5.847615E-01 -1.763711E-01 9.106886E-01 2.496893E-02 1.065947E-03 4.159491E+00 9.452727E+00 
1.706596E-01 2.510047E-03 3.354051E-01 1.885026E-01 -1.437340E+00 5.914337E-01 -1.379321E-01 9.183679E-01 2.710511E-02 4.289687E-04 4.212711E+00 9.534382E+00 
1.739654E-01 3.757463E-03 3.086785E-01 1.846787E-01 -1.465100E+00 5.863574E-01 -9.411196E-02 9.182858E-01 2.683969E-02 9.596077E-04 4.284009E+00 8.644868E+00 
1.660411E-01 5.410817E-03 3.325319E-01 1.817468E-01 -1.417363E+00 5.796891E-01 -1.391134E-01 9.203501E-01 2.661002E-02 8.035216E-04 4.137594E+00 9.029027E+00 
1.910153E-01 5.348374E-03 2.966296E-01 1.781831E-01 -1.397869E+00 5.874344E-01 -1.580653E-01 9.180576E-01 2.771965E-02 8.694322E-04 3.964851E+00 8.802499E+00 
1.736654E-01 3.997374E-03 3.324766E-01 1.835930E-01 -1.336642E+00 5.844714E-01 -1.512132E-01 9.604198E-01 2.771522E-02 6.210904E-04 4.251092E+00 7.860925E+00 
1.806183E-01 6.356203E-03 3.493959E-01 1.841642E-01 -1.436786E+00 5.904468E-01 -1.465124E-01 9.556292E-01 2.806505E-02 8.026572E-04 4.275141E+00 8.541226E+00 
1.750678E-01 3.690362E-03 3.105937E-01 1.818423E-01 -1.402857E+00 5.828791E-01 -1.572408E-01 9.432984E-01 2.671271E-02 4.560690E-04 3.521726E+00 8.734872E+00 
1.702718E-01 5.060468E-03 3.358235E-01 1.789529E-01 -1.452402E+00 5.895752E-01 -1.708714E-01 9.513426E-01 2.804032E-02 6.530673E-04 4.356160E+00 8.521333E+00 
1.924341E-01 4.684435E-03 3.140942E-01 1.837071E-01 -1.399404E+00 5.801533E-01 -1.308219E-01 9.974218E-01 2.944083E-02 6.060449E-04 4.200199E+00 9.339968E+00 
1.796971E-01 5.240397E-03 3.505403E-01 1.872834E-01 -1.517950E+00 5.820519E-01 -1.547939E-01 9.125452E-01 2.860210E-02 2.374713E-04 4.159372E+00 8.363725E+00 
1.807003E-01 5.479465E-03 3.253388E-01 1.818050E-01 -1.377879E+00 5.735164E-01 -1.298435E-01 1.022164E+00 2.697052E-02 8.010456E-04 4.084549E+00 9.080620E+00 
1.760416E-01 3.799700E-03 3.327131E-01 1.824228E-01 -1.368935E+00 5.946010E-01 -1.403609E-01 9.546545E-01 2.768328E-02 7.056328E-04 3.882539E+00 8.986851E+00 
1.624445E-01 1.019918E-02 3.469542E-01 1.842163E-01 -1.403243E+00 5.801393E-01 -1.216015E-01 9.035454E-01 2.963291E-02 1.435918E-03 4.230307E+00 9.560311E+00 
1.715851E-01 5.356947E-03 3.247726E-01 1.824262E-01 -1.410105E+00 5.793187E-01 -1.456411E-01 9.450498E-01 2.723988E-02 1.094803E-03 3.901266E+00 8.865565E+00 
1.718377E-01 5.164078E-03 3.389600E-01 1.834783E-01 -1.299918E+00 5.832779E-01 -1.645166E-01 9.973843E-01 3.018917E-02 9.349858E-04 3.949133E+00 8.797109E+00 
1.709317E-01 3.808748E-03 3.071347E-01 1.839282E-01 -1.490389E+00 5.821577E-01 -1.399064E-01 9.411076E-01 2.871170E-02 5.588496E-04 4.033177E+00 8.692996E+00 
1.738751E-01 4.847361E-03 3.207293E-01 1.803326E-01 -1.319155E+00 5.889361E-01 -1.156674E-01 9.552719E-01 2.935651E-02 6.541401E-04 4.144433E+00 7.703718E+00 
1.944054E-01 4.992453E-03 3.136251E-01 1.880471E-01 -1.361567E+00 5.823681E-01 -1.527312E-01 9.618799E-01 2.883520E-02 5.069734E-04 4.116304E+00 8.806656E+00 
1.841128E-01 6.939335E-03 3.207053E-01 1.905838E-01 -1.418004E+00 5.908961E-01 -1.442591E-01 9.674515E-01 2.908569E-02 8.052226E-04 4.405907E+00 8.367459E+00 
1.696431E-01 4.578884E-03 3.231874E-01 1.777334E-01 -1.338503E+00 5.945502E-01 -1.619212E-01 9.353922E-01 2.788129E-02 4.068241E-04 3.554737E+00 8.742657E+00 
1.723622E-01 3.851855E-03 3.243034E-01 1.794216E-01 -1.387893E+00 5.938721E-01 -1.239888E-01 9.469369E-01 2.895688E-02 8.308307E-04 3.933914E+00 1.000165E+01 
1.790695E-01 5.132793E-03 3.379903E-01 1.773233E-01 -1.366440E+00 5.889642E-01 -1.492666E-01 9.872924E-01 2.877731E-02 8.766786E-04 4.117806E+00 8.848776E+00 
1.911183E-01 5.165870E-03 3.085649E-01 1.821419E-01 -1.327632E+00 5.825235E-01 -1.031678E-01 9.054483E-01 3.193603E-02 5.638803E-04 3.745651E+00 8.880521E+00 
1.779069E-01 3.971826E-03 3.121185E-01 1.827924E-01 -1.377019E+00 5.760139E-01 -1.217760E-01 9.774121E-01 2.794001E-02 4.717199E-04 4.223656E+00 8.505047E+00 
1.720113E-01 3.986951E-03 3.101115E-01 1.832635E-01 -1.360857E+00 5.792494E-01 -1.194082E-01 9.342539E-01 2.733834E-02 4.622556E-04 4.028486E+00 8.980739E+00 
1.714380E-01 1.074106E-02 3.196742E-01 1.853787E-01 -1.521980E+00 5.816199E-01 -1.408526E-01 9.537926E-01 3.161018E-02 1.640234E-03 3.999588E+00 8.935248E+00 
1.747498E-01 1.501414E-02 3.364164E-01 1.910400E-01 -1.361115E+00 5.883857E-01 -1.886124E-01 9.922632E-01 2.664846E-02 9.946520E-04 4.043717E+00 7.560106E+00 
1.706773E-01 5.449879E-03 3.324402E-01 1.791579E-01 -1.462075E+00 5.904837E-01 -1.407394E-01 9.063545E-01 2.721712E-02 1.236693E-03 4.196961E+00 1.005777E+01 
1.604076E-01 5.379874E-03 3.105027E-01 1.804864E-01 -1.342210E+00 5.902075E-01 -1.660473E-01 9.974143E-01 2.641617E-02 5.486457E-04 3.832799E+00 8.334072E+00 
1.910270E-01 3.901492E-03 3.406267E-01 1.791976E-01 -1.323310E+00 5.758605E-01 -1.284475E-01 9.604596E-01 2.787930E-02 9.900723E-04 4.198831E+00 8.728616E+00 
1.751383E-01 4.098571E-03 3.315355E-01 1.867481E-01 -1.520943E+00 5.939833E-01 -1.556933E-01 9.628288E-01 2.767612E-02 8.432090E-04 4.100039E+00 9.290822E+00 
1.739964E-01 8.463663E-03 3.337144E-01 1.823701E-01 -1.416614E+00 5.732485E-01 -1.548308E-01 9.390681E-01 2.745448E-02 2.987304E-04 4.189599E+00 9.205925E+00 
1.767584E-01 7.255742E-03 3.195783E-01 1.854308E-01 -1.356365E+00 5.789339E-01 -1.233402E-01 9.355246E-01 2.962496E-02 7.506784E-04 4.155100E+00 8.632864E+00 
1.684831E-01 7.490328E-03 3.062492E-01 1.775505E-01 -1.349180E+00 5.680882E-01 -1.045656E-01 6.898580E-01 2.691402E-02 1.026882E-03 4.088323E+00 1.038497E+01 
1.890758E-01 4.864523E-03 3.186356E-01 1.745130E-01 -1.429593E+00 5.909909E-01 -1.531713E-01 8.856562E-01 2.673137E-02 1.255599E-03 4.078788E+00 8.077806E+00 
1.686213E-01 4.966997E-03 3.190669E-01 1.820980E-01 -1.570355E+00 5.798681E-01 -1.224073E-01 9.571038E-01 2.788172E-02 8.806158E-04 4.190658E+00 9.000054E+00 
1.745033E-01 6.190919E-03 3.250520E-01 1.844503E-01 -1.500590E+00 5.476716E-01 -1.226854E-01 9.021658E-01 2.886447E-02 9.805166E-04 3.971045E+00 8.670152E+00 
1.578921E-01 1.472835E-03 3.172073E-01 1.781296E-01 -1.428862E+00 5.919120E-01 -1.370319E-01 9.885392E-01 2.634045E-02 1.932751E-03 4.153851E+00 8.643389E+00 
1.717634E-01 4.239370E-03 3.392696E-01 1.824188E-01 -1.351177E+00 5.720695E-01 -1.452996E-01 9.582705E-01 2.695534E-02 1.280286E-03 4.008754E+00 8.555181E+00 
1.713233E-01 7.852778E-03 3.285488E-01 1.855175E-01 -1.369958E+00 5.899698E-01 -1.454028E-01 9.804110E-01 2.802285E-02 7.203336E-04 4.312520E+00 8.355544E+00 
1.731374E-01 4.504170E-03 3.508399E-01 1.880298E-01 -1.390871E+00 5.878093E-01 -1.204816E-01 9.777602E-01 2.697513E-02 7.559209E-04 3.918048E+00 8.793344E+00 
1.751078E-01 5.165967E-03 3.607649E-01 1.831095E-01 -1.416813E+00 5.906336E-01 -1.108950E-01 9.093167E-01 3.240358E-02 3.941022E-04 4.346077E+00 8.851877E+00 
1.750647E-01 5.872946E-03 3.404911E-01 1.810554E-01 -1.400725E+00 5.883452E-01 -1.880526E-01 9.631585E-01 2.608330E-02 7.048373E-04 4.131903E+00 8.673685E+00 
1.755597E-01 5.519086E-03 3.561226E-01 1.806020E-01 -1.422922E+00 5.482804E-01 -1.220017E-01 9.081326E-01 2.713339E-02 5.527958E-04 3.892459E+00 8.987165E+00 
1.779571E-01 4.692617E-03 3.438076E-01 1.823764E-01 -1.428505E+00 5.875195E-01 -1.238821E-01 9.645017E-01 2.801669E-02 7.846310E-04 4.083226E+00 8.815193E+00 
1.810969E-01 3.726618E-03 3.344315E-01 1.875338E-01 -1.425001E+00 5.939669E-01 -1.639013E-01 9.430242E-01 2.837628E-02 8.290412E-04 3.916983E+00 9.721056E+00 
1.622119E-01 4.699480E-03 3.327988E-01 1.798912E-01 -1.500049E+00 5.860786E-01 -1.624636E-01 8.963900E-01 2.672542E-02 9.549241E-04 3.909128E+00 9.303887E+00 
1.913666E-01 6.284192E-03 3.144533E-01 1.788429E-01 -1.349952E+00 5.904233E-01 -1.018758E-01 9.756067E-01 2.837647E-02 6.628024E-04 4.051736E+00 8.840970E+00 
1.534790E-01 6.312811E-03 3.300343E-01 1.822358E-01 -1.498838E+00 5.912151E-01 -1.809060E-01 9.422040E-01 2.797778E-02 1.021621E-03 4.031819E+00 9.037718E+00 
1.803700E-01 4.806932E-03 3.189921E-01 1.821763E-01 -1.400154E+00 5.879450E-01 -2.000000E-01 9.442176E-01 2.834501E-02 1.791540E-03 4.099871E+00 8.669944E+00 
1.753529E-01 4.350056E-03 3.344505E-01 1.813349E-01 -1.387759E+00 5.876783E-01 -1.689482E-01 9.063744E-01 2.652455E-02 1.324163E-03 4.203093E+00 8.138823E+00 
1.722338E-01 6.284492E-03 3.361189E-01 1.801882E-01 -1.385397E+00 5.818179E-01 -1.541430E-01 9.785938E-01 2.818009E-02 4.032495E-04 4.099256E+00 8.985427E+00 
1.719804E-01 7.404137E-03 3.308783E-01 1.795729E-01 -1.367508E+00 5.944586E-01 -1.395207E-01 9.379316E-01 2.785235E-02 1.642768E-03 3.910950E+00 8.660891E+00 
9.599496E-02 5.928327E-03 3.364584E-01 1.828933E-01 -1.378217E+00 6.000000E-01 -1.411377E-01 9.725920E-01 2.733717E-02 1.125676E-03 4.251071E+00 9.092956E+00 
1.823999E-01 6.032444E-03 3.319131E-01 1.866343E-01 -1.485360E+00 5.848866E-01 -1.194770E-01 8.742544E-01 2.675649E-02 0.000000E+00 4.113955E+00 7.288456E+00 
1.767166E-01 5.394597E-03 3.449816E-01 1.851271E-01 -1.378754E+00 5.989537E-01 -1.685095E-01 9.565907E-01 2.709152E-02 5.229986E-04 3.849044E+00 8.557224E+00 
1.602169E-01 5.246245E-03 3.166084E-01 1.821954E-01 -1.360079E+00 5.894300E-01 -1.751819E-01 9.534530E-01 2.748785E-02 8.692176E-04 4.116591E+00 8.756649E+00 
1.734121E-01 3.704183E-03 3.284792E-01 1.814926E-01 -1.472503E+00 5.923841E-01 -1.356055E-01 9.509214E-01 2.717492E-02 6.887958E-04 4.293982E+00 8.788958E+00 
1.614324E-01 5.564275E-03 3.582318E-01 1.814723E-01 -1.512522E+00 5.842328E-01 -1.675352E-01 9.429159E-01 2.761392E-02 1.473058E-03 4.144021E+00 9.259317E+00 
1.560033E-01 4.984071E-03 3.260236E-01 1.797812E-01 -1.486834E+00 5.898770E-01 -1.771512E-01 9.567001E-01 2.914439E-02 1.031791E-03 4.222499E+00 9.252619E+00 
1.767485E-01 3.002264E-03 3.178114E-01 1.853042E-01 -1.447791E+00 5.843730E-01 -1.570249E-01 9.930779E-01 2.870779E-02 1.131352E-03 4.272111E+00 8.693948E+00 
1.720755E-01 4.701850E-03 3.210776E-01 1.844714E-01 -1.446659E+00 5.808175E-01 -1.116514E-01 9.459768E-01 2.824261E-02 6.770683E-04 4.518572E+00 8.370122E+00 
1.765575E-01 5.853587E-03 3.330206E-01 1.828692E-01 -1.468571E+00 5.958627E-01 -1.295147E-01 8.780054E-01 2.720048E-02 3.787602E-04 4.271675E+00 8.628500E+00 
1.759830E-01 5.754446E-03 3.552146E-01 1.800658E-01 -1.216720E+00 5.886610E-01 -1.433268E-01 9.468025E-01 2.770462E-02 5.287929E-04 3.828405E+00 8.441557E+00 
1.864242E-01 5.503970E-03 3.283128E-01 1.848982E-01 -1.444977E+00 5.894754E-01 -1.515895E-01 9.267471E-01 2.817853E-02 1.719172E-03 4.159843E+00 8.893157E+00 
1.907256E-01 4.507374E-03 3.222069E-01 1.835116E-01 -1.401503E+00 5.871710E-01 -1.162818E-01 9.296718E-01 2.771532E-02 4.684442E-05 4.184575E+00 9.108517E+00 
1.808882E-01 5.080774E-03 3.133042E-01 1.877057E-01 -1.428118E+00 5.976123E-01 -1.331367E-01 9.458481E-01 2.771057E-02 6.048929E-04 4.088593E+00 9.302633E+00 
1.760753E-01 3.947605E-03 3.250932E-01 1.852255E-01 -1.426400E+00 5.714979E-01 -1.105179E-01 9.638265E-01 2.720497E-02 4.934364E-04 3.975207E+00 8.902178E+00 
1.876053E-01 2.168160E-03 3.329639E-01 1.830905E-01 -1.241982E+00 5.881875E-01 -1.743326E-01 1.002200E+00 2.756854E-02 7.007358E-04 4.043769E+00 8.818747E+00 
1.927203E-01 4.477903E-03 2.994635E-01 1.797876E-01 -1.248922E+00 5.840582E-01 -1.398950E-01 9.296296E-01 2.716718E-02 0.000000E+00 3.951879E+00 8.575963E+00 
1.506294E-01 6.581683E-03 3.171617E-01 1.850079E-01 -1.405800E+00 5.906171E-01 -1.365957E-01 9.497266E-01 2.893120E-02 1.006875E-03 4.185155E+00 8.932019E+00 
1.788742E-01 4.897942E-03 3.380220E-01 1.806466E-01 -1.361550E+00 5.843220E-01 -1.586880E-01 9.255984E-01 2.778114E-02 7.380832E-04 4.281603E+00 8.842390E+00 
1.876151E-01 7.156194E-03 3.459824E-01 1.816007E-01 -1.367274E+00 5.976949E-01 -1.717507E-01 9.610148E-01 2.809262E-02 1.488172E-03 4.796953E+00 7.346180E+00 
1.714627E-01 4.021451E-03 3.343265E-01 1.848592E-01 -1.435046E+00 5.890145E-01 -1.663341E-01 9.479052E-01 2.721953E-02 1.103584E-03 3.992161E+00 8.755286E+00 
1.678435E-01 7.581079E-03 3.301091E-01 1.843683E-01 -1.410796E+00 5.874000E-01 -1.392013E-01 9.555081E-01 2.668536E-02 1.465571E-03 4.242277E+00 8.786070E+00 
1.665688E-01 7.229152E-03 3.275650E-01 1.825696E-01 -1.517736E+00 5.733035E-01 -2.000000E-01 9.230786E-01 2.933881E-02 1.054100E-03 4.210921E+00 8.678478E+00 
1.693961E-01 6.044186E-03 3.231197E-01 1.821258E-01 -1.392896E+00 5.917227E-01 -1.485499E-01 9.442747E-01 2.862012E-02 1.035002E-03 4.171127E+00 9.446820E+00 
1.813017E-01 4.486548E-03 3.438111E-01 1.798968E-01 -1.418865E+00 5.820462E-01 -1.210278E-01 9.267736E-01 3.038561E-02 4.026766E-04 3.866307E+00 9.051945E+00 
1.858718E-01 5.995454E-03 3.198201E-01 1.829631E-01 -1.348232E+00 5.824516E-01 -1.092329E-01 9.652168E-01 2.650436E-02 8.117433E-04 3.917415E+00 8.906697E+00 
1.754524E-01 5.771992E-03 3.348821E-01 1.852891E-01 -1.370186E+00 5.872477E-01 -1.558464E-01 9.125058E-01 2.838709E-02 7.300712E-04 4.022068E+00 9.610262E+00 
1.693611E-01 5.100509E-03 3.091727E-01 1.810320E-01 -1.404614E+00 5.823247E-01 -1.539523E-01 9.268637E-01 2.856434E-02 9.626244E-04 4.333105E+00 8.618622E+00 
1.786445E-01 5.514378E-03 3.134866E-01 1.838468E-01 -1.382935E+00 5.857862E-01 -1.424865E-01 9.601159E-01 2.623891E-02 1.048361E-03 4.264755E+00 9.236893E+00 
1.719944E-01 4.446761E-03 3.217126E-01 1.826999E-01 -1.404631E+00 5.932881E-01 -1.323553E-01 9.396953E-01 2.607114E-02 7.884382E-04 4.358088E+00 8.585775E+00 
1.846474E-01 4.500105E-03 3.278305E-01 1.817838E-01 -1.464694E+00 5.598764E-01 -1.285757E-01 9.384565E-01 2.798587E-02 1.065273E-03 4.118037E+00 8.443476E+00 
1.790432E-01 5.798119E-03 3.260086E-01 1.887356E-01 -1.357572E+00 5.961867E-01 -1.228676E-01 9.587636E-01 2.927110E-02 9.455586E-04 4.239739E+00 9.149023E+00 
1.707966E-01 3.676183E-03 3.340521E-01 1.816875E-01 -1.416669E+00 5.965065E-01 -1.330214E-01 9.497808E-01 2.706917E-02 1.057323E-03 3.933120E+00 8.759624E+00 
