1.806317E-01 5.814672E-03 3.396235E-01 1.882757E-01 -1.392126E+00 5.894126E-01 -1.563832E-01 9.571867E-01 2.710872E-02 4.373979E-04 4.361744E+00 8.925940E+00 
1.692834E-01 7.360092E-03 3.598752E-01 1.773772E-01 -1.406770E+00 5.781846E-01 -1.262343E-01 9.698614E-01 3.089670E-02 1.305380E-03 4.500616E+00 7.936433E+00 
1.836520E-01 9.560930E-03 3.404646E-01 1.857645E-01 -1.419972E+00 5.950287E-01 -1.716669E-01 9.355711E-01 2.575922E-02 7.841913E-04 4.349950E+00 8.288958E+00 
1.798052E-01 3.419133E-03 3.437765E-01 1.789717E-01 -1.340912E+00 5.783590E-01 -1.142506E-01 9.107342E-01 2.778620E-02 4.607615E-04 4.082353E+00 9.044444E+00 
1.861362E-01 4.904818E-03 3.348480E-01 1.821105E-01 -1.369417E+00 5.836814E-01 -1.680710E-01 9.635037E-01 2.847301E-02 7.666922E-04 4.172771E+00 7.831395E+00 
1.715257E-01 1.008760E-02 3.425927E-01 1.812477E-01 -1.424429E+00 5.996228E-01 -1.467237E-01 9.397242E-01 2.905002E-02 8.359803E-04 4.268530E+00 9.720174E+00 
1.948782E-01 5.674815E-03 3.041584E-01 1.772709E-01 -1.399333E+00 5.815560E-01 -1.384158E-01 9.514889E-01 2.856493E-02 1.169637E-03 4.026203E+00 8.606281E+00 
1.855706E-01 4.270276E-03 3.261403E-01 1.850596E-01 -1.356849E+00 5.859443E-01 -1.561476E-01 9.886373E-01 2.980579E-02 5.043237E-04 3.710133E+00 8.180051E+00 
1.704575E-01 3.505570E-03 3.151818E-01 1.792836E-01 -1.338336E+00 5.798262E-01 -1.326514E-01 9.843326E-01 2.646694E-02 8.982586E-04 3.697942E+00 9.620943E+00 
1.729574E-01 4.831003E-03 3.367139E-01 1.796590E-01 -1.475102E+00 5.835595E-01 -1.137615E-01 9.243434E-01 2.727588E-02 9.239050E-04 4.146071E+00 8.715941E+00 
1.711904E-01 5.639520E-03 3.277723E-01 1.826056E-01 -1.354695E+00 5.872456E-01 -1.082910E-01 9.829711E-01 2.702833E-02 4.014480E-04 4.031889E+00 8.780865E+00 
1.744599E-01 5.044833E-03 3.267712E-01 1.805671E-01 -1.444441E+00 5.817330E-01 -1.541190E-01 9.835428E-01 2.713243E-02 1.082308E-03 4.056687E+00 9.016294E+00 
1.692991E-01 5.939705E-03 3.068231E-01 1.830985E-01 -1.480575E+00 5.848068E-01 -1.525520E-01 9.418348E-01 2.791691E-02 1.102045E-03 4.337415E+00 8.962507E+00 
1.768961E-01 4.144566E-03 3.477128E-01 1.816509E-01 -1.468522E+00 5.885004E-01 -1.865923E-01 9.386184E-01 2.690981E-02 5.554514E-04 3.894194E+00 8.858700E+00 
1.731215E-01 4.716051E-03 3.196383E-01 1.801952E-01 -1.402659E+00 5.745318E-01 -1.223287E-01 9.073738E-01 2.720364E-02 6.235904E-04 4.202422E+00 8.581538E+00 
1.876061E-01 4.539778E-03 3.303773E-01 1.814647E-01 -1.314759E+00 5.691452E-01 -1.320247E-01 1.026198E+00 2.954858E-02 1.084077E-03 4.157589E+00 7.465977E+00 
1.949662E-01 3.893010E-03 3.395305E-01 1.764940E-01 -1.322287E+00 5.842490E-01 -1.591015E-01 9.306397E-01 2.603582E-02 5.001060E-04 4.312893E+00 8.892493E+00 
1.505243E-01 6.005462E-03 3.127965E-01 1.779617E-01 -1.388425E+00 5.783870E-01 -1.263594E-01 9.724068E-01 3.070907E-02 7.728317E-04 4.150864E+00 8.592059E+00 
1.782309E-01 8.984357E-03 3.202159E-01 1.820658E-01 -1.455226E+00 5.784290E-01 -1.553697E-01 9.262132E-01 2.759554E-02 9.538270E-04 4.008182E+00 8.556234E+00 
1.591480E-01 4.489923E-03 3.320676E-01 1.824291E-01 -1.410261E+00 5.869070E-01 -1.255838E-01 9.487026E-01 2.859724E-02 4.644342E-04 4.127489E+00 8.922597E+00 
1.695066E-01 4.806807E-03 3.220950E-01 1.830326E-01 -1.486387E+00 5.765405E-01 -1.367025E-01 9.084278E-01 2.716819E-02 4.516473E-04 3.977960E+00 8.647979E+00 
1.794094E-01 4.083556E-03 3.244267E-01 1.775379E-01 -1.405204E+00 5.850800E-01 -1.590470E-01 9.075095E-01 2.752027E-02 7.775839E-04 4.183274E+00 9.070932E+00 
1.690999E-01 3.630526E-03 3.118451E-01 1.825610E-01 -1.329816E+00 5.866648E-01 -1.156950E-01 9.842687E-01 2.653963E-02 3.778555E-04 3.691795E+00 8.415987E+00 
1.849077E-01 5.458268E-03 3.312800E-01 1.825884E-01 -1.388967E+00 5.865180E-01 -1.292215E-01 9.336077E-01 2.838803E-02 6.481046E-04 4.388337E+00 8.931117E+00 
1.733899E-01 4.601297E-03 3.296583E-01 1.819755E-01 -1.507836E+00 5.820777E-01 -1.177977E-01 9.106299E-01 2.611513E-02 9.907885E-04 4.163334E+00 9.065723E+00 
1.743461E-01 5.493640E-03 3.252439E-01 1.853189E-01 -1.383465E+00 5.845923E-01 -1.044222E-01 9.713926E-01 2.681700E-02 5.243060E-04 4.367858E+00 9.046709E+00 
1.710500E-01 1.117724E-02 3.236314E-01 1.853025E-01 -1.442921E+00 5.847595E-01 -1.531767E-01 9.285273E-01 2.856189E-02 1.096975E-03 4.198048E+00 8.442738E+00 
1.677892E-01 6.118964E-03 3.302259E-01 1.811068E-01 -1.482343E+00 5.861278E-01 -1.258998E-01 9.230416E-01 2.646916E-02 8.361582E-04 4.127733E+00 9.398710E+00 
1.737385E-01 3.926368E-03 3.316284E-01 1.825923E-01 -1.372376E+00 5.953727E-01 -1.360360E-01 8.823669E-01 2.919319E-02 6.346114E-04 3.839145E+00 8.637181E+00 
1.860455E-01 5.459597E-03 3.369389E-01 1.822049E-01 -1.419675E+00 5.900095E-01 -1.263978E-01 9.439055E-01 2.726279E-02 7.596331E-04 3.763982E+00 8.638179E+00 
1.857122E-01 4.544838E-03 3.022554E-01 1.806567E-01 -1.387019E+00 5.797779E-01 -1.205973E-01 8.984194E-01 3.053641E-02 4.506430E-04 4.023984E+00 9.294510E+00 
1.630056E-01 4.732371E-03 3.409594E-01 1.805996E-01 -1.491249E+00 5.993925E-01 -1.227335E-01 9.361801E-01 2.780356E-02 6.623566E-04 4.047479E+00 9.405792E+00 
1.858373E-01 4.524415E-03 3.303510E-01 1.782555E-01 -1.449560E+00 5.931024E-01 -1.608182E-01 9.564549E-01 2.747858E-02 7.439354E-04 4.030764E+00 8.979234E+00 
1.884961E-01 4.826745E-03 3.173023E-01 1.809549E-01 -1.458845E+00 5.775298E-01 -1.424838E-01 9.391236E-01 2.789784E-02 4.081501E-04 4.282232E+00 8.636899E+00 
1.787832E-01 6.041284E-03 3.352049E-01 1.838562E-01 -1.401300E+00 5.732102E-01 -1.168764E-01 9.765376E-01 3.047525E-02 2.428643E-04 4.139338E+00 8.328360E+00 
1.775130E-01 6.167780E-03 3.416834E-01 1.863172E-01 -1.368836E+00 5.926824E-01 -1.531200E-01 9.573191E-01 2.858370E-02 4.986965E-04 4.316690E+00 9.218169E+00 
1.710552E-01 4.356812E-03 3.254115E-01 1.838961E-01 -1.534354E+00 5.926820E-01 -1.381844E-01 9.481426E-01 2.946874E-02 1.025384E-03 4.220573E+00 9.072716E+00 
1.714649E-01 3.451582E-03 3.231142E-01 1.810947E-01 -1.385355E+00 5.829072E-01 -1.311263E-01 9.528800E-01 2.866855E-02 3.758884E-04 4.032724E+00 9.156077E+00 
1.703345E-01 4.828884E-03 3.300738E-01 1.825862E-01 -1.443484E+00 5.811986E-01 -1.312998E-01 9.646153E-01 2.831599E-02 9.059164E-04 4.242017E+00 9.011245E+00 
1.378042E-01 1.983809E-02 3.394564E-01 1.682294E-01 -1.402170E+00 4.669514E-01 -1.279700E-01 9.651896E-01 2.935713E-02 2.223884E-03 3.865941E+00 9.454295E+00 
1.844802E-01 5.904065E-03 3.427993E-01 1.827847E-01 -1.456719E+00 5.582032E-01 -1.912732E-01 9.599778E-01 2.684719E-02 5.308621E-04 4.011201E+00 8.937270E+00 
1.624146E-01 7.201757E-03 3.453720E-01 1.814736E-01 -1.345895E+00 5.833326E-01 -1.554260E-01 9.199611E-01 2.834750E-02 7.538071E-04 4.077961E+00 8.655049E+00 
1.745841E-01 5.047568E-03 3.284082E-01 1.784506E-01 -1.434446E+00 5.954405E-01 -1.667823E-01 9.487266E-01 2.755547E-02 4.879881E-04 3.797956E+00 8.455067E+00 
1.782813E-01 4.523547E-03 3.313224E-01 1.823637E-01 -1.436922E+00 5.809823E-01 -1.331877E-01 9.455343E-01 2.689884E-02 6.887247E-04 4.022290E+00 8.591484E+00 
1.827360E-01 4.531938E-03 3.387183E-01 1.817866E-01 -1.361414E+00 5.952129E-01 -1.805788E-01 9.603149E-01 2.642673E-02 8.538139E-04 4.172038E+00 8.936566E+00 
1.670161E-01 4.804871E-03 3.322813E-01 1.834538E-01 -1.360484E+00 5.901845E-01 -1.514598E-01 9.568954E-01 2.680164E-02 1.306815E-03 4.194861E+00 8.268907E+00 
1.688672E-01 6.122838E-03 3.503949E-01 1.841214E-01 -1.448895E+00 5.890919E-01 -1.702168E-01 9.436130E-01 2.775037E-02 9.269902E-04 4.109152E+00 8.350878E+00 
1.556580E-01 4.733321E-03 3.157207E-01 1.833453E-01 -1.438198E+00 5.784071E-01 -1.541775E-01 9.411533E-01 2.924059E-02 4.069468E-04 4.076422E+00 9.065353E+00 
1.708048E-01 4.966507E-03 3.402356E-01 1.818096E-01 -1.395772E+00 5.777534E-01 -1.310776E-01 9.428059E-01 2.908197E-02 2.127593E-04 4.276958E+00 8.852666E+00 
1.717745E-01 4.215237E-03 3.122960E-01 1.831675E-01 -1.280253E+00 5.648897E-01 -1.176922E-01 9.584384E-01 2.941374E-02 5.570202E-04 3.980456E+00 9.866239E+00 
1.851900E-01 6.835024E-03 3.174389E-01 1.838166E-01 -1.436865E+00 5.878623E-01 -1.543318E-01 9.453351E-01 2.644913E-02 9.630809E-04 4.238768E+00 8.636480E+00 
1.772346E-01 5.335254E-02 3.155041E-01 1.790746E-01 -1.403700E+00 5.816951E-01 -1.741474E-01 9.397202E-01 2.706631E-02 9.496108E-05 4.328893E+00 7.961835E+00 
1.720628E-01 4.774793E-03 3.263206E-01 1.812598E-01 -1.443296E+00 5.855713E-01 -1.290195E-01 9.452162E-01 2.674400E-02 1.858797E-03 3.874113E+00 8.627285E+00 
1.749473E-01 5.630056E-03 3.258375E-01 1.801420E-01 -1.286445E+00 5.851018E-01 -1.507524E-01 9.270272E-01 2.880887E-02 9.918329E-04 4.328788E+00 8.759874E+00 
1.898180E-01 4.299888E-03 3.390718E-01 1.780364E-01 -1.376261E+00 5.922358E-01 -1.757668E-01 9.300781E-01 2.692328E-02 6.567205E-04 4.078850E+00 8.671913E+00 
1.734881E-01 4.363007E-03 3.317352E-01 1.871949E-01 -1.377353E+00 6.000000E-01 -1.572641E-01 9.733502E-01 2.776502E-02 1.483752E-03 4.315861E+00 9.066750E+00 
1.775919E-01 4.041713E-03 3.224757E-01 1.837559E-01 -1.402229E+00 5.832345E-01 -1.223053E-01 9.793080E-01 2.811080E-02 2.030687E-04 3.978299E+00 8.729839E+00 
1.640508E-01 4.907697E-03 3.332204E-01 1.696456E-01 -1.397117E+00 5.794085E-01 -1.436360E-01 9.774097E-01 2.732689E-02 5.877249E-04 4.174949E+00 9.054936E+00 
1.733737E-01 5.725761E-03 3.364853E-01 1.793272E-01 -1.458258E+00 5.794084E-01 -1.267915E-01 9.215025E-01 2.844158E-02 3.079827E-04 3.916184E+00 9.121173E+00 
1.756916E-01 2.394987E-03 3.303171E-01 1.861730E-01 -1.265670E+00 5.862198E-01 -1.342544E-01 9.122017E-01 2.862751E-02 1.028164E-03 4.151667E+00 9.214636E+00 
1.768806E-01 5.663582E-03 3.297232E-01 1.869749E-01 -1.404795E+00 5.793400E-01 -1.300521E-01 9.941994E-01 2.826635E-02 3.373949E-04 4.340619E+00 9.611939E+00 
1.737133E-01 6.049274E-03 3.220766E-01 1.840270E-01 -1.421445E+00 5.894783E-01 -1.083044E-01 1.002503E+00 2.838357E-02 8.507425E-04 4.077969E+00 8.926009E+00 
1.696135E-01 6.458124E-03 3.288086E-01 1.820012E-01 -1.377452E+00 5.906347E-01 -1.410114E-01 9.160102E-01 2.809380E-02 7.313700E-04 3.895037E+00 8.657110E+00 
1.856843E-01 4.329648E-03 3.155929E-01 1.798002E-01 -1.402590E+00 5.772200E-01 -1.497187E-01 9.319876E-01 2.830469E-02 7.908255E-04 4.041585E+00 8.727698E+00 
1.745764E-01 5.404482E-03 3.199036E-01 1.837437E-01 -1.390039E+00 5.944634E-01 -1.323179E-01 9.498543E-01 3.006867E-02 1.003979E-03 4.167075E+00 8.352720E+00 
1.862304E-01 4.413648E-03 3.376868E-01 1.845046E-01 -1.495693E+00 5.931725E-01 -1.791721E-01 9.576441E-01 2.832801E-02 7.010887E-04 4.316911E+00 9.072953E+00 
1.755008E-01 5.148296E-03 3.219677E-01 1.802416E-01 -1.474901E+00 5.931035E-01 -1.615509E-01 9.343859E-01 2.646798E-02 1.001383E-04 4.407859E+00 8.692447E+00 
1.733710E-01 5.819103E-03 3.091992E-01 1.831293E-01 -1.387639E+00 5.802264E-01 -1.269446E-01 8.938387E-01 2.680873E-02 4.939095E-04 4.253410E+00 8.992960E+00 
1.667874E-01 5.125253E-03 3.393879E-01 1.873317E-01 -1.470620E+00 5.850371E-01 -1.108287E-01 9.781874E-01 2.797003E-02 6.438428E-04 4.276155E+00 8.875007E+00 
1.746378E-01 6.127883E-03 3.115400E-01 1.783220E-01 -1.331454E+00 5.781805E-01 -1.116479E-01 8.230708E-01 2.875833E-02 9.303934E-04 4.114918E+00 8.008717E+00 
1.726911E-01 3.870572E-03 3.456202E-01 1.816645E-01 -1.328697E+00 5.903696E-01 -1.073605E-01 9.275224E-01 2.902552E-02 1.645586E-03 3.857175E+00 8.632046E+00 
1.732014E-01 3.778501E-03 3.594062E-01 1.819970E-01 -1.424604E+00 5.786523E-01 -1.329848E-01 9.710039E-01 2.791981E-02 8.272227E-04 4.154083E+00 8.042620E+00 
1.620277E-01 4.695379E-03 3.317465E-01 1.876426E-01 -1.422950E+00 5.857376E-01 -1.332470E-01 9.677820E-01 2.939768E-02 1.538475E-03 4.213566E+00 8.588961E+00 
1.645233E-01 5.229665E-03 3.333801E-01 1.861519E-01 -1.353263E+00 5.902496E-01 -1.361260E-01 9.470212E-01 2.730709E-02 2.676928E-04 4.008629E+00 8.614848E+00 
1.759460E-01 5.755485E-03 3.249569E-01 1.867832E-01 -1.290884E+00 5.778859E-01 -1.282578E-01 8.970139E-01 2.676719E-02 8.470536E-04 3.507028E+00 8.022169E+00 
1.933183E-01 3.879000E-03 3.384452E-01 1.817321E-01 -1.440052E+00 5.856870E-01 -1.453020E-01 9.370653E-01 2.837078E-02 9.684202E-04 4.240096E+00 8.920629E+00 
1.675333E-01 5.280887E-03 3.170426E-01 1.842631E-01 -1.420851E+00 5.871103E-01 -1.221325E-01 9.333024E-01 2.789525E-02 0.000000E+00 4.160010E+00 9.273001E+00 
1.664635E-01 5.168894E-03 3.117721E-01 1.813198E-01 -1.386149E+00 5.863020E-01 -1.208100E-01 9.663529E-01 2.731495E-02 6.296980E-04 3.953492E+00 8.785720E+00 
1.697776E-01 5.074306E-03 3.203602E-01 1.820295E-01 -1.348266E+00 5.850955E-01 -1.688605E-01 9.589136E-01 2.647812E-02 3.384986E-04 3.941840E+00 8.050585E+00 
1.713171E-01 4.910234E-03 3.068671E-01 1.826447E-01 -1.396022E+00 5.859140E-01 -1.182828E-01 9.713553E-01 2.854770E-02 6.254306E-04 4.128571E+00 8.705855E+00 
1.747499E-01 3.534992E-03 3.294464E-01 1.814917E-01 -1.327172E+00 5.883929E-01 -1.367496E-01 9.304767E-01 2.688089E-02 6.657902E-04 3.728455E+00 9.389978E+00 
1.691680E-01 4.279579E-03 3.384817E-01 1.831956E-01 -1.377473E+00 5.964302E-01 -1.415928E-01 9.257497E-01 2.867616E-02 8.097793E-04 3.985699E+00 8.775473E+00 
1.642779E-01 4.280799E-03 3.152115E-01 1.837063E-01 -1.409918E+00 5.795998E-01 -1.200664E-01 9.254420E-01 2.698625E-02 7.321574E-04 3.879665E+00 8.393653E+00 
1.763157E-01 6.202004E-03 3.411384E-01 1.810792E-01 -1.494957E+00 5.674344E-01 -1.347697E-01 8.952099E-01 3.116342E-02 5.663655E-04 3.813954E+00 8.721448E+00 
1.678303E-01 6.129473E-03 3.403524E-01 1.797092E-01 -1.350244E+00 5.832412E-01 -1.648327E-01 9.768569E-01 2.704356E-02 5.304586E-04 4.203763E+00 8.664972E+00 
1.639154E-01 6.618562E-03 3.264603E-01 1.792208E-01 -1.404229E+00 5.886571E-01 -1.169054E-01 9.653636E-01 2.759264E-02 7.500516E-04 4.209841E+00 9.218088E+00 
1.765430E-01 5.959761E-03 3.267577E-01 1.858348E-01 -1.353319E+00 5.836576E-01 -1.422333E-01 9.465698E-01 2.797344E-02 6.503670E-04 4.597418E+00 8.917176E+00 
1.719787E-01 5.654274E-03 3.464203E-01 1.850852E-01 -1.390151E+00 5.805711E-01 -1.380824E-01 9.477194E-01 2.553247E-02 1.085117E-04 4.153824E+00 8.083035E+00 
1.809568E-01 1.288209E-03 3.224710E-01 1.787959E-01 -1.421927E+00 5.362444E-01 -1.460475E-01 9.677577E-01 2.640174E-02 1.356736E-03 4.135524E+00 6.133846E+00 
1.702072E-01 6.468464E-03 3.414594E-01 1.837631E-01 -1.372947E+00 5.875022E-01 -1.728992E-01 9.828542E-01 2.650308E-02 5.853792E-04 4.338808E+00 8.946771E+00 
1.703497E-01 5.017192E-03 3.189981E-01 1.820243E-01 -1.395302E+00 6.000000E-01 -1.270652E-01 9.322162E-01 2.903982E-02 8.990765E-04 4.125418E+00 9.389147E+00 
1.744343E-01 5.056369E-03 3.414869E-01 1.858713E-01 -1.445906E+00 5.927695E-01 -1.301033E-01 9.471324E-01 2.744176E-02 4.906804E-04 4.091889E+00 8.872891E+00 
1.832780E-01 4.669571E-03 3.220483E-01 1.798403E-01 -1.384691E+00 5.884068E-01 -1.654457E-01 9.443228E-01 2.679576E-02 1.166738E-03 4.136721E+00 8.308783E+00 
1.747301E-01 2.271164E-03 3.263789E-01 1.841600E-01 -1.552312E+00 5.968461E-01 -1.093717E-01 9.163506E-01 2.556995E-02 8.726018E-04 4.519982E+00 9.512966E+00 
1.832284E-01 3.902926E-03 3.376936E-01 1.808501E-01 -1.402468E+00 5.779470E-01 -1.348134E-01 9.780829E-01 2.859619E-02 8.118147E-04 4.158755E+00 8.584149E+00 
1.642071E-01 4.936709E-03 3.116678E-01 1.796256E-01 -1.343692E+00 5.707289E-01 -1.486754E-01 9.372399E-01 2.657935E-02 1.131675E-03 3.983331E+00 8.896423E+00 
1.748557E-01 3.862190E-03 3.291491E-01 1.837536E-01 -1.404143E+00 5.823260E-01 -1.197819E-01 1.026716E+00 2.814591E-02 3.839214E-04 4.023264E+00 8.293907E+00 
1.741827E-01 5.862356E-03 3.071090E-01 1.818193E-01 -1.440932E+00 5.826240E-01 -1.384448E-01 9.306837E-01 2.670053E-02 1.211659E-04 4.334559E+00 8.749407E+00 
1.731922E-01 5.435745E-03 3.389050E-01 1.838345E-01 -1.394826E+00 5.967125E-01 -1.463802E-01 9.924714E-01 2.998103E-02 8.766225E-04 4.312304E+00 9.004491E+00 
1.633717E-01 4.445463E-03 3.549908E-01 1.811106E-01 -1.442346E+00 5.876086E-01 -1.237992E-01 9.755171E-01 2.881718E-02 8.530450E-04 4.001065E+00 9.124657E+00 
1.745341E-01 4.324597E-03 3.389066E-01 1.843129E-01 -1.507205E+00 5.820000E-01 -1.867584E-01 9.618343E-01 2.818622E-02 1.132639E-03 4.432324E+00 8.423388E+00 
1.897447E-01 4.529927E-03 3.427788E-01 1.802372E-01 -1.435824E+00 5.937210E-01 -1.833498E-01 9.102400E-01 2.649536E-02 7.858912E-04 4.266226E+00 9.167392E+00 
1.740282E-01 6.481288E-03 3.316321E-01 1.837775E-01 -1.380303E+00 5.855053E-01 -1.436663E-01 9.523552E-01 2.434213E-02 4.605538E-04 3.989299E+00 8.692940E+00 
1.724326E-01 4.975813E-03 3.158812E-01 1.829378E-01 -1.378328E+00 5.789212E-01 -1.156173E-01 9.651421E-01 2.759724E-02 7.001903E-04 4.256026E+00 8.651485E+00 
1.541495E-01 7.431397E-03 3.264190E-01 1.826444E-01 -1.382938E+00 4.431820E-01 -1.303239E-01 9.567524E-01 2.901727E-02 9.410605E-04 4.092701E+00 9.497955E+00 
1.688462E-01 4.793092E-03 3.235934E-01 1.822912E-01 -1.407333E+00 5.873194E-01 -1.152824E-01 9.407554E-01 2.935134E-02 7.327090E-04 4.173864E+00 8.218906E+00 
1.755885E-01 4.623583E-03 3.230829E-01 1.817693E-01 -1.379117E+00 5.874686E-01 -1.535004E-01 9.604015E-01 2.868070E-02 7.675089E-04 4.098974E+00 8.509937E+00 
1.681242E-01 6.830451E-03 3.090580E-01 1.816614E-01 -1.408502E+00 5.852201E-01 -1.614030E-01 1.022021E+00 2.850928E-02 8.749559E-04 4.196736E+00 8.440345E+00 
1.865915E-01 4.801139E-03 3.179100E-01 1.860345E-01 -1.432983E+00 5.809935E-01 -1.319551E-01 9.190766E-01 2.644290E-02 7.052321E-04 4.206544E+00 8.317455E+00 
1.840932E-01 8.632558E-03 3.383719E-01 1.765307E-01 -1.393419E+00 5.906662E-01 -1.455490E-01 9.623840E-01 2.525682E-02 2.726711E-04 4.331073E+00 8.791184E+00 
1.777406E-01 5.163933E-03 3.280374E-01 1.841864E-01 -1.443220E+00 5.874423E-01 -1.274748E-01 9.332379E-01 2.823952E-02 9.762731E-04 4.146087E+00 8.991782E+00 
1.741449E-01 4.209478E-03 3.337371E-01 1.842658E-01 -1.508661E+00 5.817648E-01 -1.223104E-01 9.760287E-01 2.711072E-02 2.225385E-04 3.949639E+00 9.401067E+00 
1.714196E-01 3.914874E-03 3.254438E-01 1.761467E-01 -1.334393E+00 5.855213E-01 -1.285358E-01 9.594809E-01 2.791756E-02 5.923581E-04 3.776230E+00 9.141108E+00 
1.627670E-01 4.551204E-03 3.281076E-01 1.831272E-01 -1.527996E+00 5.832086E-01 -1.565836E-01 9.339296E-01 2.740048E-02 9.371541E-04 4.201867E+00 8.528915E+00 
1.893498E-01 5.573146E-03 3.359743E-01 1.779710E-01 -1.375012E+00 5.848365E-01 -1.479594E-01 9.209456E-01 2.833123E-02 4.770896E-04 3.883874E+00 7.268502E+00 
1.749490E-01 5.547632E-03 3.464401E-01 1.837156E-01 -1.373964E+00 5.990194E-01 -1.558066E-01 9.410635E-01 2.853845E-02 9.867899E-04 4.760290E+00 8.777018E+00 
1.827129E-01 1.160779E-03 3.279467E-01 1.833949E-01 -1.409354E+00 5.723806E-01 -1.606692E-01 9.608156E-01 2.609224E-02 0.000000E+00 4.017643E+00 9.259057E+00 
1.857773E-01 5.320435E-03 3.270319E-01 1.816435E-01 -1.528794E+00 5.847751E-01 -1.290734E-01 9.683827E-01 2.644235E-02 6.729321E-04 4.383823E+00 8.552376E+00 
1.941570E-01 1.141422E-02 3.253549E-01 1.901852E-01 -1.214668E+00 5.831078E-01 -1.281156E-01 9.495933E-01 2.831729E-02 1.621485E-04 4.474050E+00 8.382134E+00 
1.693651E-01 2.960800E-03 3.092581E-01 1.819455E-01 -1.296506E+00 5.833287E-01 -1.548256E-01 9.535443E-01 2.866667E-02 7.822828E-04 3.637560E+00 8.756910E+00 
1.733650E-01 3.383209E-03 3.250042E-01 1.830482E-01 -1.391847E+00 5.912624E-01 -1.395692E-01 9.529933E-01 2.849386E-02 1.155211E-03 4.336740E+00 8.801457E+00 
1.771481E-01 5.101201E-03 3.432178E-01 1.828287E-01 -1.284401E+00 5.804135E-01 -1.102281E-01 1.019667E+00 2.946904E-02 1.234948E-03 4.017146E+00 8.651459E+00 
1.623402E-01 5.718154E-03 3.461174E-01 1.815073E-01 -1.473993E+00 5.912537E-01 -1.198359E-01 9.587017E-01 2.921270E-02 1.863074E-03 4.164854E+00 9.253356E+00 
1.750894E-01 5.274741E-03 3.285724E-01 1.778582E-01 -1.300537E+00 5.795989E-01 -1.930102E-01 9.476185E-01 2.652641E-02 5.822889E-04 4.089669E+00 8.758052E+00 
1.694039E-01 6.378514E-03 3.402959E-01 1.805717E-01 -1.295317E+00 5.989430E-01 -1.465718E-01 9.190255E-01 2.907483E-02 8.730128E-04 3.813528E+00 8.519964E+00 
1.687861E-01 4.853932E-03 3.167058E-01 1.861755E-01 -1.451186E+00 5.760531E-01 -1.139189E-01 9.245053E-01 2.762259E-02 6.989591E-04 3.943690E+00 8.997668E+00 
1.751982E-01 4.539642E-03 3.277872E-01 1.815190E-01 -1.380237E+00 5.838071E-01 -1.176755E-01 9.559118E-01 2.737563E-02 8.248167E-04 4.002062E+00 9.780565E+00 
1.578524E-01 9.061935E-03 3.276093E-01 1.824145E-01 -1.397924E+00 5.755616E-01 -1.264157E-01 9.844862E-01 2.842736E-02 8.732976E-04 4.091440E+00 8.646551E+00 
1.796981E-01 3.889889E-03 3.228588E-01 1.873702E-01 -1.356838E+00 5.924275E-01 -1.275187E-01 9.559074E-01 2.778906E-02 5.687045E-04 4.223561E+00 8.808388E+00 
1.766142E-01 7.843148E-03 3.323834E-01 1.826185E-01 -1.325141E+00 5.929702E-01 -1.591057E-01 9.255182E-01 2.845380E-02 4.595341E-04 4.307444E+00 8.368520E+00 
1.829916E-01 4.690659E-03 3.390846E-01 1.810258E-01 -1.320990E+00 5.828617E-01 -1.603949E-01 9.103222E-01 2.645390E-02 1.498977E-03 4.106028E+00 8.196135E+00 
1.574596E-01 4.413817E-03 3.304423E-01 1.835937E-01 -1.433967E+00 5.816327E-01 -1.299726E-01 9.900475E-01 2.744831E-02 2.518679E-04 4.194562E+00 8.551336E+00 
1.748445E-01 5.650736E-03 3.327982E-01 1.795727E-01 -1.302715E+00 5.865846E-01 -1.632593E-01 9.329482E-01 2.712949E-02 3.631291E-04 4.112902E+00 9.231440E+00 
1.779369E-01 5.191096E-03 3.253625E-01 1.813947E-01 -1.403836E+00 5.863928E-01 -1.435249E-01 9.562196E-01 2.755224E-02 6.862646E-04 4.442874E+00 8.691054E+00 
1.774145E-01 4.528425E-03 3.069143E-01 1.848573E-01 -1.355817E+00 5.841602E-01 -1.387619E-01 1.009358E+00 2.851846E-02 1.173720E-03 4.268573E+00 8.884181E+00 
1.907261E-01 5.320631E-03 3.211587E-01 1.838251E-01 -1.332733E+00 5.889578E-01 -1.460752E-01 9.525593E-01 2.758732E-02 5.398657E-04 4.241089E+00 9.174392E+00 
1.642230E-01 7.048776E-03 3.398006E-01 1.790973E-01 -1.447381E+00 5.881202E-01 -1.738539E-01 9.282342E-01 2.698069E-02 9.391434E-04 4.056728E+00 8.092432E+00 
1.681291E-01 4.145982E-03 3.306889E-01 1.855791E-01 -1.490315E+00 5.930089E-01 -1.210349E-01 9.658120E-01 2.804474E-02 1.167428E-03 4.140580E+00 8.956842E+00 
1.647532E-01 5.574332E-03 3.244721E-01 1.838040E-01 -1.490223E+00 5.955231E-01 -1.416879E-01 8.559707E-01 2.718475E-02 8.876246E-04 3.984870E+00 8.699750E+00 
1.932612E-01 4.666283E-03 3.370229E-01 1.767352E-01 -1.438353E+00 5.864733E-01 -1.828105E-01 9.412074E-01 2.932998E-02 4.512264E-04 4.069588E+00 8.418414E+00 
1.622203E-01 5.339139E-03 3.439710E-01 1.856329E-01 -1.408273E+00 5.883632E-01 -1.417172E-01 9.687868E-01 2.757585E-02 1.305089E-03 4.006846E+00 8.691849E+00 
1.623065E-01 2.401217E-02 3.281133E-01 1.888472E-01 -1.369615E+00 5.757866E-01 -9.764604E-02 8.236543E-01 2.850945E-02 2.262950E-03 4.004869E+00 8.702936E+00 
1.917405E-01 3.161227E-03 3.390928E-01 1.791109E-01 -1.375966E+00 5.925026E-01 -1.854129E-01 9.683865E-01 2.838237E-02 1.197644E-03 4.232247E+00 8.993681E+00 
1.726974E-01 3.923093E-03 3.292839E-01 1.841414E-01 -1.413055E+00 5.887941E-01 -1.426075E-01 9.830498E-01 2.768021E-02 1.109906E-03 4.099650E+00 8.652949E+00 
1.714467E-01 3.652048E-03 3.315365E-01 1.833386E-01 -1.481154E+00 5.808566E-01 -1.283453E-01 9.625112E-01 2.810780E-02 1.345087E-04 4.224742E+00 9.004605E+00 
1.735269E-01 4.583111E-03 3.329249E-01 1.836208E-01 -1.366273E+00 5.847977E-01 -1.691247E-01 9.777870E-01 2.771060E-02 9.921528E-04 4.286884E+00 8.405199E+00 
1.815695E-01 4.741897E-03 3.215714E-01 1.845506E-01 -1.376331E+00 5.824637E-01 -1.361750E-01 9.447093E-01 2.914619E-02 5.295068E-04 4.203426E+00 8.890670E+00 
1.697711E-01 3.014544E-03 3.304392E-01 1.820868E-01 -1.360638E+00 5.840467E-01 -1.360540E-01 9.559747E-01 2.803298E-02 1.788620E-04 3.898007E+00 9.183050E+00 
1.707191E-01 2.957634E-03 3.230945E-01 1.835492E-01 -1.402349E+00 5.937523E-01 -1.476308E-01 9.489482E-01 2.775793E-02 1.002253E-03 4.446130E+00 9.243517E+00 
1.807913E-01 6.923511E-03 3.258883E-01 1.875295E-01 -1.426877E+00 5.968813E-01 -1.539125E-01 9.377514E-01 2.779916E-02 1.114275E-03 4.733865E+00 9.408627E+00 
1.538834E-01 9.212773E-03 3.574680E-01 1.792109E-01 -1.321252E+00 5.776028E-01 -1.364129E-01 1.012107E+00 2.849360E-02 2.679288E-03 4.502787E+00 9.140363E+00 
1.641153E-01 4.150019E-03 3.386435E-01 1.861952E-01 -1.488707E+00 5.315816E-01 -1.329774E-01 9.544473E-01 2.782101E-02 8.830281E-04 3.983072E+00 7.580609E+00 
1.666253E-01 4.214927E-03 3.341570E-01 1.847253E-01 -1.380690E+00 5.823860E-01 -1.332180E-01 9.359779E-01 2.768912E-02 4.668748E-04 4.226077E+00 9.456214E+00 
1.723043E-01 5.404013E-03 3.113401E-01 1.834261E-01 -1.428396E+00 5.824662E-01 -1.354499E-01 9.719203E-01 2.811370E-02 7.031653E-04 4.020690E+00 8.582748E+00 
1.709607E-01 6.565944E-03 3.196503E-01 1.808850E-01 -1.416344E+00 5.821906E-01 -1.519011E-01 8.980797E-01 3.007760E-02 8.967035E-04 3.965790E+00 8.675733E+00 
1.722508E-01 4.853738E-03 3.361145E-01 1.902441E-01 -1.503420E+00 5.905676E-01 -1.618950E-01 8.947548E-01 2.707246E-02 3.687238E-04 4.113772E+00 9.083404E+00 
1.790335E-01 3.182909E-03 3.266026E-01 1.834060E-01 -1.425562E+00 5.891024E-01 -1.222788E-01 9.434213E-01 2.668127E-02 3.556245E-04 4.150117E+00 8.720921E+00 
1.764905E-01 3.360349E-03 3.298452E-01 1.826411E-01 -1.431921E+00 5.866550E-01 -1.350880E-01 8.639862E-01 2.578166E-02 7.112240E-04 3.863981E+00 9.090140E+00 
1.797428E-01 4.253026E-03 3.267518E-01 1.815025E-01 -1.434969E+00 5.934429E-01 -1.317476E-01 9.874167E-01 2.668010E-02 4.616544E-04 4.313456E+00 8.839586E+00 
1.713240E-01 4.601512E-03 3.115759E-01 1.804173E-01 -1.378144E+00 5.828425E-01 -1.286471E-01 9.857192E-01 2.749066E-02 1.504113E-03 4.068200E+00 8.642899E+00 
1.713521E-01 6.665811E-03 3.369440E-01 1.798473E-01 -1.582873E+00 5.477435E-01 -1.293218E-01 9.508384E-01 2.617980E-02 2.324392E-04 4.224312E+00 8.884346E+00 
1.715441E-01 3.917343E-03 3.364111E-01 1.819031E-01 -1.429397E+00 5.848273E-01 -1.830232E-01 1.002703E+00 2.831992E-02 8.746965E-04 3.927943E+00 8.765910E+00 
1.699099E-01 4.809639E-03 3.567798E-01 1.824932E-01 -1.421104E+00 5.887955E-01 -1.805279E-01 9.035093E-01 2.663309E-02 1.002155E-03 4.330018E+00 9.062718E+00 
1.810606E-01 4.360881E-03 3.101823E-01 1.810111E-01 -1.414499E+00 5.852693E-01 -1.458510E-01 9.314520E-01 2.876916E-02 6.803363E-04 4.049843E+00 8.816200E+00 
1.822736E-01 4.940414E-03 3.268726E-01 1.828487E-01 -1.410975E+00 5.789780E-01 -1.781539E-01 9.464502E-01 2.825318E-02 9.440721E-04 4.066561E+00 8.334609E+00 
1.797775E-01 6.532660E-03 3.361426E-01 1.861802E-01 -1.478704E+00 5.872840E-01 -1.602516E-01 9.300972E-01 2.659007E-02 3.023571E-04 3.591196E+00 8.239700E+00 
1.909176E-01 5.642916E-03 3.254341E-01 1.865878E-01 -1.440840E+00 5.883174E-01 -1.532162E-01 9.054693E-01 2.814277E-02 1.775988E-04 4.146044E+00 8.687175E+00 
1.543445E-01 5.894740E-03 3.223524E-01 1.870876E-01 -1.401372E+00 5.811541E-01 -1.348587E-01 9.703470E-01 2.817864E-02 7.314654E-04 3.947236E+00 8.359001E+00 
1.562524E-01 5.089731E-03 3.251703E-01 1.809818E-01 -1.450129E+00 5.613217E-01 -8.984393E-02 9.294544E-01 2.939352E-02 1.174346E-03 4.142591E+00 8.874485E+00 
1.754084E-01 4.692412E-03 3.164938E-01 1.820831E-01 -1.471175E+00 5.814986E-01 -1.209618E-01 9.487700E-01 2.645687E-02 9.660831E-04 4.000595E+00 8.510244E+00 
1.691797E-01 4.599408E-03 3.145385E-01 1.821432E-01 -1.381094E+00 5.739995E-01 -1.239544E-01 9.802713E-01 2.879499E-02 9.833306E-04 4.103303E+00 8.477845E+00 
1.774480E-01 3.919589E-03 3.378658E-01 1.861697E-01 -1.397470E+00 5.815541E-01 -1.479924E-01 9.598848E-01 2.787222E-02 9.771939E-04 3.797463E+00 8.463176E+00 
1.735438E-01 4.589637E-03 3.172381E-01 1.857245E-01 -1.365783E+00 5.841771E-01 -1.515746E-01 9.597226E-01 2.838665E-02 1.195132E-03 4.007815E+00 8.590852E+00 
1.607916E-01 8.625831E-03 3.358685E-01 1.819000E-01 -1.464074E+00 5.937689E-01 -1.818313E-01 9.203310E-01 3.037220E-02 1.085168E-03 4.283329E+00 8.515724E+00 
1.648250E-01 4.647731E-03 3.375683E-01 1.850501E-01 -1.476579E+00 5.923668E-01 -1.629520E-01 9.051142E-01 2.740216E-02 7.966769E-04 4.178744E+00 9.032808E+00 
1.752399E-01 4.875341E-03 3.235260E-01 1.841107E-01 -1.412972E+00 5.969482E-01 -1.373873E-01 9.701933E-01 2.634909E-02 2.906739E-04 4.397602E+00 8.767629E+00 
1.868433E-01 5.264209E-03 3.229965E-01 1.836230E-01 -1.324635E+00 5.843636E-01 -1.555075E-01 9.326590E-01 2.948449E-02 9.527321E-04 3.738212E+00 9.351876E+00 
1.657007E-01 6.544324E-03 3.370369E-01 1.787281E-01 -1.349993E+00 5.896814E-01 -1.661384E-01 9.671359E-01 2.703141E-02 6.313272E-04 4.267770E+00 8.714283E+00 
1.683813E-01 4.587745E-03 3.212129E-01 1.849086E-01 -1.355898E+00 5.801224E-01 -1.254922E-01 9.646545E-01 2.665310E-02 6.927524E-04 4.118443E+00 8.550675E+00 
1.719103E-01 4.513459E-03 3.366968E-01 1.807246E-01 -1.433602E+00 5.514407E-01 -1.578682E-01 9.584910E-01 2.752664E-02 5.680836E-04 4.252860E+00 8.882558E+00 
1.831768E-01 5.282381E-03 3.287793E-01 1.818393E-01 -1.365308E+00 5.845003E-01 -1.585780E-01 8.873296E-01 2.736218E-02 5.111029E-04 3.791524E+00 8.489680E+00 
1.726388E-01 4.315948E-03 3.337110E-01 1.853740E-01 -1.554506E+00 5.859983E-01 -1.278799E-01 9.528744E-01 2.412980E-02 5.116517E-04 4.350306E+00 8.772972E+00 
1.728648E-01 4.986232E-03 3.353818E-01 1.821385E-01 -1.550994E+00 5.791721E-01 -1.375912E-01 9.173122E-01 2.789669E-02 6.696378E-04 4.203099E+00 9.172479E+00 
1.814850E-01 4.714352E-03 3.105682E-01 1.814772E-01 -1.332034E+00 5.794370E-01 -1.194733E-01 9.523406E-01 2.845662E-02 1.143117E-03 3.448820E+00 8.208342E+00 
1.781964E-01 4.428892E-03 3.277457E-01 1.811323E-01 -1.377514E+00 5.947544E-01 -1.334349E-01 9.482322E-01 2.723884E-02 8.649958E-04 3.567192E+00 8.739607E+00 
1.755301E-01 4.804704E-03 3.250169E-01 1.844017E-01 -1.455696E+00 5.829933E-01 -1.495333E-01 9.506371E-01 2.722862E-02 6.548409E-04 4.292179E+00 8.338985E+00 
1.800857E-01 4.141988E-03 3.350718E-01 1.843894E-01 -1.398280E+00 5.900263E-01 -1.315651E-01 9.995248E-01 2.779729E-02 1.249842E-03 4.170897E+00 9.690633E+00 
1.764904E-01 4.430410E-03 3.397805E-01 1.832412E-01 -1.404870E+00 5.910465E-01 -1.554344E-01 9.637955E-01 2.537458E-02 1.186764E-03 4.104939E+00 8.671822E+00 
1.698935E-01 6.701947E-03 3.296200E-01 1.841948E-01 -1.456048E+00 5.892590E-01 -1.256924E-01 9.773391E-01 2.873328E-02 6.160428E-04 3.605424E+00 9.423937E+00 
1.771071E-01 4.845366E-03 3.493741E-01 1.845283E-01 -1.387151E+00 5.905115E-01 -1.534031E-01 9.273576E-01 2.750698E-02 7.551263E-04 3.999126E+00 8.606612E+00 
1.950409E-01 3.668918E-03 3.243237E-01 1.817820E-01 -1.405385E+00 5.870941E-01 -1.522628E-01 9.577527E-01 2.766627E-02 2.385946E-04 4.054878E+00 7.925533E+00 
1.808082E-01 5.249214E-03 3.125770E-01 1.830586E-01 -1.521445E+00 5.766309E-01 -1.564717E-01 8.371380E-01 2.796047E-02 1.153695E-03 4.222360E+00 9.141722E+00 
1.877721E-01 6.965124E-03 3.156455E-01 1.817364E-01 -1.374543E+00 5.825634E-01 -1.506135E-01 9.565486E-01 2.872650E-02 7.037857E-04 4.126263E+00 8.751083E+00 
1.841275E-01 3.836495E-03 3.305143E-01 1.852395E-01 -1.317757E+00 5.918344E-01 -1.325458E-01 9.364974E-01 2.864145E-02 1.117320E-03 4.388057E+00 9.276034E+00 
1.831303E-01 5.485291E-03 3.343111E-01 1.839738E-01 -1.502784E+00 5.928197E-01 -1.922596E-01 9.473523E-01 2.828159E-02 1.298599E-03 4.363253E+00 8.528369E+00 
1.605308E-01 4.636307E-03 3.259196E-01 1.772650E-01 -1.424572E+00 5.749944E-01 -1.307646E-01 9.626166E-01 2.999216E-02 4.619988E-04 4.239359E+00 8.602614E+00 
1.768908E-01 4.925526E-03 3.411186E-01 1.820192E-01 -1.414554E+00 5.923437E-01 -1.483661E-01 9.497456E-01 2.733902E-02 8.169065E-04 4.485852E+00 8.771384E+00 
1.739416E-01 4.349431E-03 3.358699E-01 1.830872E-01 -1.472074E+00 5.885923E-01 -1.442352E-01 9.533323E-01 2.741663E-02 1.196259E-03 4.181375E+00 9.011613E+00 
1.815793E-01 4.083357E-03 3.309381E-01 1.872620E-01 -1.344984E+00 5.926162E-01 -1.522923E-01 9.698944E-01 2.782194E-02 1.006902E-03 3.634113E+00 8.628982E+00 
1.513200E-01 5.800509E-03 3.441131E-01 1.849687E-01 -1.313794E+00 5.925741E-01 -1.354113E-01 9.655146E-01 2.706920E-02 1.071439E-03 3.874549E+00 8.068906E+00 
1.691490E-01 5.138605E-03 3.042817E-01 1.781804E-01 -1.353443E+00 5.821871E-01 -1.435636E-01 9.628686E-01 3.018496E-02 7.616557E-04 4.327785E+00 9.694174E+00 
1.579008E-01 6.160043E-03 3.214079E-01 1.819931E-01 -1.467021E+00 5.873556E-01 -1.923623E-01 9.479660E-01 2.927733E-02 1.036514E-03 3.887825E+00 8.508616E+00 
1.725558E-01 1.108711E-02 3.487382E-01 1.829164E-01 -1.460243E+00 5.881241E-01 -1.573997E-01 9.120308E-01 2.777691E-02 6.891385E-04 4.399199E+00 8.723504E+00 
1.802940E-01 3.948762E-03 3.312183E-01 1.812027E-01 -1.400547E+00 5.949549E-01 -1.521606E-01 9.393167E-01 2.699172E-02 8.453306E-04 4.012164E+00 8.775424E+00 
1.819733E-01 5.567053E-03 3.290906E-01 1.810017E-01 -1.439420E+00 6.000000E-01 -1.400659E-01 9.482775E-01 2.957026E-02 8.400615E-04 3.899848E+00 8.467967E+00 
1.611667E-01 8.780966E-03 3.328356E-01 1.802852E-01 -1.449078E+00 5.875457E-01 -1.604802E-01 9.471024E-01 2.728379E-02 0.000000E+00 4.259465E+00 8.501896E+00 
1.647212E-01 6.912420E-03 3.418336E-01 1.803606E-01 -1.498111E+00 5.938336E-01 -1.867399E-01 9.406958E-01 2.717335E-02 5.387273E-04 4.207498E+00 8.946338E+00 
1.659352E-01 4.451444E-03 3.153020E-01 1.838779E-01 -1.339250E+00 5.860340E-01 -1.362906E-01 9.972066E-01 2.752088E-02 6.352990E-04 3.822515E+00 8.585872E+00 
1.695481E-01 6.375214E-03 3.356705E-01 1.804362E-01 -1.356385E+00 5.890708E-01 -2.000000E-01 9.335460E-01 2.775612E-02 3.689713E-04 4.109697E+00 7.888116E+00 
1.729157E-01 6.526197E-03 3.312109E-01 1.824016E-01 -1.379902E+00 5.881792E-01 -1.410165E-01 9.623319E-01 2.565890E-02 4.823157E-04 4.203277E+00 8.924963E+00 
1.785062E-01 4.897174E-03 3.498253E-01 1.804457E-01 -1.373150E+00 5.856828E-01 -1.591613E-01 9.381414E-01 3.108234E-02 8.554846E-04 4.347541E+00 8.479878E+00 
1.739250E-01 5.654671E-03 3.279959E-01 1.831683E-01 -1.425679E+00 5.778298E-01 -1.341627E-01 9.606905E-01 2.709440E-02 5.162104E-05 3.902616E+00 8.817124E+00 
1.697347E-01 4.112322E-03 3.621246E-01 1.803238E-01 -1.355842E+00 6.000000E-01 -1.457526E-01 9.317002E-01 2.701605E-02 1.006318E-03 3.918416E+00 9.070517E+00 
1.726450E-01 4.858593E-03 3.272332E-01 1.811727E-01 -1.327412E+00 5.887036E-01 -1.422744E-01 9.749370E-01 2.666944E-02 7.527376E-04 3.473930E+00 9.276123E+00 
1.662581E-01 4.741834E-03 3.553745E-01 1.843155E-01 -1.454754E+00 5.955261E-01 -1.561272E-01 8.630037E-01 2.806322E-02 8.546918E-04 4.088646E+00 8.115235E+00 
1.747548E-01 3.913212E-03 3.300706E-01 1.812099E-01 -1.370505E+00 5.781556E-01 -1.402141E-01 9.469518E-01 2.801948E-02 4.893415E-04 4.017661E+00 9.375824E+00 
1.782710E-01 9.523562E-04 3.392897E-01 1.823323E-01 -1.333393E+00 5.772478E-01 -1.200216E-01 9.370188E-01 2.945229E-02 3.931933E-04 3.993956E+00 8.937445E+00 
1.651471E-01 3.805670E-03 3.105934E-01 1.811308E-01 -1.385596E+00 5.799038E-01 -1.081186E-01 9.622953E-01 2.884028E-02 8.511572E-04 4.099418E+00 8.334796E+00 
1.979866E-01 7.047608E-03 3.518289E-01 1.765033E-01 -1.428081E+00 5.842248E-01 -1.839629E-01 9.154179E-01 2.909254E-02 6.432950E-04 4.231975E+00 8.501037E+00 
1.817006E-01 5.537152E-03 3.345882E-01 1.856793E-01 -1.332101E+00 5.918518E-01 -1.405500E-01 9.770092E-01 2.893636E-02 4.086350E-04 4.138207E+00 8.446330E+00 
1.674958E-01 3.328118E-03 3.132199E-01 1.800869E-01 -1.388979E+00 5.848549E-01 -1.760181E-01 1.001310E+00 2.929485E-02 1.106745E-03 4.182411E+00 8.959958E+00 
1.751794E-01 7.149931E-03 3.429806E-01 1.833923E-01 -1.378300E+00 5.957015E-01 -1.684266E-01 9.753413E-01 2.808232E-02 9.248453E-05 4.063858E+00 8.665234E+00 
1.894009E-01 5.390444E-03 3.153363E-01 1.776095E-01 -1.392082E+00 5.789964E-01 -1.572314E-01 9.161869E-01 2.833957E-02 9.807492E-04 4.040284E+00 8.856358E+00 
1.761951E-01 3.093683E-03 3.147265E-01 1.809450E-01 -1.365118E+00 5.884411E-01 -1.563964E-01 9.637591E-01 2.809141E-02 4.720244E-04 4.081830E+00 8.307916E+00 
1.796535E-01 5.948282E-03 3.430914E-01 1.876866E-01 -1.423951E+00 5.656690E-01 -1.661002E-01 9.899078E-01 2.835756E-02 2.636214E-04 4.077543E+00 7.954908E+00 
1.656347E-01 1.539239E-02 3.135493E-01 1.820294E-01 -1.286990E+00 5.940932E-01 -1.462169E-01 1.027539E+00 2.945489E-02 3.429815E-04 3.983902E+00 8.607811E+00 
1.775939E-01 3.758137E-03 3.486992E-01 1.819996E-01 -1.354666E+00 5.888887E-01 -1.382324E-01 8.907992E-01 2.776014E-02 1.139192E-03 4.212410E+00 8.962608E+00 
1.852689E-01 4.124900E-03 3.435793E-01 1.808989E-01 -1.388852E+00 5.914235E-01 -1.088338E-01 9.525450E-01 2.913624E-02 2.770548E-03 3.501658E+00 9.615491E+00 
1.689178E-01 6.598402E-03 2.982619E-01 1.798629E-01 -1.439252E+00 5.886800E-01 -1.731855E-01 9.119655E-01 2.677349E-02 5.991558E-04 3.883664E+00 8.784542E+00 
1.767045E-01 4.402894E-03 3.347318E-01 1.771436E-01 -1.404974E+00 5.736064E-01 -1.515582E-01 9.833345E-01 2.583668E-02 9.500187E-04 4.212265E+00 9.109017E+00 
1.768622E-01 4.765110E-03 3.263376E-01 1.809488E-01 -1.416025E+00 5.939730E-01 -1.639653E-01 9.611601E-01 2.846116E-02 7.477074E-04 4.261287E+00 9.001389E+00 
1.813262E-01 7.042432E-03 3.385277E-01 1.850491E-01 -1.392334E+00 5.705618E-01 -2.000000E-01 9.488196E-01 2.754325E-02 7.927108E-04 3.696168E+00 9.238723E+00 
1.514415E-01 3.776475E-03 3.224605E-01 1.827395E-01 -1.396224E+00 5.934216E-01 -1.432049E-01 9.589672E-01 2.640401E-02 1.068817E-03 3.696281E+00 8.976380E+00 
1.836865E-01 5.535778E-03 3.260666E-01 1.774054E-01 -1.398412E+00 5.912407E-01 -1.351356E-01 9.597485E-01 2.810623E-02 4.948090E-04 4.246089E+00 8.737412E+00 
1.739231E-01 5.956735E-03 3.241334E-01 1.835761E-01 -1.387030E+00 5.874581E-01 -1.345424E-01 9.711086E-01 2.752115E-02 5.277560E-04 3.834641E+00 8.542423E+00 
1.781402E-01 4.452163E-03 3.303072E-01 1.825262E-01 -1.283159E+00 5.901176E-01 -1.453710E-01 9.636191E-01 3.216904E-02 1.037613E-03 3.676068E+00 7.926525E+00 
1.763420E-01 4.425210E-03 3.407219E-01 1.823012E-01 -1.355313E+00 5.833780E-01 -1.703847E-01 9.630007E-01 2.855620E-02 7.152437E-04 4.087274E+00 8.676930E+00 
1.855758E-01 5.154104E-03 3.039507E-01 1.811859E-01 -1.404876E+00 5.822081E-01 -1.472431E-01 9.332878E-01 2.808308E-02 6.922308E-04 4.113866E+00 8.996212E+00 
1.778222E-01 5.056912E-03 3.088313E-01 1.800366E-01 -1.372336E+00 5.852856E-01 -1.424497E-01 9.139246E-01 2.677777E-02 6.508142E-04 4.140212E+00 8.639619E+00 
1.682534E-01 4.681974E-03 3.219801E-01 1.835276E-01 -1.415012E+00 5.766063E-01 -1.360552E-01 9.364518E-01 2.924396E-02 3.035932E-04 3.660109E+00 8.858635E+00 
1.603859E-01 5.547350E-03 3.417683E-01 1.819604E-01 -1.402390E+00 5.867103E-01 -1.544096E-01 9.143057E-01 2.755766E-02 1.300387E-03 4.173959E+00 8.614137E+00 
1.855704E-01 4.181755E-03 3.460497E-01 1.824383E-01 -1.415638E+00 5.875981E-01 -1.425858E-01 9.614417E-01 2.876358E-02 3.113654E-04 4.065261E+00 9.593311E+00 
1.803921E-01 3.450046E-03 3.319600E-01 1.795941E-01 -1.421282E+00 5.876069E-01 -1.321086E-01 9.708408E-01 2.691619E-02 6.461298E-04 4.073699E+00 9.033129E+00 
1.768233E-01 3.683164E-03 3.475032E-01 1.847654E-01 -1.354923E+00 5.878954E-01 -1.509081E-01 9.142584E-01 2.676476E-02 3.919686E-04 4.313422E+00 8.440379E+00 
1.767467E-01 5.195092E-03 3.576948E-01 1.826103E-01 -1.420169E+00 5.873022E-01 -1.792602E-01 9.364895E-01 2.528322E-02 9.041131E-04 3.863719E+00 8.742765E+00 
1.696975E-01 4.450117E-03 3.330144E-01 1.853988E-01 -1.494836E+00 5.886984E-01 -1.735415E-01 9.419581E-01 2.698580E-02 1.116233E-03 4.013070E+00 8.754557E+00 
1.768684E-01 7.199082E-03 3.411588E-01 1.756848E-01 -1.359273E+00 5.753707E-01 -1.156936E-01 9.310563E-01 2.700442E-02 6.676151E-04 4.376276E+00 8.628540E+00 
1.647743E-01 5.873863E-03 3.551628E-01 1.789522E-01 -1.286584E+00 5.939143E-01 -1.448489E-01 9.858114E-01 3.106291E-02 5.200213E-04 3.992070E+00 9.822804E+00 
1.695253E-01 4.952925E-03 3.257855E-01 1.826536E-01 -1.378816E+00 5.772708E-01 -1.460312E-01 9.237033E-01 2.699724E-02 4.288711E-04 3.877602E+00 8.030914E+00 
1.875150E-01 6.317862E-03 3.366582E-01 1.793704E-01 -1.411041E+00 5.997526E-01 -1.029210E-01 9.657029E-01 2.625935E-02 3.522325E-04 3.883020E+00 7.944456E+00 
1.723246E-01 5.545006E-03 3.165344E-01 1.861975E-01 -1.359877E+00 5.821607E-01 -1.099747E-01 9.716368E-01 2.750903E-02 7.062485E-04 3.967697E+00 9.048057E+00 
1.758581E-01 5.031976E-03 3.346672E-01 1.838967E-01 -1.457238E+00 5.677422E-01 -1.250315E-01 9.217201E-01 2.647833E-02 1.590542E-03 4.176888E+00 8.304162E+00 
1.810655E-01 4.638340E-03 3.432078E-01 1.759800E-01 -1.462271E+00 5.765707E-01 -1.444262E-01 9.505429E-01 2.992971E-02 9.006309E-04 3.672050E+00 9.352789E+00 
1.773842E-01 4.994428E-03 3.375882E-01 1.817815E-01 -1.389662E+00 5.893707E-01 -1.600709E-01 9.664080E-01 2.525966E-02 1.313285E-03 4.252466E+00 8.955555E+00 
1.828363E-01 7.888620E-03 3.544569E-01 1.818010E-01 -1.437689E+00 5.472112E-01 -1.905159E-01 9.501773E-01 2.793677E-02 1.362140E-03 4.002790E+00 9.304335E+00 
1.661448E-01 4.837671E-03 3.142149E-01 1.795037E-01 -1.423170E+00 5.754208E-01 -1.146339E-01 9.276635E-01 2.783364E-02 6.700584E-04 4.138789E+00 8.889970E+00 
1.732839E-01 4.986893E-03 3.397216E-01 1.794224E-01 -1.384710E+00 5.969322E-01 -1.194533E-01 9.616402E-01 2.559130E-02 4.330914E-04 4.121293E+00 8.870878E+00 
1.750961E-01 6.084831E-03 3.407092E-01 1.798886E-01 -1.386596E+00 5.713526E-01 -1.653135E-01 9.062255E-01 2.901271E-02 2.791445E-04 3.789891E+00 7.896575E+00 
1.684680E-01 4.846926E-03 3.194019E-01 1.809694E-01 -1.429137E+00 5.902152E-01 -1.586407E-01 9.735428E-01 2.629799E-02 6.837129E-04 3.964625E+00 8.655472E+00 
1.714708E-01 8.317414E-03 3.487180E-01 1.873676E-01 -1.413172E+00 4.187352E-01 -1.192622E-01 8.624232E-01 3.049710E-02 7.875562E-04 4.242606E+00 9.757413E+00 
1.844368E-01 4.216516E-03 3.122601E-01 1.861793E-01 -1.403149E+00 5.829521E-01 -1.077628E-01 9.557137E-01 2.690777E-02 3.908026E-04 4.072816E+00 8.417274E+00 
1.874773E-01 5.351294E-03 3.392379E-01 1.803239E-01 -1.444841E+00 5.874901E-01 -1.677711E-01 9.412519E-01 2.692194E-02 7.723108E-04 4.126242E+00 8.630939E+00 
1.754423E-01 4.805592E-03 3.235035E-01 1.774191E-01 -1.408264E+00 5.868767E-01 -1.464442E-01 9.044687E-01 2.883473E-02 7.577585E-04 3.334207E+00 9.344375E+00 
1.853102E-01 5.206242E-03 3.267042E-01 1.827960E-01 -1.400355E+00 5.959758E-01 -1.490266E-01 9.715791E-01 2.940528E-02 5.288524E-04 4.090934E+00 8.856346E+00 
1.826045E-01 5.492989E-03 3.177803E-01 1.847708E-01 -1.405066E+00 5.868466E-01 -1.281807E-01 9.248785E-01 2.830693E-02 5.699408E-04 4.019486E+00 8.652223E+00 
7.362718E-02 9.476241E-03 3.618325E-01 1.747865E-01 -1.365713E+00 4.181536E-01 -1.176665E-01 9.342582E-02 2.920830E-02 3.036425E-03 3.565149E+00 1.181485E+01 
1.691113E-01 3.447333E-03 3.320319E-01 1.820136E-01 -1.338134E+00 5.850462E-01 -1.229622E-01 9.732942E-01 2.757502E-02 1.212606E-03 4.229742E+00 8.850615E+00 
1.469074E-01 6.645425E-03 3.272210E-01 1.830363E-01 -1.363691E+00 5.839867E-01 -1.455329E-01 9.975185E-01 2.785775E-02 0.000000E+00 4.117975E+00 8.061813E+00 
1.880994E-01 5.431213E-03 3.203832E-01 1.829262E-01 -1.377854E+00 5.887365E-01 -2.000000E-01 8.891281E-01 2.660460E-02 6.810609E-04 4.138157E+00 8.643690E+00 
1.703732E-01 5.147454E-03 3.318053E-01 1.875282E-01 -1.379342E+00 5.982015E-01 -1.596263E-01 9.637948E-01 3.148527E-02 1.096352E-03 3.929036E+00 8.796069E+00 
2.000000E-01 2.340400E-03 3.290614E-01 1.870624E-01 -1.317466E+00 5.809193E-01 -1.486225E-01 9.344446E-01 2.836944E-02 0.000000E+00 3.897975E+00 8.402232E+00 
1.823039E-01 4.347158E-03 3.321865E-01 1.810748E-01 -1.488087E+00 5.904654E-01 -1.362202E-01 9.585023E-01 2.670358E-02 1.318311E-03 4.071071E+00 8.455149E+00 
1.780836E-01 5.717190E-03 3.392365E-01 1.792946E-01 -1.352991E+00 5.750766E-01 -1.118081E-01 9.240092E-01 2.724979E-02 4.831012E-04 3.684991E+00 8.283896E+00 
1.831275E-01 1.612705E-03 3.329142E-01 1.808971E-01 -1.431143E+00 5.931455E-01 -1.557188E-01 9.440603E-01 2.761930E-02 1.173538E-03 4.352711E+00 8.790815E+00 
1.643018E-01 4.343040E-03 3.337714E-01 1.811643E-01 -1.387083E+00 5.868211E-01 -1.370121E-01 9.811704E-01 2.904656E-02 4.306827E-04 4.100325E+00 8.948687E+00 
1.961429E-01 4.901717E-03 3.604273E-01 1.698206E-01 -1.418548E+00 5.914291E-01 -1.578621E-01 9.288033E-01 2.830335E-02 4.476383E-04 4.248871E+00 8.860268E+00 
1.702300E-01 5.214950E-03 3.479803E-01 1.777836E-01 -1.410523E+00 5.815102E-01 -1.621883E-01 9.666571E-01 2.750610E-02 1.096581E-03 4.348006E+00 8.395380E+00 
1.750183E-01 4.658532E-03 3.300541E-01 1.775456E-01 -1.371183E+00 5.766461E-01 -1.294463E-01 9.383282E-01 2.821421E-02 1.221326E-03 3.987056E+00 8.860438E+00 
1.775525E-01 3.963898E-03 3.255902E-01 1.817128E-01 -1.360288E+00 5.873236E-01 -1.313756E-01 9.268085E-01 2.639365E-02 6.610910E-04 4.177361E+00 9.120453E+00 
1.803779E-01 4.209515E-03 3.359031E-01 1.845651E-01 -1.310360E+00 5.925048E-01 -1.488467E-01 9.601803E-01 2.912806E-02 9.512092E-04 4.144163E+00 8.426242E+00 
1.753010E-01 4.271918E-03 3.388563E-01 1.821630E-01 -1.497020E+00 5.839987E-01 -1.314096E-01 9.771951E-01 2.652101E-02 5.774561E-05 4.096211E+00 8.852178E+00 
1.696269E-01 4.421225E-03 3.314270E-01 1.762589E-01 -1.424295E+00 5.924383E-01 -1.590360E-01 9.542614E-01 2.855812E-02 1.178147E-03 4.263101E+00 8.261168E+00 
1.872430E-01 4.797866E-03 3.361351E-01 1.837241E-01 -1.445250E+00 5.881855E-01 -1.216279E-01 9.198426E-01 2.874819E-02 4.206811E-04 4.038714E+00 8.596653E+00 
1.761828E-01 5.130231E-03 3.108658E-01 1.837698E-01 -1.435879E+00 5.723336E-01 -1.516347E-01 9.764152E-01 2.754163E-02 7.116862E-04 4.039481E+00 8.944353E+00 
1.856140E-01 5.416163E-03 3.305649E-01 1.803250E-01 -1.447793E+00 5.782612E-01 -1.899442E-01 9.678700E-01 2.768593E-02 6.985022E-04 3.697072E+00 9.094055E+00 
1.757049E-01 5.251190E-03 3.264196E-01 1.823440E-01 -1.439327E+00 5.827719E-01 -1.281417E-01 9.031843E-01 2.804368E-02 5.271980E-04 4.096549E+00 8.517440E+00 
1.839515E-01 4.781410E-03 3.284758E-01 1.799355E-01 -1.408408E+00 5.918371E-01 -1.623614E-01 9.401677E-01 2.687358E-02 5.363918E-04 4.252935E+00 8.407426E+00 
1.699833E-01 4.812120E-03 3.134306E-01 1.837414E-01 -1.418332E+00 5.789109E-01 -1.102909E-01 9.260175E-01 2.842929E-02 6.242987E-04 4.057772E+00 8.393651E+00 
1.777378E-01 4.489830E-03 3.260501E-01 1.829995E-01 -1.452372E+00 5.784759E-01 -1.332064E-01 9.357805E-01 2.788763E-02 8.344409E-04 4.033472E+00 8.789571E+00 
1.668405E-01 3.002413E-03 3.236399E-01 1.809673E-01 -1.391707E+00 5.913228E-01 -1.302911E-01 9.741019E-01 2.780084E-02 6.598167E-04 4.292105E+00 8.590689E+00 
1.741196E-01 5.004911E-03 3.236458E-01 1.812101E-01 -1.367387E+00 5.851610E-01 -1.348106E-01 9.231984E-01 2.803159E-02 8.095302E-04 4.161430E+00 8.651096E+00 
1.843222E-01 4.772179E-03 3.462640E-01 1.832557E-01 -1.424474E+00 5.836429E-01 -1.312999E-01 9.431589E-01 2.751077E-02 6.796950E-04 4.248255E+00 8.856256E+00 
1.750007E-01 4.163106E-03 3.493915E-01 1.704480E-01 -1.461452E+00 5.734357E-01 -1.427834E-01 9.839519E-01 3.097316E-02 2.180822E-03 4.343997E+00 9.496061E+00 
1.617459E-01 5.580081E-03 3.150792E-01 1.822668E-01 -1.398912E+00 5.793175E-01 -1.544401E-01 1.012677E+00 2.735935E-02 7.100692E-04 4.189584E+00 8.779133E+00 
1.749148E-01 6.212470E-03 3.208048E-01 1.859225E-01 -1.363391E+00 5.937125E-01 -1.186167E-01 9.418959E-01 2.649525E-02 8.478371E-04 4.129881E+00 9.495752E+00 
1.669573E-01 6.696376E-03 3.158677E-01 1.830202E-01 -1.427933E+00 5.559130E-01 -1.580921E-01 9.798260E-01 2.662847E-02 5.015057E-04 4.184484E+00 8.681399E+00 
1.856808E-01 5.249094E-03 3.243617E-01 1.807395E-01 -1.353211E+00 5.868161E-01 -1.453897E-01 9.524364E-01 2.952606E-02 8.445894E-04 4.169943E+00 8.943570E+00 
1.657879E-01 8.149322E-03 3.417757E-01 1.805697E-01 -1.439833E+00 5.852874E-01 -1.593668E-01 9.342570E-01 2.798430E-02 6.651325E-04 4.270095E+00 8.845415E+00 
1.775702E-01 1.666048E-03 3.233386E-01 1.812739E-01 -1.387952E+00 5.853183E-01 -1.092134E-01 9.319905E-01 2.685521E-02 1.038496E-03 4.182402E+00 8.544630E+00 
1.690726E-01 7.255678E-03 3.215764E-01 1.860867E-01 -1.389738E+00 5.776442E-01 -8.595435E-02 9.782548E-01 2.828212E-02 7.620156E-04 4.106608E+00 8.458679E+00 
1.782923E-01 5.013736E-03 3.015119E-01 1.808934E-01 -1.456529E+00 5.929542E-01 -1.780363E-01 9.788203E-01 2.620284E-02 1.449219E-04 4.266529E+00 8.686661E+00 
1.717527E-01 6.224114E-03 3.091457E-01 1.800719E-01 -1.396315E+00 5.785138E-01 -1.434564E-01 9.502759E-01 2.688327E-02 1.372441E-03 3.904014E+00 8.120508E+00 
1.736446E-01 5.911376E-03 3.331560E-01 1.908065E-01 -1.389588E+00 5.829689E-01 -1.417718E-01 9.586036E-01 2.775043E-02 9.189983E-04 4.165612E+00 8.647204E+00 
1.769171E-01 3.187022E-03 3.250905E-01 1.827911E-01 -1.349345E+00 5.862637E-01 -1.179402E-01 1.008676E+00 2.799625E-02 4.594256E-04 3.716712E+00 8.460166E+00 
1.756423E-01 5.177873E-03 3.398340E-01 1.847686E-01 -1.349499E+00 5.417955E-01 -1.368804E-01 9.183715E-01 2.803467E-02 9.137638E-04 4.262319E+00 9.112350E+00 
1.807619E-01 4.310538E-03 3.311527E-01 1.880292E-01 -1.349914E+00 5.793883E-01 -1.289871E-01 9.284257E-01 3.114998E-02 6.943036E-04 4.158425E+00 9.016609E+00 
1.779153E-01 5.334010E-03 3.013138E-01 1.849116E-01 -1.395797E+00 5.883774E-01 -1.507123E-01 9.369802E-01 2.845513E-02 1.138551E-03 3.977624E+00 8.715507E+00 
1.872566E-01 4.289941E-03 3.377340E-01 1.776354E-01 -1.379534E+00 5.913035E-01 -1.806229E-01 9.838423E-01 2.616912E-02 1.011063E-03 3.887794E+00 8.443996E+00 
1.855600E-01 5.313767E-03 3.533838E-01 1.862982E-01 -1.419046E+00 5.839919E-01 -1.403158E-01 9.674052E-01 2.699353E-02 9.066978E-04 3.856481E+00 8.657687E+00 
1.932969E-01 7.178210E-03 3.464251E-01 1.914282E-01 -1.492518E+00 6.000000E-01 -1.837950E-01 9.497860E-01 3.048396E-02 1.277004E-03 4.355147E+00 8.403421E+00 
1.763655E-01 3.045788E-03 3.289591E-01 1.837901E-01 -1.441303E+00 5.732701E-01 -1.195589E-01 1.000516E+00 2.783607E-02 1.302502E-04 3.802382E+00 8.315012E+00 
1.734113E-01 4.309900E-03 3.526801E-01 1.813784E-01 -1.439077E+00 5.875082E-01 -1.803457E-01 9.677028E-01 2.693688E-02 1.164494E-03 4.309544E+00 9.208597E+00 
1.813661E-01 4.839838E-03 3.363765E-01 1.857208E-01 -1.394846E+00 5.841573E-01 -1.439044E-01 8.826351E-01 2.456255E-02 1.683557E-03 4.046476E+00 8.500077E+00 
1.744013E-01 4.878783E-03 3.283402E-01 1.852966E-01 -1.318086E+00 6.000000E-01 -1.327275E-01 9.636490E-01 2.846468E-02 9.445760E-04 3.967987E+00 8.720184E+00 
1.744603E-01 5.260640E-03 3.304359E-01 1.831496E-01 -1.345955E+00 5.829698E-01 -1.407314E-01 9.130633E-01 2.663084E-02 9.505779E-04 4.295643E+00 8.698008E+00 
1.938492E-01 3.348057E-03 3.108187E-01 1.835248E-01 -1.397427E+00 5.874297E-01 -1.597269E-01 9.889253E-01 2.441293E-02 9.662011E-05 4.177805E+00 8.497496E+00 
1.643403E-01 6.234767E-03 3.684931E-01 1.783869E-01 -1.489973E+00 5.955542E-01 -1.172017E-01 9.454790E-01 2.956099E-02 1.405239E-03 3.893015E+00 8.767185E+00 
1.801661E-01 4.081533E-03 3.241527E-01 1.822107E-01 -1.406211E+00 5.778466E-01 -1.201665E-01 9.550479E-01 2.946511E-02 1.183180E-03 4.141073E+00 8.329787E+00 
1.773190E-01 4.722185E-03 3.446921E-01 1.804044E-01 -1.435386E+00 5.877121E-01 -1.421784E-01 9.340692E-01 2.673688E-02 6.165667E-04 4.229373E+00 8.542124E+00 
1.836931E-01 4.247843E-03 3.143425E-01 1.849000E-01 -1.473942E+00 5.930098E-01 -1.350831E-01 9.569989E-01 2.554955E-02 1.081062E-03 3.936986E+00 8.864260E+00 
1.821790E-01 3.950755E-03 3.252255E-01 1.837559E-01 -1.474547E+00 5.861244E-01 -1.343794E-01 8.965889E-01 2.323234E-02 1.455908E-03 4.102339E+00 8.962432E+00 
1.835589E-01 4.784189E-03 3.326453E-01 1.818354E-01 -1.308210E+00 5.771708E-01 -1.392584E-01 9.155257E-01 2.771703E-02 1.805635E-03 4.031195E+00 9.475375E+00 
1.780973E-01 4.189482E-03 3.239731E-01 1.840619E-01 -1.408771E+00 5.772995E-01 -9.248601E-02 9.299486E-01 2.988283E-02 5.684451E-04 3.806742E+00 8.500182E+00 
1.707592E-01 3.298734E-03 3.371218E-01 1.863138E-01 -1.404875E+00 5.827063E-01 -1.377849E-01 9.165698E-01 2.891388E-02 1.542318E-03 3.431147E+00 9.659715E+00 
1.807414E-01 5.716839E-03 3.086551E-01 1.814623E-01 -1.427714E+00 5.864811E-01 -1.355315E-01 9.649614E-01 2.823272E-02 9.086745E-04 4.273105E+00 9.307804E+00 
1.752075E-01 4.474108E-03 3.171181E-01 1.835765E-01 -1.507757E+00 5.819054E-01 -1.297019E-01 9.781837E-01 2.924286E-02 4.928678E-04 3.954441E+00 8.416207E+00 
1.650660E-01 5.345685E-03 3.496037E-01 1.736466E-01 -1.397550E+00 5.826015E-01 -1.770889E-01 9.186900E-01 2.729097E-02 1.094104E-03 4.263321E+00 8.308405E+00 
1.486761E-01 1.557132E-02 3.211306E-01 1.818628E-01 -1.360708E+00 6.000000E-01 -1.912097E-01 9.291433E-01 2.825578E-02 7.159272E-04 4.295135E+00 8.664482E+00 
1.788054E-01 5.338683E-03 3.519072E-01 1.791605E-01 -1.376398E+00 5.882250E-01 -1.797255E-01 8.883729E-01 2.829829E-02 6.974402E-04 4.156544E+00 8.392906E+00 
1.694866E-01 3.892220E-03 3.031595E-01 1.771285E-01 -1.450923E+00 5.821068E-01 -1.063469E-01 9.354076E-01 2.694042E-02 1.056035E-03 4.196884E+00 8.870757E+00 
1.785882E-01 4.945879E-03 3.347042E-01 1.847571E-01 -1.372262E+00 5.890307E-01 -1.767846E-01 9.561371E-01 2.744262E-02 8.201212E-04 4.165558E+00 8.160044E+00 
1.796457E-01 3.956246E-03 3.298279E-01 1.844258E-01 -1.361614E+00 5.877901E-01 -1.449673E-01 9.805468E-01 2.766282E-02 7.062756E-04 4.196198E+00 8.275258E+00 
1.758868E-01 4.342231E-03 3.268145E-01 1.839100E-01 -1.425220E+00 5.865372E-01 -1.523116E-01 9.264962E-01 2.756351E-02 1.050904E-03 3.777756E+00 8.595470E+00 
1.795439E-01 4.793363E-03 2.943211E-01 1.801080E-01 -1.498320E+00 5.716631E-01 -9.925538E-02 9.118878E-01 2.989351E-02 5.785160E-04 4.129747E+00 8.827966E+00 
1.711384E-01 5.565321E-03 3.257589E-01 1.828769E-01 -1.493399E+00 5.760550E-01 -1.129950E-01 9.927758E-01 2.775089E-02 6.147565E-04 4.335743E+00 9.589523E+00 
1.981056E-01 4.370511E-03 3.238173E-01 1.836334E-01 -1.319194E+00 5.763819E-01 -9.232689E-02 9.121386E-01 2.819527E-02 5.556482E-04 3.619360E+00 9.162310E+00 
1.705650E-01 5.610501E-03 3.355201E-01 1.828904E-01 -1.442455E+00 6.000000E-01 -1.732970E-01 9.608054E-01 2.494898E-02 0.000000E+00 4.230066E+00 8.320456E+00 
1.826270E-01 7.121450E-03 3.316832E-01 1.870842E-01 -1.361691E+00 5.928028E-01 -1.487371E-01 9.760003E-01 2.866569E-02 1.229417E-03 5.099685E+00 9.471493E+00 
1.767279E-01 4.557587E-03 3.308422E-01 1.848740E-01 -1.387256E+00 5.908558E-01 -1.762762E-01 9.679761E-01 2.890948E-02 3.584108E-04 4.198864E+00 7.717198E+00 
1.843211E-01 5.372947E-03 3.333329E-01 1.860948E-01 -1.405362E+00 5.870196E-01 -1.423385E-01 9.653417E-01 2.754532E-02 9.271118E-04 4.253754E+00 8.839657E+00 
1.720482E-01 4.681731E-03 3.290631E-01 1.838075E-01 -1.465121E+00 5.871141E-01 -1.341881E-01 1.025024E+00 2.796907E-02 5.869404E-04 4.230395E+00 8.677704E+00 
1.708812E-01 5.697155E-03 3.340035E-01 1.767717E-01 -1.233271E+00 5.721649E-01 -1.234836E-01 9.430291E-01 2.565976E-02 8.684748E-04 4.055405E+00 9.021328E+00 
1.698853E-01 4.881751E-03 3.327765E-01 1.820595E-01 -1.422141E+00 5.905445E-01 -1.176689E-01 9.183846E-01 2.620826E-02 2.065013E-03 4.675543E+00 9.284576E+00 
1.896137E-01 5.009565E-03 2.854111E-01 1.795774E-01 -1.279694E+00 5.797226E-01 -1.373350E-01 8.876223E-01 3.056806E-02 1.274379E-03 3.814648E+00 9.214601E+00 
1.862441E-01 5.845250E-03 3.282544E-01 1.848468E-01 -1.370435E+00 5.646981E-01 -1.273608E-01 9.399815E-01 2.616143E-02 8.228043E-05 3.877092E+00 9.107431E+00 
1.726387E-01 5.627273E-03 3.402489E-01 1.820029E-01 -1.402875E+00 5.933830E-01 -1.880273E-01 9.798903E-01 2.561890E-02 1.396953E-03 4.176365E+00 8.434789E+00 
1.577255E-01 5.979403E-03 3.164084E-01 1.770405E-01 -1.380428E+00 5.825192E-01 -1.747531E-01 9.458024E-01 2.834735E-02 5.521146E-04 3.801332E+00 8.990234E+00 
1.672993E-01 5.898439E-03 3.397557E-01 1.768844E-01 -1.347501E+00 5.753828E-01 -1.376213E-01 8.881144E-01 2.970093E-02 2.510193E-03 4.254049E+00 8.875597E+00 
1.760047E-01 4.853418E-03 3.217168E-01 1.773599E-01 -1.425011E+00 5.928069E-01 -1.338920E-01 9.350458E-01 2.718568E-02 1.054500E-03 3.990139E+00 8.914256E+00 
1.662768E-01 6.663890E-03 3.166955E-01 1.875372E-01 -1.382449E+00 5.882937E-01 -1.374599E-01 9.358678E-01 2.760536E-02 8.232867E-04 3.909299E+00 8.926691E+00 
1.698878E-01 4.142978E-03 3.115705E-01 1.820838E-01 -1.399115E+00 5.703213E-01 -1.405257E-01 9.636702E-01 2.896060E-02 3.747051E-04 4.260866E+00 8.495307E+00 
1.783655E-01 4.670703E-03 3.082608E-01 1.865218E-01 -1.440266E+00 5.922647E-01 -1.445886E-01 9.831852E-01 2.848790E-02 7.529621E-04 4.142236E+00 8.341353E+00 
1.740220E-01 6.078570E-03 3.307536E-01 1.838339E-01 -1.458692E+00 5.815145E-01 -1.160550E-01 9.598107E-01 2.634819E-02 6.761901E-04 4.334093E+00 9.160476E+00 
1.529382E-01 7.293011E-03 3.484546E-01 1.814508E-01 -1.574535E+00 5.882391E-01 -1.760417E-01 9.465592E-01 2.810852E-02 6.700089E-04 4.267130E+00 8.084354E+00 
1.518785E-01 1.644946E-02 3.649180E-01 1.840845E-01 -1.270877E+00 4.515960E-01 -1.189870E-01 9.723742E-01 2.736963E-02 1.787736E-03 4.054984E+00 8.658270E+00 
1.730704E-01 4.346538E-03 3.646957E-01 1.818708E-01 -1.358100E+00 5.932025E-01 -1.464579E-01 9.345961E-01 2.718134E-02 8.978003E-04 4.012491E+00 8.780811E+00 
1.761958E-01 6.121346E-03 3.288290E-01 1.867577E-01 -1.290331E+00 5.826256E-01 -1.297625E-01 9.538276E-01 2.874189E-02 8.900327E-04 4.155079E+00 8.588933E+00 
1.755499E-01 3.287259E-03 3.188805E-01 1.804554E-01 -1.388200E+00 5.864512E-01 -1.337020E-01 9.897106E-01 3.100333E-02 8.648166E-04 4.119276E+00 8.918282E+00 
1.806914E-01 4.790265E-03 3.334411E-01 1.845812E-01 -1.385510E+00 5.888086E-01 -1.423402E-01 9.698000E-01 3.030275E-02 7.093919E-04 4.036454E+00 8.011356E+00 
1.745934E-01 4.027963E-03 3.326930E-01 1.833579E-01 -1.444390E+00 5.879165E-01 -1.253121E-01 9.571875E-01 2.655219E-02 9.011489E-04 4.125094E+00 9.164976E+00 
1.895515E-01 7.500426E-03 3.314795E-01 1.829804E-01 -1.430085E+00 5.853289E-01 -1.722424E-01 9.272846E-01 2.809437E-02 3.138217E-04 4.208152E+00 9.517437E+00 
1.531390E-01 4.681537E-03 3.084752E-01 1.803763E-01 -1.417166E+00 5.767528E-01 -1.266941E-01 9.609340E-01 2.943886E-02 1.036190E-04 4.154264E+00 7.932997E+00 
1.712465E-01 5.819825E-03 3.477082E-01 1.749516E-01 -1.402986E+00 5.896758E-01 -1.493054E-01 9.558582E-01 2.694051E-02 3.321685E-04 4.365276E+00 8.579468E+00 
1.826325E-01 4.910472E-03 3.257280E-01 1.796168E-01 -1.344314E+00 5.976400E-01 -1.446149E-01 9.195522E-01 2.544569E-02 1.299845E-03 3.974166E+00 9.163867E+00 
1.762112E-01 3.544185E-03 3.161508E-01 1.775417E-01 -1.349098E+00 5.851372E-01 -1.541485E-01 9.276338E-01 2.866015E-02 9.635281E-04 3.920872E+00 9.294079E+00 
1.766061E-01 5.760895E-03 3.512637E-01 1.819689E-01 -1.380000E+00 5.891137E-01 -1.129280E-01 9.309720E-01 2.730595E-02 5.678032E-04 4.081507E+00 9.184793E+00 
1.802943E-01 6.535888E-03 3.222097E-01 1.853091E-01 -1.319083E+00 5.834485E-01 -1.510547E-01 9.406967E-01 2.580483E-02 1.065733E-03 4.172434E+00 8.789238E+00 
1.732409E-01 4.422924E-03 3.592833E-01 1.895897E-01 -1.460904E+00 5.899681E-01 -1.651381E-01 9.579222E-01 2.603657E-02 7.131162E-04 4.597575E+00 9.011403E+00 
1.728496E-01 4.277624E-03 3.575547E-01 1.825485E-01 -1.393095E+00 5.786044E-01 -1.560327E-01 1.014131E+00 2.574277E-02 7.568425E-04 4.265021E+00 8.942793E+00 
1.775266E-01 4.920164E-03 3.132884E-01 1.828620E-01 -1.371013E+00 5.887599E-01 -1.647264E-01 9.498608E-01 2.759478E-02 9.681992E-04 3.971807E+00 9.320522E+00 
1.660292E-01 4.401298E-03 3.463286E-01 1.789374E-01 -1.525083E+00 5.768291E-01 -1.101674E-01 9.320398E-01 2.794583E-02 5.073166E-04 4.210934E+00 8.756080E+00 
1.755291E-01 6.871613E-03 3.089066E-01 1.845763E-01 -1.354966E+00 5.771837E-01 -1.447837E-01 9.594427E-01 2.782065E-02 3.871906E-04 4.049292E+00 8.818545E+00 
1.732821E-01 3.991487E-03 3.362611E-01 1.839701E-01 -1.410452E+00 5.912115E-01 -1.131789E-01 9.582490E-01 2.646420E-02 1.171676E-03 4.153789E+00 9.068059E+00 
1.744324E-01 4.902182E-03 3.155239E-01 1.817908E-01 -1.237749E+00 5.858310E-01 -1.227317E-01 9.599294E-01 2.744675E-02 6.207382E-04 4.099365E+00 8.939144E+00 
1.767287E-01 5.272096E-03 3.372352E-01 1.874476E-01 -1.320732E+00 5.897056E-01 -1.774191E-01 9.727273E-01 2.778839E-02 1.268652E-03 3.790393E+00 8.726672E+00 
1.856963E-01 3.276321E-03 3.156154E-01 1.807856E-01 -1.389679E+00 5.854647E-01 -1.361017E-01 9.681636E-01 2.839788E-02 1.055023E-03 4.087475E+00 8.956586E+00 
1.614235E-01 5.205069E-03 3.410873E-01 1.799708E-01 -1.336635E+00 5.891113E-01 -1.867682E-01 9.569617E-01 2.796005E-02 8.346701E-04 4.006195E+00 8.385490E+00 
1.657129E-01 6.416348E-03 3.151956E-01 1.824253E-01 -1.407731E+00 5.707684E-01 -1.093219E-01 9.922467E-01 3.045423E-02 4.389185E-04 4.038230E+00 9.362781E+00 
1.666451E-01 4.679472E-03 3.299064E-01 1.855532E-01 -1.413172E+00 5.808767E-01 -9.869520E-02 9.371223E-01 2.804777E-02 5.453864E-04 4.009214E+00 9.753533E+00 
1.632174E-01 4.841889E-03 3.232634E-01 1.790238E-01 -1.411533E+00 5.813617E-01 -1.256029E-01 9.335341E-01 3.010307E-02 1.201355E-03 4.061257E+00 8.603948E+00 
1.685111E-01 4.611962E-03 3.049018E-01 1.821640E-01 -1.312047E+00 5.772468E-01 -1.068692E-01 9.357561E-01 3.032867E-02 4.813946E-04 4.002370E+00 9.046649E+00 
1.089436E-01 2.395666E-02 3.623381E-01 1.540558E-01 -1.398247E+00 5.608045E-01 -1.000000E-02 8.612706E-01 3.079882E-02 1.351226E-03 3.989933E+00 9.487875E+00 
1.720644E-01 5.075072E-03 3.325708E-01 1.821721E-01 -1.329303E+00 5.891968E-01 -1.393973E-01 9.508615E-01 2.850458E-02 8.001596E-04 3.452665E+00 8.604947E+00 
1.741875E-01 4.977908E-03 3.379244E-01 1.799853E-01 -1.307755E+00 5.882116E-01 -1.796363E-01 9.702954E-01 2.834016E-02 6.693475E-04 4.058823E+00 9.499898E+00 
1.732124E-01 5.833612E-03 3.435734E-01 1.855739E-01 -1.382609E+00 5.978971E-01 -1.728129E-01 9.239260E-01 2.764139E-02 5.341802E-04 4.152704E+00 8.984703E+00 
1.923340E-01 3.968932E-03 3.360214E-01 1.918128E-01 -1.400967E+00 6.000000E-01 -1.693282E-01 9.614521E-01 2.965190E-02 5.386042E-04 4.347775E+00 8.438302E+00 
1.898233E-01 5.879558E-03 3.471261E-01 1.801605E-01 -1.361792E+00 5.956690E-01 -1.547854E-01 9.360553E-01 2.804090E-02 1.022294E-03 3.969903E+00 8.511195E+00 
1.871907E-01 4.636218E-03 3.387311E-01 1.793437E-01 -1.447742E+00 5.841151E-01 -1.708776E-01 9.307545E-01 2.760884E-02 7.100503E-04 4.198753E+00 8.696561E+00 
1.774706E-01 6.118230E-03 3.217278E-01 1.844818E-01 -1.421306E+00 5.843244E-01 -1.480976E-01 9.997754E-01 2.850096E-02 4.358905E-04 4.142231E+00 8.466606E+00 
1.714188E-01 5.352571E-03 3.278059E-01 1.811750E-01 -1.398392E+00 5.819706E-01 -1.476600E-01 9.567771E-01 2.699687E-02 1.069345E-03 4.153271E+00 8.447260E+00 
1.730997E-01 6.722492E-03 3.266965E-01 1.858993E-01 -1.354945E+00 5.921521E-01 -1.249854E-01 9.517558E-01 2.861196E-02 9.114599E-04 4.074239E+00 9.250084E+00 
1.739902E-01 4.904939E-03 3.413932E-01 1.864786E-01 -1.307556E+00 5.790714E-01 -1.232873E-01 9.260106E-01 2.748909E-02 1.767890E-03 4.124704E+00 9.759788E+00 
1.783382E-01 4.718624E-03 3.332639E-01 1.808739E-01 -1.375938E+00 5.840299E-01 -1.258215E-01 9.197945E-01 2.885137E-02 9.433998E-04 3.938766E+00 8.643082E+00 
1.784478E-01 5.103729E-03 3.342719E-01 1.796322E-01 -1.439865E+00 5.833675E-01 -1.507909E-01 9.802183E-01 2.637451E-02 1.215744E-03 4.188575E+00 8.638705E+00 
1.799528E-01 3.511731E-03 3.104327E-01 1.820174E-01 -1.417775E+00 5.969811E-01 -1.138382E-01 9.950889E-01 2.538591E-02 8.140850E-04 3.634536E+00 8.802684E+00 
1.776197E-01 6.071958E-03 3.247820E-01 1.797869E-01 -1.347421E+00 5.862308E-01 -1.368455E-01 9.923909E-01 3.022273E-02 4.670026E-04 3.979388E+00 8.506081E+00 
1.733835E-01 4.663264E-03 3.396442E-01 1.844130E-01 -1.387731E+00 5.855167E-01 -1.512455E-01 9.272565E-01 2.853684E-02 1.343613E-03 4.081558E+00 8.266355E+00 
1.899249E-01 5.216969E-03 3.398824E-01 1.805485E-01 -1.411789E+00 5.922350E-01 -1.608367E-01 9.992577E-01 2.768870E-02 4.625404E-04 3.966927E+00 8.603328E+00 
1.745056E-01 4.992104E-03 3.332108E-01 1.801825E-01 -1.392510E+00 5.807641E-01 -1.407408E-01 9.679999E-01 2.845400E-02 5.863257E-04 3.911254E+00 9.446565E+00 
1.742691E-01 6.030388E-03 3.561870E-01 1.770494E-01 -1.459043E+00 5.928410E-01 -1.279125E-01 9.607191E-01 2.624662E-02 4.914072E-04 4.452654E+00 8.909211E+00 
1.788911E-01 5.809682E-03 3.404792E-01 1.855352E-01 -1.431970E+00 5.912898E-01 -1.310659E-01 9.400104E-01 2.509329E-02 8.099477E-04 4.156749E+00 9.048500E+00 
1.765038E-01 5.148303E-03 3.117735E-01 1.844685E-01 -1.381656E+00 5.856002E-01 -1.128421E-01 9.566268E-01 2.686533E-02 5.858911E-04 4.127131E+00 7.785047E+00 
1.750897E-01 4.875145E-03 3.032532E-01 1.840445E-01 -1.375175E+00 5.875371E-01 -1.331563E-01 8.885373E-01 2.614636E-02 8.890693E-04 4.217410E+00 9.275174E+00 
1.761395E-01 4.269615E-03 3.159293E-01 1.782011E-01 -1.489573E+00 5.858152E-01 -1.400675E-01 9.445281E-01 2.579575E-02 7.356948E-04 4.240363E+00 8.213945E+00 
1.722478E-01 8.266440E-03 3.324999E-01 1.767566E-01 -1.305908E+00 5.826456E-01 -1.440236E-01 9.474616E-01 2.752132E-02 8.571611E-04 4.019676E+00 8.751511E+00 
1.708915E-01 4.605510E-03 3.342718E-01 1.846684E-01 -1.476782E+00 5.960056E-01 -1.491013E-01 8.771451E-01 2.770145E-02 8.588824E-04 4.110934E+00 8.285348E+00 
1.785515E-01 5.147152E-03 3.415859E-01 1.814563E-01 -1.361155E+00 5.908301E-01 -1.525080E-01 9.619799E-01 2.859879E-02 9.616063E-04 4.091097E+00 9.930433E+00 
1.660299E-01 3.015890E-03 3.303992E-01 1.787024E-01 -1.381059E+00 5.921496E-01 -1.198672E-01 9.439145E-01 2.730917E-02 3.017961E-04 3.781779E+00 8.837042E+00 
1.285146E-01 4.663291E-02 4.020507E-01 1.625280E-01 -1.289748E+00 4.397367E-01 -8.893539E-02 7.846557E-01 3.038781E-02 3.733637E-03 4.175330E+00 1.219003E+01 
1.816133E-01 4.123908E-03 3.031295E-01 1.798228E-01 -1.319109E+00 5.810730E-01 -1.313048E-01 9.504141E-01 2.698608E-02 3.741679E-04 4.213420E+00 8.905145E+00 
1.863132E-01 5.003755E-03 2.945016E-01 1.867803E-01 -1.350863E+00 5.787247E-01 -1.120340E-01 9.630645E-01 2.647380E-02 9.850768E-04 4.031348E+00 8.860068E+00 
1.744172E-01 4.704131E-03 3.173796E-01 1.833167E-01 -1.451737E+00 5.847815E-01 -1.377160E-01 9.575221E-01 2.736387E-02 1.915871E-04 4.131696E+00 8.704966E+00 
1.786130E-01 4.897282E-03 3.317688E-01 1.845322E-01 -1.350584E+00 5.933067E-01 -1.678700E-01 9.029963E-01 2.699804E-02 6.379920E-04 3.988077E+00 8.937195E+00 
1.753877E-01 5.174268E-03 3.318454E-01 1.850328E-01 -1.523453E+00 5.798973E-01 -1.295139E-01 9.459126E-01 2.719997E-02 1.861126E-04 4.057701E+00 8.576686E+00 
1.821513E-01 7.479892E-03 3.361919E-01 1.788561E-01 -1.387456E+00 5.918038E-01 -1.462883E-01 9.373001E-01 2.776208E-02 7.251661E-04 4.096749E+00 8.679641E+00 
1.925081E-01 4.684430E-03 3.305456E-01 1.773424E-01 -1.362379E+00 5.844386E-01 -1.639874E-01 9.413574E-01 2.721051E-02 1.145934E-03 4.004436E+00 8.967502E+00 
1.548592E-01 5.832989E-03 3.392889E-01 1.831644E-01 -1.424655E+00 5.930635E-01 -1.401062E-01 9.949099E-01 2.756898E-02 5.456526E-04 4.278777E+00 9.343460E+00 
1.870086E-01 4.579275E-03 3.235212E-01 1.749294E-01 -1.389262E+00 5.887737E-01 -1.419878E-01 9.532635E-01 2.796727E-02 2.496319E-03 3.448231E+00 9.628349E+00 
1.629609E-01 4.049899E-03 3.116141E-01 1.838109E-01 -1.363944E+00 5.905148E-01 -1.151523E-01 8.536201E-01 2.617808E-02 6.623547E-04 4.503133E+00 8.496149E+00 
1.699968E-01 5.201266E-03 3.294283E-01 1.847198E-01 -1.411783E+00 5.790802E-01 -1.252701E-01 9.144036E-01 2.854314E-02 1.180805E-03 3.951996E+00 8.438493E+00 
1.709532E-01 4.342470E-03 3.426486E-01 1.783579E-01 -1.325510E+00 5.969700E-01 -1.636014E-01 9.682584E-01 2.714878E-02 3.983136E-04 3.490929E+00 9.076972E+00 
1.729051E-01 5.090992E-03 3.171970E-01 1.797974E-01 -1.321395E+00 5.839535E-01 -1.426736E-01 9.714868E-01 3.070557E-02 9.221305E-04 3.401341E+00 9.665953E+00 
1.664103E-01 5.551344E-03 3.233633E-01 1.795529E-01 -1.380132E+00 5.653614E-01 -1.366622E-01 9.336320E-01 2.861995E-02 3.433105E-04 3.805408E+00 8.857717E+00 
1.692788E-01 4.216273E-03 3.245286E-01 1.836182E-01 -1.413902E+00 5.855453E-01 -1.496930E-01 9.483172E-01 2.830714E-02 9.347501E-04 4.134225E+00 8.524453E+00 
1.786337E-01 5.516000E-03 3.262362E-01 1.836246E-01 -1.386032E+00 5.796443E-01 -1.410543E-01 9.074083E-01 2.877534E-02 3.066713E-04 4.009807E+00 9.091548E+00 
1.734050E-01 5.459056E-03 3.157328E-01 1.844082E-01 -1.562097E+00 5.847113E-01 -1.324455E-01 9.565563E-01 2.557572E-02 6.113313E-04 4.632185E+00 8.885188E+00 
1.694850E-01 5.319599E-03 3.334231E-01 1.835937E-01 -1.431105E+00 5.841000E-01 -1.230392E-01 9.987289E-01 2.707813E-02 1.706472E-03 4.216670E+00 8.656151E+00 
1.711609E-01 5.861699E-03 3.194340E-01 1.748862E-01 -1.340726E+00 5.923455E-01 -1.457182E-01 9.555406E-01 2.584772E-02 2.364106E-04 3.843430E+00 8.613911E+00 
1.728455E-01 5.221861E-03 3.234496E-01 1.802212E-01 -1.304434E+00 5.913677E-01 -1.044268E-01 9.625852E-01 2.931914E-02 7.017964E-04 3.551003E+00 8.800634E+00 
1.685561E-01 6.033157E-03 3.281078E-01 1.832329E-01 -1.441670E+00 5.869398E-01 -1.482368E-01 9.750082E-01 2.637561E-02 6.311037E-04 4.008198E+00 8.783971E+00 
1.697781E-01 4.838302E-03 3.390150E-01 1.811077E-01 -1.435542E+00 5.809336E-01 -1.141630E-01 9.389343E-01 2.859472E-02 7.787097E-04 4.066434E+00 9.539042E+00 
1.555515E-01 5.576550E-03 3.275746E-01 1.848589E-01 -1.394368E+00 5.694765E-01 -8.757059E-02 9.789353E-01 2.758254E-02 1.649061E-03 4.419809E+00 8.498280E+00 
1.790262E-01 5.621181E-03 3.044235E-01 1.889543E-01 -1.426749E+00 5.900383E-01 -1.324479E-01 1.008961E+00 2.855635E-02 6.911131E-04 4.169605E+00 8.489076E+00 
1.757393E-01 4.322237E-03 3.378650E-01 1.807429E-01 -1.331613E+00 5.907853E-01 -1.504223E-01 9.345493E-01 2.858580E-02 8.572880E-04 3.603781E+00 8.922322E+00 
1.831378E-01 4.625864E-03 3.081922E-01 1.779873E-01 -1.318435E+00 5.953536E-01 -1.406373E-01 9.381317E-01 2.681345E-02 6.759379E-04 4.104940E+00 8.873449E+00 
1.638495E-01 5.022095E-03 3.210932E-01 1.771217E-01 -1.459118E+00 5.899583E-01 -1.759014E-01 9.444282E-01 2.750019E-02 1.104095E-03 4.366241E+00 1.015303E+01 
1.874631E-01 4.489931E-03 3.201194E-01 1.815000E-01 -1.354264E+00 5.870852E-01 -1.466794E-01 8.687054E-01 2.747210E-02 4.813262E-04 3.833864E+00 8.838390E+00 
1.716046E-01 6.984514E-03 3.472480E-01 1.839505E-01 -1.419740E+00 5.961649E-01 -1.629293E-01 9.628897E-01 2.746806E-02 1.347294E-03 3.811125E+00 9.176929E+00 
1.749820E-01 5.072207E-03 3.192738E-01 1.819090E-01 -1.426283E+00 5.701447E-01 -1.435447E-01 9.671944E-01 2.821488E-02 4.231318E-04 4.184586E+00 8.437855E+00 
1.630529E-01 1.055319E-02 3.313374E-01 1.801155E-01 -1.395169E+00 5.779247E-01 -1.195229E-01 9.680340E-01 2.982674E-02 1.172335E-03 4.154888E+00 9.291291E+00 
8.129154E-02 3.294165E-02 4.033793E-01 1.616814E-01 -1.276491E+00 4.805110E-01 -3.782103E-02 5.541842E-01 2.786268E-02 3.373086E-03 3.700493E+00 1.368204E+01 
1.825828E-01 5.668629E-03 3.387531E-01 1.813809E-01 -1.380742E+00 5.932899E-01 -1.726799E-01 9.487926E-01 2.752673E-02 8.414204E-04 3.851027E+00 8.711930E+00 
1.805770E-01 5.805923E-03 3.270303E-01 1.872655E-01 -1.394006E+00 5.841434E-01 -1.647436E-01 9.689666E-01 2.877853E-02 7.373605E-04 4.550676E+00 8.639648E+00 
1.765373E-01 5.017805E-03 3.218084E-01 1.841888E-01 -1.351838E+00 5.879655E-01 -1.652348E-01 9.305486E-01 2.847032E-02 8.412859E-04 3.938400E+00 8.220602E+00 
1.486766E-01 5.213291E-03 3.236253E-01 1.812166E-01 -1.361657E+00 5.805416E-01 -1.283815E-01 9.801689E-01 2.853892E-02 8.079843E-04 4.151524E+00 9.170885E+00 
1.762183E-01 3.792633E-03 3.210334E-01 1.832774E-01 -1.342201E+00 5.815517E-01 -1.309658E-01 9.570411E-01 2.946749E-02 7.260314E-04 4.762264E+00 8.544329E+00 
1.722808E-01 3.490302E-03 3.337095E-01 1.851654E-01 -1.494295E+00 5.823214E-01 -1.208170E-01 9.822943E-01 2.896004E-02 7.456874E-04 4.214209E+00 9.120677E+00 
1.662729E-01 6.236186E-03 3.302810E-01 1.815198E-01 -1.451401E+00 5.853833E-01 -1.516849E-01 9.204130E-01 2.622763E-02 4.891346E-04 3.965161E+00 8.714748E+00 
1.820643E-01 4.191500E-03 3.459242E-01 1.821123E-01 -1.387938E+00 5.943038E-01 -1.412033E-01 9.726557E-01 2.673331E-02 5.778236E-04 4.550776E+00 9.077880E+00 
1.734695E-01 5.044719E-03 3.412445E-01 1.852072E-01 -1.494707E+00 5.710628E-01 -1.336865E-01 9.343760E-01 2.684880E-02 3.379945E-04 4.249113E+00 8.533499E+00 
1.722767E-01 4.512363E-03 3.345556E-01 1.828141E-01 -1.343949E+00 5.849220E-01 -1.247180E-01 9.102449E-01 2.862255E-02 1.210297E-04 3.905413E+00 7.641414E+00 
1.254836E-01 3.140920E-03 3.343248E-01 1.833334E-01 -1.497116E+00 5.939484E-01 -1.117653E-01 9.841579E-01 2.575601E-02 4.491945E-03 4.033466E+00 8.738858E+00 
1.743344E-01 5.263955E-03 3.252747E-01 1.875598E-01 -1.363204E+00 5.984591E-01 -1.412089E-01 8.854772E-01 2.851256E-02 1.064176E-03 3.936938E+00 9.101466E+00 
1.753883E-01 5.977482E-03 3.109576E-01 1.833831E-01 -1.272351E+00 5.839016E-01 -1.415595E-01 9.759963E-01 2.925627E-02 2.057786E-03 4.350410E+00 9.272557E+00 
1.507083E-01 4.293266E-03 3.045784E-01 1.801052E-01 -1.452905E+00 5.779999E-01 -1.027176E-01 9.283588E-01 2.862813E-02 1.571937E-03 4.204752E+00 8.313096E+00 
1.755263E-01 5.691467E-03 3.361710E-01 1.807889E-01 -1.378649E+00 5.963850E-01 -1.649393E-01 9.471566E-01 2.730407E-02 5.865532E-04 4.200436E+00 9.213432E+00 
1.854920E-01 5.384534E-03 3.363813E-01 1.788333E-01 -1.389923E+00 5.839370E-01 -1.621872E-01 8.967792E-01 2.627328E-02 1.577432E-03 4.085044E+00 9.281508E+00 
1.787682E-01 4.294755E-03 3.451320E-01 1.840833E-01 -1.419683E+00 5.902382E-01 -1.566629E-01 9.571467E-01 2.754274E-02 7.543970E-04 4.140733E+00 9.113148E+00 
1.791425E-01 3.946670E-03 3.087776E-01 1.815867E-01 -1.386840E+00 5.774318E-01 -1.179993E-01 9.707779E-01 2.568912E-02 8.247653E-04 4.548215E+00 8.738595E+00 
1.819477E-01 3.227447E-03 3.380886E-01 1.814627E-01 -1.385227E+00 5.687485E-01 -1.936656E-01 9.121255E-01 2.921290E-02 6.489453E-04 3.690003E+00 9.090056E+00 
1.739303E-01 4.779608E-03 3.405919E-01 1.833043E-01 -1.404612E+00 5.756596E-01 -1.215343E-01 9.063379E-01 2.813418E-02 8.272000E-04 4.086479E+00 8.653141E+00 
1.858932E-01 4.552837E-03 3.234290E-01 1.800262E-01 -1.327266E+00 5.818123E-01 -1.143058E-01 9.539627E-01 2.806679E-02 4.633335E-04 4.213170E+00 8.729653E+00 
1.984544E-01 5.543012E-03 3.224857E-01 1.857117E-01 -1.382137E+00 5.920052E-01 -1.701231E-01 9.807752E-01 2.932519E-02 1.529320E-03 4.306650E+00 8.464533E+00 
1.794975E-01 3.316639E-03 3.369532E-01 1.851081E-01 -1.415267E+00 5.837086E-01 -1.733696E-01 1.048776E+00 2.796129E-02 1.858442E-03 4.028997E+00 7.954027E+00 
1.684247E-01 5.907392E-03 3.290747E-01 1.804634E-01 -1.356806E+00 5.939885E-01 -1.144916E-01 9.730890E-01 2.711043E-02 6.369188E-04 3.634754E+00 8.888035E+00 
1.866400E-01 3.933011E-03 3.392932E-01 1.806906E-01 -1.436332E+00 5.851225E-01 -1.488157E-01 9.378309E-01 2.672190E-02 8.869370E-04 4.127324E+00 8.613308E+00 
1.804276E-01 4.936891E-03 3.373389E-01 1.851949E-01 -1.476489E+00 5.860463E-01 -1.513516E-01 9.196125E-01 2.626994E-02 7.455073E-04 4.165588E+00 8.147928E+00 
9.570325E-02 1.043610E-02 3.457567E-01 1.851265E-01 -1.397699E+00 6.000000E-01 -1.323167E-01 9.555238E-01 2.736563E-02 1.521295E-03 4.158380E+00 8.923625E+00 
1.867867E-01 5.541034E-03 3.380164E-01 1.781188E-01 -1.384648E+00 5.898894E-01 -1.892470E-01 9.731980E-01 2.748218E-02 8.580445E-04 4.075160E+00 8.881649E+00 
1.926949E-01 5.253335E-03 3.182624E-01 1.798629E-01 -1.364783E+00 5.808584E-01 -1.543176E-01 9.558210E-01 3.007021E-02 1.574074E-03 4.029876E+00 9.245647E+00 
1.672587E-01 3.875981E-03 3.459898E-01 1.779588E-01 -1.324697E+00 5.844686E-01 -7.826339E-02 9.384213E-01 3.065263E-02 6.438112E-04 3.827681E+00 8.817910E+00 
1.759369E-01 2.208078E-03 3.228219E-01 1.840784E-01 -1.435212E+00 5.881208E-01 -1.364641E-01 8.988962E-01 2.664105E-02 8.158895E-04 3.916332E+00 9.114567E+00 
1.703282E-01 4.802982E-03 3.398622E-01 1.812814E-01 -1.466003E+00 5.896756E-01 -1.844614E-01 9.630437E-01 2.681143E-02 8.432343E-04 4.272687E+00 8.568582E+00 
1.646780E-01 5.649442E-03 3.259246E-01 1.828453E-01 -1.487421E+00 5.910609E-01 -1.685406E-01 9.271463E-01 2.697333E-02 5.170272E-04 4.098409E+00 8.898186E+00 
1.778584E-01 5.149228E-03 3.364643E-01 1.803516E-01 -1.397929E+00 5.919293E-01 -1.671545E-01 9.330399E-01 2.832234E-02 7.493733E-04 4.400274E+00 8.993087E+00 
1.672896E-01 4.804111E-03 3.183486E-01 1.773840E-01 -1.426949E+00 5.713541E-01 -1.097117E-01 9.465790E-01 2.723123E-02 8.431104E-04 4.310491E+00 7.910315E+00 
1.804065E-01 5.822531E-03 3.232747E-01 1.807864E-01 -1.416434E+00 5.922530E-01 -1.085605E-01 9.817443E-01 2.622120E-02 4.516397E-04 4.494746E+00 8.399148E+00 
1.722175E-01 4.663837E-03 3.576873E-01 1.829379E-01 -1.254001E+00 5.879351E-01 -1.717006E-01 9.966205E-01 2.686647E-02 1.151784E-03 4.485675E+00 9.041069E+00 
1.618762E-01 5.122784E-03 3.263189E-01 1.829754E-01 -1.433567E+00 5.805035E-01 -1.273683E-01 9.659768E-01 2.971245E-02 2.983697E-03 4.325492E+00 8.623805E+00 
1.582686E-01 6.612088E-03 3.282740E-01 1.820742E-01 -1.404190E+00 5.876837E-01 -1.220024E-01 9.971625E-01 2.610184E-02 7.943876E-04 4.277982E+00 7.857583E+00 
1.774111E-01 4.966139E-03 3.368144E-01 1.817345E-01 -1.335271E+00 5.915945E-01 -1.543110E-01 9.183413E-01 2.975827E-02 6.981598E-04 4.145501E+00 8.295113E+00 
1.755365E-01 3.881781E-03 3.284013E-01 1.849957E-01 -1.349069E+00 5.852879E-01 -1.371866E-01 9.389871E-01 2.772648E-02 1.245001E-03 3.895899E+00 8.518921E+00 
1.532065E-01 1.057960E-02 3.414974E-01 1.719945E-01 -1.482626E+00 5.778992E-01 -1.325179E-01 9.124173E-01 2.590933E-02 1.464037E-03 3.910084E+00 9.131815E+00 
1.708408E-01 4.413301E-03 3.472160E-01 1.816497E-01 -1.418775E+00 5.827706E-01 -1.453905E-01 9.203925E-01 2.387960E-02 6.656156E-04 4.109538E+00 8.765984E+00 
1.682515E-01 6.050040E-03 3.446883E-01 1.788171E-01 -1.432721E+00 5.826978E-01 -1.463885E-01 8.717290E-01 2.560101E-02 6.591634E-04 4.549158E+00 9.151283E+00 
1.821116E-01 4.717815E-03 3.272326E-01 1.783319E-01 -1.378248E+00 5.823234E-01 -1.471282E-01 9.155744E-01 2.773780E-02 6.104677E-04 3.920899E+00 8.403276E+00 
1.736054E-01 8.164344E-02 3.290634E-01 1.830515E-01 -1.352296E+00 5.927918E-01 -1.570278E-01 9.272070E-01 2.712451E-02 5.169963E-04 3.736954E+00 8.815128E+00 
1.819630E-01 5.051296E-03 3.355140E-01 1.822739E-01 -1.526730E+00 5.866392E-01 -1.416044E-01 9.519524E-01 2.897697E-02 4.324965E-04 4.253945E+00 8.665691E+00 
1.477232E-01 5.154266E-03 3.268146E-01 1.789862E-01 -1.435318E+00 5.767811E-01 -1.470263E-01 9.546739E-01 2.861511E-02 1.990273E-03 4.065763E+00 8.833986E+00 
1.949670E-01 4.492851E-03 3.168445E-01 1.839726E-01 -1.332772E+00 5.864980E-01 -1.249470E-01 9.829557E-01 2.613542E-02 1.002949E-03 4.303825E+00 8.343637E+00 
1.712252E-01 4.374916E-03 3.256031E-01 1.829161E-01 -1.397433E+00 5.801175E-01 -1.677789E-01 9.692080E-01 2.768688E-02 1.099831E-03 4.077683E+00 8.919901E+00 
1.753247E-01 5.349117E-03 3.487625E-01 1.818550E-01 -1.522445E+00 5.907624E-01 -1.746125E-01 9.660694E-01 2.719831E-02 1.079084E-03 4.128643E+00 8.954540E+00 
1.590610E-01 4.769311E-03 3.160909E-01 1.788712E-01 -1.377893E+00 5.750532E-01 -1.507879E-01 9.536417E-01 2.804181E-02 6.660428E-04 4.244224E+00 8.637644E+00 
1.707728E-01 4.859112E-03 3.238746E-01 1.855296E-01 -1.391014E+00 5.845700E-01 -1.521133E-01 9.397531E-01 2.700342E-02 7.769349E-04 4.044970E+00 8.365281E+00 
1.697747E-01 4.450033E-03 3.331614E-01 1.863379E-01 -1.316540E+00 5.806771E-01 -1.494933E-01 1.029261E+00 2.849725E-02 7.667512E-04 4.268725E+00 8.793213E+00 
1.705063E-01 3.754222E-03 3.051529E-01 1.843085E-01 -1.403519E+00 5.846180E-01 -7.565023E-02 9.489855E-01 3.240318E-02 2.194939E-04 4.163954E+00 8.675664E+00 
1.668142E-01 4.874274E-03 3.562285E-01 1.686709E-01 -1.588416E+00 5.819134E-01 -9.689789E-02 9.694891E-01 2.841110E-02 1.532423E-03 4.249320E+00 9.424844E+00 
1.863602E-01 4.278256E-03 3.250561E-01 1.824759E-01 -1.366486E+00 5.885587E-01 -1.787499E-01 9.515899E-01 2.843538E-02 8.390955E-04 4.136275E+00 8.435039E+00 
1.794449E-01 2.576688E-03 3.441701E-01 1.815564E-01 -1.403633E+00 6.000000E-01 -1.964959E-01 9.270753E-01 2.854142E-02 7.132681E-04 4.161246E+00 9.084188E+00 
1.774238E-01 3.274282E-03 3.324466E-01 1.813369E-01 -1.415732E+00 5.840378E-01 -1.634039E-01 9.536788E-01 2.767169E-02 1.181410E-03 4.108617E+00 8.439412E+00 
