1.829825E-01 5.175727E-03 3.214840E-01 1.838196E-01 -1.371918E+00 5.913374E-01 -1.363193E-01 9.288746E-01 2.887696E-02 2.942808E-04 4.182406E+00 8.701622E+00 
1.799488E-01 6.485228E-03 3.567095E-01 1.858332E-01 -1.337651E+00 5.985651E-01 -1.698363E-01 9.486203E-01 2.627148E-02 9.344967E-04 4.026813E+00 9.058925E+00 
1.754937E-01 4.400159E-03 3.350413E-01 1.823889E-01 -1.346663E+00 5.828183E-01 -1.404508E-01 9.387433E-01 3.120029E-02 5.875481E-04 4.131986E+00 8.693585E+00 
1.753468E-01 6.985430E-03 3.268088E-01 1.815233E-01 -1.396307E+00 5.873310E-01 -1.218686E-01 9.172310E-01 2.826366E-02 9.361312E-04 3.986945E+00 8.914449E+00 
1.696271E-01 5.860929E-03 3.111604E-01 1.831539E-01 -1.233354E+00 5.864894E-01 -1.135414E-01 1.012992E+00 2.804174E-02 2.300219E-03 4.101477E+00 9.956343E+00 
1.708622E-01 3.929595E-03 3.243450E-01 1.833648E-01 -1.264647E+00 5.923282E-01 -1.480358E-01 9.777615E-01 2.724198E-02 5.995399E-04 3.955504E+00 8.507272E+00 
1.609818E-01 6.324201E-03 3.439967E-01 1.813077E-01 -1.249707E+00 5.960089E-01 -1.864491E-01 9.600648E-01 2.613376E-02 7.995153E-04 4.425012E+00 8.175213E+00 
1.766755E-01 4.428278E-03 3.408020E-01 1.846664E-01 -1.340473E+00 5.768880E-01 -1.673927E-01 9.535241E-01 2.776002E-02 7.720504E-04 4.285869E+00 8.691781E+00 
1.767849E-01 4.343221E-03 3.034876E-01 1.837658E-01 -1.350447E+00 5.861469E-01 -1.066088E-01 9.767136E-01 2.777808E-02 1.135656E-03 4.185036E+00 8.650226E+00 
1.775376E-01 4.946041E-03 3.105135E-01 1.816764E-01 -1.356795E+00 5.761429E-01 -1.331249E-01 9.683064E-01 2.963281E-02 8.785563E-04 3.959642E+00 8.329705E+00 
1.493034E-01 5.004782E-03 3.267899E-01 1.835299E-01 -1.366458E+00 5.796047E-01 -1.380515E-01 9.499737E-01 2.777905E-02 9.395792E-04 4.022999E+00 8.756828E+00 
1.630949E-01 7.276688E-03 3.370749E-01 1.785111E-01 -1.212179E+00 5.709451E-01 -1.367412E-01 9.653462E-01 3.413624E-02 1.553430E-03 4.002759E+00 8.871990E+00 
1.876366E-01 5.800941E-03 3.309936E-01 1.826833E-01 -1.385086E+00 5.921854E-01 -1.226401E-01 9.739122E-01 2.853739E-02 6.906815E-04 3.995355E+00 8.290073E+00 
1.747909E-01 5.295570E-03 3.076832E-01 1.812941E-01 -1.412744E+00 5.860607E-01 -1.576231E-01 9.093388E-01 2.671560E-02 1.739107E-03 4.417820E+00 8.525020E+00 
1.802669E-01 4.042718E-03 3.368664E-01 1.853619E-01 -1.357143E+00 5.932440E-01 -1.257855E-01 9.449875E-01 2.879318E-02 8.824497E-04 4.239801E+00 8.825044E+00 
1.786340E-01 4.355440E-03 3.335851E-01 1.869637E-01 -1.384409E+00 5.866888E-01 -1.147777E-01 9.799681E-01 2.726329E-02 4.161841E-04 4.091623E+00 8.837336E+00 
1.732050E-01 6.205016E-03 3.360402E-01 1.815131E-01 -1.344171E+00 5.912120E-01 -1.669113E-01 9.315743E-01 2.646486E-02 8.343425E-04 4.074899E+00 8.326094E+00 
1.780825E-01 5.711814E-03 3.109630E-01 1.831235E-01 -1.385569E+00 5.869624E-01 -1.546782E-01 9.710860E-01 2.832753E-02 3.771836E-04 4.060158E+00 8.691947E+00 
1.603653E-01 5.748914E-03 3.351495E-01 1.848937E-01 -1.341506E+00 5.955188E-01 -1.167526E-01 9.417723E-01 2.790503E-02 7.532035E-04 4.948744E+00 8.999424E+00 
1.906816E-01 9.549769E-03 2.957507E-01 1.793285E-01 -1.403186E+00 5.805676E-01 -1.449382E-01 1.008854E+00 2.969343E-02 5.237001E-04 4.145153E+00 8.693410E+00 
1.608289E-01 1.967406E-02 3.270058E-01 1.777525E-01 -1.367316E+00 2.914416E-01 -1.286814E-01 1.042495E+00 2.795527E-02 7.654064E-03 3.793536E+00 9.298936E+00 
1.774087E-01 3.066689E-03 3.391937E-01 1.843453E-01 -1.420380E+00 5.983042E-01 -1.495286E-01 9.533637E-01 2.716820E-02 8.469859E-04 4.146884E+00 9.076257E+00 
1.602181E-01 1.664700E-02 3.755741E-01 1.814834E-01 -1.406391E+00 5.279652E-01 -7.304961E-02 7.906517E-01 2.595212E-02 1.536487E-03 4.076801E+00 8.638080E+00 
1.677765E-01 5.823215E-03 3.299140E-01 1.794774E-01 -1.457410E+00 5.767108E-01 -1.671296E-01 9.548769E-01 2.771366E-02 5.051919E-04 3.741742E+00 8.898175E+00 
1.732613E-01 5.521789E-03 2.955645E-01 1.851618E-01 -1.412780E+00 5.965379E-01 -1.253059E-01 9.717175E-01 2.768811E-02 7.946240E-04 4.238886E+00 9.014384E+00 
1.844775E-01 6.233704E-03 3.200581E-01 1.843735E-01 -1.368726E+00 5.913140E-01 -1.242000E-01 9.543311E-01 2.724417E-02 1.506231E-04 3.754541E+00 8.575133E+00 
1.825203E-01 5.471074E-03 3.466594E-01 1.814389E-01 -1.414760E+00 5.880113E-01 -1.709805E-01 9.059920E-01 2.515507E-02 3.728520E-04 4.154795E+00 9.203229E+00 
1.632247E-01 4.970753E-03 3.234667E-01 1.766291E-01 -1.456778E+00 5.818642E-01 -1.746321E-01 8.248609E-01 2.675473E-02 6.023731E-04 4.210383E+00 9.489026E+00 
1.677936E-01 5.264560E-03 3.258438E-01 1.821961E-01 -1.451792E+00 5.738934E-01 -1.339290E-01 9.699338E-01 3.111532E-02 1.811027E-03 4.243105E+00 8.434087E+00 
1.733047E-01 3.072724E-03 3.293593E-01 1.829498E-01 -1.429966E+00 5.914546E-01 -1.277887E-01 9.763375E-01 2.740282E-02 8.620044E-04 4.077823E+00 8.419785E+00 
1.711638E-01 5.047664E-03 3.216671E-01 1.825538E-01 -1.400066E+00 5.873419E-01 -1.278895E-01 9.569002E-01 2.837597E-02 2.133167E-04 3.888662E+00 8.329848E+00 
1.686529E-01 3.387456E-03 3.244201E-01 1.825743E-01 -1.431055E+00 5.876253E-01 -1.159249E-01 8.872158E-01 2.775097E-02 6.027927E-04 3.926896E+00 8.639641E+00 
1.675576E-01 5.073717E-03 3.291057E-01 1.828178E-01 -1.399826E+00 5.907497E-01 -1.470438E-01 9.699879E-01 2.840384E-02 1.618472E-03 4.179892E+00 8.402227E+00 
1.667800E-01 4.509810E-03 3.171241E-01 1.799071E-01 -1.419117E+00 5.787998E-01 -1.163224E-01 9.524716E-01 2.918255E-02 9.010535E-04 3.536016E+00 8.307139E+00 
1.677356E-01 6.358144E-03 3.135898E-01 1.811369E-01 -1.388535E+00 5.844248E-01 -1.434550E-01 9.983480E-01 2.687590E-02 9.615817E-04 3.608769E+00 8.562619E+00 
1.595042E-01 3.121800E-03 3.373868E-01 1.778581E-01 -1.394372E+00 5.947880E-01 -1.583754E-01 9.421560E-01 2.694781E-02 1.022153E-03 4.254156E+00 8.907090E+00 
1.743248E-01 5.313204E-03 3.190309E-01 1.839908E-01 -1.421417E+00 5.812092E-01 -1.226619E-01 9.694987E-01 2.613239E-02 9.293158E-04 4.372193E+00 8.586763E+00 
1.536402E-01 5.095398E-03 3.154025E-01 1.790818E-01 -1.397536E+00 5.846120E-01 -1.609304E-01 9.779888E-01 2.692682E-02 9.445207E-04 4.186271E+00 9.011969E+00 
1.768027E-01 5.625935E-03 3.267988E-01 1.846715E-01 -1.392254E+00 5.884753E-01 -1.060389E-01 9.631004E-01 2.848715E-02 1.885223E-04 3.293157E+00 8.448025E+00 
1.665568E-01 5.199933E-03 3.292942E-01 1.808717E-01 -1.352197E+00 5.877563E-01 -1.528668E-01 9.260239E-01 2.627762E-02 3.127562E-04 4.167040E+00 8.998816E+00 
1.480910E-01 5.541675E-03 3.448940E-01 1.845078E-01 -1.369410E+00 5.876305E-01 -1.452502E-01 9.537299E-01 2.776207E-02 1.182776E-03 4.194628E+00 8.875898E+00 
1.809211E-01 4.948588E-03 3.319427E-01 1.866271E-01 -1.390495E+00 5.937127E-01 -1.364160E-01 9.576940E-01 2.797008E-02 1.465130E-03 4.455823E+00 9.199212E+00 
1.768478E-01 5.571302E-03 3.133394E-01 1.842648E-01 -1.429936E+00 5.819087E-01 -1.591203E-01 9.549534E-01 2.713666E-02 6.121112E-04 4.171979E+00 8.876456E+00 
1.782436E-01 3.799797E-03 3.260136E-01 1.855855E-01 -1.396149E+00 5.989374E-01 -1.304612E-01 1.006724E+00 2.900513E-02 5.777156E-04 4.210304E+00 8.668533E+00 
1.820345E-01 4.198011E-03 3.443049E-01 1.879769E-01 -1.350438E+00 5.934119E-01 -1.570417E-01 9.548976E-01 2.893275E-02 1.055724E-03 4.277028E+00 9.061526E+00 
1.753842E-01 5.428083E-03 3.504549E-01 1.825170E-01 -1.370446E+00 5.953253E-01 -1.591946E-01 9.523146E-01 2.751817E-02 7.057630E-04 4.272522E+00 8.826581E+00 
1.826844E-01 5.418392E-03 3.303207E-01 1.874258E-01 -1.447220E+00 5.902072E-01 -1.238388E-01 1.007288E+00 2.684163E-02 1.493333E-03 4.240597E+00 8.611115E+00 
1.854039E-01 5.004853E-03 3.324086E-01 1.853126E-01 -1.526587E+00 5.864404E-01 -1.619592E-01 9.667313E-01 2.688700E-02 3.643883E-04 4.104494E+00 9.090604E+00 
1.772816E-01 4.565771E-03 3.268794E-01 1.811481E-01 -1.386562E+00 5.807035E-01 -1.151493E-01 9.299182E-01 2.923746E-02 9.320446E-04 4.076657E+00 8.231268E+00 
1.839080E-01 5.306251E-03 3.256033E-01 1.847936E-01 -1.353063E+00 5.937869E-01 -1.276754E-01 9.467382E-01 2.943101E-02 4.038845E-04 3.541819E+00 8.363413E+00 
1.909426E-01 4.909524E-03 3.276997E-01 1.832876E-01 -1.404073E+00 5.806182E-01 -1.359100E-01 9.366512E-01 2.846261E-02 5.097074E-04 4.211517E+00 8.844241E+00 
1.587725E-01 3.753276E-03 3.323092E-01 1.829512E-01 -1.444284E+00 5.963465E-01 -1.034443E-01 9.252838E-01 2.718900E-02 4.380042E-04 4.487992E+00 8.971194E+00 
1.535735E-01 5.788345E-03 3.457167E-01 1.725153E-01 -1.396883E+00 5.752561E-01 -1.184451E-01 1.018158E+00 2.845311E-02 4.754557E-03 4.278269E+00 1.024830E+01 
1.778980E-01 4.913924E-03 3.432444E-01 1.872118E-01 -1.373656E+00 5.927881E-01 -1.258885E-01 9.454135E-01 2.803624E-02 9.194197E-04 4.203032E+00 9.287575E+00 
1.724710E-01 3.267449E-03 3.521114E-01 1.829201E-01 -1.431533E+00 5.946084E-01 -1.566746E-01 9.580377E-01 2.766010E-02 1.093787E-03 3.983968E+00 8.875253E+00 
1.731574E-01 4.302369E-03 3.262284E-01 1.869671E-01 -1.389387E+00 5.840105E-01 -1.185121E-01 1.066430E+00 2.749595E-02 5.909193E-04 4.153728E+00 9.674803E+00 
1.688854E-01 3.911169E-03 3.374893E-01 1.822058E-01 -1.294623E+00 5.878511E-01 -1.261914E-01 9.656004E-01 2.850662E-02 1.102585E-03 3.819955E+00 8.243704E+00 
1.586689E-01 6.470690E-03 3.210985E-01 1.601347E-01 -1.398662E+00 5.902650E-01 -1.325121E-01 9.807395E-01 2.993707E-02 2.390407E-03 4.027043E+00 7.981635E+00 
1.694258E-01 5.007480E-03 3.150521E-01 1.837768E-01 -1.445873E+00 5.842198E-01 -1.122926E-01 9.883667E-01 2.868959E-02 7.167518E-04 4.144360E+00 8.857710E+00 
1.775840E-01 4.860299E-03 3.203452E-01 1.783286E-01 -1.354935E+00 5.889300E-01 -1.641637E-01 9.414204E-01 2.776269E-02 4.370713E-04 4.220111E+00 8.720325E+00 
1.828927E-01 6.000377E-03 3.410034E-01 1.860008E-01 -1.376371E+00 5.947045E-01 -1.327683E-01 9.911286E-01 2.641957E-02 6.403926E-04 4.089672E+00 8.871104E+00 
1.847169E-01 5.365783E-03 3.159138E-01 1.807743E-01 -1.411273E+00 5.869057E-01 -1.371727E-01 9.285731E-01 2.768767E-02 2.553173E-04 4.142164E+00 8.818400E+00 
1.639088E-01 6.076233E-03 3.187618E-01 1.808559E-01 -1.353004E+00 5.840182E-01 -1.314326E-01 9.703118E-01 2.870511E-02 9.167977E-04 4.147483E+00 8.753218E+00 
1.713185E-01 6.051990E-03 3.054046E-01 1.869117E-01 -1.294121E+00 5.921158E-01 -1.422822E-01 9.894359E-01 2.763169E-02 3.390884E-04 4.204236E+00 8.440548E+00 
1.829901E-01 4.127439E-03 3.399545E-01 1.872607E-01 -1.442824E+00 5.936585E-01 -1.603636E-01 9.434179E-01 2.767255E-02 6.093858E-04 4.223363E+00 8.600456E+00 
1.892383E-01 3.781510E-03 3.206499E-01 1.876054E-01 -1.397822E+00 5.825479E-01 -1.465600E-01 9.606337E-01 2.754417E-02 9.120233E-04 4.156921E+00 8.558872E+00 
1.789225E-01 5.237306E-03 3.374512E-01 1.886920E-01 -1.422520E+00 5.797285E-01 -1.690292E-01 9.441503E-01 2.887707E-02 8.681225E-04 4.277554E+00 8.717790E+00 
1.746191E-01 4.951048E-03 3.338486E-01 1.860799E-01 -1.470568E+00 5.886026E-01 -1.729726E-01 9.805929E-01 2.974070E-02 6.550587E-04 3.841844E+00 8.398476E+00 
1.686137E-01 4.829917E-03 3.219747E-01 1.819732E-01 -1.392670E+00 5.835277E-01 -1.457962E-01 8.946179E-01 2.765707E-02 4.319257E-04 4.184729E+00 8.676779E+00 
1.742560E-01 5.519324E-03 3.220842E-01 1.852147E-01 -1.383174E+00 5.902764E-01 -1.152337E-01 9.476644E-01 2.875709E-02 7.668262E-04 3.886851E+00 8.952611E+00 
1.726953E-01 5.109459E-03 3.289610E-01 1.805887E-01 -1.451375E+00 5.878887E-01 -1.501509E-01 9.863962E-01 2.885792E-02 5.751000E-04 4.032811E+00 8.701271E+00 
1.777966E-01 4.769507E-03 3.307557E-01 1.825060E-01 -1.366697E+00 5.877375E-01 -1.873733E-01 9.109999E-01 2.684626E-02 9.944107E-04 3.983733E+00 8.541595E+00 
1.723348E-01 5.229811E-03 3.593189E-01 1.741028E-01 -1.473053E+00 5.844119E-01 -1.727385E-01 9.523207E-01 2.622290E-02 6.206015E-04 4.068323E+00 8.508456E+00 
1.554608E-01 7.698833E-03 3.170028E-01 1.807717E-01 -1.415367E+00 5.756382E-01 -1.239678E-01 9.713926E-01 2.813917E-02 4.747419E-04 3.686234E+00 9.113999E+00 
1.805516E-01 4.570130E-03 3.298479E-01 1.868532E-01 -1.379204E+00 5.940530E-01 -1.463297E-01 9.756107E-01 2.797513E-02 5.054363E-04 4.129546E+00 8.379740E+00 
1.861785E-01 3.207262E-03 3.135677E-01 1.830763E-01 -1.440304E+00 5.880378E-01 -1.387783E-01 9.586614E-01 2.613807E-02 7.432070E-04 4.200230E+00 8.409527E+00 
1.743737E-01 1.399948E-02 3.616602E-01 1.860727E-01 -1.302862E+00 5.938101E-01 -1.533669E-01 9.200359E-01 2.889144E-02 1.026792E-04 4.199061E+00 8.059959E+00 
1.725828E-01 6.552799E-03 3.339046E-01 1.798220E-01 -1.431175E+00 5.927547E-01 -1.736025E-01 9.778552E-01 2.587698E-02 6.308598E-04 3.523913E+00 8.386522E+00 
1.764963E-01 4.069179E-03 3.179592E-01 1.811923E-01 -1.388788E+00 5.908288E-01 -1.620597E-01 9.671283E-01 2.667636E-02 1.401893E-03 4.145608E+00 8.492941E+00 
1.781437E-01 6.694183E-03 3.151111E-01 1.881635E-01 -1.330354E+00 5.674623E-01 -1.011563E-01 9.539036E-01 2.838599E-02 3.519038E-04 3.669468E+00 9.213560E+00 
1.824145E-01 6.376142E-03 3.188016E-01 1.815397E-01 -1.360790E+00 5.730469E-01 -1.188381E-01 9.401958E-01 3.019253E-02 4.936672E-04 4.122956E+00 8.777571E+00 
1.788054E-01 4.079997E-03 3.383196E-01 1.816875E-01 -1.390419E+00 5.951533E-01 -1.289507E-01 9.334449E-01 2.906006E-02 5.472616E-04 4.052406E+00 8.604056E+00 
1.751882E-01 4.754953E-03 3.312443E-01 1.875856E-01 -1.382260E+00 5.909788E-01 -1.356488E-01 9.641662E-01 3.289542E-02 1.266956E-03 3.723343E+00 9.305925E+00 
1.804831E-01 4.829956E-03 3.305280E-01 1.866932E-01 -1.345752E+00 5.831884E-01 -1.322693E-01 9.592285E-01 2.630375E-02 8.642573E-04 4.234929E+00 8.875777E+00 
1.730675E-01 4.100019E-03 3.439334E-01 1.867689E-01 -1.403289E+00 5.873999E-01 -1.631206E-01 9.624219E-01 2.760648E-02 4.574028E-04 4.363405E+00 9.216616E+00 
1.801088E-01 3.887836E-03 3.518851E-01 1.837800E-01 -1.473263E+00 5.926030E-01 -1.253775E-01 9.436042E-01 2.735633E-02 3.937617E-04 4.095172E+00 8.833612E+00 
1.684184E-01 4.283704E-03 3.111105E-01 1.840225E-01 -1.393538E+00 5.782048E-01 -1.285273E-01 9.425107E-01 2.778864E-02 3.813927E-04 4.310485E+00 7.921011E+00 
1.860743E-01 6.617967E-03 3.346045E-01 1.879202E-01 -1.400669E+00 5.732168E-01 -1.340713E-01 9.379164E-01 2.691792E-02 6.620053E-04 4.295599E+00 8.958002E+00 
1.855464E-01 4.756165E-03 3.022613E-01 1.825232E-01 -1.404617E+00 5.883623E-01 -1.345957E-01 9.260177E-01 2.757188E-02 6.202155E-04 4.418390E+00 8.232787E+00 
1.714937E-01 5.439048E-03 3.097488E-01 1.817988E-01 -1.327767E+00 5.938788E-01 -1.377028E-01 9.197749E-01 2.881884E-02 8.424408E-04 4.288693E+00 9.052276E+00 
1.654001E-01 4.860496E-03 3.006136E-01 1.840987E-01 -1.357720E+00 5.819917E-01 -1.086932E-01 9.810219E-01 2.786858E-02 5.075088E-04 4.022080E+00 8.482035E+00 
1.743093E-01 6.770563E-03 3.459166E-01 1.815805E-01 -1.383288E+00 5.905943E-01 -1.898047E-01 9.391156E-01 2.685218E-02 6.164004E-04 4.254298E+00 8.140571E+00 
1.762192E-01 6.522235E-03 3.335194E-01 1.890263E-01 -1.357692E+00 5.868645E-01 -1.609101E-01 9.644575E-01 2.881812E-02 9.120231E-04 4.457686E+00 8.914193E+00 
1.617888E-01 4.786165E-03 2.958215E-01 1.818287E-01 -1.448946E+00 5.774750E-01 -1.674584E-01 9.492294E-01 2.689827E-02 1.561684E-03 4.349798E+00 9.142620E+00 
1.803655E-01 6.180142E-03 3.163734E-01 1.850549E-01 -1.411930E+00 5.874173E-01 -1.783462E-01 9.830213E-01 2.567358E-02 2.321700E-04 4.308316E+00 8.413724E+00 
1.699622E-01 7.914459E-03 3.123138E-01 1.871636E-01 -1.387397E+00 5.847600E-01 -8.689604E-02 9.321076E-01 2.829536E-02 6.086443E-04 4.327161E+00 8.514006E+00 
1.645950E-01 3.953122E-03 3.343280E-01 1.805117E-01 -1.431605E+00 5.830459E-01 -1.547926E-01 9.670973E-01 3.105801E-02 1.310627E-03 4.024230E+00 8.060325E+00 
1.720055E-01 5.758278E-03 3.228834E-01 1.817134E-01 -1.295804E+00 5.757951E-01 -1.408549E-01 9.362542E-01 2.591683E-02 2.529026E-04 3.910498E+00 9.236682E+00 
1.664953E-01 4.251840E-03 3.257356E-01 1.831984E-01 -1.427915E+00 5.903220E-01 -1.644636E-01 9.540372E-01 2.644769E-02 4.844145E-04 4.204430E+00 8.953280E+00 
1.585003E-01 5.732598E-03 3.203260E-01 1.867420E-01 -1.427013E+00 5.818667E-01 -1.154494E-01 9.931456E-01 2.707700E-02 2.188909E-04 4.344780E+00 8.913854E+00 
1.836009E-01 4.586050E-03 3.401378E-01 1.829219E-01 -1.333192E+00 6.000000E-01 -1.602827E-01 9.190487E-01 2.652761E-02 1.357229E-03 4.189600E+00 8.503460E+00 
1.693504E-01 5.713321E-03 3.060306E-01 1.803156E-01 -1.452250E+00 5.745894E-01 -1.206973E-01 9.088199E-01 2.796714E-02 7.032866E-04 4.161293E+00 8.664554E+00 
1.685611E-01 6.174222E-03 3.246570E-01 1.863178E-01 -1.409963E+00 5.878730E-01 -1.604487E-01 9.229538E-01 2.785448E-02 4.031637E-04 3.934621E+00 8.385876E+00 
1.782431E-01 4.668912E-03 3.343164E-01 1.826718E-01 -1.359158E+00 5.883667E-01 -1.511702E-01 9.203129E-01 2.832485E-02 7.256641E-04 3.944136E+00 9.098546E+00 
1.857729E-01 4.420857E-03 3.336355E-01 1.837126E-01 -1.390479E+00 5.794613E-01 -1.476510E-01 9.059825E-01 2.845263E-02 5.213434E-04 4.285583E+00 9.231337E+00 
1.555768E-01 7.237273E-03 3.327107E-01 1.796574E-01 -1.369083E+00 5.766065E-01 -1.362238E-01 9.628330E-01 2.622434E-02 4.772678E-04 4.303708E+00 8.554796E+00 
1.785899E-01 7.699742E-03 3.418867E-01 1.876888E-01 -1.353228E+00 5.992659E-01 -1.616566E-01 9.426516E-01 2.827455E-02 6.258376E-04 4.348032E+00 8.819859E+00 
1.620879E-01 7.987158E-03 3.496412E-01 1.853811E-01 -1.356065E+00 5.897504E-01 -1.523547E-01 9.484463E-01 2.523012E-02 1.381997E-03 4.191665E+00 8.016189E+00 
1.706977E-01 3.818750E-03 3.203412E-01 1.860352E-01 -1.405948E+00 5.869724E-01 -1.280325E-01 9.791713E-01 2.845835E-02 4.877465E-04 4.199612E+00 8.652409E+00 
1.841979E-01 4.583403E-03 3.499677E-01 1.880495E-01 -1.408703E+00 5.896756E-01 -1.632257E-01 9.652757E-01 2.665601E-02 1.066307E-03 4.250432E+00 7.911720E+00 
1.654366E-01 5.707702E-03 3.271552E-01 1.844158E-01 -1.341514E+00 5.753004E-01 -1.126127E-01 9.305521E-01 2.653721E-02 1.180826E-03 3.710974E+00 8.899112E+00 
1.686040E-01 6.527941E-03 3.262880E-01 1.836035E-01 -1.364134E+00 5.793556E-01 -1.347387E-01 9.905386E-01 2.660532E-02 1.674488E-03 4.277562E+00 8.861686E+00 
1.717253E-01 8.153675E-03 3.316852E-01 1.853577E-01 -1.434076E+00 5.818980E-01 -1.195454E-01 8.423256E-01 2.742774E-02 1.098843E-03 3.884913E+00 1.009544E+01 
1.718653E-01 5.209038E-03 3.128256E-01 1.828896E-01 -1.372240E+00 5.787423E-01 -1.275113E-01 9.401997E-01 2.924372E-02 6.808379E-04 4.164516E+00 8.939795E+00 
1.711407E-01 7.025128E-03 3.206659E-01 1.714622E-01 -1.410322E+00 5.693153E-01 -1.126573E-01 9.207640E-01 2.732467E-02 8.221636E-04 4.302853E+00 1.018624E+01 
1.736190E-01 3.883726E-03 3.089781E-01 1.850524E-01 -1.475772E+00 5.699588E-01 -1.139213E-01 9.773099E-01 2.989531E-02 5.158268E-04 4.277978E+00 9.188892E+00 
1.705243E-01 4.180589E-03 3.117446E-01 1.811342E-01 -1.418693E+00 5.852039E-01 -1.679003E-01 9.155504E-01 2.726961E-02 9.920480E-04 3.991433E+00 8.999292E+00 
1.689790E-01 5.292901E-03 2.930686E-01 1.819469E-01 -1.423644E+00 5.669069E-01 -1.229501E-01 8.983061E-01 2.952057E-02 6.705260E-04 4.324832E+00 8.861034E+00 
1.732396E-01 5.468653E-03 3.367268E-01 1.824114E-01 -1.431525E+00 5.939058E-01 -1.237748E-01 9.474759E-01 2.623511E-02 1.499318E-03 4.028416E+00 9.041048E+00 
1.843983E-01 4.075080E-03 3.169007E-01 1.789477E-01 -1.388812E+00 5.882026E-01 -1.383355E-01 8.984322E-01 2.787343E-02 4.444465E-04 4.067143E+00 9.058375E+00 
1.712983E-01 5.830920E-03 3.335145E-01 1.853704E-01 -1.374611E+00 5.792796E-01 -1.184435E-01 9.579203E-01 2.762991E-02 6.739025E-04 4.229960E+00 8.627890E+00 
1.792613E-01 4.098424E-03 3.159110E-01 1.805248E-01 -1.413657E+00 5.873625E-01 -1.139175E-01 9.631265E-01 2.771465E-02 5.512792E-04 4.086007E+00 8.877513E+00 
1.842148E-01 7.388406E-03 3.653623E-01 1.834570E-01 -1.425734E+00 5.856559E-01 -9.441379E-02 9.667099E-01 2.825425E-02 2.295535E-04 4.477564E+00 8.372602E+00 
2.000000E-01 4.165654E-03 3.231406E-01 1.815775E-01 -1.356036E+00 5.781126E-01 -1.334705E-01 9.390343E-01 2.759651E-02 7.502258E-04 4.013861E+00 8.351907E+00 
1.723038E-01 4.983856E-03 3.414348E-01 1.883836E-01 -1.369988E+00 5.899399E-01 -1.407225E-01 9.120541E-01 2.739860E-02 1.214201E-03 4.060653E+00 9.173636E+00 
1.645085E-01 4.108620E-03 3.329959E-01 1.841926E-01 -1.374867E+00 5.936121E-01 -1.507949E-01 9.253924E-01 2.801397E-02 6.322510E-04 4.252847E+00 8.445349E+00 
1.722103E-01 5.545479E-03 3.027564E-01 1.810069E-01 -1.409260E+00 5.767197E-01 -1.266091E-01 9.556549E-01 2.935039E-02 6.978517E-04 3.930265E+00 8.723057E+00 
1.799835E-01 4.199328E-03 3.290336E-01 1.797937E-01 -1.429196E+00 5.828422E-01 -1.665536E-01 9.333777E-01 2.766568E-02 5.475126E-04 4.044947E+00 8.836239E+00 
1.745111E-01 5.508186E-03 2.997611E-01 1.830354E-01 -1.394304E+00 5.859502E-01 -1.271994E-01 9.442171E-01 2.821233E-02 5.791132E-04 3.779311E+00 8.621915E+00 
1.696391E-01 5.473246E-03 3.296053E-01 1.763525E-01 -1.416101E+00 5.726380E-01 -1.314260E-01 9.387065E-01 2.630526E-02 1.868609E-04 4.222514E+00 8.957510E+00 
1.816774E-01 4.448377E-03 3.239304E-01 1.811192E-01 -1.541710E+00 5.815316E-01 -1.210230E-01 9.684955E-01 2.563146E-02 6.412328E-04 4.194735E+00 8.590042E+00 
1.730766E-01 4.283467E-03 3.154778E-01 1.821240E-01 -1.338276E+00 5.794360E-01 -1.440981E-01 9.705164E-01 2.836037E-02 2.717586E-04 3.651229E+00 8.130064E+00 
1.879406E-01 5.792711E-03 3.362152E-01 1.815713E-01 -1.366987E+00 5.958896E-01 -1.452117E-01 9.747489E-01 2.834024E-02 9.153370E-04 4.244037E+00 9.532311E+00 
1.769128E-01 3.391821E-03 3.298438E-01 1.807490E-01 -1.398518E+00 5.823893E-01 -1.217086E-01 9.883796E-01 3.060369E-02 8.703232E-04 3.933296E+00 8.986588E+00 
1.721596E-01 3.899851E-03 3.249388E-01 1.829019E-01 -1.382546E+00 5.859433E-01 -1.591115E-01 9.530208E-01 2.886808E-02 2.734829E-04 4.088502E+00 8.782435E+00 
1.764532E-01 4.616212E-03 3.200963E-01 1.840460E-01 -1.328512E+00 5.773207E-01 -7.808934E-02 9.546004E-01 2.473400E-02 6.142441E-04 3.746622E+00 9.103833E+00 
1.698001E-01 4.019744E-03 3.262614E-01 1.811938E-01 -1.376053E+00 5.842992E-01 -1.705524E-01 9.820113E-01 2.736301E-02 2.698659E-04 3.997170E+00 8.629352E+00 
1.767718E-01 6.136341E-03 3.346265E-01 1.828736E-01 -1.411313E+00 5.828800E-01 -1.121919E-01 9.046997E-01 2.619991E-02 8.047710E-04 3.666122E+00 8.174613E+00 
1.735817E-01 3.321893E-03 3.341137E-01 1.801941E-01 -1.415125E+00 5.916034E-01 -1.306957E-01 1.008040E+00 2.502235E-02 7.017817E-04 4.134767E+00 8.859645E+00 
1.745164E-01 4.812051E-03 3.282606E-01 1.805012E-01 -1.362252E+00 5.908854E-01 -1.448677E-01 9.089887E-01 2.741288E-02 5.816687E-04 3.958131E+00 8.856894E+00 
1.789320E-01 5.461216E-03 3.076400E-01 1.832239E-01 -1.286173E+00 5.793180E-01 -1.237405E-01 9.277399E-01 2.827123E-02 5.230839E-04 4.049335E+00 8.428610E+00 
1.765547E-01 3.974120E-03 3.355514E-01 1.871267E-01 -1.378179E+00 5.914525E-01 -1.349186E-01 9.456079E-01 2.736148E-02 2.015071E-04 4.730009E+00 9.244168E+00 
1.745669E-01 6.609507E-03 3.189268E-01 1.830394E-01 -1.417982E+00 5.825556E-01 -1.318428E-01 9.597058E-01 2.716629E-02 7.576750E-04 4.503212E+00 8.937209E+00 
1.822410E-01 7.552855E-03 3.291513E-01 1.861399E-01 -1.414099E+00 5.978552E-01 -1.335588E-01 9.458446E-01 2.597117E-02 7.480981E-04 4.151713E+00 8.433667E+00 
1.369089E-01 1.528088E-02 3.350371E-01 1.831963E-01 -1.342334E+00 2.748472E-01 -1.308277E-01 9.220037E-01 2.854863E-02 4.789186E-03 2.769936E+00 9.469089E+00 
1.848318E-01 5.300711E-03 3.427106E-01 1.849937E-01 -1.440809E+00 5.930885E-01 -1.769508E-01 9.999627E-01 2.647136E-02 1.097713E-03 4.058668E+00 8.828051E+00 
1.724711E-01 3.619897E-03 3.111644E-01 1.812525E-01 -1.419347E+00 5.635171E-01 -9.154356E-02 9.212681E-01 2.818731E-02 6.778789E-04 3.834768E+00 9.409086E+00 
1.782288E-01 5.520092E-03 3.128501E-01 1.800454E-01 -1.391362E+00 5.850852E-01 -1.402141E-01 9.460935E-01 2.628105E-02 9.211411E-04 4.008319E+00 8.745622E+00 
1.841343E-01 5.173883E-03 3.375565E-01 1.842570E-01 -1.420743E+00 5.803945E-01 -1.253521E-01 9.987725E-01 2.845550E-02 1.330250E-04 4.101864E+00 8.887697E+00 
1.936467E-01 5.191327E-03 3.226406E-01 1.881753E-01 -1.343189E+00 5.798542E-01 -1.376827E-01 9.168059E-01 2.932461E-02 1.886733E-03 4.122762E+00 9.335573E+00 
1.659500E-01 4.391671E-03 3.419304E-01 1.851652E-01 -1.374339E+00 5.891998E-01 -1.839452E-01 9.790271E-01 2.765642E-02 1.546968E-03 4.363333E+00 8.209124E+00 
1.786853E-01 3.725693E-03 3.047100E-01 1.816825E-01 -1.447019E+00 5.885872E-01 -1.672927E-01 9.535945E-01 2.837535E-02 1.167537E-03 4.216533E+00 8.699682E+00 
1.841512E-01 4.077871E-03 3.321884E-01 1.857342E-01 -1.397834E+00 5.895240E-01 -1.408081E-01 9.784134E-01 2.737245E-02 7.207471E-04 4.427739E+00 8.536203E+00 
1.714899E-01 5.405880E-03 3.288250E-01 1.836342E-01 -1.469343E+00 5.860099E-01 -1.189048E-01 9.532196E-01 2.515013E-02 9.937359E-04 4.194557E+00 8.847808E+00 
1.697268E-01 4.931796E-03 3.225173E-01 1.827580E-01 -1.397073E+00 5.758479E-01 -1.222520E-01 9.496125E-01 2.943110E-02 0.000000E+00 4.102783E+00 8.765093E+00 
1.733817E-01 5.642125E-03 2.976388E-01 1.826390E-01 -1.450679E+00 5.863276E-01 -1.244134E-01 1.004156E+00 2.662480E-02 3.022052E-04 3.973938E+00 8.150184E+00 
1.795223E-01 3.393441E-03 3.165757E-01 1.846902E-01 -1.447136E+00 5.898613E-01 -1.366541E-01 9.467051E-01 2.688820E-02 4.503883E-04 4.224735E+00 9.586523E+00 
1.837801E-01 6.455312E-03 3.367610E-01 1.802082E-01 -1.435167E+00 5.864026E-01 -1.686067E-01 9.686472E-01 2.727619E-02 5.969733E-04 4.384946E+00 9.327641E+00 
1.734414E-01 2.677839E-03 3.308505E-01 1.851120E-01 -1.392066E+00 5.746079E-01 -1.597148E-01 9.401375E-01 2.669883E-02 8.692372E-04 4.301123E+00 8.781864E+00 
1.711672E-01 3.328516E-03 3.102747E-01 1.841376E-01 -1.450001E+00 5.876641E-01 -1.501511E-01 8.877225E-01 2.547301E-02 2.246711E-04 4.408150E+00 9.040126E+00 
1.722805E-01 4.145489E-03 3.201481E-01 1.841093E-01 -1.382317E+00 5.850307E-01 -1.184070E-01 9.612439E-01 2.699100E-02 6.841516E-04 3.838671E+00 8.886425E+00 
1.723892E-01 4.324807E-03 3.415793E-01 1.859328E-01 -1.373288E+00 5.892083E-01 -9.565746E-02 1.021919E+00 2.666180E-02 6.548992E-04 4.149174E+00 8.877424E+00 
1.769610E-01 4.171917E-03 3.371227E-01 1.816945E-01 -1.449881E+00 5.752825E-01 -1.320928E-01 9.482432E-01 2.789712E-02 8.552998E-04 4.102171E+00 9.155601E+00 
1.713845E-01 4.868639E-03 3.186651E-01 1.827059E-01 -1.396295E+00 5.856265E-01 -9.854868E-02 9.262135E-01 2.776488E-02 1.711080E-04 4.509743E+00 8.647277E+00 
1.860665E-01 3.808362E-03 3.326255E-01 1.869271E-01 -1.406298E+00 5.960157E-01 -1.869027E-01 9.332271E-01 2.764786E-02 3.696624E-04 4.185184E+00 8.641716E+00 
1.907519E-01 7.146565E-03 3.214768E-01 1.765279E-01 -1.383556E+00 6.000000E-01 -1.293094E-01 9.567193E-01 2.716225E-02 4.097886E-04 4.223463E+00 1.118020E+01 
1.659872E-01 5.760698E-03 3.242731E-01 1.837682E-01 -1.346027E+00 5.893964E-01 -1.486036E-01 9.868476E-01 2.839347E-02 0.000000E+00 4.245085E+00 8.200285E+00 
1.719867E-01 4.297542E-03 3.274071E-01 1.827797E-01 -1.412277E+00 5.893226E-01 -1.401356E-01 9.627917E-01 2.715431E-02 1.312879E-03 3.929025E+00 8.749482E+00 
1.643483E-01 1.174136E-02 3.495479E-01 1.820742E-01 -1.448980E+00 5.957679E-01 -1.318653E-01 9.697918E-01 2.807445E-02 1.248988E-04 4.473514E+00 9.365422E+00 
1.771713E-01 3.847435E-03 3.243502E-01 1.825595E-01 -1.371654E+00 5.795023E-01 -1.399636E-01 9.324883E-01 2.801678E-02 7.038110E-04 3.904646E+00 8.715969E+00 
1.744020E-01 5.542766E-03 3.129741E-01 1.841877E-01 -1.391512E+00 5.760231E-01 -1.123418E-01 9.574890E-01 2.792995E-02 1.432021E-03 4.270619E+00 8.825086E+00 
1.840351E-01 1.372200E-02 3.231418E-01 1.886450E-01 -1.383601E+00 5.987007E-01 -1.564323E-01 9.149542E-01 2.689374E-02 1.281076E-04 5.219494E+00 8.394486E+00 
1.820493E-01 7.556370E-03 3.400974E-01 1.816550E-01 -1.416702E+00 6.000000E-01 -1.627189E-01 9.152410E-01 2.782185E-02 9.370640E-04 4.179168E+00 8.807096E+00 
1.661038E-01 4.813292E-03 3.256136E-01 1.825552E-01 -1.406250E+00 5.863144E-01 -1.502305E-01 9.739360E-01 2.824992E-02 8.010195E-04 4.048713E+00 8.330048E+00 
1.739164E-01 4.499185E-03 3.274786E-01 1.834731E-01 -1.479536E+00 5.835220E-01 -1.218729E-01 9.385542E-01 2.832346E-02 6.904029E-04 4.145395E+00 8.967179E+00 
1.856886E-01 3.682125E-03 3.043492E-01 1.847958E-01 -1.442653E+00 5.787420E-01 -1.348590E-01 9.954661E-01 2.793975E-02 8.457540E-04 4.226456E+00 8.315612E+00 
1.736101E-01 4.655377E-03 3.161547E-01 1.891868E-01 -1.349919E+00 5.908958E-01 -9.914413E-02 9.422738E-01 2.836048E-02 7.939469E-04 3.967583E+00 8.858783E+00 
1.755651E-01 5.367083E-03 3.424890E-01 1.825817E-01 -1.425105E+00 5.895137E-01 -1.513471E-01 9.365611E-01 2.989026E-02 7.202365E-04 3.891289E+00 8.658707E+00 
1.691716E-01 5.133934E-03 3.476982E-01 1.832857E-01 -1.376121E+00 5.848301E-01 -1.401561E-01 9.525002E-01 2.853409E-02 9.860836E-04 4.230883E+00 8.502893E+00 
1.703153E-01 5.516666E-03 3.351476E-01 1.838560E-01 -1.339276E+00 6.000000E-01 -1.420159E-01 9.111155E-01 2.990969E-02 6.504244E-04 3.658444E+00 9.295665E+00 
1.753352E-01 3.755210E-03 3.280615E-01 1.831249E-01 -1.404474E+00 5.901725E-01 -1.268778E-01 9.236594E-01 2.660228E-02 5.178143E-04 3.982663E+00 8.804719E+00 
1.736285E-01 4.384765E-03 2.980563E-01 1.819071E-01 -1.438831E+00 5.762843E-01 -1.290591E-01 9.755238E-01 2.826112E-02 1.706953E-04 4.252262E+00 9.179933E+00 
1.621361E-01 6.389854E-03 3.285379E-01 1.810074E-01 -1.342658E+00 5.865403E-01 -1.520310E-01 9.676970E-01 2.823729E-02 1.130839E-03 4.076514E+00 8.045068E+00 
1.741433E-01 4.295689E-03 3.322504E-01 1.814880E-01 -1.392911E+00 5.809812E-01 -1.588285E-01 9.719001E-01 2.705966E-02 6.250646E-04 4.173003E+00 8.698975E+00 
1.684833E-01 6.448041E-03 3.333214E-01 1.843030E-01 -1.389550E+00 5.967765E-01 -1.094664E-01 1.002637E+00 2.785991E-02 5.832172E-04 3.776742E+00 9.277561E+00 
1.815025E-01 4.840981E-03 3.336212E-01 1.823390E-01 -1.380497E+00 5.748444E-01 -1.621021E-01 9.443351E-01 2.896398E-02 3.872660E-04 3.960712E+00 8.655944E+00 
1.622548E-01 6.559430E-03 3.399491E-01 1.872217E-01 -1.389723E+00 5.893360E-01 -1.578106E-01 1.004544E+00 2.628338E-02 8.703796E-04 4.210582E+00 8.542759E+00 
1.794888E-01 5.134149E-03 3.157295E-01 1.793537E-01 -1.401400E+00 5.896626E-01 -1.594105E-01 9.601575E-01 2.835146E-02 3.662655E-04 4.357854E+00 9.266039E+00 
1.667001E-01 3.075899E-03 3.298857E-01 1.825466E-01 -1.440760E+00 5.863322E-01 -1.623205E-01 9.416495E-01 2.785022E-02 6.006511E-04 3.859998E+00 8.430322E+00 
1.622209E-01 4.948195E-03 3.474990E-01 1.792936E-01 -1.477788E+00 5.882325E-01 -1.712937E-01 9.433603E-01 2.534472E-02 3.089308E-04 3.962263E+00 8.881796E+00 
1.694054E-01 3.868744E-03 3.269716E-01 1.854995E-01 -1.385393E+00 5.813586E-01 -1.367128E-01 1.003758E+00 2.741874E-02 3.507637E-04 4.009393E+00 8.727943E+00 
1.826518E-01 4.389016E-03 3.310383E-01 1.886281E-01 -1.389002E+00 5.929455E-01 -1.507386E-01 8.998486E-01 2.823448E-02 5.937717E-04 4.627910E+00 8.563893E+00 
1.793086E-01 2.369367E-02 3.083058E-01 1.821492E-01 -1.349710E+00 4.207839E-01 -9.287824E-02 9.503472E-01 2.949389E-02 3.303056E-03 3.918246E+00 8.819449E+00 
1.798624E-01 6.354728E-03 3.265969E-01 1.832165E-01 -1.493812E+00 5.920816E-01 -1.386716E-01 9.569989E-01 2.598272E-02 5.127892E-04 4.419445E+00 8.948709E+00 
1.619725E-01 3.884827E-03 3.147000E-01 1.800338E-01 -1.452722E+00 5.881730E-01 -1.283288E-01 9.589775E-01 2.794915E-02 2.688383E-04 4.141725E+00 8.649079E+00 
1.704369E-01 2.622848E-03 3.145823E-01 1.856477E-01 -1.436181E+00 5.746356E-01 -1.059505E-01 9.117500E-01 2.921187E-02 8.531590E-04 3.872041E+00 8.752746E+00 
1.876565E-01 5.577809E-03 3.256289E-01 1.818387E-01 -1.522837E+00 5.872423E-01 -1.121256E-01 9.504333E-01 2.676398E-02 4.222298E-04 4.160099E+00 9.467684E+00 
1.694785E-01 5.071060E-03 3.340759E-01 1.737521E-01 -1.462715E+00 5.845199E-01 -1.186831E-01 9.469770E-01 2.819338E-02 5.510897E-04 4.209549E+00 9.072195E+00 
1.656292E-01 5.437134E-03 3.270671E-01 1.838691E-01 -1.390768E+00 5.901941E-01 -1.932279E-01 9.568196E-01 2.974441E-02 1.337852E-03 3.905123E+00 9.546037E+00 
1.737188E-01 5.867995E-03 3.082463E-01 1.834376E-01 -1.403754E+00 5.954984E-01 -8.291040E-02 1.016555E+00 2.917666E-02 6.566087E-04 4.125239E+00 8.704569E+00 
1.787709E-01 5.208554E-03 3.134420E-01 1.837385E-01 -1.367948E+00 5.642940E-01 -9.130295E-02 9.365514E-01 2.843914E-02 2.833160E-04 4.082918E+00 8.399545E+00 
1.599983E-01 4.949485E-03 3.223305E-01 1.810228E-01 -1.458541E+00 5.881635E-01 -1.683976E-01 9.508390E-01 2.752383E-02 4.460951E-04 3.991899E+00 8.737551E+00 
1.748046E-01 5.098851E-03 3.344021E-01 1.875692E-01 -1.421328E+00 5.862965E-01 -1.155256E-01 9.988215E-01 2.753061E-02 6.417909E-04 4.076112E+00 9.497164E+00 
1.822124E-01 5.557714E-03 3.326267E-01 1.875861E-01 -1.481507E+00 5.920529E-01 -1.401449E-01 8.954513E-01 2.698026E-02 1.309478E-03 4.111430E+00 9.174367E+00 
1.791139E-01 5.975325E-03 3.340131E-01 1.885684E-01 -1.439141E+00 5.799700E-01 -1.536627E-01 9.729631E-01 2.793599E-02 7.133388E-04 4.360207E+00 9.117837E+00 
1.884834E-01 5.865824E-03 3.042806E-01 1.865391E-01 -1.363079E+00 5.909733E-01 -1.320654E-01 9.326992E-01 2.870451E-02 8.924179E-04 3.869738E+00 8.693228E+00 
1.479432E-01 3.630832E-02 3.316196E-01 1.764618E-01 -1.361038E+00 5.697464E-01 -1.207632E-01 9.548743E-01 2.696897E-02 8.472707E-04 3.527882E+00 8.099419E+00 
1.770583E-01 4.145355E-03 3.560979E-01 1.840267E-01 -1.430999E+00 5.792624E-01 -1.559869E-01 9.438808E-01 2.720524E-02 1.234305E-03 4.336117E+00 8.507552E+00 
1.694247E-01 6.053988E-03 3.314131E-01 1.883612E-01 -1.492195E+00 5.866659E-01 -1.402527E-01 9.836418E-01 2.800752E-02 1.257474E-05 4.303452E+00 8.264767E+00 
1.869315E-01 5.101040E-03 3.224706E-01 1.824234E-01 -1.489619E+00 5.831300E-01 -1.221177E-01 9.103137E-01 2.712098E-02 2.068029E-04 4.047515E+00 8.725283E+00 
1.635780E-01 4.934500E-03 3.276554E-01 1.845057E-01 -1.479058E+00 5.893015E-01 -1.637374E-01 9.431098E-01 2.755474E-02 8.727641E-04 4.167040E+00 8.862586E+00 
1.669192E-01 5.211601E-03 3.388053E-01 1.837993E-01 -1.431023E+00 5.876949E-01 -1.742772E-01 1.019362E+00 2.627764E-02 7.222139E-04 4.391913E+00 9.169553E+00 
1.793560E-01 5.508631E-03 3.285203E-01 1.844431E-01 -1.366236E+00 5.855550E-01 -1.224913E-01 9.010075E-01 2.822115E-02 7.412180E-04 4.226586E+00 8.736880E+00 
1.811179E-01 4.675119E-03 3.120341E-01 1.861148E-01 -1.426508E+00 5.944145E-01 -1.214922E-01 9.609522E-01 2.739279E-02 4.150985E-04 3.946131E+00 8.982913E+00 
1.619013E-01 6.647464E-03 3.322872E-01 1.807192E-01 -1.405767E+00 5.902551E-01 -1.964640E-01 9.680800E-01 2.647741E-02 5.955566E-04 3.929110E+00 8.844576E+00 
1.702021E-01 4.118125E-03 3.318278E-01 1.818443E-01 -1.374358E+00 5.895080E-01 -1.538061E-01 9.788198E-01 2.508601E-02 7.831337E-04 4.266230E+00 8.018793E+00 
1.774268E-01 6.641866E-03 3.324209E-01 1.883768E-01 -1.380946E+00 5.881354E-01 -1.562738E-01 9.687765E-01 2.893725E-02 7.805965E-04 4.326329E+00 8.930756E+00 
1.823309E-01 6.252698E-03 3.036864E-01 1.801139E-01 -1.371633E+00 5.841872E-01 -1.181067E-01 9.069530E-01 2.829099E-02 1.061167E-03 3.988612E+00 8.926823E+00 
1.828999E-01 4.235529E-03 3.337101E-01 1.874928E-01 -1.392230E+00 5.937721E-01 -1.156437E-01 9.521698E-01 2.828120E-02 3.347739E-04 4.084548E+00 9.027359E+00 
1.640968E-01 4.283262E-03 3.088545E-01 1.758080E-01 -1.460027E+00 5.897524E-01 -1.321390E-01 9.773868E-01 2.587592E-02 5.067749E-04 4.066016E+00 7.797326E+00 
1.733003E-01 5.923055E-03 3.143051E-01 1.862553E-01 -1.436935E+00 5.837606E-01 -1.062536E-01 9.877524E-01 2.774989E-02 8.855300E-04 4.198497E+00 8.755775E+00 
1.759958E-01 5.912048E-03 3.251911E-01 1.856200E-01 -1.390874E+00 5.894588E-01 -1.155490E-01 9.552972E-01 2.761330E-02 7.644635E-04 4.066290E+00 9.153107E+00 
1.721322E-01 4.461745E-03 3.216813E-01 1.849253E-01 -1.461448E+00 5.829155E-01 -1.113606E-01 9.189577E-01 2.885299E-02 8.754858E-04 4.099549E+00 8.388911E+00 
1.682242E-01 5.980915E-03 3.242751E-01 1.828773E-01 -1.392638E+00 5.938602E-01 -1.539026E-01 9.181243E-01 2.941474E-02 3.236921E-04 4.387879E+00 8.988854E+00 
1.755251E-01 4.547779E-03 3.033844E-01 1.823947E-01 -1.357047E+00 5.833109E-01 -1.497372E-01 9.112474E-01 2.709328E-02 6.982284E-04 3.953602E+00 8.987132E+00 
1.768155E-01 5.374918E-03 3.410684E-01 1.848908E-01 -1.396263E+00 5.948757E-01 -1.505997E-01 9.489080E-01 2.547561E-02 2.207970E-04 4.410622E+00 8.662654E+00 
1.759653E-01 6.014813E-03 3.644983E-01 1.862721E-01 -1.477503E+00 5.944688E-01 -1.522835E-01 9.194276E-01 2.800144E-02 8.175312E-04 4.034598E+00 8.773504E+00 
1.778298E-01 4.710298E-03 3.269308E-01 1.885749E-01 -1.541520E+00 5.872748E-01 -1.416914E-01 9.284326E-01 2.646849E-02 3.836509E-04 4.145018E+00 8.501056E+00 
1.820637E-01 3.396804E-03 3.489912E-01 1.830960E-01 -1.441644E+00 5.911123E-01 -1.930645E-01 9.341247E-01 2.792334E-02 6.787416E-04 4.422870E+00 8.551735E+00 
1.993878E-01 6.020364E-03 3.435409E-01 1.861693E-01 -1.437829E+00 5.958272E-01 -2.000000E-01 9.767943E-01 2.741357E-02 7.361026E-04 3.793056E+00 9.097054E+00 
1.389479E-01 1.298368E-02 3.445217E-01 1.776325E-01 -1.388668E+00 5.512959E-01 -1.434510E-01 9.599708E-01 2.938431E-02 2.046687E-03 4.142901E+00 9.597648E+00 
1.707298E-01 5.219621E-03 3.180425E-01 1.808080E-01 -1.451621E+00 5.517100E-01 -1.219028E-01 9.509631E-01 2.932704E-02 2.921241E-04 4.123405E+00 8.695789E+00 
1.707536E-01 5.056463E-03 3.169358E-01 1.811988E-01 -1.400045E+00 5.908026E-01 -1.388870E-01 9.456758E-01 2.517906E-02 4.332782E-05 4.062430E+00 8.779071E+00 
1.577302E-01 4.252614E-03 3.131775E-01 1.814161E-01 -1.438259E+00 5.750592E-01 -1.205935E-01 9.218188E-01 3.015806E-02 1.041816E-03 3.991633E+00 8.559655E+00 
1.749802E-01 4.950523E-03 3.152727E-01 1.839453E-01 -1.458355E+00 5.800162E-01 -1.085475E-01 9.291156E-01 2.897379E-02 2.856826E-04 3.773145E+00 9.066651E+00 
1.747957E-01 5.434212E-03 3.369441E-01 1.844578E-01 -1.465686E+00 5.886772E-01 -1.711892E-01 9.442152E-01 2.615025E-02 1.019272E-03 4.052509E+00 8.827490E+00 
1.753873E-01 5.844390E-03 3.175247E-01 1.800408E-01 -1.416394E+00 5.850415E-01 -1.513671E-01 9.355630E-01 2.605208E-02 5.206971E-04 3.631407E+00 9.121392E+00 
1.732301E-01 5.247439E-03 3.253437E-01 1.839334E-01 -1.401958E+00 5.730775E-01 -1.359095E-01 9.894396E-01 2.766576E-02 9.330913E-04 3.905187E+00 9.554439E+00 
1.686128E-01 4.929832E-03 3.513337E-01 1.813495E-01 -1.465512E+00 6.000000E-01 -8.883143E-02 1.038443E+00 2.736652E-02 7.549396E-04 4.052669E+00 9.541739E+00 
1.714023E-01 5.060809E-03 3.020619E-01 1.843970E-01 -1.492022E+00 5.875071E-01 -1.556752E-01 9.339269E-01 2.726369E-02 1.691023E-03 4.057238E+00 8.673114E+00 
1.796390E-01 4.046539E-03 3.397136E-01 1.814389E-01 -1.390177E+00 5.867616E-01 -1.280878E-01 9.216393E-01 2.755437E-02 6.828653E-04 3.947913E+00 8.811841E+00 
1.714504E-01 6.058711E-03 3.444212E-01 1.761168E-01 -1.453779E+00 5.900482E-01 -1.241850E-01 9.895684E-01 2.761598E-02 5.984750E-04 4.141527E+00 8.995064E+00 
1.708643E-01 3.651632E-03 3.603338E-01 1.855247E-01 -1.338836E+00 5.827486E-01 -1.473798E-01 9.487304E-01 2.582427E-02 9.059225E-04 4.150722E+00 8.475985E+00 
1.793370E-01 6.444778E-03 3.361530E-01 1.884049E-01 -1.391671E+00 5.910988E-01 -1.285641E-01 9.854545E-01 2.887272E-02 1.484963E-03 4.199553E+00 9.168000E+00 
1.757366E-01 5.813221E-03 3.491627E-01 1.821614E-01 -1.416313E+00 5.899357E-01 -1.611810E-01 9.383586E-01 2.650979E-02 3.049984E-04 4.111037E+00 8.882285E+00 
1.720777E-01 6.445336E-03 3.135727E-01 1.827523E-01 -1.383869E+00 5.916300E-01 -1.767348E-01 9.466201E-01 2.786626E-02 6.019249E-04 4.588901E+00 8.630087E+00 
1.562343E-01 5.914721E-03 3.072217E-01 1.805425E-01 -1.435481E+00 5.827954E-01 -1.225973E-01 9.515111E-01 2.800250E-02 2.518595E-04 4.558830E+00 8.168945E+00 
1.858836E-01 5.267831E-03 3.364905E-01 1.865623E-01 -1.421396E+00 5.922411E-01 -1.787498E-01 9.462555E-01 2.724987E-02 1.109259E-03 4.081185E+00 8.632205E+00 
1.751071E-01 4.669717E-03 3.185079E-01 1.838151E-01 -1.379300E+00 5.816109E-01 -1.182303E-01 9.755657E-01 2.621158E-02 9.134554E-04 3.681242E+00 8.724360E+00 
1.886654E-01 4.327445E-03 3.045746E-01 1.826184E-01 -1.365133E+00 5.816918E-01 -1.243861E-01 8.705721E-01 2.669557E-02 1.286406E-03 3.742077E+00 8.737037E+00 
1.694167E-01 4.930230E-03 2.991133E-01 1.826511E-01 -1.377826E+00 5.839965E-01 -1.159028E-01 1.027037E+00 2.476833E-02 1.079062E-03 4.114553E+00 8.321812E+00 
1.708326E-01 4.662518E-03 3.174142E-01 1.821121E-01 -1.381439E+00 5.807964E-01 -1.362726E-01 9.523443E-01 2.691038E-02 3.768782E-04 3.235149E+00 8.338373E+00 
1.571634E-01 5.909507E-03 3.120736E-01 1.805661E-01 -1.317524E+00 5.676518E-01 -1.700639E-01 9.477082E-01 2.908781E-02 3.094948E-03 4.282954E+00 8.740809E+00 
1.789192E-01 5.349246E-03 3.166102E-01 1.856453E-01 -1.361215E+00 5.597395E-01 -1.313342E-01 9.610839E-01 2.799878E-02 3.555442E-04 4.180139E+00 8.481512E+00 
1.893456E-01 4.756820E-03 3.209993E-01 1.856979E-01 -1.412275E+00 5.924956E-01 -1.647313E-01 9.092865E-01 2.642420E-02 7.153704E-04 4.417375E+00 8.765573E+00 
1.719261E-01 3.949686E-03 3.279507E-01 1.845410E-01 -1.366010E+00 5.820520E-01 -1.168099E-01 9.699932E-01 2.841498E-02 4.022278E-04 4.197423E+00 8.553159E+00 
1.769871E-01 5.062846E-03 3.188605E-01 1.828248E-01 -1.411413E+00 5.890711E-01 -1.744115E-01 9.501493E-01 2.775473E-02 6.589468E-04 4.138446E+00 8.284661E+00 
1.692510E-01 4.672134E-03 3.075985E-01 1.827711E-01 -1.439807E+00 5.846836E-01 -1.167285E-01 9.817553E-01 2.763320E-02 6.126781E-04 4.008915E+00 8.879204E+00 
1.791192E-01 4.897547E-03 3.214162E-01 1.820415E-01 -1.362983E+00 5.744794E-01 -1.167607E-01 9.522521E-01 2.737969E-02 6.926144E-04 4.091132E+00 8.598916E+00 
1.656246E-01 4.678108E-03 3.316046E-01 1.814211E-01 -1.361032E+00 5.868801E-01 -1.511078E-01 1.006341E+00 2.664874E-02 9.357659E-04 3.793348E+00 8.848379E+00 
1.661442E-01 4.558532E-03 3.174697E-01 1.800260E-01 -1.408044E+00 5.867625E-01 -1.725282E-01 9.739405E-01 2.731533E-02 3.579994E-04 3.850820E+00 8.863366E+00 
1.682186E-01 4.381193E-03 3.137323E-01 1.813236E-01 -1.391467E+00 5.767597E-01 -1.483016E-01 9.425900E-01 2.822055E-02 9.283923E-04 4.143196E+00 8.790129E+00 
1.689817E-01 4.974650E-03 3.235322E-01 1.850214E-01 -1.440472E+00 5.852319E-01 -1.554647E-01 9.553181E-01 2.541598E-02 7.100068E-04 4.277106E+00 9.339879E+00 
1.559744E-01 4.092710E-03 3.173400E-01 1.866609E-01 -1.396519E+00 5.891718E-01 -1.423457E-01 9.088592E-01 2.657456E-02 6.262499E-04 4.721531E+00 9.015309E+00 
1.839653E-01 5.150688E-03 3.421296E-01 1.771951E-01 -1.434591E+00 5.987174E-01 -2.000000E-01 9.328474E-01 2.704720E-02 1.047871E-03 4.270052E+00 9.179580E+00 
1.776550E-01 5.341060E-03 3.308462E-01 1.829644E-01 -1.489918E+00 5.784643E-01 -1.308821E-01 9.760611E-01 2.863955E-02 1.059962E-03 4.012906E+00 9.051190E+00 
1.748895E-01 3.842285E-03 3.522350E-01 1.836222E-01 -1.413714E+00 5.957259E-01 -1.615703E-01 9.723814E-01 2.421194E-02 5.200497E-04 4.432819E+00 9.098918E+00 
1.762782E-01 7.534694E-03 3.156530E-01 1.861677E-01 -1.374022E+00 5.811667E-01 -1.076299E-01 9.520459E-01 2.850167E-02 2.922917E-04 3.965476E+00 8.768142E+00 
1.806266E-01 4.165748E-03 3.277342E-01 1.783175E-01 -1.364639E+00 5.777276E-01 -1.259596E-01 9.527781E-01 2.994513E-02 3.499416E-04 4.063839E+00 8.728555E+00 
1.831886E-01 5.246420E-03 3.420992E-01 1.865011E-01 -1.529518E+00 5.952155E-01 -1.673755E-01 9.449996E-01 2.803454E-02 4.317205E-04 4.374513E+00 8.963566E+00 
1.794772E-01 4.104772E-03 3.293711E-01 1.827432E-01 -1.379851E+00 5.883522E-01 -1.244558E-01 9.520760E-01 2.609585E-02 2.581031E-04 4.405921E+00 8.403404E+00 
1.742508E-01 9.368857E-03 3.584923E-01 1.834023E-01 -1.494162E+00 5.901480E-01 -1.675625E-01 9.898489E-01 2.689630E-02 1.190245E-03 4.225483E+00 8.846047E+00 
1.764442E-01 7.421414E-03 3.546108E-01 1.769310E-01 -1.492533E+00 5.801120E-01 -1.446395E-01 9.487985E-01 2.710078E-02 8.820464E-04 4.244875E+00 9.031885E+00 
1.696113E-01 6.425660E-03 3.300420E-01 1.815454E-01 -1.412344E+00 5.883740E-01 -1.324014E-01 9.412414E-01 2.816728E-02 7.627343E-04 4.037351E+00 8.544098E+00 
1.742496E-01 4.956123E-03 3.106213E-01 1.829464E-01 -1.436085E+00 5.792649E-01 -1.586363E-01 9.379774E-01 2.820431E-02 1.370580E-03 4.069756E+00 8.918958E+00 
1.793156E-01 5.767433E-03 3.203353E-01 1.830330E-01 -1.445921E+00 5.806603E-01 -1.384129E-01 9.682181E-01 2.813635E-02 5.511776E-04 4.162339E+00 8.694182E+00 
1.819204E-01 4.631191E-03 3.297326E-01 1.801343E-01 -1.376580E+00 5.879925E-01 -1.436600E-01 8.479689E-01 2.910956E-02 5.076609E-04 4.132339E+00 8.169804E+00 
1.886163E-01 5.059047E-03 3.313544E-01 1.881392E-01 -1.355428E+00 5.960127E-01 -1.430619E-01 9.306741E-01 2.600439E-02 8.065399E-04 4.377303E+00 9.057554E+00 
1.483179E-01 5.770352E-03 3.242745E-01 1.784612E-01 -1.477687E+00 5.834107E-01 -1.441501E-01 8.802572E-01 2.915825E-02 7.379488E-04 4.380938E+00 1.072017E+01 
1.911594E-01 4.061330E-03 3.304146E-01 1.746507E-01 -1.413020E+00 5.890919E-01 -1.768656E-01 9.226729E-01 2.688916E-02 6.650632E-04 4.509826E+00 9.256057E+00 
1.726090E-01 7.156858E-03 3.307931E-01 1.833391E-01 -1.402275E+00 5.857190E-01 -1.683503E-01 9.531956E-01 2.635076E-02 3.677676E-04 4.262593E+00 8.666399E+00 
1.632257E-01 3.648587E-03 3.257113E-01 1.820848E-01 -1.412705E+00 5.859493E-01 -1.110255E-01 9.425941E-01 3.196848E-02 7.455016E-04 3.443671E+00 8.634995E+00 
1.645072E-01 6.274578E-03 3.306396E-01 1.765923E-01 -1.403104E+00 5.760749E-01 -1.231632E-01 9.279328E-01 3.080778E-02 5.250903E-04 3.964045E+00 9.041631E+00 
1.765628E-01 4.332173E-03 3.152621E-01 1.844824E-01 -1.376151E+00 5.865377E-01 -1.132972E-01 9.141325E-01 2.898794E-02 4.981298E-04 3.946627E+00 7.787917E+00 
1.628317E-01 4.632292E-03 3.187850E-01 1.848694E-01 -1.340437E+00 5.857396E-01 -1.321292E-01 9.256472E-01 2.746442E-02 9.201978E-04 4.049018E+00 8.767951E+00 
1.825744E-01 2.659166E-03 3.381343E-01 1.834145E-01 -1.422304E+00 5.881730E-01 -1.438020E-01 9.575351E-01 2.673422E-02 9.985788E-04 4.098206E+00 8.696385E+00 
1.870773E-01 4.946438E-03 3.209596E-01 1.895454E-01 -1.356537E+00 5.729919E-01 -1.238147E-01 9.090292E-01 2.878812E-02 6.392084E-04 4.303330E+00 9.229316E+00 
1.691087E-01 4.621120E-03 3.341191E-01 1.848111E-01 -1.372312E+00 5.879515E-01 -1.479449E-01 9.395763E-01 2.748117E-02 7.970804E-04 4.089792E+00 8.142013E+00 
1.871129E-01 3.745678E-03 3.260537E-01 1.856519E-01 -1.297784E+00 5.854245E-01 -1.276592E-01 9.245619E-01 2.787757E-02 9.578358E-04 4.635800E+00 8.987687E+00 
1.826381E-01 4.527672E-03 3.260572E-01 1.838984E-01 -1.323028E+00 5.843545E-01 -1.476287E-01 9.329641E-01 2.734342E-02 2.497923E-04 3.795208E+00 8.613140E+00 
1.605824E-01 3.237419E-03 3.245086E-01 1.789230E-01 -1.420005E+00 5.781799E-01 -1.414738E-01 9.841981E-01 2.972464E-02 2.894785E-03 4.066274E+00 9.247605E+00 
1.755499E-01 5.767956E-03 3.283086E-01 1.832922E-01 -1.471288E+00 5.784472E-01 -1.351295E-01 9.696761E-01 2.720788E-02 3.550507E-04 4.091969E+00 8.974381E+00 
1.794788E-01 3.992743E-03 3.310795E-01 1.798732E-01 -1.245359E+00 5.914895E-01 -9.173573E-02 9.358569E-01 2.581448E-02 4.563765E-04 3.913653E+00 8.608746E+00 
1.730569E-01 7.048493E-03 3.265047E-01 1.839339E-01 -1.373174E+00 5.910086E-01 -1.542958E-01 9.544497E-01 2.795698E-02 5.783485E-04 3.920413E+00 9.130061E+00 
1.703406E-01 2.726156E-03 3.069308E-01 1.825350E-01 -1.395561E+00 5.885523E-01 -1.034339E-01 9.873333E-01 2.916713E-02 7.076575E-04 3.233910E+00 9.065711E+00 
1.792497E-01 6.795930E-03 3.322258E-01 1.880193E-01 -1.431868E+00 5.967003E-01 -1.467739E-01 9.767249E-01 2.919391E-02 9.494879E-04 4.260297E+00 8.990429E+00 
1.731473E-01 3.772265E-03 3.179440E-01 1.830133E-01 -1.364858E+00 5.849968E-01 -1.404097E-01 9.736225E-01 2.547447E-02 8.650067E-04 3.625708E+00 9.093399E+00 
1.721150E-01 5.287309E-03 3.362800E-01 1.728834E-01 -1.491734E+00 5.746685E-01 -1.350633E-01 9.640980E-01 2.808330E-02 4.647727E-04 3.984055E+00 8.828102E+00 
1.798821E-01 3.759679E-03 3.274686E-01 1.839005E-01 -1.332594E+00 5.894744E-01 -1.995007E-01 9.489305E-01 2.891738E-02 1.498701E-03 4.258059E+00 8.740376E+00 
1.652689E-01 5.132521E-03 3.295964E-01 1.801986E-01 -1.405670E+00 5.550896E-01 -1.413402E-01 9.280329E-01 2.725673E-02 2.630145E-04 3.978487E+00 8.672190E+00 
1.708944E-01 4.866414E-03 3.335150E-01 1.809425E-01 -1.449444E+00 6.000000E-01 -1.364163E-01 9.837702E-01 2.921032E-02 7.358964E-04 4.092935E+00 8.309990E+00 
1.834270E-01 5.242352E-03 3.398236E-01 1.850243E-01 -1.484069E+00 5.953913E-01 -1.574163E-01 9.534819E-01 2.671131E-02 9.476070E-04 4.291727E+00 9.292483E+00 
1.623041E-01 4.023604E-03 3.283268E-01 1.840737E-01 -1.413671E+00 5.954843E-01 -1.835166E-01 9.352493E-01 2.740494E-02 6.864278E-04 4.209186E+00 8.854651E+00 
1.750527E-01 3.680256E-03 3.144270E-01 1.843581E-01 -1.354833E+00 5.807781E-01 -1.302617E-01 9.631738E-01 2.857704E-02 1.110781E-03 3.738670E+00 8.604863E+00 
1.714829E-01 5.085013E-03 3.553727E-01 1.738053E-01 -1.399744E+00 5.723187E-01 -1.385212E-01 9.357176E-01 2.761902E-02 4.861396E-04 4.148645E+00 8.214306E+00 
1.836946E-01 5.737607E-03 3.088212E-01 1.868746E-01 -1.429556E+00 5.808589E-01 -1.407699E-01 9.730114E-01 2.647647E-02 4.299173E-04 4.038807E+00 9.012712E+00 
1.757038E-01 3.708749E-03 3.270662E-01 1.814289E-01 -1.473752E+00 5.850800E-01 -1.191555E-01 8.818337E-01 2.748314E-02 6.562492E-04 4.116145E+00 8.484685E+00 
1.625537E-01 5.691854E-03 3.312208E-01 1.811327E-01 -1.404375E+00 5.899745E-01 -1.302517E-01 9.201656E-01 2.873094E-02 5.773786E-04 3.887469E+00 9.241508E+00 
1.741384E-01 5.365128E-03 3.603443E-01 1.849257E-01 -1.255785E+00 6.000000E-01 -1.626134E-01 9.127833E-01 2.641099E-02 4.385473E-04 4.332421E+00 9.093264E+00 
1.699404E-01 4.069506E-03 3.326126E-01 1.816698E-01 -1.309746E+00 5.771767E-01 -1.609306E-01 9.521201E-01 2.723934E-02 4.906497E-04 3.054015E+00 8.829578E+00 
1.890567E-01 2.862961E-03 3.116089E-01 1.824818E-01 -1.389346E+00 5.870134E-01 -1.519647E-01 9.495075E-01 2.867885E-02 2.642526E-04 4.468764E+00 8.968962E+00 
1.602464E-01 5.336551E-03 3.399084E-01 1.831457E-01 -1.447399E+00 5.660820E-01 -1.346912E-01 9.532790E-01 2.690999E-02 1.330743E-04 4.118991E+00 8.640905E+00 
1.800088E-01 5.169339E-03 3.412230E-01 1.838201E-01 -1.354971E+00 5.921746E-01 -1.064527E-01 9.785623E-01 2.696452E-02 7.579180E-04 4.448137E+00 8.736160E+00 
1.690680E-01 4.225806E-03 3.240241E-01 1.870810E-01 -1.406832E+00 5.893506E-01 -1.621749E-01 9.473109E-01 2.957728E-02 6.263677E-04 4.243537E+00 8.745933E+00 
1.811797E-01 5.399921E-03 3.043195E-01 1.857835E-01 -1.345094E+00 5.893028E-01 -1.300813E-01 9.819926E-01 2.741953E-02 1.273687E-03 3.908727E+00 8.764373E+00 
1.905215E-01 6.251533E-03 3.332440E-01 1.849570E-01 -1.393480E+00 5.857844E-01 -1.620722E-01 9.584454E-01 2.515377E-02 5.975928E-04 4.283724E+00 7.998588E+00 
1.641617E-01 5.179112E-03 3.171749E-01 1.813997E-01 -1.430189E+00 5.903946E-01 -1.710240E-01 9.359796E-01 2.783952E-02 1.302287E-03 4.113611E+00 8.721487E+00 
1.754929E-01 5.823803E-03 3.323090E-01 1.842634E-01 -1.417131E+00 5.952500E-01 -1.787099E-01 9.551018E-01 2.783856E-02 6.419314E-04 4.061169E+00 8.514636E+00 
1.697168E-01 4.689707E-03 3.073643E-01 1.820846E-01 -1.433688E+00 5.783198E-01 -1.257283E-01 9.141816E-01 3.019925E-02 1.029527E-03 3.827689E+00 8.775427E+00 
1.730389E-01 4.482371E-03 3.173268E-01 1.819958E-01 -1.390770E+00 5.917665E-01 -1.091403E-01 9.049920E-01 2.752066E-02 4.643168E-04 4.147197E+00 8.335270E+00 
1.649242E-01 4.044091E-03 3.504868E-01 1.818589E-01 -1.424240E+00 6.000000E-01 -1.331090E-01 9.093188E-01 2.631550E-02 1.170297E-03 3.953513E+00 8.944295E+00 
1.743002E-01 3.900184E-03 3.309660E-01 1.868096E-01 -1.417840E+00 5.906818E-01 -1.436082E-01 9.992286E-01 2.834697E-02 8.178464E-04 3.651860E+00 8.909826E+00 
1.709012E-01 4.566945E-03 3.136765E-01 1.809353E-01 -1.419523E+00 5.636181E-01 -1.236418E-01 9.643027E-01 2.933140E-02 9.578270E-04 3.774656E+00 9.325649E+00 
1.831851E-01 4.757726E-03 3.200595E-01 1.828197E-01 -1.387005E+00 5.896975E-01 -1.463382E-01 9.184344E-01 2.855082E-02 5.885908E-04 4.171237E+00 8.824493E+00 
1.648257E-01 4.882941E-03 3.179556E-01 1.910716E-01 -1.386914E+00 5.817743E-01 -1.274610E-01 9.263712E-01 2.903816E-02 9.041932E-04 4.185844E+00 9.536402E+00 
1.673099E-01 4.077746E-03 3.111204E-01 1.857132E-01 -1.457428E+00 5.905607E-01 -1.785505E-01 9.610927E-01 2.666732E-02 5.600150E-04 4.099093E+00 8.685185E+00 
1.823518E-01 3.517826E-03 3.351157E-01 1.847203E-01 -1.391629E+00 5.948742E-01 -1.361708E-01 9.274333E-01 2.806844E-02 2.454929E-04 3.851967E+00 8.714555E+00 
1.614442E-01 6.011127E-03 3.293354E-01 1.789737E-01 -1.502406E+00 5.660856E-01 -1.361225E-01 9.358527E-01 2.779736E-02 7.265052E-04 4.195910E+00 8.160733E+00 
1.767112E-01 6.668207E-03 3.333084E-01 1.829730E-01 -1.392479E+00 5.659725E-01 -1.644708E-01 9.313318E-01 3.081738E-02 5.821089E-04 4.065555E+00 8.964018E+00 
1.674511E-01 6.105173E-03 3.133174E-01 1.778479E-01 -1.460531E+00 5.845244E-01 -1.033288E-01 9.264193E-01 2.673898E-02 1.150760E-03 3.960536E+00 8.910831E+00 
1.746982E-01 4.055051E-03 3.246932E-01 1.826363E-01 -1.387310E+00 5.793745E-01 -1.275029E-01 9.395298E-01 2.929431E-02 6.243830E-04 4.165994E+00 8.428466E+00 
1.655689E-01 4.998304E-03 3.140108E-01 1.839351E-01 -1.340736E+00 5.681224E-01 -1.320924E-01 9.767288E-01 2.928551E-02 7.044548E-04 4.105174E+00 8.374794E+00 
1.762528E-01 5.238764E-03 3.205989E-01 1.825687E-01 -1.374084E+00 5.965372E-01 -1.215674E-01 9.461544E-01 2.891777E-02 9.837945E-04 4.439551E+00 8.477624E+00 
1.657980E-01 6.329128E-03 3.689298E-01 1.740032E-01 -1.483861E+00 5.892572E-01 -1.100636E-01 9.619617E-01 3.004604E-02 9.056159E-04 4.046275E+00 9.353052E+00 
1.779010E-01 4.102227E-03 3.403274E-01 1.848713E-01 -1.375534E+00 5.915037E-01 -1.297722E-01 9.489192E-01 2.655722E-02 1.135117E-03 4.151554E+00 8.712946E+00 
1.711154E-01 6.270458E-03 3.148075E-01 1.823958E-01 -1.401451E+00 5.768166E-01 -1.343964E-01 9.615804E-01 2.715760E-02 4.187752E-04 4.190943E+00 8.802965E+00 
1.522355E-01 3.689999E-03 3.180204E-01 1.762987E-01 -1.450323E+00 5.658382E-01 -1.635898E-01 9.992307E-01 2.484336E-02 1.886251E-04 3.949385E+00 9.180206E+00 
1.848059E-01 5.246792E-03 3.299840E-01 1.845475E-01 -1.367988E+00 5.804386E-01 -1.358716E-01 9.488284E-01 2.877506E-02 7.633890E-04 4.045126E+00 8.357806E+00 
1.779529E-01 4.252179E-03 3.068470E-01 1.864280E-01 -1.404292E+00 5.786982E-01 -1.182606E-01 9.779580E-01 2.541482E-02 1.065898E-03 4.047731E+00 8.696293E+00 
1.710339E-01 4.999276E-03 3.067885E-01 1.823975E-01 -1.391011E+00 5.584782E-01 -1.016409E-01 9.175477E-01 2.887867E-02 1.479437E-03 4.081394E+00 9.387973E+00 
1.567439E-01 4.950221E-03 3.189333E-01 1.848640E-01 -1.303998E+00 5.891623E-01 -1.636056E-01 9.047904E-01 2.800481E-02 4.825990E-04 4.018789E+00 8.086955E+00 
1.756195E-01 2.564296E-03 3.345317E-01 1.833666E-01 -1.400357E+00 5.866246E-01 -1.265905E-01 9.539770E-01 2.746193E-02 9.974135E-04 3.764390E+00 8.868001E+00 
1.754831E-01 5.313096E-03 3.363245E-01 1.832638E-01 -1.390733E+00 5.831710E-01 -1.571101E-01 9.300089E-01 2.563555E-02 3.300914E-04 4.256871E+00 9.215481E+00 
1.718171E-01 4.498769E-03 3.160235E-01 1.831442E-01 -1.337125E+00 5.709472E-01 -1.253803E-01 9.551394E-01 2.868932E-02 5.741726E-04 4.219293E+00 8.892727E+00 
1.697451E-01 4.155769E-03 3.216481E-01 1.842053E-01 -1.397716E+00 5.880273E-01 -1.359795E-01 9.715282E-01 2.754320E-02 9.371348E-04 4.040353E+00 9.198745E+00 
1.782414E-01 4.173616E-03 3.338628E-01 1.865727E-01 -1.431120E+00 5.900387E-01 -1.687010E-01 9.743470E-01 2.755182E-02 6.919179E-04 4.190932E+00 8.893352E+00 
1.739946E-01 5.220893E-03 2.890762E-01 1.824984E-01 -1.412326E+00 5.745695E-01 -1.389346E-01 9.305541E-01 2.998161E-02 1.402735E-03 4.143994E+00 8.924668E+00 
1.752490E-01 4.741955E-03 3.189087E-01 1.820978E-01 -1.394043E+00 5.855631E-01 -1.060466E-01 9.353369E-01 2.979429E-02 9.845823E-04 4.273640E+00 8.914674E+00 
1.694644E-01 4.542036E-03 3.403772E-01 1.822720E-01 -1.471613E+00 5.902824E-01 -1.335899E-01 9.681824E-01 2.727405E-02 7.898946E-04 3.708231E+00 8.863443E+00 
1.701698E-01 3.849809E-03 3.214253E-01 1.816660E-01 -1.384149E+00 5.847677E-01 -1.339075E-01 9.844794E-01 2.833932E-02 3.886500E-04 4.146179E+00 8.410356E+00 
1.801324E-01 6.805959E-03 3.253352E-01 1.830359E-01 -1.400329E+00 5.851047E-01 -1.201670E-01 9.469909E-01 2.649141E-02 4.605067E-04 4.094899E+00 8.921278E+00 
1.722095E-01 4.371194E-03 3.411198E-01 1.837625E-01 -1.430363E+00 5.778362E-01 -1.480798E-01 9.400940E-01 2.989126E-02 1.126073E-03 4.304405E+00 8.704975E+00 
1.734338E-01 5.822318E-03 3.387207E-01 1.854204E-01 -1.515578E+00 5.876925E-01 -1.453984E-01 9.207250E-01 2.492395E-02 6.461184E-04 4.280567E+00 9.261130E+00 
1.760805E-01 5.451841E-03 3.261466E-01 1.852661E-01 -1.352173E+00 5.961874E-01 -1.611382E-01 9.419859E-01 2.681304E-02 3.339506E-04 4.113703E+00 8.402140E+00 
1.677632E-01 4.300379E-03 3.568401E-01 1.841676E-01 -1.376577E+00 5.898415E-01 -1.588871E-01 9.562951E-01 2.832734E-02 8.063188E-04 4.047285E+00 9.081014E+00 
1.679369E-01 4.642649E-03 3.670638E-01 1.738276E-01 -1.352624E+00 5.753924E-01 -1.447294E-01 9.390898E-01 3.103801E-02 5.298847E-04 4.192224E+00 9.014066E+00 
1.783504E-01 5.020089E-03 3.244302E-01 1.859710E-01 -1.327982E+00 5.825389E-01 -1.232382E-01 9.610479E-01 2.802965E-02 5.576110E-04 4.130358E+00 8.329051E+00 
1.748913E-01 4.988031E-03 3.491497E-01 1.860645E-01 -1.376545E+00 5.926287E-01 -1.171139E-01 9.785293E-01 2.571752E-02 3.517865E-04 4.080776E+00 8.957704E+00 
1.669301E-01 4.303622E-03 3.326392E-01 1.787116E-01 -1.405669E+00 5.994868E-01 -1.329318E-01 9.434319E-01 2.656199E-02 4.996474E-04 4.117564E+00 9.550058E+00 
1.720704E-01 4.459970E-03 3.301289E-01 1.832690E-01 -1.397681E+00 5.882499E-01 -1.272902E-01 9.662143E-01 2.823648E-02 5.459812E-04 3.617743E+00 8.836326E+00 
1.529624E-01 4.957820E-03 3.235304E-01 1.810932E-01 -1.409029E+00 5.879410E-01 -1.674690E-01 9.528137E-01 2.813093E-02 6.553392E-04 4.200720E+00 8.752515E+00 
1.774788E-01 3.952139E-03 3.225033E-01 1.881078E-01 -1.484169E+00 5.845018E-01 -1.319021E-01 9.743974E-01 2.700974E-02 4.840053E-04 4.062452E+00 8.540251E+00 
1.727794E-01 5.587543E-03 3.284019E-01 1.805756E-01 -1.309825E+00 5.929886E-01 -1.446783E-01 9.525938E-01 2.743440E-02 7.265477E-04 4.376638E+00 8.060704E+00 
1.738001E-01 5.213347E-03 3.226688E-01 1.866807E-01 -1.449312E+00 5.827239E-01 -1.128639E-01 9.723235E-01 2.746961E-02 4.943421E-04 3.840463E+00 8.889896E+00 
1.646039E-01 1.262858E-03 3.336604E-01 1.818795E-01 -1.496848E+00 5.916960E-01 -1.377140E-01 9.669966E-01 2.728905E-02 9.121034E-04 3.973693E+00 8.409605E+00 
1.723327E-01 5.842539E-03 3.391148E-01 1.842404E-01 -1.427386E+00 5.859892E-01 -1.403970E-01 9.020543E-01 2.788098E-02 0.000000E+00 4.102632E+00 8.742332E+00 
1.822625E-01 4.323717E-03 3.342019E-01 1.873105E-01 -1.458062E+00 5.848289E-01 -1.478608E-01 8.889104E-01 2.610788E-02 8.212353E-04 4.136031E+00 9.106572E+00 
1.537812E-01 5.957370E-03 3.214239E-01 1.809874E-01 -1.390271E+00 5.782938E-01 -1.118907E-01 9.233481E-01 3.051181E-02 4.145942E-04 3.938333E+00 9.237993E+00 
1.633448E-01 5.261651E-03 3.202594E-01 1.819329E-01 -1.396435E+00 5.673014E-01 -1.289178E-01 8.718788E-01 2.788590E-02 5.689245E-04 3.737520E+00 8.699024E+00 
1.691522E-01 4.438280E-03 3.120925E-01 1.847316E-01 -1.394240E+00 5.869975E-01 -1.154438E-01 1.008149E+00 2.386381E-02 7.375431E-04 4.229620E+00 8.045410E+00 
1.670949E-01 6.752818E-03 3.135052E-01 1.819961E-01 -1.353806E+00 5.947089E-01 -7.949274E-02 1.054233E+00 2.789892E-02 5.397085E-04 3.933591E+00 9.245149E+00 
1.677527E-01 3.573046E-03 3.069551E-01 1.819248E-01 -1.300606E+00 5.897126E-01 -1.329794E-01 9.084562E-01 2.406349E-02 1.008883E-04 4.062872E+00 8.732936E+00 
1.830203E-01 1.426629E-02 3.142272E-01 1.906807E-01 -1.292916E+00 5.868772E-01 -1.453475E-01 9.391833E-01 2.823782E-02 1.844101E-04 4.576715E+00 8.606568E+00 
1.872251E-01 5.515611E-03 3.466056E-01 1.832466E-01 -1.366635E+00 5.873985E-01 -1.329380E-01 9.477210E-01 2.682260E-02 2.563361E-04 4.254113E+00 9.221272E+00 
1.855107E-01 4.290466E-03 3.439044E-01 1.897841E-01 -1.395576E+00 5.941480E-01 -1.273683E-01 9.206881E-01 2.521345E-02 7.039088E-04 4.586039E+00 8.568438E+00 
1.697647E-01 4.234807E-03 3.084192E-01 1.837082E-01 -1.458333E+00 5.770881E-01 -1.192908E-01 9.222236E-01 2.858291E-02 8.050730E-04 4.060675E+00 8.506354E+00 
1.649205E-01 4.318528E-03 3.358824E-01 1.822942E-01 -1.437271E+00 5.871236E-01 -1.915120E-01 9.440425E-01 2.598185E-02 5.022437E-04 4.146454E+00 8.951283E+00 
1.727134E-01 4.679286E-03 2.959550E-01 1.865439E-01 -1.407259E+00 5.782632E-01 -1.491041E-01 9.636574E-01 2.679225E-02 5.485047E-04 4.139039E+00 9.177849E+00 
1.706611E-01 4.841204E-03 3.421865E-01 1.842157E-01 -1.193003E+00 5.901551E-01 -1.746465E-01 9.478131E-01 2.803381E-02 7.725045E-04 4.098678E+00 8.739415E+00 
1.882626E-01 4.834592E-03 3.227265E-01 1.814675E-01 -1.405694E+00 5.832377E-01 -1.560430E-01 9.435667E-01 2.712565E-02 1.322550E-03 4.077336E+00 9.085151E+00 
1.557018E-01 5.576865E-03 3.243018E-01 1.815356E-01 -1.341863E+00 5.857227E-01 -1.717243E-01 9.621140E-01 2.969999E-02 1.611104E-03 3.997356E+00 8.643726E+00 
1.724054E-01 6.556413E-03 3.445511E-01 1.863775E-01 -1.327749E+00 5.918746E-01 -1.957490E-01 9.669044E-01 2.583552E-02 2.767938E-04 4.059406E+00 8.961178E+00 
1.628852E-01 7.978039E-03 3.358492E-01 1.877194E-01 -1.369925E+00 5.918466E-01 -1.536789E-01 9.664978E-01 2.641777E-02 4.543749E-04 4.338929E+00 9.584805E+00 
1.733062E-01 5.340196E-03 3.501931E-01 1.819301E-01 -1.226062E+00 5.919432E-01 -1.997287E-01 9.161757E-01 2.658092E-02 4.373818E-04 4.396340E+00 8.785534E+00 
1.778313E-01 4.965082E-03 3.257039E-01 1.784479E-01 -1.399690E+00 5.790326E-01 -1.390669E-01 9.581647E-01 2.756241E-02 6.661828E-04 3.916569E+00 8.705661E+00 
1.675290E-01 3.852024E-03 3.067044E-01 1.797685E-01 -1.436882E+00 5.797961E-01 -1.254940E-01 9.546726E-01 2.751982E-02 2.619717E-04 3.882731E+00 8.997240E+00 
1.734452E-01 5.387167E-03 3.320788E-01 1.830377E-01 -1.456099E+00 5.804358E-01 -1.142957E-01 9.346343E-01 2.762782E-02 9.178180E-04 4.093209E+00 8.771030E+00 
1.785242E-01 4.177419E-03 3.174496E-01 1.804440E-01 -1.400227E+00 5.819785E-01 -1.365158E-01 9.912744E-01 2.825155E-02 4.103657E-04 4.128844E+00 9.199175E+00 
1.666250E-01 5.488973E-03 3.271956E-01 1.836425E-01 -1.369340E+00 5.718240E-01 -1.282375E-01 9.210712E-01 2.782644E-02 1.085836E-03 4.218010E+00 8.934087E+00 
1.684535E-01 4.442982E-03 3.251744E-01 1.826701E-01 -1.373655E+00 5.892017E-01 -1.287442E-01 9.298531E-01 2.716838E-02 4.352305E-04 4.302608E+00 8.604043E+00 
1.716706E-01 6.116239E-03 3.295905E-01 1.825240E-01 -1.388934E+00 5.892193E-01 -1.647400E-01 9.582805E-01 2.668229E-02 7.485765E-04 4.116800E+00 8.408950E+00 
1.858056E-01 5.463387E-03 3.305872E-01 1.781903E-01 -1.373391E+00 5.982623E-01 -1.262538E-01 9.314236E-01 2.804106E-02 9.630945E-04 4.236767E+00 8.970047E+00 
1.844141E-01 5.922428E-03 3.033750E-01 1.805874E-01 -1.483002E+00 5.843305E-01 -1.532101E-01 9.498769E-01 2.905000E-02 6.397372E-04 3.989817E+00 8.853160E+00 
1.674402E-01 5.014082E-03 3.460522E-01 1.802524E-01 -1.410312E+00 5.780863E-01 -1.341110E-01 9.603267E-01 3.131849E-02 4.052986E-04 4.147659E+00 8.331966E+00 
1.733918E-01 9.319709E-03 3.253277E-01 1.834580E-01 -1.459126E+00 5.467947E-01 -1.530223E-01 9.522080E-01 2.683713E-02 5.296937E-04 4.211828E+00 8.661992E+00 
1.700260E-01 5.162649E-03 3.051362E-01 1.825596E-01 -1.374553E+00 5.778572E-01 -1.330466E-01 9.610500E-01 2.851288E-02 7.898718E-04 4.395534E+00 8.566048E+00 
1.717209E-01 3.933788E-03 3.222601E-01 1.917628E-01 -1.359953E+00 5.866052E-01 -1.271264E-01 9.889367E-01 2.686994E-02 8.576519E-04 3.732116E+00 8.859340E+00 
1.765161E-01 5.759100E-03 3.223711E-01 1.864799E-01 -1.392513E+00 5.814140E-01 -1.534646E-01 9.512433E-01 2.637372E-02 1.027996E-03 4.333063E+00 8.725514E+00 
1.446592E-01 7.094980E-03 3.362565E-01 1.819144E-01 -1.393251E+00 5.947055E-01 -1.497227E-01 9.961114E-01 2.935714E-02 7.241367E-04 4.140422E+00 8.444898E+00 
1.727797E-01 5.685496E-03 3.414406E-01 1.865417E-01 -1.379517E+00 5.895050E-01 -1.359821E-01 9.437365E-01 2.895553E-02 1.103467E-03 3.886347E+00 8.429207E+00 
1.962851E-01 5.563443E-03 3.316585E-01 1.854449E-01 -1.424710E+00 5.867998E-01 -1.185199E-01 9.420374E-01 2.907951E-02 1.071289E-03 4.206803E+00 8.897948E+00 
1.954952E-01 5.649091E-03 3.378385E-01 1.787994E-01 -1.417696E+00 5.963929E-01 -1.938503E-01 8.638257E-01 2.890175E-02 1.022245E-03 3.986702E+00 8.755190E+00 
1.606203E-01 5.458764E-03 3.365660E-01 1.896351E-01 -1.296014E+00 5.854752E-01 -1.591831E-01 9.506948E-01 2.904033E-02 1.304200E-03 3.988836E+00 8.212746E+00 
1.711048E-01 3.563529E-03 3.369284E-01 1.819912E-01 -1.388716E+00 5.794115E-01 -1.359521E-01 9.331926E-01 2.872465E-02 8.843450E-04 4.035553E+00 8.692416E+00 
1.795378E-01 5.255169E-03 3.265004E-01 1.825734E-01 -1.376286E+00 5.802399E-01 -1.190705E-01 9.303354E-01 2.906134E-02 7.461253E-04 3.736689E+00 8.397903E+00 
1.766914E-01 6.176168E-03 3.330344E-01 1.858784E-01 -1.433461E+00 5.918009E-01 -1.445068E-01 9.811074E-01 2.669889E-02 2.064646E-04 4.183198E+00 8.103921E+00 
1.564427E-01 4.713512E-03 3.135470E-01 1.790498E-01 -1.447175E+00 5.778533E-01 -9.890171E-02 9.662533E-01 2.836975E-02 3.899111E-04 4.198723E+00 8.522160E+00 
1.729587E-01 5.355789E-03 3.108395E-01 1.838259E-01 -1.413039E+00 5.857425E-01 -1.342276E-01 9.921113E-01 2.817621E-02 6.474465E-04 4.211173E+00 8.751493E+00 
1.684104E-01 4.414824E-03 3.274129E-01 1.842910E-01 -1.368733E+00 5.894336E-01 -1.458902E-01 9.806327E-01 2.701873E-02 1.331579E-03 4.300932E+00 8.941974E+00 
1.769043E-01 4.848091E-03 3.295563E-01 1.838094E-01 -1.379649E+00 5.818480E-01 -1.267161E-01 9.588979E-01 2.828192E-02 5.768355E-04 4.149071E+00 8.593275E+00 
1.733891E-01 5.867967E-03 3.473966E-01 1.835400E-01 -1.536379E+00 5.920158E-01 -1.222465E-01 9.573222E-01 2.686662E-02 7.275724E-04 4.292972E+00 9.094946E+00 
1.613018E-01 5.632453E-03 3.088824E-01 1.884353E-01 -1.339638E+00 5.862024E-01 -1.310026E-01 9.748614E-01 2.814223E-02 1.216345E-03 3.874191E+00 8.488537E+00 
1.738135E-01 3.608298E-03 3.388965E-01 1.877237E-01 -1.349582E+00 5.783736E-01 -1.255402E-01 9.400693E-01 2.850043E-02 7.410538E-04 4.082294E+00 8.116804E+00 
1.783311E-01 2.498274E-03 3.381757E-01 1.832143E-01 -1.433538E+00 5.961260E-01 -1.659546E-01 9.472026E-01 2.538674E-02 1.280058E-03 4.193399E+00 8.106398E+00 
1.706554E-01 5.987759E-03 3.310618E-01 1.878176E-01 -1.377652E+00 5.829801E-01 -1.577304E-01 9.523052E-01 2.549687E-02 9.577296E-04 4.142330E+00 8.688211E+00 
1.831005E-01 5.618248E-03 3.381151E-01 1.833772E-01 -1.470673E+00 5.537117E-01 -1.437849E-01 9.712531E-01 2.568735E-02 0.000000E+00 4.042624E+00 8.687263E+00 
1.743225E-01 5.081194E-03 3.369779E-01 1.791707E-01 -1.391810E+00 5.604625E-01 -1.078895E-01 9.756792E-01 2.925321E-02 4.793478E-04 3.642509E+00 8.956591E+00 
1.806442E-01 4.448094E-03 3.145276E-01 1.780978E-01 -1.438459E+00 5.755034E-01 -1.367668E-01 9.301271E-01 2.882125E-02 6.845274E-04 3.765152E+00 8.950443E+00 
1.895229E-01 4.532055E-03 3.205191E-01 1.870002E-01 -1.400402E+00 5.836727E-01 -1.293603E-01 9.670756E-01 2.777149E-02 2.547817E-04 4.112034E+00 8.792825E+00 
1.765338E-01 5.673365E-03 3.244699E-01 1.851724E-01 -1.433035E+00 5.899888E-01 -1.438666E-01 9.739590E-01 2.719553E-02 5.329758E-04 4.575306E+00 9.007680E+00 
1.679696E-01 4.431740E-03 3.446070E-01 1.851584E-01 -1.391114E+00 5.914072E-01 -1.352738E-01 9.512340E-01 2.819709E-02 9.840403E-04 4.133601E+00 9.575861E+00 
1.877952E-01 3.248029E-03 3.325911E-01 1.846849E-01 -1.456748E+00 5.872793E-01 -1.699263E-01 9.284277E-01 2.690905E-02 2.703553E-04 4.366792E+00 8.932877E+00 
1.723726E-01 3.906822E-03 3.244580E-01 1.820639E-01 -1.412903E+00 5.883851E-01 -1.449620E-01 9.706654E-01 2.700452E-02 1.534565E-04 4.117116E+00 8.540781E+00 
1.445560E-01 1.257460E-02 3.870110E-01 1.696805E-01 -1.350258E+00 2.514025E-01 -5.286167E-02 2.687159E-01 3.059007E-02 5.007298E-03 3.709568E+00 1.187358E+01 
1.769834E-01 4.694272E-03 3.418803E-01 1.774642E-01 -1.443468E+00 5.732361E-01 -1.147214E-01 8.742267E-01 2.684952E-02 6.332580E-04 4.320284E+00 9.091957E+00 
1.696739E-01 5.790792E-03 3.434098E-01 1.869018E-01 -1.427138E+00 5.924814E-01 -1.116463E-01 9.520572E-01 2.875538E-02 7.647574E-04 4.281719E+00 8.778095E+00 
1.839854E-01 1.000000E-04 3.344557E-01 1.799332E-01 -1.372184E+00 5.924853E-01 -1.609784E-01 9.341175E-01 2.687479E-02 5.018937E-04 4.097348E+00 8.990038E+00 
1.669987E-01 2.942553E-03 3.359366E-01 1.857474E-01 -1.390804E+00 5.924048E-01 -1.392830E-01 9.808320E-01 2.787580E-02 4.585687E-04 4.161113E+00 8.831870E+00 
1.858100E-01 4.381871E-03 3.435725E-01 1.833651E-01 -1.418904E+00 5.886989E-01 -1.644020E-01 9.686921E-01 2.645386E-02 4.081839E-04 4.007150E+00 8.811304E+00 
9.821916E-02 7.809367E-03 3.324079E-01 1.863078E-01 -1.408317E+00 5.936812E-01 -1.628984E-01 8.907302E-01 2.810953E-02 4.543285E-04 3.837484E+00 8.741648E+00 
1.890080E-01 5.146230E-03 3.254713E-01 1.915802E-01 -1.433515E+00 5.875880E-01 -1.511406E-01 9.242621E-01 2.672407E-02 7.366314E-04 4.242377E+00 9.054584E+00 
1.881335E-01 7.266633E-03 3.452006E-01 1.883922E-01 -1.453109E+00 5.937149E-01 -1.300713E-01 9.672489E-01 2.639330E-02 9.034495E-04 4.304472E+00 8.835720E+00 
1.681460E-01 5.549084E-03 3.230748E-01 1.813408E-01 -1.386994E+00 5.823563E-01 -1.174867E-01 9.370752E-01 2.863520E-02 6.615441E-04 4.246879E+00 8.565119E+00 
1.747790E-01 4.184588E-03 3.046723E-01 1.839631E-01 -1.385778E+00 5.811467E-01 -1.016486E-01 9.653693E-01 2.950894E-02 4.587877E-04 4.068136E+00 8.906338E+00 
1.709860E-01 5.029020E-03 3.065368E-01 1.848786E-01 -1.412022E+00 5.811729E-01 -1.255584E-01 9.543259E-01 2.810238E-02 5.884939E-04 4.077597E+00 8.590557E+00 
1.658945E-01 5.552920E-03 3.374541E-01 1.723084E-01 -1.596821E+00 5.857510E-01 -8.721270E-02 9.045824E-01 3.056775E-02 2.362138E-03 4.371068E+00 1.137670E+01 
1.584454E-01 4.935154E-03 3.271407E-01 1.793742E-01 -1.449693E+00 5.818733E-01 -1.660293E-01 9.717493E-01 2.795230E-02 8.179312E-04 4.081557E+00 9.229311E+00 
1.644353E-01 5.169277E-03 3.419304E-01 1.794598E-01 -1.362121E+00 5.874606E-01 -1.378829E-01 9.789699E-01 2.855258E-02 7.695111E-04 4.005767E+00 9.251530E+00 
1.667677E-01 4.043960E-03 3.180446E-01 1.851354E-01 -1.420481E+00 5.896121E-01 -1.667503E-01 9.585332E-01 2.679786E-02 8.572376E-04 3.906530E+00 8.790587E+00 
1.552821E-01 4.988937E-03 3.321843E-01 1.815669E-01 -1.394611E+00 5.782538E-01 -1.564753E-01 9.844523E-01 2.655288E-02 4.945835E-04 4.202146E+00 8.985837E+00 
1.655782E-01 6.612533E-03 3.361066E-01 1.763151E-01 -1.459790E+00 5.686102E-01 -1.337843E-01 1.019064E+00 3.225922E-02 4.091589E-04 4.019383E+00 8.773520E+00 
1.618473E-01 5.548270E-03 3.172570E-01 1.833189E-01 -1.437772E+00 5.831229E-01 -1.414648E-01 9.502934E-01 3.040160E-02 7.229408E-04 4.045822E+00 8.453129E+00 
1.752595E-01 4.393075E-03 3.286595E-01 1.843221E-01 -1.401615E+00 5.889175E-01 -1.181384E-01 9.471735E-01 2.533450E-02 9.832822E-04 4.139799E+00 8.722746E+00 
1.732192E-01 6.081711E-03 3.358148E-01 1.805011E-01 -1.480665E+00 5.739937E-01 -1.536756E-01 9.454681E-01 2.526584E-02 5.779965E-04 3.954011E+00 9.023387E+00 
1.696782E-01 4.613601E-03 3.406198E-01 1.833553E-01 -1.403494E+00 5.911372E-01 -6.888941E-02 9.426567E-01 2.664908E-02 6.159943E-04 4.110644E+00 8.823193E+00 
1.754252E-01 5.922601E-03 3.277580E-01 1.812413E-01 -1.412261E+00 5.786075E-01 -1.117183E-01 9.723599E-01 2.726285E-02 7.784922E-04 4.146145E+00 8.880130E+00 
1.668935E-01 2.671537E-03 3.250522E-01 1.822435E-01 -1.413037E+00 5.962584E-01 -1.310107E-01 9.838888E-01 2.704193E-02 1.019593E-03 4.455266E+00 8.315984E+00 
1.836056E-01 4.504435E-03 3.155051E-01 1.831318E-01 -1.406649E+00 5.898221E-01 -1.828892E-01 9.624934E-01 2.806944E-02 1.026753E-03 4.102241E+00 8.407741E+00 
1.832565E-01 3.930163E-03 3.342221E-01 1.824259E-01 -1.402411E+00 5.774923E-01 -1.049694E-01 9.663639E-01 2.563703E-02 8.345538E-04 4.081479E+00 8.567165E+00 
1.737324E-01 6.065693E-03 3.183004E-01 1.759781E-01 -1.415171E+00 5.735867E-01 -1.466926E-01 9.361171E-01 2.858797E-02 1.119131E-03 4.265076E+00 8.305452E+00 
1.720990E-01 4.449325E-03 3.199395E-01 1.833576E-01 -1.428427E+00 5.840167E-01 -1.147002E-01 9.342240E-01 2.776711E-02 6.467921E-04 3.813270E+00 8.707716E+00 
1.622679E-01 4.770924E-03 3.455581E-01 1.820089E-01 -1.377578E+00 5.753979E-01 -1.250790E-01 9.773379E-01 2.948021E-02 1.618842E-03 3.503384E+00 9.480875E+00 
1.584062E-01 8.482320E-03 3.583550E-01 1.866815E-01 -1.556397E+00 5.914847E-01 -1.502465E-01 9.509290E-01 2.710671E-02 1.905222E-04 3.911833E+00 8.962255E+00 
1.688354E-01 4.488694E-03 3.324556E-01 1.840727E-01 -1.396004E+00 5.820072E-01 -1.664248E-01 9.641401E-01 2.652385E-02 7.914346E-04 3.812875E+00 8.635732E+00 
9.978169E-02 1.000000E-04 3.048871E-01 2.000000E-01 -1.317808E+00 5.360923E-01 -1.551474E-01 9.478243E-01 2.865439E-02 3.284422E-03 4.100564E+00 8.925300E+00 
1.756349E-01 6.351129E-03 3.409667E-01 1.745758E-01 -1.382798E+00 5.886503E-01 -1.163895E-01 9.428252E-01 2.844386E-02 1.088988E-03 3.913240E+00 8.485946E+00 
1.700556E-01 6.567501E-03 3.307272E-01 1.863869E-01 -1.345094E+00 5.967175E-01 -1.826335E-01 9.253981E-01 2.684267E-02 9.867689E-04 3.864874E+00 7.942929E+00 
1.744814E-01 5.583785E-03 3.369038E-01 1.843241E-01 -1.356998E+00 5.936045E-01 -1.487730E-01 9.619418E-01 2.714159E-02 7.162488E-04 4.470221E+00 8.740844E+00 
1.903781E-01 4.646930E-03 3.382354E-01 1.776355E-01 -1.342328E+00 5.830462E-01 -1.878521E-01 8.970596E-01 2.682007E-02 2.819488E-07 4.214295E+00 9.094819E+00 
1.769868E-01 4.260102E-03 3.388494E-01 1.856419E-01 -1.392908E+00 5.976575E-01 -1.576458E-01 9.015211E-01 2.856435E-02 6.064126E-04 3.955062E+00 8.478571E+00 
1.685760E-01 5.018442E-03 3.273435E-01 1.815449E-01 -1.373222E+00 5.898557E-01 -1.631433E-01 9.427907E-01 2.641356E-02 0.000000E+00 4.318288E+00 9.094397E+00 
1.901859E-01 4.777128E-03 3.322964E-01 1.801399E-01 -1.395125E+00 5.921278E-01 -1.433535E-01 9.570476E-01 2.906746E-02 3.265442E-04 3.986340E+00 7.682517E+00 
1.899621E-01 4.622362E-03 3.199476E-01 1.818493E-01 -1.406380E+00 5.897055E-01 -1.336755E-01 9.243252E-01 2.979073E-02 1.013405E-03 4.082891E+00 7.872349E+00 
1.722459E-01 2.711059E-03 3.225869E-01 1.797172E-01 -1.396222E+00 5.832680E-01 -1.117934E-01 9.614008E-01 2.686635E-02 6.364627E-04 4.118572E+00 8.841473E+00 
1.750101E-01 6.999329E-03 3.306087E-01 1.810942E-01 -1.358302E+00 5.968252E-01 -1.380596E-01 9.213656E-01 2.547509E-02 1.949233E-03 3.976760E+00 8.891930E+00 
1.487017E-01 6.375229E-03 3.166903E-01 1.815567E-01 -1.368428E+00 5.754463E-01 -1.217608E-01 9.715706E-01 2.789179E-02 1.143495E-03 4.109533E+00 8.921805E+00 
1.831601E-01 4.037218E-03 3.010798E-01 1.764148E-01 -1.388808E+00 5.857820E-01 -1.627310E-01 9.390770E-01 2.851206E-02 5.848054E-04 3.898133E+00 9.355151E+00 
1.757898E-01 7.475842E-03 3.472514E-01 1.795873E-01 -1.457628E+00 5.869326E-01 -2.000000E-01 9.057500E-01 2.906707E-02 9.875210E-04 4.128818E+00 8.372881E+00 
1.838606E-01 4.195364E-03 2.908497E-01 1.818637E-01 -1.522353E+00 5.541115E-01 -1.270108E-01 9.726169E-01 2.730938E-02 0.000000E+00 4.000206E+00 8.324173E+00 
1.812117E-01 6.033759E-03 3.441442E-01 1.810952E-01 -1.477221E+00 5.893603E-01 -1.903985E-01 9.821066E-01 2.666582E-02 5.816774E-04 4.532622E+00 9.011946E+00 
1.739128E-01 4.578063E-03 3.560249E-01 1.847848E-01 -1.404536E+00 5.990330E-01 -1.548612E-01 9.364306E-01 2.722791E-02 8.301610E-04 4.193619E+00 8.463504E+00 
1.670861E-01 6.329942E-03 3.132707E-01 1.778462E-01 -1.413712E+00 5.872232E-01 -1.330273E-01 8.838677E-01 2.563143E-02 6.223225E-04 4.294877E+00 9.164196E+00 
1.677146E-01 3.267354E-03 3.346279E-01 1.803148E-01 -1.403762E+00 5.798346E-01 -1.445822E-01 9.116117E-01 2.564580E-02 7.340105E-04 3.832914E+00 8.502738E+00 
1.805603E-01 5.278135E-03 3.399862E-01 1.882296E-01 -1.392589E+00 5.957084E-01 -1.182603E-01 9.901077E-01 3.006583E-02 5.731523E-04 4.376325E+00 8.902677E+00 
1.741779E-01 4.485589E-03 3.281287E-01 1.884029E-01 -1.411130E+00 5.848890E-01 -1.683222E-01 9.696736E-01 2.631542E-02 8.631101E-04 3.827744E+00 8.555367E+00 
1.591020E-01 6.221015E-03 3.424866E-01 1.759780E-01 -1.476277E+00 5.976213E-01 -1.450305E-01 9.486472E-01 3.014400E-02 4.686981E-03 3.979514E+00 9.004765E+00 
1.685337E-01 4.148157E-03 3.281391E-01 1.847105E-01 -1.313737E+00 5.748462E-01 -1.264184E-01 9.129305E-01 2.766596E-02 1.208627E-03 4.082194E+00 8.114825E+00 
1.543397E-01 5.635148E-03 3.354453E-01 1.812490E-01 -1.371186E+00 6.000000E-01 -1.890343E-01 9.536456E-01 2.917335E-02 6.268981E-04 3.995835E+00 9.187583E+00 
1.676548E-01 4.902781E-03 3.159667E-01 1.803517E-01 -1.376171E+00 5.849401E-01 -1.594312E-01 9.295702E-01 2.905476E-02 4.373404E-04 4.085164E+00 8.677304E+00 
1.771082E-01 4.722304E-03 3.409205E-01 1.790230E-01 -1.331343E+00 5.927118E-01 -1.438660E-01 9.196978E-01 2.895812E-02 4.231176E-04 4.412181E+00 8.376609E+00 
1.796591E-01 4.419141E-03 3.362554E-01 1.827300E-01 -1.396884E+00 5.909397E-01 -1.524693E-01 9.812422E-01 2.805561E-02 8.389203E-04 4.172324E+00 8.786961E+00 
1.658663E-01 4.789244E-03 3.261569E-01 1.812727E-01 -1.373431E+00 5.879399E-01 -1.593033E-01 9.235248E-01 2.669403E-02 3.281174E-04 4.125881E+00 8.695340E+00 
1.831465E-01 3.935189E-03 3.015553E-01 1.804809E-01 -1.180331E+00 5.884792E-01 -1.709770E-01 9.433571E-01 2.518870E-02 7.494522E-05 3.842818E+00 8.552875E+00 
1.774985E-01 4.798063E-03 3.263903E-01 1.801764E-01 -1.400344E+00 5.805256E-01 -1.217228E-01 9.705501E-01 2.705131E-02 8.458903E-04 3.387372E+00 8.982296E+00 
1.750636E-01 4.644981E-03 3.347306E-01 1.843871E-01 -1.406599E+00 5.798806E-01 -9.467582E-02 9.746018E-01 2.807706E-02 4.199051E-04 4.528371E+00 8.179135E+00 
1.602759E-01 4.077306E-03 3.231546E-01 1.846723E-01 -1.218668E+00 5.882868E-01 -1.524240E-01 9.470166E-01 2.517318E-02 8.403617E-04 3.435031E+00 8.533386E+00 
1.767409E-01 4.466096E-03 3.424619E-01 1.865233E-01 -1.455293E+00 5.821973E-01 -1.738398E-01 9.501391E-01 2.653769E-02 8.373207E-04 4.114143E+00 8.840572E+00 
1.734129E-01 5.009276E-03 3.471149E-01 1.855661E-01 -1.419086E+00 5.930640E-01 -1.770564E-01 9.608183E-01 2.570259E-02 1.049030E-03 4.143157E+00 8.718497E+00 
1.777724E-01 4.630528E-03 3.017046E-01 1.843472E-01 -1.381350E+00 5.860601E-01 -1.467613E-01 9.696114E-01 2.887137E-02 5.681097E-04 3.947526E+00 8.353619E+00 
1.762468E-01 3.983019E-03 3.128677E-01 1.806089E-01 -1.500814E+00 5.748381E-01 -1.046389E-01 9.601429E-01 3.201630E-02 7.912253E-04 3.738715E+00 8.768884E+00 
1.956327E-01 5.226404E-03 3.349053E-01 1.806526E-01 -1.504750E+00 5.774907E-01 -1.600319E-01 9.119341E-01 2.445970E-02 8.607458E-04 4.298600E+00 8.944062E+00 
1.641280E-01 4.031201E-03 3.161873E-01 1.814887E-01 -1.538858E+00 5.898444E-01 -1.408141E-01 9.411444E-01 2.779172E-02 9.804467E-04 4.259566E+00 8.842862E+00 
1.794842E-01 4.585713E-03 3.342894E-01 1.859064E-01 -1.454806E+00 5.816555E-01 -1.801991E-01 9.384796E-01 2.917019E-02 6.696571E-04 4.215489E+00 8.744135E+00 
1.715151E-01 4.174896E-03 3.331667E-01 1.814483E-01 -1.395099E+00 5.933403E-01 -1.323008E-01 9.420793E-01 2.836378E-02 9.850531E-04 3.989641E+00 9.460017E+00 
1.624482E-01 6.065869E-03 3.651485E-01 1.834974E-01 -1.417815E+00 5.725885E-01 -1.476385E-01 9.170106E-01 2.766784E-02 1.580042E-03 3.923339E+00 9.015826E+00 
1.795961E-01 4.556403E-03 3.308659E-01 1.837598E-01 -1.480412E+00 5.823331E-01 -1.535146E-01 9.531216E-01 2.600637E-02 4.897199E-04 4.157877E+00 9.183565E+00 
1.719044E-01 5.394086E-03 2.954480E-01 1.856731E-01 -1.352838E+00 5.763261E-01 -1.191157E-01 9.618729E-01 2.697560E-02 5.787578E-04 4.151116E+00 8.201851E+00 
1.726789E-01 4.066571E-03 3.120430E-01 1.846512E-01 -1.388003E+00 5.999684E-01 -1.809477E-01 9.890653E-01 2.673840E-02 4.258837E-04 4.089092E+00 8.996289E+00 
1.728677E-01 4.105698E-03 3.459600E-01 1.861148E-01 -1.397090E+00 5.901737E-01 -1.503727E-01 9.956012E-01 2.854457E-02 7.521487E-04 4.163757E+00 8.934062E+00 
1.803317E-01 4.529591E-03 3.023193E-01 1.816273E-01 -1.426828E+00 5.725506E-01 -1.219362E-01 9.442277E-01 2.361571E-02 9.362024E-04 4.109687E+00 9.076516E+00 
