1.783214E-01 3.577068E-03 3.201283E-01 1.866212E-01 -1.359642E+00 5.793616E-01 -1.375215E-01 9.124407E-01 2.939146E-02 8.682723E-04 3.958983E+00 8.569933E+00 
1.764616E-01 4.176501E-03 3.379332E-01 1.847181E-01 -1.410786E+00 5.982055E-01 -1.977300E-01 9.175878E-01 2.881131E-02 5.399174E-04 4.323054E+00 8.726688E+00 
1.723513E-01 4.353383E-03 3.427092E-01 1.797555E-01 -1.434769E+00 5.846646E-01 -1.296444E-01 9.397655E-01 2.842524E-02 1.173627E-03 4.041348E+00 9.020706E+00 
1.751910E-01 4.995627E-03 3.320555E-01 1.781032E-01 -1.364648E+00 5.901468E-01 -1.516234E-01 9.890913E-01 2.735219E-02 5.399030E-04 4.152406E+00 7.590465E+00 
1.765048E-01 4.617482E-03 3.291047E-01 1.859537E-01 -1.498874E+00 5.809973E-01 -1.275869E-01 9.565611E-01 2.982186E-02 4.114782E-04 4.015358E+00 9.390693E+00 
1.822256E-01 4.729228E-03 3.354990E-01 1.840029E-01 -1.393439E+00 5.845565E-01 -1.383304E-01 9.490939E-01 2.750927E-02 7.564583E-04 4.377094E+00 8.797162E+00 
1.690993E-01 3.969989E-03 3.202564E-01 1.841580E-01 -1.353272E+00 5.911630E-01 -1.549647E-01 9.522005E-01 2.910740E-02 6.105530E-04 4.120731E+00 7.984856E+00 
1.760553E-01 6.007970E-03 3.477953E-01 1.845955E-01 -1.469111E+00 5.955309E-01 -1.403647E-01 9.627771E-01 2.390293E-02 4.481788E-04 4.177522E+00 9.008467E+00 
1.810456E-01 8.237840E-03 3.149164E-01 1.891384E-01 -1.337303E+00 5.937579E-01 -1.238012E-01 9.447637E-01 2.839707E-02 5.989899E-04 4.032674E+00 8.150733E+00 
1.735237E-01 5.220338E-03 3.450314E-01 1.867479E-01 -1.493762E+00 5.880858E-01 -1.554886E-01 9.170453E-01 2.984504E-02 8.756469E-04 4.199421E+00 8.889288E+00 
1.831117E-01 1.308875E-02 3.240681E-01 1.857225E-01 -1.374538E+00 5.686442E-01 -1.321110E-01 9.506577E-01 2.683344E-02 1.278675E-03 4.082322E+00 8.770420E+00 
1.717570E-01 5.148681E-03 3.026783E-01 1.824944E-01 -1.426149E+00 5.889203E-01 -1.085749E-01 9.221141E-01 2.854013E-02 8.105245E-04 4.458406E+00 8.983069E+00 
1.741754E-01 4.880667E-03 3.286465E-01 1.801906E-01 -1.336464E+00 5.896507E-01 -1.515705E-01 9.500202E-01 2.695558E-02 1.017959E-03 4.240054E+00 8.549181E+00 
1.727786E-01 5.501511E-03 3.108696E-01 1.806409E-01 -1.499419E+00 5.856214E-01 -1.199797E-01 9.520690E-01 2.721670E-02 4.884075E-04 4.268869E+00 8.824827E+00 
1.761255E-01 4.004509E-03 3.283644E-01 1.869695E-01 -1.361190E+00 5.941228E-01 -1.033305E-01 9.251272E-01 2.740128E-02 6.940117E-04 4.200178E+00 8.956725E+00 
1.689633E-01 1.349389E-03 3.293958E-01 1.849090E-01 -1.523131E+00 5.771411E-01 -1.214976E-01 9.163632E-01 2.916967E-02 5.580838E-04 4.144020E+00 9.449815E+00 
1.634687E-01 5.480006E-03 3.469666E-01 1.811619E-01 -1.345936E+00 5.953541E-01 -1.958671E-01 9.551494E-01 2.803116E-02 1.160705E-03 4.085365E+00 8.304633E+00 
1.661464E-01 8.264288E-03 3.344046E-01 1.807294E-01 -1.366904E+00 5.999083E-01 -1.470565E-01 9.324070E-01 2.618130E-02 4.424251E-04 4.268513E+00 8.265150E+00 
1.498325E-01 5.066203E-03 3.151803E-01 1.830214E-01 -1.311007E+00 5.884208E-01 -1.386899E-01 9.679968E-01 2.792670E-02 6.695987E-04 4.372436E+00 9.022596E+00 
1.055138E-01 4.114045E-02 3.327104E-01 1.736915E-01 -1.327116E+00 2.248992E-01 -9.213665E-02 3.154688E-01 3.022711E-02 1.013837E-03 3.681545E+00 8.044613E+00 
1.770879E-01 5.166417E-03 3.278027E-01 1.825397E-01 -1.361863E+00 5.869296E-01 -1.260704E-01 9.651420E-01 2.766916E-02 6.415753E-04 3.806278E+00 8.332720E+00 
1.762801E-01 7.237107E-03 3.192049E-01 1.766046E-01 -1.364700E+00 5.864687E-01 -1.845305E-01 9.079070E-01 2.943012E-02 4.110524E-04 3.991282E+00 8.476869E+00 
1.742358E-01 4.154103E-03 3.260217E-01 1.840364E-01 -1.289733E+00 5.696643E-01 -1.209648E-01 9.292795E-01 2.771731E-02 7.609831E-04 3.664200E+00 8.652836E+00 
1.728092E-01 6.023013E-03 3.306785E-01 1.787838E-01 -1.456305E+00 5.753017E-01 -1.299998E-01 9.038107E-01 2.953564E-02 1.367130E-03 4.006455E+00 8.941408E+00 
1.668160E-01 6.099963E-03 3.363730E-01 1.826361E-01 -1.346762E+00 5.873883E-01 -1.380993E-01 9.926020E-01 2.770173E-02 7.880899E-04 4.094711E+00 8.796135E+00 
1.662503E-01 5.453661E-03 3.254916E-01 1.833732E-01 -1.374959E+00 5.793094E-01 -1.387885E-01 9.661961E-01 2.830890E-02 9.599005E-04 4.240273E+00 7.786997E+00 
1.727582E-01 5.996312E-03 3.074010E-01 1.828284E-01 -1.342107E+00 5.880588E-01 -1.350210E-01 1.026189E+00 2.874325E-02 1.204225E-03 4.202818E+00 8.394775E+00 
1.695624E-01 4.088359E-03 3.416866E-01 1.792084E-01 -1.409182E+00 5.923135E-01 -1.841663E-01 9.270954E-01 2.695565E-02 9.535566E-04 4.358104E+00 9.640692E+00 
1.672797E-01 4.085833E-03 3.096501E-01 1.827592E-01 -1.454398E+00 5.880447E-01 -1.127397E-01 9.935875E-01 2.775487E-02 5.822853E-04 3.997043E+00 9.115071E+00 
1.660735E-01 4.634889E-03 3.625245E-01 1.807849E-01 -1.398354E+00 5.884814E-01 -1.601086E-01 9.414758E-01 2.917469E-02 9.235268E-04 4.030926E+00 1.040314E+01 
1.819522E-01 6.282176E-03 2.951639E-01 1.856661E-01 -1.349817E+00 5.893230E-01 -1.658889E-01 9.270333E-01 2.682279E-02 4.830260E-04 4.169495E+00 8.213357E+00 
1.784846E-01 5.795417E-03 3.443004E-01 1.832841E-01 -1.325347E+00 5.962624E-01 -1.214570E-01 9.355647E-01 2.861240E-02 8.889624E-04 4.155060E+00 8.270670E+00 
1.803868E-01 3.969259E-03 3.206702E-01 1.802068E-01 -1.516561E+00 5.883894E-01 -1.524982E-01 1.009086E+00 2.784750E-02 7.231901E-04 4.112679E+00 8.538470E+00 
1.710910E-01 5.482584E-03 3.355728E-01 1.865249E-01 -1.385384E+00 5.789405E-01 -1.522662E-01 9.422853E-01 2.784727E-02 4.622577E-04 4.040215E+00 8.539600E+00 
1.760771E-01 5.454745E-03 3.330283E-01 1.839968E-01 -1.375502E+00 5.808755E-01 -1.299260E-01 9.681130E-01 2.582859E-02 5.066083E-04 4.386164E+00 8.732349E+00 
1.680193E-01 6.322005E-03 3.386937E-01 1.794808E-01 -1.456891E+00 5.898441E-01 -2.000000E-01 9.563552E-01 2.745055E-02 6.710621E-04 4.345607E+00 8.876589E+00 
1.827227E-01 4.033777E-03 3.121560E-01 1.841069E-01 -1.393480E+00 5.818884E-01 -1.349745E-01 9.100731E-01 2.492917E-02 5.123239E-04 4.061228E+00 8.586579E+00 
1.695484E-01 3.965354E-03 2.895816E-01 1.780424E-01 -1.367074E+00 5.767228E-01 -9.926956E-02 9.160099E-01 2.809289E-02 4.999282E-04 3.734929E+00 8.220788E+00 
1.679705E-01 4.352223E-03 3.166420E-01 1.813488E-01 -1.401790E+00 5.875840E-01 -1.003282E-01 9.843232E-01 2.700966E-02 6.500238E-04 3.963656E+00 8.765185E+00 
1.610856E-01 5.689890E-03 3.328750E-01 1.875218E-01 -1.459614E+00 5.894611E-01 -1.762798E-01 9.522560E-01 2.627666E-02 5.745820E-04 4.270285E+00 9.134187E+00 
1.734755E-01 6.195878E-03 3.414464E-01 1.843767E-01 -1.449426E+00 5.961270E-01 -1.960599E-01 9.686417E-01 2.608152E-02 7.798965E-04 4.096895E+00 8.925167E+00 
1.735687E-01 7.263312E-03 3.346085E-01 1.861033E-01 -1.358842E+00 5.897425E-01 -1.553384E-01 9.592098E-01 2.701843E-02 7.873388E-04 4.145557E+00 8.317431E+00 
1.733787E-01 5.963519E-03 3.369831E-01 1.875526E-01 -1.433897E+00 5.879599E-01 -1.578379E-01 9.572819E-01 2.723710E-02 7.736530E-04 4.075875E+00 8.704652E+00 
1.626615E-01 5.402475E-03 3.157413E-01 1.789854E-01 -1.437670E+00 5.796877E-01 -1.367677E-01 9.792629E-01 2.755770E-02 7.152569E-04 4.115669E+00 8.547509E+00 
1.816669E-01 7.622230E-03 3.359121E-01 1.853562E-01 -1.443055E+00 5.841145E-01 -1.218544E-01 9.513595E-01 2.769353E-02 9.570849E-04 3.990564E+00 8.769420E+00 
1.721105E-01 7.019511E-03 3.214366E-01 1.853869E-01 -1.414896E+00 5.587255E-01 -1.192452E-01 9.740654E-01 3.002751E-02 1.335315E-03 4.016862E+00 9.101608E+00 
1.722709E-01 4.874155E-03 3.156976E-01 1.828467E-01 -1.388309E+00 5.972890E-01 -1.744913E-01 9.508459E-01 2.912564E-02 6.852270E-04 3.749009E+00 8.862356E+00 
1.699417E-01 6.775261E-03 3.404168E-01 1.809430E-01 -1.459435E+00 5.430256E-01 -1.576373E-01 9.181340E-01 2.792794E-02 4.952160E-04 3.803221E+00 8.293125E+00 
1.617386E-01 4.507597E-03 3.216886E-01 1.825493E-01 -1.398064E+00 5.918109E-01 -1.084271E-01 9.559719E-01 3.015540E-02 9.432812E-04 4.288631E+00 8.834767E+00 
1.699895E-01 3.225355E-03 3.310019E-01 1.834859E-01 -1.405959E+00 5.663325E-01 -9.118660E-02 9.646796E-01 2.562495E-02 6.021865E-04 3.663897E+00 9.335584E+00 
1.596176E-01 4.792377E-03 3.336758E-01 1.805657E-01 -1.422672E+00 5.894875E-01 -1.673400E-01 9.491338E-01 2.595368E-02 5.585549E-04 4.454946E+00 8.237489E+00 
1.675560E-01 4.721897E-03 3.535212E-01 1.813816E-01 -1.550341E+00 5.958888E-01 -1.380637E-01 8.843820E-01 2.569743E-02 9.386199E-04 4.243903E+00 9.265475E+00 
1.618342E-01 6.179793E-03 3.233236E-01 1.831358E-01 -1.431119E+00 5.805645E-01 -1.214143E-01 9.410580E-01 2.794926E-02 1.548695E-03 4.068098E+00 8.933747E+00 
1.754894E-01 5.231557E-03 3.113055E-01 1.813823E-01 -1.451456E+00 5.760382E-01 -1.304890E-01 9.333847E-01 2.618611E-02 6.448513E-04 3.856664E+00 8.737537E+00 
1.746917E-01 4.990197E-03 3.357780E-01 1.837012E-01 -1.424874E+00 5.794854E-01 -1.346857E-01 9.173805E-01 2.628501E-02 1.304875E-03 4.194413E+00 8.550750E+00 
1.657410E-01 5.410922E-03 3.372599E-01 1.759506E-01 -1.457940E+00 5.811354E-01 -1.363114E-01 9.744476E-01 3.023536E-02 6.222710E-04 4.232269E+00 8.071218E+00 
1.767985E-01 4.568681E-03 3.351656E-01 1.841368E-01 -1.371562E+00 5.923115E-01 -1.344572E-01 9.615369E-01 2.798471E-02 6.459947E-04 4.285372E+00 8.766737E+00 
1.476011E-01 1.000000E-04 3.367120E-01 1.817358E-01 -1.434479E+00 6.000000E-01 -1.056295E-01 9.791531E-01 2.644386E-02 6.004008E-04 4.456661E+00 8.084713E+00 
1.758526E-01 4.565679E-03 3.278207E-01 1.816649E-01 -1.428865E+00 5.697408E-01 -9.121752E-02 9.693100E-01 2.844314E-02 2.059198E-03 3.989448E+00 8.541959E+00 
1.874603E-01 6.363261E-03 3.528386E-01 1.835546E-01 -1.427043E+00 5.582027E-01 -1.213339E-01 9.700068E-01 2.570071E-02 8.081355E-04 4.171035E+00 8.938542E+00 
1.884561E-01 7.009459E-03 3.080194E-01 1.812385E-01 -1.334521E+00 5.847753E-01 -1.284474E-01 9.457794E-01 2.863586E-02 3.132355E-04 4.099643E+00 8.951248E+00 
1.644180E-01 4.553815E-03 3.324398E-01 1.777871E-01 -1.408163E+00 5.966979E-01 -1.536173E-01 9.698104E-01 2.634353E-02 4.614103E-04 3.915189E+00 8.598651E+00 
1.706247E-01 5.259211E-03 3.344037E-01 1.827894E-01 -1.408735E+00 5.734743E-01 -1.437521E-01 9.609274E-01 2.857168E-02 4.054310E-04 4.031041E+00 8.913311E+00 
1.678386E-01 5.568211E-03 3.182661E-01 1.788561E-01 -1.376568E+00 5.639200E-01 -1.326564E-01 9.625931E-01 2.756089E-02 6.707882E-04 3.912532E+00 8.453794E+00 
1.728396E-01 5.987142E-03 3.456043E-01 1.779603E-01 -1.456859E+00 5.849142E-01 -9.955742E-02 9.780031E-01 3.218652E-02 2.055949E-03 4.026319E+00 9.706512E+00 
1.623096E-01 4.399869E-03 3.235699E-01 1.786045E-01 -1.392566E+00 5.931043E-01 -1.790616E-01 9.759041E-01 2.765100E-02 1.029985E-03 4.143868E+00 9.222744E+00 
1.718119E-01 2.581315E-03 3.310831E-01 1.827766E-01 -1.370332E+00 5.843123E-01 -1.438695E-01 9.650831E-01 2.814511E-02 6.602388E-04 4.029481E+00 8.515317E+00 
1.698762E-01 5.703718E-03 3.102551E-01 1.836201E-01 -1.434531E+00 5.684904E-01 -1.229788E-01 9.332505E-01 2.941292E-02 1.000263E-05 3.976665E+00 8.083224E+00 
1.723557E-01 6.048328E-03 3.178297E-01 1.794658E-01 -1.371497E+00 5.825218E-01 -1.431395E-01 9.807790E-01 2.537312E-02 2.271878E-04 4.304947E+00 9.224618E+00 
1.819872E-01 5.025371E-03 3.247052E-01 1.835758E-01 -1.380503E+00 5.813585E-01 -1.566232E-01 9.308039E-01 2.801498E-02 9.039526E-04 4.241887E+00 8.383646E+00 
1.707065E-01 3.985658E-03 3.355535E-01 1.822281E-01 -1.414187E+00 5.828240E-01 -1.525243E-01 9.390724E-01 2.640326E-02 5.462865E-04 3.890028E+00 8.715089E+00 
1.622094E-01 5.768592E-03 3.340343E-01 1.851745E-01 -1.399376E+00 5.902893E-01 -1.213687E-01 9.996222E-01 2.632360E-02 1.119158E-03 4.165684E+00 8.799248E+00 
1.769176E-01 4.307745E-03 3.110582E-01 1.868729E-01 -1.323376E+00 5.906089E-01 -1.041896E-01 9.321078E-01 2.838550E-02 5.873077E-04 4.146382E+00 8.751082E+00 
1.705397E-01 2.515154E-03 3.401714E-01 1.833922E-01 -1.332318E+00 6.000000E-01 -1.280032E-01 9.837235E-01 2.906674E-02 1.153590E-03 4.323217E+00 8.591978E+00 
1.781494E-01 5.255952E-03 3.309255E-01 1.826682E-01 -1.388212E+00 6.000000E-01 -1.365115E-01 9.314247E-01 2.822612E-02 1.005182E-03 4.062236E+00 8.327018E+00 
1.695140E-01 4.808780E-03 3.334663E-01 1.856221E-01 -1.413964E+00 5.863911E-01 -1.452843E-01 9.187966E-01 2.831453E-02 1.111969E-03 4.207438E+00 9.223583E+00 
1.702562E-01 1.098141E-02 3.301887E-01 1.820168E-01 -1.396764E+00 5.672715E-01 -1.354038E-01 9.810654E-01 2.836927E-02 1.261559E-03 3.990039E+00 9.240884E+00 
1.614076E-01 5.295144E-03 3.158459E-01 1.808294E-01 -1.413581E+00 5.805673E-01 -1.477570E-01 9.726282E-01 2.867599E-02 9.200792E-04 4.011620E+00 8.705437E+00 
1.803826E-01 5.581801E-03 3.258919E-01 1.828561E-01 -1.344036E+00 5.797535E-01 -1.307809E-01 9.420502E-01 2.725414E-02 8.090669E-04 4.134597E+00 8.158460E+00 
1.735301E-01 4.028078E-03 3.279367E-01 1.836647E-01 -1.379157E+00 5.913255E-01 -1.362018E-01 9.561624E-01 2.746950E-02 2.469760E-04 4.295210E+00 8.753242E+00 
1.845233E-01 6.718469E-03 3.135284E-01 1.812106E-01 -1.336380E+00 5.697116E-01 -1.152996E-01 9.362396E-01 2.897212E-02 9.783238E-04 4.174272E+00 8.823556E+00 
1.632574E-01 4.240816E-03 3.407249E-01 1.819287E-01 -1.464302E+00 5.885608E-01 -1.391415E-01 9.297642E-01 2.775160E-02 5.299115E-04 4.159266E+00 8.396157E+00 
1.801622E-01 7.277482E-03 3.207000E-01 1.898505E-01 -1.373103E+00 5.928578E-01 -1.813713E-01 9.661589E-01 2.720476E-02 1.917701E-03 4.139301E+00 8.758513E+00 
1.740110E-01 3.761954E-03 3.191457E-01 1.787533E-01 -1.473825E+00 5.827824E-01 -1.222295E-01 9.602307E-01 2.569009E-02 0.000000E+00 3.890104E+00 8.766294E+00 
1.613394E-01 1.928614E-02 3.161674E-01 1.839317E-01 -1.365132E+00 5.856924E-01 -1.135213E-01 9.453691E-01 2.749326E-02 1.101366E-03 3.969913E+00 8.740021E+00 
1.816482E-01 6.495171E-03 3.378581E-01 1.798470E-01 -1.410133E+00 5.771719E-01 -1.507439E-01 9.205731E-01 3.036740E-02 8.181927E-04 3.991700E+00 8.509701E+00 
1.633945E-01 4.366119E-03 3.041677E-01 1.808467E-01 -1.341729E+00 5.875564E-01 -1.478673E-01 9.585459E-01 2.699345E-02 8.894679E-04 4.120746E+00 8.508995E+00 
1.768419E-01 4.794547E-03 3.128681E-01 1.849538E-01 -1.374649E+00 5.886747E-01 -1.675142E-01 9.213545E-01 2.804613E-02 5.312800E-04 3.910646E+00 8.757095E+00 
1.729002E-01 5.190932E-03 3.383772E-01 1.839345E-01 -1.350750E+00 5.534484E-01 -1.385937E-01 9.261975E-01 2.707987E-02 4.697877E-04 4.151434E+00 8.408273E+00 
1.768596E-01 5.092262E-03 3.175288E-01 1.801804E-01 -1.380564E+00 5.826642E-01 -1.325553E-01 9.408384E-01 2.866062E-02 8.977433E-04 4.008465E+00 9.074572E+00 
1.685974E-01 4.820851E-03 3.439573E-01 1.826620E-01 -1.430133E+00 5.893726E-01 -1.123358E-01 9.083856E-01 2.572078E-02 1.225157E-03 4.708391E+00 9.058993E+00 
1.746516E-01 4.854445E-03 3.169515E-01 1.846382E-01 -1.390383E+00 5.910126E-01 -1.264335E-01 9.442602E-01 2.791642E-02 9.394170E-04 4.256146E+00 8.534256E+00 
1.750678E-01 3.768954E-03 3.112033E-01 1.817779E-01 -1.359948E+00 5.860729E-01 -1.388847E-01 9.267531E-01 2.507053E-02 2.820023E-04 3.977324E+00 9.276137E+00 
1.819349E-01 6.522160E-03 3.322765E-01 1.797417E-01 -1.420468E+00 5.890621E-01 -1.661988E-01 9.514901E-01 2.941737E-02 7.109227E-04 4.110374E+00 8.636025E+00 
1.865279E-01 5.413676E-03 3.031695E-01 1.825193E-01 -1.349606E+00 5.801789E-01 -1.241808E-01 9.205419E-01 2.833590E-02 7.412265E-04 3.731341E+00 8.467364E+00 
1.725158E-01 4.391103E-03 3.088025E-01 1.873749E-01 -1.397438E+00 5.760794E-01 -1.323930E-01 9.238861E-01 2.831570E-02 7.335735E-04 4.178749E+00 8.222582E+00 
1.738077E-01 5.924215E-03 3.328799E-01 1.772698E-01 -1.437428E+00 5.618225E-01 -1.305535E-01 9.703044E-01 2.739273E-02 1.987586E-04 4.151585E+00 8.802719E+00 
1.795085E-01 5.832311E-03 3.299127E-01 1.824579E-01 -1.448214E+00 5.842620E-01 -1.352841E-01 9.593236E-01 2.638650E-02 1.141040E-03 4.116602E+00 9.195181E+00 
1.617032E-01 3.489353E-03 3.249109E-01 1.817446E-01 -1.409033E+00 5.796413E-01 -1.262282E-01 9.346635E-01 2.765205E-02 8.715638E-04 3.925603E+00 8.637810E+00 
1.717273E-01 5.273164E-03 3.536555E-01 1.798275E-01 -1.369542E+00 5.771265E-01 -1.628888E-01 1.006807E+00 2.862742E-02 1.944531E-03 3.837658E+00 8.781155E+00 
1.561508E-01 5.413956E-03 3.301956E-01 1.794239E-01 -1.391789E+00 5.811866E-01 -1.035374E-01 9.519639E-01 2.940667E-02 5.996211E-04 4.018045E+00 8.566118E+00 
1.863526E-01 6.868781E-03 3.407180E-01 1.808841E-01 -1.497012E+00 5.926874E-01 -1.616753E-01 9.091934E-01 2.714508E-02 9.940611E-04 4.383249E+00 9.038529E+00 
1.649593E-01 9.957328E-03 3.475010E-01 1.808184E-01 -1.404099E+00 5.641193E-01 -1.420217E-01 8.318408E-01 2.950871E-02 5.517814E-04 4.163586E+00 8.550924E+00 
1.575338E-01 2.736898E-02 3.163752E-01 1.842349E-01 -1.346329E+00 5.892526E-01 -1.261278E-01 9.245710E-01 2.692889E-02 5.062178E-03 3.538504E+00 8.630192E+00 
1.785709E-01 3.705331E-03 3.262205E-01 1.838716E-01 -1.368165E+00 5.860243E-01 -1.134411E-01 9.247702E-01 2.628552E-02 1.102658E-03 4.361541E+00 8.252458E+00 
1.762579E-01 4.863256E-03 3.394468E-01 1.802089E-01 -1.377785E+00 5.994906E-01 -1.852522E-01 9.465121E-01 2.806806E-02 4.469899E-04 4.381855E+00 9.085387E+00 
1.768474E-01 5.420156E-03 3.231768E-01 1.794236E-01 -1.386918E+00 5.820321E-01 -1.195060E-01 9.466543E-01 2.825439E-02 6.753091E-04 3.884906E+00 9.038113E+00 
1.873489E-01 1.003991E-02 3.334688E-01 1.819660E-01 -1.389898E+00 5.933850E-01 -1.351946E-01 9.173951E-01 2.800325E-02 1.200190E-03 4.263782E+00 9.075453E+00 
1.836338E-01 2.607340E-03 3.329096E-01 1.862226E-01 -1.377355E+00 5.882481E-01 -1.277919E-01 9.775469E-01 2.843934E-02 6.006295E-04 4.176882E+00 8.835813E+00 
1.756706E-01 4.990395E-03 3.269830E-01 1.834936E-01 -1.444994E+00 5.854770E-01 -1.152087E-01 9.271303E-01 2.746522E-02 6.163240E-04 4.081655E+00 8.985107E+00 
1.832345E-01 5.458898E-03 3.348362E-01 1.778272E-01 -1.372814E+00 5.854080E-01 -1.912701E-01 9.220103E-01 2.829617E-02 1.333116E-03 4.043806E+00 8.283911E+00 
1.714739E-01 4.782129E-03 3.293257E-01 1.836419E-01 -1.523356E+00 5.859771E-01 -1.150148E-01 9.611208E-01 2.615717E-02 7.214762E-04 4.040902E+00 9.043904E+00 
1.805333E-01 5.614372E-03 3.463631E-01 1.875331E-01 -1.439402E+00 5.960852E-01 -1.632550E-01 9.547944E-01 2.585843E-02 6.127297E-04 3.923484E+00 8.770480E+00 
1.800786E-01 4.755100E-03 3.014543E-01 1.814165E-01 -1.284023E+00 5.726203E-01 -1.240257E-01 9.611138E-01 2.748311E-02 8.275709E-04 3.669619E+00 8.592961E+00 
1.433227E-01 4.180535E-02 3.956925E-01 1.579490E-01 -1.394201E+00 4.896765E-01 -7.991446E-02 7.078624E-01 3.039107E-02 3.543451E-03 3.827218E+00 1.068341E+01 
1.779301E-01 5.501003E-03 3.399558E-01 1.837633E-01 -1.402310E+00 5.615340E-01 -1.519648E-01 9.627127E-01 2.887891E-02 7.149102E-04 4.126142E+00 9.363634E+00 
1.772195E-01 2.345551E-03 3.319774E-01 1.793016E-01 -1.549144E+00 5.843218E-01 -1.240217E-01 9.083042E-01 2.826997E-02 5.648567E-04 4.069880E+00 9.257731E+00 
1.800788E-01 5.420565E-03 3.209936E-01 1.839861E-01 -1.377102E+00 5.716585E-01 -1.127830E-01 9.305914E-01 2.706450E-02 4.020853E-04 3.956376E+00 8.458423E+00 
1.708295E-01 5.190591E-03 3.272985E-01 1.882586E-01 -1.477351E+00 5.920744E-01 -1.823656E-01 9.718382E-01 2.759985E-02 6.420552E-04 4.250679E+00 8.752751E+00 
1.808766E-01 5.154216E-03 3.385909E-01 1.835135E-01 -1.386270E+00 5.885462E-01 -1.574509E-01 9.301211E-01 2.621874E-02 6.829495E-04 4.119532E+00 8.534437E+00 
1.719849E-01 4.812922E-03 3.380460E-01 1.835513E-01 -1.458997E+00 5.899831E-01 -1.180031E-01 9.550953E-01 2.771892E-02 6.688804E-04 4.547772E+00 8.468052E+00 
1.668757E-01 4.185440E-03 3.201938E-01 1.819534E-01 -1.363254E+00 5.937024E-01 -1.402830E-01 9.867732E-01 2.883775E-02 2.260682E-04 4.181178E+00 8.125189E+00 
1.763488E-01 9.834983E-03 3.408105E-01 1.849916E-01 -1.439930E+00 5.965883E-01 -1.454903E-01 9.860388E-01 2.911034E-02 8.928333E-04 3.588081E+00 9.051774E+00 
1.566925E-01 5.244783E-03 3.434468E-01 1.799128E-01 -1.496134E+00 5.919605E-01 -1.757881E-01 9.061657E-01 2.662607E-02 1.168637E-03 4.321439E+00 9.262167E+00 
1.743368E-01 6.272361E-03 3.475643E-01 1.842270E-01 -1.467279E+00 5.708121E-01 -1.174378E-01 9.587602E-01 2.638680E-02 1.314683E-03 4.224862E+00 8.943685E+00 
1.628371E-01 5.144721E-03 3.190546E-01 1.848203E-01 -1.404495E+00 5.850673E-01 -1.724967E-01 9.502696E-01 2.750283E-02 5.665233E-04 4.070652E+00 9.065002E+00 
1.721767E-01 4.593034E-03 3.216736E-01 1.816568E-01 -1.374642E+00 5.724559E-01 -1.004293E-01 9.386050E-01 2.773593E-02 1.205997E-03 4.183548E+00 9.272716E+00 
1.678599E-01 5.712788E-03 3.197768E-01 1.892083E-01 -1.366597E+00 5.808814E-01 -1.420562E-01 9.617208E-01 2.892023E-02 7.795479E-04 3.912551E+00 8.348876E+00 
1.743021E-01 5.433899E-03 3.419366E-01 1.874038E-01 -1.535070E+00 5.974959E-01 -1.718982E-01 9.585316E-01 2.623983E-02 7.319963E-04 4.423261E+00 8.899647E+00 
1.741366E-01 5.258228E-03 3.326764E-01 1.762392E-01 -1.529408E+00 5.908426E-01 -1.219377E-01 9.282005E-01 2.717722E-02 1.158245E-03 3.823278E+00 9.255428E+00 
1.784301E-01 5.522699E-03 3.360221E-01 1.813136E-01 -1.432206E+00 5.838076E-01 -1.401065E-01 9.377886E-01 2.824679E-02 1.372694E-03 4.260861E+00 9.356754E+00 
1.823059E-01 5.979938E-03 2.871458E-01 1.835680E-01 -1.345299E+00 5.880304E-01 -1.507123E-01 9.332067E-01 2.871864E-02 5.748990E-04 3.930061E+00 8.658530E+00 
1.683114E-01 5.807190E-03 3.230030E-01 1.748306E-01 -1.356142E+00 5.814613E-01 -1.415387E-01 9.474384E-01 2.731302E-02 5.054349E-04 4.105631E+00 8.849927E+00 
1.735530E-01 4.333171E-03 3.350964E-01 1.828775E-01 -1.467704E+00 5.844532E-01 -1.512731E-01 9.530838E-01 2.602066E-02 6.636504E-04 4.098779E+00 8.070643E+00 
1.664875E-01 3.600243E-03 3.186313E-01 1.830711E-01 -1.370741E+00 5.890901E-01 -1.484087E-01 9.696364E-01 2.838095E-02 6.237176E-04 3.725879E+00 8.599573E+00 
1.712229E-01 6.262983E-03 3.445466E-01 1.848423E-01 -1.237721E+00 5.908336E-01 -1.899246E-01 9.341713E-01 2.547875E-02 3.838608E-05 4.359771E+00 8.737884E+00 
1.768811E-01 4.620325E-03 3.080174E-01 1.759680E-01 -1.333985E+00 5.852017E-01 -1.263962E-01 8.954399E-01 2.634439E-02 1.163617E-03 3.854527E+00 8.366246E+00 
1.711967E-01 7.099261E-03 3.191220E-01 1.838096E-01 -1.436765E+00 5.845061E-01 -1.360536E-01 9.366176E-01 2.801123E-02 1.003828E-03 4.261827E+00 8.263638E+00 
1.781759E-01 3.059742E-03 3.318289E-01 1.877113E-01 -1.374228E+00 5.886406E-01 -1.259092E-01 9.566550E-01 2.774944E-02 8.777228E-04 3.570561E+00 9.264004E+00 
1.753225E-01 5.251191E-03 2.899517E-01 1.829890E-01 -1.447148E+00 5.884669E-01 -1.153830E-01 9.619615E-01 2.792939E-02 6.323137E-04 3.928504E+00 8.586333E+00 
1.678557E-01 5.907298E-03 3.418364E-01 1.768092E-01 -1.561324E+00 5.916931E-01 -1.046790E-01 9.873069E-01 2.835502E-02 2.234812E-03 4.273641E+00 9.279949E+00 
1.838817E-01 4.933646E-03 3.423240E-01 1.904576E-01 -1.435872E+00 5.931477E-01 -1.472541E-01 9.898569E-01 2.906890E-02 7.522496E-04 4.326260E+00 8.701375E+00 
1.736173E-01 3.580130E-03 3.244947E-01 1.811367E-01 -1.381505E+00 5.873192E-01 -1.237480E-01 9.618170E-01 2.768848E-02 5.159056E-04 4.199078E+00 8.774596E+00 
1.819734E-01 3.644849E-03 3.183778E-01 1.824661E-01 -1.396627E+00 5.941790E-01 -1.455834E-01 9.688635E-01 2.767257E-02 4.264114E-04 4.082332E+00 8.590355E+00 
1.642361E-01 2.996341E-03 3.392745E-01 1.834364E-01 -1.438546E+00 5.985844E-01 -1.418433E-01 9.191126E-01 2.832536E-02 7.848282E-04 4.678749E+00 8.984248E+00 
1.744444E-01 3.999198E-03 3.262719E-01 1.844897E-01 -1.538315E+00 5.806264E-01 -1.398328E-01 8.907388E-01 2.868435E-02 4.667939E-04 4.050278E+00 8.899649E+00 
1.809848E-01 6.070915E-03 3.131938E-01 1.808323E-01 -1.383448E+00 5.768482E-01 -1.260800E-01 9.851823E-01 2.711766E-02 3.468358E-04 3.968454E+00 8.655724E+00 
1.646238E-01 5.151403E-03 3.437362E-01 1.817384E-01 -1.385337E+00 5.911100E-01 -1.801985E-01 9.813716E-01 2.694391E-02 2.675569E-04 4.020439E+00 8.644822E+00 
1.871573E-01 5.949027E-03 3.305953E-01 1.878817E-01 -1.411308E+00 5.918566E-01 -1.687035E-01 9.676785E-01 2.939128E-02 5.569395E-04 3.894405E+00 9.683258E+00 
1.859535E-01 4.679189E-03 3.451316E-01 1.866094E-01 -1.383997E+00 5.874614E-01 -1.440220E-01 9.948382E-01 2.700093E-02 1.210977E-03 4.110808E+00 8.825872E+00 
1.812200E-01 5.711899E-03 3.165137E-01 1.799656E-01 -1.391830E+00 5.793932E-01 -1.386206E-01 9.542622E-01 2.837344E-02 5.342712E-04 3.972906E+00 8.926492E+00 
1.691310E-01 4.957570E-03 3.297532E-01 1.814771E-01 -1.414265E+00 5.983400E-01 -1.919813E-01 9.454744E-01 2.776780E-02 8.072931E-04 4.403546E+00 8.615015E+00 
1.892639E-01 5.099303E-03 3.317806E-01 1.827659E-01 -1.429826E+00 5.809160E-01 -1.236826E-01 9.354873E-01 2.816051E-02 3.082665E-04 4.066640E+00 8.367331E+00 
1.732384E-01 1.869486E-03 3.302166E-01 1.790165E-01 -1.519010E+00 5.928873E-01 -1.198186E-01 9.557255E-01 2.625576E-02 6.280705E-04 4.507313E+00 8.901520E+00 
1.721441E-01 4.321742E-03 3.248947E-01 1.821609E-01 -1.392361E+00 5.820383E-01 -1.178151E-01 9.496253E-01 2.932511E-02 7.981519E-04 3.857137E+00 8.987314E+00 
1.783355E-01 4.235771E-03 3.292231E-01 1.853171E-01 -1.343237E+00 5.933256E-01 -1.451478E-01 9.482357E-01 2.758333E-02 9.596905E-04 4.022390E+00 9.094933E+00 
1.625400E-01 4.548107E-03 3.495381E-01 1.813441E-01 -1.444263E+00 5.838995E-01 -1.550877E-01 9.259351E-01 2.604568E-02 1.475623E-03 4.181852E+00 8.780969E+00 
1.717463E-01 4.755657E-03 3.335846E-01 1.804356E-01 -1.483744E+00 5.828838E-01 -1.285077E-01 9.660059E-01 2.660594E-02 9.783163E-04 4.270837E+00 8.622540E+00 
1.988121E-01 4.146156E-03 3.294479E-01 1.814233E-01 -1.363336E+00 5.659502E-01 -1.549374E-01 9.485702E-01 2.768126E-02 4.374615E-04 3.949259E+00 8.177960E+00 
1.766419E-01 7.899469E-03 3.311309E-01 1.860987E-01 -1.373680E+00 5.958959E-01 -1.600960E-01 9.620162E-01 2.744452E-02 8.087888E-04 4.044838E+00 7.720701E+00 
1.698524E-01 4.914568E-03 3.237159E-01 1.829713E-01 -1.392640E+00 5.799524E-01 -1.063788E-01 9.650984E-01 2.742254E-02 6.096544E-04 3.906354E+00 8.658802E+00 
1.668690E-01 5.248522E-03 3.055998E-01 1.777960E-01 -1.409456E+00 5.836074E-01 -1.150302E-01 9.595242E-01 2.900170E-02 7.392763E-04 4.195327E+00 8.458640E+00 
1.726997E-01 4.356389E-03 3.216838E-01 1.827655E-01 -1.400637E+00 5.741996E-01 -1.315075E-01 9.018215E-01 2.512109E-02 7.810706E-04 3.512075E+00 8.761760E+00 
1.687446E-01 3.719038E-03 3.262574E-01 1.831659E-01 -1.408172E+00 5.877869E-01 -1.284463E-01 9.460747E-01 2.492109E-02 7.646864E-04 4.230985E+00 9.246095E+00 
1.740278E-01 5.349649E-03 3.201816E-01 1.847351E-01 -1.435330E+00 5.786127E-01 -1.393135E-01 1.017179E+00 2.702966E-02 2.144272E-04 4.369059E+00 8.528087E+00 
1.754145E-01 7.404374E-03 3.151550E-01 1.862057E-01 -1.434807E+00 5.902889E-01 -1.446435E-01 9.189462E-01 3.082508E-02 8.058024E-04 3.946358E+00 9.098421E+00 
1.773376E-01 5.906343E-03 3.236288E-01 1.821183E-01 -1.440429E+00 5.730700E-01 -1.520240E-01 9.539101E-01 2.813027E-02 7.133538E-04 4.247234E+00 8.642747E+00 
1.738412E-01 5.321653E-03 3.054698E-01 1.828333E-01 -1.415002E+00 5.729193E-01 -1.110089E-01 9.162856E-01 2.828744E-02 6.686305E-04 4.099488E+00 9.249461E+00 
1.667109E-01 6.435380E-03 3.283896E-01 1.852526E-01 -1.433422E+00 5.960186E-01 -1.568098E-01 9.446515E-01 2.876042E-02 5.961321E-04 4.549326E+00 8.992108E+00 
1.805501E-01 4.697945E-03 3.373263E-01 1.813443E-01 -1.277556E+00 5.882649E-01 -1.441297E-01 9.672568E-01 2.748073E-02 2.101066E-03 4.413901E+00 9.520538E+00 
1.586334E-01 4.380617E-03 3.270929E-01 1.812335E-01 -1.438972E+00 5.949686E-01 -1.475817E-01 9.860214E-01 2.743481E-02 1.648945E-04 3.972743E+00 9.073821E+00 
1.624644E-01 6.450941E-03 3.240198E-01 1.786432E-01 -1.429051E+00 5.833332E-01 -1.526164E-01 9.444469E-01 2.745938E-02 4.641311E-04 3.660410E+00 8.742058E+00 
1.874863E-01 4.485594E-03 3.140644E-01 1.866453E-01 -1.371873E+00 5.821663E-01 -1.022905E-01 9.276708E-01 2.695789E-02 2.717252E-04 4.124276E+00 8.946938E+00 
1.715769E-01 5.033036E-03 3.342345E-01 1.827803E-01 -1.386344E+00 5.812247E-01 -1.187584E-01 9.332161E-01 2.757964E-02 7.612396E-04 4.016216E+00 8.541110E+00 
1.752095E-01 3.602283E-03 3.171791E-01 1.847531E-01 -1.392464E+00 5.781696E-01 -1.405747E-01 9.626500E-01 2.723784E-02 7.348783E-04 4.110230E+00 8.562733E+00 
1.763890E-01 6.838215E-03 3.183301E-01 1.812354E-01 -1.416843E+00 5.782260E-01 -1.089403E-01 9.484169E-01 2.685438E-02 5.710220E-04 4.211518E+00 8.841495E+00 
1.517781E-01 4.881598E-03 3.451918E-01 1.812915E-01 -1.418387E+00 5.793594E-01 -1.538451E-01 9.432566E-01 2.882050E-02 1.235778E-03 3.701507E+00 8.255879E+00 
1.717088E-01 5.646977E-03 3.148526E-01 1.820293E-01 -1.445894E+00 5.802032E-01 -1.482665E-01 9.456246E-01 2.762194E-02 4.590794E-04 4.182486E+00 8.974271E+00 
1.710502E-01 4.649132E-03 3.292744E-01 1.856974E-01 -1.414184E+00 5.841580E-01 -1.686642E-01 9.470297E-01 2.700380E-02 5.613993E-04 4.213903E+00 8.574966E+00 
1.749313E-01 4.847201E-03 3.319467E-01 1.824505E-01 -1.368012E+00 5.818015E-01 -1.246286E-01 9.645713E-01 2.752532E-02 6.533920E-04 3.863285E+00 8.928301E+00 
1.828481E-01 3.783556E-03 3.371509E-01 1.854870E-01 -1.340880E+00 5.904022E-01 -1.679190E-01 9.537303E-01 2.781039E-02 8.353578E-04 4.244479E+00 9.130612E+00 
1.728396E-01 6.963146E-03 3.296325E-01 1.854906E-01 -1.403336E+00 5.901170E-01 -1.168430E-01 9.457326E-01 2.840320E-02 7.921330E-04 4.243444E+00 8.942609E+00 
1.620964E-01 5.425184E-03 3.369651E-01 1.761024E-01 -1.428841E+00 5.758350E-01 -1.114476E-01 9.141368E-01 2.972447E-02 6.451770E-04 3.999444E+00 8.804334E+00 
1.706807E-01 3.668417E-03 3.180395E-01 1.827278E-01 -1.364338E+00 5.889387E-01 -1.542276E-01 9.899582E-01 2.894937E-02 9.684968E-04 4.243580E+00 8.204440E+00 
1.590383E-01 6.450923E-03 3.352393E-01 1.881477E-01 -1.329566E+00 6.000000E-01 -1.649284E-01 9.761623E-01 2.813901E-02 0.000000E+00 4.983127E+00 8.462097E+00 
1.774802E-01 5.317579E-03 3.279720E-01 1.837490E-01 -1.401049E+00 5.882915E-01 -1.205237E-01 9.451257E-01 2.821248E-02 3.288247E-05 4.059497E+00 8.938347E+00 
1.884793E-01 9.284458E-03 3.291915E-01 1.874764E-01 -1.317392E+00 5.841965E-01 -1.397478E-01 9.351251E-01 2.890273E-02 1.128953E-03 4.481017E+00 8.473716E+00 
1.752126E-01 4.702731E-03 3.693181E-01 1.807496E-01 -1.441266E+00 5.917024E-01 -1.545719E-01 9.544233E-01 2.663902E-02 9.956810E-04 4.281012E+00 9.034659E+00 
1.785303E-01 4.654214E-03 3.241382E-01 1.827072E-01 -1.524378E+00 5.887653E-01 -1.532926E-01 9.357205E-01 2.680056E-02 4.085643E-04 3.980841E+00 8.664504E+00 
1.704571E-01 4.111681E-03 3.170343E-01 1.817397E-01 -1.454825E+00 5.798554E-01 -9.612977E-02 9.892174E-01 2.768855E-02 2.767020E-04 4.349052E+00 8.755589E+00 
1.717414E-01 2.692298E-03 3.204937E-01 1.866138E-01 -1.409148E+00 5.903365E-01 -1.240515E-01 9.298406E-01 2.816998E-02 5.455301E-04 4.467897E+00 9.479702E+00 
1.691522E-01 4.733558E-03 3.271736E-01 1.859574E-01 -1.491020E+00 5.926362E-01 -1.313176E-01 9.569643E-01 2.677777E-02 3.395903E-04 4.176615E+00 8.701070E+00 
1.789301E-01 4.748907E-03 3.208986E-01 1.887410E-01 -1.347150E+00 5.796576E-01 -1.238129E-01 9.684174E-01 2.907238E-02 8.089004E-04 4.141634E+00 9.251998E+00 
1.747836E-01 1.770255E-02 3.351681E-01 1.853957E-01 -1.355815E+00 5.801481E-01 -1.276746E-01 9.553565E-01 2.633091E-02 3.566265E-04 4.146516E+00 9.106708E+00 
1.781056E-01 6.283184E-03 3.218283E-01 1.855811E-01 -1.439127E+00 5.819411E-01 -1.363400E-01 9.084972E-01 2.831848E-02 6.617947E-04 3.606774E+00 9.310117E+00 
1.732409E-01 5.505631E-03 3.203560E-01 1.828648E-01 -1.421395E+00 5.845328E-01 -1.560550E-01 9.739857E-01 2.799440E-02 9.384258E-04 3.988911E+00 8.480220E+00 
1.772659E-01 4.951249E-03 3.363960E-01 1.829818E-01 -1.406115E+00 5.928768E-01 -1.723883E-01 9.472463E-01 2.854144E-02 7.457868E-04 4.360880E+00 8.744343E+00 
1.627245E-01 5.858266E-03 3.298252E-01 1.822534E-01 -1.435331E+00 5.790319E-01 -1.299985E-01 9.877670E-01 2.727188E-02 1.055190E-03 4.296443E+00 8.526726E+00 
1.736685E-01 4.019351E-03 3.186726E-01 1.847874E-01 -1.364034E+00 5.880999E-01 -1.395038E-01 9.721083E-01 2.998482E-02 7.963370E-04 4.206740E+00 8.614123E+00 
1.736024E-01 3.470564E-02 4.187470E-01 1.449020E-01 -1.335730E+00 2.158965E-01 -5.611127E-02 4.381568E-01 2.909477E-02 4.011490E-03 3.909820E+00 1.274520E+01 
1.731822E-01 2.701307E-03 3.394543E-01 1.808217E-01 -1.451501E+00 5.857916E-01 -1.443844E-01 9.371691E-01 2.753147E-02 8.612295E-04 4.116264E+00 7.831973E+00 
1.829241E-01 4.351890E-03 3.080454E-01 1.834633E-01 -1.404858E+00 5.742172E-01 -1.140748E-01 9.424898E-01 3.023651E-02 6.320300E-04 3.843364E+00 8.250182E+00 
1.724123E-01 5.594475E-03 3.429945E-01 1.849072E-01 -1.416406E+00 5.944776E-01 -1.451280E-01 9.445663E-01 2.799979E-02 5.758050E-04 4.051943E+00 8.794385E+00 
1.728359E-01 4.189063E-03 3.333954E-01 1.831787E-01 -1.428859E+00 5.866127E-01 -1.967736E-01 9.662911E-01 2.724554E-02 4.967881E-04 4.154531E+00 8.306483E+00 
1.737492E-01 7.297034E-03 3.386773E-01 1.779894E-01 -1.416034E+00 5.965050E-01 -1.156084E-01 9.043345E-01 2.798549E-02 2.326542E-06 4.165049E+00 9.197249E+00 
1.806410E-01 5.761023E-03 3.055237E-01 1.830527E-01 -1.326248E+00 5.838963E-01 -1.266388E-01 9.220695E-01 2.755759E-02 4.084145E-04 3.223527E+00 7.872589E+00 
1.855017E-01 4.973603E-03 3.104212E-01 1.829803E-01 -1.361972E+00 5.832567E-01 -1.202824E-01 9.188808E-01 2.753525E-02 6.905871E-04 4.098999E+00 8.737297E+00 
1.808250E-01 5.834702E-03 3.205615E-01 1.854162E-01 -1.388885E+00 5.983058E-01 -1.504608E-01 9.866171E-01 2.797088E-02 1.045585E-03 4.354525E+00 8.694319E+00 
1.689285E-01 3.193612E-03 3.230312E-01 1.813943E-01 -1.429888E+00 5.775444E-01 -1.201973E-01 9.657802E-01 3.011493E-02 8.909963E-04 4.141593E+00 8.682477E+00 
1.845377E-01 8.959764E-03 3.303027E-01 1.903523E-01 -1.443306E+00 5.929271E-01 -1.406902E-01 9.367545E-01 2.720554E-02 8.782457E-04 5.055528E+00 9.105436E+00 
1.733156E-01 1.655466E-03 3.391438E-01 1.847894E-01 -1.402922E+00 5.983129E-01 -2.000000E-01 9.188041E-01 2.509716E-02 1.984250E-03 4.359001E+00 8.689930E+00 
1.701746E-01 4.180179E-03 3.269526E-01 1.834306E-01 -1.373873E+00 5.814948E-01 -1.313566E-01 9.474391E-01 2.681292E-02 6.944508E-04 4.006181E+00 8.495647E+00 
1.726453E-01 3.095919E-03 3.178481E-01 1.798376E-01 -1.413888E+00 5.880185E-01 -1.149776E-01 9.768904E-01 2.881012E-02 3.175331E-04 3.461955E+00 9.550177E+00 
1.770937E-01 4.884837E-03 3.023229E-01 1.826961E-01 -1.388745E+00 5.754053E-01 -1.276190E-01 9.314609E-01 2.991358E-02 6.440461E-04 4.159460E+00 9.086922E+00 
1.743738E-01 5.252535E-03 3.158342E-01 1.846317E-01 -1.452908E+00 5.874008E-01 -1.259801E-01 9.891640E-01 2.727763E-02 1.372015E-04 4.179118E+00 8.527172E+00 
1.656333E-01 4.473144E-03 3.621612E-01 1.835606E-01 -1.404780E+00 5.913369E-01 -1.162670E-01 9.360003E-01 2.429475E-02 9.292623E-04 4.060030E+00 8.827101E+00 
1.764135E-01 3.829955E-03 3.024153E-01 1.880745E-01 -1.376382E+00 5.810037E-01 -1.150114E-01 9.259144E-01 2.762801E-02 2.941848E-04 3.795175E+00 8.797061E+00 
1.729590E-01 3.457580E-03 3.216406E-01 1.810526E-01 -1.429708E+00 5.933756E-01 -1.438168E-01 9.469912E-01 2.734026E-02 2.313082E-04 4.713483E+00 8.961999E+00 
1.718647E-01 2.914826E-03 3.297423E-01 1.808424E-01 -1.428897E+00 5.911900E-01 -1.216941E-01 9.690766E-01 2.822927E-02 1.253720E-03 4.387191E+00 8.560730E+00 
1.713667E-01 5.676260E-03 3.427558E-01 1.791334E-01 -1.360141E+00 5.897226E-01 -1.987839E-01 9.441037E-01 2.730165E-02 1.047093E-03 4.348290E+00 8.669075E+00 
1.903951E-01 9.695347E-03 3.142247E-01 1.827470E-01 -1.430823E+00 5.865875E-01 -1.739083E-01 9.591687E-01 2.839656E-02 1.081088E-03 4.369905E+00 8.929102E+00 
1.732673E-01 4.744705E-03 3.321049E-01 1.835682E-01 -1.403374E+00 5.802869E-01 -1.072383E-01 9.687105E-01 2.663224E-02 6.307481E-04 3.871972E+00 9.069386E+00 
1.815046E-01 4.851463E-03 3.228854E-01 1.796993E-01 -1.322547E+00 5.871588E-01 -1.489269E-01 9.737314E-01 2.906022E-02 1.121986E-03 4.198012E+00 8.553217E+00 
1.726388E-01 7.480552E-03 3.348636E-01 1.789816E-01 -1.424101E+00 5.982093E-01 -1.946454E-01 9.432184E-01 2.603686E-02 6.472243E-04 4.100401E+00 9.001586E+00 
1.759634E-01 5.991845E-03 3.407832E-01 1.836843E-01 -1.513242E+00 5.890622E-01 -1.283102E-01 9.713947E-01 2.602105E-02 1.915089E-04 4.094361E+00 8.851915E+00 
1.765983E-01 5.701888E-03 3.359196E-01 1.845873E-01 -1.501346E+00 5.926959E-01 -1.342459E-01 9.227213E-01 2.817357E-02 7.590902E-04 4.204760E+00 9.217322E+00 
1.784619E-01 4.772855E-03 3.270939E-01 1.847682E-01 -1.412104E+00 5.841175E-01 -1.421950E-01 8.528120E-01 2.565554E-02 1.497515E-03 4.186751E+00 8.648754E+00 
1.605607E-01 3.970336E-03 3.314020E-01 1.815137E-01 -1.330417E+00 5.940695E-01 -1.110052E-01 9.964083E-01 2.743930E-02 1.050231E-03 4.218354E+00 9.272027E+00 
1.958479E-01 1.263504E-03 3.035509E-01 1.884994E-01 -1.414703E+00 5.951033E-01 -1.220151E-01 1.035406E+00 2.856591E-02 7.524231E-04 3.767943E+00 8.543489E+00 
1.801700E-01 5.561980E-03 3.163925E-01 1.842282E-01 -1.408137E+00 5.807420E-01 -1.228549E-01 9.664096E-01 2.842451E-02 6.754544E-04 3.976086E+00 9.064449E+00 
1.774124E-01 4.537215E-03 3.293436E-01 1.863761E-01 -1.487510E+00 5.901404E-01 -1.349729E-01 9.545388E-01 2.746232E-02 6.136963E-04 4.252538E+00 9.655666E+00 
1.791151E-01 6.721567E-03 3.406764E-01 1.777085E-01 -1.515422E+00 5.927406E-01 -1.596369E-01 9.009979E-01 2.551122E-02 7.355143E-04 4.008003E+00 9.073144E+00 
1.644875E-01 3.599783E-03 2.881542E-01 1.817380E-01 -1.425220E+00 5.838151E-01 -1.064994E-01 9.088716E-01 2.634475E-02 1.191686E-03 4.232642E+00 8.848698E+00 
1.727316E-01 4.757761E-03 3.466610E-01 1.886794E-01 -1.308209E+00 5.954501E-01 -1.842727E-01 9.686330E-01 2.885198E-02 1.143580E-03 3.634722E+00 8.453888E+00 
1.769836E-01 4.571586E-03 3.226610E-01 1.845099E-01 -1.398164E+00 5.864298E-01 -1.221727E-01 9.644255E-01 2.777472E-02 9.190654E-04 3.756376E+00 9.442558E+00 
1.684065E-01 3.397931E-03 3.249511E-01 1.792769E-01 -1.415564E+00 5.911939E-01 -1.251411E-01 9.522165E-01 2.682645E-02 6.986973E-04 3.753848E+00 9.161770E+00 
1.843416E-01 6.933975E-03 3.243939E-01 1.775257E-01 -1.449166E+00 5.831313E-01 -1.860266E-01 9.805613E-01 2.804153E-02 5.899369E-04 4.079461E+00 8.693581E+00 
1.729050E-01 6.236538E-03 3.543577E-01 1.842319E-01 -1.244855E+00 5.941688E-01 -1.223430E-01 9.799787E-01 2.676343E-02 5.097577E-04 4.332559E+00 8.935156E+00 
1.720302E-01 4.903555E-03 3.375485E-01 1.773675E-01 -1.388473E+00 5.865344E-01 -1.473769E-01 1.030322E+00 2.590121E-02 1.128224E-03 4.137679E+00 8.776040E+00 
1.620021E-01 5.970749E-03 3.251482E-01 1.789557E-01 -1.453251E+00 5.846591E-01 -1.281780E-01 9.556273E-01 2.683991E-02 8.628816E-04 4.021708E+00 8.537184E+00 
1.732074E-01 6.830668E-03 3.309945E-01 1.716891E-01 -1.398006E+00 5.823016E-01 -1.657729E-01 9.078245E-01 2.675612E-02 4.388329E-04 3.818531E+00 9.199524E+00 
1.821678E-01 5.077107E-03 3.366028E-01 1.841964E-01 -1.406018E+00 5.882763E-01 -1.661922E-01 9.425155E-01 2.767652E-02 7.905431E-04 4.311898E+00 9.176606E+00 
1.773453E-01 5.444328E-03 3.342935E-01 1.846612E-01 -1.409123E+00 5.941097E-01 -1.403568E-01 9.617589E-01 2.746652E-02 8.835211E-04 4.190241E+00 9.069313E+00 
1.703061E-01 4.732986E-03 3.185452E-01 1.813680E-01 -1.348155E+00 5.681081E-01 -1.033985E-01 9.717067E-01 2.727376E-02 7.832208E-04 3.945951E+00 9.055532E+00 
1.928448E-01 4.580063E-03 3.377164E-01 1.869490E-01 -1.430163E+00 5.566328E-01 -1.156571E-01 9.635221E-01 2.775031E-02 0.000000E+00 4.064840E+00 8.911087E+00 
1.601597E-01 5.510257E-03 3.198556E-01 1.815394E-01 -1.390273E+00 5.926925E-01 -2.000000E-01 9.603467E-01 2.796634E-02 4.871086E-04 4.073662E+00 8.603434E+00 
1.674904E-01 6.327996E-03 3.424823E-01 1.783657E-01 -1.454209E+00 5.843935E-01 -1.030645E-01 9.722883E-01 2.980261E-02 1.211873E-03 4.147438E+00 9.654938E+00 
1.798467E-01 5.222108E-03 3.394541E-01 1.769553E-01 -1.455221E+00 5.903734E-01 -1.332556E-01 9.699669E-01 2.727114E-02 7.121948E-04 4.026330E+00 8.941683E+00 
1.801225E-01 3.672248E-03 3.394268E-01 1.853816E-01 -1.417510E+00 5.875879E-01 -1.279681E-01 9.817242E-01 2.786089E-02 6.686571E-04 4.320004E+00 8.684383E+00 
1.622493E-01 1.407881E-02 3.393379E-01 1.865776E-01 -1.416027E+00 5.864314E-01 -1.676964E-01 9.369972E-01 2.720042E-02 1.632046E-03 4.262561E+00 9.139447E+00 
1.729243E-01 4.976512E-03 3.319363E-01 1.823907E-01 -1.385996E+00 5.850273E-01 -1.104201E-01 9.770432E-01 2.644688E-02 3.336795E-04 3.948739E+00 8.584562E+00 
1.767903E-01 8.132977E-03 3.394746E-01 1.854131E-01 -1.290863E+00 5.893724E-01 -1.510070E-01 9.666371E-01 2.768966E-02 1.300674E-03 4.418330E+00 8.534433E+00 
1.669133E-01 5.934842E-03 3.301871E-01 1.776776E-01 -1.341172E+00 5.735175E-01 -1.222510E-01 9.670107E-01 2.659427E-02 7.637086E-04 4.715442E+00 8.606130E+00 
1.840624E-01 6.331470E-03 3.385896E-01 1.778806E-01 -1.368244E+00 5.898322E-01 -1.604867E-01 9.487955E-01 2.736916E-02 5.411436E-04 4.153456E+00 9.295045E+00 
1.951780E-01 3.938835E-03 3.202708E-01 1.832753E-01 -1.394120E+00 5.945859E-01 -1.877984E-01 9.208316E-01 2.467691E-02 6.083550E-04 3.807657E+00 8.335910E+00 
1.663764E-01 3.841677E-03 3.497164E-01 1.813053E-01 -1.385167E+00 5.869538E-01 -1.731007E-01 9.702772E-01 2.610804E-02 6.775973E-04 4.239232E+00 8.905022E+00 
1.723660E-01 2.958905E-03 3.354408E-01 1.830618E-01 -1.356566E+00 5.936021E-01 -1.237543E-01 9.526153E-01 2.735618E-02 2.283261E-04 4.337430E+00 9.230027E+00 
1.811715E-01 5.782526E-03 3.359266E-01 1.815965E-01 -1.382192E+00 5.813451E-01 -1.302421E-01 9.435761E-01 2.621162E-02 6.328829E-04 4.326832E+00 9.345762E+00 
1.528279E-01 6.089093E-03 3.294981E-01 1.795909E-01 -1.442541E+00 5.859387E-01 -1.814814E-01 9.707323E-01 2.824635E-02 1.224826E-03 3.613678E+00 8.628962E+00 
1.657371E-01 5.027112E-03 3.356054E-01 1.751801E-01 -1.500093E+00 5.910131E-01 -1.256417E-01 9.201902E-01 2.721392E-02 1.268018E-03 4.002877E+00 8.905669E+00 
1.566789E-01 5.827454E-03 3.177298E-01 1.862527E-01 -1.403975E+00 5.854703E-01 -1.036141E-01 1.017220E+00 2.809050E-02 1.093786E-04 3.970202E+00 8.349840E+00 
1.802720E-01 4.610177E-03 3.223244E-01 1.766482E-01 -1.376863E+00 5.812777E-01 -1.541625E-01 9.438875E-01 2.809480E-02 6.759795E-04 4.035653E+00 8.942469E+00 
1.698070E-01 4.895455E-03 3.326968E-01 1.817433E-01 -1.318843E+00 5.915470E-01 -1.683259E-01 9.485866E-01 2.817947E-02 8.953204E-04 3.964480E+00 8.139891E+00 
1.644288E-01 6.102936E-03 3.136673E-01 1.828360E-01 -1.404272E+00 5.900055E-01 -1.275822E-01 9.623482E-01 2.818378E-02 6.247246E-04 4.174015E+00 7.865907E+00 
1.697056E-01 4.143773E-03 3.225307E-01 1.857184E-01 -1.367576E+00 5.880026E-01 -1.265027E-01 9.637418E-01 2.813052E-02 5.967902E-04 4.107199E+00 8.288010E+00 
1.561706E-01 2.719795E-02 3.259614E-01 1.786552E-01 -1.377567E+00 5.416809E-01 -1.221814E-01 9.760748E-01 2.809506E-02 3.578632E-03 4.254961E+00 8.840444E+00 
1.713874E-01 4.457162E-03 3.518457E-01 1.815872E-01 -1.438310E+00 5.872812E-01 -1.211536E-01 9.336380E-01 2.867066E-02 4.754656E-04 4.077433E+00 9.408695E+00 
1.772632E-01 3.320859E-03 3.463400E-01 1.798676E-01 -1.345555E+00 6.000000E-01 -1.614311E-01 9.190746E-01 2.895159E-02 1.138661E-03 4.180965E+00 9.131987E+00 
1.783489E-01 7.442895E-03 3.429058E-01 1.852503E-01 -1.417811E+00 5.988233E-01 -1.364315E-01 9.326293E-01 2.786234E-02 3.033430E-04 4.002397E+00 8.422461E+00 
1.604500E-01 3.732565E-03 3.342432E-01 1.844328E-01 -1.501658E+00 5.919375E-01 -1.377661E-01 9.553826E-01 2.922751E-02 5.480518E-04 4.229306E+00 8.469147E+00 
1.784605E-01 4.541794E-03 3.384488E-01 1.852602E-01 -1.435788E+00 5.898247E-01 -1.506042E-01 9.328053E-01 2.745152E-02 9.527865E-04 4.280120E+00 8.932320E+00 
1.617144E-01 4.480503E-03 3.172601E-01 1.831747E-01 -1.388719E+00 5.769426E-01 -1.226134E-01 9.054949E-01 2.728363E-02 4.416196E-04 4.131720E+00 8.883777E+00 
1.744511E-01 4.036861E-03 3.344126E-01 1.644464E-01 -1.473339E+00 5.841589E-01 -1.059662E-01 1.024828E+00 2.852991E-02 8.994576E-04 4.290483E+00 8.964054E+00 
1.674492E-01 3.886831E-03 3.396973E-01 1.835653E-01 -1.381743E+00 5.996252E-01 -1.859718E-01 9.429124E-01 2.696856E-02 9.814154E-04 4.155577E+00 9.354045E+00 
1.739596E-01 3.969265E-03 3.223075E-01 1.834321E-01 -1.386043E+00 5.857848E-01 -1.639163E-01 9.470748E-01 2.764923E-02 8.197576E-04 4.121587E+00 8.349002E+00 
1.815225E-01 3.482520E-03 3.302001E-01 1.886390E-01 -1.399937E+00 5.833429E-01 -1.422932E-01 9.482231E-01 2.579926E-02 6.079210E-04 3.525914E+00 8.542631E+00 
1.710224E-01 5.030264E-03 3.260570E-01 1.812408E-01 -1.249082E+00 5.850103E-01 -1.359845E-01 1.005598E+00 2.737161E-02 2.593164E-04 3.849672E+00 8.639995E+00 
1.722050E-01 8.216337E-03 3.508664E-01 1.838135E-01 -1.436816E+00 5.932449E-01 -1.639776E-01 9.714936E-01 2.722471E-02 7.113413E-04 3.848609E+00 7.944412E+00 
1.803347E-01 3.018916E-03 3.299442E-01 1.878709E-01 -1.357486E+00 5.962079E-01 -1.197827E-01 9.503979E-01 2.886275E-02 8.420886E-04 4.233088E+00 8.931390E+00 
1.662125E-01 6.107527E-03 3.349965E-01 1.831377E-01 -1.387019E+00 5.857193E-01 -1.593720E-01 9.466939E-01 2.633853E-02 8.957423E-04 3.865183E+00 8.919699E+00 
1.777842E-01 4.819396E-03 3.244989E-01 1.802117E-01 -1.434784E+00 5.873384E-01 -1.581474E-01 9.192160E-01 2.689451E-02 2.833589E-04 4.048952E+00 8.728146E+00 
1.640245E-01 4.822332E-03 3.297764E-01 1.881416E-01 -1.224862E+00 5.918288E-01 -1.819252E-01 8.954108E-01 2.820589E-02 7.346561E-04 3.967895E+00 8.691790E+00 
1.661887E-01 5.595423E-03 3.185948E-01 1.836653E-01 -1.440718E+00 5.849392E-01 -1.247106E-01 9.529349E-01 2.729688E-02 1.141618E-03 4.174244E+00 9.026067E+00 
1.815867E-01 5.983616E-03 3.465027E-01 1.863621E-01 -1.446471E+00 5.909181E-01 -1.826780E-01 9.369589E-01 2.629000E-02 6.756456E-04 4.402990E+00 8.980395E+00 
1.774298E-01 5.709519E-03 3.425295E-01 1.859144E-01 -1.435830E+00 5.808118E-01 -1.627877E-01 9.395794E-01 2.871894E-02 6.563956E-04 3.955785E+00 8.468225E+00 
1.675366E-01 5.671708E-03 3.229339E-01 1.832314E-01 -1.384495E+00 5.886491E-01 -1.608934E-01 1.040073E+00 2.889119E-02 1.271082E-03 4.251094E+00 8.522508E+00 
1.812974E-01 6.794779E-03 3.479240E-01 1.937200E-01 -1.369040E+00 5.769694E-01 -1.291603E-01 9.341010E-01 2.773554E-02 1.273444E-03 4.846127E+00 9.559472E+00 
1.702996E-01 5.007823E-03 3.401257E-01 1.843116E-01 -1.392147E+00 5.843370E-01 -1.904449E-01 9.713804E-01 2.652384E-02 3.711839E-04 3.940281E+00 8.618298E+00 
1.769685E-01 7.414779E-03 3.347320E-01 1.772741E-01 -1.391443E+00 5.896059E-01 -1.586282E-01 9.557210E-01 2.648918E-02 2.143665E-04 3.985216E+00 8.112128E+00 
1.795164E-01 5.444298E-03 3.355306E-01 1.809031E-01 -1.330096E+00 5.963902E-01 -1.888427E-01 9.527811E-01 2.797445E-02 2.976661E-04 4.037164E+00 9.079703E+00 
1.682874E-01 4.612162E-03 3.125630E-01 1.824467E-01 -1.482664E+00 5.913641E-01 -1.229566E-01 9.882519E-01 2.862135E-02 3.445656E-04 4.122769E+00 9.205055E+00 
1.683476E-01 6.752369E-03 3.465502E-01 1.781524E-01 -1.461891E+00 5.856375E-01 -1.168045E-01 9.469012E-01 2.817974E-02 7.147778E-04 4.103215E+00 9.199170E+00 
1.598799E-01 7.550801E-03 3.273053E-01 1.792257E-01 -1.411347E+00 5.936332E-01 -1.806296E-01 9.713163E-01 2.882550E-02 5.118516E-04 4.177159E+00 8.637903E+00 
1.759672E-01 5.067050E-03 3.341108E-01 1.814816E-01 -1.368999E+00 5.926350E-01 -1.972863E-01 9.513770E-01 2.774889E-02 9.113782E-04 4.462759E+00 9.098091E+00 
1.859707E-01 8.434967E-03 3.492077E-01 1.782054E-01 -1.313866E+00 5.724569E-01 -1.309536E-01 9.264953E-01 2.683269E-02 3.159510E-04 4.136305E+00 9.285991E+00 
1.793044E-01 5.349777E-03 3.307606E-01 1.823586E-01 -1.390466E+00 5.878743E-01 -1.178824E-01 9.938911E-01 2.696797E-02 6.824156E-04 4.188672E+00 8.816616E+00 
1.844602E-01 4.857683E-03 3.241474E-01 1.878304E-01 -1.422345E+00 5.885061E-01 -1.243577E-01 8.726491E-01 2.775299E-02 5.037395E-04 4.342436E+00 8.919984E+00 
1.516274E-01 4.372771E-03 3.168201E-01 1.821639E-01 -1.465149E+00 5.753077E-01 -1.084678E-01 9.342910E-01 2.765844E-02 7.597015E-04 4.013477E+00 8.939667E+00 
1.755102E-01 5.329829E-03 3.185765E-01 1.819812E-01 -1.392153E+00 5.808621E-01 -1.519403E-01 9.722871E-01 2.751349E-02 1.376305E-03 4.232998E+00 8.673799E+00 
1.511371E-01 5.093460E-03 3.303882E-01 1.812043E-01 -1.346386E+00 5.835796E-01 -1.444825E-01 9.529141E-01 2.847457E-02 6.203729E-04 4.084595E+00 7.937117E+00 
1.764738E-01 4.461590E-03 3.201323E-01 1.836093E-01 -1.366497E+00 5.854669E-01 -1.275324E-01 9.502320E-01 2.886512E-02 3.847014E-04 3.981745E+00 9.006391E+00 
1.581626E-01 5.048305E-03 3.097818E-01 1.790171E-01 -1.411263E+00 5.863066E-01 -1.740582E-01 9.684321E-01 2.819648E-02 1.358276E-03 3.926338E+00 8.067968E+00 
1.606839E-01 6.312022E-03 3.288923E-01 1.847830E-01 -1.275573E+00 5.740392E-01 -1.221925E-01 9.661450E-01 2.809570E-02 9.949421E-04 4.236731E+00 8.753556E+00 
1.693533E-01 3.934587E-03 3.334041E-01 1.860158E-01 -1.395124E+00 5.829759E-01 -1.461750E-01 9.411153E-01 2.964332E-02 7.303086E-04 4.031299E+00 8.153650E+00 
1.781506E-01 4.572390E-03 3.089465E-01 1.868360E-01 -1.389425E+00 5.839045E-01 -1.104205E-01 9.882626E-01 2.580574E-02 3.293289E-04 3.910058E+00 8.830735E+00 
1.716462E-01 4.792241E-03 3.449041E-01 1.812551E-01 -1.381781E+00 5.874789E-01 -8.818770E-02 9.517272E-01 2.814525E-02 0.000000E+00 3.638383E+00 9.163579E+00 
1.868911E-01 4.510174E-03 3.228785E-01 1.835007E-01 -1.398834E+00 5.847672E-01 -1.541158E-01 9.364200E-01 2.735752E-02 3.136220E-04 3.912348E+00 8.727150E+00 
1.580880E-01 5.895223E-03 3.352486E-01 1.840761E-01 -1.410144E+00 5.784096E-01 -1.562074E-01 9.547010E-01 2.608491E-02 1.085906E-03 4.185974E+00 8.872390E+00 
1.730695E-01 5.283379E-03 3.216170E-01 1.807157E-01 -1.307245E+00 5.762289E-01 -1.280310E-01 9.169481E-01 2.834180E-02 1.042730E-03 4.158269E+00 8.582554E+00 
1.787626E-01 5.087180E-03 3.245062E-01 1.848769E-01 -1.282676E+00 5.875543E-01 -1.213461E-01 9.542367E-01 2.742897E-02 9.742183E-04 3.960021E+00 8.757628E+00 
1.691108E-01 5.060254E-03 3.196006E-01 1.850538E-01 -1.370814E+00 5.848982E-01 -1.618352E-01 9.277506E-01 2.980878E-02 6.301335E-04 4.111935E+00 8.035383E+00 
1.755877E-01 2.513256E-03 3.471157E-01 1.832382E-01 -1.523532E+00 5.950232E-01 -1.450754E-01 8.792592E-01 2.726791E-02 7.533314E-04 4.592995E+00 9.240959E+00 
1.805377E-01 4.109142E-03 3.175753E-01 1.827147E-01 -1.423499E+00 5.769123E-01 -1.161065E-01 9.385329E-01 2.885799E-02 3.075752E-04 4.587390E+00 8.670948E+00 
1.901094E-01 5.262888E-03 3.060490E-01 1.815993E-01 -1.392190E+00 5.848082E-01 -1.836449E-01 9.782530E-01 2.766395E-02 9.798959E-04 4.071294E+00 8.303472E+00 
1.773135E-01 5.742086E-03 3.229217E-01 1.873913E-01 -1.361514E+00 5.694138E-01 -1.233358E-01 9.449689E-01 2.824489E-02 3.951589E-04 4.235210E+00 8.981610E+00 
1.780835E-01 3.556173E-03 3.480132E-01 1.778496E-01 -1.411234E+00 5.864899E-01 -1.262503E-01 9.572263E-01 2.663392E-02 5.085530E-04 4.171602E+00 9.139396E+00 
1.683518E-01 5.189722E-03 3.171721E-01 1.797303E-01 -1.401200E+00 5.882417E-01 -9.467458E-02 9.165724E-01 2.745607E-02 1.857598E-03 4.169075E+00 8.900129E+00 
1.720594E-01 5.773031E-03 3.257430E-01 1.833167E-01 -1.311948E+00 5.963968E-01 -1.730636E-01 9.985347E-01 2.786242E-02 9.635333E-04 4.495902E+00 8.557921E+00 
1.781539E-01 3.750304E-03 3.109928E-01 1.873335E-01 -1.464100E+00 5.924948E-01 -1.384027E-01 9.541493E-01 2.754485E-02 8.917541E-04 4.385378E+00 9.182566E+00 
1.770445E-01 4.763604E-03 3.445508E-01 1.816535E-01 -1.394008E+00 5.833527E-01 -1.131836E-01 9.156844E-01 2.767863E-02 9.756924E-04 4.045820E+00 9.247690E+00 
1.934281E-01 5.574956E-03 3.251420E-01 1.822522E-01 -1.376415E+00 5.900237E-01 -1.839034E-01 9.487429E-01 2.748802E-02 1.041607E-03 4.361468E+00 9.388593E+00 
1.721247E-01 3.802077E-03 3.307461E-01 1.834194E-01 -1.349578E+00 5.881058E-01 -1.776855E-01 9.393491E-01 2.861260E-02 6.890281E-04 4.095781E+00 8.227244E+00 
1.660075E-01 5.093948E-03 3.219344E-01 1.823658E-01 -1.345874E+00 5.814321E-01 -1.268556E-01 9.329888E-01 2.780706E-02 8.880458E-04 4.095539E+00 9.095953E+00 
1.652694E-01 5.658295E-03 3.213867E-01 1.826847E-01 -1.387792E+00 5.778293E-01 -1.076771E-01 9.528918E-01 2.670832E-02 9.453152E-04 3.803848E+00 9.161007E+00 
1.594345E-01 6.425004E-03 3.294179E-01 1.817126E-01 -1.426407E+00 5.910783E-01 -1.902703E-01 9.512221E-01 2.897019E-02 1.081432E-03 4.290698E+00 9.211512E+00 
1.753555E-01 4.543428E-03 3.355645E-01 1.818996E-01 -1.380855E+00 5.847362E-01 -1.500850E-01 9.543571E-01 2.597725E-02 8.621971E-04 4.261012E+00 9.595040E+00 
1.766789E-01 5.155421E-03 3.186354E-01 1.833568E-01 -1.401567E+00 5.896103E-01 -1.598752E-01 1.032868E+00 2.855601E-02 1.072561E-03 4.183546E+00 8.572831E+00 
1.738464E-01 5.330457E-03 3.431347E-01 1.841687E-01 -1.429186E+00 5.901494E-01 -1.743727E-01 1.006884E+00 2.693391E-02 9.093673E-04 4.281619E+00 9.284593E+00 
1.803322E-01 7.379293E-03 3.312910E-01 1.835736E-01 -1.401157E+00 5.693262E-01 -1.526478E-01 9.411091E-01 2.671186E-02 7.738852E-04 4.248454E+00 7.924691E+00 
1.723922E-01 5.449305E-03 3.061610E-01 1.825522E-01 -1.345044E+00 5.752028E-01 -1.519269E-01 9.338920E-01 3.068133E-02 5.798094E-04 3.925445E+00 9.207847E+00 
1.955956E-01 4.702631E-03 3.130432E-01 1.875547E-01 -1.392823E+00 5.827593E-01 -1.078270E-01 9.669355E-01 2.692232E-02 7.597986E-04 4.279995E+00 8.950253E+00 
1.775157E-01 4.759824E-03 3.083296E-01 1.836334E-01 -1.396700E+00 5.753924E-01 -1.159703E-01 9.195010E-01 2.908712E-02 4.977292E-04 4.022239E+00 9.209824E+00 
1.748398E-01 4.473690E-03 3.149518E-01 1.844793E-01 -1.421431E+00 5.843803E-01 -1.110887E-01 9.315780E-01 2.905078E-02 5.840398E-04 4.138536E+00 8.396955E+00 
1.720129E-01 4.537781E-03 3.167825E-01 1.837623E-01 -1.476265E+00 5.876152E-01 -1.563634E-01 9.281208E-01 2.752689E-02 5.103786E-04 4.029170E+00 8.336464E+00 
1.694269E-01 4.218949E-03 3.326257E-01 1.790997E-01 -1.385714E+00 5.845032E-01 -1.314830E-01 9.668742E-01 2.873020E-02 5.269716E-04 4.053979E+00 8.982722E+00 
1.742280E-01 4.036369E-03 3.239013E-01 1.869481E-01 -1.388167E+00 5.879199E-01 -1.567903E-01 9.282536E-01 2.811402E-02 6.892038E-04 4.439784E+00 8.111315E+00 
1.922552E-01 4.698882E-03 3.148016E-01 1.813464E-01 -1.382129E+00 5.934003E-01 -1.444869E-01 9.437913E-01 2.713738E-02 5.589798E-04 4.178552E+00 9.282366E+00 
1.755348E-01 6.435314E-03 3.577279E-01 1.787053E-01 -1.432505E+00 5.869818E-01 -1.615089E-01 9.570715E-01 2.846263E-02 4.990305E-04 4.190250E+00 8.987014E+00 
1.702087E-01 4.245002E-03 3.314913E-01 1.772197E-01 -1.505119E+00 5.835448E-01 -1.409683E-01 9.682420E-01 3.022058E-02 5.610187E-04 4.195343E+00 8.546329E+00 
1.622863E-01 4.660309E-03 3.146216E-01 1.828156E-01 -1.479573E+00 5.888074E-01 -1.495295E-01 9.762365E-01 2.783333E-02 1.227480E-03 4.376895E+00 8.967986E+00 
1.782409E-01 2.920302E-03 3.237907E-01 1.854302E-01 -1.368384E+00 5.905436E-01 -1.503598E-01 9.141593E-01 2.817015E-02 1.312693E-03 4.244481E+00 9.001725E+00 
1.749442E-01 5.103419E-03 3.327580E-01 1.825886E-01 -1.407370E+00 5.924441E-01 -1.238848E-01 9.738636E-01 2.496291E-02 6.992001E-04 4.061822E+00 8.525355E+00 
1.706643E-01 5.171649E-03 3.275302E-01 1.795211E-01 -1.439641E+00 5.930394E-01 -1.325278E-01 9.692257E-01 2.751657E-02 4.398544E-04 3.993996E+00 9.071917E+00 
1.735132E-01 5.356067E-03 3.290969E-01 1.832806E-01 -1.470403E+00 5.772908E-01 -1.083291E-01 9.375247E-01 2.821589E-02 5.650220E-04 4.011016E+00 8.971445E+00 
1.620615E-01 7.589748E-03 3.252614E-01 1.834414E-01 -1.472572E+00 5.858192E-01 -1.403042E-01 9.574607E-01 2.575929E-02 9.255503E-04 4.215397E+00 8.658313E+00 
1.708972E-01 5.398897E-03 3.304435E-01 1.751592E-01 -1.499715E+00 5.745006E-01 -1.331355E-01 9.583431E-01 2.724861E-02 6.449625E-04 3.848007E+00 8.741498E+00 
1.888424E-01 4.543566E-03 3.424769E-01 1.795544E-01 -1.374702E+00 5.954230E-01 -1.432308E-01 9.408424E-01 2.991160E-02 1.258991E-04 4.042715E+00 9.272121E+00 
1.700237E-01 2.960777E-03 3.369134E-01 1.848120E-01 -1.425018E+00 5.861396E-01 -1.457291E-01 9.697668E-01 2.626930E-02 5.569569E-04 3.456856E+00 9.110677E+00 
1.680289E-01 5.367491E-03 3.320006E-01 1.714098E-01 -1.455337E+00 5.835952E-01 -1.272947E-01 9.569803E-01 2.832601E-02 4.423581E-04 4.307271E+00 9.138566E+00 
1.893448E-01 4.542433E-03 3.337016E-01 1.858434E-01 -1.412736E+00 5.978897E-01 -1.941641E-01 9.803013E-01 2.618363E-02 1.749789E-03 4.047349E+00 8.603319E+00 
1.660243E-01 5.308516E-03 3.434168E-01 1.811669E-01 -1.453046E+00 5.897204E-01 -1.500524E-01 9.234518E-01 2.486520E-02 1.180307E-03 4.319522E+00 1.033058E+01 
1.723183E-01 5.366334E-03 3.425773E-01 1.832709E-01 -1.427554E+00 5.860331E-01 -1.403481E-01 9.270174E-01 2.629591E-02 7.781162E-04 3.785656E+00 8.488626E+00 
1.938047E-01 9.736275E-03 3.302947E-01 1.817706E-01 -1.491434E+00 5.912851E-01 -1.160239E-01 9.575604E-01 2.756622E-02 4.521254E-04 4.350623E+00 8.514702E+00 
1.737550E-01 6.293107E-03 3.292658E-01 1.813737E-01 -1.336733E+00 5.870952E-01 -1.563161E-01 1.011681E+00 3.007676E-02 6.840359E-04 4.491036E+00 8.646780E+00 
1.722766E-01 5.042660E-03 3.433696E-01 1.812821E-01 -1.428308E+00 6.000000E-01 -5.386436E-02 9.008333E-01 2.873332E-02 3.665914E-04 3.928051E+00 8.723583E+00 
1.816299E-01 5.313354E-03 3.325380E-01 1.816183E-01 -1.390937E+00 5.892007E-01 -1.578133E-01 9.526599E-01 2.909733E-02 1.250501E-03 3.953302E+00 8.852633E+00 
1.493487E-01 4.757591E-03 3.337620E-01 1.815696E-01 -1.376488E+00 5.952779E-01 -1.647630E-01 9.530965E-01 3.061398E-02 4.317040E-04 4.003893E+00 7.527586E+00 
1.638313E-01 6.492133E-03 3.266705E-01 1.759896E-01 -1.387767E+00 5.551967E-01 -1.112192E-01 9.188512E-01 2.966455E-02 1.598454E-03 4.293282E+00 8.715245E+00 
1.753290E-01 4.692570E-03 2.937041E-01 1.864935E-01 -1.364152E+00 5.750309E-01 -1.012440E-01 9.327887E-01 2.699642E-02 3.120532E-04 3.945785E+00 8.981204E+00 
1.669489E-01 4.132578E-03 3.383672E-01 1.853470E-01 -1.420060E+00 5.877857E-01 -1.616620E-01 9.423928E-01 2.810474E-02 6.732007E-04 3.971381E+00 9.211856E+00 
1.718725E-01 3.771253E-03 3.212120E-01 1.844056E-01 -1.323447E+00 5.924950E-01 -1.310574E-01 9.359329E-01 2.730759E-02 9.769525E-04 4.192038E+00 9.538910E+00 
1.695025E-01 4.666425E-03 3.399834E-01 1.855964E-01 -1.372618E+00 5.916378E-01 -1.296496E-01 8.807419E-01 2.606668E-02 9.756274E-04 4.153666E+00 9.070128E+00 
1.717877E-01 3.554667E-03 3.388324E-01 1.855404E-01 -1.523775E+00 5.819996E-01 -1.400764E-01 9.534461E-01 2.896454E-02 5.373014E-04 4.132657E+00 9.051167E+00 
1.845488E-01 5.465900E-03 3.503122E-01 1.799414E-01 -1.355323E+00 5.838969E-01 -1.774123E-01 9.142592E-01 2.667580E-02 3.101583E-04 4.346494E+00 8.270372E+00 
1.722737E-01 3.816807E-03 3.165878E-01 1.800932E-01 -1.384914E+00 5.899008E-01 -1.319524E-01 9.093516E-01 2.774632E-02 5.559501E-05 4.051664E+00 8.890158E+00 
1.686984E-01 4.333845E-03 3.196658E-01 1.831418E-01 -1.417557E+00 5.816412E-01 -1.270162E-01 9.594618E-01 2.768321E-02 6.215269E-04 4.132627E+00 8.982263E+00 
1.816110E-01 3.186284E-03 3.278573E-01 1.870716E-01 -1.438836E+00 5.897667E-01 -1.390013E-01 8.997955E-01 2.555830E-02 5.936948E-04 4.670318E+00 9.015680E+00 
1.578075E-01 5.277850E-03 3.259882E-01 1.886928E-01 -1.462617E+00 5.827467E-01 -1.329492E-01 9.810976E-01 2.778249E-02 1.091955E-03 4.209025E+00 8.426449E+00 
1.845064E-01 6.634877E-03 3.200140E-01 1.836019E-01 -1.396556E+00 5.846140E-01 -1.491710E-01 9.487119E-01 3.007391E-02 7.664193E-04 4.032131E+00 8.798864E+00 
1.732471E-01 4.679835E-03 3.242142E-01 1.833459E-01 -1.343596E+00 5.776572E-01 -1.193230E-01 9.107862E-01 2.697424E-02 3.646655E-04 4.588114E+00 8.709883E+00 
1.594472E-01 7.585959E-03 3.222537E-01 1.780335E-01 -1.288478E+00 5.765834E-01 -9.323371E-02 8.830066E-01 2.715268E-02 6.618523E-04 3.999601E+00 8.615180E+00 
1.836024E-01 4.171701E-03 3.296363E-01 1.844776E-01 -1.399553E+00 5.898876E-01 -1.595486E-01 9.350658E-01 2.806882E-02 5.605413E-04 4.042217E+00 8.640118E+00 
1.744204E-01 6.034426E-03 3.514489E-01 1.782730E-01 -1.442027E+00 5.870351E-01 -1.411422E-01 9.472323E-01 2.812358E-02 4.988436E-04 3.528456E+00 8.010111E+00 
1.837737E-01 5.286449E-03 3.329345E-01 1.794648E-01 -1.336515E+00 5.910304E-01 -1.686884E-01 9.349907E-01 2.802950E-02 1.880293E-04 4.223091E+00 9.187047E+00 
1.505480E-01 6.056958E-03 3.288226E-01 1.761950E-01 -1.472389E+00 5.803807E-01 -5.882707E-02 9.572546E-01 2.800390E-02 5.636522E-03 4.227981E+00 1.215943E+01 
1.796955E-01 3.911853E-03 3.399724E-01 1.867838E-01 -1.429356E+00 6.000000E-01 -1.682996E-01 9.879295E-01 2.649495E-02 9.235816E-04 4.063941E+00 8.625569E+00 
1.917668E-01 4.514824E-03 3.410256E-01 1.764609E-01 -1.432264E+00 5.855466E-01 -1.189779E-01 9.511592E-01 2.758697E-02 3.493128E-03 3.970829E+00 9.422319E+00 
1.660992E-01 3.970679E-03 3.332190E-01 1.799090E-01 -1.395809E+00 5.735773E-01 -1.215021E-01 9.515825E-01 2.815827E-02 6.314681E-04 3.989684E+00 8.430261E+00 
1.671113E-01 8.969609E-03 3.378240E-01 1.770110E-01 -1.455945E+00 5.841950E-01 -1.692074E-01 9.790000E-01 2.743808E-02 9.441671E-04 4.038595E+00 9.634527E+00 
1.753517E-01 5.656067E-03 3.128158E-01 1.849523E-01 -1.359605E+00 5.883782E-01 -1.474841E-01 9.509997E-01 2.713365E-02 3.531393E-04 4.412967E+00 9.079167E+00 
1.772689E-01 4.228940E-03 3.266112E-01 1.799569E-01 -1.441855E+00 5.983122E-01 -1.876803E-01 9.827298E-01 2.650858E-02 9.375948E-04 3.859696E+00 9.272508E+00 
1.690366E-01 3.820170E-03 3.020366E-01 1.852772E-01 -1.457624E+00 5.778430E-01 -1.128603E-01 9.066247E-01 2.875670E-02 5.197253E-04 4.188761E+00 9.200987E+00 
1.703050E-01 4.148853E-03 3.225137E-01 1.817209E-01 -1.464073E+00 5.968353E-01 -1.621410E-01 9.302929E-01 2.522860E-02 7.176076E-04 4.065826E+00 8.595360E+00 
1.679637E-01 4.038200E-03 3.053764E-01 1.809122E-01 -1.397123E+00 5.872319E-01 -1.289953E-01 9.272909E-01 2.648687E-02 6.652398E-05 3.608251E+00 8.622515E+00 
1.785573E-01 4.791998E-03 3.410514E-01 1.844384E-01 -1.378652E+00 5.961738E-01 -1.344147E-01 9.034288E-01 2.792054E-02 1.245241E-03 4.165815E+00 9.435194E+00 
1.640189E-01 5.793269E-03 3.554976E-01 1.822555E-01 -1.413251E+00 5.851433E-01 -1.743763E-01 1.000325E+00 2.754633E-02 7.778915E-04 4.237034E+00 9.291003E+00 
1.633653E-01 4.771424E-03 3.072899E-01 1.834572E-01 -1.408579E+00 5.859868E-01 -1.213100E-01 1.000162E+00 2.738528E-02 3.076103E-04 4.209143E+00 9.085172E+00 
1.659202E-01 5.368963E-03 3.245174E-01 1.861739E-01 -1.502003E+00 5.893439E-01 -1.390319E-01 9.636223E-01 2.652723E-02 6.521021E-04 4.521862E+00 8.124138E+00 
1.811801E-01 4.086722E-03 3.199480E-01 1.812020E-01 -1.385846E+00 5.963996E-01 -1.322903E-01 8.699251E-01 2.632462E-02 6.928734E-04 4.286154E+00 9.506308E+00 
1.592403E-01 7.299999E-03 3.372384E-01 1.808862E-01 -1.406337E+00 5.869304E-01 -1.654595E-01 9.681075E-01 2.700758E-02 1.032749E-03 4.114616E+00 8.904506E+00 
1.564647E-01 8.060291E-03 3.345132E-01 1.799322E-01 -1.357862E+00 5.846209E-01 -1.299790E-01 9.911666E-01 2.827628E-02 1.727917E-03 3.973091E+00 8.943520E+00 
1.858926E-01 4.080277E-03 3.302509E-01 1.851523E-01 -1.428851E+00 5.861422E-01 -1.382481E-01 9.577063E-01 2.733828E-02 8.805513E-04 4.292239E+00 9.566426E+00 
1.648760E-01 6.554011E-03 3.289307E-01 1.838938E-01 -1.390476E+00 5.840952E-01 -1.408686E-01 9.691302E-01 2.712343E-02 9.235730E-04 4.212354E+00 8.158236E+00 
1.741993E-01 5.761360E-03 3.275411E-01 1.783270E-01 -1.257112E+00 5.850020E-01 -1.576345E-01 9.432089E-01 2.729861E-02 5.341886E-04 3.703211E+00 8.722521E+00 
1.744741E-01 2.985006E-02 3.266670E-01 1.804299E-01 -1.385633E+00 4.873975E-01 -1.110387E-01 9.651806E-01 2.722443E-02 5.957389E-03 4.147696E+00 8.096158E+00 
1.552249E-01 5.041261E-03 3.155414E-01 1.810038E-01 -1.370342E+00 5.873347E-01 -1.449424E-01 9.728827E-01 2.841318E-02 1.065866E-03 4.198450E+00 8.558388E+00 
1.661802E-01 5.955499E-03 3.238473E-01 1.827261E-01 -1.458467E+00 5.826203E-01 -1.451753E-01 9.210767E-01 3.027190E-02 3.655573E-04 3.942117E+00 9.754232E+00 
1.786927E-01 5.204839E-03 3.205982E-01 1.833563E-01 -1.407407E+00 5.891292E-01 -1.220128E-01 9.393472E-01 2.675080E-02 1.049830E-03 4.191371E+00 8.630792E+00 
1.707381E-01 5.166328E-03 3.356476E-01 1.784934E-01 -1.349132E+00 5.804660E-01 -1.335206E-01 1.004301E+00 2.856450E-02 1.059219E-03 4.112394E+00 9.437702E+00 
1.887838E-01 4.377204E-03 3.347642E-01 1.771588E-01 -1.425029E+00 5.813509E-01 -1.436385E-01 9.244201E-01 2.778085E-02 4.501601E-04 4.120164E+00 9.085991E+00 
1.725412E-01 3.789092E-03 3.337102E-01 1.813985E-01 -1.414541E+00 5.806251E-01 -1.299961E-01 9.151325E-01 2.664478E-02 7.118186E-04 4.466232E+00 9.128524E+00 
1.625119E-01 4.861304E-03 3.333926E-01 1.722520E-01 -1.373762E+00 5.300632E-01 -1.339022E-01 9.657849E-01 2.710754E-02 1.214695E-03 4.132200E+00 8.807250E+00 
1.769246E-01 5.286165E-03 3.467261E-01 1.850130E-01 -1.366892E+00 5.794723E-01 -1.338661E-01 8.930540E-01 2.727088E-02 6.461990E-04 4.264116E+00 8.978983E+00 
1.671128E-01 5.046229E-03 3.213654E-01 1.898298E-01 -1.376072E+00 5.789741E-01 -1.340329E-01 9.660169E-01 2.937734E-02 1.291438E-03 3.948579E+00 8.473919E+00 
1.651313E-01 5.021473E-03 3.185429E-01 1.837966E-01 -1.442767E+00 5.853840E-01 -1.498080E-01 9.741294E-01 2.914169E-02 3.433104E-04 4.123944E+00 9.163324E+00 
1.667922E-01 4.522518E-03 3.264228E-01 1.837288E-01 -1.454539E+00 5.860277E-01 -1.513929E-01 9.581300E-01 2.813574E-02 2.555790E-04 4.196355E+00 8.701320E+00 
1.752953E-01 5.093836E-03 3.095923E-01 1.825484E-01 -1.382780E+00 5.828356E-01 -1.383912E-01 9.471957E-01 3.122256E-02 6.231053E-04 3.883020E+00 8.384031E+00 
1.624697E-01 5.207444E-03 3.276158E-01 1.721699E-01 -1.429473E+00 5.778622E-01 -1.600429E-01 9.741393E-01 2.596659E-02 8.475112E-04 4.175940E+00 8.648419E+00 
1.928645E-01 4.347037E-03 3.189137E-01 1.857722E-01 -1.409694E+00 5.927646E-01 -1.108342E-01 9.105161E-01 2.731003E-02 4.387665E-04 4.099626E+00 8.507993E+00 
1.550016E-01 3.949692E-03 3.143751E-01 1.866557E-01 -1.371090E+00 5.954737E-01 -1.126516E-01 9.479629E-01 2.759490E-02 4.113888E-04 4.161040E+00 8.978781E+00 
1.726503E-01 4.614559E-03 3.205192E-01 1.793451E-01 -1.389443E+00 5.855494E-01 -1.362760E-01 9.652489E-01 2.830787E-02 5.965454E-04 3.986898E+00 8.529414E+00 
1.870223E-01 4.965412E-03 3.130457E-01 1.831232E-01 -1.358692E+00 5.820768E-01 -1.169721E-01 9.108775E-01 2.894034E-02 3.640561E-04 3.958765E+00 8.232999E+00 
1.546384E-01 8.736486E-03 3.401835E-01 1.769252E-01 -1.315006E+00 5.801136E-01 -1.332346E-01 9.476578E-01 2.829310E-02 9.078073E-04 4.188505E+00 8.119428E+00 
1.696335E-01 4.626706E-03 3.216669E-01 1.831151E-01 -1.366708E+00 5.819866E-01 -1.309525E-01 9.632097E-01 2.646515E-02 7.982848E-04 3.519518E+00 8.816067E+00 
1.728294E-01 2.930278E-03 3.256944E-01 1.817668E-01 -1.362245E+00 5.838735E-01 -1.156427E-01 9.576236E-01 2.910686E-02 1.352144E-04 4.073080E+00 8.110016E+00 
1.787539E-01 5.486586E-03 3.327906E-01 1.817914E-01 -1.451528E+00 5.882771E-01 -1.263234E-01 9.642169E-01 2.686841E-02 8.853893E-04 4.073771E+00 8.564980E+00 
1.691057E-01 6.310054E-03 3.238167E-01 1.796419E-01 -1.374884E+00 5.854143E-01 -1.576999E-01 9.807955E-01 2.593117E-02 6.103395E-04 4.386848E+00 9.026955E+00 
1.725418E-01 6.763449E-03 3.184426E-01 1.766800E-01 -1.331528E+00 5.806594E-01 -1.610176E-01 8.756357E-01 2.857704E-02 1.108362E-03 3.893130E+00 9.048778E+00 
1.811862E-01 3.473750E-03 3.404633E-01 1.784869E-01 -1.381816E+00 5.890039E-01 -1.441001E-01 9.510406E-01 2.815131E-02 6.979756E-04 4.126011E+00 8.209015E+00 
1.816899E-01 4.746386E-03 3.270119E-01 1.849419E-01 -1.378176E+00 5.875720E-01 -1.168720E-01 9.653614E-01 2.734890E-02 9.118159E-04 4.235365E+00 8.356809E+00 
1.621196E-01 5.775251E-03 3.313602E-01 1.824609E-01 -1.352008E+00 5.881759E-01 -1.088942E-01 9.137465E-01 2.564101E-02 7.773757E-04 4.218321E+00 8.563948E+00 
1.701806E-01 4.624042E-03 3.545106E-01 1.784244E-01 -1.410625E+00 5.924611E-01 -1.737818E-01 9.260303E-01 2.788043E-02 5.285760E-04 4.260813E+00 9.399448E+00 
1.795760E-01 5.928064E-03 3.178262E-01 1.811116E-01 -1.340545E+00 5.769358E-01 -1.532138E-01 9.565447E-01 2.564722E-02 3.618298E-04 3.809976E+00 9.013184E+00 
1.737395E-01 4.580258E-03 3.407076E-01 1.850309E-01 -1.402145E+00 5.924496E-01 -1.486147E-01 9.556322E-01 2.618960E-02 8.169381E-04 4.263800E+00 9.061536E+00 
1.724856E-01 5.612207E-03 3.177902E-01 1.801088E-01 -1.482078E+00 5.819690E-01 -1.444965E-01 9.878261E-01 2.832783E-02 4.632920E-04 4.104405E+00 8.958808E+00 
1.816385E-01 4.049178E-03 3.257554E-01 1.863889E-01 -1.393719E+00 5.882134E-01 -7.111081E-02 1.006707E+00 2.641807E-02 3.227934E-04 4.223415E+00 9.227630E+00 
1.756266E-01 5.352917E-03 3.284079E-01 1.738607E-01 -1.342454E+00 5.761513E-01 -1.676629E-01 9.336262E-01 2.792577E-02 4.905099E-04 3.297529E+00 8.832331E+00 
1.752797E-01 6.780589E-03 3.345718E-01 1.846064E-01 -1.391805E+00 5.887492E-01 -1.384106E-01 9.832017E-01 2.671483E-02 1.007885E-04 4.143112E+00 8.706179E+00 
1.976924E-01 4.926563E-03 3.283973E-01 1.848429E-01 -1.392935E+00 5.848090E-01 -1.402847E-01 9.330688E-01 2.834383E-02 1.599039E-03 4.116024E+00 8.781272E+00 
1.735548E-01 4.757712E-03 3.281120E-01 1.830194E-01 -1.425511E+00 5.761938E-01 -1.279297E-01 9.440704E-01 2.720757E-02 5.457899E-04 4.249821E+00 8.639490E+00 
1.810546E-01 4.220137E-03 3.322845E-01 1.867074E-01 -1.376910E+00 5.884407E-01 -1.557429E-01 9.706211E-01 2.781969E-02 9.531371E-04 4.408889E+00 8.851236E+00 
1.736280E-01 5.286549E-03 3.281766E-01 1.840193E-01 -1.389428E+00 5.831997E-01 -1.557878E-01 9.404119E-01 2.693408E-02 5.493939E-04 4.042487E+00 8.853946E+00 
1.767382E-01 5.157015E-03 3.240651E-01 1.825325E-01 -1.507240E+00 5.877150E-01 -1.622046E-01 9.817009E-01 2.716457E-02 9.243530E-04 4.146167E+00 8.928214E+00 
1.774218E-01 5.519351E-03 3.319969E-01 1.857691E-01 -1.390067E+00 5.888699E-01 -1.682765E-01 9.677262E-01 2.791368E-02 1.107293E-03 4.005164E+00 8.713814E+00 
1.614627E-01 5.976200E-03 3.477648E-01 1.845686E-01 -1.361776E+00 5.923266E-01 -1.908062E-01 9.128585E-01 2.546786E-02 3.802200E-04 4.067704E+00 8.363168E+00 
1.683710E-01 4.768892E-03 3.251258E-01 1.805850E-01 -1.339896E+00 5.936269E-01 -1.249534E-01 9.726967E-01 2.816248E-02 8.756769E-04 4.191085E+00 8.637071E+00 
1.772249E-01 4.596973E-03 3.183400E-01 1.817992E-01 -1.397503E+00 5.963003E-01 -1.355112E-01 9.316517E-01 3.083562E-02 1.437216E-03 4.119231E+00 8.573275E+00 
1.656868E-01 4.497935E-03 3.420208E-01 1.812260E-01 -1.376787E+00 5.885806E-01 -1.646084E-01 9.240009E-01 2.641725E-02 7.054073E-04 3.886979E+00 8.683096E+00 
1.781473E-01 3.781078E-03 3.396465E-01 1.823347E-01 -1.423349E+00 5.747966E-01 -1.190615E-01 9.212057E-01 2.995436E-02 5.986096E-04 4.200885E+00 9.302845E+00 
1.622706E-01 6.052972E-03 3.500728E-01 1.817293E-01 -1.385263E+00 5.915031E-01 -1.801912E-01 9.480678E-01 2.934710E-02 1.555109E-03 3.965815E+00 9.424830E+00 
1.710131E-01 1.031568E-02 3.574542E-01 1.878033E-01 -1.353780E+00 5.891713E-01 -1.132597E-01 8.618722E-01 2.611314E-02 8.118166E-04 4.027259E+00 7.948074E+00 
1.729047E-01 4.615610E-03 3.222118E-01 1.818648E-01 -1.350097E+00 5.744726E-01 -1.330457E-01 9.699334E-01 2.788829E-02 7.638353E-04 3.796865E+00 9.061060E+00 
1.717332E-01 3.202063E-03 3.173399E-01 1.789839E-01 -1.312063E+00 5.778912E-01 -1.261712E-01 1.000971E+00 2.566082E-02 0.000000E+00 3.699424E+00 8.398184E+00 
1.767982E-01 5.864115E-03 3.064474E-01 1.809105E-01 -1.391463E+00 5.774646E-01 -1.273999E-01 9.560174E-01 2.791053E-02 3.011204E-05 4.170032E+00 8.108177E+00 
1.713653E-01 4.737113E-03 3.224276E-01 1.815878E-01 -1.338494E+00 5.939144E-01 -1.136321E-01 9.146680E-01 2.988434E-02 1.468861E-03 3.926432E+00 8.967130E+00 
1.919526E-01 8.006161E-03 3.470964E-01 1.778101E-01 -1.477375E+00 5.809628E-01 -1.463044E-01 9.370134E-01 2.496197E-02 3.802130E-04 3.878955E+00 8.839024E+00 
1.795810E-01 5.910438E-03 3.206496E-01 1.790549E-01 -1.340664E+00 5.803203E-01 -1.231536E-01 9.493036E-01 3.136824E-02 1.080853E-03 3.846037E+00 8.608089E+00 
1.973524E-01 6.205736E-03 3.503574E-01 1.801508E-01 -1.450501E+00 5.983661E-01 -2.000000E-01 9.860398E-01 2.771551E-02 7.579535E-04 4.211592E+00 9.061724E+00 
1.896563E-01 4.675357E-03 3.319404E-01 1.821079E-01 -1.413568E+00 5.729473E-01 -1.632828E-01 9.265956E-01 2.524926E-02 1.148459E-03 4.369533E+00 9.050704E+00 
1.789020E-01 5.738487E-03 3.303806E-01 1.901807E-01 -1.344551E+00 5.921741E-01 -1.425722E-01 9.344095E-01 2.664775E-02 8.584642E-04 3.721028E+00 8.778413E+00 
1.835866E-01 5.274331E-03 3.356071E-01 1.897988E-01 -1.419127E+00 5.911851E-01 -1.513851E-01 9.226229E-01 2.765673E-02 6.483479E-04 4.088660E+00 8.670023E+00 
1.726954E-01 5.177137E-03 3.116599E-01 1.853819E-01 -1.388317E+00 5.702158E-01 -8.931529E-02 9.186973E-01 2.798863E-02 1.163934E-03 4.180413E+00 8.217015E+00 
1.640866E-01 4.487305E-03 3.247605E-01 1.779476E-01 -1.423538E+00 5.796106E-01 -1.192729E-01 9.941978E-01 2.621445E-02 3.056117E-04 4.037873E+00 8.167257E+00 
1.658294E-01 4.914849E-03 3.248747E-01 1.851194E-01 -1.269472E+00 5.974447E-01 -1.295946E-01 9.547111E-01 2.691144E-02 5.329288E-04 4.294708E+00 8.873104E+00 
1.717009E-01 4.829510E-03 2.891084E-01 1.832806E-01 -1.266234E+00 5.819647E-01 -1.227730E-01 9.384249E-01 3.086947E-02 1.084928E-03 3.993223E+00 8.999882E+00 
1.642842E-01 4.788149E-03 3.089899E-01 1.774377E-01 -1.406424E+00 5.937409E-01 -1.355241E-01 9.346444E-01 2.949819E-02 3.153847E-04 3.613436E+00 8.802322E+00 
1.843472E-01 4.697715E-03 3.439954E-01 1.878552E-01 -1.371004E+00 5.974248E-01 -1.544606E-01 9.469611E-01 2.797754E-02 6.379992E-04 4.275482E+00 9.547629E+00 
1.778388E-01 6.975734E-03 3.314932E-01 1.880208E-01 -1.437109E+00 5.891012E-01 -1.221681E-01 9.487438E-01 2.851787E-02 8.444974E-04 4.001023E+00 8.806617E+00 
1.734953E-01 4.783768E-03 3.213829E-01 1.807231E-01 -1.371240E+00 5.882078E-01 -1.235016E-01 9.554665E-01 2.777445E-02 7.414540E-04 3.736973E+00 9.146287E+00 
1.801870E-01 3.982163E-03 3.185612E-01 1.837147E-01 -1.394700E+00 5.933359E-01 -1.502672E-01 9.636773E-01 2.853791E-02 8.896120E-04 3.768859E+00 9.084661E+00 
1.735529E-01 4.743743E-03 3.406022E-01 1.829442E-01 -1.408239E+00 5.839199E-01 -1.505059E-01 9.468772E-01 2.977562E-02 8.071705E-04 4.266064E+00 9.010403E+00 
1.667034E-01 3.251204E-03 3.336601E-01 1.862466E-01 -1.397142E+00 5.867123E-01 -1.585090E-01 9.814869E-01 2.762494E-02 6.874052E-04 4.058242E+00 8.878963E+00 
1.643695E-01 5.829682E-03 3.359203E-01 1.860141E-01 -1.490235E+00 5.908546E-01 -1.326096E-01 1.009546E+00 2.729836E-02 6.288218E-04 4.208673E+00 8.761951E+00 
1.613749E-01 5.014306E-03 3.220618E-01 1.826507E-01 -1.504479E+00 5.710104E-01 -1.409709E-01 9.691910E-01 2.929804E-02 3.173702E-04 4.159259E+00 8.922397E+00 
1.735245E-01 3.958871E-03 3.203969E-01 1.772931E-01 -1.425142E+00 5.866209E-01 -1.122115E-01 9.772271E-01 2.545898E-02 9.321947E-04 3.847292E+00 9.028976E+00 
1.719016E-01 5.406735E-03 3.388740E-01 1.813867E-01 -1.575018E+00 5.753882E-01 -1.254381E-01 1.005016E+00 2.773218E-02 4.146971E-03 4.279572E+00 9.204266E+00 
1.749264E-01 4.934604E-03 3.359239E-01 1.840216E-01 -1.349695E+00 5.908945E-01 -1.478654E-01 9.283429E-01 2.636595E-02 8.888827E-04 4.230364E+00 9.105952E+00 
1.444925E-01 5.333163E-03 3.135078E-01 1.841950E-01 -1.403485E+00 5.893107E-01 -1.357547E-01 9.737332E-01 2.727882E-02 6.056440E-04 4.221092E+00 8.661215E+00 
1.838698E-01 3.477942E-03 3.194107E-01 1.823384E-01 -1.296247E+00 5.767335E-01 -1.462972E-01 9.606205E-01 2.881642E-02 4.710115E-04 3.847841E+00 8.635978E+00 
1.862550E-01 5.173878E-03 3.399782E-01 1.859658E-01 -1.413806E+00 5.915823E-01 -1.800911E-01 9.683231E-01 2.788696E-02 1.309291E-03 3.818871E+00 9.102841E+00 
1.781498E-01 5.578500E-03 3.328316E-01 1.834427E-01 -1.386047E+00 5.903856E-01 -1.520818E-01 9.400886E-01 2.759586E-02 7.623154E-04 4.275876E+00 9.042308E+00 
1.891490E-01 6.643126E-03 3.230885E-01 1.794824E-01 -1.357974E+00 5.977336E-01 -1.657114E-01 9.130246E-01 2.583557E-02 5.329595E-04 4.124928E+00 8.511281E+00 
1.645331E-01 4.378503E-03 3.400945E-01 1.806666E-01 -1.440670E+00 5.933764E-01 -1.275074E-01 9.571442E-01 2.716478E-02 4.580188E-04 3.911259E+00 7.885716E+00 
1.733697E-01 4.281914E-03 3.376440E-01 1.773071E-01 -1.457736E+00 5.900294E-01 -1.372355E-01 9.580561E-01 2.969267E-02 8.236730E-04 4.179587E+00 8.273787E+00 
1.587204E-01 4.958855E-03 3.519451E-01 1.754280E-01 -1.336761E+00 5.855950E-01 -1.531453E-01 9.776937E-01 2.936200E-02 3.276357E-03 3.830139E+00 8.670197E+00 
1.992424E-01 7.895297E-03 3.247627E-01 1.909314E-01 -1.331620E+00 5.925012E-01 -1.269570E-01 9.478865E-01 2.887175E-02 5.825465E-04 4.878962E+00 8.939977E+00 
1.639853E-01 1.366886E-02 3.469721E-01 1.833294E-01 -1.322208E+00 5.649922E-01 -1.171449E-01 9.542738E-01 2.668639E-02 1.202303E-03 4.077006E+00 8.860571E+00 
1.750473E-01 5.040342E-03 3.227543E-01 1.848353E-01 -1.516836E+00 5.859765E-01 -1.203994E-01 9.759513E-01 2.848422E-02 6.299591E-04 4.431106E+00 8.913133E+00 
1.633592E-01 6.160530E-03 3.477728E-01 1.788788E-01 -1.371779E+00 5.832955E-01 -1.283881E-01 1.000087E+00 2.751528E-02 8.475491E-04 3.892536E+00 8.166703E+00 
1.813983E-01 4.383506E-03 3.242018E-01 1.804192E-01 -1.479561E+00 5.871514E-01 -9.963503E-02 9.215531E-01 2.617217E-02 1.431186E-03 3.982472E+00 8.785100E+00 
1.629307E-01 4.816996E-03 3.089713E-01 1.836442E-01 -1.283192E+00 5.883115E-01 -1.274259E-01 9.775213E-01 2.811732E-02 4.149026E-04 3.400345E+00 9.264777E+00 
1.811354E-01 3.678292E-03 3.218646E-01 1.803738E-01 -1.425489E+00 5.957820E-01 -1.463227E-01 9.834461E-01 2.537636E-02 7.847555E-04 4.002240E+00 8.857055E+00 
1.827436E-01 4.402577E-03 3.299681E-01 1.877917E-01 -1.382079E+00 5.875292E-01 -1.366362E-01 9.414952E-01 2.758746E-02 3.442255E-04 4.446251E+00 8.807309E+00 
1.868959E-01 6.241252E-03 3.425510E-01 1.922240E-01 -1.329887E+00 5.986317E-01 -1.468660E-01 9.325534E-01 2.611052E-02 2.471784E-04 4.192042E+00 9.092349E+00 
1.727314E-01 6.364836E-03 3.306841E-01 1.813127E-01 -1.527287E+00 5.854294E-01 -1.391597E-01 9.631191E-01 2.646217E-02 8.579698E-04 4.146335E+00 8.264613E+00 
1.748368E-01 4.859265E-03 3.319023E-01 1.825398E-01 -1.329459E+00 5.905541E-01 -1.486145E-01 9.288370E-01 2.722472E-02 2.390560E-04 4.093700E+00 9.043729E+00 
1.783334E-01 5.124493E-03 3.424146E-01 1.824694E-01 -1.450532E+00 5.729363E-01 -1.603744E-01 9.030939E-01 2.754775E-02 2.806311E-04 4.110620E+00 8.254402E+00 
1.603382E-01 5.182781E-03 3.420270E-01 1.739963E-01 -1.485440E+00 5.764280E-01 -1.522381E-01 9.636424E-01 3.165116E-02 2.808764E-03 3.896314E+00 8.530888E+00 
1.752311E-01 3.911730E-03 3.407070E-01 1.889576E-01 -1.452365E+00 5.963508E-01 -1.665811E-01 8.960121E-01 2.657690E-02 9.901235E-04 3.831881E+00 9.068904E+00 
1.765387E-01 6.096749E-03 3.284702E-01 1.805505E-01 -1.447603E+00 5.792253E-01 -1.407648E-01 9.519154E-01 2.765394E-02 3.887459E-04 4.016707E+00 8.858477E+00 
1.829612E-01 5.344942E-03 3.118143E-01 1.803552E-01 -1.364294E+00 5.781174E-01 -1.324809E-01 9.086914E-01 2.829078E-02 1.060848E-03 3.958512E+00 8.635475E+00 
1.819451E-01 4.629571E-03 3.246468E-01 1.819773E-01 -1.305107E+00 5.848580E-01 -1.255105E-01 9.440696E-01 2.758220E-02 8.377183E-04 3.917335E+00 8.251798E+00 
1.813027E-01 4.729306E-03 3.205561E-01 1.781430E-01 -1.340062E+00 5.926408E-01 -1.475547E-01 9.516324E-01 2.809598E-02 5.766324E-04 4.354884E+00 8.248012E+00 
1.762858E-01 7.706908E-03 3.261856E-01 1.862703E-01 -1.416626E+00 5.961556E-01 -1.222774E-01 9.570729E-01 2.491135E-02 7.257101E-04 4.244306E+00 8.432926E+00 
1.607431E-01 6.250311E-03 3.784832E-01 1.833858E-01 -1.338032E+00 5.983435E-01 -1.276756E-01 9.339707E-01 2.296229E-02 3.324132E-03 4.493696E+00 1.038369E+01 
1.734443E-01 5.447216E-03 3.259951E-01 1.824945E-01 -1.365274E+00 5.955606E-01 -1.606850E-01 9.745486E-01 2.741739E-02 3.951819E-04 3.942423E+00 8.505040E+00 
1.760445E-01 5.944726E-03 3.491432E-01 1.701502E-01 -1.558280E+00 5.942868E-01 -1.537903E-01 9.226483E-01 2.643852E-02 1.068400E-03 4.126616E+00 9.417004E+00 
1.660871E-01 4.926372E-03 3.382064E-01 1.796330E-01 -1.408377E+00 5.901081E-01 -1.570289E-01 9.347175E-01 2.707774E-02 6.204747E-04 3.958464E+00 8.944436E+00 
1.809784E-01 4.902887E-03 3.164969E-01 1.848372E-01 -1.475394E+00 5.888763E-01 -1.194476E-01 1.004245E+00 2.883296E-02 7.575480E-04 4.151503E+00 9.007821E+00 
1.779259E-01 3.768852E-03 3.360972E-01 1.798089E-01 -1.494415E+00 6.000000E-01 -1.444908E-01 9.498549E-01 2.767970E-02 2.059930E-04 3.947714E+00 8.861920E+00 
