1.692679E-01 4.362364E-03 3.347694E-01 1.830708E-01 -1.419968E+00 5.802493E-01 -1.167561E-01 9.643823E-01 2.844079E-02 7.212477E-04 3.975070E+00 9.043625E+00 
1.836542E-01 4.965083E-03 3.240755E-01 1.807692E-01 -1.395009E+00 5.886287E-01 -1.841125E-01 9.466612E-01 2.572834E-02 5.885215E-04 4.057557E+00 8.331921E+00 
1.685320E-01 3.882340E-03 3.423441E-01 1.822242E-01 -1.375589E+00 5.836368E-01 -1.802785E-01 9.634984E-01 2.551920E-02 2.792501E-04 4.129023E+00 8.664636E+00 
1.818505E-01 9.399782E-04 3.326526E-01 1.828442E-01 -1.415800E+00 5.961619E-01 -1.208758E-01 9.103292E-01 2.443161E-02 1.002259E-03 4.654358E+00 9.057042E+00 
1.755604E-01 3.880585E-03 3.340226E-01 1.827190E-01 -1.335713E+00 5.838995E-01 -1.320117E-01 1.019732E+00 2.865148E-02 2.966400E-04 4.036450E+00 8.927298E+00 
1.687263E-01 4.821800E-03 3.344472E-01 1.852842E-01 -1.474224E+00 5.883481E-01 -1.233722E-01 9.271243E-01 2.725172E-02 6.160995E-04 3.950808E+00 9.146829E+00 
1.629744E-01 6.976091E-03 3.317546E-01 1.821887E-01 -1.377397E+00 5.897213E-01 -1.495251E-01 9.663311E-01 2.584588E-02 1.622596E-03 4.321939E+00 8.705746E+00 
1.645855E-01 4.436533E-03 3.246615E-01 1.834867E-01 -1.386152E+00 5.802144E-01 -1.200433E-01 9.606379E-01 2.711999E-02 5.994228E-04 4.084886E+00 8.464594E+00 
1.757861E-01 2.774432E-03 3.019750E-01 1.795955E-01 -1.393685E+00 5.921988E-01 -1.313567E-01 9.685074E-01 2.722668E-02 7.202018E-04 3.791334E+00 8.565244E+00 
1.788837E-01 5.302167E-03 3.072186E-01 1.795000E-01 -1.345007E+00 5.756674E-01 -1.187238E-01 9.703758E-01 2.758510E-02 1.422898E-03 4.171363E+00 8.956815E+00 
1.561106E-01 5.824239E-03 3.255883E-01 1.852387E-01 -1.385226E+00 5.790170E-01 -1.042999E-01 9.829009E-01 2.634783E-02 1.008444E-03 4.177828E+00 9.217141E+00 
1.710467E-01 4.113166E-03 3.506840E-01 1.818194E-01 -1.489038E+00 5.978563E-01 -1.553919E-01 9.174836E-01 2.285890E-02 6.504384E-04 4.410322E+00 9.202485E+00 
1.854336E-01 5.484231E-03 3.446624E-01 1.817459E-01 -1.394004E+00 5.914599E-01 -1.775690E-01 9.519133E-01 2.810157E-02 9.679960E-04 4.120827E+00 8.215351E+00 
1.846897E-01 4.054068E-03 3.331824E-01 1.784003E-01 -1.301326E+00 5.853480E-01 -1.535207E-01 9.143959E-01 2.498525E-02 4.833700E-04 3.972548E+00 8.593360E+00 
1.795253E-01 4.623706E-03 3.210947E-01 1.835181E-01 -1.342577E+00 5.874107E-01 -1.476761E-01 9.435511E-01 2.859216E-02 6.824628E-04 3.814068E+00 7.867125E+00 
1.727551E-01 2.516172E-03 3.355973E-01 1.852959E-01 -1.527054E+00 5.775177E-01 -1.055704E-01 9.027507E-01 2.725144E-02 3.734764E-04 4.145491E+00 9.272505E+00 
1.719083E-01 6.392603E-03 3.286039E-01 1.774718E-01 -1.428357E+00 5.823988E-01 -1.679528E-01 9.501123E-01 2.843799E-02 5.935549E-04 4.022222E+00 8.770003E+00 
1.741433E-01 5.875745E-03 3.434909E-01 1.904102E-01 -1.435303E+00 5.993761E-01 -1.997892E-01 9.061355E-01 2.691895E-02 7.613519E-04 4.476811E+00 9.563462E+00 
1.986042E-01 5.886571E-03 3.248220E-01 1.835953E-01 -1.343635E+00 5.811201E-01 -1.396915E-01 9.455285E-01 2.833895E-02 2.621499E-04 3.679439E+00 8.236186E+00 
1.765721E-01 1.379573E-02 3.095094E-01 1.852329E-01 -1.442929E+00 5.258521E-01 -1.239167E-01 1.094345E+00 2.916674E-02 4.524015E-04 4.195764E+00 9.101895E+00 
1.680292E-01 5.847597E-03 3.220330E-01 1.801358E-01 -1.431789E+00 5.785350E-01 -1.342323E-01 9.911430E-01 2.834282E-02 4.867401E-04 4.086523E+00 9.260224E+00 
1.672517E-01 4.413638E-03 3.272780E-01 1.812326E-01 -1.376832E+00 5.912505E-01 -1.509410E-01 9.625211E-01 2.915760E-02 5.630815E-04 3.958916E+00 9.124631E+00 
1.747474E-01 4.338095E-03 3.199231E-01 1.830137E-01 -1.352734E+00 5.721943E-01 -1.314952E-01 9.234481E-01 2.964508E-02 8.702873E-04 4.082616E+00 8.987677E+00 
1.805514E-01 4.572873E-03 3.302519E-01 1.787687E-01 -1.478596E+00 5.911035E-01 -1.786280E-01 9.264384E-01 2.822267E-02 9.942343E-04 3.876810E+00 9.201186E+00 
1.618239E-01 5.908414E-03 3.286931E-01 1.836318E-01 -1.534914E+00 5.513651E-01 -1.403880E-01 9.406667E-01 2.733867E-02 4.251140E-04 4.161165E+00 8.483183E+00 
1.819507E-01 4.966876E-03 3.197998E-01 1.843765E-01 -1.385283E+00 5.986726E-01 -1.480214E-01 9.725475E-01 2.718529E-02 1.185585E-03 4.039506E+00 8.929873E+00 
1.663643E-01 5.303442E-03 3.432963E-01 1.801715E-01 -1.441151E+00 5.789591E-01 -1.463011E-01 9.745327E-01 2.927119E-02 1.293671E-03 4.290303E+00 8.622957E+00 
1.867853E-01 3.838142E-03 3.223026E-01 1.815947E-01 -1.343258E+00 5.605095E-01 -1.286994E-01 9.213927E-01 2.758581E-02 4.607595E-04 4.169878E+00 9.618684E+00 
1.648754E-01 3.916470E-03 3.284173E-01 1.844782E-01 -1.428121E+00 5.797419E-01 -1.401026E-01 9.904139E-01 2.789685E-02 5.436657E-04 4.081812E+00 8.624826E+00 
1.901666E-01 4.178797E-03 3.465553E-01 1.799955E-01 -1.338753E+00 5.882245E-01 -1.456708E-01 9.506436E-01 2.822288E-02 1.204658E-03 3.972253E+00 8.500644E+00 
1.755480E-01 6.565592E-03 3.322858E-01 1.837704E-01 -1.268875E+00 5.844119E-01 -1.569192E-01 9.574012E-01 2.604962E-02 9.322217E-04 4.214463E+00 8.539684E+00 
1.832459E-01 5.777725E-03 3.193800E-01 1.831941E-01 -1.387932E+00 5.786852E-01 -1.571285E-01 1.040512E+00 2.822366E-02 6.319680E-04 4.343220E+00 9.056815E+00 
1.832139E-01 3.865877E-03 3.128314E-01 1.790902E-01 -1.456303E+00 5.840515E-01 -1.658759E-01 9.174297E-01 2.827887E-02 5.627102E-04 3.947865E+00 8.856056E+00 
1.846930E-01 4.469539E-03 3.366562E-01 1.840750E-01 -1.487526E+00 5.967206E-01 -1.613285E-01 9.099732E-01 2.815873E-02 7.493960E-04 4.239722E+00 8.757372E+00 
1.690639E-01 6.298134E-03 3.232574E-01 1.849311E-01 -1.461975E+00 5.857431E-01 -1.629365E-01 9.558787E-01 2.694666E-02 5.617443E-04 3.998165E+00 8.962400E+00 
1.686743E-01 3.512022E-03 3.411305E-01 1.827014E-01 -1.312566E+00 5.910128E-01 -1.906243E-01 9.682131E-01 2.655596E-02 5.189246E-04 4.467652E+00 8.454596E+00 
1.907560E-01 5.538761E-03 3.506569E-01 1.823367E-01 -1.421157E+00 5.888092E-01 -1.947735E-01 8.516212E-01 2.496122E-02 3.695104E-04 4.240962E+00 9.409602E+00 
1.765392E-01 5.130561E-03 3.543717E-01 1.868344E-01 -1.513552E+00 6.000000E-01 -1.789957E-01 9.169536E-01 2.854527E-02 9.605537E-04 4.474106E+00 9.439558E+00 
1.714237E-01 4.773600E-03 3.326116E-01 1.860946E-01 -1.375851E+00 6.000000E-01 -2.000000E-01 9.672138E-01 2.866815E-02 1.094802E-03 4.326621E+00 8.748425E+00 
1.665678E-01 4.582562E-03 3.245525E-01 1.873058E-01 -1.432999E+00 5.866834E-01 -1.608878E-01 9.546275E-01 2.775046E-02 5.009800E-04 4.205990E+00 8.919908E+00 
1.772211E-01 3.783309E-03 3.037840E-01 1.830937E-01 -1.404768E+00 5.886126E-01 -1.034342E-01 9.592673E-01 2.813077E-02 1.698779E-04 4.158393E+00 9.260613E+00 
1.740128E-01 4.562783E-03 3.196768E-01 1.870692E-01 -1.391781E+00 5.835334E-01 -1.396528E-01 9.502983E-01 2.815209E-02 5.363088E-04 3.292051E+00 8.489892E+00 
1.695412E-01 6.288270E-03 3.288592E-01 1.854776E-01 -1.366772E+00 5.805131E-01 -1.327434E-01 9.549816E-01 2.832909E-02 9.228770E-04 4.203317E+00 8.979898E+00 
1.718106E-01 5.110329E-03 3.435730E-01 1.824239E-01 -1.427193E+00 5.753644E-01 -1.130478E-01 9.548828E-01 2.718332E-02 7.900375E-04 4.097836E+00 9.121060E+00 
1.778781E-01 4.180570E-03 3.200962E-01 1.840986E-01 -1.388873E+00 5.917984E-01 -1.776167E-01 9.251421E-01 2.771753E-02 7.785220E-04 4.213529E+00 9.142498E+00 
1.706867E-01 4.661058E-03 3.211034E-01 1.806218E-01 -1.467570E+00 5.934384E-01 -1.204117E-01 9.270172E-01 2.683671E-02 4.199470E-04 3.577736E+00 9.082983E+00 
1.756424E-01 1.945457E-03 3.204066E-01 1.860042E-01 -1.436898E+00 5.927516E-01 -1.447359E-01 9.391219E-01 2.704413E-02 3.915454E-04 4.103462E+00 9.877532E+00 
1.769260E-01 4.078174E-03 3.392898E-01 1.829071E-01 -1.382336E+00 5.865292E-01 -1.808836E-01 9.757878E-01 2.508340E-02 3.535677E-04 4.104577E+00 8.950691E+00 
1.807151E-01 4.400758E-03 3.258570E-01 1.835261E-01 -1.410366E+00 5.802252E-01 -1.410604E-01 9.426399E-01 2.732386E-02 8.355398E-04 4.057349E+00 8.026327E+00 
1.756311E-01 6.241457E-03 3.214996E-01 1.817666E-01 -1.316127E+00 5.850079E-01 -1.377777E-01 9.208569E-01 2.851635E-02 3.356757E-04 3.991956E+00 8.608962E+00 
1.853593E-01 4.914045E-03 3.162367E-01 1.829786E-01 -1.370956E+00 5.716261E-01 -1.470540E-01 9.054204E-01 2.695282E-02 3.078755E-04 4.114403E+00 8.813525E+00 
1.739787E-01 9.126759E-03 3.333312E-01 1.828070E-01 -1.422855E+00 5.939751E-01 -1.342354E-01 9.942813E-01 2.763920E-02 7.173218E-04 4.269306E+00 8.391101E+00 
1.578437E-01 6.249112E-03 3.455362E-01 1.710597E-01 -1.406144E+00 5.615743E-01 -1.478771E-01 9.648221E-01 2.953872E-02 1.083298E-03 4.521327E+00 9.004619E+00 
1.649193E-01 5.257122E-03 3.235064E-01 1.814227E-01 -1.385657E+00 5.798143E-01 -1.261884E-01 9.731194E-01 2.888598E-02 8.810938E-04 4.091287E+00 8.858259E+00 
1.782034E-01 4.798364E-03 3.619448E-01 1.819170E-01 -1.393682E+00 5.941967E-01 -1.690213E-01 9.552869E-01 2.800919E-02 1.177616E-03 4.243880E+00 8.829896E+00 
1.694834E-01 4.733842E-03 3.377416E-01 1.803320E-01 -1.337412E+00 5.833376E-01 -1.171759E-01 9.757885E-01 2.630110E-02 6.100547E-04 4.083517E+00 8.522480E+00 
1.726616E-01 4.841464E-03 3.374000E-01 1.855313E-01 -1.459012E+00 5.869538E-01 -1.267270E-01 9.713018E-01 2.668918E-02 6.223336E-04 4.278899E+00 8.397116E+00 
1.888039E-01 5.028893E-03 3.346069E-01 1.805930E-01 -1.404513E+00 5.346456E-01 -1.603362E-01 9.631969E-01 2.717012E-02 0.000000E+00 4.495916E+00 7.801990E+00 
1.815732E-01 4.362230E-03 3.237101E-01 1.815592E-01 -1.444735E+00 5.863804E-01 -1.926278E-01 9.566896E-01 2.741909E-02 3.985129E-04 3.053641E+00 8.408428E+00 
1.829330E-01 3.379604E-03 3.288581E-01 1.843039E-01 -1.424338E+00 5.803159E-01 -1.374437E-01 9.629806E-01 2.667270E-02 7.987370E-04 4.229084E+00 8.681149E+00 
1.745480E-01 6.294332E-03 3.031286E-01 1.791856E-01 -1.391740E+00 5.786261E-01 -1.141932E-01 9.768524E-01 2.779428E-02 9.103026E-04 4.054596E+00 8.607030E+00 
1.727814E-01 7.045316E-03 3.332293E-01 1.823577E-01 -1.399786E+00 5.888041E-01 -1.395104E-01 9.805584E-01 2.698508E-02 4.807531E-04 4.321391E+00 8.400648E+00 
1.866051E-01 3.753473E-03 3.365065E-01 1.888325E-01 -1.520414E+00 5.989047E-01 -1.254796E-01 9.659268E-01 2.715628E-02 9.979785E-04 4.174131E+00 9.437924E+00 
1.668825E-01 4.905999E-03 3.214758E-01 1.807702E-01 -1.374174E+00 5.792961E-01 -1.243982E-01 9.654879E-01 2.797513E-02 5.673949E-04 3.935136E+00 9.136424E+00 
1.752963E-01 5.543362E-03 3.339825E-01 1.824653E-01 -1.396206E+00 5.850481E-01 -1.495085E-01 9.279535E-01 2.858226E-02 7.061823E-04 3.935697E+00 8.589269E+00 
1.890914E-01 5.004256E-03 3.438251E-01 1.836568E-01 -1.375421E+00 5.924476E-01 -1.429967E-01 9.572636E-01 2.749269E-02 6.459645E-04 4.252382E+00 8.861681E+00 
1.772894E-01 4.036655E-03 3.364410E-01 1.833151E-01 -1.415471E+00 5.873940E-01 -1.993716E-01 9.658309E-01 2.692385E-02 6.427078E-04 4.107609E+00 8.713018E+00 
1.742635E-01 3.619595E-03 3.253435E-01 1.874656E-01 -1.478757E+00 5.807454E-01 -1.365836E-01 9.695476E-01 2.692445E-02 3.178686E-04 4.264228E+00 9.033797E+00 
1.702356E-01 1.281047E-02 3.326619E-01 1.810796E-01 -1.384111E+00 5.742180E-01 -1.449391E-01 9.660174E-01 2.879545E-02 1.013601E-03 4.126763E+00 8.930449E+00 
1.753948E-01 4.781617E-03 2.973754E-01 1.795058E-01 -1.418593E+00 5.783761E-01 -1.305305E-01 9.242747E-01 2.938040E-02 3.093305E-04 4.069134E+00 8.688041E+00 
1.752038E-01 5.000580E-03 2.999975E-01 1.835286E-01 -1.365554E+00 5.741317E-01 -1.174583E-01 9.798569E-01 2.620794E-02 4.554828E-04 3.994748E+00 8.955472E+00 
1.661880E-01 2.993080E-03 3.139663E-01 1.794285E-01 -1.398433E+00 5.805992E-01 -1.415010E-01 9.283899E-01 2.765423E-02 5.786633E-04 4.305125E+00 8.678941E+00 
1.720886E-01 4.319864E-03 3.532491E-01 1.849861E-01 -1.349883E+00 5.909833E-01 -1.619743E-01 9.437376E-01 2.576892E-02 3.489486E-04 4.160228E+00 8.705892E+00 
1.665841E-01 5.418801E-03 3.493460E-01 1.860378E-01 -1.391932E+00 5.986069E-01 -1.827225E-01 9.305030E-01 2.932736E-02 8.359422E-04 4.135278E+00 8.024538E+00 
1.712208E-01 4.200211E-03 3.239577E-01 1.832718E-01 -1.389835E+00 5.854701E-01 -1.359856E-01 9.258807E-01 2.758163E-02 8.711172E-04 4.131893E+00 8.838528E+00 
1.768759E-01 4.157416E-03 3.222728E-01 1.811112E-01 -1.437783E+00 5.783974E-01 -1.504250E-01 9.236073E-01 2.769335E-02 2.752443E-04 4.008151E+00 8.678410E+00 
1.854810E-01 3.208218E-03 3.197239E-01 1.835760E-01 -1.338371E+00 5.884462E-01 -1.285392E-01 1.021502E+00 2.775112E-02 8.252475E-04 3.877196E+00 9.191170E+00 
1.699920E-01 4.468992E-03 3.176358E-01 1.827853E-01 -1.376748E+00 5.781888E-01 -1.241273E-01 9.566869E-01 2.910083E-02 4.188241E-04 4.098989E+00 8.500129E+00 
1.757887E-01 5.349885E-03 3.259971E-01 1.839952E-01 -1.497872E+00 5.859401E-01 -1.260612E-01 9.496402E-01 2.659553E-02 1.207379E-03 4.108186E+00 8.679120E+00 
1.797805E-01 5.143968E-03 3.199181E-01 1.790295E-01 -1.374399E+00 5.911146E-01 -1.403675E-01 1.006168E+00 2.857893E-02 6.480793E-04 3.795654E+00 8.704355E+00 
1.800286E-01 5.823418E-03 3.220999E-01 1.830250E-01 -1.351220E+00 5.788273E-01 -1.281799E-01 9.545829E-01 2.925418E-02 7.359621E-04 4.005485E+00 9.109122E+00 
1.596366E-01 5.274091E-03 3.350858E-01 1.844494E-01 -1.434989E+00 5.882756E-01 -1.484613E-01 9.796130E-01 2.774181E-02 6.052758E-04 4.166359E+00 9.159981E+00 
1.760330E-01 4.854979E-03 3.194446E-01 1.875651E-01 -1.407321E+00 5.734754E-01 -1.535884E-01 9.644488E-01 2.770458E-02 7.903014E-04 4.148699E+00 8.907932E+00 
1.500478E-01 4.577882E-03 2.939636E-01 1.809162E-01 -1.442639E+00 5.826604E-01 -1.086745E-01 9.200955E-01 2.686506E-02 1.189945E-03 4.214561E+00 9.169818E+00 
1.781673E-01 2.032914E-03 3.404499E-01 1.820507E-01 -1.348422E+00 5.921484E-01 -1.274854E-01 9.652936E-01 2.941841E-02 9.554080E-04 3.898037E+00 8.709822E+00 
1.667289E-01 3.532732E-03 3.156984E-01 1.797699E-01 -1.382431E+00 5.742467E-01 -1.298587E-01 9.665321E-01 2.621526E-02 5.202803E-04 3.907991E+00 8.992803E+00 
1.554419E-01 6.317966E-03 3.322167E-01 1.851277E-01 -1.296772E+00 5.834749E-01 -1.437054E-01 9.140957E-01 2.715984E-02 6.436524E-04 4.074858E+00 8.851025E+00 
1.766872E-01 5.067948E-03 3.292872E-01 1.825274E-01 -1.413342E+00 5.820032E-01 -1.039233E-01 9.635938E-01 2.761268E-02 4.324532E-04 4.169934E+00 8.435850E+00 
1.638110E-01 4.627213E-03 3.372868E-01 1.796004E-01 -1.381728E+00 5.931536E-01 -1.567165E-01 9.410280E-01 2.579725E-02 4.616016E-04 3.976698E+00 9.302143E+00 
1.732115E-01 5.865049E-03 3.217924E-01 1.802407E-01 -1.306112E+00 5.808158E-01 -1.650560E-01 9.445030E-01 2.848668E-02 4.842044E-04 3.532604E+00 8.767904E+00 
1.719016E-01 2.923558E-03 3.450703E-01 1.805914E-01 -1.399173E+00 5.850604E-01 -1.006597E-01 9.354035E-01 2.644962E-02 7.650572E-04 4.369341E+00 9.432013E+00 
1.602649E-01 6.811842E-03 3.247188E-01 1.859258E-01 -1.393062E+00 5.905365E-01 -1.973366E-01 9.461283E-01 2.827140E-02 4.544433E-04 4.211656E+00 8.527609E+00 
1.529547E-01 5.764485E-03 3.348842E-01 1.868267E-01 -1.381404E+00 5.818279E-01 -1.513373E-01 9.547223E-01 2.703630E-02 1.103396E-03 3.960149E+00 9.218646E+00 
1.844158E-01 5.071918E-03 3.782586E-01 1.835400E-01 -1.446760E+00 5.934970E-01 -1.508864E-01 1.059664E+00 2.719665E-02 1.588115E-03 4.278745E+00 9.053292E+00 
1.819881E-01 6.064434E-03 3.139776E-01 1.826234E-01 -1.376285E+00 5.966067E-01 -1.196406E-01 9.300223E-01 2.774015E-02 5.436329E-04 3.852446E+00 8.593335E+00 
1.696353E-01 6.270332E-03 3.361988E-01 1.856589E-01 -1.389939E+00 5.840539E-01 -1.251138E-01 9.194469E-01 2.947832E-02 2.711106E-04 4.048861E+00 8.548410E+00 
1.755041E-01 4.230728E-03 3.148146E-01 1.842060E-01 -1.297185E+00 5.935432E-01 -1.403482E-01 9.620321E-01 2.831983E-02 7.259983E-04 3.804818E+00 8.838105E+00 
1.631679E-01 6.072947E-03 3.268929E-01 1.743270E-01 -1.435871E+00 5.782803E-01 -1.161410E-01 9.353776E-01 2.742010E-02 1.195394E-03 4.110164E+00 9.291775E+00 
1.678347E-01 6.158856E-03 3.244662E-01 1.829254E-01 -1.331633E+00 5.874841E-01 -1.129243E-01 9.608627E-01 2.885242E-02 7.604195E-04 4.236136E+00 9.221942E+00 
1.679531E-01 4.161848E-03 2.989127E-01 1.848516E-01 -1.514305E+00 5.984602E-01 -1.437532E-01 9.612058E-01 2.415784E-02 0.000000E+00 4.191337E+00 8.577009E+00 
1.723530E-01 6.908551E-03 3.192790E-01 1.845172E-01 -1.409015E+00 5.684479E-01 -1.447713E-01 9.553610E-01 2.713164E-02 5.853732E-04 4.203339E+00 8.531330E+00 
1.781375E-01 5.941322E-03 3.109770E-01 1.816909E-01 -1.431981E+00 5.730790E-01 -1.424963E-01 8.968445E-01 2.788925E-02 9.366631E-04 4.011249E+00 8.775764E+00 
1.750422E-01 3.890292E-03 2.995483E-01 1.877030E-01 -1.366206E+00 5.725406E-01 -1.164555E-01 9.735032E-01 2.807744E-02 0.000000E+00 4.070174E+00 9.112257E+00 
1.637053E-01 1.054582E-02 3.299083E-01 1.841584E-01 -1.433693E+00 5.954370E-01 -1.369730E-01 9.472460E-01 2.847490E-02 1.288707E-03 3.793432E+00 8.709226E+00 
1.879677E-01 3.806105E-03 3.313023E-01 1.824493E-01 -1.365542E+00 5.765773E-01 -1.385007E-01 9.733755E-01 2.960279E-02 8.185409E-04 4.284345E+00 8.336580E+00 
1.643115E-01 4.533516E-03 3.371480E-01 1.819091E-01 -1.376128E+00 6.000000E-01 -1.133541E-01 9.937203E-01 2.760938E-02 9.738424E-04 4.477628E+00 9.376551E+00 
1.767741E-01 5.672966E-03 3.382932E-01 1.828046E-01 -1.329677E+00 5.959289E-01 -1.704349E-01 9.948036E-01 2.749325E-02 6.729979E-04 4.404531E+00 8.764512E+00 
1.693175E-01 7.779190E-03 3.162601E-01 1.837627E-01 -1.513835E+00 5.841261E-01 -1.145184E-01 1.016869E+00 2.744146E-02 7.463670E-04 3.985414E+00 8.987863E+00 
1.790123E-01 4.245175E-03 2.942004E-01 1.818753E-01 -1.380339E+00 5.706186E-01 -1.204872E-01 9.773131E-01 2.736554E-02 7.440407E-04 4.064079E+00 8.545386E+00 
1.655763E-01 5.360956E-03 3.038883E-01 1.811757E-01 -1.463885E+00 5.843876E-01 -1.243346E-01 9.601571E-01 2.867458E-02 1.319278E-03 4.132393E+00 9.094295E+00 
1.815453E-01 5.747204E-03 3.404014E-01 1.823509E-01 -1.387004E+00 5.709131E-01 -1.387446E-01 9.187336E-01 2.839841E-02 4.532203E-04 4.352382E+00 1.019025E+01 
1.718436E-01 4.447213E-03 3.223906E-01 1.856459E-01 -1.335422E+00 5.904020E-01 -1.394431E-01 9.454328E-01 2.712213E-02 4.981537E-04 4.105852E+00 8.836550E+00 
1.995270E-01 1.000000E-04 3.356556E-01 1.875049E-01 -1.337426E+00 5.861417E-01 -1.734338E-01 1.199646E+00 2.819375E-02 8.434326E-04 4.247148E+00 7.819959E+00 
1.827627E-01 4.147353E-03 3.300227E-01 1.843065E-01 -1.388557E+00 5.948533E-01 -1.303126E-01 9.163039E-01 2.876582E-02 5.627505E-04 4.337794E+00 8.837531E+00 
1.771886E-01 1.132505E-02 3.095250E-01 1.866389E-01 -1.455942E+00 5.757186E-01 -1.322043E-01 9.611921E-01 2.591548E-02 7.723285E-04 4.163369E+00 8.390884E+00 
1.645821E-01 6.210102E-03 3.316888E-01 1.849432E-01 -1.346081E+00 5.907944E-01 -1.764334E-01 9.337202E-01 2.790157E-02 8.950671E-04 3.818354E+00 8.453964E+00 
1.681675E-01 4.273286E-03 3.152345E-01 1.790404E-01 -1.344900E+00 5.833897E-01 -1.484783E-01 9.641364E-01 2.928973E-02 8.944259E-04 3.918284E+00 8.816395E+00 
1.720109E-01 5.813203E-03 3.343009E-01 1.824187E-01 -1.444067E+00 5.783817E-01 -1.207356E-01 9.311158E-01 2.896046E-02 4.972912E-04 3.753004E+00 8.813790E+00 
1.614345E-01 4.761800E-03 3.270146E-01 1.843096E-01 -1.422159E+00 5.893247E-01 -1.333922E-01 9.625675E-01 2.727585E-02 3.861648E-04 4.163217E+00 8.329137E+00 
1.749418E-01 4.239043E-03 3.247029E-01 1.833688E-01 -1.403065E+00 5.878111E-01 -1.344476E-01 9.863785E-01 2.908550E-02 3.270910E-04 4.099616E+00 9.234152E+00 
1.686209E-01 6.372541E-03 3.454886E-01 1.885560E-01 -1.407106E+00 5.886394E-01 -1.478646E-01 9.259148E-01 2.737404E-02 1.136578E-03 3.811942E+00 8.564242E+00 
1.594875E-01 4.312145E-03 3.063638E-01 1.803920E-01 -1.333793E+00 5.755344E-01 -1.344149E-01 9.780108E-01 2.758461E-02 8.241472E-04 4.282946E+00 9.076625E+00 
1.738730E-01 1.560300E-03 3.322603E-01 1.825427E-01 -1.413390E+00 5.930781E-01 -1.264391E-01 9.343669E-01 2.703094E-02 4.998361E-04 4.748282E+00 8.336467E+00 
1.712260E-01 5.054726E-03 3.071712E-01 1.869339E-01 -1.408790E+00 5.713373E-01 -1.376059E-01 9.108027E-01 2.692751E-02 3.087644E-04 4.255084E+00 8.628981E+00 
1.869146E-01 4.981999E-03 3.337037E-01 1.827696E-01 -1.401998E+00 5.541597E-01 -1.292940E-01 9.129797E-01 2.631681E-02 4.701358E-04 4.340002E+00 8.563734E+00 
1.664831E-01 4.621364E-03 3.121843E-01 1.856359E-01 -1.388831E+00 5.861332E-01 -1.452139E-01 9.634847E-01 2.808999E-02 4.404805E-04 4.102461E+00 9.014177E+00 
1.633129E-01 4.729162E-03 3.233507E-01 1.820382E-01 -1.487823E+00 5.726550E-01 -1.850420E-01 9.860866E-01 2.901170E-02 5.757916E-04 3.940835E+00 9.228568E+00 
1.824978E-01 4.013489E-03 3.269923E-01 1.844810E-01 -1.367700E+00 5.903953E-01 -1.632285E-01 9.148331E-01 2.904949E-02 9.653439E-04 3.842985E+00 8.853955E+00 
1.749494E-01 4.117956E-03 3.322336E-01 1.809280E-01 -1.331517E+00 5.878314E-01 -1.350780E-01 1.013054E+00 2.909703E-02 1.233270E-03 4.279176E+00 8.664107E+00 
1.818334E-01 4.832789E-03 3.577753E-01 1.892478E-01 -1.386328E+00 5.842980E-01 -1.065812E-01 1.010837E+00 2.833097E-02 9.932629E-04 4.147635E+00 8.578205E+00 
1.851735E-01 6.576781E-03 3.621224E-01 1.901829E-01 -1.365355E+00 5.979724E-01 -1.711224E-01 9.562886E-01 2.692995E-02 8.174751E-04 4.388866E+00 8.784083E+00 
1.739905E-01 3.023035E-03 3.405292E-01 1.834761E-01 -1.383066E+00 5.827227E-01 -1.294245E-01 9.880921E-01 2.960927E-02 8.395802E-04 4.298447E+00 8.293242E+00 
1.816424E-01 5.516872E-03 3.256601E-01 1.832189E-01 -1.365954E+00 5.889314E-01 -1.320101E-01 9.535433E-01 2.732695E-02 7.693420E-04 4.361266E+00 8.702969E+00 
1.775575E-01 1.000000E-04 3.402785E-01 1.821442E-01 -1.320117E+00 5.897559E-01 -1.350364E-01 9.338623E-01 2.706228E-02 7.426799E-04 4.591431E+00 9.591145E+00 
1.741629E-01 3.883375E-03 3.474827E-01 1.845043E-01 -1.356630E+00 5.907443E-01 -1.482560E-01 9.466984E-01 2.764340E-02 3.893849E-04 4.394043E+00 8.231449E+00 
1.885461E-01 5.331647E-03 3.494158E-01 1.848502E-01 -1.469959E+00 5.961307E-01 -1.786008E-01 9.303216E-01 2.703514E-02 4.039004E-04 4.260682E+00 9.018396E+00 
1.611654E-01 5.817095E-03 3.376478E-01 1.822082E-01 -1.366823E+00 5.882514E-01 -1.986974E-01 9.394898E-01 2.883367E-02 8.929792E-04 4.057096E+00 9.209624E+00 
1.817752E-01 5.686388E-03 3.404230E-01 1.864309E-01 -1.353874E+00 5.845025E-01 -1.624078E-01 9.449450E-01 2.728219E-02 6.394298E-04 4.169219E+00 8.755947E+00 
1.764574E-01 4.294532E-03 3.092286E-01 1.835336E-01 -1.393730E+00 5.861738E-01 -1.724661E-01 9.360900E-01 2.705945E-02 1.595933E-03 4.058883E+00 8.648575E+00 
1.744461E-01 4.055260E-03 3.259112E-01 1.798580E-01 -1.367980E+00 5.967402E-01 -1.289431E-01 9.797732E-01 2.746878E-02 7.422687E-04 3.772305E+00 8.732026E+00 
1.688786E-01 4.382651E-03 3.207313E-01 1.833045E-01 -1.478616E+00 5.794173E-01 -1.279259E-01 8.589904E-01 2.829443E-02 1.678840E-03 4.127226E+00 9.228165E+00 
1.704593E-01 5.269640E-03 3.137682E-01 1.851373E-01 -1.360983E+00 5.942993E-01 -1.439049E-01 9.871910E-01 3.305782E-02 9.649442E-04 3.445261E+00 9.601299E+00 
1.696485E-01 3.309877E-03 3.229583E-01 1.817958E-01 -1.363091E+00 5.858442E-01 -1.314954E-01 9.517217E-01 2.830977E-02 6.222859E-04 3.760706E+00 9.075252E+00 
1.748727E-01 5.077870E-03 3.237464E-01 1.848022E-01 -1.405207E+00 5.889687E-01 -1.067772E-01 9.766886E-01 2.827080E-02 5.060675E-04 4.359726E+00 8.704772E+00 
1.790288E-01 5.038385E-03 3.365095E-01 1.800653E-01 -1.414062E+00 5.812519E-01 -1.300624E-01 9.459771E-01 2.748901E-02 7.272206E-04 3.975489E+00 8.968730E+00 
1.753799E-01 5.105426E-03 3.348962E-01 1.837408E-01 -1.406478E+00 5.940826E-01 -1.592604E-01 9.290209E-01 2.954579E-02 7.892099E-04 3.989275E+00 9.284684E+00 
1.671146E-01 4.901650E-03 3.169847E-01 1.849810E-01 -1.373760E+00 5.849850E-01 -1.533704E-01 9.325697E-01 2.912821E-02 7.466665E-04 3.701019E+00 8.563620E+00 
1.860392E-01 4.561326E-03 3.362326E-01 1.821049E-01 -1.429192E+00 5.870587E-01 -1.371833E-01 9.341139E-01 2.538891E-02 1.273543E-03 4.270777E+00 8.549457E+00 
1.922325E-01 5.821084E-03 3.524009E-01 1.824096E-01 -1.431665E+00 5.865360E-01 -1.648083E-01 9.555582E-01 2.844674E-02 7.409547E-04 4.231137E+00 9.423820E+00 
1.789025E-01 5.694150E-03 3.357194E-01 1.839895E-01 -1.414506E+00 5.944523E-01 -1.189700E-01 9.981063E-01 2.862618E-02 7.164471E-04 4.053242E+00 9.104442E+00 
1.676008E-01 4.143818E-03 2.895654E-01 1.785238E-01 -1.323403E+00 5.956132E-01 -1.072560E-01 9.275784E-01 2.808104E-02 6.119950E-04 4.217815E+00 8.751577E+00 
1.932504E-01 6.297837E-03 3.452845E-01 1.730260E-01 -1.475281E+00 5.516862E-01 -1.488534E-01 9.300430E-01 2.663710E-02 3.404116E-04 4.024894E+00 9.130107E+00 
1.729119E-01 5.078408E-03 3.295167E-01 1.836801E-01 -1.355660E+00 5.855111E-01 -1.724973E-01 9.277715E-01 2.814973E-02 7.255786E-04 4.078240E+00 8.781510E+00 
1.718653E-01 4.424212E-03 3.202332E-01 1.820493E-01 -1.344123E+00 5.707109E-01 -1.400764E-01 9.275070E-01 2.657368E-02 6.086895E-04 4.159404E+00 8.713743E+00 
1.753576E-01 3.764816E-03 3.306739E-01 1.837345E-01 -1.414307E+00 5.905921E-01 -1.282345E-01 9.736536E-01 2.820560E-02 2.802354E-04 4.020449E+00 8.624879E+00 
1.767151E-01 5.430934E-03 3.103512E-01 1.821850E-01 -1.508211E+00 5.530692E-01 -1.259256E-01 9.651861E-01 3.093784E-02 2.359910E-04 4.130118E+00 9.086599E+00 
1.890303E-01 4.221857E-03 3.481940E-01 1.799891E-01 -1.402142E+00 5.880834E-01 -1.579930E-01 8.774408E-01 2.821290E-02 5.874930E-04 4.034367E+00 7.791790E+00 
1.820909E-01 7.642923E-03 3.265648E-01 1.826591E-01 -1.271948E+00 5.884952E-01 -1.512224E-01 9.612985E-01 2.856369E-02 8.174337E-04 4.794967E+00 8.483006E+00 
1.764418E-01 7.618317E-04 3.279446E-01 1.867121E-01 -1.392573E+00 5.326526E-01 -1.532260E-01 9.258237E-01 2.927955E-02 1.095358E-03 4.048438E+00 8.783468E+00 
1.718517E-01 5.551892E-03 3.300398E-01 1.834503E-01 -1.355887E+00 5.879380E-01 -1.106697E-01 9.484561E-01 2.568257E-02 3.046967E-04 4.100090E+00 8.866386E+00 
1.731044E-01 5.457159E-03 3.202536E-01 1.842111E-01 -1.394152E+00 5.800776E-01 -1.389060E-01 9.717015E-01 2.805265E-02 1.939678E-04 4.214335E+00 8.672743E+00 
1.783715E-01 4.906210E-03 3.187853E-01 1.800774E-01 -1.439291E+00 5.784571E-01 -1.160846E-01 9.379210E-01 2.886272E-02 5.467504E-04 4.270149E+00 8.833593E+00 
1.746981E-01 4.032836E-03 3.188766E-01 1.819108E-01 -1.358406E+00 5.893534E-01 -1.264062E-01 9.706651E-01 2.642440E-02 1.640229E-03 3.824726E+00 8.006483E+00 
1.779582E-01 4.784079E-03 3.248406E-01 1.821684E-01 -1.387333E+00 5.962352E-01 -1.335684E-01 9.527018E-01 2.912294E-02 8.513254E-04 4.219970E+00 8.858770E+00 
1.726216E-01 5.226795E-03 3.180384E-01 1.803537E-01 -1.433202E+00 5.758832E-01 -1.427933E-01 9.189628E-01 2.833628E-02 2.686447E-04 4.154191E+00 9.018585E+00 
1.806459E-01 4.784612E-03 3.139942E-01 1.783647E-01 -1.358414E+00 5.748165E-01 -1.662122E-01 9.117347E-01 2.830390E-02 7.679403E-04 4.084780E+00 9.186401E+00 
1.725084E-01 5.754324E-03 3.126966E-01 1.830611E-01 -1.423362E+00 5.810856E-01 -1.215498E-01 9.289297E-01 2.753706E-02 1.419819E-03 4.410319E+00 9.370006E+00 
1.809972E-01 5.601693E-03 3.114121E-01 1.824951E-01 -1.400100E+00 5.813398E-01 -1.547580E-01 9.469858E-01 2.965884E-02 9.451220E-04 4.108891E+00 8.764728E+00 
1.696822E-01 6.802168E-03 3.333674E-01 1.798529E-01 -1.367317E+00 5.928087E-01 -1.948004E-01 9.073398E-01 2.636056E-02 1.715975E-04 3.899796E+00 8.841305E+00 
1.694327E-01 5.140690E-03 3.279507E-01 1.780594E-01 -1.293771E+00 5.954390E-01 -1.443819E-01 9.357904E-01 2.774604E-02 1.042249E-03 4.380115E+00 8.796368E+00 
1.565382E-01 4.543605E-03 3.315643E-01 1.830788E-01 -1.434119E+00 5.802009E-01 -1.158476E-01 9.859943E-01 2.921422E-02 1.125966E-03 4.547036E+00 8.545530E+00 
1.746162E-01 6.854324E-03 3.520554E-01 1.802341E-01 -1.445958E+00 5.848184E-01 -1.847498E-01 9.525631E-01 2.691952E-02 1.276405E-03 3.924847E+00 8.809973E+00 
1.528241E-01 5.949826E-03 3.364851E-01 1.825736E-01 -1.415781E+00 5.726434E-01 -1.499975E-01 9.630651E-01 2.900926E-02 5.998323E-04 4.077006E+00 8.877232E+00 
1.872931E-01 4.464358E-03 3.251378E-01 1.846759E-01 -1.427769E+00 5.870669E-01 -1.761005E-01 9.647217E-01 2.667743E-02 6.041347E-04 4.040919E+00 9.061772E+00 
1.817848E-01 5.235677E-03 3.167180E-01 1.829032E-01 -1.443895E+00 5.828818E-01 -1.230418E-01 9.575978E-01 2.690177E-02 8.538367E-04 4.143955E+00 8.698783E+00 
1.819490E-01 6.967836E-03 3.212152E-01 1.847158E-01 -1.408398E+00 5.914294E-01 -1.310240E-01 9.728738E-01 2.678964E-02 1.288843E-03 4.146759E+00 9.050155E+00 
1.640959E-01 5.663253E-03 3.275595E-01 1.803229E-01 -1.410330E+00 5.831298E-01 -1.489005E-01 9.629497E-01 2.894242E-02 8.852483E-04 4.409311E+00 8.956101E+00 
1.672001E-01 5.099189E-03 3.148798E-01 1.819373E-01 -1.447469E+00 5.848412E-01 -1.394226E-01 9.455145E-01 2.811765E-02 6.364713E-04 4.214038E+00 8.117149E+00 
1.751460E-01 5.106359E-03 3.472602E-01 1.838327E-01 -1.379819E+00 5.850006E-01 -1.504114E-01 9.540191E-01 2.849942E-02 1.430256E-03 4.199258E+00 8.624431E+00 
1.813521E-01 5.014157E-03 3.278433E-01 1.829375E-01 -1.508829E+00 5.774697E-01 -1.442228E-01 9.283391E-01 2.738898E-02 4.720882E-04 4.029544E+00 8.581845E+00 
1.719074E-01 4.878233E-03 3.282346E-01 1.803545E-01 -1.414662E+00 5.775249E-01 -1.333680E-01 9.241730E-01 2.838106E-02 5.144438E-04 3.906867E+00 8.651320E+00 
1.654552E-01 6.858149E-03 3.387861E-01 1.821502E-01 -1.387165E+00 5.868734E-01 -1.702052E-01 9.245090E-01 2.680139E-02 5.111419E-04 4.098323E+00 8.349034E+00 
1.751911E-01 3.771880E-03 3.119189E-01 1.858853E-01 -1.409823E+00 5.816867E-01 -1.344930E-01 9.679014E-01 2.760945E-02 3.936379E-04 4.261683E+00 9.188924E+00 
1.866054E-01 3.416792E-03 3.502221E-01 1.787216E-01 -1.372805E+00 5.852835E-01 -1.921748E-01 9.539617E-01 2.663103E-02 8.157477E-04 3.845714E+00 8.510765E+00 
1.854058E-01 3.299042E-03 3.291648E-01 1.867260E-01 -1.336667E+00 5.976537E-01 -1.363519E-01 1.006240E+00 2.756002E-02 1.096631E-03 4.460014E+00 9.162013E+00 
2.000000E-01 4.824559E-03 3.186086E-01 1.796127E-01 -1.305703E+00 5.594385E-01 -1.493365E-01 9.302436E-01 2.761303E-02 1.322986E-04 4.134865E+00 8.531042E+00 
1.688578E-01 6.209145E-03 3.306710E-01 1.822559E-01 -1.348966E+00 5.885443E-01 -1.615754E-01 9.786041E-01 2.769380E-02 1.114105E-03 3.935421E+00 8.558932E+00 
1.744463E-01 5.703019E-03 3.348149E-01 1.902992E-01 -1.399942E+00 5.872959E-01 -1.734677E-01 9.802247E-01 3.056237E-02 9.333213E-04 4.468552E+00 8.203770E+00 
1.817294E-01 6.182333E-03 3.231774E-01 1.953692E-01 -1.484309E+00 5.974615E-01 -1.377969E-01 9.773938E-01 2.811230E-02 3.948237E-04 4.010913E+00 8.649473E+00 
1.694374E-01 4.841164E-03 3.181922E-01 1.832540E-01 -1.415887E+00 5.780268E-01 -1.140504E-01 9.728698E-01 2.791619E-02 8.569101E-04 4.109124E+00 9.211490E+00 
1.773747E-01 7.089663E-03 3.513763E-01 1.833519E-01 -1.522219E+00 5.979129E-01 -1.490499E-01 9.530445E-01 2.590374E-02 1.242738E-04 3.982171E+00 9.091067E+00 
1.704370E-01 3.769238E-03 3.314548E-01 1.855278E-01 -1.347341E+00 5.927228E-01 -1.642025E-01 9.614804E-01 2.879244E-02 8.011075E-04 4.227281E+00 8.438349E+00 
1.654284E-01 4.078896E-03 3.269201E-01 1.846909E-01 -1.386375E+00 5.850161E-01 -1.347736E-01 9.791268E-01 2.663658E-02 1.263075E-03 4.151585E+00 8.358630E+00 
1.840070E-01 2.620348E-03 3.154300E-01 1.814203E-01 -1.361569E+00 4.560378E-01 -1.423170E-01 9.275600E-01 3.018240E-02 1.095789E-03 4.379098E+00 8.719407E+00 
1.728899E-01 5.195269E-03 3.256829E-01 1.831689E-01 -1.384082E+00 5.839526E-01 -1.513578E-01 9.260496E-01 2.757863E-02 1.834397E-04 3.822163E+00 8.565827E+00 
1.659855E-01 6.580347E-03 3.349671E-01 1.810529E-01 -1.423245E+00 5.916825E-01 -1.917771E-01 9.831911E-01 2.989593E-02 1.125183E-03 3.831336E+00 9.836290E+00 
1.745930E-01 7.200956E-03 3.297504E-01 1.810242E-01 -1.495534E+00 5.801767E-01 -1.120272E-01 9.351511E-01 2.636011E-02 1.122745E-03 4.138696E+00 9.153889E+00 
1.821661E-01 5.309233E-03 3.174045E-01 1.827800E-01 -1.313310E+00 5.928140E-01 -1.745013E-01 9.798001E-01 2.825956E-02 7.738253E-04 4.202724E+00 8.457630E+00 
1.761440E-01 4.557294E-03 3.263142E-01 1.807181E-01 -1.400303E+00 5.739890E-01 -1.738073E-01 9.405175E-01 2.953883E-02 6.228250E-04 4.249664E+00 8.581385E+00 
1.722982E-01 1.806670E-02 3.093441E-01 1.739106E-01 -1.465817E+00 5.923945E-01 -1.090794E-01 1.002358E+00 2.776108E-02 1.084960E-03 4.047638E+00 7.051676E+00 
1.734910E-01 3.498811E-03 3.204060E-01 1.828583E-01 -1.385698E+00 5.912072E-01 -1.065064E-01 9.293402E-01 2.926121E-02 9.007016E-04 4.078397E+00 8.577969E+00 
1.726497E-01 5.430199E-03 3.263729E-01 1.807390E-01 -1.423019E+00 5.897901E-01 -1.646493E-01 9.617578E-01 2.848193E-02 7.110085E-06 3.956074E+00 8.442474E+00 
1.685453E-01 6.754056E-03 3.243739E-01 1.822629E-01 -1.389318E+00 5.930267E-01 -1.644651E-01 9.415502E-01 2.663634E-02 8.801435E-04 3.933188E+00 9.355795E+00 
1.737466E-01 5.057689E-03 3.218684E-01 1.841236E-01 -1.442162E+00 5.770576E-01 -1.273319E-01 9.324213E-01 2.727879E-02 5.182763E-04 3.837873E+00 8.953691E+00 
1.588361E-01 7.057829E-03 3.342061E-01 1.767772E-01 -1.450177E+00 5.917952E-01 -1.557586E-01 9.480488E-01 3.021397E-02 1.211552E-03 3.895752E+00 9.218192E+00 
1.667393E-01 6.105811E-03 3.072425E-01 1.821005E-01 -1.333856E+00 5.759047E-01 -1.066289E-01 1.030909E+00 2.743156E-02 1.110107E-03 4.040707E+00 8.408081E+00 
1.614229E-01 5.037263E-03 3.324911E-01 1.865360E-01 -1.445485E+00 5.874454E-01 -1.381510E-01 9.596197E-01 2.826767E-02 9.504228E-04 4.218744E+00 8.371242E+00 
1.708857E-01 6.930843E-03 3.221008E-01 1.864439E-01 -1.343982E+00 5.881617E-01 -1.568422E-01 8.937366E-01 2.834122E-02 4.864972E-04 4.216049E+00 1.021372E+01 
1.723923E-01 5.562928E-03 3.332662E-01 1.836182E-01 -1.370984E+00 5.878802E-01 -1.496543E-01 9.866217E-01 2.700553E-02 1.168955E-03 4.277458E+00 8.601539E+00 
1.957088E-01 6.713013E-03 3.429781E-01 1.812746E-01 -1.310097E+00 5.941961E-01 -1.265359E-01 9.453496E-01 2.729208E-02 5.191049E-04 3.850245E+00 8.615670E+00 
1.621204E-01 2.870731E-03 3.264949E-01 1.831189E-01 -1.465725E+00 5.654982E-01 -1.655323E-01 9.676170E-01 2.592278E-02 9.695563E-04 4.148761E+00 8.497380E+00 
1.676311E-01 5.878089E-03 3.205099E-01 1.830590E-01 -1.494096E+00 5.842933E-01 -1.560289E-01 9.395925E-01 2.664119E-02 3.644661E-04 4.060180E+00 8.422264E+00 
1.639660E-01 4.985216E-03 3.162593E-01 1.813719E-01 -1.356775E+00 5.866302E-01 -1.567751E-01 9.406608E-01 2.842460E-02 8.966333E-04 4.147948E+00 8.019627E+00 
1.705663E-01 5.556868E-03 3.179357E-01 1.822772E-01 -1.392339E+00 5.522545E-01 -1.332294E-01 9.397127E-01 2.890714E-02 5.524798E-04 4.216991E+00 8.485759E+00 
1.806408E-01 5.711088E-03 3.282644E-01 1.790270E-01 -1.442325E+00 5.836733E-01 -1.709607E-01 9.624090E-01 2.736850E-02 8.214472E-04 4.307236E+00 8.725149E+00 
1.772442E-01 6.281592E-03 3.484041E-01 1.869200E-01 -1.421280E+00 5.875334E-01 -1.456209E-01 9.202998E-01 2.609922E-02 7.616982E-04 4.041012E+00 8.745979E+00 
1.758922E-01 5.823227E-03 3.141859E-01 1.928511E-01 -1.359053E+00 5.734761E-01 -1.976859E-01 9.564923E-01 2.822361E-02 7.248868E-04 3.998438E+00 8.692810E+00 
1.828802E-01 6.432077E-03 3.075289E-01 1.838207E-01 -1.353668E+00 5.795707E-01 -1.190129E-01 9.668300E-01 2.780926E-02 9.920548E-04 3.998417E+00 8.820333E+00 
1.677631E-01 3.061144E-03 3.071771E-01 1.827621E-01 -1.378872E+00 5.808631E-01 -1.337997E-01 9.798768E-01 2.812830E-02 1.719239E-03 4.328437E+00 8.529785E+00 
1.749568E-01 5.770656E-03 3.358657E-01 1.849348E-01 -1.386722E+00 5.989213E-01 -1.379621E-01 9.413805E-01 2.704836E-02 5.258153E-04 4.250145E+00 9.045124E+00 
1.866533E-01 7.154609E-03 3.378417E-01 1.780955E-01 -1.481926E+00 5.906551E-01 -1.815073E-01 9.149982E-01 2.684746E-02 7.645050E-04 4.171341E+00 9.067599E+00 
1.809557E-01 6.020619E-03 3.290331E-01 1.865081E-01 -1.415029E+00 5.840536E-01 -1.204485E-01 9.491365E-01 2.833177E-02 1.141031E-03 4.046173E+00 9.493544E+00 
1.683314E-01 5.465404E-03 3.637071E-01 1.833145E-01 -1.333136E+00 5.978488E-01 -1.723548E-01 9.307623E-01 2.763879E-02 2.560958E-04 4.239675E+00 8.528594E+00 
1.699965E-01 9.333623E-03 3.376181E-01 1.860585E-01 -1.362549E+00 5.948516E-01 -1.800912E-01 9.333696E-01 2.729449E-02 6.611243E-04 4.486826E+00 8.847897E+00 
1.862318E-01 4.931581E-03 3.237600E-01 1.772518E-01 -1.360461E+00 5.822531E-01 -1.751963E-01 9.550219E-01 2.533644E-02 7.307393E-04 4.010863E+00 8.516339E+00 
1.756375E-01 5.054301E-03 3.226660E-01 1.800028E-01 -1.370583E+00 5.846840E-01 -1.466548E-01 9.275088E-01 2.865240E-02 7.020795E-04 4.088288E+00 8.980089E+00 
1.788071E-01 3.800052E-03 3.397205E-01 1.845510E-01 -1.453256E+00 5.924456E-01 -1.242741E-01 9.399495E-01 2.652354E-02 1.189605E-03 4.004383E+00 8.841577E+00 
1.813030E-01 5.210710E-03 3.122590E-01 1.828167E-01 -1.427908E+00 5.947636E-01 -1.387753E-01 1.039980E+00 2.883460E-02 7.787453E-05 4.131037E+00 8.859891E+00 
1.900454E-01 5.855605E-03 3.006453E-01 1.791788E-01 -1.375526E+00 5.882728E-01 -1.765532E-01 9.116135E-01 2.772904E-02 8.290151E-04 4.614564E+00 8.877811E+00 
1.787872E-01 4.801535E-03 3.295619E-01 1.787645E-01 -1.474652E+00 5.726386E-01 -1.395582E-01 9.501684E-01 2.712980E-02 3.283465E-04 4.083018E+00 8.432953E+00 
1.747078E-01 4.325334E-03 3.317365E-01 1.880453E-01 -1.361676E+00 5.818781E-01 -1.157202E-01 9.168225E-01 2.879352E-02 1.043101E-03 4.211170E+00 7.770285E+00 
1.745343E-01 5.834005E-03 3.256432E-01 1.814523E-01 -1.429571E+00 5.529156E-01 -1.436505E-01 9.553744E-01 2.755015E-02 6.542383E-04 3.480435E+00 8.201532E+00 
1.770287E-01 5.502233E-03 3.289094E-01 1.844414E-01 -1.416778E+00 5.677651E-01 -1.134902E-01 9.314235E-01 2.736426E-02 6.611538E-04 4.233512E+00 8.852496E+00 
1.724543E-01 6.867080E-03 3.403761E-01 1.832668E-01 -1.392485E+00 5.946861E-01 -1.797584E-01 9.534334E-01 2.566964E-02 1.284936E-04 4.133840E+00 8.840473E+00 
1.719328E-01 4.924387E-03 3.327361E-01 1.879446E-01 -1.446539E+00 5.867466E-01 -1.500888E-01 9.554054E-01 2.787170E-02 1.021182E-03 3.841697E+00 9.448217E+00 
1.724340E-01 5.086432E-03 3.037304E-01 1.912351E-01 -1.422123E+00 5.878151E-01 -1.419493E-01 9.754615E-01 2.852347E-02 3.787978E-04 4.003624E+00 8.795791E+00 
1.701777E-01 5.665193E-03 3.204720E-01 1.819117E-01 -1.410378E+00 5.852754E-01 -1.824643E-01 9.754114E-01 2.817496E-02 6.624841E-04 3.880494E+00 9.096128E+00 
1.806416E-01 7.363852E-03 3.715237E-01 1.771239E-01 -1.357300E+00 5.617324E-01 -1.594901E-01 8.245471E-01 2.721986E-02 4.219715E-04 3.950576E+00 9.681145E+00 
1.700720E-01 4.987905E-03 3.521590E-01 1.792206E-01 -1.442686E+00 5.632445E-01 -5.506297E-02 1.092148E+00 2.712729E-02 1.012536E-03 3.729068E+00 9.208672E+00 
1.706383E-01 6.733506E-03 3.339190E-01 1.807330E-01 -1.482939E+00 5.831243E-01 -1.362098E-01 9.239471E-01 2.766932E-02 7.986033E-04 3.975609E+00 8.654444E+00 
1.751275E-01 5.497955E-03 3.384069E-01 1.815070E-01 -1.484226E+00 5.890846E-01 -1.345448E-01 1.004065E+00 2.771247E-02 0.000000E+00 4.006243E+00 9.138753E+00 
1.714975E-01 6.036942E-03 3.381750E-01 1.838993E-01 -1.364739E+00 5.954163E-01 -1.511754E-01 9.821743E-01 2.672413E-02 9.136810E-04 4.123368E+00 8.929588E+00 
1.721130E-01 4.046728E-03 3.250386E-01 1.838401E-01 -1.346965E+00 5.916319E-01 -1.371249E-01 9.453205E-01 2.706857E-02 1.138885E-03 4.388855E+00 8.326476E+00 
1.694902E-01 4.644721E-03 3.178264E-01 1.818461E-01 -1.350409E+00 5.690644E-01 -8.148975E-02 9.780372E-01 3.142614E-02 1.455278E-04 3.683250E+00 8.049128E+00 
1.723636E-01 4.656794E-03 3.204772E-01 1.834731E-01 -1.424967E+00 5.756714E-01 -1.110974E-01 9.666001E-01 2.729741E-02 2.148095E-03 4.165434E+00 8.249242E+00 
1.721571E-01 5.763695E-03 3.151461E-01 1.865477E-01 -1.424337E+00 5.735516E-01 -1.514825E-01 9.638808E-01 2.870360E-02 4.952440E-04 4.017160E+00 8.642768E+00 
1.707218E-01 4.657434E-03 3.327846E-01 1.847264E-01 -1.392308E+00 5.844594E-01 -1.565969E-01 9.319151E-01 2.706482E-02 1.361916E-03 3.907546E+00 8.775251E+00 
1.732597E-01 4.337719E-03 3.087846E-01 1.821606E-01 -1.416190E+00 5.837955E-01 -1.414708E-01 9.644832E-01 2.742904E-02 5.693333E-04 4.181612E+00 9.068115E+00 
1.731079E-01 5.229570E-03 3.323465E-01 1.831230E-01 -1.371800E+00 5.934623E-01 -1.785511E-01 9.676186E-01 2.573029E-02 1.350634E-03 3.768300E+00 8.205889E+00 
1.701336E-01 2.227952E-03 3.270964E-01 1.835452E-01 -1.331910E+00 5.752509E-01 -1.142658E-01 9.531218E-01 2.746941E-02 2.756780E-04 3.857190E+00 8.706276E+00 
1.706450E-01 5.088029E-03 3.545596E-01 1.811376E-01 -1.437230E+00 5.890874E-01 -1.531039E-01 9.030274E-01 2.488567E-02 9.329929E-04 4.221637E+00 8.700622E+00 
1.739882E-01 7.309580E-03 3.354884E-01 1.835177E-01 -1.462804E+00 5.795574E-01 -1.439921E-01 9.571495E-01 2.766027E-02 9.253905E-04 4.313200E+00 8.893784E+00 
1.886863E-01 5.579391E-03 3.090877E-01 1.796580E-01 -1.395438E+00 5.760497E-01 -1.364953E-01 9.430698E-01 2.815486E-02 2.746217E-04 4.580399E+00 8.648069E+00 
1.667314E-01 4.168508E-03 3.233845E-01 1.827988E-01 -1.452550E+00 5.800323E-01 -1.339413E-01 9.230777E-01 2.857844E-02 6.596780E-04 3.827516E+00 9.231923E+00 
1.773295E-01 5.196868E-03 3.053793E-01 1.818451E-01 -1.427043E+00 5.871903E-01 -1.257180E-01 9.417935E-01 2.860163E-02 9.043462E-04 4.131889E+00 8.766813E+00 
1.818454E-01 5.436309E-03 3.484458E-01 1.821081E-01 -1.370897E+00 5.894233E-01 -1.873376E-01 9.711291E-01 2.994150E-02 1.187779E-03 3.604431E+00 8.886356E+00 
1.705859E-01 4.269580E-03 3.261633E-01 1.800069E-01 -1.354223E+00 5.836100E-01 -1.193675E-01 9.754856E-01 2.849132E-02 6.992872E-04 3.691108E+00 8.684853E+00 
1.728447E-01 5.930458E-03 3.147460E-01 1.838722E-01 -1.532358E+00 5.814075E-01 -1.313618E-01 9.316962E-01 2.801728E-02 3.886254E-04 3.990090E+00 8.831311E+00 
1.682877E-01 3.116311E-03 3.275238E-01 1.825815E-01 -1.400113E+00 5.716337E-01 -1.186761E-01 9.228270E-01 2.864940E-02 8.906874E-04 4.144048E+00 9.227915E+00 
1.649543E-01 5.130561E-03 3.461465E-01 1.829140E-01 -1.348487E+00 5.873081E-01 -1.807385E-01 1.021736E+00 2.612864E-02 1.462310E-03 4.256887E+00 8.369358E+00 
1.613182E-01 4.915825E-03 3.369800E-01 1.796269E-01 -1.453087E+00 5.938417E-01 -1.826719E-01 9.133511E-01 2.604721E-02 6.415619E-04 4.129539E+00 7.839078E+00 
1.655299E-01 3.837600E-03 3.116659E-01 1.811632E-01 -1.388038E+00 5.825954E-01 -1.956119E-01 9.525321E-01 2.824746E-02 1.022197E-03 4.121114E+00 8.576704E+00 
1.754661E-01 4.800644E-03 3.203906E-01 1.846085E-01 -1.426599E+00 5.897761E-01 -1.143519E-01 9.558457E-01 2.762674E-02 7.010680E-04 4.172183E+00 9.662340E+00 
1.730844E-01 2.763086E-03 3.294546E-01 1.847038E-01 -1.580493E+00 5.953073E-01 -1.269569E-01 9.069142E-01 2.384318E-02 1.022477E-03 4.533817E+00 9.366328E+00 
1.840997E-01 5.907387E-03 3.438009E-01 1.879298E-01 -1.424043E+00 5.938901E-01 -1.140476E-01 9.452481E-01 2.662799E-02 6.603314E-04 4.237710E+00 8.871960E+00 
1.737120E-01 6.743796E-03 3.375724E-01 1.802587E-01 -1.351402E+00 5.851495E-01 -1.278817E-01 9.229092E-01 2.918408E-02 1.192847E-03 3.740000E+00 8.634034E+00 
1.756804E-01 3.412203E-03 3.234743E-01 1.812454E-01 -1.411960E+00 6.000000E-01 -1.296614E-01 9.588072E-01 2.503246E-02 6.488486E-04 3.027301E+00 8.591810E+00 
1.709792E-01 4.757587E-03 3.195762E-01 1.830110E-01 -1.383460E+00 5.713416E-01 -1.641237E-01 9.456132E-01 2.893776E-02 1.081538E-03 4.042914E+00 8.574798E+00 
1.853662E-01 4.259961E-03 3.398155E-01 1.820071E-01 -1.438642E+00 5.866853E-01 -1.423723E-01 9.587873E-01 2.645426E-02 4.269734E-04 4.160105E+00 8.682133E+00 
1.619739E-01 3.407807E-03 3.260691E-01 1.803212E-01 -1.424852E+00 5.911078E-01 -1.102934E-01 9.546423E-01 2.780966E-02 3.033845E-04 4.219458E+00 8.490697E+00 
1.732087E-01 4.080757E-03 3.255551E-01 1.813114E-01 -1.342723E+00 5.937089E-01 -1.555026E-01 9.493255E-01 2.854591E-02 1.007576E-03 4.218825E+00 8.194281E+00 
1.701244E-01 1.259216E-02 3.569397E-01 1.740153E-01 -1.399646E+00 5.597310E-01 -1.578820E-01 9.585797E-01 2.815755E-02 7.785415E-04 4.246305E+00 9.242224E+00 
1.738564E-01 5.877010E-03 3.444383E-01 1.830206E-01 -1.439847E+00 5.901538E-01 -1.389369E-01 1.011590E+00 2.895659E-02 9.109566E-04 4.336214E+00 9.156436E+00 
1.820441E-01 5.495559E-03 3.484023E-01 1.858218E-01 -1.356365E+00 5.797288E-01 -1.490351E-01 9.558734E-01 2.715259E-02 1.174169E-03 4.071345E+00 1.002154E+01 
1.746004E-01 5.184189E-03 3.136786E-01 1.851980E-01 -1.485424E+00 5.913551E-01 -9.644622E-02 9.292357E-01 2.661920E-02 3.835646E-04 3.926967E+00 9.100169E+00 
1.766472E-01 6.943607E-03 3.321897E-01 1.841156E-01 -1.466298E+00 5.949984E-01 -1.151330E-01 9.424355E-01 2.751115E-02 6.340875E-04 4.051760E+00 8.644761E+00 
1.929668E-01 5.064359E-03 3.354582E-01 1.824665E-01 -1.340429E+00 5.943562E-01 -1.612599E-01 9.942401E-01 2.750545E-02 0.000000E+00 4.544628E+00 9.021578E+00 
1.624147E-01 5.408333E-03 3.273724E-01 1.804569E-01 -1.459607E+00 5.803725E-01 -1.470664E-01 9.993286E-01 2.777809E-02 7.226083E-04 4.171999E+00 8.051215E+00 
1.842924E-01 5.561126E-03 3.382377E-01 1.799773E-01 -1.444341E+00 5.936277E-01 -1.558274E-01 9.394257E-01 2.800263E-02 6.897214E-04 4.135274E+00 8.478748E+00 
1.846149E-01 3.737806E-03 3.198588E-01 1.815052E-01 -1.402144E+00 5.872135E-01 -1.303025E-01 8.594878E-01 2.677622E-02 4.627444E-04 4.040128E+00 9.019466E+00 
1.760837E-01 6.470703E-03 3.304657E-01 1.810091E-01 -1.374685E+00 5.902098E-01 -1.671707E-01 9.168442E-01 2.590494E-02 3.640816E-04 4.077301E+00 8.472187E+00 
1.753015E-01 6.372966E-03 3.485437E-01 1.821444E-01 -1.344023E+00 6.000000E-01 -1.506212E-01 9.676725E-01 2.719405E-02 3.802027E-04 4.168420E+00 9.103307E+00 
1.845834E-01 5.265815E-03 3.231326E-01 1.831363E-01 -1.370581E+00 5.839193E-01 -1.428447E-01 9.597920E-01 2.855784E-02 8.017699E-04 4.253860E+00 8.723030E+00 
1.801075E-01 4.192024E-03 3.513407E-01 1.839491E-01 -1.453001E+00 5.951209E-01 -1.808911E-01 1.010617E+00 2.729701E-02 4.971762E-04 4.495003E+00 9.158821E+00 
1.713478E-01 5.670839E-03 3.284114E-01 1.807355E-01 -1.449660E+00 5.786501E-01 -1.245484E-01 9.450915E-01 2.827320E-02 2.237377E-04 3.730187E+00 9.091145E+00 
1.844737E-01 5.347693E-03 3.158717E-01 1.805131E-01 -1.341538E+00 5.803522E-01 -1.370421E-01 9.274316E-01 2.744965E-02 6.047390E-04 3.903982E+00 8.748409E+00 
1.691451E-01 6.803758E-03 3.451767E-01 1.893344E-01 -1.429489E+00 5.531212E-01 -1.116969E-01 9.422001E-01 2.680751E-02 5.995570E-04 4.151943E+00 8.841934E+00 
1.591880E-01 4.319681E-03 3.448671E-01 1.814059E-01 -1.428348E+00 5.943299E-01 -1.674555E-01 9.150411E-01 2.704936E-02 8.419580E-04 4.035409E+00 7.977841E+00 
1.795378E-01 8.209236E-03 3.334510E-01 1.767250E-01 -1.427067E+00 5.942451E-01 -1.628416E-01 9.550154E-01 2.804838E-02 9.441373E-04 3.738961E+00 8.600899E+00 
1.792482E-01 5.533093E-03 3.321226E-01 1.873708E-01 -1.483744E+00 5.971045E-01 -1.528982E-01 9.111276E-01 2.567275E-02 5.723217E-04 4.265378E+00 8.273580E+00 
1.846118E-01 5.796179E-03 3.240007E-01 1.840140E-01 -1.351183E+00 5.826126E-01 -1.702752E-01 9.958526E-01 2.981238E-02 1.220554E-03 3.908146E+00 8.620870E+00 
1.720741E-01 5.316416E-03 3.287173E-01 1.825070E-01 -1.437604E+00 5.948196E-01 -1.257006E-01 9.545462E-01 2.513949E-02 6.293830E-04 4.057069E+00 8.797689E+00 
1.735523E-01 3.466613E-03 3.346663E-01 1.821288E-01 -1.393912E+00 5.869018E-01 -1.347271E-01 9.639404E-01 2.960690E-02 7.435579E-04 4.238453E+00 8.229244E+00 
1.798870E-01 3.812941E-03 3.419104E-01 1.830942E-01 -1.436308E+00 5.959148E-01 -1.251065E-01 9.610003E-01 2.668338E-02 6.053664E-04 4.338260E+00 8.906782E+00 
1.850479E-01 8.314326E-03 3.506860E-01 1.792402E-01 -1.367601E+00 5.875699E-01 -1.906837E-01 9.724316E-01 2.755742E-02 1.003594E-03 4.309136E+00 8.369821E+00 
1.740634E-01 7.368093E-03 3.219796E-01 1.819157E-01 -1.350983E+00 5.969787E-01 -1.169569E-01 9.697727E-01 2.977066E-02 5.170494E-04 4.137444E+00 8.433325E+00 
1.788855E-01 5.385026E-03 3.485025E-01 1.857164E-01 -1.468807E+00 5.975454E-01 -1.424959E-01 1.024451E+00 2.593868E-02 5.047240E-04 4.256495E+00 8.681042E+00 
1.656427E-01 4.314202E-03 3.378189E-01 1.740567E-01 -1.443920E+00 5.729941E-01 -1.166116E-01 9.138025E-01 2.963439E-02 7.985696E-04 3.769487E+00 8.867309E+00 
1.820235E-01 5.450355E-03 3.258770E-01 1.828663E-01 -1.412679E+00 5.935348E-01 -1.809751E-01 9.282036E-01 2.712600E-02 1.030078E-03 3.907894E+00 8.542279E+00 
1.799990E-01 4.648786E-03 3.230978E-01 1.766471E-01 -1.429941E+00 5.877929E-01 -1.235523E-01 9.367875E-01 2.749477E-02 6.501340E-04 4.195198E+00 9.129808E+00 
1.525291E-01 5.239100E-03 3.335017E-01 1.824565E-01 -1.370760E+00 5.582500E-01 -1.301706E-01 9.670389E-01 2.973562E-02 8.122146E-04 3.963502E+00 8.802784E+00 
1.770533E-01 4.884822E-03 3.413037E-01 1.809462E-01 -1.389967E+00 5.913678E-01 -1.598455E-01 9.625167E-01 2.830749E-02 7.477589E-04 3.960585E+00 8.571852E+00 
1.761385E-01 4.202228E-03 3.322041E-01 1.852291E-01 -1.389795E+00 5.879989E-01 -1.940583E-01 9.545683E-01 2.642882E-02 5.743799E-04 4.077563E+00 8.608783E+00 
2.000000E-01 1.000000E-04 3.157211E-01 1.832757E-01 -1.327420E+00 6.000000E-01 -1.490074E-01 8.847326E-01 2.870387E-02 3.698179E-04 3.544746E+00 8.740835E+00 
1.738883E-01 5.314418E-03 3.280144E-01 1.841651E-01 -1.486266E+00 5.970194E-01 -1.540813E-01 9.911397E-01 2.683262E-02 3.397895E-04 4.090428E+00 9.720333E+00 
1.769693E-01 3.079509E-03 3.096320E-01 1.793401E-01 -1.418452E+00 5.901644E-01 -1.340212E-01 9.494139E-01 2.769781E-02 1.194808E-03 4.172116E+00 8.955983E+00 
1.772139E-01 4.186980E-03 3.287008E-01 1.851175E-01 -1.393940E+00 5.810247E-01 -1.420031E-01 9.288209E-01 2.764406E-02 3.626441E-04 3.982365E+00 8.914766E+00 
1.706943E-01 4.585659E-03 3.418091E-01 1.820249E-01 -1.441355E+00 5.861798E-01 -1.721632E-01 9.634810E-01 2.844253E-02 1.016417E-03 4.153483E+00 9.071914E+00 
1.801988E-01 5.044563E-03 3.489759E-01 1.875471E-01 -1.430626E+00 5.963485E-01 -1.632942E-01 9.591317E-01 2.704748E-02 5.668554E-04 4.386841E+00 8.613419E+00 
1.736008E-01 4.636265E-03 3.353840E-01 1.831373E-01 -1.419723E+00 5.910619E-01 -1.220003E-01 9.594216E-01 2.786389E-02 7.767755E-04 4.182744E+00 8.710711E+00 
1.888981E-01 3.881565E-03 3.472856E-01 1.833517E-01 -1.285907E+00 5.892646E-01 -1.445067E-01 9.294985E-01 2.803766E-02 5.628717E-04 3.908782E+00 8.978645E+00 
1.942941E-01 7.957694E-03 3.390682E-01 1.927189E-01 -1.344590E+00 5.763680E-01 -1.391868E-01 9.597572E-01 2.848520E-02 2.463664E-04 4.657554E+00 8.736257E+00 
1.725764E-01 5.965897E-03 3.314793E-01 1.877391E-01 -1.338629E+00 5.840206E-01 -1.521138E-01 9.262917E-01 2.757313E-02 5.470625E-04 3.646223E+00 9.412026E+00 
1.758331E-01 4.275130E-03 3.195832E-01 1.821550E-01 -1.423450E+00 5.967273E-01 -1.565220E-01 9.642056E-01 2.925229E-02 8.168675E-04 3.972536E+00 9.281145E+00 
1.837471E-01 5.605548E-03 3.232305E-01 1.827622E-01 -1.302448E+00 5.717265E-01 -1.631651E-01 9.364535E-01 2.636573E-02 6.812861E-04 4.095990E+00 8.341465E+00 
1.696572E-01 3.730673E-03 3.163568E-01 1.833266E-01 -1.399931E+00 5.765985E-01 -1.257261E-01 9.368095E-01 2.781249E-02 5.555658E-04 4.058235E+00 8.495410E+00 
1.728657E-01 5.840466E-03 3.047162E-01 1.785677E-01 -1.382800E+00 5.918680E-01 -1.884048E-01 9.184547E-01 2.734335E-02 2.542861E-03 4.080207E+00 8.510451E+00 
1.798015E-01 4.387872E-03 3.107942E-01 1.834817E-01 -1.453377E+00 5.865113E-01 -1.574539E-01 9.522546E-01 2.789161E-02 6.709939E-04 4.458551E+00 9.104197E+00 
1.697420E-01 4.095159E-03 3.189435E-01 1.796749E-01 -1.403480E+00 5.780949E-01 -1.288127E-01 9.662109E-01 2.707599E-02 6.727833E-04 3.996250E+00 9.223083E+00 
1.823439E-01 5.401330E-03 3.169502E-01 1.821695E-01 -1.325509E+00 5.834008E-01 -1.392788E-01 9.705254E-01 2.748424E-02 7.473632E-04 4.073130E+00 8.931002E+00 
1.749465E-01 5.051306E-03 3.398999E-01 1.856301E-01 -1.495520E+00 5.918411E-01 -1.733698E-01 9.351715E-01 2.683135E-02 5.945202E-04 3.967170E+00 8.640273E+00 
1.865270E-01 7.425014E-03 3.533675E-01 1.847726E-01 -1.384998E+00 5.848152E-01 -1.914606E-01 9.728796E-01 2.790107E-02 1.033610E-03 4.131414E+00 9.009790E+00 
1.748517E-01 6.159155E-03 3.168433E-01 1.831443E-01 -1.449438E+00 5.857082E-01 -1.495014E-01 9.340566E-01 2.716393E-02 7.221363E-04 4.178002E+00 8.725503E+00 
1.767043E-01 5.480737E-03 2.948982E-01 1.815633E-01 -1.355384E+00 5.884040E-01 -1.264001E-01 9.481329E-01 2.834238E-02 8.478414E-04 3.902724E+00 9.221022E+00 
1.758862E-01 5.701750E-03 3.384758E-01 1.876058E-01 -1.446164E+00 5.865522E-01 -1.870978E-01 9.195839E-01 2.855569E-02 8.900388E-04 3.989781E+00 8.939584E+00 
1.845280E-01 3.771721E-03 3.238697E-01 1.833182E-01 -1.408290E+00 5.899156E-01 -1.322695E-01 9.830608E-01 2.692592E-02 4.148836E-04 4.194372E+00 8.707970E+00 
1.765296E-01 5.426412E-03 3.214428E-01 1.833157E-01 -1.382084E+00 5.811959E-01 -1.457396E-01 1.011147E+00 2.758781E-02 0.000000E+00 3.994680E+00 8.906732E+00 
1.608350E-01 4.995040E-03 3.316346E-01 1.819379E-01 -1.484846E+00 5.781829E-01 -1.488290E-01 9.451699E-01 2.734540E-02 7.048279E-04 4.122373E+00 8.754446E+00 
1.738682E-01 6.591314E-03 3.528105E-01 1.830634E-01 -1.471266E+00 5.867166E-01 -1.647175E-01 9.293611E-01 2.898021E-02 2.144331E-04 4.396400E+00 8.886532E+00 
1.815931E-01 5.288170E-03 3.367159E-01 1.826733E-01 -1.387016E+00 5.732925E-01 -1.379024E-01 8.755149E-01 2.755387E-02 7.737492E-04 4.298562E+00 9.057884E+00 
1.699642E-01 4.914091E-03 3.173627E-01 1.835492E-01 -1.504166E+00 5.872104E-01 -1.663642E-01 9.407342E-01 2.755396E-02 9.384473E-04 4.359211E+00 9.177498E+00 
1.736799E-01 5.050496E-03 3.317653E-01 1.875525E-01 -1.457323E+00 5.765273E-01 -1.772642E-01 9.457371E-01 2.834867E-02 5.287401E-04 4.146302E+00 9.467192E+00 
1.499110E-01 5.451079E-03 3.342966E-01 1.830344E-01 -1.393013E+00 5.861011E-01 -1.289262E-01 9.479543E-01 2.695577E-02 1.562783E-03 4.508042E+00 9.208912E+00 
1.675766E-01 5.206277E-03 3.303989E-01 1.857761E-01 -1.361657E+00 5.841022E-01 -1.441636E-01 9.157403E-01 2.772598E-02 1.113129E-03 4.010145E+00 8.711725E+00 
1.672733E-01 3.952360E-03 3.172779E-01 1.826899E-01 -1.410658E+00 5.880398E-01 -1.415731E-01 9.857431E-01 2.935177E-02 1.109920E-03 4.193161E+00 8.674565E+00 
1.673994E-01 1.397634E-02 3.576566E-01 1.757066E-01 -1.389194E+00 5.849419E-01 -1.308436E-01 9.461037E-01 2.864296E-02 2.300148E-03 4.422197E+00 9.626291E+00 
1.527791E-01 4.666939E-03 3.308343E-01 1.818351E-01 -1.420679E+00 5.877493E-01 -1.509550E-01 9.428974E-01 2.868010E-02 5.786066E-04 4.182746E+00 8.642269E+00 
1.660775E-01 4.496220E-03 3.210257E-01 1.829354E-01 -1.353921E+00 5.826807E-01 -1.334896E-01 9.823854E-01 2.825291E-02 4.463511E-04 4.093589E+00 8.655583E+00 
1.701664E-01 6.199804E-03 3.140281E-01 1.801516E-01 -1.384641E+00 5.625703E-01 -1.276987E-01 9.588535E-01 2.731149E-02 7.315630E-04 4.276951E+00 9.116596E+00 
1.651753E-01 4.357083E-03 3.451662E-01 1.652025E-01 -1.384561E+00 5.310072E-01 -1.224540E-01 7.044820E-01 2.878575E-02 2.203865E-03 4.154780E+00 8.838663E+00 
1.796588E-01 5.107612E-03 3.527884E-01 1.823614E-01 -1.322159E+00 5.943972E-01 -1.498041E-01 9.535653E-01 2.897408E-02 5.074685E-04 4.157784E+00 9.041557E+00 
1.723031E-01 2.891607E-03 3.233468E-01 1.825511E-01 -1.391333E+00 5.818129E-01 -1.447811E-01 9.310809E-01 3.059460E-02 9.752050E-04 4.354679E+00 8.807902E+00 
1.833723E-01 4.982585E-03 3.248462E-01 1.879670E-01 -1.368251E+00 5.729015E-01 -1.254868E-01 9.475636E-01 2.817605E-02 6.483965E-04 3.934893E+00 9.257933E+00 
1.713932E-01 3.866757E-03 3.343478E-01 1.824891E-01 -1.515873E+00 5.926261E-01 -1.212864E-01 9.501866E-01 2.649059E-02 7.011138E-04 4.067643E+00 8.826795E+00 
1.689518E-01 4.778668E-03 3.126472E-01 1.841972E-01 -1.337853E+00 5.797944E-01 -1.240807E-01 9.659757E-01 2.933618E-02 4.793711E-04 4.194868E+00 9.426052E+00 
1.763593E-01 4.213245E-03 3.317525E-01 1.855251E-01 -1.385349E+00 5.939784E-01 -1.552696E-01 9.578740E-01 2.811619E-02 6.347129E-04 4.279757E+00 8.859226E+00 
1.680878E-01 5.408994E-03 3.245927E-01 1.839331E-01 -1.386714E+00 5.855108E-01 -1.273816E-01 9.438448E-01 2.677349E-02 7.623070E-04 4.014396E+00 8.577152E+00 
1.800510E-01 3.743339E-03 3.208186E-01 1.797362E-01 -1.570863E+00 5.804309E-01 -1.224731E-01 9.638245E-01 2.358806E-02 0.000000E+00 4.029298E+00 9.311168E+00 
1.793609E-01 4.481385E-03 3.249618E-01 1.826278E-01 -1.356851E+00 5.896857E-01 -1.239462E-01 9.789624E-01 2.677259E-02 9.249258E-04 3.820715E+00 8.834718E+00 
1.704237E-01 5.635369E-03 3.235731E-01 1.827841E-01 -1.446256E+00 5.867970E-01 -1.468221E-01 9.421172E-01 2.602070E-02 7.060085E-04 4.028680E+00 8.763487E+00 
1.657487E-01 5.508330E-03 3.308091E-01 1.816591E-01 -1.425796E+00 5.872863E-01 -1.538971E-01 9.393198E-01 2.697026E-02 1.004728E-03 4.266981E+00 9.473790E+00 
1.746085E-01 6.166471E-03 3.331576E-01 1.853148E-01 -1.398828E+00 5.884316E-01 -1.184460E-01 9.404791E-01 2.682828E-02 2.541036E-04 3.737847E+00 8.756838E+00 
1.615467E-01 7.761268E-03 3.366276E-01 1.805098E-01 -1.315980E+00 5.852730E-01 -1.245564E-01 1.009157E+00 2.756152E-02 3.391651E-04 3.888435E+00 9.456952E+00 
1.773740E-01 5.437642E-03 3.287348E-01 1.847496E-01 -1.364983E+00 5.902960E-01 -1.413415E-01 9.529268E-01 2.929486E-02 7.491960E-04 4.292573E+00 8.901880E+00 
1.712171E-01 6.257626E-03 3.105844E-01 1.763387E-01 -1.418790E+00 5.846104E-01 -1.748267E-01 9.123879E-01 2.681730E-02 1.459857E-03 4.177372E+00 8.236209E+00 
1.772991E-01 4.557294E-03 3.333523E-01 1.790321E-01 -1.401468E+00 5.857334E-01 -1.651385E-01 8.647830E-01 2.768072E-02 7.885512E-04 3.798616E+00 8.875122E+00 
1.798155E-01 4.496970E-03 3.112080E-01 1.799062E-01 -1.388286E+00 5.813770E-01 -1.414900E-01 9.930168E-01 2.872479E-02 9.131236E-04 4.132795E+00 8.827130E+00 
1.592354E-01 5.784544E-03 3.098272E-01 1.803650E-01 -1.338553E+00 5.673234E-01 -1.547811E-01 9.244359E-01 2.886924E-02 1.206793E-03 4.183040E+00 8.615048E+00 
1.837456E-01 5.721696E-03 3.213195E-01 1.854157E-01 -1.396533E+00 5.830545E-01 -1.061941E-01 9.834232E-01 2.795490E-02 3.026874E-04 3.963564E+00 8.683238E+00 
1.764105E-01 6.535364E-03 3.292208E-01 1.829269E-01 -1.302171E+00 5.887567E-01 -1.621228E-01 8.967885E-01 2.615780E-02 3.634286E-04 3.921402E+00 8.368119E+00 
1.711839E-01 3.692337E-03 3.408929E-01 1.851999E-01 -1.370944E+00 5.980405E-01 -1.705660E-01 9.760300E-01 2.655659E-02 7.286824E-04 4.254172E+00 7.958329E+00 
1.744583E-01 7.139391E-03 3.441812E-01 1.819670E-01 -1.439627E+00 5.746090E-01 -1.291439E-01 9.587283E-01 2.769428E-02 9.937661E-04 4.181565E+00 8.994424E+00 
1.793422E-01 5.091608E-03 3.341381E-01 1.865806E-01 -1.390082E+00 5.892039E-01 -1.450148E-01 9.840599E-01 2.862728E-02 5.996727E-04 4.055153E+00 7.772293E+00 
1.808225E-01 5.146096E-03 3.315306E-01 1.834663E-01 -1.394172E+00 5.828078E-01 -1.354260E-01 1.006094E+00 2.716932E-02 1.012534E-03 4.140459E+00 8.789249E+00 
1.701982E-01 8.247383E-03 3.435227E-01 1.804173E-01 -1.362726E+00 5.993318E-01 -1.553388E-01 9.578363E-01 2.500669E-02 1.026113E-03 4.090573E+00 8.289745E+00 
1.654082E-01 7.092323E-03 3.481099E-01 1.816378E-01 -1.417413E+00 5.959723E-01 -1.180144E-01 9.310266E-01 2.722663E-02 4.416197E-04 4.193395E+00 8.580935E+00 
1.788308E-01 4.817722E-03 3.312310E-01 1.849697E-01 -1.538229E+00 5.889793E-01 -1.479235E-01 8.607847E-01 2.509834E-02 4.682564E-04 4.789045E+00 8.373953E+00 
1.651181E-01 5.828301E-03 3.468172E-01 1.818713E-01 -1.380017E+00 5.954693E-01 -1.618462E-01 9.156543E-01 2.735160E-02 5.709755E-04 4.164632E+00 9.627956E+00 
1.622700E-01 5.723447E-03 3.297156E-01 1.802318E-01 -1.398821E+00 5.646767E-01 -1.433731E-01 9.220783E-01 2.841507E-02 6.546456E-04 3.498122E+00 8.677899E+00 
1.726571E-01 4.879421E-03 3.113514E-01 1.793842E-01 -1.356199E+00 5.903048E-01 -1.794414E-01 9.986523E-01 2.823806E-02 4.373888E-04 3.984930E+00 8.591467E+00 
1.995863E-01 5.756827E-03 3.286531E-01 1.819876E-01 -1.378312E+00 5.816711E-01 -1.464256E-01 1.000028E+00 2.838349E-02 1.535545E-04 4.035773E+00 8.494727E+00 
1.674189E-01 4.985785E-03 3.156438E-01 1.808790E-01 -1.366921E+00 5.796443E-01 -1.400101E-01 9.595807E-01 2.869153E-02 4.665107E-04 3.564526E+00 8.789674E+00 
1.821321E-01 2.766811E-03 3.244356E-01 1.850534E-01 -1.334147E+00 5.875305E-01 -1.523431E-01 9.308345E-01 2.917730E-02 5.529968E-04 4.386114E+00 8.883785E+00 
1.676396E-01 4.574790E-03 2.963364E-01 1.809444E-01 -1.360987E+00 5.824458E-01 -1.317628E-01 9.403883E-01 2.712179E-02 1.980176E-03 3.573782E+00 8.928177E+00 
1.561407E-01 5.889376E-03 3.159153E-01 1.754002E-01 -1.439701E+00 5.842343E-01 -1.056577E-01 9.820747E-01 2.779235E-02 4.467874E-03 4.214678E+00 1.062845E+01 
1.798748E-01 4.919675E-03 3.282607E-01 1.872973E-01 -1.516227E+00 5.895902E-01 -1.310313E-01 8.884335E-01 2.851947E-02 4.482621E-04 4.543045E+00 8.353176E+00 
1.841531E-01 4.624209E-03 3.368712E-01 1.799169E-01 -1.414423E+00 5.924997E-01 -1.238628E-01 9.339084E-01 2.791936E-02 1.453668E-03 4.052636E+00 9.100119E+00 
1.683324E-01 6.253740E-03 3.568778E-01 1.734058E-01 -1.469109E+00 5.920898E-01 -1.576451E-01 9.720661E-01 3.061546E-02 3.618206E-03 3.910390E+00 9.840451E+00 
1.710023E-01 3.311034E-03 3.562859E-01 1.764102E-01 -1.339836E+00 5.938126E-01 -1.603037E-01 9.073640E-01 2.821882E-02 1.255218E-03 4.404794E+00 8.268486E+00 
1.772418E-01 5.765792E-03 3.057156E-01 1.940000E-01 -1.378260E+00 5.916662E-01 -1.123661E-01 9.564788E-01 2.743668E-02 7.128096E-04 4.300392E+00 8.708529E+00 
1.799535E-01 5.446284E-03 3.414592E-01 1.801940E-01 -1.378398E+00 5.953635E-01 -1.545068E-01 9.511125E-01 2.540775E-02 8.275124E-04 3.999939E+00 8.515800E+00 
1.889727E-01 6.377526E-03 3.436626E-01 1.785908E-01 -1.418886E+00 6.000000E-01 -1.543055E-01 9.348948E-01 2.598886E-02 1.188774E-03 3.995274E+00 8.937116E+00 
1.620688E-01 5.072643E-03 3.255610E-01 1.841146E-01 -1.398038E+00 5.860620E-01 -1.230977E-01 9.575098E-01 2.726014E-02 6.643748E-04 4.081780E+00 9.681477E+00 
1.605626E-01 7.313906E-03 3.104253E-01 1.783919E-01 -1.405115E+00 5.891430E-01 -1.224969E-01 9.842341E-01 2.745302E-02 5.611793E-04 3.634819E+00 8.666118E+00 
1.731917E-01 4.040565E-03 3.255617E-01 1.813797E-01 -1.375607E+00 5.870286E-01 -1.330116E-01 9.298638E-01 2.805550E-02 7.522073E-04 3.463628E+00 9.117074E+00 
1.683581E-01 4.770099E-03 3.096777E-01 1.770542E-01 -1.339835E+00 5.767137E-01 -1.346747E-01 9.820136E-01 2.819782E-02 4.534540E-04 3.832765E+00 8.772589E+00 
1.730993E-01 5.681477E-03 3.361681E-01 1.843036E-01 -1.453606E+00 5.808989E-01 -1.377162E-01 9.487067E-01 2.797559E-02 7.765541E-04 4.039000E+00 8.961334E+00 
1.592838E-01 5.651176E-03 3.209496E-01 1.831653E-01 -1.338317E+00 5.967281E-01 -1.897248E-01 8.745206E-01 2.868567E-02 4.579686E-04 4.473734E+00 8.944919E+00 
1.682671E-01 5.029833E-03 3.384987E-01 1.827809E-01 -1.429185E+00 5.675642E-01 -1.341008E-01 9.547755E-01 2.753128E-02 4.367733E-04 4.164486E+00 8.789388E+00 
1.734232E-01 5.492129E-03 3.271336E-01 1.832461E-01 -1.353676E+00 5.905428E-01 -1.246539E-01 9.465183E-01 2.575724E-02 4.997854E-05 4.349231E+00 8.566803E+00 
1.712848E-01 4.385262E-03 3.225653E-01 1.809470E-01 -1.383523E+00 5.880967E-01 -1.576762E-01 9.473657E-01 2.757101E-02 7.926368E-04 4.533077E+00 8.488930E+00 
1.801452E-01 5.495399E-03 3.072996E-01 1.855251E-01 -1.367416E+00 5.806074E-01 -1.156606E-01 9.747110E-01 2.765942E-02 3.518366E-04 4.114694E+00 8.141005E+00 
1.729949E-01 3.502752E-03 3.197996E-01 1.805897E-01 -1.431025E+00 5.746622E-01 -1.322732E-01 9.825088E-01 2.748494E-02 4.556256E-04 3.539558E+00 8.899040E+00 
1.656023E-01 4.773420E-03 3.149451E-01 1.805286E-01 -1.437621E+00 5.918457E-01 -1.391028E-01 9.507936E-01 2.723210E-02 9.133699E-04 3.762109E+00 8.740441E+00 
1.758554E-01 3.523525E-02 3.179247E-01 1.848503E-01 -1.370518E+00 5.341160E-01 -1.584767E-01 9.706672E-01 2.719306E-02 3.330459E-03 4.237466E+00 8.712928E+00 
1.743935E-01 4.787688E-03 3.106383E-01 1.814813E-01 -1.392947E+00 5.772259E-01 -1.236325E-01 9.628196E-01 2.781307E-02 1.003237E-03 4.177733E+00 8.316798E+00 
1.737134E-01 5.444414E-03 3.200233E-01 1.842877E-01 -1.426915E+00 5.841162E-01 -1.180800E-01 9.969402E-01 2.671672E-02 1.302411E-03 3.913600E+00 8.382640E+00 
1.689973E-01 4.829161E-03 3.255131E-01 1.822408E-01 -1.474136E+00 5.882233E-01 -1.326117E-01 9.557247E-01 2.490383E-02 7.274059E-04 4.248766E+00 9.136515E+00 
1.621362E-01 4.920076E-03 3.037896E-01 1.794515E-01 -1.368549E+00 5.730414E-01 -1.398948E-01 1.023460E+00 2.901088E-02 8.341610E-04 4.005988E+00 9.786700E+00 
1.708505E-01 4.151517E-03 3.345930E-01 1.844269E-01 -1.460512E+00 5.905371E-01 -1.624125E-01 9.360085E-01 2.682087E-02 1.081624E-03 4.147860E+00 8.591134E+00 
2.000000E-01 7.520467E-03 3.486637E-01 1.923147E-01 -1.326767E+00 3.820212E-01 -1.287405E-01 8.828979E-01 2.721076E-02 1.474026E-04 4.203629E+00 8.496827E+00 
1.883174E-01 6.269736E-03 3.426695E-01 1.797714E-01 -1.385036E+00 5.819088E-01 -1.929398E-01 9.511983E-01 2.772179E-02 9.287023E-04 4.017792E+00 7.966173E+00 
1.757342E-01 4.276374E-03 3.270781E-01 1.840933E-01 -1.367780E+00 5.806332E-01 -1.232632E-01 9.517024E-01 2.763649E-02 8.879211E-04 4.118740E+00 8.527477E+00 
1.695271E-01 5.108328E-03 3.169311E-01 1.822747E-01 -1.393710E+00 5.909118E-01 -1.480233E-01 9.448311E-01 2.968453E-02 4.083479E-04 4.008247E+00 8.835912E+00 
1.816109E-01 7.310844E-03 3.410966E-01 1.794690E-01 -1.417120E+00 5.867950E-01 -1.512696E-01 9.187560E-01 2.843843E-02 1.094187E-03 3.879972E+00 8.522733E+00 
1.741121E-01 4.002300E-03 3.388872E-01 1.845273E-01 -1.493281E+00 5.907001E-01 -1.347324E-01 9.293181E-01 2.589243E-02 6.486245E-04 4.382707E+00 8.679489E+00 
1.804870E-01 3.110693E-03 3.267535E-01 1.833060E-01 -1.461207E+00 5.811988E-01 -1.456772E-01 1.056202E+00 2.746250E-02 1.634886E-04 4.170913E+00 8.653756E+00 
1.750046E-01 3.962767E-03 3.283734E-01 1.811642E-01 -1.479544E+00 5.893196E-01 -1.457853E-01 9.195877E-01 2.664707E-02 4.503142E-04 4.483886E+00 8.834485E+00 
1.750576E-01 4.928742E-03 3.395016E-01 1.844824E-01 -1.366091E+00 5.988194E-01 -1.712200E-01 9.516727E-01 2.740395E-02 9.273273E-04 4.348606E+00 8.799373E+00 
1.814520E-01 5.525988E-03 3.105739E-01 1.792335E-01 -1.368330E+00 5.833072E-01 -1.654001E-01 9.873175E-01 2.908079E-02 5.146968E-04 3.979373E+00 8.604034E+00 
1.699605E-01 6.432879E-03 3.315925E-01 1.854212E-01 -1.380321E+00 5.779011E-01 -1.255313E-01 9.673212E-01 3.210083E-02 4.759894E-04 4.456848E+00 9.095525E+00 
1.700267E-01 4.854165E-03 3.188755E-01 1.830529E-01 -1.325322E+00 5.872290E-01 -1.614588E-01 9.455478E-01 2.823089E-02 1.156171E-03 4.130349E+00 8.682489E+00 
1.707864E-01 3.432540E-03 3.292431E-01 1.813909E-01 -1.337168E+00 5.903091E-01 -1.592582E-01 9.546666E-01 2.826743E-02 3.478765E-04 4.149532E+00 8.557872E+00 
1.766741E-01 4.608770E-03 3.490446E-01 1.868219E-01 -1.440330E+00 5.911537E-01 -1.539163E-01 9.344825E-01 2.556669E-02 1.229356E-03 4.186971E+00 8.688736E+00 
1.614316E-01 4.536741E-03 3.320202E-01 1.846546E-01 -1.345101E+00 5.791723E-01 -1.902951E-01 9.019597E-01 2.866820E-02 1.140324E-03 3.948418E+00 8.216544E+00 
1.747825E-01 4.505549E-03 3.490333E-01 1.868089E-01 -1.399705E+00 5.939394E-01 -1.750356E-01 9.475766E-01 2.722310E-02 2.115444E-04 4.129243E+00 8.958405E+00 
1.744749E-01 4.804725E-03 3.356079E-01 1.770708E-01 -1.363485E+00 5.641936E-01 -1.307462E-01 9.709294E-01 2.920184E-02 3.964151E-04 3.789427E+00 9.146484E+00 
1.698606E-01 5.934240E-03 3.353886E-01 1.794659E-01 -1.485050E+00 5.869112E-01 -1.612639E-01 9.432147E-01 2.854100E-02 7.112052E-04 3.888158E+00 9.102767E+00 
1.787317E-01 4.420215E-03 3.612784E-01 1.812165E-01 -1.393720E+00 5.929802E-01 -1.797586E-01 9.782694E-01 2.687442E-02 1.056187E-03 4.150573E+00 8.480727E+00 
1.698225E-01 5.269831E-03 3.135669E-01 1.887901E-01 -1.452280E+00 5.891054E-01 -1.080286E-01 9.611310E-01 2.755262E-02 4.841301E-04 4.526314E+00 8.705752E+00 
1.745648E-01 3.681777E-03 3.300118E-01 1.807947E-01 -1.371219E+00 5.874916E-01 -1.766598E-01 9.463867E-01 2.851179E-02 1.240254E-03 4.025965E+00 8.723896E+00 
1.651059E-01 5.212720E-03 3.524527E-01 1.822166E-01 -1.396737E+00 5.711037E-01 -1.942814E-01 9.541759E-01 2.722277E-02 3.559552E-04 4.404314E+00 7.853732E+00 
1.582272E-01 5.385329E-03 3.269210E-01 1.844766E-01 -1.230268E+00 5.952600E-01 -1.347982E-01 9.885823E-01 2.859399E-02 9.661842E-04 4.404992E+00 8.629587E+00 
1.697933E-01 4.849850E-03 3.476259E-01 1.814100E-01 -1.276402E+00 5.855584E-01 -1.246185E-01 9.902817E-01 2.882593E-02 1.094030E-03 4.048399E+00 8.661997E+00 
1.677810E-01 4.037534E-03 3.137471E-01 1.839558E-01 -1.353667E+00 5.770521E-01 -1.206880E-01 9.682305E-01 2.599508E-02 8.724506E-04 3.848270E+00 8.850323E+00 
1.692504E-01 3.749202E-03 3.253849E-01 1.834974E-01 -1.359282E+00 5.872086E-01 -1.462360E-01 9.980796E-01 2.669223E-02 1.077772E-03 4.219655E+00 7.696422E+00 
2.000000E-01 4.790773E-03 3.089789E-01 1.810000E-01 -1.428971E+00 5.853119E-01 -1.347522E-01 9.398691E-01 2.762346E-02 6.068678E-04 3.767663E+00 9.075867E+00 
1.723579E-01 6.706843E-03 3.287634E-01 1.859978E-01 -1.405725E+00 5.818438E-01 -1.303103E-01 9.450736E-01 2.581903E-02 1.009290E-03 4.196726E+00 8.260889E+00 
1.993633E-01 7.820823E-03 3.400847E-01 1.842359E-01 -1.337405E+00 5.900864E-01 -1.656506E-01 9.297487E-01 2.761820E-02 1.080987E-03 3.848117E+00 8.809459E+00 
3.564577E-02 2.405251E-02 3.329096E-01 1.699729E-01 -1.458068E+00 5.070639E-01 -1.499608E-01 9.696232E-01 2.835311E-02 3.934141E-03 3.683281E+00 8.449588E+00 
1.510487E-01 5.683541E-03 3.072750E-01 1.808162E-01 -1.434020E+00 5.869724E-01 -1.537383E-01 9.456346E-01 2.782530E-02 6.140023E-04 4.023321E+00 8.731512E+00 
1.708076E-01 5.239323E-03 3.281082E-01 1.840174E-01 -1.389290E+00 5.798456E-01 -1.150051E-01 9.964389E-01 2.789556E-02 5.042374E-04 3.990211E+00 8.230058E+00 
1.673529E-01 5.117334E-03 3.325658E-01 1.795971E-01 -1.382510E+00 5.938784E-01 -1.108183E-01 9.733096E-01 2.822304E-02 5.541242E-04 4.059868E+00 9.186665E+00 
1.711284E-01 3.765272E-03 3.467445E-01 1.841011E-01 -1.290589E+00 5.954217E-01 -1.657886E-01 9.842801E-01 2.759110E-02 4.919489E-04 4.260210E+00 9.031808E+00 
1.685280E-01 4.702750E-03 3.157464E-01 1.833684E-01 -1.432981E+00 5.957171E-01 -1.559404E-01 9.336714E-01 2.809750E-02 2.363070E-04 3.887949E+00 8.484953E+00 
1.695173E-01 5.892962E-03 3.334468E-01 1.766266E-01 -1.386662E+00 5.809842E-01 -1.317747E-01 8.781610E-01 3.126109E-02 1.470092E-03 4.352934E+00 9.149917E+00 
1.808585E-01 4.856206E-03 3.407403E-01 1.776356E-01 -1.457018E+00 5.921986E-01 -1.442710E-01 9.303146E-01 2.783281E-02 4.762443E-04 4.221586E+00 8.898014E+00 
1.717988E-01 5.323594E-03 3.545151E-01 1.824300E-01 -1.416895E+00 5.965075E-01 -1.558394E-01 9.207246E-01 2.690491E-02 9.187977E-04 3.966401E+00 8.342403E+00 
1.851900E-01 4.841892E-03 3.192281E-01 1.846440E-01 -1.354949E+00 5.919974E-01 -1.162288E-01 9.642670E-01 2.880656E-02 7.360169E-04 4.197609E+00 9.407251E+00 
1.820987E-01 3.004303E-03 3.238998E-01 1.802335E-01 -1.432305E+00 6.000000E-01 -1.347904E-01 8.341583E-01 2.900679E-02 1.030909E-03 4.069090E+00 8.340997E+00 
1.596874E-01 8.230520E-03 3.433119E-01 1.690991E-01 -1.376048E+00 5.849123E-01 -1.000707E-01 9.437822E-01 2.863861E-02 1.798323E-03 4.480890E+00 8.307897E+00 
1.668142E-01 3.892303E-03 3.327352E-01 1.831033E-01 -1.448087E+00 5.912486E-01 -1.830543E-01 9.741868E-01 2.773632E-02 7.288612E-04 4.107344E+00 9.164421E+00 
1.767196E-01 4.105921E-03 3.265048E-01 1.861277E-01 -1.384906E+00 5.812818E-01 -1.249902E-01 9.560557E-01 2.742873E-02 2.153888E-04 4.119685E+00 8.576448E+00 
1.710975E-01 5.411745E-03 3.261626E-01 1.836795E-01 -1.344447E+00 5.741049E-01 -1.423671E-01 9.431338E-01 3.014510E-02 6.455412E-04 4.226995E+00 8.621276E+00 
1.734483E-01 5.149510E-03 3.185004E-01 1.827771E-01 -1.379833E+00 5.778322E-01 -1.059733E-01 9.709472E-01 2.888301E-02 5.568905E-04 4.164966E+00 9.029193E+00 
1.798390E-01 7.745850E-03 3.521153E-01 1.830031E-01 -1.382115E+00 5.942649E-01 -1.557132E-01 9.572443E-01 2.783938E-02 6.148855E-04 4.150387E+00 8.762809E+00 
1.723769E-01 5.754728E-03 3.377828E-01 1.839623E-01 -1.355649E+00 5.888962E-01 -1.301361E-01 9.849762E-01 2.645413E-02 3.894556E-04 3.978348E+00 8.796870E+00 
1.805956E-01 6.074957E-03 3.280072E-01 1.770759E-01 -1.440382E+00 5.770649E-01 -1.500139E-01 9.956927E-01 2.803976E-02 7.157693E-04 3.922331E+00 8.530317E+00 
1.863725E-01 5.498468E-03 3.286338E-01 1.783916E-01 -1.426801E+00 5.876836E-01 -1.069383E-01 9.516387E-01 2.951890E-02 5.684290E-04 3.879418E+00 8.800405E+00 
1.745848E-01 4.705440E-03 3.294990E-01 1.864988E-01 -1.402928E+00 5.840475E-01 -1.390868E-01 9.321973E-01 2.749978E-02 8.397343E-04 3.971031E+00 8.942105E+00 
1.769970E-01 4.573396E-03 3.456073E-01 1.831827E-01 -1.253608E+00 6.000000E-01 -1.347573E-01 9.509181E-01 2.653373E-02 6.632349E-04 4.285236E+00 8.874162E+00 
1.679389E-01 5.323592E-03 3.616535E-01 1.830052E-01 -1.497187E+00 5.829605E-01 -1.131604E-01 9.717299E-01 3.096814E-02 2.528236E-03 4.007444E+00 9.318307E+00 
1.666563E-01 2.839409E-03 3.058746E-01 1.786192E-01 -1.506244E+00 5.864750E-01 -1.473299E-01 9.087438E-01 2.713784E-02 5.758178E-04 4.343793E+00 9.032327E+00 
1.706277E-01 4.535122E-03 3.369503E-01 1.831889E-01 -1.317973E+00 5.966051E-01 -1.679189E-01 9.639738E-01 2.696264E-02 5.989847E-04 4.147113E+00 8.896359E+00 
1.718839E-01 4.534771E-03 2.966805E-01 1.870539E-01 -1.418448E+00 5.948687E-01 -1.409893E-01 9.531122E-01 2.854216E-02 8.861861E-04 4.743770E+00 9.990120E+00 
1.709529E-01 3.955186E-03 3.335742E-01 1.793305E-01 -1.388615E+00 5.897322E-01 -1.524836E-01 9.444891E-01 2.715941E-02 7.179720E-04 4.192844E+00 8.091901E+00 
1.706122E-01 5.873312E-03 3.210727E-01 1.812531E-01 -1.400692E+00 5.757593E-01 -1.394459E-01 9.392582E-01 2.936211E-02 9.006462E-04 3.524216E+00 9.022818E+00 
1.744193E-01 3.773965E-03 3.183708E-01 1.848486E-01 -1.444326E+00 5.814216E-01 -1.217460E-01 9.669688E-01 2.733464E-02 1.262144E-03 3.973655E+00 9.051417E+00 
1.513904E-01 6.112123E-03 3.327325E-01 1.820903E-01 -1.366120E+00 5.829086E-01 -1.491524E-01 9.048491E-01 3.023933E-02 7.409234E-04 4.129502E+00 8.627599E+00 
1.777376E-01 4.883044E-03 3.175374E-01 1.862323E-01 -1.417166E+00 5.886096E-01 -1.142964E-01 1.014016E+00 2.734837E-02 1.102223E-03 4.218512E+00 8.868694E+00 
1.698447E-01 4.657906E-03 3.313506E-01 1.804577E-01 -1.391209E+00 5.817499E-01 -1.304869E-01 9.429456E-01 3.095152E-02 8.609278E-04 3.890164E+00 9.112609E+00 
1.749305E-01 4.411164E-03 3.349553E-01 1.815880E-01 -1.358073E+00 5.909431E-01 -1.501491E-01 9.723319E-01 2.877415E-02 1.253096E-03 4.241222E+00 7.992876E+00 
1.822761E-01 4.446505E-03 3.498035E-01 1.893828E-01 -1.444915E+00 5.981009E-01 -1.560962E-01 9.482085E-01 2.641780E-02 1.132301E-03 4.369906E+00 8.569561E+00 
1.817129E-01 4.608233E-03 3.084587E-01 1.835344E-01 -1.459539E+00 5.784199E-01 -1.757198E-01 9.687506E-01 2.791488E-02 6.771590E-04 4.273365E+00 8.453486E+00 
1.727337E-01 6.325328E-03 3.429289E-01 1.808666E-01 -1.408356E+00 5.834977E-01 -1.521386E-01 9.709630E-01 2.801457E-02 5.899219E-04 4.112798E+00 8.580698E+00 
1.799599E-01 4.779437E-03 3.372755E-01 1.853868E-01 -1.363931E+00 5.808759E-01 -1.519648E-01 9.884819E-01 2.847491E-02 0.000000E+00 4.131857E+00 8.041051E+00 
1.749082E-01 6.730649E-03 3.351233E-01 1.866554E-01 -1.260312E+00 5.942196E-01 -1.613847E-01 9.293460E-01 2.721753E-02 3.642155E-04 4.220701E+00 8.961398E+00 
1.665486E-01 4.531009E-03 3.284366E-01 1.827881E-01 -1.418323E+00 5.900350E-01 -1.481292E-01 9.584394E-01 2.753102E-02 7.229933E-04 4.034351E+00 8.319664E+00 
1.780108E-01 3.280243E-03 3.215831E-01 1.847130E-01 -1.341517E+00 5.886147E-01 -1.335697E-01 9.459065E-01 2.767997E-02 9.081963E-05 4.040087E+00 8.678341E+00 
1.900734E-01 4.830572E-03 3.269427E-01 1.769654E-01 -1.459711E+00 5.845668E-01 -1.826947E-01 9.883255E-01 2.641879E-02 1.263672E-03 3.895551E+00 9.257594E+00 
1.903696E-01 5.446721E-03 3.306796E-01 1.880092E-01 -1.335838E+00 5.896108E-01 -1.261463E-01 9.207945E-01 2.698596E-02 1.064913E-03 4.189865E+00 8.309971E+00 
1.733686E-01 1.348384E-03 3.401410E-01 1.892511E-01 -1.381560E+00 5.915801E-01 -1.528108E-01 9.735186E-01 2.914583E-02 5.698874E-04 4.132604E+00 8.334255E+00 
1.686072E-01 3.846493E-03 2.984516E-01 1.824876E-01 -1.452832E+00 5.683651E-01 -1.193586E-01 8.767578E-01 2.705070E-02 4.920084E-04 4.318521E+00 8.757318E+00 
1.753228E-01 5.280471E-03 3.388448E-01 1.836437E-01 -1.412064E+00 5.890884E-01 -1.401788E-01 9.418527E-01 2.775341E-02 2.702455E-04 3.984747E+00 9.323718E+00 
1.656728E-01 3.777608E-03 3.327605E-01 1.821651E-01 -1.458692E+00 5.787052E-01 -1.653172E-01 9.696726E-01 2.783018E-02 1.581386E-03 4.022808E+00 8.879582E+00 
1.731732E-01 5.110194E-03 3.161441E-01 1.817724E-01 -1.393544E+00 5.886626E-01 -2.000000E-01 9.306144E-01 2.686350E-02 1.179275E-03 4.271709E+00 8.501470E+00 
1.714815E-01 8.638822E-03 3.247414E-01 1.845347E-01 -1.404087E+00 5.688754E-01 -1.208100E-01 9.691064E-01 2.694620E-02 5.031296E-04 3.798233E+00 9.331789E+00 
1.716864E-01 3.952609E-03 3.288950E-01 1.820911E-01 -1.466731E+00 5.885439E-01 -1.438215E-01 9.046336E-01 2.559864E-02 6.509324E-04 4.410453E+00 8.753418E+00 
1.914500E-01 5.632020E-03 3.452018E-01 1.864669E-01 -1.420601E+00 5.802245E-01 -1.656880E-01 9.114587E-01 2.652582E-02 3.701721E-04 4.212314E+00 8.673265E+00 
1.674383E-01 5.561833E-03 3.367357E-01 1.794689E-01 -1.335416E+00 5.859304E-01 -1.331459E-01 9.606751E-01 2.830288E-02 8.225323E-04 4.192463E+00 9.446247E+00 
1.798927E-01 4.545944E-03 3.213129E-01 1.851726E-01 -1.377249E+00 5.840282E-01 -1.362581E-01 9.736324E-01 2.683040E-02 6.994824E-04 4.258061E+00 9.014824E+00 
1.725818E-01 5.679185E-03 3.241019E-01 1.830597E-01 -1.405929E+00 5.862187E-01 -1.318688E-01 9.863141E-01 2.707841E-02 1.002237E-03 4.124776E+00 8.729772E+00 
1.765481E-01 4.170501E-03 3.332190E-01 1.854954E-01 -1.269042E+00 5.924955E-01 -1.505095E-01 9.714699E-01 2.758754E-02 5.198456E-04 4.112828E+00 8.695479E+00 
1.685056E-01 4.090883E-03 3.241307E-01 1.787205E-01 -1.426633E+00 5.766442E-01 -1.595945E-01 9.557726E-01 2.769683E-02 7.279038E-04 4.166635E+00 8.783778E+00 
1.679621E-01 6.354011E-03 3.275390E-01 1.807302E-01 -1.489595E+00 6.000000E-01 -1.422534E-01 9.525043E-01 2.680039E-02 7.819462E-04 4.259347E+00 8.892997E+00 
1.687829E-01 5.769072E-03 3.120910E-01 1.834175E-01 -1.394017E+00 5.880891E-01 -1.114040E-01 1.020587E+00 2.860500E-02 8.166815E-04 4.254233E+00 9.084420E+00 
1.705678E-01 4.714829E-03 3.039228E-01 1.846334E-01 -1.423885E+00 5.697999E-01 -1.740727E-01 9.553106E-01 2.811195E-02 1.666854E-03 4.166580E+00 8.663761E+00 
1.777378E-01 3.716033E-03 3.250591E-01 1.832343E-01 -1.413055E+00 5.888850E-01 -1.281693E-01 9.684477E-01 2.865702E-02 1.190630E-03 4.317334E+00 9.975616E+00 
1.750063E-01 3.929588E-03 3.091503E-01 1.818668E-01 -1.402912E+00 5.877808E-01 -1.413105E-01 1.022437E+00 2.913890E-02 8.468815E-04 4.431397E+00 9.429364E+00 
1.745713E-01 3.345031E-03 3.267224E-01 1.771191E-01 -1.353935E+00 5.848859E-01 -1.544174E-01 9.157081E-01 2.651830E-02 5.618307E-05 3.600669E+00 9.118990E+00 
1.664621E-01 5.168987E-03 3.225469E-01 1.736967E-01 -1.425713E+00 5.647222E-01 -1.166988E-01 9.462446E-01 3.081971E-02 6.384059E-04 3.845665E+00 8.713318E+00 
1.775698E-01 4.452353E-03 3.183960E-01 1.856531E-01 -1.419898E+00 5.743542E-01 -1.390045E-01 9.374978E-01 2.918473E-02 3.882347E-04 3.936814E+00 8.762050E+00 
1.717028E-01 5.695537E-03 3.449084E-01 1.818794E-01 -1.416874E+00 5.422356E-01 -1.489786E-01 9.202288E-01 3.187722E-02 5.602214E-04 3.724607E+00 8.612073E+00 
1.835479E-01 7.375531E-03 3.279660E-01 1.842336E-01 -1.353128E+00 5.826788E-01 -1.523931E-01 9.419253E-01 2.717498E-02 2.924392E-04 3.479118E+00 8.354115E+00 
1.660750E-01 6.255310E-03 3.500277E-01 1.827763E-01 -1.382707E+00 5.919417E-01 -1.269812E-01 1.003185E+00 2.448331E-02 1.202467E-03 4.293213E+00 9.321714E+00 
1.761570E-01 4.654899E-03 3.295080E-01 1.881565E-01 -1.390981E+00 5.865407E-01 -1.632074E-01 1.014595E+00 2.708918E-02 5.387228E-04 4.367788E+00 8.831495E+00 
1.710872E-01 4.872042E-03 3.059823E-01 1.868660E-01 -1.475968E+00 5.749926E-01 -1.263643E-01 9.404201E-01 2.930172E-02 6.930415E-04 4.239335E+00 8.445223E+00 
1.609029E-01 5.373387E-03 3.446447E-01 1.848090E-01 -1.481447E+00 5.760771E-01 -1.222934E-01 9.654247E-01 2.746848E-02 7.119541E-04 4.291067E+00 8.740615E+00 
1.800794E-01 4.946998E-03 2.832085E-01 1.860809E-01 -1.472368E+00 5.793998E-01 -1.147092E-01 9.917933E-01 2.738794E-02 5.864236E-04 4.003731E+00 8.649387E+00 
1.813115E-01 5.588894E-03 3.248206E-01 1.799953E-01 -1.486663E+00 5.862892E-01 -1.454041E-01 9.153572E-01 2.625225E-02 1.232654E-03 3.974282E+00 8.849873E+00 
