1.830891E-01 4.811257E-03 3.191316E-01 1.820555E-01 -1.309322E+00 5.864725E-01 -1.172258E-01 9.447039E-01 2.757679E-02 9.697322E-04 4.190684E+00 8.585276E+00 
1.690155E-01 4.662124E-03 3.113776E-01 1.790311E-01 -1.348925E+00 5.810256E-01 -1.459609E-01 9.619609E-01 2.628253E-02 2.445725E-04 4.018258E+00 9.071640E+00 
1.745291E-01 4.143346E-03 3.341917E-01 1.816540E-01 -1.437543E+00 5.723359E-01 -1.473481E-01 9.252355E-01 2.839289E-02 6.383764E-04 4.100350E+00 8.916574E+00 
1.723287E-01 7.099269E-03 3.289684E-01 1.803943E-01 -1.474344E+00 5.885656E-01 -1.256141E-01 9.169900E-01 2.710484E-02 8.340700E-04 4.184757E+00 9.470855E+00 
1.637486E-01 6.171490E-03 3.463683E-01 1.724033E-01 -1.594168E+00 5.911085E-01 -1.402217E-01 1.025309E+00 2.597150E-02 3.406314E-03 4.122346E+00 1.128786E+01 
1.824761E-01 5.839606E-03 3.197016E-01 1.853145E-01 -1.235479E+00 5.931327E-01 -1.348096E-01 9.610865E-01 3.078459E-02 6.527357E-04 3.951326E+00 8.495738E+00 
1.667297E-01 5.376502E-03 3.236001E-01 1.816000E-01 -1.502661E+00 5.808016E-01 -1.117275E-01 9.622398E-01 2.621705E-02 2.237239E-04 4.186264E+00 8.139588E+00 
1.827210E-01 6.126523E-03 3.380295E-01 1.824845E-01 -1.416298E+00 6.000000E-01 -1.275513E-01 1.000498E+00 2.456385E-02 9.252561E-04 4.326199E+00 8.797711E+00 
1.833536E-01 4.611548E-03 3.517671E-01 1.810548E-01 -1.438580E+00 5.917393E-01 -1.207893E-01 9.566885E-01 2.998773E-02 9.388910E-04 4.098816E+00 8.978368E+00 
1.772800E-01 4.497111E-03 3.164743E-01 1.825176E-01 -1.357588E+00 5.857904E-01 -1.252617E-01 9.676435E-01 2.650776E-02 9.647966E-04 4.123724E+00 8.439047E+00 
1.862749E-01 5.818719E-03 3.411338E-01 1.830944E-01 -1.408657E+00 5.971555E-01 -1.193702E-01 9.843850E-01 2.658332E-02 7.958416E-04 4.292710E+00 9.108674E+00 
1.835466E-01 7.005232E-03 3.409739E-01 1.876710E-01 -1.445511E+00 5.790951E-01 -1.615800E-01 9.459925E-01 2.969509E-02 1.018025E-03 4.292995E+00 9.012886E+00 
1.678888E-01 3.889407E-03 3.373185E-01 1.839911E-01 -1.402640E+00 5.855813E-01 -1.613018E-01 9.744739E-01 2.733141E-02 9.284995E-04 4.234666E+00 8.420594E+00 
1.741539E-01 3.943682E-03 3.297937E-01 1.821912E-01 -1.389723E+00 5.986567E-01 -1.585794E-01 9.033098E-01 2.544990E-02 1.780602E-03 4.375015E+00 8.268264E+00 
1.805941E-01 4.327977E-03 3.190758E-01 1.809990E-01 -1.453054E+00 5.839603E-01 -1.397519E-01 9.470017E-01 2.818966E-02 9.303783E-04 3.900686E+00 8.237948E+00 
1.746821E-01 4.820540E-03 3.290954E-01 1.866375E-01 -1.538401E+00 5.933841E-01 -1.132614E-01 9.051352E-01 2.555213E-02 2.518864E-04 4.598258E+00 8.581457E+00 
1.645626E-01 5.513062E-03 3.295196E-01 1.801353E-01 -1.398094E+00 5.841540E-01 -1.488697E-01 9.596951E-01 3.026183E-02 3.631221E-04 3.926341E+00 1.068960E+01 
1.851417E-01 6.267564E-03 3.119948E-01 1.868657E-01 -1.351459E+00 5.831782E-01 -1.289145E-01 9.247585E-01 2.957423E-02 8.202547E-04 4.109251E+00 8.330322E+00 
1.634151E-01 4.628512E-03 3.445857E-01 1.823728E-01 -1.421576E+00 5.847178E-01 -1.426857E-01 1.019806E+00 2.678479E-02 4.361475E-04 3.865744E+00 8.778238E+00 
1.741198E-01 1.017478E-02 3.218940E-01 1.833277E-01 -1.377432E+00 5.773596E-01 -1.466372E-01 1.036755E+00 2.656198E-02 4.380748E-04 4.079878E+00 9.112520E+00 
1.796039E-01 5.705205E-03 3.278999E-01 1.842848E-01 -1.399902E+00 5.795017E-01 -1.246664E-01 9.666452E-01 2.958479E-02 5.858776E-04 4.120066E+00 8.547357E+00 
1.653335E-01 6.982240E-03 3.201020E-01 1.790052E-01 -1.443969E+00 5.664046E-01 -1.189487E-01 9.593644E-01 2.804108E-02 5.111484E-04 3.844194E+00 9.175197E+00 
1.735423E-01 4.591016E-03 3.154210E-01 1.819186E-01 -1.349757E+00 5.844092E-01 -1.246728E-01 9.984411E-01 2.807321E-02 8.633348E-04 4.235139E+00 8.159850E+00 
1.719095E-01 5.962984E-03 3.602521E-01 1.850466E-01 -1.394045E+00 5.853527E-01 -1.492246E-01 9.370547E-01 2.924666E-02 7.112578E-04 3.964412E+00 8.945304E+00 
1.683956E-01 4.853144E-03 3.075651E-01 1.875108E-01 -1.528040E+00 5.852010E-01 -1.272587E-01 9.678658E-01 2.688751E-02 8.421426E-04 3.862326E+00 8.976286E+00 
1.856963E-01 1.033669E-02 3.376542E-01 1.867126E-01 -1.494686E+00 6.000000E-01 -1.505703E-01 9.412207E-01 2.863557E-02 4.892825E-04 4.396188E+00 9.299818E+00 
1.695704E-01 6.698147E-03 3.197966E-01 1.833388E-01 -1.460789E+00 5.805450E-01 -1.410281E-01 9.481873E-01 2.457156E-02 2.741942E-04 4.077607E+00 8.792906E+00 
1.724388E-01 4.499358E-03 3.126220E-01 1.817531E-01 -1.459574E+00 5.780412E-01 -1.087172E-01 9.288229E-01 2.897237E-02 6.053273E-04 4.129462E+00 9.042691E+00 
1.704015E-01 4.925924E-03 3.289732E-01 1.840734E-01 -1.280320E+00 5.852791E-01 -1.372767E-01 9.944686E-01 2.621446E-02 7.710378E-04 4.082372E+00 8.483985E+00 
1.765122E-01 3.755072E-03 3.294942E-01 1.833365E-01 -1.517266E+00 5.691710E-01 -1.170354E-01 9.189253E-01 2.792111E-02 3.989647E-04 4.137536E+00 8.783910E+00 
1.674882E-01 5.767165E-03 3.166624E-01 1.829387E-01 -1.306798E+00 5.867008E-01 -1.408724E-01 9.646228E-01 2.845822E-02 3.535928E-04 4.250637E+00 7.995541E+00 
1.650869E-01 5.273824E-03 3.111034E-01 1.843928E-01 -1.472517E+00 5.757586E-01 -1.160797E-01 9.865619E-01 2.770076E-02 7.959938E-04 3.925413E+00 8.838537E+00 
1.727467E-01 4.282811E-03 3.203551E-01 1.855693E-01 -1.395498E+00 5.936003E-01 -1.338281E-01 9.689529E-01 2.706349E-02 1.572430E-03 4.078286E+00 8.093610E+00 
1.599634E-01 3.993198E-03 3.362680E-01 1.861818E-01 -1.458080E+00 5.809881E-01 -1.095065E-01 9.324079E-01 2.916223E-02 8.914385E-04 4.056234E+00 8.303701E+00 
1.798393E-01 7.830404E-03 3.366084E-01 1.933133E-01 -1.315624E+00 5.892769E-01 -1.656484E-01 9.092585E-01 2.621120E-02 6.620121E-05 4.764679E+00 8.489262E+00 
2.000000E-01 6.757995E-03 3.411617E-01 1.750172E-01 -1.330759E+00 5.848928E-01 -1.547424E-01 9.326479E-01 2.709184E-02 1.019060E-03 3.947308E+00 9.054928E+00 
1.769015E-01 4.751484E-03 3.103847E-01 1.853778E-01 -1.507015E+00 5.835356E-01 -1.215410E-01 9.755100E-01 2.480106E-02 8.014660E-04 4.405564E+00 8.831178E+00 
1.544898E-01 5.345546E-03 2.993960E-01 1.796003E-01 -1.402593E+00 5.873062E-01 -1.789562E-01 9.187336E-01 2.866674E-02 1.393405E-03 4.438950E+00 9.235756E+00 
1.555879E-01 5.038166E-03 3.178616E-01 1.829465E-01 -1.411678E+00 5.820257E-01 -1.246400E-01 9.277403E-01 2.618127E-02 6.060810E-04 4.087792E+00 8.770603E+00 
1.623596E-01 3.957649E-03 3.310316E-01 1.872251E-01 -1.389620E+00 5.923688E-01 -1.509352E-01 8.762931E-01 2.772952E-02 2.684988E-04 3.944954E+00 8.344685E+00 
1.758475E-01 5.334938E-03 3.047130E-01 1.834830E-01 -1.367486E+00 5.866554E-01 -1.122251E-01 9.666813E-01 2.808885E-02 5.323975E-04 4.135956E+00 9.262587E+00 
1.742444E-01 4.810678E-03 3.289033E-01 1.871720E-01 -1.390725E+00 5.879345E-01 -1.687468E-01 9.572994E-01 2.837441E-02 8.199559E-04 4.566611E+00 9.029619E+00 
1.728717E-01 4.579328E-03 3.332385E-01 1.843563E-01 -1.388576E+00 5.872073E-01 -1.544031E-01 9.589104E-01 2.567854E-02 6.609517E-04 3.701490E+00 8.781660E+00 
1.728026E-01 5.031274E-03 3.234282E-01 1.843012E-01 -1.383393E+00 5.801116E-01 -1.220674E-01 9.379423E-01 2.949347E-02 8.645802E-04 4.251370E+00 8.352634E+00 
1.657882E-01 5.581873E-03 3.236772E-01 1.791052E-01 -1.469421E+00 5.849620E-01 -1.702479E-01 9.417928E-01 2.906785E-02 5.487181E-04 4.257109E+00 8.394730E+00 
1.694004E-01 6.251576E-03 3.622105E-01 1.833997E-01 -1.440169E+00 5.832071E-01 -1.484290E-01 9.260536E-01 2.766828E-02 6.599500E-04 4.261657E+00 8.476294E+00 
1.739254E-01 3.551696E-03 3.116444E-01 1.808136E-01 -1.431959E+00 5.896253E-01 -1.188698E-01 1.079931E+00 2.624310E-02 2.029188E-04 4.256899E+00 9.156083E+00 
1.788601E-01 3.962512E-03 3.331952E-01 1.853596E-01 -1.402037E+00 5.854950E-01 -1.848490E-01 9.796495E-01 2.929137E-02 5.927778E-04 4.401167E+00 9.312843E+00 
1.816369E-01 4.716462E-03 3.325547E-01 1.841251E-01 -1.439289E+00 5.932109E-01 -1.464009E-01 9.145392E-01 2.794424E-02 5.611555E-04 4.148222E+00 8.746457E+00 
1.817517E-01 4.482198E-03 3.368037E-01 1.752517E-01 -1.293843E+00 5.888900E-01 -1.804101E-01 9.220237E-01 2.872269E-02 7.518073E-04 3.972841E+00 8.728688E+00 
1.667090E-01 3.746983E-03 3.189741E-01 1.817712E-01 -1.363128E+00 5.856091E-01 -1.399253E-01 1.042175E+00 2.765451E-02 2.404475E-04 3.651636E+00 9.074499E+00 
1.822707E-01 8.459418E-03 3.320748E-01 1.825830E-01 -1.352096E+00 5.914300E-01 -1.659132E-01 9.434763E-01 2.785886E-02 7.540111E-04 3.748314E+00 8.456140E+00 
1.741203E-01 6.077884E-03 3.100588E-01 1.680516E-01 -1.383597E+00 5.892102E-01 -1.046545E-01 9.600762E-01 2.815068E-02 7.756723E-04 4.331126E+00 8.420363E+00 
1.667691E-01 3.990162E-03 3.395374E-01 1.835531E-01 -1.401351E+00 5.799897E-01 -1.212984E-01 9.492540E-01 2.899561E-02 1.106181E-03 4.144951E+00 8.997174E+00 
1.747973E-01 3.009461E-03 3.593174E-01 1.866851E-01 -1.468715E+00 5.900386E-01 -1.628402E-01 9.607737E-01 2.638170E-02 1.279311E-03 4.204426E+00 9.169856E+00 
1.740424E-01 3.972612E-03 3.318136E-01 1.835005E-01 -1.433433E+00 5.861498E-01 -1.350779E-01 8.632288E-01 2.643537E-02 9.528156E-04 3.972916E+00 8.898774E+00 
1.689941E-01 5.144307E-03 3.447629E-01 1.829474E-01 -1.362399E+00 5.926975E-01 -1.082411E-01 9.543639E-01 2.715708E-02 5.930142E-04 4.071461E+00 8.918777E+00 
1.836991E-01 5.714020E-03 3.349438E-01 1.815222E-01 -1.414421E+00 5.836133E-01 -1.303678E-01 9.585183E-01 2.569390E-02 4.874487E-04 4.041183E+00 7.406475E+00 
1.771969E-01 5.361857E-03 3.518286E-01 1.810541E-01 -1.442590E+00 5.821962E-01 -1.296184E-01 9.380017E-01 2.576116E-02 5.686275E-04 3.848494E+00 8.934766E+00 
1.808971E-01 4.364551E-03 3.165521E-01 1.792010E-01 -1.427531E+00 5.821271E-01 -1.364912E-01 9.536348E-01 2.754077E-02 7.179800E-04 4.242941E+00 8.195324E+00 
1.482750E-01 7.121145E-03 3.292028E-01 1.787496E-01 -1.502773E+00 5.907880E-01 -1.801042E-01 9.711307E-01 2.835820E-02 1.411200E-03 3.850530E+00 8.942295E+00 
1.852090E-01 5.609634E-03 3.353850E-01 1.801261E-01 -1.429399E+00 5.923975E-01 -1.649079E-01 9.342371E-01 2.654182E-02 8.118097E-04 4.157580E+00 8.610556E+00 
1.716949E-01 4.363784E-03 3.029732E-01 1.869120E-01 -1.373723E+00 5.744162E-01 -1.174268E-01 9.452066E-01 2.983140E-02 5.961056E-04 4.231543E+00 9.374632E+00 
1.687520E-01 4.430026E-03 3.246549E-01 1.835957E-01 -1.251434E+00 5.799841E-01 -1.554330E-01 9.318109E-01 2.740919E-02 2.701062E-04 4.172138E+00 8.916778E+00 
1.809762E-01 3.606609E-03 3.303578E-01 1.844019E-01 -1.445094E+00 5.735120E-01 -1.329110E-01 9.283142E-01 2.720850E-02 4.390497E-04 4.386877E+00 8.414820E+00 
1.810962E-01 4.493153E-03 3.076000E-01 1.802801E-01 -1.414407E+00 5.855062E-01 -1.602273E-01 9.620744E-01 2.819858E-02 2.848014E-04 3.638071E+00 8.397362E+00 
1.663597E-01 4.208440E-03 3.292592E-01 1.843171E-01 -1.360084E+00 5.784929E-01 -1.238333E-01 9.549689E-01 2.767456E-02 8.383781E-04 3.912724E+00 8.294776E+00 
1.695435E-01 3.985431E-03 3.315566E-01 1.833520E-01 -1.432615E+00 5.846308E-01 -1.564932E-01 9.813909E-01 2.600235E-02 5.218000E-04 4.055790E+00 8.594495E+00 
1.766363E-01 3.224389E-03 3.310303E-01 1.867409E-01 -1.382585E+00 5.925708E-01 -1.464056E-01 9.087649E-01 2.812291E-02 4.140266E-05 4.102437E+00 8.683308E+00 
1.724853E-01 5.188212E-03 3.126629E-01 1.775455E-01 -1.394944E+00 5.784261E-01 -1.292527E-01 9.173133E-01 2.669082E-02 2.759108E-04 4.259375E+00 9.346170E+00 
1.742685E-01 7.130516E-03 3.361460E-01 1.829677E-01 -1.409208E+00 5.794488E-01 -1.094197E-01 9.579378E-01 2.728592E-02 5.590941E-04 4.014585E+00 7.907433E+00 
1.685109E-01 4.919420E-03 3.368272E-01 1.864361E-01 -1.390379E+00 5.730219E-01 -1.243556E-01 9.371537E-01 2.707930E-02 7.211077E-04 4.197194E+00 8.542154E+00 
1.631145E-01 4.680172E-03 3.107121E-01 1.790860E-01 -1.381639E+00 5.811914E-01 -1.254151E-01 9.482766E-01 2.952979E-02 4.822246E-04 4.066099E+00 8.994714E+00 
1.584098E-01 4.861772E-03 3.396755E-01 1.831791E-01 -1.379778E+00 5.893217E-01 -1.685981E-01 9.747112E-01 2.655487E-02 5.342336E-04 4.146630E+00 8.497518E+00 
1.870603E-01 5.318566E-03 3.285163E-01 1.846712E-01 -1.383350E+00 5.949652E-01 -9.960613E-02 9.622354E-01 2.842706E-02 5.319269E-04 4.064991E+00 9.185093E+00 
1.592931E-01 5.489750E-03 3.180885E-01 1.845737E-01 -1.398441E+00 5.797838E-01 -1.084293E-01 1.017925E+00 2.787005E-02 1.692293E-04 4.012218E+00 8.633732E+00 
1.744487E-01 5.889185E-03 3.324654E-01 1.831926E-01 -1.388198E+00 5.900790E-01 -1.298829E-01 9.259522E-01 3.077422E-02 5.869674E-04 3.660890E+00 8.076371E+00 
1.763087E-01 5.106548E-03 3.233361E-01 1.837137E-01 -1.369880E+00 5.849953E-01 -1.468139E-01 9.203306E-01 2.813154E-02 5.336333E-04 4.109462E+00 8.956278E+00 
1.753323E-01 4.412022E-03 3.421856E-01 1.830915E-01 -1.442990E+00 5.904331E-01 -1.290777E-01 9.378644E-01 2.682354E-02 4.417289E-04 4.260937E+00 8.667288E+00 
1.755498E-01 4.675720E-03 3.261214E-01 1.808925E-01 -1.443758E+00 5.856046E-01 -1.823482E-01 9.462477E-01 2.886687E-02 4.466441E-04 4.353878E+00 9.020565E+00 
1.774052E-01 5.926695E-03 3.062160E-01 1.798534E-01 -1.362245E+00 5.809752E-01 -1.067918E-01 9.435205E-01 2.876215E-02 1.056464E-03 4.229915E+00 8.325503E+00 
1.836103E-01 4.308103E-03 3.243204E-01 1.857779E-01 -1.386506E+00 5.937890E-01 -1.202938E-01 9.165378E-01 2.772349E-02 6.371010E-04 3.866320E+00 8.399638E+00 
1.698585E-01 4.713324E-03 3.201525E-01 1.823990E-01 -1.371403E+00 5.787171E-01 -1.263432E-01 9.796635E-01 2.740984E-02 0.000000E+00 3.926163E+00 8.330875E+00 
1.613936E-01 4.853590E-03 3.085332E-01 1.817672E-01 -1.421542E+00 5.925692E-01 -1.445433E-01 9.431120E-01 2.771944E-02 5.991396E-04 4.201494E+00 9.585143E+00 
1.777786E-01 5.920427E-03 3.414759E-01 1.846728E-01 -1.409835E+00 5.943730E-01 -1.615782E-01 9.379946E-01 2.731810E-02 9.489222E-04 3.960008E+00 9.028614E+00 
1.698039E-01 3.496902E-03 3.237577E-01 1.822961E-01 -1.405796E+00 5.823599E-01 -1.513128E-01 9.533561E-01 2.780020E-02 5.824239E-04 3.833328E+00 8.980933E+00 
1.652948E-01 4.102724E-03 3.395878E-01 1.805119E-01 -1.331890E+00 5.835381E-01 -1.387819E-01 9.287537E-01 2.734509E-02 5.768279E-04 3.749737E+00 8.866238E+00 
1.742694E-01 5.481896E-03 3.283607E-01 1.813329E-01 -1.373894E+00 5.757592E-01 -1.328809E-01 9.653032E-01 2.739313E-02 4.265456E-04 4.525350E+00 8.408827E+00 
1.639197E-01 4.578156E-03 3.458488E-01 1.830046E-01 -1.314816E+00 5.963368E-01 -1.504735E-01 9.564566E-01 2.709577E-02 3.256347E-04 4.468439E+00 8.213841E+00 
1.694621E-01 6.468859E-03 3.241797E-01 1.827243E-01 -1.295835E+00 5.940708E-01 -1.758493E-01 9.578066E-01 2.438475E-02 3.762662E-04 3.838973E+00 9.087901E+00 
1.681373E-01 4.705996E-03 3.399318E-01 1.855044E-01 -1.369916E+00 5.907641E-01 -1.853318E-01 9.722920E-01 2.793129E-02 1.298674E-03 4.289633E+00 8.256998E+00 
1.670498E-01 6.361328E-03 3.477208E-01 1.850721E-01 -1.409445E+00 5.960361E-01 -1.938062E-01 9.582232E-01 2.719937E-02 3.989014E-04 4.263377E+00 8.237322E+00 
1.765376E-01 7.718035E-03 3.342963E-01 1.914101E-01 -1.331418E+00 5.966385E-01 -1.507037E-01 9.621748E-01 3.132764E-02 9.565563E-04 4.349247E+00 8.872569E+00 
1.684484E-01 4.412363E-03 3.237845E-01 1.841831E-01 -1.389672E+00 5.831893E-01 -1.176900E-01 1.038741E+00 2.779721E-02 6.746158E-04 3.761011E+00 9.644478E+00 
1.727408E-01 5.760946E-03 3.107641E-01 1.820037E-01 -1.402175E+00 5.925275E-01 -1.780102E-01 9.395971E-01 2.831519E-02 9.683078E-04 4.024198E+00 8.466604E+00 
1.839621E-01 5.691825E-03 3.427860E-01 1.823140E-01 -1.398236E+00 5.977981E-01 -1.774652E-01 9.169705E-01 2.737017E-02 5.225262E-04 4.115853E+00 8.714751E+00 
1.624696E-01 4.199384E-03 3.335179E-01 1.789014E-01 -1.359555E+00 5.914314E-01 -1.493997E-01 9.625774E-01 2.907905E-02 8.339436E-04 3.799801E+00 8.696159E+00 
1.730209E-01 4.336132E-03 3.280835E-01 1.821686E-01 -1.401236E+00 5.753302E-01 -1.195283E-01 9.141010E-01 2.894030E-02 5.809764E-04 3.839983E+00 9.109107E+00 
1.642872E-01 3.693294E-03 3.156793E-01 1.816983E-01 -1.374376E+00 5.749428E-01 -1.434617E-01 9.889411E-01 2.604559E-02 8.558340E-04 3.910512E+00 9.010005E+00 
1.736397E-01 4.653235E-03 3.308074E-01 1.827661E-01 -1.454481E+00 5.813922E-01 -1.713920E-01 9.567469E-01 2.736309E-02 6.941876E-04 4.012254E+00 8.110938E+00 
1.763487E-01 6.124478E-03 3.091758E-01 1.852135E-01 -1.371505E+00 5.804257E-01 -1.146945E-01 9.680903E-01 2.670069E-02 7.919552E-04 3.933498E+00 8.772248E+00 
1.857773E-01 6.115087E-03 3.230763E-01 1.877284E-01 -1.416705E+00 5.796540E-01 -1.484292E-01 9.025486E-01 2.813385E-02 3.304351E-04 4.499253E+00 8.389535E+00 
1.777213E-01 5.168262E-03 3.124488E-01 1.873812E-01 -1.368661E+00 5.860892E-01 -1.308750E-01 9.386194E-01 2.908304E-02 3.721547E-04 3.868066E+00 8.926227E+00 
1.814237E-01 1.606526E-03 3.238752E-01 1.831256E-01 -1.465768E+00 5.945334E-01 -1.573304E-01 8.660813E-01 2.610490E-02 1.571315E-03 3.890260E+00 8.657670E+00 
1.549028E-01 5.132671E-03 3.175280E-01 1.876807E-01 -1.408250E+00 5.917866E-01 -1.220883E-01 1.003665E+00 2.753197E-02 2.813020E-04 3.996670E+00 8.630717E+00 
1.782336E-01 9.630107E-03 3.340107E-01 1.861884E-01 -1.408978E+00 5.691939E-01 -1.348947E-01 9.620046E-01 2.651887E-02 6.546376E-04 4.328347E+00 8.926716E+00 
1.742471E-01 7.633750E-03 3.412471E-01 1.868415E-01 -1.353546E+00 5.960272E-01 -1.802103E-01 9.624083E-01 2.681134E-02 5.754828E-04 4.371315E+00 8.727856E+00 
1.834061E-01 8.914488E-03 3.302217E-01 1.815283E-01 -1.437028E+00 5.905643E-01 -1.332170E-01 8.970699E-01 2.757300E-02 8.245261E-04 4.422361E+00 8.781134E+00 
1.654648E-01 3.827239E-03 3.139113E-01 1.850483E-01 -1.422792E+00 5.789231E-01 -1.237778E-01 9.887427E-01 2.778656E-02 5.785510E-04 4.253247E+00 8.308512E+00 
1.842505E-01 4.550898E-03 3.017907E-01 1.803605E-01 -1.376572E+00 5.854774E-01 -1.377875E-01 9.600216E-01 2.862029E-02 9.477179E-04 4.100348E+00 8.818367E+00 
1.659929E-01 4.336360E-03 3.361992E-01 1.821002E-01 -1.368522E+00 6.000000E-01 -1.055784E-01 9.078526E-01 2.692991E-02 1.165375E-03 4.136226E+00 9.565146E+00 
1.735729E-01 4.849231E-03 3.401410E-01 1.836776E-01 -1.431869E+00 5.810679E-01 -1.169309E-01 9.342662E-01 2.758517E-02 1.692868E-03 4.365342E+00 9.315111E+00 
1.769582E-01 1.080321E-02 3.248061E-01 1.851761E-01 -1.399818E+00 5.876949E-01 -1.454849E-01 9.508561E-01 2.509439E-02 1.352528E-03 3.997487E+00 9.204117E+00 
1.698077E-01 3.985553E-03 3.120922E-01 1.833818E-01 -1.383353E+00 5.852384E-01 -1.215178E-01 9.976350E-01 2.901484E-02 6.312957E-04 4.320503E+00 9.062203E+00 
1.684438E-01 1.035669E-02 3.285010E-01 1.672871E-01 -1.431914E+00 5.605159E-01 -1.123392E-01 9.667528E-01 3.014379E-02 7.670800E-04 4.003100E+00 9.908885E+00 
1.708901E-01 4.180942E-03 3.305277E-01 1.832841E-01 -1.398976E+00 5.887073E-01 -1.333172E-01 9.789656E-01 2.988361E-02 6.598768E-04 3.417498E+00 9.130650E+00 
1.698026E-01 4.321640E-03 3.271723E-01 1.793576E-01 -1.439287E+00 5.873583E-01 -1.240512E-01 9.076944E-01 2.745895E-02 4.928014E-04 3.883183E+00 8.931995E+00 
1.697716E-01 4.944932E-03 3.231375E-01 1.844104E-01 -1.332093E+00 5.868730E-01 -1.263577E-01 9.341064E-01 2.857576E-02 4.590088E-04 4.051104E+00 8.571376E+00 
1.639148E-01 6.121032E-03 3.314982E-01 1.856690E-01 -1.432882E+00 5.834125E-01 -1.129777E-01 1.000123E+00 2.502009E-02 4.278182E-04 4.123426E+00 9.188772E+00 
1.844679E-01 4.517381E-03 3.202244E-01 1.785634E-01 -1.446680E+00 5.880048E-01 -1.300193E-01 9.437238E-01 2.866020E-02 2.165000E-04 4.061927E+00 8.939507E+00 
1.735880E-01 5.137628E-03 3.428382E-01 1.846110E-01 -1.380076E+00 5.904749E-01 -1.197157E-01 9.573511E-01 2.728367E-02 1.010199E-03 3.966877E+00 8.780687E+00 
1.696553E-01 4.533697E-03 3.099802E-01 1.823589E-01 -1.356807E+00 5.874864E-01 -1.154286E-01 9.513413E-01 2.879348E-02 9.100553E-04 4.089209E+00 8.767866E+00 
1.632116E-01 6.082917E-03 3.311976E-01 1.791184E-01 -1.439461E+00 5.910742E-01 -2.000000E-01 9.505057E-01 2.941430E-02 6.320200E-04 3.913606E+00 8.361214E+00 
1.550836E-01 5.866521E-03 3.502920E-01 1.842640E-01 -1.462837E+00 5.824102E-01 -1.328423E-01 9.545582E-01 3.035494E-02 4.839244E-04 4.031970E+00 8.742419E+00 
1.738033E-01 6.064248E-03 3.439615E-01 1.874397E-01 -1.368542E+00 5.860842E-01 -1.166010E-01 9.499837E-01 2.744272E-02 1.737514E-03 4.193735E+00 9.713441E+00 
1.656133E-01 5.441984E-03 3.163819E-01 1.838862E-01 -1.374482E+00 5.790580E-01 -1.560800E-01 9.210076E-01 2.762706E-02 1.024707E-03 4.272861E+00 8.686795E+00 
1.642962E-01 4.472113E-03 3.233315E-01 1.811371E-01 -1.550661E+00 5.842809E-01 -1.450807E-01 9.816493E-01 2.882164E-02 7.404702E-04 4.055724E+00 9.254887E+00 
1.720240E-01 4.516261E-03 3.256720E-01 1.780596E-01 -1.391163E+00 5.821293E-01 -1.254129E-01 9.362510E-01 2.784285E-02 0.000000E+00 4.105816E+00 8.302364E+00 
1.713404E-01 5.972613E-03 3.221602E-01 1.731262E-01 -1.431148E+00 5.844814E-01 -1.309991E-01 9.913045E-01 2.777928E-02 1.143428E-03 4.220762E+00 8.190850E+00 
1.729164E-01 4.425614E-03 3.329023E-01 1.802926E-01 -1.410358E+00 5.928269E-01 -1.358963E-01 9.412624E-01 3.000324E-02 8.074689E-05 3.988282E+00 8.298208E+00 
1.849165E-01 6.437410E-03 3.228391E-01 1.856085E-01 -1.425181E+00 5.891211E-01 -1.522535E-01 9.792176E-01 2.731210E-02 4.395265E-04 4.305462E+00 8.811414E+00 
1.686262E-01 5.263074E-03 3.186487E-01 1.848222E-01 -1.402970E+00 5.779787E-01 -1.784799E-01 9.686050E-01 2.802361E-02 8.889491E-04 3.956402E+00 8.619841E+00 
1.706547E-01 4.832749E-03 3.288439E-01 1.826237E-01 -1.523082E+00 5.829959E-01 -1.272332E-01 9.150914E-01 2.762096E-02 5.555954E-04 4.162536E+00 8.912831E+00 
1.772013E-01 5.556536E-03 3.168945E-01 1.823283E-01 -1.368845E+00 5.882740E-01 -1.340314E-01 9.465137E-01 2.445118E-02 6.033997E-04 3.809038E+00 8.660157E+00 
1.756572E-01 4.387026E-03 3.404193E-01 1.842860E-01 -1.390312E+00 5.829149E-01 -1.031134E-01 9.548080E-01 2.628597E-02 4.781042E-04 4.334171E+00 9.251721E+00 
1.648284E-01 4.948442E-03 3.247835E-01 1.777644E-01 -1.388645E+00 5.821195E-01 -1.079178E-01 9.945724E-01 2.889674E-02 5.205746E-04 3.944849E+00 8.816668E+00 
1.978727E-01 3.912309E-03 3.344708E-01 1.809918E-01 -1.344067E+00 5.894981E-01 -1.635646E-01 9.785242E-01 2.581476E-02 5.852014E-04 4.289800E+00 8.630496E+00 
1.742994E-01 5.192766E-03 3.260222E-01 1.871115E-01 -1.382569E+00 5.790848E-01 -1.477745E-01 8.956322E-01 2.840238E-02 8.307284E-04 4.246160E+00 9.414858E+00 
1.677989E-01 4.947082E-03 3.147149E-01 1.794655E-01 -1.366651E+00 5.867715E-01 -1.790298E-01 9.344493E-01 2.724662E-02 8.649069E-04 4.141126E+00 8.960253E+00 
1.753692E-01 7.994592E-03 3.312844E-01 1.821523E-01 -1.373867E+00 5.961740E-01 -1.419843E-01 9.809305E-01 2.757470E-02 4.522362E-04 4.111691E+00 9.071565E+00 
1.680567E-01 4.647935E-03 3.139330E-01 1.864063E-01 -1.494437E+00 5.865990E-01 -1.239802E-01 9.346222E-01 2.819493E-02 1.059013E-03 4.252162E+00 8.883233E+00 
1.726744E-01 5.318774E-03 3.421311E-01 1.833451E-01 -1.367056E+00 5.975635E-01 -1.422958E-01 9.455151E-01 3.031289E-02 7.102599E-04 4.129353E+00 8.368013E+00 
1.796324E-01 3.226814E-03 3.217896E-01 1.827811E-01 -1.331377E+00 5.865801E-01 -1.259441E-01 9.632653E-01 2.798987E-02 1.234112E-03 4.443717E+00 8.881995E+00 
1.664164E-01 5.288856E-03 3.285503E-01 1.839661E-01 -1.459907E+00 5.945065E-01 -1.240482E-01 9.523394E-01 2.751999E-02 5.044035E-04 4.212709E+00 8.711436E+00 
1.850025E-01 5.592182E-03 3.402249E-01 1.804441E-01 -1.442484E+00 5.845610E-01 -1.293889E-01 9.344530E-01 2.745873E-02 9.676117E-04 4.192536E+00 8.124048E+00 
1.718621E-01 4.705075E-03 3.184891E-01 1.844276E-01 -1.404689E+00 5.875109E-01 -1.400441E-01 8.966896E-01 3.215800E-02 4.974803E-04 4.220821E+00 9.195802E+00 
1.760878E-01 5.865864E-03 3.253412E-01 1.802142E-01 -1.504900E+00 5.916938E-01 -1.547061E-01 9.498267E-01 2.705245E-02 8.634545E-04 4.519305E+00 8.825690E+00 
1.800842E-01 7.339300E-03 3.364301E-01 1.852499E-01 -1.444372E+00 5.892429E-01 -1.550386E-01 9.487559E-01 2.849288E-02 8.673604E-04 3.960895E+00 8.624872E+00 
1.859737E-01 5.172582E-03 3.433159E-01 1.868744E-01 -1.444773E+00 5.879085E-01 -1.320688E-01 9.623494E-01 2.840058E-02 4.819444E-04 4.229907E+00 8.388673E+00 
1.651015E-01 4.722469E-03 3.285542E-01 1.831838E-01 -1.419995E+00 5.839498E-01 -1.201233E-01 9.979226E-01 2.910015E-02 4.226035E-04 4.125581E+00 9.079395E+00 
1.780736E-01 3.810247E-03 3.336924E-01 1.847648E-01 -1.313219E+00 5.990134E-01 -1.498768E-01 9.141914E-01 2.764528E-02 9.861158E-04 4.348560E+00 8.622525E+00 
1.857633E-01 5.728973E-03 3.126723E-01 1.861155E-01 -1.461918E+00 6.000000E-01 -1.663258E-01 9.479839E-01 2.722379E-02 9.598442E-04 4.144418E+00 8.457758E+00 
1.856860E-01 4.860571E-03 3.345573E-01 1.863917E-01 -1.425668E+00 5.799632E-01 -1.533399E-01 9.396658E-01 2.668491E-02 5.980282E-04 3.840861E+00 8.785517E+00 
1.672523E-01 4.149298E-03 3.141903E-01 1.831082E-01 -1.419750E+00 5.733910E-01 -1.165376E-01 9.504737E-01 2.879750E-02 6.223495E-04 4.180953E+00 8.373721E+00 
1.790565E-01 4.090390E-03 3.298483E-01 1.861809E-01 -1.407855E+00 5.824250E-01 -1.123294E-01 9.411209E-01 2.738802E-02 3.134807E-04 4.391118E+00 9.065494E+00 
1.690936E-01 4.458753E-03 3.206980E-01 1.851549E-01 -1.434149E+00 5.659142E-01 -1.206010E-01 9.649549E-01 3.079191E-02 4.759016E-04 3.971880E+00 8.995399E+00 
1.877728E-01 5.286968E-03 3.319364E-01 1.772516E-01 -1.362081E+00 5.890869E-01 -1.269528E-01 8.989037E-01 2.721156E-02 5.108321E-04 3.995205E+00 9.221251E+00 
1.717590E-01 5.996626E-03 3.222497E-01 1.827441E-01 -1.375511E+00 5.825517E-01 -1.175731E-01 9.770824E-01 2.741184E-02 9.404030E-04 4.431946E+00 9.082408E+00 
1.752265E-01 3.426382E-03 3.318621E-01 1.888871E-01 -1.491413E+00 5.810720E-01 -1.472649E-01 8.875880E-01 2.522847E-02 1.275552E-03 4.184093E+00 8.910412E+00 
1.748087E-01 5.515224E-03 3.297116E-01 1.854645E-01 -1.392612E+00 5.827096E-01 -1.200528E-01 9.254518E-01 2.505169E-02 3.634367E-04 4.097241E+00 8.455610E+00 
1.721802E-01 4.485547E-03 3.329952E-01 1.858658E-01 -1.390750E+00 5.874078E-01 -1.193554E-01 9.581176E-01 2.685426E-02 8.327964E-04 3.902327E+00 8.445044E+00 
1.772248E-01 3.987280E-03 3.269175E-01 1.779114E-01 -1.430433E+00 5.866793E-01 -1.216409E-01 9.474163E-01 2.746886E-02 4.396288E-04 4.105354E+00 8.909851E+00 
1.747886E-01 5.466908E-03 3.469832E-01 1.808217E-01 -1.368377E+00 5.844228E-01 -1.432910E-01 9.518498E-01 2.731391E-02 1.221574E-03 3.887669E+00 9.446559E+00 
1.773549E-01 3.083767E-03 3.276228E-01 1.885204E-01 -1.398142E+00 5.905300E-01 -1.400011E-01 9.316033E-01 2.708162E-02 5.382405E-04 3.374482E+00 8.942757E+00 
1.905915E-01 4.370515E-03 3.258886E-01 1.820024E-01 -1.495471E+00 5.868118E-01 -1.473268E-01 9.330599E-01 2.521050E-02 3.333696E-04 4.321537E+00 8.759963E+00 
1.546545E-01 7.668262E-03 3.470958E-01 1.771240E-01 -1.336263E+00 2.637473E-01 -9.699092E-02 9.479421E-01 3.003457E-02 4.403117E-03 4.023451E+00 1.199758E+01 
1.677017E-01 6.344061E-03 3.173504E-01 1.827492E-01 -1.276767E+00 5.369297E-01 -1.270693E-01 9.485692E-01 2.860681E-02 4.954788E-03 4.229226E+00 9.304227E+00 
1.627569E-01 5.179791E-03 3.199607E-01 1.827683E-01 -1.385215E+00 5.815469E-01 -1.189603E-01 9.581050E-01 2.806074E-02 1.261927E-03 4.070134E+00 8.867837E+00 
1.742161E-01 4.105870E-03 3.354402E-01 1.848020E-01 -1.399337E+00 5.919182E-01 -1.804113E-01 9.477652E-01 2.813027E-02 1.432504E-03 4.283504E+00 8.746585E+00 
1.782045E-01 5.014449E-03 3.403357E-01 1.860864E-01 -1.444061E+00 5.971213E-01 -1.478193E-01 9.288900E-01 2.615816E-02 3.681570E-04 4.144467E+00 8.616665E+00 
1.661883E-01 5.549472E-03 3.148153E-01 1.858000E-01 -1.408485E+00 5.778042E-01 -1.183049E-01 9.694334E-01 2.686782E-02 1.130398E-03 4.289178E+00 8.726896E+00 
1.820020E-01 8.348326E-03 3.410735E-01 1.916818E-01 -1.376254E+00 5.912218E-01 -1.742626E-01 9.334568E-01 2.494951E-02 6.167342E-04 3.908443E+00 9.055535E+00 
1.720624E-01 5.938805E-03 3.273502E-01 1.779008E-01 -1.348535E+00 5.761401E-01 -1.324718E-01 9.712564E-01 2.865282E-02 7.731483E-04 4.362374E+00 8.626093E+00 
1.905075E-01 4.560574E-03 3.181806E-01 1.820837E-01 -1.352201E+00 5.946817E-01 -1.613014E-01 9.752875E-01 2.875615E-02 5.716223E-04 4.027563E+00 8.725660E+00 
1.764034E-01 4.661925E-03 3.371946E-01 1.876976E-01 -1.498918E+00 5.874897E-01 -1.266096E-01 9.364920E-01 2.746384E-02 7.746506E-04 4.160900E+00 9.196423E+00 
1.747853E-01 6.778407E-03 3.221914E-01 1.841308E-01 -1.406289E+00 5.900691E-01 -1.382091E-01 9.069296E-01 2.602772E-02 1.057732E-03 3.983486E+00 9.423647E+00 
1.638726E-01 4.835695E-03 3.537605E-01 1.879740E-01 -1.436011E+00 5.819532E-01 -1.523544E-01 9.477725E-01 2.665292E-02 7.838006E-04 4.348599E+00 9.198271E+00 
1.663571E-01 4.935727E-03 3.527951E-01 1.850752E-01 -1.396641E+00 5.902669E-01 -1.777686E-01 9.056844E-01 2.373740E-02 1.018914E-03 3.918373E+00 8.823592E+00 
1.832598E-01 4.937554E-03 3.205863E-01 1.846589E-01 -1.404483E+00 5.801699E-01 -1.707878E-01 9.514942E-01 2.831566E-02 7.459319E-04 4.288552E+00 8.503632E+00 
1.728634E-01 5.015175E-03 3.286459E-01 1.838218E-01 -1.375435E+00 5.960257E-01 -1.331346E-01 9.777949E-01 2.666012E-02 5.280306E-04 4.388017E+00 8.412161E+00 
1.784294E-01 4.007711E-03 3.265029E-01 1.836847E-01 -1.390124E+00 5.956716E-01 -1.344600E-01 9.444797E-01 2.822058E-02 9.248652E-04 4.045969E+00 8.792942E+00 
1.761532E-01 5.470765E-03 3.436855E-01 1.824229E-01 -1.441127E+00 5.904477E-01 -1.570210E-01 9.511554E-01 2.589327E-02 4.675793E-04 4.101011E+00 9.102090E+00 
1.713545E-01 4.567766E-03 3.217067E-01 1.878572E-01 -1.371657E+00 5.859124E-01 -1.368953E-01 9.807649E-01 2.865626E-02 8.885321E-04 4.150063E+00 8.571133E+00 
1.655483E-01 5.978285E-03 3.302916E-01 1.813257E-01 -1.381426E+00 5.875807E-01 -1.605211E-01 9.378814E-01 2.769208E-02 6.982376E-04 3.792061E+00 8.327367E+00 
1.771001E-01 4.748985E-03 3.296678E-01 1.860195E-01 -1.482712E+00 5.954091E-01 -1.416353E-01 9.498998E-01 2.739893E-02 4.184078E-04 4.201406E+00 8.601101E+00 
1.757613E-01 7.041526E-03 3.566067E-01 1.782653E-01 -1.386178E+00 5.988937E-01 -1.781701E-01 9.735023E-01 2.589381E-02 3.069208E-04 3.737823E+00 9.056305E+00 
1.827477E-01 4.446629E-03 3.429230E-01 1.844959E-01 -1.391721E+00 5.884059E-01 -1.701985E-01 9.869160E-01 2.814500E-02 2.811711E-04 4.435004E+00 9.015732E+00 
1.691149E-01 5.857376E-03 3.181503E-01 1.784358E-01 -1.396669E+00 5.761689E-01 -1.075349E-01 9.672161E-01 2.683603E-02 1.195524E-03 4.255670E+00 9.711819E+00 
1.797343E-01 5.766829E-03 3.369328E-01 1.864426E-01 -1.339307E+00 6.000000E-01 -1.784609E-01 9.524441E-01 2.684382E-02 6.010258E-04 4.364176E+00 8.129262E+00 
1.891496E-01 5.353095E-03 3.400925E-01 1.900434E-01 -1.543213E+00 5.843959E-01 -1.467018E-01 9.232384E-01 2.747443E-02 5.109557E-04 4.775224E+00 9.002046E+00 
1.678354E-01 7.905865E-03 3.211092E-01 1.807846E-01 -1.357415E+00 5.804933E-01 -1.477322E-01 9.605017E-01 2.706088E-02 6.118068E-04 4.028862E+00 8.598006E+00 
1.581082E-01 2.792562E-03 3.272487E-01 1.833959E-01 -1.411852E+00 5.908619E-01 -1.512114E-01 9.637044E-01 2.768428E-02 7.672885E-04 4.165481E+00 8.562963E+00 
1.162620E-01 7.265266E-02 3.283484E-01 1.850726E-01 -1.347553E+00 2.498794E-01 -9.441980E-02 1.043051E+00 2.764923E-02 4.927056E-03 3.819536E+00 8.595038E+00 
1.798874E-01 7.570413E-03 3.116953E-01 1.798590E-01 -1.362257E+00 5.806568E-01 -1.498991E-01 9.363221E-01 2.823257E-02 3.355779E-04 4.337895E+00 8.677192E+00 
1.591477E-01 4.854048E-03 3.380561E-01 1.788947E-01 -1.405526E+00 5.823216E-01 -1.261445E-01 9.501709E-01 2.720542E-02 1.894439E-04 4.455508E+00 8.430184E+00 
1.662889E-01 3.969660E-03 3.297372E-01 1.848098E-01 -1.405501E+00 5.858910E-01 -1.590940E-01 9.402279E-01 2.877016E-02 1.301313E-03 4.198306E+00 8.764115E+00 
1.827847E-01 5.073730E-03 3.287465E-01 1.801167E-01 -1.371639E+00 5.829934E-01 -1.129831E-01 9.485947E-01 2.696444E-02 6.071726E-04 4.000295E+00 8.500194E+00 
1.588400E-01 4.755875E-03 3.274053E-01 1.828730E-01 -1.444146E+00 5.830135E-01 -9.503759E-02 1.010704E+00 2.754648E-02 5.380869E-04 4.380070E+00 9.428182E+00 
1.656617E-01 4.811302E-03 3.485302E-01 1.814453E-01 -1.383076E+00 5.876385E-01 -1.658605E-01 9.299897E-01 3.014131E-02 1.352383E-03 4.191676E+00 8.457673E+00 
1.680651E-01 7.935670E-04 3.384575E-01 1.835768E-01 -1.463758E+00 5.961113E-01 -1.431106E-01 8.907451E-01 2.746652E-02 9.556645E-04 4.214323E+00 9.127655E+00 
1.782929E-01 3.800374E-03 3.201289E-01 1.830938E-01 -1.344443E+00 5.913948E-01 -1.483355E-01 9.410753E-01 2.906541E-02 2.919006E-04 3.956578E+00 8.694065E+00 
1.722042E-01 5.346806E-03 3.270886E-01 1.813918E-01 -1.481230E+00 5.985153E-01 -1.665316E-01 9.503075E-01 2.716608E-02 3.483536E-04 4.162313E+00 9.008659E+00 
1.770221E-01 5.948311E-03 3.366509E-01 1.865944E-01 -1.421226E+00 5.925369E-01 -1.156095E-01 9.071513E-01 2.814347E-02 7.105785E-04 4.034837E+00 8.959799E+00 
1.554295E-01 6.815862E-03 3.239164E-01 1.825330E-01 -1.486878E+00 5.893739E-01 -1.845454E-01 9.478239E-01 2.727660E-02 5.789293E-04 4.214309E+00 8.545532E+00 
1.638468E-01 5.666754E-03 3.263180E-01 1.851131E-01 -1.454783E+00 5.951778E-01 -1.193076E-01 9.330874E-01 2.766995E-02 3.183641E-04 4.325953E+00 9.098922E+00 
1.696787E-01 5.900726E-03 3.086879E-01 1.826241E-01 -1.383232E+00 5.750044E-01 -1.324656E-01 9.646676E-01 2.817069E-02 8.784645E-04 3.930112E+00 8.467550E+00 
1.420286E-01 3.097214E-02 3.256122E-01 1.738124E-01 -1.407801E+00 4.641121E-01 -9.210728E-02 9.847571E-01 2.849297E-02 3.155070E-03 3.794455E+00 8.758109E+00 
1.639101E-01 7.050727E-03 3.326151E-01 1.760562E-01 -1.446078E+00 5.692998E-01 -1.358932E-01 9.103552E-01 2.853389E-02 9.477848E-04 4.157857E+00 8.999484E+00 
1.629247E-01 4.734224E-03 3.311694E-01 1.811714E-01 -1.406291E+00 5.862726E-01 -1.466404E-01 9.412382E-01 2.769553E-02 1.372167E-03 4.063517E+00 8.335202E+00 
1.842642E-01 4.709326E-03 3.147957E-01 1.813845E-01 -1.343081E+00 5.909584E-01 -1.788754E-01 9.597274E-01 2.786754E-02 5.752510E-04 3.989963E+00 8.595410E+00 
1.661672E-01 3.038868E-03 3.227743E-01 1.843989E-01 -1.365812E+00 5.729696E-01 -1.496762E-01 9.515699E-01 2.777815E-02 9.340935E-04 4.288266E+00 8.681226E+00 
1.755273E-01 4.314143E-03 3.281380E-01 1.818002E-01 -1.441997E+00 5.828464E-01 -1.498511E-01 1.023695E+00 2.758564E-02 5.853937E-04 4.238489E+00 9.033390E+00 
1.790537E-01 3.698188E-03 3.103656E-01 1.868365E-01 -1.422038E+00 5.810747E-01 -1.269878E-01 9.992923E-01 2.851333E-02 2.280300E-04 3.992369E+00 8.864785E+00 
1.843629E-01 4.929886E-03 3.175818E-01 1.757879E-01 -1.463520E+00 5.733713E-01 -1.482195E-01 9.418100E-01 2.770472E-02 3.880975E-04 3.908686E+00 8.948639E+00 
1.626285E-01 5.359633E-03 3.251399E-01 1.847166E-01 -1.401735E+00 5.914293E-01 -9.728032E-02 9.770541E-01 2.676609E-02 5.875878E-04 3.869445E+00 9.468905E+00 
1.767026E-01 5.203050E-03 3.164788E-01 1.863653E-01 -1.442206E+00 5.788850E-01 -1.277851E-01 9.086365E-01 2.916258E-02 4.160793E-04 3.912227E+00 8.423265E+00 
1.706530E-01 5.238798E-03 3.216761E-01 1.854320E-01 -1.378182E+00 5.789854E-01 -1.697002E-01 9.374028E-01 2.820489E-02 3.358700E-04 4.105825E+00 9.060684E+00 
1.765818E-01 6.254800E-03 3.226135E-01 1.848756E-01 -1.357494E+00 5.876577E-01 -1.101590E-01 1.003288E+00 2.773469E-02 6.551203E-04 3.984648E+00 8.603398E+00 
1.724560E-01 3.230061E-03 3.275712E-01 1.815223E-01 -1.478191E+00 5.944117E-01 -1.005525E-01 9.733815E-01 2.718175E-02 5.422348E-04 4.128426E+00 8.558298E+00 
1.681025E-01 4.429207E-03 3.447467E-01 1.746213E-01 -1.376570E+00 5.847886E-01 -1.349398E-01 9.381481E-01 2.668280E-02 9.267660E-04 4.016157E+00 8.656088E+00 
1.798613E-01 6.590470E-03 3.409551E-01 1.847655E-01 -1.386677E+00 5.884709E-01 -1.606007E-01 9.140307E-01 2.626942E-02 8.320936E-04 4.361542E+00 8.428785E+00 
1.700576E-01 8.710017E-03 3.145375E-01 1.802036E-01 -1.403405E+00 5.484891E-01 -1.270774E-01 9.671089E-01 2.771643E-02 1.120228E-03 4.045880E+00 8.457192E+00 
1.773180E-01 5.155243E-03 3.250266E-01 1.830888E-01 -1.433459E+00 5.818600E-01 -1.198274E-01 9.392739E-01 2.744613E-02 2.837438E-04 3.997906E+00 8.515898E+00 
1.744100E-01 6.719193E-03 3.099388E-01 1.851346E-01 -1.418280E+00 5.943332E-01 -1.608597E-01 9.469879E-01 2.687499E-02 6.281964E-04 4.427447E+00 8.613741E+00 
1.817287E-01 4.819527E-03 3.063287E-01 1.848982E-01 -1.304834E+00 5.794177E-01 -1.653652E-01 9.115726E-01 3.043069E-02 9.613713E-04 4.026686E+00 9.250136E+00 
1.788868E-01 6.501779E-03 3.284615E-01 1.871103E-01 -1.354211E+00 5.892323E-01 -1.805995E-01 9.596524E-01 2.525297E-02 1.894835E-04 4.424828E+00 8.946644E+00 
1.652291E-01 7.273315E-03 3.228051E-01 1.816764E-01 -1.395933E+00 5.905487E-01 -1.643285E-01 8.962103E-01 2.689241E-02 7.204612E-04 4.116851E+00 8.798463E+00 
1.797157E-01 5.371225E-03 3.359933E-01 1.835389E-01 -1.315815E+00 5.910307E-01 -1.500566E-01 9.409958E-01 2.786977E-02 9.222163E-04 4.067436E+00 8.843648E+00 
1.842864E-01 3.280688E-03 2.905222E-01 1.832238E-01 -1.381894E+00 5.874908E-01 -1.661297E-01 9.636399E-01 2.668809E-02 7.236044E-04 3.956777E+00 8.111889E+00 
1.775696E-01 4.253340E-03 3.202056E-01 1.794006E-01 -1.389758E+00 5.882870E-01 -1.270462E-01 9.594400E-01 2.838850E-02 5.674415E-04 3.728555E+00 8.526397E+00 
1.792830E-01 4.738708E-03 3.295314E-01 1.871599E-01 -1.393392E+00 5.863308E-01 -1.134860E-01 9.233335E-01 2.861299E-02 4.861946E-04 4.201823E+00 8.228905E+00 
1.841218E-01 1.497572E-03 3.293648E-01 1.861777E-01 -1.504632E+00 5.944345E-01 -1.260997E-01 9.203039E-01 2.740373E-02 8.122080E-04 4.569412E+00 8.687864E+00 
1.747198E-01 5.113817E-03 3.103836E-01 1.850472E-01 -1.399743E+00 5.701298E-01 -1.150938E-01 9.397364E-01 2.864466E-02 8.015423E-04 4.087897E+00 8.443875E+00 
1.814023E-01 3.698826E-03 3.197855E-01 1.823624E-01 -1.350979E+00 5.848919E-01 -1.513063E-01 9.220494E-01 2.864429E-02 9.361164E-04 3.950921E+00 8.924585E+00 
1.804258E-01 5.269468E-03 3.334316E-01 1.846654E-01 -1.363487E+00 5.826217E-01 -1.500289E-01 9.401042E-01 2.926258E-02 2.384013E-04 3.451708E+00 9.396607E+00 
1.748992E-01 5.212725E-03 3.119909E-01 1.835821E-01 -1.375672E+00 5.811660E-01 -1.338282E-01 9.421036E-01 2.891528E-02 8.897239E-04 4.109986E+00 9.189469E+00 
1.800106E-01 6.863715E-03 3.191804E-01 1.802252E-01 -1.469756E+00 5.869908E-01 -1.459723E-01 9.715967E-01 2.763308E-02 2.675067E-04 3.942531E+00 8.907072E+00 
1.736347E-01 5.344195E-03 3.498562E-01 1.804621E-01 -1.373250E+00 5.799842E-01 -1.462003E-01 9.267333E-01 2.732638E-02 4.857599E-04 4.396062E+00 9.154703E+00 
1.851781E-01 5.023893E-03 3.214645E-01 1.817075E-01 -1.450932E+00 5.646490E-01 -1.052950E-01 1.038513E+00 2.730513E-02 7.766830E-04 3.797037E+00 8.474728E+00 
1.716787E-01 5.024186E-03 3.327486E-01 1.851175E-01 -1.221439E+00 5.873869E-01 -1.128123E-01 9.764243E-01 2.779800E-02 9.021962E-04 4.004578E+00 8.697694E+00 
1.698825E-01 3.860158E-03 3.352642E-01 1.797607E-01 -1.335713E+00 5.882010E-01 -1.309784E-01 9.158589E-01 2.740756E-02 8.325038E-04 4.003785E+00 8.075335E+00 
1.736780E-01 4.668953E-03 3.444451E-01 1.843985E-01 -1.387227E+00 5.933517E-01 -1.303497E-01 9.242331E-01 2.682483E-02 4.254650E-04 4.115094E+00 8.578807E+00 
1.703836E-01 4.913277E-03 3.087144E-01 1.822804E-01 -1.362806E+00 5.753490E-01 -1.040007E-01 9.464834E-01 2.997286E-02 8.028069E-04 3.944152E+00 9.030801E+00 
1.585996E-01 6.151182E-03 3.316654E-01 1.858119E-01 -1.381569E+00 5.878639E-01 -1.683160E-01 9.939018E-01 3.100305E-02 1.627644E-03 3.755309E+00 9.442682E+00 
1.743049E-01 6.092949E-03 3.416427E-01 1.825830E-01 -1.412639E+00 5.843434E-01 -1.251820E-01 9.619062E-01 2.738895E-02 7.724042E-04 4.227640E+00 8.952646E+00 
1.726393E-01 5.677809E-03 3.084751E-01 1.845940E-01 -1.374089E+00 5.692040E-01 -1.041069E-01 9.381148E-01 2.841243E-02 8.102340E-04 4.122608E+00 8.772051E+00 
1.595172E-01 5.901732E-03 3.451631E-01 1.814713E-01 -1.418407E+00 5.790164E-01 -1.148421E-01 9.417914E-01 2.746050E-02 4.890416E-04 4.358663E+00 8.511236E+00 
1.831814E-01 5.482323E-03 3.293012E-01 1.833092E-01 -1.379394E+00 5.859066E-01 -2.000000E-01 9.453881E-01 2.842076E-02 1.085520E-03 3.804671E+00 8.582750E+00 
1.682371E-01 4.701424E-03 3.047177E-01 1.831726E-01 -1.376787E+00 5.810252E-01 -7.954306E-02 9.492615E-01 2.862421E-02 7.172959E-04 4.100120E+00 8.670311E+00 
1.817987E-01 4.098966E-03 3.386037E-01 1.860794E-01 -1.402073E+00 5.690514E-01 -1.374093E-01 9.758581E-01 2.814863E-02 5.635256E-04 4.398521E+00 9.068214E+00 
1.703344E-01 4.490378E-03 3.356624E-01 1.803296E-01 -1.411748E+00 5.649427E-01 -1.332440E-01 1.001078E+00 2.338959E-02 6.341973E-04 4.041018E+00 8.765078E+00 
1.745353E-01 4.929782E-03 3.411263E-01 1.848264E-01 -1.488992E+00 5.886654E-01 -1.408676E-01 9.686869E-01 2.748278E-02 1.087911E-03 4.304207E+00 9.133638E+00 
1.732600E-01 5.277732E-03 3.254478E-01 1.789889E-01 -1.416713E+00 5.911492E-01 -1.702730E-01 9.531772E-01 2.851179E-02 8.042507E-04 4.483891E+00 9.229472E+00 
1.669877E-01 4.501065E-03 3.342621E-01 1.797555E-01 -1.365765E+00 5.964339E-01 -1.489596E-01 1.018460E+00 2.595516E-02 3.947421E-04 4.336396E+00 8.600239E+00 
1.832297E-01 4.284759E-03 3.148704E-01 1.830507E-01 -1.448440E+00 5.922736E-01 -1.422895E-01 8.748488E-01 2.677505E-02 1.729394E-04 4.037423E+00 8.390249E+00 
1.640551E-01 4.321168E-03 3.223349E-01 1.804340E-01 -1.344491E+00 5.777114E-01 -9.877194E-02 9.313546E-01 2.802228E-02 4.663993E-04 4.063000E+00 8.608574E+00 
1.709615E-01 4.726883E-03 3.143169E-01 1.836581E-01 -1.392824E+00 5.814208E-01 -1.458855E-01 9.637751E-01 2.821706E-02 6.508659E-04 3.960261E+00 8.556763E+00 
1.686311E-01 5.981691E-03 3.165550E-01 1.846146E-01 -1.489784E+00 5.852958E-01 -1.135510E-01 9.797849E-01 2.729043E-02 1.211406E-04 3.887794E+00 8.985089E+00 
1.720029E-01 4.667350E-03 3.271730E-01 1.824692E-01 -1.380791E+00 5.781954E-01 -1.162895E-01 9.690301E-01 2.831838E-02 8.482202E-04 4.101215E+00 8.641183E+00 
1.724512E-01 4.737307E-03 3.026046E-01 1.790448E-01 -1.440269E+00 5.852510E-01 -1.696923E-01 9.584598E-01 2.750666E-02 1.302578E-03 4.309395E+00 8.886064E+00 
1.681337E-01 5.177829E-03 3.338738E-01 1.880922E-01 -1.406650E+00 5.989634E-01 -1.614062E-01 9.669700E-01 2.751025E-02 6.052382E-04 4.305312E+00 8.465779E+00 
1.710476E-01 4.112436E-03 3.166657E-01 1.816088E-01 -1.415370E+00 5.858260E-01 -1.816372E-01 9.532946E-01 2.719955E-02 8.117930E-04 3.991873E+00 8.659128E+00 
1.595279E-01 5.821930E-03 3.090749E-01 1.847318E-01 -1.377886E+00 5.815639E-01 -1.046362E-01 1.012587E+00 2.796915E-02 5.031413E-04 3.696504E+00 8.746272E+00 
1.676876E-01 3.033947E-03 3.363837E-01 1.782140E-01 -1.466751E+00 5.892954E-01 -1.422392E-01 9.838884E-01 2.602337E-02 3.825941E-04 3.854237E+00 8.565622E+00 
1.778296E-01 4.740101E-03 3.133576E-01 1.849092E-01 -1.397272E+00 5.809631E-01 -1.263042E-01 9.947776E-01 2.710090E-02 6.268509E-04 4.273184E+00 7.896140E+00 
1.721607E-01 3.698229E-03 3.508449E-01 1.825553E-01 -1.366745E+00 5.924270E-01 -1.639794E-01 9.192644E-01 2.857919E-02 1.111489E-03 4.016776E+00 9.083062E+00 
1.776627E-01 4.208439E-03 3.486740E-01 1.799778E-01 -1.383826E+00 5.818595E-01 -1.565705E-01 9.503313E-01 3.004113E-02 1.842373E-04 4.085281E+00 9.070726E+00 
1.812256E-01 2.118778E-03 3.239714E-01 1.876226E-01 -1.342516E+00 5.975456E-01 -1.396441E-01 9.119686E-01 2.801825E-02 7.361395E-04 4.158794E+00 9.255177E+00 
1.684974E-01 5.047133E-03 3.163247E-01 1.854986E-01 -1.512427E+00 5.829292E-01 -1.464189E-01 9.510771E-01 2.590450E-02 7.593755E-04 4.352408E+00 8.591847E+00 
1.818123E-01 4.398241E-03 3.152354E-01 1.879876E-01 -1.389716E+00 5.882484E-01 -1.195496E-01 9.621856E-01 2.842296E-02 1.069385E-03 4.191173E+00 9.056990E+00 
1.787387E-01 4.313717E-03 3.232710E-01 1.837809E-01 -1.376794E+00 5.892922E-01 -1.291767E-01 9.546467E-01 2.729330E-02 2.852912E-04 4.373526E+00 8.788885E+00 
1.689940E-01 1.197189E-02 3.481561E-01 1.798533E-01 -1.348433E+00 5.784434E-01 -1.406923E-01 9.767762E-01 2.626025E-02 6.396605E-04 4.234046E+00 9.038745E+00 
1.776666E-01 4.850480E-03 3.445106E-01 1.809993E-01 -1.387645E+00 5.933533E-01 -1.353363E-01 9.637048E-01 2.783262E-02 4.830117E-04 4.246906E+00 9.161305E+00 
1.817905E-01 9.396872E-03 3.494528E-01 1.842226E-01 -1.443069E+00 5.862214E-01 -1.577673E-01 9.352084E-01 2.711408E-02 9.098367E-04 4.023054E+00 9.508756E+00 
1.835853E-01 5.337766E-03 3.308609E-01 1.783520E-01 -1.455386E+00 5.932066E-01 -1.406081E-01 9.475815E-01 2.650244E-02 3.378102E-04 3.670593E+00 9.130229E+00 
1.691972E-01 4.880505E-03 3.548433E-01 1.854229E-01 -1.384941E+00 5.946391E-01 -1.897618E-01 9.340446E-01 2.795039E-02 1.219055E-03 4.018633E+00 8.410236E+00 
1.929245E-01 5.113163E-03 3.441628E-01 1.794495E-01 -1.401313E+00 5.903050E-01 -1.676806E-01 8.593340E-01 2.866058E-02 1.340616E-03 4.258150E+00 9.009146E+00 
1.713230E-01 5.771149E-03 3.536322E-01 1.797432E-01 -1.384862E+00 5.937864E-01 -1.714635E-01 9.259362E-01 2.600661E-02 5.670471E-04 4.139654E+00 8.941688E+00 
1.666989E-01 6.151932E-03 3.376733E-01 1.775806E-01 -1.478111E+00 5.734284E-01 -1.373434E-01 9.120190E-01 2.904986E-02 5.628326E-04 4.233456E+00 9.338800E+00 
1.628569E-01 3.798619E-03 3.206638E-01 1.792094E-01 -1.374414E+00 5.806172E-01 -1.382160E-01 9.022991E-01 3.011706E-02 6.813452E-04 3.553399E+00 8.936079E+00 
1.638246E-01 5.261438E-03 3.352823E-01 1.805978E-01 -1.390720E+00 5.925646E-01 -1.657102E-01 9.456423E-01 2.943483E-02 0.000000E+00 4.069597E+00 8.278429E+00 
1.779367E-01 6.005603E-03 3.352749E-01 1.820317E-01 -1.443392E+00 5.837896E-01 -1.172800E-01 9.422429E-01 2.869201E-02 3.608139E-04 4.116812E+00 8.654592E+00 
1.613213E-01 5.290259E-03 3.090159E-01 1.815748E-01 -1.374787E+00 5.801698E-01 -1.259437E-01 9.318855E-01 2.766494E-02 1.013196E-03 4.148240E+00 8.852629E+00 
1.750148E-01 5.282649E-03 3.311670E-01 1.815506E-01 -1.381505E+00 5.852027E-01 -1.672753E-01 9.113928E-01 2.898899E-02 6.332643E-04 4.143168E+00 8.070477E+00 
1.772737E-01 4.354379E-03 3.267102E-01 1.855456E-01 -1.423404E+00 5.827775E-01 -1.054093E-01 9.655622E-01 2.814979E-02 8.943027E-04 3.796981E+00 9.321593E+00 
1.781540E-01 3.490526E-03 3.427631E-01 1.832390E-01 -1.425682E+00 5.962158E-01 -1.493404E-01 1.002620E+00 2.601558E-02 1.387250E-03 3.873111E+00 8.992525E+00 
1.965390E-01 6.546360E-03 3.432151E-01 1.934473E-01 -1.401912E+00 5.641589E-01 -1.752700E-01 9.439193E-01 2.834332E-02 1.242842E-03 4.732704E+00 9.200171E+00 
1.862071E-01 4.702091E-03 3.320145E-01 1.853383E-01 -1.393107E+00 5.895252E-01 -9.842126E-02 9.338931E-01 2.877686E-02 1.009550E-03 4.182066E+00 8.319734E+00 
1.844890E-01 4.625239E-03 3.357914E-01 1.816129E-01 -1.363058E+00 5.764332E-01 -1.231066E-01 9.485970E-01 2.683706E-02 1.161450E-03 4.100224E+00 9.034681E+00 
1.679660E-01 5.981287E-03 3.441717E-01 1.761358E-01 -1.345374E+00 5.761349E-01 -1.313996E-01 9.395124E-01 2.713257E-02 6.835606E-04 4.018060E+00 8.814754E+00 
1.608392E-01 5.731151E-04 3.296899E-01 1.817995E-01 -1.405537E+00 5.853729E-01 -1.343151E-01 1.001943E+00 3.033141E-02 1.547733E-03 3.879779E+00 8.785962E+00 
1.620794E-01 5.702248E-03 3.259152E-01 1.877096E-01 -1.438340E+00 5.767016E-01 -1.301018E-01 9.499335E-01 2.995545E-02 9.379855E-04 3.998074E+00 8.977468E+00 
1.737123E-01 6.839535E-03 3.520381E-01 1.858616E-01 -1.392461E+00 5.931756E-01 -2.000000E-01 9.755618E-01 2.683967E-02 5.155694E-04 4.274361E+00 8.355797E+00 
1.744431E-01 7.005973E-03 3.467954E-01 1.835809E-01 -1.409589E+00 5.944977E-01 -1.587122E-01 9.668285E-01 2.712752E-02 4.896287E-04 3.980721E+00 8.794998E+00 
1.916602E-01 5.167773E-03 3.455753E-01 1.778424E-01 -1.395188E+00 5.899732E-01 -1.686881E-01 8.330323E-01 2.888649E-02 6.757951E-04 3.981467E+00 8.038186E+00 
1.759551E-01 6.143628E-03 3.095312E-01 1.824113E-01 -1.439969E+00 5.920806E-01 -1.239804E-01 9.174729E-01 2.816823E-02 6.120158E-04 4.154365E+00 9.026709E+00 
1.857436E-01 4.883485E-03 2.909371E-01 1.824942E-01 -1.434659E+00 5.831726E-01 -1.421174E-01 1.001081E+00 2.670559E-02 1.239388E-03 3.955417E+00 9.753191E+00 
1.771358E-01 4.326924E-03 3.247410E-01 1.862188E-01 -1.427280E+00 5.758583E-01 -1.221427E-01 1.016774E+00 2.682847E-02 9.891726E-04 4.304433E+00 9.315349E+00 
1.791577E-01 4.885441E-03 3.205465E-01 1.822625E-01 -1.371475E+00 5.870023E-01 -1.430849E-01 9.555837E-01 2.803440E-02 7.699002E-04 3.750029E+00 9.026074E+00 
1.851346E-01 5.094714E-03 3.176252E-01 1.817266E-01 -1.358644E+00 5.745456E-01 -1.416134E-01 9.329432E-01 2.897761E-02 7.027612E-04 4.112282E+00 8.523738E+00 
1.780769E-01 5.878014E-03 3.358801E-01 1.840261E-01 -1.353962E+00 5.618154E-01 -1.332941E-01 9.389206E-01 2.721810E-02 7.436154E-04 4.168027E+00 9.174340E+00 
1.789898E-01 5.171900E-03 3.287244E-01 1.838931E-01 -1.436880E+00 5.879651E-01 -1.370644E-01 9.548170E-01 2.758019E-02 9.314296E-04 4.146813E+00 8.561560E+00 
1.640263E-01 3.296793E-03 3.265126E-01 1.856012E-01 -1.380449E+00 5.902329E-01 -1.753170E-01 9.174678E-01 2.689260E-02 6.449010E-04 4.231678E+00 8.664115E+00 
1.413544E-01 7.496308E-03 3.400966E-01 1.844292E-01 -1.336195E+00 5.488278E-01 -1.464966E-01 9.466381E-01 2.828806E-02 1.162485E-03 3.348913E+00 8.981586E+00 
1.724744E-01 4.754024E-03 3.248131E-01 1.815150E-01 -1.417849E+00 5.961107E-01 -1.281234E-01 9.510646E-01 2.827921E-02 2.809692E-04 4.194669E+00 9.053996E+00 
1.832363E-01 6.449124E-03 3.144793E-01 1.885584E-01 -1.433881E+00 5.788117E-01 -1.515457E-01 9.506163E-01 2.678108E-02 1.975231E-04 4.286735E+00 9.128907E+00 
1.677194E-01 4.612910E-03 3.257260E-01 1.787966E-01 -1.350728E+00 5.910413E-01 -1.286698E-01 9.933671E-01 2.903691E-02 6.260583E-04 3.961749E+00 8.736936E+00 
1.742097E-01 4.280126E-03 3.361653E-01 1.816696E-01 -1.317044E+00 5.874930E-01 -1.514924E-01 9.676470E-01 2.860234E-02 8.500172E-04 4.025578E+00 9.378971E+00 
1.675155E-01 4.433123E-03 3.079798E-01 1.866544E-01 -1.365583E+00 5.888238E-01 -1.403112E-01 9.036371E-01 2.732293E-02 4.958322E-04 4.342688E+00 8.822159E+00 
1.716887E-01 4.687261E-03 3.258754E-01 1.814718E-01 -1.387340E+00 5.660664E-01 -1.198642E-01 9.481878E-01 2.792417E-02 4.371380E-04 3.845215E+00 8.477217E+00 
1.842330E-01 4.661515E-03 3.071962E-01 1.804823E-01 -1.367461E+00 5.724846E-01 -1.377545E-01 9.243399E-01 2.893628E-02 6.243189E-04 4.296245E+00 8.595057E+00 
1.592908E-01 6.997172E-03 3.335185E-01 1.888859E-01 -1.379285E+00 5.987462E-01 -1.470800E-01 9.278488E-01 2.788191E-02 3.314479E-04 4.224552E+00 9.343441E+00 
1.752910E-01 5.542527E-03 3.394848E-01 1.834732E-01 -1.354946E+00 5.754800E-01 -1.403041E-01 9.436557E-01 2.737933E-02 1.208585E-03 4.548151E+00 9.061667E+00 
1.823450E-01 4.683432E-03 3.195401E-01 1.782426E-01 -1.355228E+00 5.952315E-01 -1.413377E-01 9.617930E-01 2.755196E-02 1.039471E-03 3.867639E+00 8.606116E+00 
1.707086E-01 5.206172E-03 3.351758E-01 1.844216E-01 -1.433064E+00 5.829925E-01 -1.259836E-01 1.038498E+00 2.837105E-02 1.275655E-03 4.129541E+00 8.645319E+00 
1.896736E-01 8.673840E-03 3.269162E-01 1.864577E-01 -1.434997E+00 6.000000E-01 -1.358634E-01 9.757936E-01 2.467251E-02 2.018579E-03 4.301367E+00 8.284769E+00 
1.749734E-01 4.746559E-03 3.155188E-01 1.847406E-01 -1.395439E+00 5.842512E-01 -1.659546E-01 8.938654E-01 2.672638E-02 6.536136E-04 4.272793E+00 8.662615E+00 
1.828893E-01 4.827681E-03 3.367353E-01 1.861887E-01 -1.474017E+00 5.914441E-01 -1.769131E-01 9.525319E-01 2.709282E-02 6.298176E-04 4.585197E+00 8.523937E+00 
1.772824E-01 4.308182E-03 3.304969E-01 1.855014E-01 -1.401430E+00 5.845628E-01 -1.367275E-01 9.662904E-01 2.800625E-02 1.029751E-03 3.841946E+00 8.922697E+00 
1.714693E-01 4.197155E-03 3.337211E-01 1.812875E-01 -1.390710E+00 5.731471E-01 -1.259031E-01 9.392002E-01 2.841336E-02 1.986888E-04 3.870488E+00 7.966001E+00 
1.800054E-01 5.589355E-03 3.222260E-01 1.822609E-01 -1.360826E+00 5.857347E-01 -1.560510E-01 9.590808E-01 2.985406E-02 6.555680E-04 3.966580E+00 8.440143E+00 
1.911277E-01 4.767241E-03 3.526823E-01 1.855022E-01 -1.485458E+00 5.932885E-01 -1.667533E-01 9.878644E-01 2.732426E-02 8.012218E-04 4.143895E+00 9.108439E+00 
1.786590E-01 2.497244E-03 3.311263E-01 1.822524E-01 -1.419186E+00 5.843109E-01 -1.521436E-01 9.529685E-01 2.725598E-02 1.355992E-03 4.092619E+00 9.355423E+00 
1.767120E-01 5.059006E-03 2.996200E-01 1.863588E-01 -1.359351E+00 5.953093E-01 -1.133877E-01 9.613201E-01 2.816274E-02 9.001452E-04 4.292896E+00 8.704930E+00 
1.784624E-01 5.021309E-03 3.461700E-01 1.787446E-01 -1.399829E+00 5.854571E-01 -1.609454E-01 9.484688E-01 2.924749E-02 1.039651E-03 3.836778E+00 8.338553E+00 
1.664244E-01 4.935343E-03 3.026817E-01 1.850691E-01 -1.380864E+00 5.855783E-01 -1.390511E-01 9.644092E-01 2.636553E-02 9.956746E-04 3.775234E+00 8.589596E+00 
1.702748E-01 5.059779E-03 3.371734E-01 1.830949E-01 -1.377457E+00 5.901956E-01 -1.248528E-01 9.425810E-01 2.516228E-02 7.805556E-04 4.057823E+00 8.459272E+00 
1.700328E-01 4.240108E-03 3.165724E-01 1.817354E-01 -1.410794E+00 5.747480E-01 -1.186553E-01 1.007495E+00 2.749966E-02 5.117509E-04 3.910768E+00 8.948547E+00 
1.744961E-01 5.609143E-03 3.508787E-01 1.838679E-01 -1.484375E+00 5.913597E-01 -1.269974E-01 9.491776E-01 2.671062E-02 3.696580E-04 4.387710E+00 8.514266E+00 
1.692527E-01 6.643560E-03 3.423457E-01 1.813854E-01 -1.426529E+00 5.851396E-01 -1.227037E-01 1.000819E+00 2.651436E-02 1.507531E-03 4.039296E+00 9.176784E+00 
1.779320E-01 4.993090E-03 3.477736E-01 1.804547E-01 -1.455425E+00 5.612604E-01 -1.335223E-01 9.150931E-01 2.902042E-02 3.243770E-04 4.234570E+00 9.270473E+00 
1.729932E-01 7.537368E-03 3.108772E-01 1.864200E-01 -1.373420E+00 5.851784E-01 -1.178847E-01 9.572374E-01 2.942068E-02 3.507567E-04 4.116969E+00 8.797515E+00 
1.870619E-01 5.976628E-03 3.288989E-01 1.853480E-01 -1.391349E+00 5.593114E-01 -1.157103E-01 9.308755E-01 2.681513E-02 1.478273E-04 4.141984E+00 8.993804E+00 
1.691754E-01 5.887849E-03 3.253707E-01 1.839438E-01 -1.385580E+00 5.889506E-01 -1.225370E-01 9.617990E-01 2.879369E-02 8.302277E-04 4.021589E+00 8.805236E+00 
1.753996E-01 4.512978E-03 3.323718E-01 1.819501E-01 -1.406822E+00 5.938087E-01 -1.222458E-01 9.551089E-01 2.903766E-02 8.419472E-04 3.752046E+00 8.916698E+00 
1.694608E-01 1.000000E-04 3.207070E-01 1.871610E-01 -1.430862E+00 5.855872E-01 -1.554364E-01 9.552234E-01 2.652111E-02 2.289947E-03 4.381081E+00 8.857410E+00 
1.705326E-01 4.792604E-03 3.318561E-01 1.795497E-01 -1.489264E+00 5.920539E-01 -1.395632E-01 8.924177E-01 2.858468E-02 1.033970E-03 4.073666E+00 8.765957E+00 
1.682116E-01 4.767861E-03 3.406884E-01 1.829905E-01 -1.375796E+00 5.826037E-01 -1.355557E-01 9.074872E-01 2.882782E-02 9.223194E-04 4.024458E+00 8.440407E+00 
1.712398E-01 4.807104E-03 3.023902E-01 1.845231E-01 -1.431585E+00 5.906121E-01 -1.236960E-01 9.949673E-01 2.342292E-02 4.904038E-04 4.015450E+00 8.867382E+00 
1.889707E-01 6.245699E-03 3.391079E-01 1.771661E-01 -1.359659E+00 5.552250E-01 -2.000000E-01 8.473551E-01 2.706527E-02 1.224637E-03 4.181766E+00 8.284745E+00 
1.414268E-01 5.972475E-03 3.489197E-01 1.750034E-01 -1.356033E+00 5.874111E-01 -1.435070E-01 1.022738E+00 2.879366E-02 1.870211E-03 4.216222E+00 1.050613E+01 
1.718360E-01 4.281594E-03 3.379847E-01 1.839488E-01 -1.400969E+00 5.845258E-01 -1.498519E-01 9.844413E-01 2.768665E-02 2.479070E-04 4.089651E+00 8.740973E+00 
1.786229E-01 4.081553E-03 3.210139E-01 1.851827E-01 -1.461802E+00 5.938409E-01 -1.252074E-01 9.598346E-01 2.700848E-02 6.222338E-04 4.126489E+00 9.265506E+00 
1.638933E-01 4.489553E-03 3.162476E-01 1.831886E-01 -1.468575E+00 5.852679E-01 -1.188142E-01 9.595547E-01 2.823959E-02 4.550333E-04 4.350066E+00 9.158090E+00 
1.687073E-01 4.424244E-03 3.200509E-01 1.812106E-01 -1.448709E+00 5.839091E-01 -1.393523E-01 9.566070E-01 2.787699E-02 6.546058E-04 4.271643E+00 8.224822E+00 
1.818802E-01 5.320766E-03 3.378086E-01 1.836751E-01 -1.346135E+00 5.879060E-01 -1.231124E-01 9.973602E-01 2.720463E-02 5.745752E-04 4.654257E+00 8.939843E+00 
1.657374E-01 5.407666E-03 3.175522E-01 1.829851E-01 -1.426508E+00 5.950610E-01 -1.932629E-01 9.608346E-01 2.641670E-02 9.724819E-04 4.398817E+00 8.738239E+00 
1.831653E-01 4.846756E-03 3.227195E-01 1.813785E-01 -1.303860E+00 5.954871E-01 -1.736604E-01 9.816036E-01 2.507403E-02 3.713321E-04 4.288316E+00 9.083002E+00 
1.769766E-01 5.468864E-03 3.429457E-01 1.823380E-01 -1.473486E+00 5.954811E-01 -1.364798E-01 9.708468E-01 2.639103E-02 7.836573E-04 4.308385E+00 9.284507E+00 
1.662040E-01 5.387161E-03 3.220016E-01 1.822991E-01 -1.391176E+00 5.804707E-01 -1.410225E-01 9.901635E-01 2.764787E-02 7.646882E-04 3.714094E+00 8.619524E+00 
1.678378E-01 5.698378E-03 3.146081E-01 1.826856E-01 -1.397604E+00 5.829557E-01 -1.135091E-01 9.621832E-01 2.889936E-02 3.051405E-04 4.173161E+00 8.723997E+00 
1.757769E-01 3.299240E-03 3.170964E-01 1.849048E-01 -1.442818E+00 5.983478E-01 -1.447482E-01 9.104107E-01 2.779362E-02 2.024761E-04 4.510602E+00 8.667671E+00 
1.995588E-01 9.194669E-03 3.466476E-01 1.794003E-01 -1.438282E+00 5.865136E-01 -1.616402E-01 9.652783E-01 2.660930E-02 3.751608E-04 4.096042E+00 9.369559E+00 
1.768371E-01 5.484224E-03 3.207911E-01 1.808108E-01 -1.336822E+00 5.900046E-01 -1.468217E-01 9.651411E-01 2.725402E-02 6.594071E-04 4.133977E+00 8.759762E+00 
1.646934E-01 4.757186E-03 3.411219E-01 1.778572E-01 -1.401257E+00 5.961073E-01 -2.000000E-01 9.168720E-01 2.880223E-02 8.042715E-04 4.022592E+00 8.735310E+00 
1.744190E-01 5.564882E-03 3.607892E-01 1.788940E-01 -1.251266E+00 5.969333E-01 -1.963558E-01 9.041056E-01 2.755000E-02 0.000000E+00 4.185926E+00 9.049345E+00 
1.766417E-01 5.509767E-03 3.258476E-01 1.834980E-01 -1.375467E+00 5.741362E-01 -1.233448E-01 9.518764E-01 2.929286E-02 7.570487E-04 4.225316E+00 8.982019E+00 
1.644088E-01 6.066834E-03 3.447772E-01 1.829599E-01 -1.346262E+00 5.836026E-01 -8.505030E-02 9.727519E-01 2.897089E-02 5.577048E-04 4.212282E+00 8.849112E+00 
1.566267E-01 4.338410E-03 3.135144E-01 1.789237E-01 -1.429631E+00 5.795632E-01 -9.579840E-02 9.351801E-01 2.786749E-02 1.881978E-04 4.125825E+00 8.896171E+00 
1.663926E-01 5.705166E-03 3.271029E-01 1.822983E-01 -1.378854E+00 5.878379E-01 -1.484463E-01 9.688539E-01 2.848418E-02 5.576600E-04 3.947982E+00 8.885958E+00 
1.729261E-01 5.349548E-03 3.116573E-01 1.836926E-01 -1.406620E+00 5.884926E-01 -9.308204E-02 9.681403E-01 2.718362E-02 6.200891E-04 3.981081E+00 8.691955E+00 
1.795525E-01 6.641040E-03 3.200794E-01 1.837760E-01 -1.430483E+00 5.794360E-01 -1.374396E-01 9.369618E-01 2.653910E-02 3.842550E-04 4.258179E+00 9.135982E+00 
1.671281E-01 4.540705E-03 3.341864E-01 1.845586E-01 -1.374835E+00 5.943458E-01 -1.378326E-01 9.760275E-01 2.950963E-02 1.051062E-03 3.887259E+00 7.837878E+00 
1.802932E-01 5.497122E-03 3.405785E-01 1.870953E-01 -1.405928E+00 5.968102E-01 -1.518850E-01 1.009462E+00 2.733965E-02 1.004290E-03 3.983229E+00 8.680874E+00 
1.961345E-01 6.068912E-03 3.495977E-01 1.859176E-01 -1.345652E+00 5.975987E-01 -1.520693E-01 9.099022E-01 2.535430E-02 7.726553E-04 4.117946E+00 8.904668E+00 
1.829753E-01 4.446476E-03 3.329510E-01 1.837095E-01 -1.351306E+00 5.708267E-01 -1.115587E-01 9.634662E-01 2.941224E-02 1.021838E-03 4.155240E+00 8.742241E+00 
1.809626E-01 4.728955E-03 3.335640E-01 1.836503E-01 -1.391090E+00 6.000000E-01 -1.542258E-01 9.486554E-01 3.282100E-02 7.634004E-04 4.081160E+00 8.508614E+00 
1.436083E-01 6.685192E-03 3.316426E-01 1.807837E-01 -1.399844E+00 5.807376E-01 -1.528740E-01 9.695719E-01 3.057385E-02 8.981542E-04 4.332623E+00 8.397200E+00 
1.672391E-01 5.743106E-03 3.178921E-01 1.806508E-01 -1.374794E+00 5.690699E-01 -1.220521E-01 9.455567E-01 2.800823E-02 8.509906E-04 4.197412E+00 8.999809E+00 
1.738142E-01 4.602032E-03 3.075927E-01 1.851409E-01 -1.371888E+00 5.791792E-01 -1.510680E-01 1.008873E+00 2.900428E-02 6.042784E-04 4.031014E+00 8.743036E+00 
1.637340E-01 6.214796E-03 3.303742E-01 1.874643E-01 -1.455037E+00 5.771308E-01 -8.449892E-02 9.114280E-01 2.728566E-02 4.008663E-04 4.098432E+00 8.850253E+00 
1.860890E-01 5.829574E-03 3.235359E-01 1.792445E-01 -1.357241E+00 5.816028E-01 -1.560363E-01 9.097085E-01 2.768645E-02 4.459635E-04 3.856936E+00 8.684814E+00 
1.757841E-01 3.784205E-03 3.436266E-01 1.771219E-01 -1.353979E+00 5.786471E-01 -1.034572E-01 9.261628E-01 2.862413E-02 1.038092E-03 4.132823E+00 8.743872E+00 
1.794735E-01 5.271324E-03 3.436088E-01 1.818854E-01 -1.376569E+00 5.837321E-01 -1.441858E-01 9.173047E-01 2.723459E-02 5.167225E-04 4.209985E+00 9.019968E+00 
1.810550E-01 4.474335E-03 3.319512E-01 1.761041E-01 -1.446047E+00 5.902342E-01 -1.243235E-01 9.179549E-01 2.582526E-02 1.637549E-03 4.268815E+00 9.327342E+00 
1.708457E-01 4.228317E-03 3.294103E-01 1.803644E-01 -1.437536E+00 5.866653E-01 -1.366634E-01 9.106977E-01 2.843762E-02 4.925248E-04 4.141875E+00 9.527566E+00 
1.734519E-01 3.275508E-03 3.269267E-01 1.817682E-01 -1.457700E+00 5.980490E-01 -1.851270E-01 9.547541E-01 2.631520E-02 6.207340E-04 4.138074E+00 9.193925E+00 
1.717566E-01 3.887698E-03 3.292556E-01 1.829346E-01 -1.398332E+00 5.938406E-01 -1.243726E-01 9.518674E-01 2.509900E-02 1.072637E-03 4.145716E+00 8.250399E+00 
1.718147E-01 4.159481E-03 3.457130E-01 1.793071E-01 -1.430799E+00 5.901055E-01 -1.947813E-01 9.473006E-01 2.757143E-02 6.218644E-04 4.135120E+00 8.962425E+00 
1.910281E-01 4.844812E-03 3.184288E-01 1.809979E-01 -1.348136E+00 5.812295E-01 -1.545561E-01 9.524368E-01 2.862892E-02 6.547313E-04 4.190511E+00 8.586156E+00 
1.807274E-01 6.433734E-03 3.432468E-01 1.809263E-01 -1.422417E+00 5.808806E-01 -1.410269E-01 9.436418E-01 2.680084E-02 5.205891E-04 4.051054E+00 8.673805E+00 
1.665908E-01 4.804997E-03 3.422084E-01 1.796835E-01 -1.297413E+00 5.841154E-01 -1.611294E-01 8.867071E-01 2.631297E-02 7.524242E-04 4.045494E+00 8.455563E+00 
1.607363E-01 5.205615E-03 3.232282E-01 1.809885E-01 -1.427334E+00 5.829951E-01 -1.277843E-01 9.834030E-01 2.900639E-02 8.373676E-04 4.254206E+00 9.840875E+00 
1.611268E-01 8.033480E-03 3.318463E-01 1.859019E-01 -1.340458E+00 5.913280E-01 -1.794086E-01 9.394987E-01 2.747100E-02 1.121462E-03 3.626221E+00 8.927444E+00 
1.884755E-01 4.583251E-03 3.502550E-01 1.781786E-01 -1.394882E+00 5.890572E-01 -1.472105E-01 9.522189E-01 2.754632E-02 7.677195E-04 3.693544E+00 9.271967E+00 
1.701509E-01 4.987415E-03 3.083511E-01 1.783729E-01 -1.379893E+00 5.815239E-01 -1.158929E-01 9.744868E-01 2.841397E-02 8.461849E-04 3.964917E+00 8.613825E+00 
1.758929E-01 5.913554E-03 3.222635E-01 1.857909E-01 -1.314708E+00 5.772848E-01 -1.435007E-01 9.268048E-01 2.846476E-02 7.466126E-04 4.213101E+00 8.822972E+00 
1.748354E-01 3.634433E-03 3.039709E-01 1.795027E-01 -1.333016E+00 5.902051E-01 -1.443407E-01 9.692575E-01 2.901724E-02 1.576951E-04 4.046531E+00 9.192150E+00 
1.661954E-01 4.579774E-03 3.211079E-01 1.811145E-01 -1.359148E+00 5.707172E-01 -1.221999E-01 9.601054E-01 2.725097E-02 6.174904E-04 4.036221E+00 8.908984E+00 
1.908494E-01 4.711695E-03 3.234168E-01 1.789833E-01 -1.361452E+00 5.895042E-01 -1.632095E-01 9.524989E-01 2.811165E-02 1.553306E-04 4.024711E+00 8.068789E+00 
1.719184E-01 2.127989E-03 3.231715E-01 1.787647E-01 -1.379442E+00 5.881444E-01 -1.337042E-01 9.757965E-01 2.575856E-02 5.423167E-04 3.167499E+00 9.427585E+00 
1.802935E-01 4.525741E-03 3.282026E-01 1.853462E-01 -1.465785E+00 5.739874E-01 -1.005484E-01 9.499339E-01 2.831600E-02 6.956186E-04 3.609917E+00 9.237027E+00 
1.724094E-01 3.841688E-03 3.177132E-01 1.843552E-01 -1.380453E+00 5.908420E-01 -1.180401E-01 9.604043E-01 2.714932E-02 6.199533E-04 3.701746E+00 8.661610E+00 
1.629198E-01 6.175273E-03 3.214288E-01 1.819706E-01 -1.448271E+00 5.655563E-01 -1.153492E-01 9.746282E-01 2.833837E-02 6.199030E-04 4.187123E+00 9.070032E+00 
1.705031E-01 2.037271E-02 3.239381E-01 1.857489E-01 -1.417388E+00 5.366167E-01 -1.605346E-01 9.576205E-01 2.697658E-02 1.086436E-03 4.021233E+00 8.841683E+00 
1.645321E-01 6.099292E-03 3.136763E-01 1.842683E-01 -1.353516E+00 5.834346E-01 -1.294462E-01 9.750524E-01 2.805934E-02 1.320544E-03 3.873950E+00 8.708855E+00 
1.666105E-01 5.370674E-03 3.213835E-01 1.665814E-01 -1.569967E+00 5.836452E-01 -1.264250E-01 1.018604E+00 2.770459E-02 1.959898E-03 4.201954E+00 8.964758E+00 
1.795677E-01 7.054676E-03 3.330981E-01 1.918357E-01 -1.401573E+00 5.832124E-01 -1.330796E-01 9.712592E-01 2.509338E-02 1.003873E-03 4.790853E+00 8.909113E+00 
1.882716E-01 6.947308E-03 3.354124E-01 1.811298E-01 -1.492906E+00 5.737065E-01 -1.722506E-01 1.039442E+00 3.034482E-02 1.970568E-03 4.094050E+00 8.854859E+00 
1.770155E-01 4.773444E-03 3.393787E-01 1.883909E-01 -1.481848E+00 5.835875E-01 -1.385505E-01 9.399780E-01 2.643614E-02 6.401704E-04 4.033186E+00 8.366350E+00 
1.118482E-01 7.691926E-03 3.337137E-01 1.884347E-01 -1.448367E+00 5.188496E-01 -1.285777E-01 9.726684E-01 2.695574E-02 1.017535E-03 3.800879E+00 8.953235E+00 
1.717702E-01 5.620791E-03 3.381444E-01 1.783916E-01 -1.395129E+00 5.695916E-01 -1.510038E-01 9.280362E-01 2.697326E-02 5.871363E-04 4.214163E+00 8.402361E+00 
1.779840E-01 6.252361E-03 3.482061E-01 1.820554E-01 -1.439419E+00 5.874532E-01 -1.758418E-01 9.687877E-01 2.695325E-02 6.739862E-04 4.191728E+00 9.058804E+00 
1.717165E-01 6.651468E-03 3.468767E-01 1.838864E-01 -1.378918E+00 5.810747E-01 -1.642608E-01 9.418722E-01 2.972893E-02 7.764810E-04 4.123464E+00 8.273404E+00 
1.660254E-01 4.251470E-03 3.187243E-01 1.816143E-01 -1.411937E+00 5.767226E-01 -1.538209E-01 9.128231E-01 2.834855E-02 1.101167E-03 3.972837E+00 8.655073E+00 
1.779291E-01 4.767676E-03 3.356043E-01 1.851869E-01 -1.451386E+00 5.890772E-01 -1.350950E-01 9.520904E-01 2.734965E-02 9.275923E-04 4.372861E+00 8.757835E+00 
1.795561E-01 3.244749E-03 3.256257E-01 1.816682E-01 -1.417761E+00 5.857247E-01 -1.509830E-01 1.036407E+00 2.880555E-02 1.010788E-03 4.208198E+00 8.716137E+00 
1.701341E-01 4.444098E-03 3.441833E-01 1.826761E-01 -1.365965E+00 5.979698E-01 -1.342799E-01 9.391090E-01 2.623410E-02 6.069752E-04 4.201756E+00 8.503629E+00 
1.824333E-01 4.744990E-03 2.827690E-01 1.837578E-01 -1.344235E+00 5.840062E-01 -1.303825E-01 9.219052E-01 2.937266E-02 6.678255E-04 4.057079E+00 9.279822E+00 
1.777529E-01 5.163033E-03 3.533157E-01 1.854080E-01 -1.366819E+00 5.935245E-01 -1.548066E-01 9.874119E-01 2.690976E-02 1.187712E-03 4.334722E+00 8.778788E+00 
1.718122E-01 5.458615E-03 3.310062E-01 1.845903E-01 -1.357753E+00 5.763345E-01 -1.641688E-01 9.916802E-01 2.899599E-02 8.432664E-04 4.316031E+00 8.974719E+00 
1.685727E-01 5.054000E-03 3.135854E-01 1.808879E-01 -1.373746E+00 5.834546E-01 -1.581895E-01 9.474153E-01 2.775028E-02 1.327883E-03 4.141646E+00 8.701514E+00 
1.755776E-01 4.621931E-03 3.441497E-01 1.883348E-01 -1.334932E+00 5.917870E-01 -1.404352E-01 9.481308E-01 2.672005E-02 7.390896E-04 4.100704E+00 8.572252E+00 
1.761498E-01 4.068084E-03 3.093096E-01 1.828803E-01 -1.371861E+00 5.748124E-01 -1.278349E-01 9.295605E-01 2.667113E-02 5.458070E-04 4.180973E+00 8.976464E+00 
1.629696E-01 4.760144E-03 3.347421E-01 1.767020E-01 -1.392349E+00 5.718818E-01 -1.295320E-01 9.551034E-01 2.868349E-02 1.063059E-03 4.368520E+00 8.539065E+00 
1.635500E-01 3.867657E-03 3.475708E-01 1.812013E-01 -1.394700E+00 5.928963E-01 -1.703949E-01 8.991505E-01 2.941253E-02 1.281042E-03 4.091216E+00 8.558258E+00 
1.734084E-01 4.085182E-03 3.191093E-01 1.846606E-01 -1.377478E+00 5.804398E-01 -1.239836E-01 9.208014E-01 2.868084E-02 6.473319E-04 4.290802E+00 8.872356E+00 
1.746175E-01 5.929841E-03 3.276566E-01 1.828559E-01 -1.397435E+00 5.884204E-01 -1.261629E-01 9.133020E-01 2.850712E-02 4.974712E-04 3.973793E+00 8.661485E+00 
1.662963E-01 5.028194E-03 3.491527E-01 1.812505E-01 -1.410661E+00 5.932604E-01 -1.852496E-01 9.551675E-01 2.790662E-02 5.861687E-04 4.125773E+00 9.646940E+00 
1.775275E-01 5.558582E-03 3.377381E-01 1.849580E-01 -1.385006E+00 5.910285E-01 -1.584312E-01 9.471855E-01 2.745848E-02 7.932982E-04 3.975084E+00 8.876524E+00 
1.755676E-01 5.297918E-03 3.612386E-01 1.875891E-01 -1.420137E+00 5.940844E-01 -1.815794E-01 9.507538E-01 2.839707E-02 9.084578E-04 4.372102E+00 8.425414E+00 
1.728225E-01 5.890779E-03 3.494606E-01 1.813117E-01 -1.416942E+00 5.931908E-01 -1.744802E-01 9.660833E-01 2.545521E-02 7.991233E-04 4.432471E+00 8.563576E+00 
1.698567E-01 3.017074E-03 3.104628E-01 1.844550E-01 -1.405645E+00 5.959280E-01 -1.315406E-01 9.741203E-01 2.638433E-02 5.713229E-04 4.445754E+00 9.058193E+00 
1.126015E-01 4.966087E-02 3.725958E-01 1.659793E-01 -1.282989E+00 4.743417E-01 -7.461134E-02 4.856707E-01 2.933779E-02 3.087034E-03 3.931784E+00 1.310870E+01 
1.717290E-01 4.730991E-03 3.277451E-01 1.836569E-01 -1.440892E+00 5.944453E-01 -1.298937E-01 1.006999E+00 2.518783E-02 6.466680E-04 4.233254E+00 8.698062E+00 
1.718413E-01 4.944226E-03 3.396723E-01 1.861574E-01 -1.391512E+00 5.946850E-01 -7.800592E-02 9.824724E-01 2.796620E-02 6.240713E-04 4.150594E+00 8.658611E+00 
1.948462E-01 1.480391E-02 3.253974E-01 1.926603E-01 -1.307363E+00 5.986954E-01 -1.633831E-01 9.387353E-01 2.864654E-02 4.634998E-04 4.389624E+00 9.050899E+00 
1.857932E-01 4.221652E-03 3.266905E-01 1.769766E-01 -1.433055E+00 5.906884E-01 -1.606114E-01 9.667830E-01 2.769225E-02 0.000000E+00 4.123172E+00 8.676100E+00 
1.744569E-01 4.795295E-03 3.452228E-01 1.817659E-01 -1.395173E+00 5.932215E-01 -1.662451E-01 9.184759E-01 2.489528E-02 2.462672E-04 3.392329E+00 9.410397E+00 
6.335239E-02 1.133162E-02 3.221042E-01 1.776532E-01 -1.400829E+00 5.616667E-01 -1.438295E-01 9.853629E-01 2.747326E-02 7.855236E-04 4.049775E+00 8.760708E+00 
1.573406E-01 5.043904E-03 3.152373E-01 1.817331E-01 -1.390787E+00 5.809571E-01 -1.178146E-01 9.187975E-01 2.821218E-02 9.600194E-04 4.085427E+00 8.894514E+00 
1.812813E-01 5.121982E-03 3.324400E-01 1.886658E-01 -1.411949E+00 5.862144E-01 -9.937297E-02 1.037627E+00 2.835663E-02 1.025316E-03 4.419131E+00 8.184280E+00 
1.726017E-01 4.639522E-03 3.145302E-01 1.860533E-01 -1.376796E+00 5.857552E-01 -1.156611E-01 9.906474E-01 2.619851E-02 8.060553E-04 4.128118E+00 8.585414E+00 
1.704000E-01 4.448935E-03 3.147496E-01 1.848447E-01 -1.378858E+00 5.937140E-01 -1.212335E-01 9.216750E-01 2.715543E-02 5.324344E-04 4.227183E+00 9.192443E+00 
1.718054E-01 4.533601E-03 3.263373E-01 1.841032E-01 -1.373836E+00 5.977054E-01 -1.509701E-01 9.136861E-01 2.730283E-02 5.673863E-04 3.756322E+00 8.720603E+00 
1.689560E-01 7.269968E-03 3.458643E-01 1.774352E-01 -1.383846E+00 5.916173E-01 -1.562040E-01 9.037970E-01 2.870412E-02 1.265014E-03 4.229156E+00 9.147044E+00 
1.700957E-01 5.245435E-03 3.216961E-01 1.884065E-01 -1.457062E+00 5.709553E-01 -1.528994E-01 9.486016E-01 2.678623E-02 5.865774E-04 4.355058E+00 8.954412E+00 
1.606573E-01 5.745444E-03 3.448079E-01 1.845592E-01 -1.365425E+00 5.889770E-01 -1.711504E-01 9.210573E-01 2.722607E-02 4.000131E-04 4.113617E+00 8.397261E+00 
1.656623E-01 5.379747E-03 3.154243E-01 1.826505E-01 -1.422299E+00 5.888454E-01 -1.492257E-01 9.580110E-01 2.845788E-02 1.060727E-03 4.246639E+00 9.655701E+00 
1.691605E-01 4.502219E-03 3.308946E-01 1.814563E-01 -1.412119E+00 5.758996E-01 -1.165717E-01 9.715937E-01 2.718574E-02 1.157830E-03 3.966364E+00 8.719996E+00 
1.526044E-01 5.062260E-03 3.347851E-01 1.923892E-01 -1.449991E+00 5.805658E-01 -1.464188E-01 9.650752E-01 2.916250E-02 4.974760E-04 3.866235E+00 8.587642E+00 
1.731860E-01 4.949680E-03 3.232742E-01 1.855301E-01 -1.429195E+00 5.845634E-01 -1.478916E-01 9.894956E-01 2.948272E-02 5.634654E-04 4.200866E+00 9.157512E+00 
1.819559E-01 6.367515E-03 3.446815E-01 1.794900E-01 -1.450400E+00 5.961173E-01 -1.850663E-01 9.811407E-01 2.589143E-02 2.824563E-04 4.101981E+00 8.522115E+00 
1.688283E-01 5.150679E-03 3.121338E-01 1.812330E-01 -1.455518E+00 5.785854E-01 -1.392600E-01 9.410780E-01 2.775255E-02 3.864491E-04 4.150457E+00 9.079402E+00 
1.646367E-01 4.783006E-03 3.174778E-01 1.800825E-01 -1.393379E+00 5.785604E-01 -1.701240E-01 9.753337E-01 2.676192E-02 7.342478E-04 4.179765E+00 8.674073E+00 
1.805482E-01 7.682740E-03 3.184927E-01 1.830910E-01 -1.434018E+00 5.863703E-01 -1.350731E-01 9.581052E-01 2.709872E-02 5.528942E-04 3.778593E+00 8.865846E+00 
1.759025E-01 3.169438E-03 3.408340E-01 1.822981E-01 -1.408340E+00 5.966475E-01 -1.636561E-01 9.725618E-01 2.718731E-02 7.226916E-04 4.377061E+00 8.340228E+00 
1.750613E-01 5.173321E-03 3.350475E-01 1.801668E-01 -1.402179E+00 5.863716E-01 -1.291731E-01 9.217230E-01 2.729089E-02 6.851207E-04 4.237602E+00 9.476901E+00 
1.743641E-01 3.591130E-03 3.101706E-01 1.822313E-01 -1.397335E+00 5.764760E-01 -9.209537E-02 9.767255E-01 2.607471E-02 5.941582E-04 4.222143E+00 8.416848E+00 
1.736603E-01 4.787496E-03 3.141069E-01 1.827573E-01 -1.367919E+00 5.742549E-01 -1.585396E-01 9.221305E-01 2.929174E-02 9.397948E-04 4.228149E+00 8.816057E+00 
1.743230E-01 4.853959E-03 3.306890E-01 1.827468E-01 -1.284542E+00 5.951766E-01 -1.469563E-01 9.598521E-01 2.704799E-02 4.889905E-04 4.455269E+00 8.712456E+00 
1.772623E-01 5.200160E-03 3.206004E-01 1.846164E-01 -1.480320E+00 5.810135E-01 -1.237947E-01 9.335118E-01 3.045084E-02 1.093610E-03 4.018592E+00 9.268849E+00 
1.659976E-01 1.730508E-03 3.230050E-01 1.852202E-01 -1.356240E+00 5.887814E-01 -1.727871E-01 9.667767E-01 2.869820E-02 1.056718E-03 4.477131E+00 8.180011E+00 
1.681890E-01 4.098331E-03 3.477752E-01 1.832077E-01 -1.334446E+00 5.772750E-01 -1.311544E-01 9.784546E-01 3.277559E-02 6.040082E-04 4.275467E+00 8.397882E+00 
2.000000E-01 9.872449E-03 3.473120E-01 1.672639E-01 -1.298337E+00 5.100907E-01 -1.716401E-01 9.314061E-01 2.560741E-02 0.000000E+00 4.696296E+00 1.001176E+01 
1.780438E-01 6.457776E-03 3.366866E-01 1.833905E-01 -1.385554E+00 5.879150E-01 -1.311884E-01 9.441923E-01 2.779311E-02 4.038248E-04 3.923742E+00 8.467073E+00 
1.725735E-01 4.051414E-03 3.249086E-01 1.846266E-01 -1.389705E+00 5.926588E-01 -1.491786E-01 9.554166E-01 2.611348E-02 8.095868E-04 3.544675E+00 8.814851E+00 
1.782202E-01 4.429348E-03 3.234350E-01 1.840568E-01 -1.438056E+00 5.844029E-01 -1.237986E-01 9.553993E-01 2.670003E-02 1.152709E-03 4.184120E+00 9.208977E+00 
1.647074E-01 5.908720E-03 3.344137E-01 1.813577E-01 -1.361759E+00 5.761440E-01 -1.325031E-01 9.883455E-01 2.556345E-02 9.726751E-04 4.112892E+00 8.667665E+00 
1.749905E-01 5.160195E-03 3.421445E-01 1.839091E-01 -1.447203E+00 5.945148E-01 -1.837571E-01 9.176147E-01 2.852810E-02 1.049490E-03 4.370392E+00 9.110769E+00 
1.766744E-01 3.737420E-03 3.463997E-01 1.838585E-01 -1.390284E+00 5.898132E-01 -1.584897E-01 9.585314E-01 2.785114E-02 7.745336E-04 4.411588E+00 8.393117E+00 
1.469532E-01 4.324793E-03 3.334011E-01 1.829242E-01 -1.374218E+00 5.877865E-01 -1.516830E-01 9.651271E-01 2.740533E-02 1.222833E-03 4.446710E+00 9.375240E+00 
1.612525E-01 4.387651E-03 3.237236E-01 1.862792E-01 -1.429371E+00 5.840110E-01 -1.407236E-01 9.500577E-01 2.670589E-02 6.999339E-04 4.027653E+00 8.947796E+00 
1.713038E-01 5.860343E-03 3.245416E-01 1.834066E-01 -1.428263E+00 5.732289E-01 -1.731080E-01 9.396483E-01 2.606893E-02 3.539151E-04 4.186301E+00 9.318410E+00 
1.662226E-01 5.973763E-03 3.262535E-01 1.825127E-01 -1.359863E+00 5.920632E-01 -1.262165E-01 9.761018E-01 2.755667E-02 9.440402E-05 3.855676E+00 8.691597E+00 
1.444315E-01 6.688880E-03 3.423158E-01 1.822209E-01 -1.493244E+00 5.857473E-01 -1.845462E-01 9.525207E-01 2.761493E-02 2.075238E-03 4.192226E+00 9.545352E+00 
1.748820E-01 4.742455E-03 3.303413E-01 1.812652E-01 -1.327062E+00 5.823659E-01 -9.890954E-02 9.419165E-01 2.707617E-02 5.227475E-04 3.563033E+00 1.019744E+01 
1.664626E-01 6.646753E-03 3.289162E-01 1.821579E-01 -1.431453E+00 5.666604E-01 -1.297107E-01 9.433064E-01 3.143906E-02 7.016857E-04 4.174289E+00 8.795721E+00 
1.913789E-01 2.709153E-03 3.426090E-01 1.818372E-01 -1.396974E+00 5.797973E-01 -1.655926E-01 9.613725E-01 2.753724E-02 1.429189E-03 3.936533E+00 8.105723E+00 
1.894028E-01 1.990467E-03 3.425145E-01 1.862163E-01 -1.472772E+00 5.913546E-01 -1.442748E-01 9.345823E-01 2.604080E-02 1.440259E-03 4.419236E+00 8.788618E+00 
1.841568E-01 4.243711E-03 3.253873E-01 1.871854E-01 -1.394688E+00 5.779503E-01 -1.163165E-01 9.791181E-01 2.730771E-02 9.706184E-04 3.920202E+00 8.270366E+00 
1.688118E-01 3.435057E-03 3.263951E-01 1.803068E-01 -1.440243E+00 5.920750E-01 -1.169316E-01 9.701765E-01 2.798737E-02 7.047842E-04 4.238047E+00 8.933120E+00 
1.623002E-01 5.163458E-03 3.004539E-01 1.794855E-01 -1.442430E+00 5.796662E-01 -1.549850E-01 9.423551E-01 2.751007E-02 8.416684E-04 4.036364E+00 8.200223E+00 
1.610652E-01 5.150890E-03 3.072693E-01 1.796227E-01 -1.212099E+00 5.822917E-01 -1.185018E-01 9.374400E-01 2.892577E-02 5.025512E-04 4.183161E+00 9.055094E+00 
1.736700E-01 6.155116E-03 3.259250E-01 1.765542E-01 -1.392482E+00 5.851909E-01 -1.673657E-01 9.419288E-01 2.470507E-02 1.468721E-03 4.120276E+00 8.807060E+00 
1.654917E-01 4.670989E-03 3.230559E-01 1.881464E-01 -1.280766E+00 5.845782E-01 -1.496377E-01 8.939518E-01 2.699854E-02 1.201780E-03 4.030814E+00 8.381542E+00 
1.770482E-01 4.755987E-03 3.237247E-01 1.816009E-01 -1.389787E+00 5.675697E-01 -1.143419E-01 9.577728E-01 2.753803E-02 5.157622E-04 3.951136E+00 9.186782E+00 
1.744671E-01 3.591671E-03 3.231198E-01 1.817966E-01 -1.361172E+00 5.882451E-01 -1.435947E-01 9.371315E-01 2.826478E-02 4.846897E-04 3.951214E+00 8.746590E+00 
1.664362E-01 5.122657E-03 3.183500E-01 1.814514E-01 -1.398645E+00 5.788730E-01 -1.168550E-01 8.825859E-01 2.653370E-02 2.235050E-04 3.960236E+00 8.689175E+00 
1.771209E-01 4.267896E-03 3.377676E-01 1.830013E-01 -1.385720E+00 5.895537E-01 -1.572178E-01 9.325529E-01 2.762213E-02 7.950305E-04 4.396674E+00 8.588358E+00 
1.793380E-01 6.260560E-03 3.215367E-01 1.845657E-01 -1.470357E+00 5.862433E-01 -1.436954E-01 9.322711E-01 2.860216E-02 8.033944E-04 3.971233E+00 8.840313E+00 
1.696918E-01 6.290062E-03 3.147429E-01 1.817044E-01 -1.333118E+00 5.795953E-01 -1.180803E-01 9.819785E-01 3.055575E-02 1.052834E-03 4.082981E+00 8.577758E+00 
1.815988E-01 5.103873E-03 3.390317E-01 1.866544E-01 -1.557743E+00 5.919702E-01 -1.873054E-01 9.735064E-01 2.793221E-02 6.003672E-04 4.408066E+00 8.958091E+00 
1.689067E-01 4.546230E-03 3.218631E-01 1.821614E-01 -1.403513E+00 5.780924E-01 -1.206581E-01 1.004892E+00 2.754248E-02 6.062076E-04 4.078826E+00 8.577519E+00 
1.774111E-01 6.478693E-03 3.450005E-01 1.811773E-01 -1.514613E+00 5.742712E-01 -1.512993E-01 9.671515E-01 2.714233E-02 6.128152E-04 4.213731E+00 8.200218E+00 
1.520796E-01 2.273398E-03 3.209504E-01 1.860750E-01 -1.289518E+00 5.906284E-01 -1.280579E-01 9.527835E-01 2.897156E-02 1.180230E-03 4.156472E+00 8.950398E+00 
1.718876E-01 4.488361E-03 3.379923E-01 1.864892E-01 -1.365674E+00 5.838066E-01 -1.772951E-01 9.642765E-01 2.843816E-02 1.182504E-03 4.445066E+00 8.228244E+00 
1.775229E-01 3.502459E-03 3.302007E-01 1.860666E-01 -1.415870E+00 5.939031E-01 -1.385301E-01 9.519695E-01 2.459038E-02 9.707160E-04 4.390577E+00 8.800024E+00 
1.742705E-01 5.497661E-03 3.220981E-01 1.818777E-01 -1.372879E+00 5.892376E-01 -1.526367E-01 9.888141E-01 2.823682E-02 6.935969E-04 3.933274E+00 8.152776E+00 
1.788135E-01 4.531960E-03 3.449067E-01 1.890661E-01 -1.483620E+00 6.000000E-01 -1.490067E-01 9.716026E-01 2.704076E-02 1.038110E-03 4.178462E+00 9.185955E+00 
1.714302E-01 6.917418E-03 3.250277E-01 1.762337E-01 -1.415630E+00 5.792139E-01 -1.093964E-01 9.830914E-01 2.803982E-02 6.430482E-04 4.067768E+00 8.830549E+00 
1.799510E-01 5.908580E-03 3.262797E-01 1.817476E-01 -1.421900E+00 5.917674E-01 -2.000000E-01 9.362397E-01 2.662549E-02 1.106828E-03 3.850968E+00 8.840033E+00 
1.668490E-01 4.462072E-03 3.380216E-01 1.835390E-01 -1.435729E+00 5.837330E-01 -1.579433E-01 9.330985E-01 3.141507E-02 8.815858E-04 4.020516E+00 8.741865E+00 
1.758431E-01 5.151125E-03 3.295625E-01 1.849594E-01 -1.408846E+00 5.877011E-01 -1.597261E-01 9.470148E-01 2.726091E-02 5.655483E-04 3.828108E+00 9.071325E+00 
1.744343E-01 5.481904E-03 3.490002E-01 1.825877E-01 -1.399290E+00 5.666821E-01 -1.362432E-01 9.036931E-01 2.755431E-02 2.612967E-03 4.440256E+00 9.430901E+00 
1.834001E-01 4.699623E-03 3.361194E-01 1.887326E-01 -1.423460E+00 5.942201E-01 -1.897791E-01 9.518902E-01 2.497402E-02 8.448312E-04 4.395086E+00 9.025331E+00 
1.747231E-01 3.604307E-03 3.196377E-01 1.870221E-01 -1.473137E+00 5.796400E-01 -1.238340E-01 9.510476E-01 2.730723E-02 7.772877E-04 4.214991E+00 9.132564E+00 
1.813236E-01 5.265812E-03 3.439134E-01 1.805970E-01 -1.321662E+00 5.928244E-01 -1.258832E-01 8.632194E-01 2.709481E-02 6.368536E-05 3.790452E+00 9.190621E+00 
1.743715E-01 6.298385E-03 3.287057E-01 1.835021E-01 -1.466274E+00 5.861896E-01 -1.693344E-01 1.003725E+00 2.668859E-02 7.486615E-04 4.385908E+00 8.738656E+00 
1.829775E-01 5.046993E-03 3.387189E-01 1.801756E-01 -1.428553E+00 5.884755E-01 -1.880868E-01 1.006705E+00 2.656600E-02 4.200401E-04 4.183520E+00 8.946437E+00 
