1.678796E-01 6.421783E-03 3.715530E-01 1.785826E-01 -1.312049E+00 5.774787E-01 -1.802336E-01 9.357954E-01 2.477909E-02 3.725387E-04 4.047275E+00 8.655092E+00 
1.761899E-01 4.243479E-03 3.300063E-01 1.843018E-01 -1.396421E+00 5.900105E-01 -1.692802E-01 9.470615E-01 2.906379E-02 4.954873E-04 4.136477E+00 8.679664E+00 
1.807636E-01 4.179771E-03 3.124273E-01 1.884068E-01 -1.395644E+00 5.920546E-01 -1.309805E-01 9.696370E-01 2.875609E-02 8.609170E-04 4.040085E+00 8.590192E+00 
1.792856E-01 4.405840E-03 3.333877E-01 1.855339E-01 -1.414128E+00 5.897447E-01 -1.563063E-01 1.017540E+00 2.786106E-02 5.959990E-04 4.461667E+00 8.866342E+00 
1.817693E-01 4.993103E-03 3.527415E-01 1.894316E-01 -1.331775E+00 5.978355E-01 -1.507611E-01 9.664033E-01 2.857773E-02 5.981788E-04 4.768810E+00 9.678541E+00 
1.784270E-01 5.539894E-03 3.260402E-01 1.853210E-01 -1.406374E+00 5.750855E-01 -1.427250E-01 9.695680E-01 2.923350E-02 6.812000E-04 4.157893E+00 8.983283E+00 
1.655221E-01 4.767216E-03 3.460999E-01 1.698419E-01 -1.322312E+00 5.635244E-01 -1.343569E-01 9.673472E-01 3.133943E-02 1.802028E-03 3.993337E+00 1.015204E+01 
1.827926E-01 5.022739E-03 3.660249E-01 1.758039E-01 -1.420342E+00 5.924621E-01 -1.550457E-01 9.704324E-01 2.822607E-02 3.006529E-03 3.914570E+00 1.016981E+01 
1.836431E-01 6.810607E-03 3.411705E-01 1.862705E-01 -1.448523E+00 5.828920E-01 -1.658176E-01 9.423236E-01 2.691780E-02 1.219427E-03 4.801439E+00 8.802485E+00 
1.728856E-01 5.781105E-03 3.245133E-01 1.823137E-01 -1.452883E+00 5.663244E-01 -1.368872E-01 9.246531E-01 3.014190E-02 5.834314E-04 4.157955E+00 8.715746E+00 
1.749662E-01 4.742786E-03 3.161107E-01 1.853522E-01 -1.460663E+00 5.829653E-01 -1.240260E-01 9.679027E-01 2.731647E-02 8.397923E-04 3.986320E+00 7.748195E+00 
1.780337E-01 4.127494E-03 3.281011E-01 1.810546E-01 -1.371285E+00 5.915840E-01 -1.633053E-01 9.808157E-01 2.820874E-02 1.096372E-03 4.181695E+00 8.568511E+00 
1.758598E-01 4.840034E-03 3.447203E-01 1.847154E-01 -1.430499E+00 5.820442E-01 -1.161161E-01 1.019757E+00 2.813226E-02 4.890514E-03 4.240345E+00 9.169176E+00 
1.801168E-01 4.046182E-03 3.435916E-01 1.861795E-01 -1.402057E+00 5.911670E-01 -1.447050E-01 9.266810E-01 2.723188E-02 1.273482E-03 4.022888E+00 8.585115E+00 
1.607867E-01 5.086850E-03 3.213761E-01 1.858093E-01 -1.401181E+00 5.833794E-01 -1.326041E-01 9.727841E-01 2.791477E-02 6.560705E-04 4.164286E+00 8.305600E+00 
1.662735E-01 7.360042E-03 3.122880E-01 1.801067E-01 -1.405594E+00 5.841317E-01 -1.841563E-01 9.203887E-01 2.937634E-02 6.801379E-04 4.165885E+00 8.601697E+00 
1.686903E-01 3.553469E-03 3.320415E-01 1.817913E-01 -1.345188E+00 5.923868E-01 -1.432338E-01 9.528443E-01 2.920461E-02 7.359394E-04 3.876146E+00 8.741210E+00 
1.794355E-01 4.249739E-03 3.204838E-01 1.872219E-01 -1.385437E+00 5.937731E-01 -1.253963E-01 9.599224E-01 2.768244E-02 3.070707E-04 4.730852E+00 8.706684E+00 
1.714041E-01 4.961850E-03 3.263387E-01 1.854365E-01 -1.501994E+00 5.968051E-01 -1.224610E-01 9.542147E-01 2.964746E-02 7.625575E-04 4.560465E+00 8.926522E+00 
1.635221E-01 5.324562E-03 3.318102E-01 1.809642E-01 -1.394536E+00 5.853241E-01 -1.445002E-01 9.653190E-01 3.008757E-02 8.159028E-04 4.111883E+00 9.292684E+00 
1.717263E-01 4.941664E-03 3.257265E-01 1.856993E-01 -1.399109E+00 5.805245E-01 -1.382380E-01 9.915305E-01 2.766486E-02 9.233489E-04 4.283414E+00 8.569614E+00 
1.669683E-01 4.382427E-03 3.083760E-01 1.806165E-01 -1.361887E+00 5.778173E-01 -1.659645E-01 9.346738E-01 2.701123E-02 4.546278E-04 3.329812E+00 8.958090E+00 
1.752995E-01 5.948504E-03 3.417756E-01 1.866508E-01 -1.417577E+00 5.872904E-01 -1.671424E-01 9.603627E-01 2.793164E-02 8.251945E-04 4.044951E+00 8.777626E+00 
1.792808E-01 1.414285E-02 3.150583E-01 1.903578E-01 -1.401325E+00 5.728047E-01 -1.380289E-01 1.063718E+00 2.637982E-02 8.404774E-04 4.249160E+00 8.559741E+00 
1.836351E-01 5.675449E-03 3.438006E-01 1.850851E-01 -1.335797E+00 5.947760E-01 -1.667256E-01 9.312529E-01 2.652770E-02 4.716996E-04 4.062522E+00 8.887894E+00 
1.711817E-01 5.640641E-03 3.335529E-01 1.864355E-01 -1.383967E+00 5.787640E-01 -1.063234E-01 9.335231E-01 2.913502E-02 4.021881E-04 4.379158E+00 8.464066E+00 
1.753937E-01 3.736312E-03 3.179212E-01 1.767457E-01 -1.329368E+00 5.828441E-01 -1.560570E-01 9.594988E-01 2.839727E-02 8.552856E-04 3.596324E+00 8.741261E+00 
1.539739E-01 5.605937E-03 3.431209E-01 1.810024E-01 -1.405515E+00 5.495949E-01 -1.197911E-01 3.837445E-01 2.668715E-02 9.005878E-04 4.080698E+00 8.748370E+00 
1.653967E-01 5.324931E-03 3.333469E-01 1.826573E-01 -1.422131E+00 5.825632E-01 -1.628688E-01 9.608361E-01 2.992339E-02 9.333141E-04 4.213153E+00 8.302962E+00 
1.718639E-01 4.552773E-03 3.474102E-01 1.813144E-01 -1.403146E+00 5.781690E-01 -1.320603E-01 9.633736E-01 2.562471E-02 5.025216E-04 4.378524E+00 1.034887E+01 
1.740696E-01 4.008140E-03 3.207258E-01 1.849982E-01 -1.393175E+00 5.859182E-01 -1.188647E-01 9.498353E-01 2.715835E-02 9.822730E-04 3.991265E+00 7.538639E+00 
1.790646E-01 5.906555E-03 3.461558E-01 1.845911E-01 -1.359778E+00 5.916218E-01 -1.748635E-01 9.046008E-01 2.622830E-02 8.126900E-04 4.065151E+00 8.785531E+00 
1.713083E-01 4.346127E-03 3.200425E-01 1.843613E-01 -1.420202E+00 5.928871E-01 -1.456140E-01 9.536155E-01 2.782117E-02 5.536831E-04 4.020291E+00 8.788684E+00 
1.749364E-01 4.425783E-03 3.313193E-01 1.847024E-01 -1.366819E+00 5.823977E-01 -1.232377E-01 9.435976E-01 2.757634E-02 6.941081E-04 4.447315E+00 8.896096E+00 
1.786335E-01 5.408851E-03 3.339942E-01 1.857521E-01 -1.548726E+00 5.865540E-01 -1.459605E-01 9.727425E-01 2.733898E-02 8.874123E-04 4.473129E+00 8.524643E+00 
1.744120E-01 7.121860E-03 3.318797E-01 1.843865E-01 -1.309966E+00 6.000000E-01 -1.471384E-01 9.153413E-01 3.063587E-02 9.272582E-04 4.642173E+00 8.572518E+00 
1.658734E-01 5.010378E-03 3.164369E-01 1.857037E-01 -1.379913E+00 5.775237E-01 -1.184355E-01 9.377920E-01 2.735206E-02 1.082386E-03 4.300147E+00 8.756772E+00 
1.857348E-01 5.029313E-03 3.543730E-01 1.863840E-01 -1.345202E+00 5.963180E-01 -1.750743E-01 9.412493E-01 2.687904E-02 9.213879E-04 4.156650E+00 8.853494E+00 
1.861490E-01 5.882009E-03 3.336112E-01 1.813802E-01 -1.450154E+00 5.816098E-01 -1.479327E-01 9.527679E-01 2.819086E-02 7.064992E-04 4.028302E+00 8.173129E+00 
1.799993E-01 6.491876E-03 3.355441E-01 1.903354E-01 -1.432733E+00 5.923148E-01 -1.627871E-01 9.650322E-01 2.683192E-02 5.650789E-04 4.340180E+00 8.856445E+00 
1.831496E-01 6.074968E-03 3.347544E-01 1.848479E-01 -1.470523E+00 5.927445E-01 -1.789036E-01 9.357949E-01 2.659884E-02 4.747481E-04 4.183194E+00 9.112553E+00 
1.759823E-01 3.472026E-03 3.133210E-01 1.825600E-01 -1.372699E+00 5.856103E-01 -8.637620E-02 9.013543E-01 2.601206E-02 4.565556E-04 4.164599E+00 8.660957E+00 
1.723844E-01 4.190394E-03 3.076999E-01 1.860672E-01 -1.411016E+00 5.785003E-01 -1.595021E-01 9.731411E-01 2.912293E-02 7.421526E-04 4.593777E+00 8.667728E+00 
1.770339E-01 5.472144E-03 3.265866E-01 1.813656E-01 -1.477075E+00 5.825684E-01 -1.645953E-01 9.725923E-01 2.877607E-02 1.040719E-03 4.277179E+00 9.063040E+00 
1.618293E-01 5.966458E-03 3.194681E-01 1.856442E-01 -1.345952E+00 5.857614E-01 -1.727192E-01 9.726923E-01 2.835861E-02 1.191364E-03 4.221766E+00 8.410142E+00 
1.641645E-01 5.080062E-03 3.389433E-01 1.783959E-01 -1.265597E+00 5.845787E-01 -1.874753E-01 1.001816E+00 2.876536E-02 5.412676E-04 4.216822E+00 9.010304E+00 
1.773471E-01 4.487898E-03 3.235453E-01 1.868892E-01 -1.391998E+00 5.853578E-01 -1.634523E-01 1.004101E+00 2.717830E-02 5.209769E-04 4.158248E+00 9.107832E+00 
1.732854E-01 5.513263E-03 3.003825E-01 1.797655E-01 -1.437097E+00 5.783084E-01 -1.284242E-01 9.416778E-01 2.864837E-02 8.823745E-04 4.124929E+00 8.213409E+00 
1.693566E-01 7.000204E-03 3.288832E-01 1.820451E-01 -1.394622E+00 5.851176E-01 -8.294726E-02 9.500304E-01 2.802394E-02 2.133553E-03 3.699437E+00 8.820639E+00 
1.747940E-01 5.015363E-03 3.069000E-01 1.832573E-01 -1.365639E+00 5.770516E-01 -1.334455E-01 9.327823E-01 2.659191E-02 1.156064E-03 4.074152E+00 8.594367E+00 
1.608639E-01 4.958946E-03 3.286694E-01 1.854177E-01 -1.387031E+00 5.902022E-01 -1.416769E-01 1.008535E+00 2.760739E-02 5.220135E-04 4.079244E+00 9.119018E+00 
1.707610E-01 4.847225E-03 3.197043E-01 1.874304E-01 -1.440006E+00 5.890288E-01 -1.498228E-01 9.777646E-01 2.948629E-02 5.656712E-04 4.235009E+00 8.546718E+00 
1.897386E-01 6.085593E-03 3.325843E-01 1.907544E-01 -1.464800E+00 5.823747E-01 -1.603129E-01 9.459315E-01 2.671250E-02 2.752629E-04 4.431859E+00 9.305388E+00 
1.747756E-01 6.389436E-03 3.284167E-01 1.818867E-01 -1.351646E+00 5.900193E-01 -1.279929E-01 9.544782E-01 2.856303E-02 5.605971E-04 4.023921E+00 8.266425E+00 
1.816348E-01 4.907828E-03 3.410389E-01 1.866334E-01 -1.398173E+00 5.920347E-01 -1.519900E-01 9.565730E-01 2.796479E-02 1.339097E-03 4.072075E+00 9.254137E+00 
1.914664E-01 5.157832E-03 3.323346E-01 1.782579E-01 -1.417271E+00 5.807201E-01 -1.483036E-01 8.625836E-01 2.854428E-02 1.058834E-03 4.253599E+00 8.659006E+00 
1.662389E-01 4.781500E-03 3.237381E-01 1.821804E-01 -1.402966E+00 5.620811E-01 -1.110217E-01 8.906136E-01 2.769091E-02 1.166485E-03 3.948911E+00 8.420684E+00 
1.613961E-01 6.038616E-03 3.032856E-01 1.766046E-01 -1.361392E+00 5.967080E-01 -1.222235E-01 9.829469E-01 2.790241E-02 7.356450E-04 3.894914E+00 9.274426E+00 
1.744352E-01 4.369878E-03 3.162912E-01 1.832811E-01 -1.346389E+00 5.778762E-01 -1.200717E-01 9.530911E-01 2.691230E-02 4.601852E-04 4.021318E+00 8.390060E+00 
1.617079E-01 6.094476E-03 3.218335E-01 1.845913E-01 -1.420570E+00 5.849765E-01 -1.282712E-01 9.635324E-01 2.913678E-02 8.086174E-04 3.858603E+00 8.184225E+00 
1.754138E-01 4.483300E-03 3.224281E-01 1.830724E-01 -1.354906E+00 5.791165E-01 -1.123362E-01 9.414849E-01 2.851947E-02 3.764335E-04 4.376527E+00 8.127014E+00 
1.690669E-01 4.832699E-03 3.244330E-01 1.852697E-01 -1.438719E+00 5.855508E-01 -1.197311E-01 9.453918E-01 2.893495E-02 6.317708E-04 4.240294E+00 8.707111E+00 
1.785879E-01 4.852864E-03 3.290977E-01 1.875333E-01 -1.492656E+00 5.934119E-01 -1.284003E-01 9.630636E-01 2.436750E-02 1.241571E-03 3.975945E+00 9.264036E+00 
1.790774E-01 4.823389E-03 3.286315E-01 1.908416E-01 -1.405754E+00 5.887287E-01 -1.630869E-01 9.728197E-01 2.668092E-02 7.260638E-04 3.832624E+00 8.942245E+00 
1.813693E-01 4.984792E-03 3.250495E-01 1.825656E-01 -1.336324E+00 5.832094E-01 -1.443976E-01 9.322320E-01 2.759395E-02 6.843367E-04 4.109704E+00 8.607327E+00 
1.714497E-01 6.537900E-03 3.179567E-01 1.910417E-01 -1.397469E+00 5.962691E-01 -1.770465E-01 9.620106E-01 2.621787E-02 8.689658E-04 4.251931E+00 8.521420E+00 
1.733813E-01 4.245570E-03 3.298988E-01 1.830488E-01 -1.419539E+00 5.800166E-01 -1.287679E-01 9.347864E-01 2.577192E-02 8.349743E-04 4.006541E+00 9.828652E+00 
1.701810E-01 3.078658E-03 3.244371E-01 1.812364E-01 -1.400590E+00 5.878438E-01 -1.349583E-01 8.746691E-01 2.627246E-02 9.258155E-04 4.251386E+00 1.010977E+01 
1.727596E-01 4.984839E-03 3.166263E-01 1.794586E-01 -1.440838E+00 5.768773E-01 -1.292034E-01 9.266215E-01 3.088694E-02 6.251803E-04 4.149156E+00 8.491585E+00 
1.733500E-01 5.398945E-03 3.246818E-01 1.787389E-01 -1.299797E+00 5.690869E-01 -1.052819E-01 9.686520E-01 2.656679E-02 6.656995E-04 3.642405E+00 8.391354E+00 
1.674315E-01 4.897790E-03 3.199353E-01 1.825938E-01 -1.400173E+00 5.873866E-01 -1.390539E-01 9.663315E-01 2.841792E-02 5.635883E-04 4.290495E+00 8.596795E+00 
1.617001E-01 8.264067E-03 3.237249E-01 1.808079E-01 -1.350535E+00 5.586240E-01 -1.133343E-01 9.550108E-01 3.039168E-02 4.067552E-04 3.845009E+00 9.030839E+00 
1.375217E-01 6.028905E-03 3.128016E-01 1.781744E-01 -1.384264E+00 2.383779E-01 -1.253328E-01 1.019882E+00 2.777145E-02 1.576326E-03 3.760963E+00 8.664043E+00 
1.761139E-01 5.170375E-03 3.414305E-01 1.795726E-01 -1.471360E+00 5.944516E-01 -1.425820E-01 8.706274E-01 2.902069E-02 8.616099E-04 4.272216E+00 9.203839E+00 
1.867979E-01 5.669483E-03 3.486570E-01 1.842243E-01 -1.412838E+00 5.897136E-01 -1.278339E-01 9.524451E-01 2.804171E-02 1.098315E-03 4.588285E+00 9.262646E+00 
1.828556E-01 4.232624E-03 3.149407E-01 1.818621E-01 -1.381287E+00 5.854509E-01 -1.532794E-01 9.000741E-01 2.898474E-02 1.055871E-03 4.132374E+00 8.584095E+00 
1.691585E-01 2.917638E-03 3.247363E-01 1.828205E-01 -1.377335E+00 5.878296E-01 -1.785968E-01 9.527011E-01 2.814612E-02 9.610841E-04 4.148457E+00 8.069126E+00 
1.625324E-01 4.766402E-03 3.294090E-01 1.864137E-01 -1.428897E+00 5.892671E-01 -1.292827E-01 9.502082E-01 3.309243E-02 3.993571E-04 4.171891E+00 8.759638E+00 
1.683275E-01 4.001853E-03 3.408977E-01 1.832737E-01 -1.406578E+00 5.847897E-01 -1.684276E-01 9.174463E-01 2.510721E-02 6.125043E-04 3.967237E+00 9.354069E+00 
1.770806E-01 4.466909E-03 3.296510E-01 1.845216E-01 -1.377547E+00 5.966198E-01 -1.321203E-01 9.513354E-01 2.760120E-02 5.312805E-04 4.182982E+00 8.774034E+00 
1.671020E-01 3.710335E-03 3.234132E-01 1.835867E-01 -1.459148E+00 5.842439E-01 -7.909650E-02 8.753874E-01 2.608904E-02 6.559612E-04 4.550247E+00 9.672694E+00 
1.833932E-01 5.895929E-03 3.375557E-01 1.802414E-01 -1.399249E+00 5.797036E-01 -1.419982E-01 9.398187E-01 2.782718E-02 4.028046E-04 4.085002E+00 7.925174E+00 
1.676469E-01 3.576885E-03 3.247440E-01 1.822394E-01 -1.385448E+00 5.875048E-01 -1.656057E-01 9.667127E-01 2.739068E-02 3.939597E-04 4.215130E+00 9.027453E+00 
1.545888E-01 5.451844E-03 3.775871E-01 1.884982E-01 -1.524497E+00 5.911612E-01 -1.281960E-01 9.535356E-01 2.780797E-02 6.490114E-04 4.286720E+00 8.986619E+00 
1.652908E-01 3.230893E-03 3.347562E-01 1.894687E-01 -1.432519E+00 5.941644E-01 -1.179254E-01 9.458888E-01 2.735459E-02 3.059595E-04 4.380750E+00 9.281554E+00 
1.756230E-01 5.094643E-03 2.836427E-01 1.816728E-01 -1.392420E+00 5.451802E-01 -1.180580E-01 1.004273E+00 2.662007E-02 0.000000E+00 3.868894E+00 8.762457E+00 
1.061038E-01 6.644238E-03 3.174489E-01 1.640500E-01 -1.372748E+00 4.295370E-01 -1.243653E-01 7.136652E-01 2.809649E-02 7.326182E-04 3.627198E+00 8.991837E+00 
1.698645E-01 3.158896E-03 3.192452E-01 1.809588E-01 -1.368023E+00 5.851361E-01 -1.340983E-01 9.717630E-01 2.586498E-02 3.361930E-04 3.728841E+00 8.757379E+00 
1.827520E-01 1.083109E-02 3.621475E-01 1.903046E-01 -1.350884E+00 5.967656E-01 -1.574824E-01 9.673768E-01 2.670981E-02 4.121644E-05 4.687308E+00 8.810564E+00 
1.714920E-01 5.098566E-03 3.429854E-01 1.831771E-01 -1.388538E+00 5.837616E-01 -9.051071E-02 9.263557E-01 2.817368E-02 6.637489E-04 3.690879E+00 9.028888E+00 
1.635513E-01 6.361810E-03 3.393410E-01 1.696313E-01 -1.414499E+00 5.987579E-01 -1.435041E-01 1.028053E+00 2.769152E-02 3.161946E-03 4.294809E+00 1.103460E+01 
1.666175E-01 5.535089E-03 3.329042E-01 1.818251E-01 -1.358707E+00 5.861899E-01 -1.764248E-01 9.823276E-01 2.858749E-02 8.860689E-04 4.265738E+00 8.310317E+00 
1.647324E-01 3.577938E-02 3.974869E-01 1.684196E-01 -1.432469E+00 5.340899E-01 -4.509423E-02 9.472121E-01 2.981930E-02 3.555833E-03 4.029819E+00 1.069665E+01 
1.728755E-01 3.536895E-03 3.385096E-01 1.821846E-01 -1.407859E+00 5.947502E-01 -1.411317E-01 9.466131E-01 2.694923E-02 3.110881E-04 4.262786E+00 8.773662E+00 
1.953852E-01 4.496835E-03 3.146073E-01 1.855393E-01 -1.415445E+00 5.769513E-01 -1.054460E-01 9.775628E-01 2.677068E-02 5.353283E-04 3.647168E+00 8.489509E+00 
1.818859E-01 5.544173E-03 3.501694E-01 1.902636E-01 -1.359196E+00 5.870065E-01 -1.181520E-01 9.382942E-01 2.685712E-02 8.798326E-04 4.412492E+00 8.948247E+00 
1.635338E-01 4.778386E-03 3.302719E-01 1.790445E-01 -1.452513E+00 5.897825E-01 -1.476869E-01 9.398142E-01 2.887862E-02 6.095478E-04 3.988858E+00 8.919255E+00 
1.739933E-01 4.798985E-03 3.000604E-01 1.816284E-01 -1.402173E+00 5.756071E-01 -1.339913E-01 9.446764E-01 2.788145E-02 6.144926E-04 4.110107E+00 1.018847E+01 
1.733042E-01 3.970508E-03 3.134047E-01 1.799101E-01 -1.394973E+00 5.669345E-01 -9.140947E-02 1.018859E+00 2.853721E-02 3.798699E-04 4.021599E+00 9.254828E+00 
1.751303E-01 5.293997E-03 3.079571E-01 1.849773E-01 -1.374655E+00 5.833082E-01 -1.347666E-01 9.915134E-01 2.806363E-02 4.828535E-04 4.080768E+00 8.504369E+00 
1.707973E-01 4.132213E-03 3.410689E-01 1.825991E-01 -1.414799E+00 5.822545E-01 -1.543131E-01 9.535855E-01 2.684622E-02 9.492457E-04 4.183597E+00 8.740886E+00 
1.666187E-01 4.806433E-03 3.250084E-01 1.828934E-01 -1.441285E+00 5.881245E-01 -1.279438E-01 9.714670E-01 2.836368E-02 4.349291E-04 4.156829E+00 8.604887E+00 
1.717415E-01 5.602046E-03 3.254532E-01 1.836561E-01 -1.383891E+00 5.874203E-01 -1.285523E-01 9.858934E-01 2.952780E-02 8.739546E-04 4.121851E+00 9.347930E+00 
1.755397E-01 5.830062E-03 3.140793E-01 1.820684E-01 -1.388400E+00 5.768219E-01 -1.155036E-01 9.145370E-01 2.882663E-02 3.075317E-04 3.537870E+00 8.864059E+00 
1.751126E-01 7.663528E-03 3.290891E-01 1.895178E-01 -1.576327E+00 5.796364E-01 -1.449193E-01 9.720953E-01 2.342924E-02 0.000000E+00 4.432362E+00 8.837697E+00 
1.808317E-01 5.381384E-03 3.502356E-01 1.867121E-01 -1.407671E+00 5.830900E-01 -1.815424E-01 9.662162E-01 2.677937E-02 6.814610E-04 4.346172E+00 8.759695E+00 
1.750117E-01 4.577676E-03 3.346123E-01 1.838453E-01 -1.385168E+00 5.903503E-01 -1.429232E-01 9.744095E-01 2.608268E-02 7.754876E-04 3.720513E+00 8.722152E+00 
1.787049E-01 5.477210E-03 3.316514E-01 1.839380E-01 -1.369022E+00 5.793749E-01 -1.289049E-01 9.604885E-01 2.663735E-02 1.222688E-03 4.178628E+00 9.091569E+00 
1.697683E-01 1.165481E-02 3.067544E-01 1.960929E-01 -1.242313E+00 5.764324E-01 -1.538946E-01 9.424433E-01 2.766144E-02 7.365775E-04 5.297892E+00 8.235044E+00 
1.233195E-01 1.000000E-04 3.286322E-01 1.890093E-01 -1.369034E+00 6.000000E-01 -1.700171E-01 9.319745E-01 2.636236E-02 5.779111E-04 4.400190E+00 8.720437E+00 
1.891801E-01 3.852005E-03 3.203524E-01 1.791281E-01 -1.420709E+00 5.851567E-01 -1.597586E-01 9.118570E-01 2.794465E-02 4.406680E-04 4.212349E+00 9.059011E+00 
1.748306E-01 4.293986E-03 3.231519E-01 1.831538E-01 -1.390316E+00 5.912044E-01 -1.429156E-01 9.701289E-01 2.781864E-02 6.010607E-04 4.071790E+00 8.943967E+00 
1.758090E-01 4.289057E-03 2.910434E-01 1.851545E-01 -1.388050E+00 5.849223E-01 -1.287528E-01 9.238229E-01 2.788196E-02 3.601736E-04 4.271756E+00 8.555293E+00 
1.138739E-01 2.890397E-02 3.342312E-01 1.715646E-01 -1.371509E+00 5.719265E-01 -1.340506E-01 9.409302E-01 2.719233E-02 1.244867E-03 4.302327E+00 8.842772E+00 
1.787881E-01 5.032046E-03 3.100413E-01 1.865275E-01 -1.419502E+00 5.780410E-01 -1.477477E-01 9.642897E-01 2.578083E-02 6.284468E-04 4.237386E+00 8.216457E+00 
1.500770E-01 3.099326E-03 3.217130E-01 1.827382E-01 -1.430112E+00 6.000000E-01 -1.788844E-01 9.468773E-01 2.844095E-02 1.055165E-03 4.233860E+00 8.909425E+00 
1.758992E-01 4.336201E-03 3.222620E-01 1.823605E-01 -1.498026E+00 5.717737E-01 -1.162236E-01 9.506538E-01 2.896637E-02 9.516485E-04 3.555916E+00 8.666980E+00 
1.738355E-01 3.445822E-03 3.360344E-01 1.801438E-01 -1.375299E+00 5.923229E-01 -1.260916E-01 9.291289E-01 2.793116E-02 6.240422E-04 4.167664E+00 8.966382E+00 
1.765305E-01 5.206519E-03 3.309207E-01 1.805898E-01 -1.491621E+00 5.849149E-01 -1.462769E-01 9.724353E-01 2.636444E-02 6.555848E-04 4.350099E+00 8.920254E+00 
1.779010E-01 4.351612E-03 3.542106E-01 2.000000E-01 -1.451980E+00 5.938469E-01 -1.347760E-01 9.431054E-01 2.524916E-02 4.836597E-04 4.401232E+00 8.615133E+00 
1.823205E-01 4.852742E-03 3.392403E-01 1.776294E-01 -1.497226E+00 5.903099E-01 -1.794817E-01 9.313210E-01 2.844066E-02 5.285904E-04 4.264932E+00 9.010684E+00 
1.729281E-01 6.811102E-03 3.409616E-01 1.871587E-01 -1.375452E+00 5.967688E-01 -1.598021E-01 9.941077E-01 2.806815E-02 1.794151E-03 3.985798E+00 8.789824E+00 
1.846539E-01 5.883706E-03 3.276341E-01 1.859636E-01 -1.425329E+00 5.800176E-01 -1.232273E-01 9.571427E-01 2.853042E-02 1.305156E-04 4.098040E+00 8.445247E+00 
1.741257E-01 5.826307E-03 3.264595E-01 1.841437E-01 -1.350835E+00 5.874649E-01 -1.387261E-01 9.856023E-01 2.619906E-02 2.110921E-04 4.065901E+00 8.258985E+00 
1.766522E-01 6.766891E-03 3.493943E-01 1.832678E-01 -1.392591E+00 5.973514E-01 -1.471468E-01 9.719343E-01 2.715829E-02 3.639949E-03 3.919829E+00 8.870732E+00 
1.727498E-01 5.278494E-03 3.322650E-01 1.821216E-01 -1.387998E+00 5.762113E-01 -1.912215E-01 9.454963E-01 2.687995E-02 7.709862E-04 4.362006E+00 9.205378E+00 
1.723154E-01 3.882723E-03 2.994482E-01 1.826500E-01 -1.415674E+00 5.788287E-01 -1.208064E-01 9.887879E-01 3.212407E-02 4.801329E-03 3.907825E+00 9.231347E+00 
1.734557E-01 4.792637E-03 3.325804E-01 1.832736E-01 -1.388380E+00 5.871073E-01 -1.078255E-01 9.218667E-01 2.692485E-02 8.466624E-04 4.146528E+00 8.575008E+00 
1.770272E-01 4.694158E-03 3.385068E-01 1.844258E-01 -1.446034E+00 5.767059E-01 -1.208372E-01 9.257355E-01 2.737383E-02 7.225492E-04 4.440118E+00 8.690128E+00 
1.820845E-01 5.129554E-03 3.319596E-01 1.838212E-01 -1.395046E+00 5.940948E-01 -1.471427E-01 9.476004E-01 2.496066E-02 4.250723E-04 3.745230E+00 8.571678E+00 
1.683717E-01 4.882827E-03 3.336464E-01 1.764812E-01 -1.455396E+00 5.763220E-01 -1.636884E-01 9.438858E-01 2.823338E-02 1.075518E-03 4.191575E+00 8.271013E+00 
1.846471E-01 4.780924E-03 3.293136E-01 1.828441E-01 -1.390795E+00 5.878868E-01 -1.676334E-01 9.656767E-01 2.678460E-02 6.122808E-04 4.021595E+00 9.244051E+00 
1.596211E-01 3.909946E-03 3.375121E-01 1.866243E-01 -1.315815E+00 5.911172E-01 -1.679007E-01 9.483800E-01 2.911515E-02 8.435214E-04 3.802338E+00 8.859734E+00 
1.783544E-01 5.981220E-03 3.189369E-01 1.862249E-01 -1.392350E+00 5.945476E-01 -1.634242E-01 9.590838E-01 2.564238E-02 9.794558E-04 3.929534E+00 8.839339E+00 
1.690251E-01 4.592775E-03 3.198085E-01 1.840300E-01 -1.382724E+00 5.859079E-01 -1.382091E-01 9.484601E-01 2.799270E-02 4.712809E-04 3.924353E+00 7.964039E+00 
1.699272E-01 4.682626E-03 3.275378E-01 1.755067E-01 -1.422681E+00 5.729971E-01 -1.459999E-01 8.949764E-01 3.034960E-02 1.597194E-03 3.932478E+00 8.890592E+00 
1.807907E-01 5.174958E-03 3.251320E-01 1.809537E-01 -1.436452E+00 5.741143E-01 -1.479813E-01 9.518144E-01 2.770943E-02 6.329934E-04 4.271641E+00 8.503980E+00 
1.571439E-01 6.591582E-03 3.403463E-01 1.879825E-01 -1.440937E+00 6.000000E-01 -1.728302E-01 9.398350E-01 2.507152E-02 7.581590E-04 4.304340E+00 8.835397E+00 
1.759966E-01 2.181591E-02 3.253694E-01 1.785325E-01 -1.359385E+00 5.323660E-01 -1.464169E-01 9.181647E-01 2.962436E-02 3.504050E-04 4.275432E+00 8.704187E+00 
1.725179E-01 2.310214E-03 3.222447E-01 1.827837E-01 -1.398917E+00 5.831829E-01 -1.112876E-01 9.532248E-01 2.792804E-02 6.752833E-04 3.815194E+00 8.566698E+00 
1.775672E-01 5.403934E-03 3.269197E-01 1.838617E-01 -1.363048E+00 5.919541E-01 -1.487639E-01 9.906314E-01 2.780933E-02 1.657740E-03 4.126899E+00 9.144189E+00 
1.790328E-01 6.048459E-03 3.303129E-01 1.777245E-01 -1.437313E+00 5.612499E-01 -1.325566E-01 9.748498E-01 2.754504E-02 1.292983E-03 4.285189E+00 8.836948E+00 
1.690141E-01 3.778828E-03 3.477099E-01 1.795779E-01 -1.404397E+00 5.967726E-01 -1.518925E-01 9.308296E-01 2.851084E-02 7.408761E-04 4.125064E+00 9.752785E+00 
1.896875E-01 4.347909E-03 3.178526E-01 1.828538E-01 -1.341227E+00 5.806332E-01 -1.535613E-01 9.033324E-01 2.864659E-02 6.758172E-04 4.093430E+00 7.961923E+00 
1.723071E-01 4.152754E-03 3.298325E-01 1.860388E-01 -1.401079E+00 5.950350E-01 -1.587770E-01 9.471025E-01 2.748484E-02 8.171449E-04 4.018783E+00 8.837534E+00 
1.770870E-01 4.043602E-03 3.176555E-01 1.825632E-01 -1.402231E+00 5.921402E-01 -1.334389E-01 9.997016E-01 3.045315E-02 8.965634E-04 4.085688E+00 9.086567E+00 
1.808740E-01 4.656324E-03 3.279379E-01 1.889365E-01 -1.404241E+00 5.933489E-01 -1.383866E-01 9.861321E-01 2.654569E-02 5.572119E-04 4.190396E+00 8.926273E+00 
1.615568E-01 5.627098E-03 3.193532E-01 1.840045E-01 -1.498389E+00 5.956243E-01 -1.174542E-01 9.384036E-01 2.726889E-02 3.759116E-04 3.883740E+00 8.502002E+00 
1.792035E-01 6.227896E-03 3.472686E-01 1.855848E-01 -1.400361E+00 5.953968E-01 -1.392609E-01 9.692038E-01 2.845114E-02 4.892182E-04 3.906195E+00 8.051142E+00 
1.745436E-01 3.815406E-03 3.417359E-01 1.837905E-01 -1.292406E+00 5.831244E-01 -1.263584E-01 9.784258E-01 2.932858E-02 7.474542E-04 4.128291E+00 8.081305E+00 
9.960151E-02 1.000317E-02 3.258918E-01 1.665569E-01 -1.401212E+00 3.773483E-01 -7.566669E-02 4.690889E-01 3.022138E-02 9.250722E-04 4.098068E+00 9.529703E+00 
1.756566E-01 4.908666E-03 3.338276E-01 1.867278E-01 -1.377795E+00 5.860471E-01 -1.634949E-01 9.356036E-01 2.733053E-02 3.881984E-04 4.339455E+00 9.221693E+00 
1.921041E-01 3.773173E-03 3.480154E-01 1.839563E-01 -1.419865E+00 5.919792E-01 -1.466106E-01 9.730479E-01 2.578276E-02 3.789247E-04 3.921164E+00 8.760653E+00 
1.787222E-01 4.778078E-03 3.232368E-01 1.842282E-01 -1.459836E+00 5.831212E-01 -1.399795E-01 9.494418E-01 2.838989E-02 6.395910E-04 4.162412E+00 9.183815E+00 
1.685890E-01 4.990705E-03 3.246266E-01 1.864109E-01 -1.449572E+00 5.872146E-01 -1.531766E-01 9.974685E-01 2.737439E-02 1.274584E-03 4.105250E+00 9.902769E+00 
1.777179E-01 4.224681E-03 3.249593E-01 1.861972E-01 -1.441079E+00 5.888360E-01 -1.331785E-01 9.367068E-01 2.720030E-02 9.701935E-04 4.372993E+00 9.439888E+00 
1.709000E-01 3.718860E-03 3.277705E-01 1.853640E-01 -1.411895E+00 5.982870E-01 -1.530741E-01 9.760424E-01 2.716132E-02 5.723875E-04 4.129351E+00 8.744722E+00 
1.798971E-01 4.609428E-03 3.186900E-01 1.839189E-01 -1.380153E+00 5.749870E-01 -1.197645E-01 9.210304E-01 2.745322E-02 1.010725E-03 4.117955E+00 8.954152E+00 
1.789750E-01 5.231880E-03 3.021018E-01 1.846591E-01 -1.487789E+00 5.894796E-01 -1.506423E-01 9.883502E-01 2.897329E-02 8.400569E-04 3.989154E+00 8.468310E+00 
1.772814E-01 5.974752E-03 3.539183E-01 1.868861E-01 -1.451752E+00 5.984177E-01 -1.531902E-01 9.577313E-01 2.599404E-02 8.605654E-04 4.148572E+00 9.350121E+00 
1.775206E-01 4.083647E-03 3.290377E-01 1.849159E-01 -1.440537E+00 5.914491E-01 -1.492512E-01 9.796373E-01 2.778952E-02 6.300257E-04 4.341231E+00 8.935865E+00 
1.783709E-01 3.445481E-03 3.224419E-01 1.835522E-01 -1.337290E+00 5.824524E-01 -9.610384E-02 9.458023E-01 2.587891E-02 5.598907E-04 4.236790E+00 8.789067E+00 
1.636992E-01 4.924403E-03 3.280249E-01 1.858232E-01 -1.367745E+00 5.880063E-01 -1.265932E-01 9.540766E-01 2.838906E-02 4.974614E-04 4.283845E+00 9.046599E+00 
1.728289E-01 2.083507E-03 3.386091E-01 1.824009E-01 -1.406575E+00 5.922518E-01 -1.396722E-01 9.354721E-01 2.977695E-02 7.245261E-04 3.773838E+00 8.776551E+00 
1.692183E-01 6.124705E-03 3.245559E-01 1.820624E-01 -1.396824E+00 5.758763E-01 -1.246282E-01 9.043760E-01 3.273553E-02 4.874492E-04 3.787024E+00 8.538903E+00 
1.722334E-01 7.557455E-03 3.212307E-01 1.839920E-01 -1.414689E+00 5.905200E-01 -9.132479E-02 9.672103E-01 2.949392E-02 8.049553E-04 4.105578E+00 8.954320E+00 
1.741426E-01 4.979002E-03 3.295156E-01 1.814613E-01 -1.386906E+00 5.771464E-01 -1.432066E-01 9.720330E-01 2.575012E-02 8.352539E-04 4.417385E+00 8.766032E+00 
1.887265E-01 5.577126E-03 3.394440E-01 1.844759E-01 -1.401459E+00 5.818752E-01 -1.529377E-01 9.529563E-01 2.799451E-02 1.064819E-03 4.014009E+00 8.862036E+00 
1.715307E-01 4.764047E-03 3.119958E-01 1.816046E-01 -1.395865E+00 5.911755E-01 -1.692864E-01 9.781006E-01 2.889022E-02 6.842702E-04 3.967835E+00 8.991351E+00 
1.735875E-01 4.051472E-03 3.363283E-01 1.827752E-01 -1.295467E+00 5.863809E-01 -1.632181E-01 1.006671E+00 2.766789E-02 3.183103E-04 4.271696E+00 8.742309E+00 
1.553011E-01 1.169829E-02 3.271165E-01 1.802486E-01 -1.370747E+00 5.638940E-01 -1.241422E-01 9.457644E-01 3.040022E-02 1.594818E-03 3.515232E+00 8.903394E+00 
1.717475E-01 4.331202E-03 3.294650E-01 1.870727E-01 -1.395558E+00 5.893447E-01 -1.284640E-01 9.714672E-01 2.823015E-02 6.826365E-04 3.960003E+00 9.386778E+00 
1.683977E-01 4.107900E-03 3.137418E-01 1.835732E-01 -1.453423E+00 5.775547E-01 -1.141068E-01 9.365401E-01 2.583807E-02 8.075478E-04 3.928165E+00 8.336245E+00 
1.743934E-01 4.179410E-03 2.937727E-01 1.839584E-01 -1.375885E+00 5.794986E-01 -1.326125E-01 9.569142E-01 2.776681E-02 1.192690E-03 3.582311E+00 8.746064E+00 
1.746923E-01 4.971739E-03 3.334651E-01 1.814368E-01 -1.643443E+00 5.968443E-01 -1.735397E-01 9.409613E-01 2.388818E-02 3.932835E-04 4.580986E+00 8.944858E+00 
1.624532E-01 4.179101E-03 3.287814E-01 1.840817E-01 -1.405201E+00 5.755300E-01 -1.120734E-01 9.364843E-01 2.823905E-02 1.452236E-03 4.493850E+00 8.542242E+00 
1.640252E-01 6.481765E-03 3.231333E-01 1.824271E-01 -1.374116E+00 5.836813E-01 -1.245539E-01 9.756429E-01 2.955621E-02 9.739998E-04 3.801629E+00 9.561488E+00 
1.797252E-01 3.654095E-03 3.402702E-01 1.831612E-01 -1.431892E+00 5.980652E-01 -1.263895E-01 9.618155E-01 2.626494E-02 8.073722E-04 4.017639E+00 8.521859E+00 
1.735189E-01 4.277899E-03 3.178572E-01 1.856924E-01 -1.397315E+00 5.981023E-01 -1.446359E-01 9.627326E-01 2.738642E-02 5.954568E-04 4.070739E+00 9.044242E+00 
1.592843E-01 5.430636E-03 3.302147E-01 1.883497E-01 -1.381817E+00 5.858721E-01 -1.610140E-01 9.532320E-01 2.914471E-02 1.071265E-03 4.082295E+00 8.048616E+00 
1.815575E-01 5.717646E-03 3.130186E-01 1.831883E-01 -1.375769E+00 5.777033E-01 -1.131563E-01 8.941179E-01 2.804601E-02 3.640150E-04 4.394922E+00 8.720873E+00 
1.567493E-01 4.738853E-03 3.168909E-01 1.811361E-01 -1.421864E+00 5.775360E-01 -1.052414E-01 9.914773E-01 2.785859E-02 4.003257E-04 4.116238E+00 8.570666E+00 
1.763972E-01 4.624103E-03 3.232959E-01 1.799899E-01 -1.447574E+00 5.713601E-01 -9.525841E-02 9.717755E-01 2.725458E-02 0.000000E+00 3.886158E+00 9.086255E+00 
1.687878E-01 5.578855E-03 3.294571E-01 1.827961E-01 -1.511116E+00 5.940961E-01 -1.552816E-01 9.332105E-01 2.860253E-02 7.907505E-04 4.195334E+00 8.110953E+00 
1.832029E-01 3.457551E-03 3.369690E-01 1.860191E-01 -1.411378E+00 5.957121E-01 -1.164392E-01 9.653879E-01 2.807549E-02 8.034494E-04 4.009337E+00 1.019979E+01 
1.696792E-01 5.045768E-03 3.394402E-01 1.833258E-01 -1.394951E+00 5.930108E-01 -1.916486E-01 9.402527E-01 2.631506E-02 7.537993E-04 4.248646E+00 8.492276E+00 
1.748146E-01 6.027417E-03 3.379864E-01 1.862670E-01 -1.340991E+00 5.975143E-01 -1.510750E-01 9.646530E-01 2.689107E-02 3.546797E-04 4.308572E+00 8.426389E+00 
1.725420E-01 3.723611E-03 3.415488E-01 1.842245E-01 -1.379122E+00 5.976750E-01 -1.205265E-01 8.855612E-01 2.728228E-02 4.546604E-04 4.242341E+00 9.121741E+00 
1.730611E-01 5.328429E-03 3.447909E-01 1.842665E-01 -1.395947E+00 5.751598E-01 -1.287643E-01 9.401195E-01 2.859424E-02 7.325180E-04 4.062748E+00 9.441567E+00 
1.591280E-01 5.179190E-03 3.248317E-01 1.787081E-01 -1.430915E+00 5.758903E-01 -1.106048E-01 9.421265E-01 2.753522E-02 1.206221E-03 3.859990E+00 8.612541E+00 
1.781464E-01 4.474184E-03 3.276697E-01 1.819218E-01 -1.319078E+00 5.963616E-01 -1.331577E-01 9.657242E-01 2.739955E-02 7.389963E-04 4.588901E+00 8.934762E+00 
1.822802E-01 4.708490E-03 3.223374E-01 1.818435E-01 -1.441575E+00 5.971289E-01 -1.319117E-01 9.883355E-01 2.957982E-02 8.014525E-04 4.109055E+00 9.412742E+00 
1.506627E-01 3.504856E-02 3.358244E-01 1.835787E-01 -1.434932E+00 5.577291E-01 -1.630933E-01 1.002758E+00 2.706179E-02 7.979381E-04 4.205543E+00 8.489648E+00 
1.753585E-01 3.945898E-03 3.091048E-01 1.860355E-01 -1.386597E+00 5.737564E-01 -9.785520E-02 9.693123E-01 2.842371E-02 6.435901E-04 4.075010E+00 8.817858E+00 
1.725211E-01 5.058575E-03 3.248088E-01 1.797470E-01 -1.382778E+00 5.873000E-01 -1.059403E-01 9.412056E-01 3.013271E-02 9.054182E-04 4.088047E+00 8.565268E+00 
1.682897E-01 4.516425E-03 3.171298E-01 1.825783E-01 -1.409648E+00 5.769109E-01 -1.476457E-01 9.532482E-01 2.701784E-02 2.971953E-04 4.200612E+00 8.080843E+00 
1.836133E-01 4.787722E-03 3.285794E-01 1.818725E-01 -1.462853E+00 5.664675E-01 -1.418439E-01 9.591573E-01 2.714158E-02 6.433558E-04 4.392514E+00 8.734750E+00 
1.796388E-01 4.621020E-03 3.161956E-01 1.852271E-01 -1.432929E+00 5.704983E-01 -1.494444E-01 1.006791E+00 2.748839E-02 4.347521E-04 4.123523E+00 9.116711E+00 
1.720836E-01 4.590230E-03 3.324148E-01 1.858535E-01 -1.426091E+00 5.894210E-01 -1.296782E-01 9.396309E-01 2.823537E-02 1.026156E-03 4.014847E+00 9.457557E+00 
1.789531E-01 5.865138E-03 3.536712E-01 1.809478E-01 -1.394347E+00 5.902218E-01 -1.534712E-01 9.688049E-01 2.522058E-02 5.606705E-04 4.146495E+00 9.026122E+00 
1.649115E-01 4.341857E-03 3.107746E-01 1.868972E-01 -1.414948E+00 5.915583E-01 -1.389398E-01 9.606579E-01 2.982557E-02 1.150095E-03 3.851189E+00 9.435390E+00 
1.843792E-01 5.515457E-03 3.175234E-01 1.821778E-01 -1.461915E+00 5.897897E-01 -1.538577E-01 9.657979E-01 2.597166E-02 6.041882E-04 3.922833E+00 9.274459E+00 
1.822013E-01 4.831840E-03 3.120237E-01 1.863831E-01 -1.306467E+00 5.921356E-01 -1.500361E-01 9.444499E-01 2.836641E-02 6.238280E-04 4.258021E+00 8.703816E+00 
1.789252E-01 4.382578E-03 3.083302E-01 1.829933E-01 -1.444623E+00 5.594639E-01 -1.233695E-01 9.964842E-01 2.524086E-02 7.737255E-04 4.196135E+00 8.790611E+00 
1.685500E-01 5.425909E-03 3.365105E-01 1.851296E-01 -1.382154E+00 5.842192E-01 -1.331565E-01 9.547496E-01 2.696332E-02 6.981835E-04 3.630703E+00 9.212207E+00 
1.680191E-01 4.506131E-03 3.012480E-01 1.799727E-01 -1.367061E+00 5.792912E-01 -1.131066E-01 9.257137E-01 2.801922E-02 4.787389E-04 3.778020E+00 8.427590E+00 
1.706045E-01 6.115659E-03 2.981617E-01 1.813873E-01 -1.380814E+00 5.776012E-01 -1.113211E-01 9.329235E-01 2.735593E-02 9.978914E-04 4.029071E+00 8.465498E+00 
1.864376E-01 4.402598E-03 3.470602E-01 1.841015E-01 -1.380159E+00 5.886107E-01 -1.580131E-01 9.569178E-01 2.696766E-02 9.565219E-04 3.953622E+00 8.979668E+00 
1.810876E-01 5.147825E-03 3.444425E-01 1.865910E-01 -1.350462E+00 5.951432E-01 -1.787356E-01 9.311146E-01 2.543210E-02 8.845020E-04 4.081024E+00 8.795913E+00 
1.771089E-01 5.243980E-03 3.265267E-01 1.827420E-01 -1.503728E+00 5.718034E-01 -1.405781E-01 9.876184E-01 2.886090E-02 2.869378E-04 4.265129E+00 8.884975E+00 
1.753211E-01 5.792561E-03 3.386510E-01 1.837843E-01 -1.390056E+00 5.929280E-01 -1.579017E-01 9.510650E-01 2.767972E-02 5.601958E-04 4.526811E+00 8.623275E+00 
1.763023E-01 5.242069E-03 3.235807E-01 1.854170E-01 -1.385973E+00 5.850564E-01 -9.490577E-02 9.501804E-01 2.857332E-02 9.740396E-04 4.258818E+00 9.024886E+00 
1.727663E-01 5.379593E-03 3.255540E-01 1.860719E-01 -1.381482E+00 5.852678E-01 -1.368263E-01 9.516368E-01 3.014334E-02 9.974691E-04 4.049234E+00 9.001504E+00 
1.203387E-01 2.425397E-02 3.845962E-01 1.742910E-01 -1.284372E+00 5.137113E-01 -6.763098E-02 8.400609E-01 2.871716E-02 2.314796E-03 4.576188E+00 9.640783E+00 
1.679557E-01 4.855094E-03 2.995048E-01 1.779336E-01 -1.454542E+00 5.806846E-01 -1.522126E-01 9.288865E-01 2.814712E-02 8.141435E-04 3.964752E+00 8.986151E+00 
1.768147E-01 5.964740E-03 3.284906E-01 1.832564E-01 -1.455940E+00 5.779966E-01 -1.511416E-01 9.626213E-01 2.661785E-02 8.963552E-04 4.474189E+00 9.032850E+00 
1.793351E-01 5.184021E-03 3.246835E-01 1.768882E-01 -1.367790E+00 5.811383E-01 -1.208813E-01 9.579355E-01 2.710147E-02 6.044291E-04 4.147236E+00 8.581312E+00 
1.746045E-01 4.750710E-03 3.279967E-01 1.888275E-01 -1.452290E+00 5.904892E-01 -1.534830E-01 9.683223E-01 2.756606E-02 4.687955E-04 4.034403E+00 8.135956E+00 
1.808476E-01 4.884642E-03 3.164738E-01 1.823884E-01 -1.387221E+00 5.931009E-01 -1.524448E-01 9.658058E-01 2.753654E-02 2.553158E-05 3.955678E+00 9.381698E+00 
1.825734E-01 1.023341E-02 3.256076E-01 1.792255E-01 -1.426761E+00 5.531491E-01 -1.352225E-01 9.034760E-01 2.913026E-02 5.779348E-04 4.249207E+00 9.859460E+00 
1.763230E-01 4.259945E-03 3.329048E-01 1.848092E-01 -1.365270E+00 5.934973E-01 -1.604761E-01 9.339907E-01 2.732818E-02 7.202170E-04 4.211101E+00 8.782982E+00 
1.811834E-01 4.291778E-03 3.136231E-01 1.836634E-01 -1.430945E+00 5.837994E-01 -1.253129E-01 9.664164E-01 2.755533E-02 6.127160E-04 4.232645E+00 8.532584E+00 
1.657831E-01 6.232125E-03 3.466484E-01 1.844010E-01 -1.374049E+00 5.934426E-01 -1.548005E-01 9.773929E-01 2.635104E-02 7.066369E-04 4.098933E+00 8.747628E+00 
1.765096E-01 4.832061E-03 3.354699E-01 1.879969E-01 -1.355301E+00 5.908182E-01 -1.477723E-01 9.589010E-01 2.560404E-02 7.377125E-04 4.287185E+00 8.942517E+00 
1.756809E-01 4.770844E-03 3.288325E-01 1.819247E-01 -1.422516E+00 5.945386E-01 -1.355346E-01 9.493408E-01 2.744100E-02 3.198978E-04 4.187997E+00 8.234845E+00 
1.811470E-01 6.153182E-03 3.347016E-01 1.849309E-01 -1.443694E+00 5.966001E-01 -1.452524E-01 9.233662E-01 2.803690E-02 9.125361E-04 4.435770E+00 9.232255E+00 
1.756970E-01 3.470663E-03 3.397900E-01 1.841183E-01 -1.431933E+00 5.979590E-01 -1.393597E-01 9.468779E-01 2.686093E-02 5.932742E-04 4.431899E+00 8.564627E+00 
1.774643E-01 4.601270E-03 3.252657E-01 1.847249E-01 -1.387522E+00 5.834204E-01 -1.219698E-01 9.412171E-01 2.749210E-02 6.890162E-04 4.166632E+00 8.758825E+00 
1.786156E-01 4.290261E-03 3.376803E-01 1.806964E-01 -1.374877E+00 5.810868E-01 -1.328898E-01 9.427075E-01 2.805768E-02 5.402640E-04 3.859158E+00 8.758916E+00 
1.758828E-01 4.615966E-03 3.271944E-01 1.858401E-01 -1.358472E+00 5.892324E-01 -1.382462E-01 9.861174E-01 2.816043E-02 7.313483E-04 4.226192E+00 8.273868E+00 
1.764380E-01 4.289991E-03 3.133811E-01 1.871496E-01 -1.385275E+00 5.969566E-01 -1.352284E-01 9.405583E-01 2.865719E-02 7.777712E-04 4.302555E+00 8.620032E+00 
1.787346E-01 7.849672E-03 3.265576E-01 1.872758E-01 -1.372770E+00 5.766918E-01 -1.428920E-01 9.737121E-01 2.817851E-02 6.222469E-04 4.066330E+00 8.385532E+00 
1.699596E-01 1.014010E-02 3.476943E-01 1.819911E-01 -1.407682E+00 5.969461E-01 -1.277172E-01 9.429673E-01 2.470069E-02 4.271936E-04 4.169796E+00 9.027346E+00 
1.757727E-01 5.014321E-03 3.309605E-01 1.857078E-01 -1.376355E+00 5.898269E-01 -1.721966E-01 9.665209E-01 2.652613E-02 1.051470E-03 4.408607E+00 8.861697E+00 
1.735872E-01 4.454759E-03 3.275591E-01 1.859068E-01 -1.379838E+00 5.959625E-01 -1.343522E-01 9.272436E-01 2.985193E-02 7.176187E-04 4.574514E+00 8.584522E+00 
1.640134E-01 8.427862E-03 3.346246E-01 1.777958E-01 -1.289615E+00 5.808904E-01 -1.185896E-01 9.197016E-01 3.200533E-02 8.880163E-04 3.690985E+00 8.654810E+00 
1.752372E-01 3.651096E-03 3.374862E-01 1.826022E-01 -1.402025E+00 5.948096E-01 -1.266254E-01 9.383693E-01 2.850609E-02 4.370280E-04 3.659046E+00 8.843434E+00 
1.746764E-01 4.645587E-03 3.201783E-01 1.838618E-01 -1.397911E+00 5.838837E-01 -1.732284E-01 9.709778E-01 2.769874E-02 5.357835E-04 3.984456E+00 8.882254E+00 
1.394198E-01 7.908463E-03 3.301741E-01 1.862195E-01 -1.355719E+00 5.603525E-01 -1.083750E-01 9.957645E-01 2.777848E-02 1.683138E-03 3.625004E+00 9.200313E+00 
1.589141E-01 4.686706E-03 3.159620E-01 1.743747E-01 -1.436058E+00 5.864272E-01 -1.311459E-01 9.273842E-01 2.937476E-02 7.307167E-04 4.128610E+00 8.970845E+00 
1.741137E-01 4.574010E-03 3.349653E-01 1.832316E-01 -1.395148E+00 5.850285E-01 -1.298427E-01 9.380169E-01 2.724450E-02 7.620358E-04 4.228721E+00 9.034057E+00 
1.836667E-01 4.274573E-03 3.402053E-01 1.866674E-01 -1.440816E+00 5.954000E-01 -1.259481E-01 9.619437E-01 2.853794E-02 8.484691E-04 4.233930E+00 8.868662E+00 
1.780947E-01 4.553612E-03 3.326636E-01 1.846562E-01 -1.527285E+00 5.898780E-01 -1.455842E-01 9.376730E-01 2.794526E-02 5.837500E-04 4.406860E+00 8.795726E+00 
1.792457E-01 4.263062E-03 3.436601E-01 1.863115E-01 -1.382809E+00 5.831668E-01 -1.610485E-01 9.479002E-01 2.713878E-02 9.663003E-04 4.206662E+00 8.385730E+00 
1.829317E-01 5.574907E-03 3.529621E-01 1.851857E-01 -1.390260E+00 5.947199E-01 -1.684972E-01 9.118695E-01 2.626793E-02 6.419175E-04 4.143929E+00 9.298870E+00 
1.840984E-01 3.673960E-03 3.309919E-01 1.856874E-01 -1.446419E+00 5.895075E-01 -8.959017E-02 9.833834E-01 2.739835E-02 1.216546E-03 4.113673E+00 9.709510E+00 
1.822022E-01 4.564869E-03 3.113111E-01 1.870185E-01 -1.322731E+00 5.934258E-01 -1.266270E-01 9.203470E-01 2.939129E-02 8.791651E-04 4.122794E+00 8.260516E+00 
1.783857E-01 5.281387E-03 3.440905E-01 1.869931E-01 -1.400815E+00 5.861428E-01 -1.564072E-01 9.467660E-01 2.702083E-02 1.217304E-03 3.398060E+00 8.967443E+00 
1.720592E-01 4.584149E-03 3.393805E-01 1.817774E-01 -1.498415E+00 6.000000E-01 -2.000000E-01 9.468733E-01 2.715055E-02 8.015978E-04 3.696087E+00 9.000112E+00 
1.691375E-01 4.324122E-03 3.183630E-01 1.820126E-01 -1.539424E+00 5.867332E-01 -1.062320E-01 9.197527E-01 2.746720E-02 9.233018E-04 3.986057E+00 9.401657E+00 
1.820551E-01 4.957832E-03 3.434250E-01 1.864455E-01 -1.443883E+00 5.930412E-01 -1.545786E-01 9.183546E-01 2.772370E-02 5.709550E-04 4.122267E+00 8.888126E+00 
1.734981E-01 4.643668E-03 3.330425E-01 1.771811E-01 -1.442583E+00 5.788190E-01 -1.128407E-01 9.206233E-01 3.172984E-02 6.169321E-04 3.834124E+00 8.965746E+00 
1.710851E-01 4.048045E-03 3.140898E-01 1.829706E-01 -1.378870E+00 5.741519E-01 -1.067437E-01 1.115815E+00 2.949416E-02 5.419679E-04 4.091930E+00 8.847539E+00 
1.876794E-01 5.090230E-03 3.431333E-01 1.796433E-01 -1.375007E+00 5.849431E-01 -1.750148E-01 9.367140E-01 2.720550E-02 3.374389E-04 4.203893E+00 8.996836E+00 
1.836823E-01 4.438492E-03 3.235426E-01 1.807053E-01 -1.474868E+00 5.864153E-01 -1.438131E-01 9.329379E-01 2.646841E-02 5.757537E-04 3.893853E+00 8.489054E+00 
1.837563E-01 4.176897E-03 3.306109E-01 1.856679E-01 -1.404911E+00 5.899291E-01 -1.286241E-01 9.633622E-01 2.807314E-02 7.657866E-04 4.286184E+00 8.742381E+00 
1.704769E-01 5.413747E-03 3.223462E-01 1.782494E-01 -1.493695E+00 5.780811E-01 -1.646711E-01 9.353746E-01 2.644531E-02 1.026650E-03 3.759969E+00 9.483412E+00 
1.733943E-01 4.206179E-03 3.362726E-01 1.850989E-01 -1.417958E+00 5.843738E-01 -1.237049E-01 9.530073E-01 2.816896E-02 1.662735E-03 4.248990E+00 9.185028E+00 
1.649833E-01 5.742633E-03 3.364380E-01 1.765826E-01 -1.428523E+00 5.733261E-01 -1.199648E-01 9.406194E-01 3.083608E-02 2.580804E-03 4.125656E+00 8.981744E+00 
1.648822E-01 4.718461E-03 3.547162E-01 1.893731E-01 -1.416694E+00 5.912021E-01 -1.487623E-01 9.460459E-01 2.767714E-02 8.775232E-04 3.854709E+00 8.567059E+00 
1.822200E-01 3.890535E-03 3.214752E-01 1.841917E-01 -1.460507E+00 5.855376E-01 -1.218885E-01 9.422033E-01 2.699389E-02 8.317287E-04 4.135155E+00 8.585212E+00 
1.734972E-01 4.341157E-03 3.324925E-01 1.815963E-01 -1.345146E+00 5.939760E-01 -1.586090E-01 9.170905E-01 2.655787E-02 4.978278E-04 4.260986E+00 8.822644E+00 
1.871796E-01 4.069239E-03 3.112580E-01 1.831789E-01 -1.366665E+00 5.833871E-01 -1.486728E-01 9.685954E-01 2.846103E-02 4.263858E-04 4.099635E+00 8.024917E+00 
1.712550E-01 2.753936E-03 3.337178E-01 1.860234E-01 -1.419292E+00 5.923492E-01 -1.486164E-01 9.614779E-01 2.671829E-02 6.271205E-04 4.763615E+00 8.678328E+00 
1.788534E-01 6.375313E-03 3.295671E-01 1.832128E-01 -1.390956E+00 5.908505E-01 -1.309413E-01 9.357584E-01 2.705770E-02 1.270473E-03 4.109788E+00 8.920621E+00 
1.720684E-01 4.987223E-03 3.005296E-01 1.828269E-01 -1.370561E+00 5.880449E-01 -1.602469E-01 9.472876E-01 3.043532E-02 6.878629E-04 4.146938E+00 8.507788E+00 
1.765943E-01 7.063041E-03 3.390532E-01 1.810371E-01 -1.428744E+00 5.859078E-01 -1.102016E-01 8.444544E-01 2.904321E-02 7.245675E-04 3.978516E+00 9.654826E+00 
1.812955E-01 4.865231E-03 3.341083E-01 1.811957E-01 -1.396835E+00 5.783591E-01 -1.656657E-01 9.550311E-01 2.686309E-02 4.328074E-04 4.279881E+00 8.801245E+00 
1.607988E-01 4.857015E-03 3.056201E-01 1.838008E-01 -1.379809E+00 5.791984E-01 -1.175314E-01 9.568090E-01 2.952315E-02 1.706376E-04 4.141997E+00 9.064539E+00 
1.737537E-01 6.095868E-03 3.360247E-01 1.833121E-01 -1.603494E+00 5.814243E-01 -8.600306E-02 9.244367E-01 2.991967E-02 5.288589E-04 4.245640E+00 8.482741E+00 
1.777457E-01 4.151449E-03 3.287518E-01 1.875558E-01 -1.426662E+00 5.865144E-01 -1.402799E-01 9.731925E-01 2.713767E-02 6.191718E-04 4.180008E+00 8.794077E+00 
1.709851E-01 3.783655E-03 3.477795E-01 1.841231E-01 -1.391906E+00 5.914696E-01 -1.547425E-01 9.691437E-01 2.539224E-02 1.236264E-03 3.977641E+00 8.781623E+00 
1.742547E-01 4.725080E-03 3.293850E-01 1.843004E-01 -1.381066E+00 5.745444E-01 -1.112381E-01 9.517457E-01 2.834560E-02 1.050992E-03 4.130952E+00 8.477587E+00 
1.722384E-01 6.896433E-03 3.591258E-01 1.844572E-01 -1.414327E+00 5.936265E-01 -1.798029E-01 9.220258E-01 2.645776E-02 7.648751E-04 4.357351E+00 8.537537E+00 
1.800394E-01 4.204764E-03 3.407525E-01 1.860548E-01 -1.429900E+00 5.857329E-01 -1.525738E-01 9.471231E-01 2.847526E-02 3.428020E-04 3.981329E+00 8.650096E+00 
1.770791E-01 4.428725E-03 3.356304E-01 1.856797E-01 -1.364646E+00 5.952436E-01 -1.537090E-01 9.787394E-01 2.668046E-02 3.030604E-04 3.890817E+00 9.056480E+00 
1.674017E-01 4.329863E-03 3.325985E-01 1.794263E-01 -1.387506E+00 5.946226E-01 -1.571669E-01 9.593162E-01 2.747646E-02 7.966431E-04 4.151947E+00 9.034239E+00 
1.609278E-01 5.706519E-03 3.236988E-01 1.818715E-01 -1.398748E+00 5.839857E-01 -1.473602E-01 9.572180E-01 2.624402E-02 8.722642E-04 4.017345E+00 9.019511E+00 
1.831937E-01 4.655785E-03 3.360343E-01 1.817668E-01 -1.388956E+00 5.824959E-01 -1.597138E-01 8.959841E-01 2.828465E-02 3.705517E-04 3.369124E+00 9.315165E+00 
1.728018E-01 4.960906E-03 3.346641E-01 1.833064E-01 -1.400835E+00 5.864723E-01 -1.747235E-01 9.125302E-01 2.706644E-02 1.816530E-04 3.985239E+00 9.269157E+00 
1.903945E-01 6.814820E-03 3.245759E-01 1.804833E-01 -1.347402E+00 5.859750E-01 -1.684306E-01 9.085916E-01 2.873277E-02 2.361006E-04 4.140822E+00 9.197246E+00 
1.857211E-01 4.603431E-03 3.384099E-01 1.869880E-01 -1.318321E+00 6.000000E-01 -1.899461E-01 9.395570E-01 2.881122E-02 7.157553E-04 4.208208E+00 9.479384E+00 
1.559411E-01 5.581250E-03 3.412549E-01 1.810809E-01 -1.432569E+00 5.876607E-01 -1.613820E-01 9.326932E-01 2.748106E-02 1.780112E-03 4.227539E+00 9.129528E+00 
1.801458E-01 4.646807E-03 3.472232E-01 1.862020E-01 -1.404114E+00 5.938710E-01 -1.455789E-01 9.791315E-01 2.774694E-02 6.226980E-04 4.196819E+00 8.751636E+00 
1.619285E-01 5.168902E-03 3.125573E-01 1.794208E-01 -1.437715E+00 5.767531E-01 -1.227695E-01 9.966580E-01 2.864038E-02 5.585926E-04 4.160404E+00 8.507216E+00 
1.758691E-01 4.151098E-03 3.084219E-01 1.812862E-01 -1.362020E+00 5.855795E-01 -1.405680E-01 9.833148E-01 3.007479E-02 9.919674E-04 4.185556E+00 8.998985E+00 
1.760870E-01 5.791982E-03 3.382546E-01 1.854902E-01 -1.380037E+00 5.806685E-01 -1.604622E-01 9.391831E-01 2.696943E-02 4.998487E-04 4.042090E+00 9.161899E+00 
1.796590E-01 4.948080E-03 3.226517E-01 1.879419E-01 -1.365243E+00 5.876808E-01 -2.000000E-01 9.630429E-01 2.857315E-02 8.554173E-04 4.322509E+00 8.380414E+00 
1.682268E-01 4.858841E-03 3.137899E-01 1.846228E-01 -1.395342E+00 5.772039E-01 -1.341629E-01 9.882662E-01 2.774431E-02 3.340413E-04 4.210725E+00 8.471080E+00 
1.732786E-01 5.355127E-03 3.227001E-01 1.851170E-01 -1.391123E+00 5.906882E-01 -1.112311E-01 8.935881E-01 2.724636E-02 3.566706E-04 5.027537E+00 9.236631E+00 
1.783509E-01 5.439756E-03 3.396786E-01 1.823104E-01 -1.459145E+00 5.827941E-01 -1.417419E-01 9.635139E-01 2.529371E-02 5.787106E-04 4.288525E+00 8.870914E+00 
1.706224E-01 5.219110E-03 3.221013E-01 1.831005E-01 -1.357058E+00 5.902607E-01 -1.355110E-01 9.739745E-01 2.537453E-02 3.557415E-04 4.109968E+00 8.565107E+00 
1.722927E-01 4.218935E-03 3.318501E-01 1.847256E-01 -1.329686E+00 5.882662E-01 -1.723167E-01 9.385946E-01 2.728506E-02 5.244610E-04 3.978116E+00 8.522552E+00 
1.790671E-01 5.588374E-03 3.232063E-01 1.857236E-01 -1.549310E+00 5.751435E-01 -1.321562E-01 9.557544E-01 2.578308E-02 4.189144E-04 4.086012E+00 9.165205E+00 
1.644694E-01 4.527863E-03 3.430825E-01 1.838850E-01 -1.415363E+00 5.875891E-01 -1.455636E-01 9.594467E-01 2.747270E-02 6.889437E-04 3.520618E+00 9.424356E+00 
1.738851E-01 4.123058E-03 3.349444E-01 1.827900E-01 -1.481795E+00 5.859566E-01 -1.438402E-01 9.654265E-01 2.753458E-02 9.433668E-04 4.120329E+00 9.900431E+00 
1.747636E-01 3.601881E-03 3.306903E-01 1.824401E-01 -1.305151E+00 5.930408E-01 -1.544970E-01 9.294115E-01 2.909871E-02 1.045836E-03 4.171027E+00 8.683142E+00 
1.573492E-01 5.651343E-03 3.380086E-01 1.804796E-01 -1.408320E+00 5.828042E-01 -1.795147E-01 9.406774E-01 2.828290E-02 8.911350E-04 3.823794E+00 9.897358E+00 
1.725422E-01 6.103651E-03 3.102590E-01 1.810228E-01 -1.489036E+00 5.855643E-01 -1.941765E-01 9.542717E-01 2.846525E-02 6.761032E-04 4.413569E+00 8.819568E+00 
1.688388E-01 7.251677E-03 3.308330E-01 1.801603E-01 -1.344693E+00 5.833601E-01 -1.530898E-01 9.896143E-01 2.568965E-02 8.456825E-05 3.963738E+00 8.650501E+00 
1.774349E-01 3.637046E-03 3.320405E-01 1.864127E-01 -1.443133E+00 5.860764E-01 -1.197673E-01 9.432434E-01 2.539389E-02 7.994270E-04 3.316725E+00 8.490479E+00 
1.047072E-01 6.263693E-03 3.411008E-01 1.827568E-01 -1.458241E+00 5.460136E-01 -4.665512E-02 9.530625E-01 2.723309E-02 9.268981E-04 4.000027E+00 1.045062E+01 
1.856058E-01 4.846092E-03 3.291386E-01 1.741335E-01 -1.314741E+00 5.854137E-01 -1.443208E-01 9.503264E-01 2.672679E-02 7.045615E-04 4.044254E+00 8.825452E+00 
1.775524E-01 4.490175E-03 3.333235E-01 1.838790E-01 -1.481197E+00 5.960648E-01 -1.381694E-01 9.491137E-01 3.168241E-02 4.688484E-04 4.140642E+00 9.215660E+00 
1.809006E-01 3.933793E-03 3.271252E-01 1.814301E-01 -1.438231E+00 5.827340E-01 -1.442975E-01 9.727463E-01 2.769251E-02 3.463707E-04 3.940488E+00 8.690077E+00 
1.712508E-01 6.653411E-03 3.371351E-01 1.773241E-01 -1.418481E+00 5.859791E-01 -1.528715E-01 9.436501E-01 3.047840E-02 3.395385E-04 4.290202E+00 8.619189E+00 
1.779046E-01 4.675392E-03 3.115950E-01 1.822052E-01 -1.398742E+00 5.812898E-01 -1.421548E-01 9.493603E-01 2.767292E-02 8.896862E-04 4.101140E+00 8.399453E+00 
1.934611E-01 7.007025E-03 3.276333E-01 1.865016E-01 -1.489542E+00 5.904332E-01 -1.599247E-01 9.871682E-01 2.506777E-02 5.545341E-04 3.373098E+00 9.444187E+00 
1.702761E-01 5.650079E-03 3.430601E-01 1.828613E-01 -1.367288E+00 5.858136E-01 -1.551651E-01 9.335558E-01 2.876629E-02 1.179352E-03 3.646575E+00 8.547010E+00 
1.707382E-01 5.029930E-03 3.388069E-01 1.856962E-01 -1.405366E+00 5.991022E-01 -1.560141E-01 9.809555E-01 2.690638E-02 7.566395E-04 3.970126E+00 8.545225E+00 
1.894299E-01 4.806301E-03 3.227634E-01 1.902951E-01 -1.341658E+00 5.905753E-01 -1.523778E-01 9.378874E-01 2.781560E-02 4.957676E-04 4.251732E+00 8.459118E+00 
1.910420E-01 1.000000E-04 3.522785E-01 1.863531E-01 -1.498885E+00 6.000000E-01 -1.259181E-01 9.480140E-01 2.531471E-02 2.000077E-05 4.603597E+00 9.841970E+00 
1.707789E-01 4.175495E-03 3.325562E-01 1.840355E-01 -1.282745E+00 5.815493E-01 -1.095432E-01 9.718516E-01 2.852900E-02 6.861533E-04 4.036250E+00 8.799388E+00 
1.852962E-01 6.347193E-03 3.362243E-01 1.866754E-01 -1.374710E+00 5.887046E-01 -1.187583E-01 9.235131E-01 2.863481E-02 5.889801E-04 4.067017E+00 9.202656E+00 
1.687669E-01 3.580893E-03 3.374209E-01 1.830272E-01 -1.396166E+00 5.916804E-01 -1.480311E-01 9.385794E-01 2.796463E-02 1.516164E-04 4.128334E+00 8.626179E+00 
1.349993E-01 1.809745E-02 3.473931E-01 1.674128E-01 -1.329186E+00 5.222898E-01 -1.612293E-01 8.379810E-01 2.804656E-02 6.311695E-04 3.913260E+00 1.034930E+01 
1.751319E-01 4.757387E-03 3.139837E-01 1.861646E-01 -1.404217E+00 5.806490E-01 -1.660640E-01 9.686123E-01 2.721227E-02 1.334826E-03 4.239909E+00 8.789360E+00 
1.520564E-01 4.250967E-03 3.388236E-01 1.808099E-01 -1.391433E+00 5.805062E-01 -1.013945E-01 8.088417E-01 2.978730E-02 8.990022E-04 3.739149E+00 9.094312E+00 
1.287893E-01 7.436484E-03 3.433195E-01 1.832523E-01 -1.423133E+00 5.525838E-01 -1.013472E-01 7.298109E-01 3.004858E-02 1.000171E-03 3.961527E+00 8.530656E+00 
1.681765E-01 1.968701E-02 3.693648E-01 1.770110E-01 -1.405489E+00 5.171932E-01 -4.137528E-02 8.368895E-01 2.953146E-02 2.975036E-03 4.009088E+00 1.029832E+01 
1.711186E-01 5.356559E-03 3.323820E-01 1.833078E-01 -1.394335E+00 5.889721E-01 -1.477700E-01 9.542301E-01 2.680809E-02 3.637819E-04 4.140372E+00 8.564434E+00 
1.805712E-01 5.116167E-03 3.411207E-01 1.811400E-01 -1.369769E+00 5.965593E-01 -1.723595E-01 9.543633E-01 2.774479E-02 8.760107E-05 4.161127E+00 9.301575E+00 
1.745376E-01 5.468323E-03 3.386019E-01 1.834978E-01 -1.407871E+00 6.000000E-01 -1.538805E-01 9.626431E-01 2.628392E-02 4.980325E-04 4.156281E+00 8.730721E+00 
1.861416E-01 4.752510E-03 3.201021E-01 1.813777E-01 -1.410669E+00 5.721760E-01 -1.094511E-01 9.288732E-01 2.889811E-02 7.222618E-04 3.989886E+00 8.235052E+00 
1.575289E-01 9.936141E-03 3.338308E-01 1.864883E-01 -1.417084E+00 5.794806E-01 -1.209731E-01 1.005000E+00 2.604955E-02 1.495707E-03 4.274185E+00 8.514037E+00 
1.660491E-01 4.651789E-03 3.344489E-01 1.828259E-01 -1.410227E+00 5.852175E-01 -1.570063E-01 9.881648E-01 2.773424E-02 1.130873E-03 4.222779E+00 8.228771E+00 
1.720023E-01 3.706594E-03 3.224974E-01 1.822926E-01 -1.316412E+00 5.862363E-01 -1.173271E-01 9.430784E-01 2.709562E-02 1.114168E-03 3.784997E+00 8.364955E+00 
1.662415E-01 3.864305E-03 3.250078E-01 1.830277E-01 -1.410684E+00 5.709006E-01 -1.211611E-01 9.581322E-01 2.770012E-02 3.866893E-04 4.404109E+00 8.682351E+00 
1.744836E-01 4.414347E-03 3.147592E-01 1.812547E-01 -1.416675E+00 5.736400E-01 -1.395862E-01 9.018738E-01 2.837040E-02 6.966924E-04 4.069997E+00 9.228269E+00 
1.842765E-01 4.070394E-03 3.140661E-01 1.854141E-01 -1.426546E+00 5.848576E-01 -1.377108E-01 1.042875E+00 2.707360E-02 5.196080E-04 4.078171E+00 8.076762E+00 
1.779301E-01 3.760581E-03 3.291284E-01 1.820225E-01 -1.374657E+00 5.950122E-01 -1.511363E-01 9.321652E-01 2.798960E-02 6.355696E-04 4.286690E+00 8.840452E+00 
1.842517E-01 6.860986E-03 3.467583E-01 1.870502E-01 -1.447527E+00 5.913823E-01 -1.377940E-01 9.426024E-01 2.557381E-02 1.438784E-03 4.061568E+00 8.932215E+00 
1.695049E-01 4.769575E-03 3.332657E-01 1.826837E-01 -1.428688E+00 5.868650E-01 -1.348599E-01 9.244343E-01 2.832230E-02 1.070719E-03 4.020583E+00 9.336038E+00 
1.724534E-01 5.896435E-03 3.324522E-01 1.865811E-01 -1.507931E+00 5.884359E-01 -1.302512E-01 9.456907E-01 2.717754E-02 6.256033E-04 4.061306E+00 9.260336E+00 
1.541559E-01 5.671967E-03 3.404759E-01 1.814638E-01 -1.433827E+00 5.779906E-01 -1.263722E-01 9.374164E-01 2.941925E-02 9.794843E-04 3.751666E+00 8.343062E+00 
1.632714E-01 5.202116E-03 3.166926E-01 1.822588E-01 -1.415203E+00 5.788382E-01 -1.156927E-01 1.017314E+00 2.824900E-02 4.607190E-04 3.819647E+00 8.237565E+00 
1.884052E-01 3.929902E-03 3.317784E-01 1.835823E-01 -1.402839E+00 5.912601E-01 -1.565610E-01 9.110785E-01 2.804911E-02 7.725692E-04 4.051081E+00 8.809170E+00 
1.690321E-01 4.940053E-03 3.287261E-01 1.813589E-01 -1.373314E+00 5.691989E-01 -1.485429E-01 9.315771E-01 2.777794E-02 4.975792E-04 4.093427E+00 9.134637E+00 
1.734745E-01 5.651739E-03 3.346544E-01 1.795605E-01 -1.335002E+00 5.828514E-01 -1.913174E-01 9.095628E-01 2.683005E-02 5.433269E-04 4.134599E+00 9.012132E+00 
1.607136E-01 3.268577E-03 3.262455E-01 1.859251E-01 -1.420565E+00 5.880259E-01 -1.217288E-01 9.574750E-01 2.790290E-02 6.618636E-04 4.008694E+00 8.228281E+00 
1.742596E-01 9.604708E-03 3.259991E-01 1.887787E-01 -1.371666E+00 5.782474E-01 -1.190619E-01 9.337106E-01 2.919911E-02 5.680076E-04 4.392074E+00 8.721448E+00 
1.678873E-01 5.029144E-03 3.371713E-01 1.828910E-01 -1.385945E+00 5.800912E-01 -1.096608E-01 9.217498E-01 2.832118E-02 7.311972E-04 4.208606E+00 8.632218E+00 
1.694228E-01 5.765363E-03 3.309156E-01 1.800853E-01 -1.393882E+00 5.875382E-01 -1.831207E-01 9.596515E-01 3.064668E-02 6.236610E-04 4.079167E+00 9.202315E+00 
7.955848E-02 1.894487E-02 3.828239E-01 1.836431E-01 -1.315500E+00 5.316224E-01 -1.049651E-01 9.608063E-01 2.727544E-02 2.501474E-03 4.066805E+00 9.361482E+00 
1.732378E-01 5.382152E-03 3.397595E-01 1.779255E-01 -1.331285E+00 5.942708E-01 -1.796890E-01 9.517452E-01 2.598277E-02 8.801003E-04 4.141050E+00 8.593996E+00 
1.805023E-01 5.899252E-03 3.270568E-01 1.839796E-01 -1.402117E+00 5.865305E-01 -1.238359E-01 9.656543E-01 2.770581E-02 7.645766E-04 4.562008E+00 9.100378E+00 
1.646028E-01 6.026003E-03 3.390875E-01 1.834325E-01 -1.378521E+00 5.896613E-01 -1.689840E-01 9.747350E-01 2.833789E-02 1.449180E-03 3.792836E+00 9.377579E+00 
1.858317E-01 4.909938E-03 3.165746E-01 1.853462E-01 -1.398210E+00 5.802186E-01 -1.128498E-01 9.115820E-01 2.988157E-02 3.365611E-04 4.198019E+00 8.438513E+00 
1.692524E-01 5.537755E-03 3.218536E-01 1.845280E-01 -1.371124E+00 5.633754E-01 -1.340881E-01 9.571414E-01 2.865327E-02 9.854202E-04 3.962722E+00 8.165967E+00 
1.491828E-01 4.068435E-02 3.331702E-01 1.687233E-01 -1.320928E+00 3.656423E-01 -1.296230E-01 1.055326E+00 2.863241E-02 5.341926E-03 3.020428E+00 8.735890E+00 
1.846544E-01 3.583608E-03 3.329946E-01 1.800171E-01 -1.403100E+00 5.897948E-01 -1.946009E-01 9.826253E-01 2.801977E-02 6.881409E-04 4.034702E+00 8.599736E+00 
1.744895E-01 4.475446E-03 3.231860E-01 1.811043E-01 -1.364741E+00 5.837545E-01 -1.465397E-01 9.276467E-01 2.603953E-02 3.098586E-04 3.989990E+00 8.504281E+00 
1.716184E-01 4.138623E-03 3.402121E-01 1.823301E-01 -1.390266E+00 5.909628E-01 -1.299884E-01 9.520339E-01 2.885224E-02 9.041442E-04 4.414057E+00 8.708856E+00 
1.525910E-01 4.364009E-03 3.370124E-01 1.817290E-01 -1.361008E+00 5.439395E-01 -1.040388E-01 9.700454E-01 2.693133E-02 2.446812E-03 2.696745E+00 8.245784E+00 
1.695109E-01 6.936608E-03 3.381703E-01 1.835390E-01 -1.514164E+00 5.909815E-01 -1.425136E-01 9.705712E-01 2.936658E-02 6.735742E-04 4.294831E+00 8.470522E+00 
1.733688E-01 4.846091E-03 3.162712E-01 1.825957E-01 -1.367035E+00 5.903090E-01 -1.503980E-01 8.974966E-01 2.772930E-02 2.816578E-04 4.276894E+00 8.233403E+00 
1.795964E-01 5.530039E-03 3.079201E-01 1.850246E-01 -1.411552E+00 5.825615E-01 -1.556907E-01 9.770183E-01 2.799116E-02 5.995839E-04 4.106331E+00 8.786190E+00 
1.911167E-01 7.936833E-03 3.315993E-01 1.848775E-01 -1.477227E+00 5.960387E-01 -1.582391E-01 9.364410E-01 3.032636E-02 9.998277E-04 4.292881E+00 9.266201E+00 
1.702840E-01 3.778830E-03 3.142339E-01 1.789390E-01 -1.394442E+00 5.897862E-01 -1.367148E-01 9.621270E-01 2.599894E-02 3.487396E-04 3.919046E+00 8.209987E+00 
1.780256E-01 6.560586E-03 3.189155E-01 1.824666E-01 -1.388505E+00 5.817529E-01 -1.582284E-01 9.423214E-01 2.733012E-02 6.773492E-04 4.214577E+00 8.800372E+00 
1.650410E-01 3.897330E-03 3.259482E-01 1.801980E-01 -1.286125E+00 5.919186E-01 -1.545503E-01 9.737874E-01 2.801094E-02 9.930697E-04 3.706150E+00 8.312233E+00 
1.755377E-01 3.576624E-03 3.309947E-01 1.847380E-01 -1.302832E+00 5.917999E-01 -1.425652E-01 9.230409E-01 2.692183E-02 1.105637E-03 4.097811E+00 9.093080E+00 
1.845797E-01 4.889828E-03 3.210050E-01 1.840540E-01 -1.413576E+00 5.823003E-01 -1.123295E-01 9.605763E-01 2.846584E-02 5.594496E-04 4.104706E+00 8.348421E+00 
1.744956E-01 6.559768E-03 3.402571E-01 1.782622E-01 -1.498529E+00 5.736126E-01 -1.346190E-01 9.353530E-01 2.666123E-02 1.617353E-03 4.253233E+00 8.866495E+00 
1.821114E-01 5.468940E-03 3.209660E-01 1.846682E-01 -1.269651E+00 5.955553E-01 -1.221778E-01 9.631437E-01 2.790590E-02 3.732742E-04 3.926468E+00 8.650872E+00 
1.749746E-01 4.871290E-03 3.237308E-01 1.809998E-01 -1.456537E+00 5.937913E-01 -1.194153E-01 9.864512E-01 2.735634E-02 1.024486E-03 4.218608E+00 8.929474E+00 
1.790857E-01 5.448683E-03 3.384419E-01 1.840432E-01 -1.428814E+00 5.877591E-01 -1.409603E-01 9.967713E-01 2.826700E-02 2.898734E-04 3.821782E+00 8.560618E+00 
1.751044E-01 4.196736E-03 3.450603E-01 1.846520E-01 -1.368612E+00 5.962777E-01 -1.610653E-01 9.042454E-01 2.890846E-02 4.836210E-04 3.983875E+00 8.531465E+00 
1.718719E-01 5.606842E-03 3.070147E-01 1.818239E-01 -1.470063E+00 5.778780E-01 -1.069349E-01 9.660829E-01 2.843086E-02 9.315268E-04 4.163706E+00 9.244692E+00 
1.612208E-01 6.536969E-03 3.276594E-01 1.801922E-01 -1.341779E+00 5.791543E-01 -1.115262E-01 9.335244E-01 2.576887E-02 1.409699E-03 3.916403E+00 8.391514E+00 
1.710026E-01 4.002964E-03 3.285520E-01 1.838735E-01 -1.325381E+00 5.895902E-01 -1.607166E-01 9.548617E-01 2.901770E-02 1.173104E-03 4.227545E+00 7.975393E+00 
1.387713E-01 6.550218E-03 3.241547E-01 1.830937E-01 -1.380391E+00 5.783099E-01 -1.247096E-01 9.332837E-01 2.922261E-02 1.244750E-03 3.691801E+00 1.083705E+01 
1.745657E-01 5.518486E-03 3.290425E-01 1.863004E-01 -1.391509E+00 5.871211E-01 -1.113281E-01 9.689062E-01 2.743043E-02 5.863289E-04 4.083905E+00 9.358975E+00 
1.670545E-01 5.625787E-03 3.303555E-01 1.862623E-01 -1.482296E+00 5.920650E-01 -1.394282E-01 9.604648E-01 2.735113E-02 8.442211E-04 4.192986E+00 9.139799E+00 
1.685444E-01 3.971738E-03 3.332194E-01 1.823431E-01 -1.401264E+00 5.952242E-01 -1.736920E-01 9.884710E-01 2.514123E-02 6.204884E-04 4.366277E+00 8.482677E+00 
1.778140E-01 5.450663E-03 3.159703E-01 1.874611E-01 -1.427335E+00 5.962097E-01 -1.466463E-01 9.065461E-01 2.903074E-02 1.043940E-03 4.199179E+00 9.074527E+00 
1.668903E-01 4.292851E-03 3.371234E-01 1.826768E-01 -1.420918E+00 5.784866E-01 -1.254152E-01 9.490374E-01 2.792934E-02 2.700140E-04 4.046329E+00 8.815785E+00 
1.776296E-01 3.827046E-03 3.206197E-01 1.883281E-01 -1.399765E+00 5.938895E-01 -1.317386E-01 9.718626E-01 2.582991E-02 6.027237E-04 4.357454E+00 9.272240E+00 
1.669830E-01 4.557011E-03 3.257919E-01 1.846246E-01 -1.311975E+00 5.828765E-01 -1.279760E-01 9.415650E-01 2.737146E-02 7.923198E-04 4.331222E+00 8.940605E+00 
1.433771E-01 6.848694E-03 3.512017E-01 1.749306E-01 -1.313286E+00 5.586189E-01 -6.271624E-02 8.647708E-01 2.824063E-02 1.890614E-03 4.201581E+00 9.069282E+00 
1.673711E-01 4.771169E-03 3.305113E-01 1.846917E-01 -1.413921E+00 5.925166E-01 -1.828753E-01 9.291356E-01 2.993978E-02 8.699320E-04 3.970862E+00 8.661779E+00 
1.790276E-01 2.693297E-03 3.258940E-01 1.852216E-01 -1.343109E+00 5.882939E-01 -1.180212E-01 8.958584E-01 3.009277E-02 6.087097E-04 4.186355E+00 9.612292E+00 
1.822895E-01 5.086527E-03 3.194933E-01 1.751854E-01 -1.418328E+00 5.792687E-01 -1.726983E-01 9.548085E-01 2.806075E-02 1.924821E-03 4.029868E+00 1.071400E+01 
1.446968E-01 6.005740E-03 3.210986E-01 1.780211E-01 -1.415416E+00 5.922008E-01 -1.915235E-01 9.150390E-01 2.834648E-02 7.701249E-04 3.828285E+00 8.785920E+00 
1.760236E-01 4.203053E-03 3.394708E-01 1.820434E-01 -1.305899E+00 5.797835E-01 -1.140816E-01 8.464922E-01 2.961383E-02 6.305901E-04 4.115499E+00 9.477233E+00 
1.771588E-01 2.793914E-03 3.324646E-01 1.859519E-01 -1.465645E+00 5.869380E-01 -1.408073E-01 9.457622E-01 2.837387E-02 5.993848E-04 4.101718E+00 9.251535E+00 
1.698829E-01 4.226857E-03 3.351120E-01 1.845035E-01 -1.413468E+00 5.927123E-01 -1.557652E-01 9.632159E-01 2.820703E-02 3.580980E-04 4.098959E+00 8.531687E+00 
1.882496E-01 5.647439E-03 3.488059E-01 1.868654E-01 -1.439408E+00 5.940558E-01 -1.739388E-01 9.164331E-01 2.879025E-02 1.153591E-03 4.134286E+00 8.683269E+00 
1.722649E-01 5.972542E-03 3.302031E-01 1.835937E-01 -1.419494E+00 5.792776E-01 -1.802823E-01 9.668818E-01 2.901018E-02 4.944050E-04 3.877197E+00 9.165288E+00 
1.541611E-01 1.258015E-02 3.446427E-01 1.744131E-01 -1.270389E+00 5.337601E-01 -1.284911E-01 9.589374E-01 2.926754E-02 4.131026E-03 4.255460E+00 9.725076E+00 
1.486683E-01 4.694348E-03 3.181255E-01 1.821069E-01 -1.317289E+00 5.867327E-01 -1.392372E-01 9.502517E-01 2.781712E-02 8.819756E-04 4.125879E+00 9.038087E+00 
1.698190E-01 4.095617E-03 3.148633E-01 1.810909E-01 -1.389961E+00 5.838542E-01 -1.326382E-01 9.698459E-01 2.781335E-02 7.664559E-04 3.429455E+00 8.756716E+00 
1.760203E-01 6.585710E-03 3.180042E-01 1.855713E-01 -1.490786E+00 5.952886E-01 -1.211119E-01 9.473603E-01 2.620812E-02 7.165347E-04 4.009833E+00 8.990395E+00 
1.911879E-01 1.120708E-02 3.138480E-01 1.723025E-01 -1.398852E+00 6.000000E-01 -1.208902E-01 1.040245E+00 2.713853E-02 7.772741E-04 4.355228E+00 8.659404E+00 
1.672786E-01 1.000000E-04 3.178358E-01 1.859163E-01 -1.519792E+00 6.000000E-01 -1.634779E-01 1.031771E+00 2.975854E-02 1.461761E-03 4.245564E+00 7.320190E+00 
1.789331E-01 9.762735E-03 3.365862E-01 1.761305E-01 -1.329388E+00 5.030764E-01 -1.067538E-01 9.673059E-01 2.821848E-02 2.026550E-03 4.146050E+00 8.989468E+00 
1.604222E-01 4.303063E-03 3.207165E-01 1.845543E-01 -1.448743E+00 5.852505E-01 -1.421432E-01 9.500995E-01 2.860573E-02 1.174830E-03 4.119854E+00 8.429403E+00 
1.639257E-01 4.566074E-03 3.053066E-01 1.770657E-01 -1.395755E+00 5.796627E-01 -1.191027E-01 9.855549E-01 2.802856E-02 1.741018E-03 4.268324E+00 8.834934E+00 
1.727484E-01 4.292474E-03 3.216657E-01 1.852433E-01 -1.416464E+00 5.846582E-01 -1.666692E-01 9.546631E-01 2.728016E-02 7.884778E-04 4.534437E+00 8.861454E+00 
1.741575E-01 5.107167E-03 3.379513E-01 1.838883E-01 -1.353717E+00 5.827204E-01 -1.303175E-01 9.450573E-01 2.396052E-02 5.330852E-04 3.973921E+00 8.978863E+00 
1.761936E-01 4.773343E-03 3.135740E-01 1.867041E-01 -1.303842E+00 5.903757E-01 -1.302777E-01 9.519334E-01 2.838373E-02 7.562414E-04 4.292761E+00 8.922857E+00 
1.744009E-01 4.674105E-03 3.244614E-01 1.835920E-01 -1.479161E+00 5.908010E-01 -9.287233E-02 9.302961E-01 2.792856E-02 4.945942E-04 4.200529E+00 8.690079E+00 
1.793587E-01 4.260065E-03 3.288640E-01 1.853407E-01 -1.479746E+00 5.896522E-01 -9.900476E-02 9.835563E-01 2.739835E-02 6.137502E-04 4.321815E+00 9.076950E+00 
1.713629E-01 5.429036E-03 3.269645E-01 1.812216E-01 -1.331708E+00 5.852809E-01 -1.766425E-01 9.550635E-01 2.993534E-02 1.027766E-03 4.269848E+00 8.586622E+00 
1.762296E-01 5.549150E-03 3.310452E-01 1.846606E-01 -1.451338E+00 6.000000E-01 -1.221806E-01 9.648243E-01 2.704770E-02 8.830177E-04 4.409123E+00 8.952154E+00 
1.592434E-01 6.272312E-03 3.222798E-01 1.794534E-01 -1.404468E+00 5.828986E-01 -8.157416E-02 9.728789E-01 2.821264E-02 8.269540E-04 4.444977E+00 8.680838E+00 
1.744554E-01 4.100363E-03 3.276548E-01 1.819073E-01 -1.393858E+00 5.674940E-01 -1.144843E-01 9.644094E-01 2.825704E-02 6.971766E-04 3.566984E+00 8.940467E+00 
1.797744E-01 5.185383E-03 3.122841E-01 1.828622E-01 -1.335158E+00 5.864297E-01 -1.722102E-01 9.390392E-01 2.761296E-02 7.330602E-04 4.032485E+00 8.662232E+00 
1.263569E-01 8.085772E-03 3.333937E-01 1.743152E-01 -1.434418E+00 5.814356E-01 -1.416769E-01 9.399327E-01 2.853311E-02 1.101617E-03 3.717626E+00 9.866896E+00 
1.778328E-01 7.332210E-03 3.409970E-01 1.783087E-01 -1.424275E+00 5.792397E-01 -1.217759E-01 9.347615E-01 2.934534E-02 1.276272E-03 3.788067E+00 9.328893E+00 
1.740648E-01 5.357742E-03 3.039797E-01 1.818198E-01 -1.455828E+00 5.786769E-01 -1.193774E-01 9.476816E-01 3.073004E-02 6.672219E-04 3.940341E+00 8.697020E+00 
1.656742E-01 5.407901E-03 3.151376E-01 1.802507E-01 -1.398991E+00 5.786639E-01 -1.374054E-01 9.303019E-01 2.610549E-02 5.854648E-04 3.967917E+00 8.749912E+00 
1.747892E-01 3.865930E-03 3.328303E-01 1.840334E-01 -1.379596E+00 5.994110E-01 -1.409691E-01 8.943498E-01 2.874534E-02 3.619299E-04 4.333202E+00 9.011490E+00 
1.949398E-01 6.884535E-03 3.235584E-01 1.820772E-01 -1.529894E+00 5.758204E-01 -1.413745E-01 9.452526E-01 2.711476E-02 7.682536E-04 4.109316E+00 9.159409E+00 
1.650676E-01 5.510788E-03 3.384167E-01 1.712703E-01 -1.498378E+00 5.784649E-01 -1.281279E-01 1.032879E+00 2.635978E-02 2.242893E-03 3.868524E+00 9.834647E+00 
1.697155E-01 5.518858E-03 3.338660E-01 1.812971E-01 -1.533463E+00 5.817385E-01 -1.507687E-01 8.827716E-01 2.733776E-02 7.789704E-04 4.153164E+00 8.770704E+00 
1.655523E-01 4.862596E-03 3.403442E-01 1.785369E-01 -1.340381E+00 5.887171E-01 -1.385361E-01 9.731433E-01 2.776208E-02 4.062975E-04 3.742838E+00 8.915330E+00 
1.601852E-01 4.579396E-03 3.354630E-01 1.828082E-01 -1.369617E+00 5.839207E-01 -1.406589E-01 9.451014E-01 2.783693E-02 5.369852E-04 4.296142E+00 8.908359E+00 
1.659092E-01 3.286776E-03 3.003657E-01 1.691541E-01 -1.294021E+00 5.861678E-01 -1.230797E-01 9.872259E-01 3.195754E-02 3.702789E-03 3.641951E+00 9.353457E+00 
1.678092E-01 5.099192E-03 3.077898E-01 1.860058E-01 -1.463395E+00 5.835295E-01 -1.299114E-01 9.471820E-01 2.897960E-02 9.516789E-04 4.111312E+00 8.476001E+00 
1.686716E-01 7.910989E-03 3.257420E-01 1.780074E-01 -1.394317E+00 5.850082E-01 -1.239827E-01 9.500409E-01 2.790445E-02 6.385593E-04 3.859102E+00 8.383770E+00 
1.746342E-01 4.967416E-03 3.248356E-01 1.830709E-01 -1.413573E+00 5.820375E-01 -1.202775E-01 9.592939E-01 2.756919E-02 4.138420E-04 3.919895E+00 8.519038E+00 
1.808285E-01 4.174257E-03 3.025178E-01 1.857078E-01 -1.466955E+00 5.834678E-01 -1.357568E-01 9.543195E-01 2.813738E-02 5.552720E-04 3.824444E+00 8.909247E+00 
1.686195E-01 1.202399E-02 3.170692E-01 1.760251E-01 -1.422955E+00 5.867617E-01 -1.517930E-01 9.902930E-01 2.841492E-02 2.532812E-04 3.867327E+00 8.443588E+00 
1.789779E-01 4.610082E-03 3.261492E-01 1.812907E-01 -1.450340E+00 5.805647E-01 -1.233806E-01 9.285028E-01 2.852766E-02 7.889455E-04 4.065060E+00 8.598803E+00 
1.738509E-01 5.425074E-03 3.177940E-01 1.870627E-01 -1.377073E+00 5.887813E-01 -1.286223E-01 9.422182E-01 2.671461E-02 1.165900E-03 3.853780E+00 8.643612E+00 
1.704317E-01 5.501541E-03 3.287009E-01 1.877201E-01 -1.436182E+00 5.856002E-01 -1.568056E-01 9.623880E-01 2.731448E-02 5.395068E-04 4.197122E+00 8.590104E+00 
1.913315E-01 5.382444E-03 3.093008E-01 1.808957E-01 -1.408052E+00 5.907272E-01 -1.539557E-01 9.621471E-01 2.671025E-02 5.568363E-04 3.838575E+00 8.564583E+00 
1.813454E-01 3.972490E-03 3.329764E-01 1.838108E-01 -1.380282E+00 5.967753E-01 -1.448330E-01 9.364737E-01 2.807815E-02 4.616271E-04 3.935957E+00 8.722533E+00 
1.675620E-01 2.953484E-03 3.213640E-01 1.823301E-01 -1.590432E+00 5.823639E-01 -1.225855E-01 9.236619E-01 2.733844E-02 5.137437E-04 4.075708E+00 8.547264E+00 
1.691309E-01 5.445791E-03 3.371674E-01 1.826315E-01 -1.344347E+00 5.880431E-01 -1.467026E-01 9.213581E-01 2.887285E-02 8.932307E-04 4.080748E+00 8.424364E+00 
1.223774E-01 9.436723E-03 3.701405E-01 1.834878E-01 -1.418153E+00 5.660102E-01 -1.761535E-01 9.957247E-01 2.730499E-02 7.048063E-04 4.071518E+00 1.024435E+01 
1.700171E-01 5.854469E-03 3.489794E-01 1.881217E-01 -1.503337E+00 5.909368E-01 -1.450626E-01 9.473906E-01 2.733302E-02 1.272250E-03 4.195497E+00 8.364883E+00 
9.289136E-02 8.493793E-02 3.338045E-01 1.789576E-01 -1.336474E+00 3.534721E-01 -1.024067E-01 9.660974E-01 2.782446E-02 7.560505E-03 3.975301E+00 8.972184E+00 
1.801212E-01 3.303186E-03 3.284795E-01 1.807133E-01 -1.397805E+00 5.890516E-01 -1.598461E-01 9.305252E-01 2.842406E-02 2.085547E-04 4.487915E+00 8.950075E+00 
1.839404E-01 6.265046E-03 3.231835E-01 1.779815E-01 -1.458425E+00 5.861845E-01 -1.210192E-01 1.086699E+00 2.982533E-02 8.540762E-04 4.130833E+00 8.554014E+00 
1.744169E-01 3.104314E-03 3.163768E-01 1.850128E-01 -1.533282E+00 5.881303E-01 -1.375674E-01 9.686100E-01 2.590552E-02 4.286294E-04 4.060769E+00 8.376088E+00 
1.840657E-01 3.614093E-03 3.396135E-01 1.887986E-01 -1.367533E+00 5.754830E-01 -1.310568E-01 9.058016E-01 2.737734E-02 6.001345E-04 4.172401E+00 8.739185E+00 
1.718310E-01 5.330081E-03 3.330307E-01 1.821767E-01 -1.423792E+00 5.789059E-01 -1.413484E-01 9.468422E-01 3.000097E-02 9.722980E-04 4.163115E+00 8.502944E+00 
1.745635E-01 5.037104E-03 3.500563E-01 1.782180E-01 -1.409318E+00 5.383304E-01 -1.215861E-01 8.963166E-01 3.016248E-02 5.151910E-04 4.055563E+00 8.888447E+00 
1.751470E-01 3.697794E-03 3.477643E-01 1.782208E-01 -1.337681E+00 5.986113E-01 -1.379026E-01 9.319045E-01 2.776225E-02 5.192084E-04 4.151558E+00 9.314207E+00 
1.797573E-01 4.879532E-03 3.127439E-01 1.799614E-01 -1.394736E+00 5.806209E-01 -9.053158E-02 9.803412E-01 2.753221E-02 8.292676E-04 4.017073E+00 8.882680E+00 
1.701836E-01 4.846378E-03 3.097798E-01 1.839364E-01 -1.325697E+00 5.851836E-01 -1.343951E-01 9.507754E-01 2.816436E-02 5.205744E-04 4.155989E+00 7.895487E+00 
1.680564E-01 5.143699E-03 3.283472E-01 1.873653E-01 -1.486229E+00 5.875098E-01 -2.000000E-01 9.693704E-01 2.569186E-02 4.428083E-04 4.383361E+00 8.812278E+00 
1.814618E-01 3.061132E-03 3.480529E-01 1.842325E-01 -1.416302E+00 5.827115E-01 -9.847379E-02 9.595690E-01 2.627397E-02 6.880016E-04 4.033826E+00 8.836555E+00 
1.769959E-01 3.196431E-03 3.202979E-01 1.873988E-01 -1.406330E+00 5.828422E-01 -1.336836E-01 9.932233E-01 2.597431E-02 4.872670E-04 4.245038E+00 8.813266E+00 
1.809844E-01 5.587970E-03 3.382246E-01 1.815212E-01 -1.443429E+00 5.887808E-01 -1.234168E-01 9.750027E-01 2.794063E-02 1.472434E-03 3.914177E+00 9.296604E+00 
1.772385E-01 5.747361E-03 3.101146E-01 1.792277E-01 -1.417350E+00 5.843674E-01 -1.947561E-01 9.477026E-01 2.665256E-02 7.641112E-04 3.744823E+00 9.089714E+00 
1.741238E-01 4.267755E-03 3.132205E-01 1.834536E-01 -1.429771E+00 5.684498E-01 -9.832857E-02 8.864082E-01 2.673282E-02 5.162789E-04 3.978769E+00 8.902679E+00 
1.670711E-01 5.720645E-03 3.360816E-01 1.778080E-01 -1.399899E+00 5.734679E-01 -1.770605E-01 9.355844E-01 2.663443E-02 7.392408E-04 4.797387E+00 8.736282E+00 
1.722884E-01 5.755254E-03 3.344666E-01 1.846963E-01 -1.386060E+00 5.876141E-01 -1.485062E-01 9.735103E-01 2.814596E-02 7.287073E-04 4.215469E+00 8.582410E+00 
1.770267E-01 6.536746E-03 3.288538E-01 1.860028E-01 -1.399518E+00 5.807768E-01 -1.119987E-01 9.611812E-01 2.718962E-02 5.779119E-04 3.973696E+00 8.381123E+00 
1.784435E-01 6.181737E-03 3.231051E-01 1.839448E-01 -1.455131E+00 5.966553E-01 -1.424964E-01 8.633917E-01 2.615200E-02 6.041814E-04 4.188546E+00 8.989042E+00 
1.777170E-01 5.294923E-03 3.379433E-01 1.826678E-01 -1.364442E+00 5.808701E-01 -1.438846E-01 9.570357E-01 2.585733E-02 6.554521E-04 3.900039E+00 8.886606E+00 
1.683935E-01 5.050459E-03 3.395718E-01 1.836112E-01 -1.372811E+00 5.903209E-01 -1.292828E-01 9.381927E-01 2.823007E-02 9.145633E-04 4.235975E+00 8.859719E+00 
1.717377E-01 5.178832E-03 3.404545E-01 1.854954E-01 -1.404972E+00 5.992523E-01 -1.290765E-01 9.424137E-01 2.594602E-02 9.456806E-04 4.154104E+00 8.721683E+00 
1.581221E-01 7.223726E-03 3.552632E-01 1.804729E-01 -1.412205E+00 5.996991E-01 -1.805960E-01 9.715221E-01 3.001106E-02 8.299551E-04 4.035076E+00 9.458856E+00 
1.749030E-01 5.583478E-03 3.464979E-01 1.838501E-01 -1.355230E+00 5.838289E-01 -1.579498E-01 9.446033E-01 2.831337E-02 7.166230E-04 3.979709E+00 7.548524E+00 
1.802675E-01 5.447535E-03 3.289203E-01 1.837501E-01 -1.405258E+00 5.895974E-01 -1.408506E-01 9.634752E-01 2.776594E-02 7.519079E-04 3.969779E+00 8.124667E+00 
1.735186E-01 4.917480E-03 3.111799E-01 1.814373E-01 -1.430891E+00 5.854795E-01 -1.697631E-01 9.287193E-01 2.789113E-02 7.729248E-04 4.270333E+00 9.113339E+00 
1.707398E-01 4.723294E-03 3.431526E-01 1.856777E-01 -1.426051E+00 5.701503E-01 -1.985474E-01 9.642785E-01 2.845798E-02 7.770075E-04 4.323211E+00 8.348272E+00 
1.760269E-01 4.292098E-03 3.226111E-01 1.823472E-01 -1.376909E+00 5.785976E-01 -1.456339E-01 9.404031E-01 2.716883E-02 7.033163E-04 4.217500E+00 8.523391E+00 
1.762221E-01 4.961737E-03 3.183322E-01 1.807509E-01 -1.386936E+00 5.733264E-01 -1.465077E-01 9.290270E-01 2.862267E-02 4.754007E-04 4.111073E+00 8.568514E+00 
1.714320E-01 4.753516E-03 3.309152E-01 1.739540E-01 -1.404752E+00 5.821514E-01 -1.087773E-01 9.262093E-01 2.917901E-02 1.317883E-03 3.560391E+00 8.867045E+00 
1.219528E-01 2.073712E-02 3.354887E-01 1.772021E-01 -1.273317E+00 3.627780E-01 -8.526605E-02 9.997930E-01 3.052169E-02 3.580990E-03 3.800912E+00 8.707003E+00 
1.733307E-01 3.263816E-03 3.254040E-01 1.857991E-01 -1.384561E+00 5.895902E-01 -1.363838E-01 9.554205E-01 2.831949E-02 9.953378E-04 4.350479E+00 9.221606E+00 
1.702749E-01 4.708138E-03 3.257935E-01 1.817590E-01 -1.446590E+00 5.797705E-01 -1.378275E-01 9.696953E-01 2.513115E-02 7.578649E-04 4.245960E+00 9.048261E+00 
1.823840E-01 4.595504E-03 3.164685E-01 1.821142E-01 -1.372905E+00 5.824576E-01 -9.846379E-02 9.581867E-01 2.810155E-02 9.076657E-04 4.150182E+00 8.650680E+00 
1.770159E-01 4.923429E-03 3.379214E-01 1.817461E-01 -1.435225E+00 5.833043E-01 -1.481434E-01 9.832433E-01 2.544087E-02 1.052430E-03 4.276355E+00 9.019143E+00 
1.784354E-01 5.009170E-03 3.407045E-01 1.888981E-01 -1.454069E+00 5.923083E-01 -1.417249E-01 9.459733E-01 2.644458E-02 4.294622E-04 4.427741E+00 8.671727E+00 
1.784112E-01 4.787321E-03 3.112789E-01 1.846231E-01 -1.357726E+00 5.780554E-01 -1.351325E-01 9.003770E-01 2.709961E-02 6.089077E-04 4.185691E+00 9.250697E+00 
1.675600E-01 2.779395E-03 3.160945E-01 1.770120E-01 -1.378848E+00 5.944840E-01 -9.282581E-02 9.273090E-01 2.804865E-02 5.154006E-04 4.031055E+00 9.283778E+00 
1.791784E-01 4.884233E-03 3.414571E-01 1.829325E-01 -1.367505E+00 5.844359E-01 -1.844597E-01 9.243297E-01 2.729214E-02 5.734472E-04 4.302745E+00 9.227061E+00 
1.728638E-01 5.305541E-03 3.078143E-01 1.850697E-01 -1.379248E+00 5.720195E-01 -1.808464E-01 9.353776E-01 2.885262E-02 6.214225E-04 4.002916E+00 8.939488E+00 
1.764084E-01 5.622740E-03 3.280412E-01 1.803365E-01 -1.414898E+00 5.863684E-01 -1.453525E-01 9.480072E-01 2.702283E-02 3.722601E-04 3.990867E+00 9.081430E+00 
1.809048E-01 4.943178E-03 3.432277E-01 1.866540E-01 -1.388853E+00 5.980848E-01 -1.621790E-01 9.373090E-01 2.850790E-02 1.147588E-03 4.400582E+00 8.843429E+00 
1.538307E-01 5.387448E-03 3.141548E-01 1.798019E-01 -1.466307E+00 5.824926E-01 -1.131549E-01 9.816138E-01 2.626046E-02 3.179786E-04 4.129107E+00 8.660345E+00 
1.744921E-01 3.952696E-03 2.976939E-01 1.803636E-01 -1.452148E+00 5.894414E-01 -1.828782E-01 9.574769E-01 2.526263E-02 6.010109E-04 4.268211E+00 9.204819E+00 
1.709608E-01 5.832360E-03 3.361951E-01 1.838554E-01 -1.394546E+00 5.853657E-01 -1.018631E-01 9.868286E-01 3.142691E-02 4.299909E-04 4.142059E+00 8.594856E+00 
1.833987E-01 4.640476E-03 3.486230E-01 1.855429E-01 -1.364636E+00 5.869557E-01 -1.575241E-01 9.845562E-01 2.782097E-02 9.767125E-04 4.196364E+00 8.496678E+00 
1.826047E-01 4.682452E-03 3.379949E-01 1.879748E-01 -1.449171E+00 5.935762E-01 -1.403187E-01 9.570812E-01 2.722029E-02 8.606893E-04 4.517753E+00 9.064711E+00 
1.701916E-01 4.095007E-03 3.306881E-01 1.850599E-01 -1.400610E+00 5.850933E-01 -1.010300E-01 9.652078E-01 2.662241E-02 8.357280E-04 4.234369E+00 8.932642E+00 
1.827981E-01 5.762565E-03 3.436152E-01 1.880178E-01 -1.450613E+00 5.830593E-01 -1.664386E-01 9.561065E-01 2.641725E-02 5.638966E-04 4.068094E+00 8.675465E+00 
1.711892E-01 5.580561E-03 3.402417E-01 1.849853E-01 -1.341433E+00 5.973966E-01 -1.237240E-01 1.014698E+00 2.663498E-02 8.410757E-04 3.924036E+00 8.740644E+00 
1.717573E-01 4.988528E-03 3.168752E-01 1.831719E-01 -1.424879E+00 5.853019E-01 -1.079566E-01 9.748715E-01 2.776428E-02 5.484059E-04 4.029024E+00 8.638250E+00 
1.728649E-01 1.070723E-02 3.357019E-01 1.702371E-01 -1.413698E+00 5.629876E-01 -1.251348E-01 8.975524E-01 2.863847E-02 8.040277E-04 4.358495E+00 1.021410E+01 
1.694781E-01 8.496766E-03 3.375883E-01 1.603881E-01 -1.335393E+00 5.717500E-01 -1.484073E-01 1.037768E+00 2.745604E-02 1.134774E-03 4.295687E+00 8.711916E+00 
1.786182E-01 4.402072E-03 3.357645E-01 1.865720E-01 -1.374042E+00 6.000000E-01 -1.553746E-01 9.617710E-01 2.674820E-02 6.369149E-04 4.127545E+00 8.566060E+00 
1.807564E-01 4.325583E-03 3.110525E-01 1.840230E-01 -1.413962E+00 5.875627E-01 -1.450859E-01 9.326964E-01 2.810982E-02 7.051937E-04 4.060577E+00 8.741744E+00 
1.620614E-01 4.737275E-03 3.264064E-01 1.830283E-01 -1.444917E+00 5.827692E-01 -1.512818E-01 9.442527E-01 2.745511E-02 9.142719E-04 4.022057E+00 9.149700E+00 
1.583407E-01 5.554101E-03 3.548547E-01 1.842117E-01 -1.429743E+00 5.787466E-01 -1.632916E-01 9.444704E-01 2.911904E-02 7.018059E-04 3.714599E+00 8.187710E+00 
1.894805E-01 3.914860E-03 3.282311E-01 1.807115E-01 -1.428763E+00 5.853820E-01 -1.451011E-01 9.614823E-01 2.802558E-02 6.025867E-04 4.127345E+00 9.440348E+00 
1.807973E-01 5.174293E-03 3.273445E-01 1.881270E-01 -1.317144E+00 5.834760E-01 -1.977274E-01 9.643020E-01 2.855183E-02 1.036107E-03 3.956823E+00 8.867116E+00 
1.796929E-01 5.265840E-03 3.199907E-01 1.882370E-01 -1.329863E+00 5.856835E-01 -1.208483E-01 9.862496E-01 2.668647E-02 7.827200E-04 4.468994E+00 8.654683E+00 
1.641539E-01 4.667391E-03 3.178576E-01 1.821250E-01 -1.452245E+00 5.764476E-01 -1.088255E-01 8.879995E-01 2.917315E-02 2.200214E-04 4.404749E+00 9.103503E+00 
1.668490E-01 5.050562E-03 3.563753E-01 1.850439E-01 -1.376098E+00 5.850381E-01 -1.471442E-01 9.385502E-01 2.785572E-02 5.360983E-04 4.320569E+00 8.649067E+00 
1.616726E-01 5.082345E-03 3.004943E-01 1.803299E-01 -1.437083E+00 5.676099E-01 -1.219974E-01 9.417969E-01 2.900466E-02 3.132812E-04 3.800695E+00 8.646753E+00 
1.737965E-01 5.992215E-03 3.308485E-01 1.824608E-01 -1.367651E+00 5.873492E-01 -1.850406E-01 9.473144E-01 2.792256E-02 9.618061E-04 4.097431E+00 8.174576E+00 
1.910268E-01 4.968893E-03 3.304399E-01 1.875693E-01 -1.435642E+00 5.869048E-01 -1.401087E-01 9.958279E-01 2.512801E-02 1.250658E-03 4.497492E+00 8.551890E+00 
