1.616242E-01 5.332773E-03 3.273746E-01 1.865605E-01 -1.328402E+00 5.991526E-01 -1.863264E-01 9.298954E-01 2.590574E-02 3.888285E-04 4.083621E+00 8.542985E+00 
1.657539E-01 5.842902E-03 3.062542E-01 1.739075E-01 -1.473250E+00 5.722856E-01 -1.431165E-01 8.837723E-01 2.984908E-02 6.750495E-04 4.106091E+00 9.972529E+00 
1.744411E-01 5.055936E-03 3.234010E-01 1.862819E-01 -1.472160E+00 5.974034E-01 -1.490972E-01 9.964485E-01 2.788454E-02 7.597126E-04 4.165309E+00 9.019117E+00 
1.820661E-01 5.393743E-03 3.131250E-01 1.847562E-01 -1.390519E+00 5.808458E-01 -1.369408E-01 9.601881E-01 2.982676E-02 6.646191E-04 3.993343E+00 8.860943E+00 
1.657388E-01 5.008086E-03 3.265048E-01 1.857083E-01 -1.361636E+00 5.893043E-01 -1.381758E-01 9.641382E-01 2.785688E-02 1.110250E-03 4.363634E+00 9.052818E+00 
1.813534E-01 4.086197E-03 3.249645E-01 1.871458E-01 -1.423907E+00 5.769262E-01 -1.523965E-01 9.508517E-01 2.996983E-02 1.243078E-03 4.183015E+00 9.217023E+00 
1.949782E-01 3.911771E-03 3.108404E-01 1.899089E-01 -1.407873E+00 5.915085E-01 -1.374314E-01 9.585899E-01 2.877336E-02 6.790194E-04 3.888452E+00 8.557203E+00 
1.833498E-01 4.956758E-03 3.170629E-01 1.744381E-01 -1.431376E+00 5.898274E-01 -1.510581E-01 9.257735E-01 2.804821E-02 3.293264E-03 3.858751E+00 9.641334E+00 
1.818940E-01 6.378187E-03 3.274159E-01 1.869414E-01 -1.451441E+00 5.853493E-01 -1.463509E-01 9.217824E-01 2.769926E-02 6.932562E-04 3.649861E+00 8.554873E+00 
1.744604E-01 2.865748E-03 3.246008E-01 1.833131E-01 -1.412936E+00 5.839524E-01 -1.141588E-01 9.472330E-01 2.828094E-02 5.437640E-04 4.131025E+00 8.291958E+00 
1.700202E-01 3.672291E-03 3.226776E-01 1.823215E-01 -1.401733E+00 5.786685E-01 -1.273024E-01 9.545389E-01 2.880741E-02 3.942368E-04 3.977298E+00 8.291361E+00 
1.781541E-01 5.494752E-03 3.260426E-01 1.816636E-01 -1.335726E+00 5.862641E-01 -1.530642E-01 9.780221E-01 2.593271E-02 1.055208E-03 4.191533E+00 8.769488E+00 
1.701245E-01 8.179544E-03 3.254580E-01 1.841412E-01 -1.354003E+00 5.923470E-01 -1.176998E-01 9.852079E-01 2.941276E-02 4.132025E-03 4.253685E+00 1.009634E+01 
1.799077E-01 4.755959E-03 3.146515E-01 1.824872E-01 -1.417979E+00 5.936151E-01 -1.035396E-01 9.348557E-01 2.759402E-02 5.983541E-04 3.974705E+00 8.350866E+00 
1.648437E-01 4.448214E-03 3.262449E-01 1.782740E-01 -1.333281E+00 5.867033E-01 -1.314173E-01 9.792467E-01 2.842161E-02 7.084363E-04 4.140726E+00 9.255195E+00 
1.678006E-01 3.839532E-03 3.394595E-01 1.842573E-01 -1.327013E+00 5.735190E-01 -1.308089E-01 9.541890E-01 2.717242E-02 1.166775E-03 3.282081E+00 8.448920E+00 
1.729841E-01 4.191886E-03 3.054651E-01 1.837324E-01 -1.515638E+00 5.884619E-01 -1.272428E-01 9.854327E-01 2.910173E-02 7.178601E-04 4.186109E+00 8.717810E+00 
1.777923E-01 7.834899E-03 3.351259E-01 1.840951E-01 -1.421615E+00 5.989207E-01 -1.032268E-01 9.315758E-01 2.784729E-02 7.368725E-04 4.913643E+00 8.513833E+00 
1.758416E-01 4.365300E-03 3.261048E-01 1.851129E-01 -1.476974E+00 5.937710E-01 -1.461983E-01 9.559155E-01 2.672569E-02 6.134549E-04 4.026936E+00 8.983037E+00 
1.733840E-01 5.728260E-03 2.991670E-01 1.764190E-01 -1.410071E+00 5.865347E-01 -1.377819E-01 9.949613E-01 2.834088E-02 6.906277E-04 4.047503E+00 9.025985E+00 
1.678567E-01 4.454578E-03 3.339531E-01 1.820157E-01 -1.380694E+00 5.884219E-01 -1.361541E-01 9.866642E-01 2.634564E-02 1.053013E-03 3.836756E+00 8.700323E+00 
1.790829E-01 5.000285E-03 3.275362E-01 1.868545E-01 -1.354846E+00 5.849298E-01 -1.498454E-01 9.323823E-01 2.750606E-02 5.481122E-04 3.886928E+00 8.518511E+00 
1.830903E-01 3.160794E-03 3.336210E-01 1.880337E-01 -1.366586E+00 5.933302E-01 -1.717739E-01 9.148894E-01 2.735918E-02 8.486016E-04 4.177054E+00 9.037458E+00 
1.792999E-01 1.000000E-04 3.216639E-01 1.839297E-01 -1.385263E+00 5.901725E-01 -1.342893E-01 1.007864E+00 2.631565E-02 7.152605E-04 3.904728E+00 9.232892E+00 
1.534864E-01 8.207634E-03 3.181938E-01 1.786013E-01 -1.316070E+00 5.150261E-01 -1.511062E-01 9.593000E-01 2.932540E-02 1.567208E-03 3.738517E+00 8.157745E+00 
1.966628E-01 4.235413E-03 3.307421E-01 1.843961E-01 -1.420018E+00 5.926752E-01 -1.518968E-01 9.297195E-01 2.811213E-02 4.256747E-04 3.962792E+00 8.273317E+00 
1.801548E-01 4.155204E-03 3.156991E-01 1.841504E-01 -1.334395E+00 5.762794E-01 -1.374108E-01 9.594099E-01 2.708833E-02 4.671286E-04 4.313931E+00 8.959496E+00 
1.766931E-01 2.432657E-03 3.407273E-01 1.818695E-01 -1.441279E+00 5.776113E-01 -1.368361E-01 8.615283E-01 2.783675E-02 3.874058E-04 4.276270E+00 8.454499E+00 
1.776413E-01 5.546159E-03 3.305479E-01 1.835088E-01 -1.374392E+00 5.879245E-01 -1.621054E-01 9.198353E-01 2.576077E-02 1.755690E-04 4.093854E+00 8.889675E+00 
1.638747E-01 4.485698E-03 3.372101E-01 1.817595E-01 -1.386872E+00 5.809951E-01 -1.281092E-01 9.390514E-01 3.014147E-02 5.710756E-04 3.936646E+00 9.391733E+00 
1.809351E-01 5.388792E-03 3.172033E-01 1.837902E-01 -1.403642E+00 5.874991E-01 -1.200039E-01 9.576064E-01 2.696721E-02 1.051281E-04 3.873730E+00 8.551419E+00 
1.775129E-01 5.745929E-03 3.334102E-01 1.845794E-01 -1.379143E+00 5.953491E-01 -1.708749E-01 9.568144E-01 2.797303E-02 5.740924E-04 3.937520E+00 8.688108E+00 
1.731740E-01 4.437180E-03 3.218428E-01 1.849871E-01 -1.528320E+00 5.798586E-01 -9.323936E-02 9.066529E-01 2.670424E-02 1.410110E-03 3.938738E+00 8.743384E+00 
1.698257E-01 3.144224E-03 3.107063E-01 1.815066E-01 -1.455240E+00 5.793890E-01 -8.768556E-02 9.758779E-01 2.844023E-02 7.649728E-04 4.040841E+00 9.391646E+00 
1.799921E-01 4.446574E-03 3.035244E-01 1.834992E-01 -1.341174E+00 5.829789E-01 -1.311796E-01 9.296974E-01 2.822910E-02 5.558170E-04 3.915215E+00 8.388055E+00 
1.787340E-01 6.338905E-03 3.170875E-01 1.858439E-01 -1.346139E+00 5.896737E-01 -1.471311E-01 9.537737E-01 2.774628E-02 8.678898E-04 4.489162E+00 8.702699E+00 
1.729308E-01 5.085817E-03 3.433391E-01 1.844503E-01 -1.438564E+00 5.995557E-01 -1.323355E-01 9.108620E-01 2.717692E-02 8.270392E-04 4.438675E+00 8.702727E+00 
1.927911E-01 3.828516E-03 3.437198E-01 1.867228E-01 -1.442926E+00 5.877925E-01 -1.619289E-01 9.197933E-01 2.799944E-02 6.791728E-04 4.243640E+00 9.168252E+00 
1.785567E-01 6.540101E-03 3.313822E-01 1.908961E-01 -1.413598E+00 5.977970E-01 -1.473879E-01 9.885259E-01 2.666325E-02 1.518629E-03 4.250480E+00 8.492910E+00 
1.722943E-01 4.874409E-03 3.120806E-01 1.824470E-01 -1.402896E+00 5.828876E-01 -1.443583E-01 9.425221E-01 2.737054E-02 1.132807E-03 4.281867E+00 8.359753E+00 
1.791901E-01 4.807582E-03 3.355008E-01 1.816592E-01 -1.490768E+00 5.879855E-01 -1.549856E-01 8.870249E-01 2.623009E-02 6.202935E-04 4.236360E+00 8.726344E+00 
1.739262E-01 4.096596E-03 3.190769E-01 1.810927E-01 -1.478769E+00 5.768648E-01 -1.481670E-01 9.225893E-01 2.712423E-02 4.826758E-04 4.279004E+00 8.815465E+00 
1.731156E-01 3.980233E-03 3.203656E-01 1.818825E-01 -1.402514E+00 5.724814E-01 -1.028563E-01 1.021605E+00 2.771268E-02 5.523678E-04 4.300030E+00 8.700030E+00 
1.740585E-01 4.545185E-03 3.158686E-01 1.811002E-01 -1.435771E+00 5.891198E-01 -9.705602E-02 9.692371E-01 2.799156E-02 9.646865E-04 4.244259E+00 9.194915E+00 
1.571507E-01 5.083504E-03 3.017122E-01 1.782402E-01 -1.386180E+00 5.917029E-01 -1.622334E-01 9.608384E-01 2.935443E-02 5.447888E-04 4.201638E+00 8.869742E+00 
1.854626E-01 6.814821E-03 3.411668E-01 1.809127E-01 -1.374445E+00 5.937203E-01 -1.992438E-01 9.178544E-01 2.574270E-02 4.177776E-04 4.263865E+00 9.030183E+00 
1.761017E-01 5.239127E-03 3.401124E-01 1.846579E-01 -1.347137E+00 5.892718E-01 -1.562995E-01 9.979021E-01 2.682289E-02 3.660647E-04 4.123167E+00 8.911406E+00 
1.689712E-01 5.116811E-03 3.234806E-01 1.807268E-01 -1.429577E+00 5.660043E-01 -1.194073E-01 9.588530E-01 2.822007E-02 5.598493E-04 4.117091E+00 8.161053E+00 
1.730525E-01 3.304855E-03 3.090571E-01 1.853575E-01 -1.395768E+00 5.766555E-01 -1.251486E-01 9.553699E-01 2.697342E-02 5.505647E-04 4.006766E+00 8.608961E+00 
1.745124E-01 4.790721E-03 3.136746E-01 1.846300E-01 -1.381455E+00 5.943703E-01 -1.337941E-01 9.545748E-01 2.786449E-02 5.669671E-04 4.268601E+00 8.573024E+00 
1.714362E-01 3.735976E-03 3.252626E-01 1.804604E-01 -1.497165E+00 5.700777E-01 -1.356728E-01 9.492802E-01 2.659847E-02 6.503364E-04 3.924058E+00 9.137856E+00 
1.673096E-01 4.821693E-03 3.258486E-01 1.816624E-01 -1.428541E+00 5.861618E-01 -1.532958E-01 9.728795E-01 2.900733E-02 6.071122E-04 4.068679E+00 8.356794E+00 
1.767489E-01 6.883559E-03 3.328164E-01 1.818582E-01 -1.434105E+00 5.857695E-01 -1.668012E-01 9.354512E-01 2.677831E-02 3.441182E-04 4.100833E+00 8.908271E+00 
1.680616E-01 4.930581E-03 3.368972E-01 1.833709E-01 -1.297562E+00 5.913665E-01 -1.575460E-01 9.568462E-01 2.745656E-02 1.182159E-03 4.156659E+00 8.533794E+00 
1.897477E-01 5.143541E-03 3.281970E-01 1.855620E-01 -1.368610E+00 5.940783E-01 -1.838068E-01 9.216154E-01 2.754182E-02 1.031789E-03 4.054637E+00 8.341172E+00 
1.809792E-01 4.219592E-03 3.193283E-01 1.842798E-01 -1.419483E+00 5.812742E-01 -1.503871E-01 9.789345E-01 2.778856E-02 3.627168E-04 4.117301E+00 8.800377E+00 
1.678570E-01 6.015669E-03 3.224102E-01 1.843309E-01 -1.368141E+00 5.992801E-01 -1.279870E-01 9.720868E-01 2.552732E-02 1.088782E-03 4.359605E+00 8.574881E+00 
1.332126E-01 3.624267E-03 3.667597E-01 1.840427E-01 -1.375288E+00 4.342358E-01 -1.003876E-01 5.418168E-01 2.789168E-02 1.233880E-03 3.923509E+00 9.124093E+00 
1.730027E-01 5.258757E-03 2.921080E-01 1.834805E-01 -1.399680E+00 5.778213E-01 -9.772074E-02 9.416508E-01 3.004165E-02 9.124504E-04 4.279589E+00 8.609489E+00 
1.616327E-01 6.229540E-03 3.075904E-01 1.795576E-01 -1.417530E+00 5.756405E-01 -1.122344E-01 9.357812E-01 2.848405E-02 5.809831E-04 3.833694E+00 8.831201E+00 
1.714099E-01 3.466150E-03 3.225102E-01 1.812372E-01 -1.380055E+00 5.852881E-01 -1.188995E-01 9.761778E-01 2.595373E-02 2.646939E-04 3.119205E+00 9.172465E+00 
1.815207E-01 4.776758E-03 2.937911E-01 1.831196E-01 -1.355558E+00 5.857054E-01 -1.625040E-01 9.468531E-01 2.765181E-02 7.071672E-04 4.081273E+00 8.325156E+00 
1.783001E-01 5.121545E-03 3.205089E-01 1.839546E-01 -1.441492E+00 5.861086E-01 -1.236867E-01 9.623384E-01 2.792607E-02 1.157870E-03 4.365804E+00 8.966347E+00 
1.679211E-01 5.702629E-03 3.360623E-01 1.822099E-01 -1.399682E+00 5.922437E-01 -1.776582E-01 9.425848E-01 2.632923E-02 4.481705E-04 4.315836E+00 9.232299E+00 
1.703379E-01 5.410337E-03 3.276265E-01 1.850803E-01 -1.358559E+00 5.986602E-01 -1.719625E-01 9.436523E-01 2.725569E-02 7.381979E-04 4.070027E+00 8.874744E+00 
1.672048E-01 4.140369E-03 3.257420E-01 1.841569E-01 -1.400901E+00 5.807654E-01 -1.712878E-01 9.773309E-01 2.663343E-02 1.651308E-05 4.056026E+00 8.477054E+00 
1.447941E-01 8.011576E-03 3.467445E-01 1.823242E-01 -1.498639E+00 5.855116E-01 -1.805321E-01 9.259843E-01 3.167007E-02 1.425025E-04 4.295853E+00 8.524114E+00 
1.701678E-01 7.170725E-03 3.565144E-01 1.808050E-01 -1.421761E+00 5.679003E-01 -1.472374E-01 8.710664E-01 2.579808E-02 1.151325E-03 4.277786E+00 8.609117E+00 
1.715603E-01 4.589884E-03 3.205356E-01 1.866231E-01 -1.330391E+00 5.805008E-01 -1.696913E-01 9.438492E-01 2.851552E-02 7.576314E-04 4.109284E+00 8.622175E+00 
1.659875E-01 4.792113E-03 3.188361E-01 1.807105E-01 -1.347911E+00 5.787023E-01 -1.015744E-01 9.672628E-01 2.837553E-02 5.985018E-04 4.212524E+00 8.425381E+00 
1.705136E-01 5.049790E-03 3.075607E-01 1.789907E-01 -1.389978E+00 5.857076E-01 -1.518689E-01 9.621996E-01 2.648690E-02 9.365338E-04 4.125627E+00 8.854729E+00 
1.491814E-01 3.142145E-03 3.364063E-01 1.816734E-01 -1.395551E+00 5.917801E-01 -1.382878E-01 9.692149E-01 3.083795E-02 4.681313E-04 3.904089E+00 9.498498E+00 
1.658790E-01 9.737560E-03 3.062738E-01 1.757789E-01 -1.413971E+00 6.000000E-01 -1.275799E-01 9.426258E-01 2.829209E-02 9.755799E-04 3.982348E+00 8.445766E+00 
1.701361E-01 5.072348E-03 3.267024E-01 1.775965E-01 -1.467198E+00 5.649542E-01 -1.344005E-01 9.162302E-01 2.959725E-02 1.184642E-03 4.189314E+00 9.128431E+00 
1.796270E-01 6.157099E-03 3.349908E-01 1.823034E-01 -1.406272E+00 5.872117E-01 -1.107270E-01 9.572270E-01 2.753397E-02 5.751772E-04 3.844609E+00 8.992497E+00 
1.702830E-01 4.354403E-03 3.311057E-01 1.825061E-01 -1.396341E+00 5.833852E-01 -1.589636E-01 9.533448E-01 2.870548E-02 6.966509E-04 4.251794E+00 8.704388E+00 
1.753656E-01 4.411425E-03 3.294608E-01 1.788028E-01 -1.367714E+00 5.867944E-01 -1.617244E-01 9.584868E-01 2.810477E-02 1.073179E-03 4.071579E+00 8.579650E+00 
1.729773E-01 4.294327E-03 3.507066E-01 1.866460E-01 -1.451672E+00 5.958401E-01 -1.262110E-01 9.441000E-01 3.040856E-02 5.417825E-04 4.149840E+00 8.739380E+00 
1.706261E-01 4.816947E-03 3.324659E-01 1.855512E-01 -1.390667E+00 5.883197E-01 -1.418207E-01 9.805215E-01 2.733666E-02 4.265838E-04 3.948099E+00 9.617521E+00 
1.646458E-01 4.611286E-03 3.333248E-01 1.833383E-01 -1.405760E+00 5.979091E-01 -1.477738E-01 9.492772E-01 2.701771E-02 6.400358E-04 4.208445E+00 8.883795E+00 
1.631104E-01 5.516497E-03 3.201799E-01 1.819432E-01 -1.319619E+00 5.717463E-01 -1.309232E-01 9.475228E-01 2.647905E-02 5.850330E-04 4.045324E+00 8.803891E+00 
1.822872E-01 4.342495E-03 3.210133E-01 1.845315E-01 -1.533908E+00 5.855680E-01 -1.193276E-01 9.204508E-01 2.600976E-02 4.093334E-04 4.345367E+00 9.166769E+00 
1.818755E-01 5.734088E-03 3.361586E-01 1.844400E-01 -1.391710E+00 5.717660E-01 -1.058132E-01 9.103603E-01 3.161192E-02 7.239119E-04 3.766422E+00 8.938853E+00 
1.572792E-01 5.354919E-03 3.225097E-01 1.875211E-01 -1.486214E+00 5.904304E-01 -1.523191E-01 9.591435E-01 2.791917E-02 4.270023E-04 4.239241E+00 8.825139E+00 
1.691939E-01 4.813634E-03 3.258825E-01 1.854787E-01 -1.462073E+00 5.877731E-01 -1.397678E-01 9.527218E-01 2.561724E-02 3.843280E-04 4.357908E+00 8.858159E+00 
1.740361E-01 4.976484E-03 3.126258E-01 1.838040E-01 -1.390110E+00 5.767813E-01 -1.460663E-01 9.308754E-01 2.690911E-02 1.115109E-03 3.801654E+00 8.601467E+00 
1.714515E-01 6.362494E-03 3.356375E-01 1.853782E-01 -1.416825E+00 5.017445E-01 -1.287041E-01 9.399564E-01 2.944266E-02 1.141281E-03 4.126713E+00 8.775321E+00 
1.649484E-01 3.432665E-03 3.282609E-01 1.811701E-01 -1.403601E+00 5.827932E-01 -1.402863E-01 9.628745E-01 2.713251E-02 3.920898E-04 3.766430E+00 8.751890E+00 
1.642512E-01 2.313367E-03 3.197421E-01 1.865548E-01 -1.452593E+00 5.865230E-01 -1.403785E-01 9.549532E-01 2.893221E-02 7.861621E-04 4.033804E+00 9.331295E+00 
1.808475E-01 4.372685E-03 3.378897E-01 1.866877E-01 -1.445807E+00 5.922626E-01 -1.203089E-01 9.286957E-01 2.726026E-02 9.507681E-04 4.227197E+00 9.826038E+00 
1.836481E-01 5.336088E-03 3.497052E-01 1.704588E-01 -1.471535E+00 5.950906E-01 -1.215473E-01 1.033197E+00 2.809390E-02 1.084610E-03 4.501855E+00 9.969086E+00 
1.712067E-01 4.809501E-03 3.242349E-01 1.791869E-01 -1.390341E+00 5.842940E-01 -1.175900E-01 9.721127E-01 2.813432E-02 1.241618E-03 4.082790E+00 8.406377E+00 
1.839513E-01 1.038728E-02 3.369251E-01 1.680905E-01 -1.405818E+00 5.925021E-01 -1.089735E-01 9.639451E-01 2.807256E-02 1.801314E-03 3.924968E+00 9.714793E+00 
1.786292E-01 5.372674E-03 3.137323E-01 1.810254E-01 -1.407335E+00 5.851840E-01 -1.451126E-01 9.954624E-01 2.631501E-02 7.873075E-04 4.221379E+00 8.267426E+00 
1.836410E-01 4.781168E-03 3.323843E-01 1.793387E-01 -1.383848E+00 5.783447E-01 -1.825694E-01 9.924806E-01 2.763262E-02 5.436763E-04 4.420106E+00 8.611048E+00 
1.667446E-01 6.751517E-03 3.441739E-01 1.793795E-01 -1.515308E+00 5.464215E-01 -1.105487E-01 9.160308E-01 2.721751E-02 7.227062E-04 4.466828E+00 8.812123E+00 
1.946041E-01 5.742363E-03 3.355167E-01 1.795561E-01 -1.444123E+00 5.937296E-01 -1.113491E-01 9.367074E-01 2.636149E-02 5.941936E-04 4.006540E+00 8.787690E+00 
1.791167E-01 5.149974E-03 3.568194E-01 1.808989E-01 -1.392229E+00 5.798996E-01 -1.364616E-01 9.498660E-01 2.836851E-02 1.102329E-03 3.888267E+00 7.755999E+00 
1.737665E-01 4.469458E-03 3.194058E-01 1.794555E-01 -1.401282E+00 5.939404E-01 -1.381707E-01 9.273527E-01 2.518905E-02 7.044945E-04 4.045355E+00 8.805617E+00 
1.742799E-01 4.239329E-03 3.162661E-01 1.835163E-01 -1.427639E+00 5.885081E-01 -9.989145E-02 9.436658E-01 2.786231E-02 5.432512E-04 4.641495E+00 8.680223E+00 
1.746237E-01 3.800056E-03 3.330454E-01 1.835645E-01 -1.458960E+00 5.856205E-01 -1.550418E-01 9.481136E-01 2.663075E-02 6.721435E-04 4.239090E+00 8.964765E+00 
1.647289E-01 7.112555E-03 3.504624E-01 1.826835E-01 -1.349621E+00 5.920596E-01 -1.223714E-01 9.941378E-01 2.840244E-02 1.034558E-03 4.425800E+00 8.809267E+00 
1.615814E-01 4.698178E-03 3.155290E-01 1.838189E-01 -1.288889E+00 5.862727E-01 -1.229843E-01 9.321598E-01 3.007186E-02 9.674573E-04 3.913244E+00 9.012775E+00 
1.856020E-01 5.745557E-03 3.410979E-01 1.824724E-01 -1.233587E+00 5.762235E-01 -1.615768E-01 9.222055E-01 2.579737E-02 7.808649E-04 4.033273E+00 8.701454E+00 
1.927376E-01 8.146382E-03 3.278683E-01 1.816591E-01 -1.440404E+00 5.835471E-01 -1.467811E-01 9.633744E-01 2.555240E-02 1.218774E-03 4.193496E+00 7.881877E+00 
1.683654E-01 5.405744E-03 3.537322E-01 1.818906E-01 -1.331865E+00 5.826494E-01 -1.441830E-01 9.268523E-01 2.796957E-02 9.631448E-04 4.047758E+00 8.158998E+00 
1.747842E-01 4.717040E-03 3.253248E-01 1.794457E-01 -1.330102E+00 5.942421E-01 -1.457212E-01 9.724633E-01 2.713126E-02 6.422670E-04 4.159530E+00 8.904018E+00 
1.764722E-01 6.348671E-03 3.333072E-01 1.819485E-01 -1.496726E+00 5.759677E-01 -1.953453E-01 9.611103E-01 2.655213E-02 1.298967E-04 4.171344E+00 8.624845E+00 
1.750687E-01 5.192139E-03 3.123998E-01 1.845840E-01 -1.398523E+00 6.000000E-01 -1.609692E-01 9.254339E-01 2.684174E-02 5.716828E-04 3.949245E+00 9.114615E+00 
1.777236E-01 1.564528E-02 3.479638E-01 1.858824E-01 -1.321705E+00 4.427479E-01 -1.552282E-01 9.378614E-01 2.684506E-02 6.117203E-04 5.142382E+00 8.767922E+00 
1.732771E-01 3.903388E-03 3.140263E-01 1.798985E-01 -1.376050E+00 5.833124E-01 -1.432218E-01 9.364877E-01 2.768458E-02 1.037143E-03 4.240294E+00 8.650195E+00 
1.752483E-01 4.756357E-03 3.526059E-01 1.781120E-01 -1.385603E+00 5.827479E-01 -1.584117E-01 9.314067E-01 2.840800E-02 1.425299E-03 4.163507E+00 8.761182E+00 
1.602255E-01 6.474415E-03 3.380639E-01 1.832014E-01 -1.403916E+00 5.897906E-01 -1.673760E-01 9.206234E-01 2.877260E-02 4.506747E-04 4.099032E+00 8.549732E+00 
2.000000E-01 1.000000E-04 3.181684E-01 1.835787E-01 -1.270623E+00 5.454618E-01 -1.390545E-01 1.015179E+00 2.653794E-02 0.000000E+00 3.373729E+00 8.028452E+00 
1.774025E-01 4.696530E-03 3.169864E-01 1.817474E-01 -1.382700E+00 5.811249E-01 -1.418714E-01 9.347002E-01 2.764331E-02 7.831363E-04 3.994796E+00 8.445040E+00 
1.678237E-01 5.143430E-03 3.329911E-01 1.819380E-01 -1.410652E+00 5.776043E-01 -1.122525E-01 9.254587E-01 2.713180E-02 1.276283E-03 3.738438E+00 8.542886E+00 
1.777927E-01 4.306661E-03 3.230303E-01 1.828101E-01 -1.421101E+00 5.672447E-01 -1.285290E-01 9.609141E-01 2.888989E-02 6.636338E-04 3.789917E+00 8.857429E+00 
1.577649E-01 5.380281E-03 3.479184E-01 1.729273E-01 -1.386645E+00 5.933173E-01 -1.519182E-01 8.703858E-01 2.808741E-02 7.056683E-04 4.063668E+00 9.107313E+00 
1.707685E-01 5.625565E-03 3.308204E-01 1.828119E-01 -1.426294E+00 5.855766E-01 -1.448185E-01 9.681317E-01 2.593083E-02 9.675857E-04 3.851738E+00 8.803980E+00 
1.749054E-01 4.935624E-03 3.427457E-01 1.836782E-01 -1.455164E+00 5.943860E-01 -1.308466E-01 9.555944E-01 2.802529E-02 4.608986E-04 4.224064E+00 9.091231E+00 
1.731348E-01 5.510422E-03 3.183321E-01 1.850509E-01 -1.405414E+00 5.814564E-01 -1.043064E-01 9.725423E-01 2.735108E-02 1.249053E-04 4.008147E+00 8.248148E+00 
1.829636E-01 4.463218E-03 3.381821E-01 1.863168E-01 -1.349964E+00 5.890068E-01 -1.550243E-01 9.217099E-01 3.095404E-02 1.179505E-03 3.778546E+00 8.076078E+00 
1.749282E-01 5.708174E-03 3.269166E-01 1.865996E-01 -1.410339E+00 5.857087E-01 -1.304572E-01 9.776009E-01 2.846982E-02 9.938811E-04 4.196816E+00 9.130001E+00 
1.725795E-01 5.359270E-03 3.482811E-01 1.847294E-01 -1.386296E+00 5.867184E-01 -1.165464E-01 9.175287E-01 2.733124E-02 6.768034E-04 4.251018E+00 8.942793E+00 
1.919162E-01 5.619620E-03 3.396823E-01 1.872752E-01 -1.454064E+00 5.936431E-01 -1.580242E-01 9.636053E-01 2.614009E-02 9.875759E-04 4.279523E+00 8.760613E+00 
1.725404E-01 4.575110E-03 3.127899E-01 1.831162E-01 -1.415483E+00 5.868731E-01 -1.781709E-01 9.566337E-01 2.889910E-02 8.194966E-04 4.255809E+00 8.941837E+00 
1.853490E-01 5.417514E-03 3.257403E-01 1.839640E-01 -1.376378E+00 5.778788E-01 -1.304455E-01 9.336333E-01 2.642626E-02 1.371246E-03 4.187125E+00 8.567510E+00 
1.690137E-01 5.782871E-03 3.366966E-01 1.827063E-01 -1.365101E+00 5.821037E-01 -1.232978E-01 9.365074E-01 2.629616E-02 5.960259E-04 4.136434E+00 8.718402E+00 
1.735467E-01 5.205995E-03 3.312426E-01 1.829224E-01 -1.459088E+00 5.528699E-01 -1.450621E-01 9.710784E-01 2.683735E-02 6.971424E-04 4.054803E+00 9.186427E+00 
1.774714E-01 4.501981E-03 3.216138E-01 1.817730E-01 -1.469912E+00 5.990176E-01 -1.011187E-01 9.536958E-01 2.615952E-02 7.358660E-04 3.860663E+00 8.777976E+00 
1.796177E-01 4.720685E-03 3.030159E-01 1.790142E-01 -1.374664E+00 5.803335E-01 -1.005706E-01 1.019650E+00 2.798379E-02 1.780558E-04 4.156890E+00 9.502974E+00 
1.852444E-01 6.298487E-03 3.288836E-01 1.836614E-01 -1.382262E+00 5.924491E-01 -1.627542E-01 9.374891E-01 2.828862E-02 6.580508E-04 4.116805E+00 8.767881E+00 
1.847697E-01 6.112397E-03 3.485604E-01 1.862217E-01 -1.480074E+00 5.891019E-01 -1.377165E-01 9.627837E-01 2.757705E-02 7.227816E-04 4.166796E+00 9.275775E+00 
1.798243E-01 4.847535E-03 3.474923E-01 1.877204E-01 -1.482955E+00 5.968908E-01 -1.646853E-01 9.585927E-01 2.762684E-02 8.937903E-04 4.056693E+00 8.765733E+00 
1.656479E-01 3.970238E-03 3.286378E-01 1.843438E-01 -1.475940E+00 5.936491E-01 -1.256140E-01 9.187048E-01 2.649012E-02 9.983648E-04 4.239711E+00 9.295099E+00 
1.826215E-01 5.343231E-03 3.280113E-01 1.977652E-01 -1.400450E+00 5.827684E-01 -1.386635E-01 9.352776E-01 2.873311E-02 1.078366E-05 4.084944E+00 8.905434E+00 
1.655455E-01 5.415189E-03 3.191857E-01 1.814610E-01 -1.395528E+00 5.826473E-01 -1.584645E-01 9.412256E-01 2.876549E-02 6.968365E-04 4.151713E+00 8.394229E+00 
1.631794E-01 4.449658E-03 3.264409E-01 1.847074E-01 -1.385941E+00 5.857362E-01 -1.068279E-01 9.500235E-01 2.765981E-02 1.230761E-03 3.958040E+00 8.964206E+00 
1.696681E-01 1.449111E-02 3.266052E-01 1.799766E-01 -1.360750E+00 5.535744E-01 -1.214592E-01 9.359195E-01 2.771166E-02 6.609398E-04 3.845787E+00 8.319642E+00 
1.739862E-01 3.350733E-03 3.231656E-01 1.846885E-01 -1.391313E+00 5.876517E-01 -1.106061E-01 9.591789E-01 2.875127E-02 7.514695E-04 3.932299E+00 8.195108E+00 
1.974799E-01 5.069610E-03 3.209468E-01 1.842013E-01 -1.354757E+00 5.830670E-01 -1.600280E-01 9.636575E-01 2.834441E-02 5.166526E-04 4.162672E+00 7.941409E+00 
1.730997E-01 4.471942E-03 3.120811E-01 1.873940E-01 -1.332951E+00 5.791321E-01 -1.381489E-01 9.341803E-01 2.625575E-02 4.046815E-04 4.136419E+00 8.683466E+00 
1.708797E-01 3.986358E-03 3.316170E-01 1.815246E-01 -1.394963E+00 5.870842E-01 -1.476510E-01 9.719381E-01 2.797169E-02 8.099150E-04 2.693705E+00 9.244056E+00 
1.819273E-01 4.372716E-03 3.218843E-01 1.868966E-01 -1.346005E+00 5.949841E-01 -1.143837E-01 9.630595E-01 3.105265E-02 5.696697E-04 4.072794E+00 8.909457E+00 
1.732780E-01 5.024468E-03 3.284855E-01 1.835188E-01 -1.407387E+00 5.904417E-01 -1.468220E-01 9.654098E-01 2.825020E-02 6.631143E-04 3.978512E+00 8.994887E+00 
1.760328E-01 4.994659E-03 3.342461E-01 1.815421E-01 -1.365298E+00 5.898390E-01 -2.000000E-01 9.110756E-01 2.898928E-02 6.935557E-04 4.143799E+00 9.300962E+00 
1.785656E-01 4.615474E-03 3.170719E-01 1.831414E-01 -1.386643E+00 5.839724E-01 -1.237185E-01 9.780019E-01 2.801333E-02 6.143176E-04 3.928293E+00 9.105495E+00 
1.659608E-01 5.307833E-03 3.219851E-01 1.826003E-01 -1.375608E+00 5.875791E-01 -1.180605E-01 9.185229E-01 3.044120E-02 4.601998E-04 3.861486E+00 8.529911E+00 
1.723872E-01 5.282896E-03 3.054231E-01 1.814850E-01 -1.385931E+00 5.854417E-01 -1.224930E-01 9.250674E-01 2.716718E-02 3.905094E-04 4.110387E+00 8.267540E+00 
1.803474E-01 5.393962E-03 3.212122E-01 1.856484E-01 -1.338967E+00 5.846692E-01 -1.252928E-01 1.012223E+00 2.686778E-02 6.245958E-04 4.101863E+00 9.474800E+00 
1.089661E-01 5.464202E-03 3.246396E-01 1.792291E-01 -1.398658E+00 5.094638E-01 -8.964751E-02 7.907433E-01 2.924906E-02 7.510534E-04 4.101351E+00 9.278619E+00 
1.775733E-01 4.067480E-03 3.187849E-01 1.861381E-01 -1.498571E+00 5.845084E-01 -1.309358E-01 9.385918E-01 2.774201E-02 1.490101E-04 4.481304E+00 8.648493E+00 
1.913863E-01 4.271937E-03 3.408026E-01 1.857947E-01 -1.322687E+00 5.904484E-01 -1.172632E-01 9.864312E-01 2.782132E-02 7.728325E-04 4.360406E+00 9.005656E+00 
1.779767E-01 5.250542E-03 3.345927E-01 1.861255E-01 -1.476467E+00 6.000000E-01 -1.741525E-01 9.023439E-01 2.661293E-02 3.199241E-04 4.083307E+00 9.307110E+00 
1.907698E-01 4.695598E-03 3.254691E-01 1.808262E-01 -1.443831E+00 5.828756E-01 -1.607493E-01 9.679025E-01 2.688020E-02 7.276484E-04 4.236738E+00 8.880039E+00 
1.747203E-01 3.811341E-03 3.300151E-01 1.828504E-01 -1.375841E+00 5.824777E-01 -1.564318E-01 9.739120E-01 2.781566E-02 7.140247E-04 4.121125E+00 8.638629E+00 
1.742403E-01 3.743544E-03 3.281018E-01 1.849765E-01 -1.426485E+00 5.913207E-01 -1.285227E-01 9.821736E-01 2.767110E-02 2.047188E-04 4.107711E+00 8.109711E+00 
1.820750E-01 5.335606E-03 3.278005E-01 1.843429E-01 -1.384052E+00 5.972861E-01 -1.306280E-01 9.529173E-01 2.497310E-02 4.717434E-04 4.193306E+00 8.321170E+00 
1.771813E-01 5.337476E-03 3.244324E-01 1.874509E-01 -1.438773E+00 5.947203E-01 -1.702688E-01 9.672294E-01 2.760250E-02 9.910562E-04 4.113020E+00 8.560800E+00 
1.788431E-01 5.326625E-03 3.441019E-01 1.830269E-01 -1.420438E+00 5.916337E-01 -1.459620E-01 9.770641E-01 2.527072E-02 8.641908E-04 4.108083E+00 9.112172E+00 
1.686326E-01 4.134129E-03 3.261266E-01 1.866779E-01 -1.384912E+00 5.804163E-01 -1.735138E-01 9.624895E-01 2.752728E-02 1.004439E-03 4.217800E+00 8.817980E+00 
1.986268E-01 5.336157E-03 3.208824E-01 1.822417E-01 -1.480920E+00 5.836561E-01 -1.169113E-01 1.031711E+00 2.675129E-02 7.337888E-04 4.218506E+00 9.000793E+00 
1.727631E-01 4.327885E-03 3.320831E-01 1.852993E-01 -1.381646E+00 5.968061E-01 -1.599501E-01 9.781969E-01 2.812375E-02 8.016391E-04 4.165493E+00 8.783554E+00 
1.876242E-01 6.204108E-03 3.270718E-01 1.811206E-01 -1.413423E+00 5.848961E-01 -1.582830E-01 9.330726E-01 2.958590E-02 9.835451E-04 3.959916E+00 8.513525E+00 
1.675085E-01 4.591514E-03 3.309646E-01 1.843735E-01 -1.385322E+00 5.784030E-01 -1.284261E-01 9.245184E-01 2.325263E-02 7.889751E-04 4.200571E+00 9.083417E+00 
1.701865E-01 5.206244E-03 3.226147E-01 1.862527E-01 -1.426985E+00 5.809369E-01 -1.042900E-01 9.128634E-01 2.850412E-02 1.180172E-03 4.188540E+00 8.582500E+00 
1.760058E-01 4.869567E-03 3.323187E-01 1.870974E-01 -1.351456E+00 5.891331E-01 -1.639406E-01 9.729313E-01 2.711326E-02 1.235931E-03 4.262328E+00 8.663888E+00 
1.755869E-01 4.663525E-03 3.376357E-01 1.866023E-01 -1.549308E+00 5.959996E-01 -9.914243E-02 9.549642E-01 2.638503E-02 6.164377E-04 4.354951E+00 9.057907E+00 
1.717387E-01 6.266991E-03 3.236847E-01 1.829418E-01 -1.370056E+00 5.807287E-01 -1.469554E-01 9.750319E-01 2.830648E-02 4.888267E-04 4.178257E+00 8.790494E+00 
1.802371E-01 4.408139E-03 3.364790E-01 1.844999E-01 -1.350501E+00 5.875051E-01 -1.350553E-01 9.487172E-01 2.839795E-02 4.601072E-04 4.262211E+00 8.961828E+00 
1.850354E-01 2.587186E-03 3.414411E-01 1.873591E-01 -1.392512E+00 5.831505E-01 -1.251577E-01 9.358794E-01 2.512066E-02 6.074536E-04 3.946823E+00 8.578032E+00 
1.734637E-01 4.350934E-03 3.282505E-01 1.832565E-01 -1.398264E+00 5.855323E-01 -1.282921E-01 9.514608E-01 2.981822E-02 8.580803E-04 4.245644E+00 8.697441E+00 
1.709337E-01 4.877575E-03 3.276796E-01 1.811923E-01 -1.268389E+00 5.932409E-01 -1.225692E-01 9.189034E-01 2.694529E-02 6.245286E-04 4.406285E+00 8.117370E+00 
1.840048E-01 4.685979E-03 2.965278E-01 1.820342E-01 -1.429207E+00 5.803101E-01 -1.747078E-01 9.755826E-01 2.718116E-02 9.127381E-04 4.136279E+00 8.929336E+00 
1.745327E-01 5.075780E-03 3.318601E-01 1.826802E-01 -1.406340E+00 5.928762E-01 -1.159650E-01 9.614266E-01 2.785523E-02 7.724298E-04 4.277178E+00 9.183622E+00 
1.737700E-01 5.853252E-03 3.156626E-01 1.795018E-01 -1.388295E+00 5.759907E-01 -1.086011E-01 9.393742E-01 2.963146E-02 1.399667E-03 4.152989E+00 8.571297E+00 
1.664091E-01 4.631456E-03 3.247667E-01 1.823733E-01 -1.352432E+00 5.872430E-01 -1.672765E-01 9.648686E-01 2.879836E-02 9.148056E-04 3.995747E+00 9.365543E+00 
1.777433E-01 4.002682E-03 3.353608E-01 1.855457E-01 -1.319221E+00 5.762784E-01 -9.118985E-02 9.552467E-01 2.552057E-02 7.816285E-04 3.662037E+00 8.372716E+00 
1.651874E-01 4.051211E-03 3.425949E-01 1.846495E-01 -1.410760E+00 5.974226E-01 -1.354710E-01 9.566393E-01 2.755461E-02 7.820239E-04 4.065200E+00 8.577769E+00 
1.546340E-01 5.358968E-03 3.277273E-01 1.799233E-01 -1.416441E+00 5.802289E-01 -1.475825E-01 9.142919E-01 2.756409E-02 1.076756E-03 4.197069E+00 8.848827E+00 
1.746743E-01 3.302711E-03 3.404635E-01 1.836847E-01 -1.320781E+00 5.800790E-01 -2.000000E-01 9.255808E-01 2.515173E-02 5.794288E-04 3.917736E+00 8.701485E+00 
1.875112E-01 4.587167E-03 3.418086E-01 1.845324E-01 -1.454600E+00 5.959239E-01 -1.542708E-01 9.494725E-01 2.586570E-02 5.771725E-04 3.792784E+00 8.661988E+00 
1.816421E-01 5.299833E-03 3.373591E-01 1.867667E-01 -1.324080E+00 5.821545E-01 -1.469667E-01 9.628824E-01 2.712543E-02 1.510855E-03 4.701365E+00 8.399933E+00 
1.615607E-01 5.745321E-03 2.917025E-01 1.814927E-01 -1.253633E+00 5.850626E-01 -1.554505E-01 9.472016E-01 2.907354E-02 6.275777E-04 4.008817E+00 8.880302E+00 
1.778517E-01 3.758478E-03 3.333684E-01 1.856893E-01 -1.399847E+00 5.974756E-01 -1.378251E-01 9.801139E-01 2.953753E-02 6.196850E-04 4.249097E+00 9.817513E+00 
1.620976E-01 3.823899E-03 3.562913E-01 1.824393E-01 -1.408461E+00 5.913509E-01 -1.961724E-01 9.503880E-01 2.734857E-02 9.321462E-04 4.298258E+00 8.544214E+00 
1.767475E-01 3.698258E-03 3.454052E-01 1.873906E-01 -1.482573E+00 5.754151E-01 -1.382030E-01 9.511855E-01 2.881873E-02 7.571615E-04 4.372109E+00 8.771672E+00 
1.739960E-01 3.391938E-03 3.477790E-01 1.876202E-01 -1.468342E+00 5.876972E-01 -1.367992E-01 9.878344E-01 2.723280E-02 7.118380E-04 4.373235E+00 9.098587E+00 
1.681699E-01 2.862326E-03 3.438227E-01 1.821527E-01 -1.393620E+00 5.559566E-01 -1.567886E-01 9.840623E-01 2.565420E-02 1.243632E-03 3.698933E+00 8.989375E+00 
1.676278E-01 5.183959E-03 3.323449E-01 1.794721E-01 -1.421503E+00 5.796938E-01 -1.821626E-01 9.790398E-01 2.731104E-02 7.599958E-04 3.968494E+00 8.752097E+00 
1.859560E-01 6.488344E-03 3.349966E-01 1.841246E-01 -1.315019E+00 5.968942E-01 -1.487291E-01 9.483902E-01 2.718048E-02 8.388701E-04 4.516413E+00 9.252340E+00 
1.707329E-01 4.070317E-03 3.267611E-01 1.839669E-01 -1.324139E+00 5.810540E-01 -1.544201E-01 9.797022E-01 2.843657E-02 1.049325E-03 4.255465E+00 8.868248E+00 
1.316813E-01 1.394099E-02 3.266675E-01 1.867124E-01 -1.419598E+00 5.532198E-01 -1.396680E-01 9.585852E-01 2.671177E-02 7.737515E-04 3.929706E+00 8.738744E+00 
1.699034E-01 4.598383E-03 3.205001E-01 1.839590E-01 -1.376620E+00 5.856044E-01 -1.587090E-01 9.484164E-01 2.836626E-02 9.339501E-04 4.269040E+00 8.667357E+00 
1.750357E-01 3.105418E-03 3.317220E-01 1.858442E-01 -1.428710E+00 5.876207E-01 -1.053633E-01 9.670494E-01 2.630770E-02 6.183907E-04 4.200915E+00 8.678719E+00 
1.938246E-01 4.492919E-03 3.273664E-01 1.813008E-01 -1.415294E+00 5.938215E-01 -1.564822E-01 9.551297E-01 2.573640E-02 2.831155E-04 4.193571E+00 8.356920E+00 
1.685618E-01 4.812126E-03 3.239348E-01 1.842340E-01 -1.425888E+00 5.722672E-01 -1.825037E-01 9.307969E-01 2.874169E-02 7.172668E-04 4.269022E+00 8.927673E+00 
1.868281E-01 5.157441E-03 3.240130E-01 1.826434E-01 -1.384664E+00 5.777329E-01 -1.587632E-01 1.009399E+00 2.667256E-02 5.036703E-04 4.062083E+00 8.607241E+00 
1.705771E-01 4.089895E-03 3.398660E-01 1.827425E-01 -1.394564E+00 5.831963E-01 -1.619764E-01 9.620134E-01 2.838724E-02 7.232587E-04 4.003436E+00 9.270692E+00 
1.790762E-01 4.134897E-03 3.072167E-01 1.808403E-01 -1.320072E+00 5.873185E-01 -1.438751E-01 9.030207E-01 2.762062E-02 1.126100E-04 3.888111E+00 9.221187E+00 
1.738962E-01 4.510297E-03 3.145714E-01 1.877570E-01 -1.381881E+00 5.876621E-01 -1.226040E-01 9.635221E-01 2.586903E-02 8.368231E-04 4.138938E+00 8.015944E+00 
1.618972E-01 4.042962E-03 3.375109E-01 1.808088E-01 -1.342485E+00 5.973277E-01 -1.358888E-01 9.653009E-01 2.594752E-02 8.542488E-04 3.838042E+00 8.798611E+00 
1.767333E-01 4.531020E-03 3.329898E-01 1.832996E-01 -1.528601E+00 5.975345E-01 -1.371140E-01 9.241833E-01 2.706197E-02 8.399477E-04 4.195703E+00 9.567492E+00 
1.836079E-01 5.359393E-03 3.057166E-01 1.777645E-01 -1.430280E+00 5.830508E-01 -1.565932E-01 9.353429E-01 2.798285E-02 9.088788E-04 4.153283E+00 8.480721E+00 
1.712486E-01 6.570903E-03 3.521446E-01 1.850844E-01 -1.409735E+00 5.981607E-01 -1.838383E-01 8.882156E-01 2.586417E-02 5.871845E-04 4.069935E+00 9.348451E+00 
1.708026E-01 5.405726E-03 3.075679E-01 1.840743E-01 -1.402755E+00 5.821899E-01 -8.916533E-02 9.715967E-01 2.779040E-02 5.959194E-04 3.951672E+00 8.472072E+00 
1.706317E-01 5.856406E-03 3.293437E-01 1.856808E-01 -1.401728E+00 5.815679E-01 -1.129455E-01 9.323987E-01 2.597757E-02 1.096008E-03 4.072239E+00 8.579795E+00 
1.815685E-01 3.779929E-03 3.338364E-01 1.861445E-01 -1.375382E+00 5.867134E-01 -1.264260E-01 9.534229E-01 2.663779E-02 5.526444E-04 4.149604E+00 8.920782E+00 
1.906017E-01 5.211169E-03 3.266799E-01 1.830824E-01 -1.347133E+00 5.876101E-01 -1.691675E-01 9.726395E-01 2.640122E-02 8.213329E-04 3.859667E+00 7.522820E+00 
1.690079E-01 4.565619E-03 3.450299E-01 1.902176E-01 -1.426229E+00 5.876219E-01 -1.241270E-01 9.797293E-01 2.748322E-02 9.767910E-04 4.119497E+00 8.719518E+00 
1.725971E-01 5.770986E-03 3.274279E-01 1.864770E-01 -1.447930E+00 5.978526E-01 -1.231994E-01 1.051665E+00 2.992582E-02 3.461928E-04 4.551185E+00 8.759069E+00 
1.740742E-01 8.483566E-03 3.310267E-01 1.861763E-01 -1.421927E+00 5.919246E-01 -1.535937E-01 9.453691E-01 2.749131E-02 7.628625E-04 4.297478E+00 8.702669E+00 
1.711964E-01 3.819335E-03 3.244817E-01 1.851171E-01 -1.462129E+00 5.867451E-01 -1.247837E-01 9.665173E-01 2.648897E-02 9.625873E-04 4.137547E+00 8.595232E+00 
1.870556E-01 1.482444E-02 3.133068E-01 1.784382E-01 -1.469741E+00 5.347998E-01 -1.052118E-01 9.269667E-01 2.886163E-02 1.917913E-03 4.912986E+00 8.818998E+00 
1.813249E-01 4.162084E-03 3.096451E-01 1.830460E-01 -1.470639E+00 5.786580E-01 -1.349260E-01 9.300915E-01 2.779311E-02 8.712486E-04 4.122110E+00 8.771777E+00 
1.810754E-01 4.422130E-03 3.302076E-01 1.814315E-01 -1.391875E+00 5.901291E-01 -1.717375E-01 9.717928E-01 2.596670E-02 8.199016E-04 4.481216E+00 8.515566E+00 
1.777863E-01 4.584358E-03 3.219082E-01 1.823296E-01 -1.411556E+00 5.822845E-01 -1.183278E-01 9.437987E-01 2.669771E-02 8.533201E-04 4.005634E+00 8.959829E+00 
1.781676E-01 4.899110E-03 3.240477E-01 1.878789E-01 -1.291088E+00 5.810308E-01 -1.309235E-01 9.368024E-01 2.722579E-02 8.188597E-04 4.453417E+00 8.689629E+00 
1.708146E-01 5.846019E-03 3.140054E-01 1.852059E-01 -1.335320E+00 5.944948E-01 -1.271189E-01 9.412940E-01 2.742258E-02 5.892186E-04 4.033572E+00 9.222232E+00 
1.661678E-01 6.553606E-03 3.195014E-01 1.735107E-01 -1.414770E+00 5.461172E-01 -7.917625E-02 9.118291E-01 3.121625E-02 6.162593E-04 3.917083E+00 9.823400E+00 
1.759979E-01 8.403025E-03 3.358236E-01 1.851905E-01 -1.399864E+00 5.941620E-01 -1.443159E-01 9.554057E-01 2.706538E-02 6.688067E-04 3.183811E+00 8.844524E+00 
1.766871E-01 2.894733E-03 3.187226E-01 1.824291E-01 -1.402365E+00 5.831967E-01 -1.293572E-01 9.395448E-01 2.902900E-02 4.565025E-04 3.480815E+00 8.874128E+00 
1.915219E-01 5.833409E-03 2.989884E-01 1.864419E-01 -1.377519E+00 5.796155E-01 -1.204582E-01 9.333411E-01 2.859258E-02 8.639479E-04 4.234287E+00 8.716031E+00 
1.735057E-01 4.640393E-03 3.290073E-01 1.779343E-01 -1.423666E+00 5.867884E-01 -1.368510E-01 8.815156E-01 2.611669E-02 6.279513E-04 4.015808E+00 8.928047E+00 
1.758240E-01 4.302107E-03 3.251531E-01 1.831055E-01 -1.367752E+00 5.950494E-01 -1.362412E-01 1.004655E+00 2.686723E-02 5.053577E-04 4.265234E+00 8.610604E+00 
1.503162E-01 4.777429E-03 3.047070E-01 1.806738E-01 -1.403265E+00 5.787298E-01 -1.342240E-01 9.164627E-01 2.820606E-02 1.261818E-03 4.353418E+00 8.997390E+00 
1.772930E-01 5.630304E-03 3.413273E-01 1.846366E-01 -1.396686E+00 5.945432E-01 -1.515583E-01 9.514679E-01 2.688164E-02 5.818052E-04 4.000866E+00 9.394081E+00 
1.777228E-01 4.471719E-03 3.293754E-01 1.861942E-01 -1.435507E+00 5.904987E-01 -1.347878E-01 9.090268E-01 2.501637E-02 5.510388E-04 4.088037E+00 8.613518E+00 
1.805577E-01 4.476568E-03 3.460784E-01 1.827312E-01 -1.434132E+00 5.959505E-01 -1.443898E-01 9.585823E-01 2.763056E-02 5.258874E-04 3.738511E+00 8.502937E+00 
1.799499E-01 3.952358E-03 3.287457E-01 1.861371E-01 -1.399996E+00 5.924500E-01 -1.286765E-01 9.698281E-01 2.876768E-02 7.105843E-04 4.190148E+00 8.413827E+00 
1.802356E-01 4.877475E-03 3.292448E-01 1.877449E-01 -1.407473E+00 5.942830E-01 -1.269225E-01 9.527666E-01 2.818041E-02 5.373567E-04 4.465806E+00 8.536856E+00 
1.815628E-01 6.727098E-03 3.188856E-01 1.878641E-01 -1.395156E+00 5.872116E-01 -1.502219E-01 9.963346E-01 2.851647E-02 7.394757E-04 4.204295E+00 8.726594E+00 
1.774008E-01 3.106001E-03 3.242011E-01 1.867102E-01 -1.437986E+00 5.946656E-01 -1.390765E-01 9.541244E-01 2.557616E-02 9.208963E-04 3.916097E+00 8.562116E+00 
1.714447E-01 7.181105E-03 3.011145E-01 1.791454E-01 -1.347985E+00 5.555349E-01 -1.428319E-01 1.007888E+00 2.889860E-02 3.598937E-03 3.912144E+00 9.719574E+00 
1.645360E-01 5.076077E-03 3.450954E-01 1.828943E-01 -1.492392E+00 5.932554E-01 -2.000000E-01 9.863330E-01 2.954622E-02 9.005079E-04 4.150963E+00 9.685181E+00 
1.712031E-01 3.743239E-03 3.079720E-01 1.800292E-01 -1.475985E+00 5.758676E-01 -1.146942E-01 1.031807E+00 3.107241E-02 5.411835E-04 3.926827E+00 8.808241E+00 
1.716813E-01 3.486395E-03 3.292129E-01 1.813741E-01 -1.386783E+00 5.923860E-01 -1.981096E-01 9.426218E-01 2.866564E-02 1.176960E-03 4.109607E+00 8.031622E+00 
1.771087E-01 6.106965E-03 3.319469E-01 1.850927E-01 -1.367893E+00 5.936296E-01 -1.476365E-01 9.508332E-01 2.754065E-02 8.758870E-04 4.025381E+00 9.046436E+00 
1.631035E-01 2.454552E-03 3.280893E-01 1.810938E-01 -1.499398E+00 5.823426E-01 -1.163710E-01 9.772958E-01 3.141812E-02 1.344103E-03 4.117695E+00 9.033333E+00 
1.786053E-01 6.066618E-03 3.311621E-01 1.810476E-01 -1.395692E+00 5.874100E-01 -1.223393E-01 9.290371E-01 2.866174E-02 4.564211E-04 4.068557E+00 9.213508E+00 
1.249352E-01 6.615768E-02 3.361706E-01 1.814954E-01 -1.324110E+00 4.186809E-01 -1.243996E-01 9.320116E-01 2.892617E-02 1.958255E-03 3.659791E+00 9.302474E+00 
1.817893E-01 4.784749E-03 3.369686E-01 1.845154E-01 -1.408595E+00 5.898956E-01 -1.508789E-01 8.891998E-01 2.812693E-02 9.815189E-04 4.175782E+00 9.097434E+00 
1.702586E-01 3.784457E-03 3.281976E-01 1.816555E-01 -1.417080E+00 5.801504E-01 -1.369715E-01 9.291816E-01 2.911511E-02 2.875275E-04 3.586612E+00 8.856347E+00 
1.745967E-01 4.742264E-03 3.270510E-01 1.828083E-01 -1.430180E+00 5.613097E-01 -1.074369E-01 9.656337E-01 2.709127E-02 3.840384E-04 4.397419E+00 8.619216E+00 
1.766201E-01 2.744510E-03 3.496861E-01 1.845156E-01 -1.356538E+00 5.900033E-01 -1.550054E-01 9.400530E-01 2.846423E-02 1.585680E-03 4.126235E+00 8.469715E+00 
1.642302E-01 4.494573E-03 3.230827E-01 1.838105E-01 -1.387566E+00 5.885486E-01 -1.533197E-01 9.708615E-01 2.714125E-02 5.792322E-04 4.134149E+00 9.238495E+00 
1.788194E-01 4.493172E-03 3.156738E-01 1.899024E-01 -1.462966E+00 5.941989E-01 -1.328601E-01 9.331648E-01 2.795283E-02 1.153496E-04 4.206148E+00 8.306792E+00 
1.720143E-01 4.793746E-03 3.447774E-01 1.846874E-01 -1.471983E+00 5.787355E-01 -1.083653E-01 9.358047E-01 2.835603E-02 5.512664E-04 4.234391E+00 8.567924E+00 
1.689233E-01 5.430818E-03 3.281058E-01 1.821524E-01 -1.395341E+00 5.875147E-01 -1.908440E-01 9.354056E-01 2.921160E-02 1.145650E-03 3.818296E+00 9.369475E+00 
1.661098E-01 5.050516E-03 3.064709E-01 1.847918E-01 -1.411513E+00 5.801120E-01 -1.490008E-01 9.409330E-01 2.802775E-02 5.076812E-04 4.095829E+00 9.458005E+00 
1.768817E-01 4.301021E-03 3.393460E-01 1.851225E-01 -1.351446E+00 5.853576E-01 -1.217870E-01 9.749277E-01 2.574219E-02 1.114357E-03 3.726766E+00 8.739757E+00 
1.799826E-01 4.011425E-03 3.098746E-01 1.793882E-01 -1.413469E+00 5.802796E-01 -9.896956E-02 9.319134E-01 3.253106E-02 4.912253E-04 4.081226E+00 8.623078E+00 
1.758844E-01 5.297213E-03 3.242601E-01 1.860448E-01 -1.551117E+00 5.865618E-01 -1.465377E-01 9.485059E-01 2.571407E-02 7.258284E-04 4.359320E+00 9.041076E+00 
1.683426E-01 5.000254E-03 3.339411E-01 1.845050E-01 -1.404263E+00 5.892137E-01 -1.531292E-01 9.437588E-01 2.753543E-02 5.310848E-04 4.093837E+00 8.896604E+00 
1.793149E-01 5.805281E-03 3.486395E-01 1.841241E-01 -1.517419E+00 5.942521E-01 -1.408874E-01 9.484157E-01 2.643026E-02 4.952690E-04 4.183085E+00 8.684682E+00 
1.716708E-01 5.332050E-03 3.244705E-01 1.796890E-01 -1.478430E+00 5.827898E-01 -1.205761E-01 9.483707E-01 2.803459E-02 6.755683E-04 4.816066E+00 8.351751E+00 
1.750290E-01 4.596249E-03 3.216614E-01 1.813092E-01 -1.479717E+00 5.862254E-01 -1.236564E-01 9.807291E-01 2.831830E-02 5.628509E-04 4.155966E+00 9.271091E+00 
1.777104E-01 5.273061E-03 3.395503E-01 1.866942E-01 -1.294391E+00 5.956319E-01 -1.764591E-01 9.546785E-01 2.880452E-02 9.500913E-04 4.113816E+00 8.819939E+00 
1.654509E-01 5.670184E-03 3.210134E-01 1.784942E-01 -1.498830E+00 5.835587E-01 -1.265704E-01 9.262768E-01 2.940567E-02 1.820705E-03 4.315988E+00 8.856225E+00 
1.619180E-01 4.934184E-03 3.567611E-01 1.860743E-01 -1.441901E+00 5.927757E-01 -1.418926E-01 1.025451E+00 2.686047E-02 4.222163E-04 3.898552E+00 8.629474E+00 
1.778593E-01 4.172962E-03 3.074410E-01 1.829699E-01 -1.396934E+00 5.771376E-01 -1.966053E-01 9.303233E-01 2.706564E-02 8.928948E-04 4.118283E+00 8.775899E+00 
1.836325E-01 5.376166E-03 3.290959E-01 1.838281E-01 -1.466274E+00 5.839960E-01 -1.378084E-01 9.555762E-01 2.655517E-02 6.253608E-04 4.108865E+00 8.822040E+00 
1.746317E-01 4.716964E-03 3.100340E-01 1.820029E-01 -1.382907E+00 5.785974E-01 -1.323876E-01 9.321699E-01 2.820973E-02 5.821205E-04 4.179520E+00 8.759073E+00 
1.705463E-01 1.424763E-02 3.443617E-01 1.854464E-01 -1.459628E+00 5.779019E-01 -1.124333E-01 8.228576E-01 2.628372E-02 2.143885E-03 4.019973E+00 9.357584E+00 
1.730152E-01 5.884815E-03 3.283758E-01 1.849715E-01 -1.428174E+00 5.920556E-01 -1.302921E-01 9.620096E-01 2.729175E-02 6.797420E-04 4.218137E+00 8.953649E+00 
1.881359E-01 4.912439E-03 3.055861E-01 1.849269E-01 -1.345813E+00 5.796272E-01 -1.620231E-01 9.391950E-01 3.033573E-02 1.031707E-03 4.054000E+00 8.222661E+00 
1.860721E-01 3.021838E-03 3.306582E-01 1.795204E-01 -1.391574E+00 5.792466E-01 -1.361011E-01 1.058538E+00 2.881246E-02 4.971518E-04 4.057670E+00 8.722764E+00 
1.817144E-01 3.117397E-03 3.255806E-01 1.847096E-01 -1.423779E+00 6.000000E-01 -1.216353E-01 9.649315E-01 2.701009E-02 5.910901E-04 4.252106E+00 8.822706E+00 
1.673975E-01 5.928248E-03 3.063903E-01 1.828292E-01 -1.391452E+00 5.802470E-01 -1.581599E-01 9.499603E-01 2.907527E-02 9.824614E-04 4.198421E+00 9.059165E+00 
1.733207E-01 5.808836E-03 3.290796E-01 1.831568E-01 -1.427365E+00 5.818134E-01 -9.670615E-02 9.450496E-01 2.769011E-02 5.683334E-04 4.124873E+00 8.607381E+00 
1.647634E-01 5.701849E-03 3.284436E-01 1.775563E-01 -1.453637E+00 5.788623E-01 -1.411516E-01 9.929522E-01 2.767105E-02 3.889315E-04 4.279028E+00 8.696406E+00 
1.790722E-01 2.296079E-03 3.350121E-01 1.841924E-01 -1.326860E+00 5.923187E-01 -1.345922E-01 1.024999E+00 2.755090E-02 9.987238E-04 3.929019E+00 8.449431E+00 
1.754035E-01 5.014465E-03 3.312747E-01 1.835753E-01 -1.398153E+00 5.922294E-01 -1.190469E-01 9.300306E-01 2.579274E-02 3.029504E-04 3.903481E+00 9.801627E+00 
1.760581E-01 6.395945E-03 3.061235E-01 1.820583E-01 -1.462644E+00 5.827991E-01 -1.807052E-01 9.182919E-01 2.806955E-02 8.949866E-04 4.102645E+00 8.613046E+00 
1.717411E-01 4.635247E-03 3.231481E-01 1.831420E-01 -1.460425E+00 5.737498E-01 -1.147522E-01 9.452268E-01 2.858537E-02 4.223349E-04 4.034906E+00 8.589539E+00 
1.736061E-01 5.067894E-03 3.349843E-01 1.855251E-01 -1.398680E+00 5.803087E-01 -1.029759E-01 9.342597E-01 2.667218E-02 6.359037E-04 4.154377E+00 9.199368E+00 
1.704194E-01 4.495776E-03 3.272425E-01 1.814089E-01 -1.374021E+00 5.887586E-01 -1.301619E-01 9.492478E-01 2.799540E-02 6.761224E-04 4.304977E+00 8.957428E+00 
1.612036E-01 6.432619E-03 3.207329E-01 1.817282E-01 -1.328471E+00 5.810648E-01 -1.547107E-01 9.330439E-01 2.574933E-02 3.369267E-04 4.015795E+00 8.808858E+00 
1.797260E-01 5.043966E-03 3.448774E-01 1.812904E-01 -1.458680E+00 5.926907E-01 -1.635813E-01 9.722768E-01 2.871774E-02 4.085398E-04 3.462684E+00 9.155202E+00 
1.732392E-01 4.788231E-03 3.286910E-01 1.819283E-01 -1.409676E+00 5.587588E-01 -1.277161E-01 9.476344E-01 2.620527E-02 1.029614E-03 3.843599E+00 8.266926E+00 
1.892912E-01 5.926455E-03 3.174214E-01 1.885515E-01 -1.348361E+00 5.834140E-01 -1.465752E-01 9.276572E-01 2.881167E-02 1.052876E-03 4.197438E+00 8.641444E+00 
1.711306E-01 4.659976E-03 3.081856E-01 1.830067E-01 -1.421284E+00 5.759258E-01 -1.672384E-01 1.031024E+00 2.879082E-02 7.298441E-04 4.136710E+00 9.099248E+00 
1.671993E-01 4.927449E-03 3.341194E-01 1.829985E-01 -1.379118E+00 5.963772E-01 -1.278429E-01 9.440909E-01 2.723057E-02 1.199437E-03 4.311178E+00 8.846301E+00 
1.784962E-01 5.782295E-03 3.377127E-01 1.852824E-01 -1.241579E+00 5.925446E-01 -1.401633E-01 9.651458E-01 2.786378E-02 5.955391E-04 3.954548E+00 8.790915E+00 
1.606791E-01 4.933354E-03 3.075332E-01 1.849063E-01 -1.341454E+00 5.828956E-01 -1.354754E-01 9.353468E-01 2.710517E-02 1.441237E-03 3.707997E+00 8.704914E+00 
1.751352E-01 4.001462E-03 3.177460E-01 1.788925E-01 -1.371844E+00 5.889916E-01 -1.540120E-01 9.053268E-01 2.834538E-02 7.039292E-04 4.202415E+00 9.267190E+00 
1.746127E-01 5.848406E-03 3.372203E-01 1.853273E-01 -1.284465E+00 6.000000E-01 -1.828578E-01 9.262334E-01 2.657896E-02 1.329218E-03 4.387878E+00 8.639262E+00 
1.531492E-01 5.388422E-03 3.607464E-01 1.826476E-01 -1.334274E+00 5.927668E-01 -1.361406E-01 9.624822E-01 2.729052E-02 1.160467E-03 3.815257E+00 8.749598E+00 
1.559272E-01 5.130930E-03 3.422306E-01 1.812772E-01 -1.389029E+00 5.325214E-01 -1.212430E-01 9.759374E-01 3.173941E-02 4.762403E-03 4.097650E+00 9.844174E+00 
1.769192E-01 4.542370E-03 3.225568E-01 1.853459E-01 -1.351031E+00 5.863565E-01 -1.429971E-01 9.411028E-01 2.776754E-02 3.844603E-04 3.777827E+00 9.282035E+00 
1.688179E-01 3.970690E-03 3.294682E-01 1.820109E-01 -1.462584E+00 5.833715E-01 -1.402000E-01 9.638544E-01 2.683008E-02 4.677621E-04 4.256069E+00 8.775037E+00 
1.616369E-01 6.218450E-03 3.213655E-01 1.807748E-01 -1.277957E+00 5.948066E-01 -1.753366E-01 9.373073E-01 2.746368E-02 2.215175E-04 3.669112E+00 8.412319E+00 
1.807275E-01 3.683788E-03 3.164351E-01 1.846580E-01 -1.408676E+00 5.820636E-01 -1.559920E-01 9.095659E-01 2.772396E-02 5.480816E-04 4.149210E+00 8.654882E+00 
1.837820E-01 4.262729E-03 3.373142E-01 1.875070E-01 -1.485700E+00 5.842085E-01 -1.470733E-01 9.478703E-01 2.605365E-02 8.966017E-04 4.051508E+00 8.625530E+00 
1.666369E-01 3.373605E-03 3.530401E-01 1.830732E-01 -1.536963E+00 6.000000E-01 -1.548518E-01 9.179097E-01 2.570392E-02 6.319809E-04 4.709837E+00 9.034474E+00 
1.692232E-01 4.746833E-03 3.150519E-01 1.847102E-01 -1.459651E+00 5.919594E-01 -1.161291E-01 9.024863E-01 2.862208E-02 4.107665E-04 4.083825E+00 9.368148E+00 
1.805059E-01 4.646735E-03 3.540300E-01 1.805907E-01 -1.352932E+00 5.929217E-01 -1.532415E-01 9.509601E-01 2.516446E-02 4.076485E-04 3.880337E+00 8.798143E+00 
1.767821E-01 5.807401E-03 3.183593E-01 1.830612E-01 -1.470872E+00 5.893566E-01 -1.145692E-01 9.575477E-01 2.721907E-02 9.460148E-04 4.372965E+00 8.571654E+00 
1.755004E-01 4.773415E-03 3.388808E-01 1.838566E-01 -1.441948E+00 5.811941E-01 -1.668638E-01 9.552500E-01 2.768021E-02 5.395604E-04 4.439226E+00 8.644945E+00 
1.769807E-01 5.185828E-03 3.311729E-01 1.815858E-01 -1.339992E+00 5.837074E-01 -1.640988E-01 9.914105E-01 2.617629E-02 5.974090E-04 4.175450E+00 8.419295E+00 
1.639093E-01 3.347126E-03 3.314230E-01 1.805551E-01 -1.424826E+00 5.870703E-01 -1.649108E-01 9.629063E-01 2.692252E-02 6.241969E-04 4.178069E+00 8.026516E+00 
2.000000E-01 3.034517E-03 3.307529E-01 1.843930E-01 -1.360669E+00 6.000000E-01 -1.550388E-01 9.400657E-01 2.797368E-02 6.423230E-04 4.175782E+00 8.077697E+00 
1.661553E-01 4.437273E-03 3.230499E-01 1.819037E-01 -1.395685E+00 5.806137E-01 -1.236597E-01 9.635822E-01 2.718402E-02 1.094333E-03 4.043247E+00 8.486835E+00 
1.801118E-01 5.407273E-03 3.294067E-01 1.850721E-01 -1.392267E+00 5.956617E-01 -9.228469E-02 9.544948E-01 2.756535E-02 6.808825E-04 3.760165E+00 8.433515E+00 
1.789019E-01 4.532996E-03 3.277932E-01 1.823550E-01 -1.401506E+00 5.868041E-01 -1.140309E-01 9.547660E-01 2.730061E-02 7.541045E-04 3.805136E+00 8.576504E+00 
1.662062E-01 5.602825E-03 3.241641E-01 1.814976E-01 -1.371641E+00 5.851060E-01 -1.182734E-01 9.542588E-01 2.876350E-02 3.156057E-04 4.260352E+00 8.898652E+00 
1.760978E-01 5.317188E-03 3.236493E-01 1.839881E-01 -1.477807E+00 5.830261E-01 -1.248175E-01 9.554012E-01 2.774097E-02 1.254730E-03 4.118393E+00 8.307937E+00 
1.772563E-01 7.248306E-03 3.539279E-01 1.804540E-01 -1.433930E+00 5.845934E-01 -1.145978E-01 9.782422E-01 2.727008E-02 5.535678E-04 4.545076E+00 9.014094E+00 
1.830855E-01 5.489320E-03 3.334743E-01 1.878839E-01 -1.313409E+00 5.930848E-01 -1.935510E-01 9.380525E-01 2.829019E-02 1.311143E-03 4.178281E+00 9.533825E+00 
1.783810E-01 4.621705E-03 3.163814E-01 1.822760E-01 -1.352519E+00 5.906402E-01 -1.255067E-01 9.755501E-01 2.713499E-02 6.381740E-04 4.089409E+00 8.304665E+00 
1.683009E-01 8.367137E-03 3.354908E-01 1.877165E-01 -1.397246E+00 6.000000E-01 -1.447491E-01 9.071457E-01 2.684998E-02 8.589570E-04 4.712343E+00 8.573173E+00 
1.793701E-01 8.168731E-03 3.187801E-01 1.934551E-01 -1.426925E+00 5.622122E-01 -1.591155E-01 9.814144E-01 2.623576E-02 5.834470E-04 4.393020E+00 8.448072E+00 
1.943183E-01 4.891643E-03 3.146435E-01 1.820712E-01 -1.369982E+00 5.866196E-01 -1.303607E-01 9.877689E-01 2.664401E-02 7.139875E-04 4.010342E+00 8.731698E+00 
1.721216E-01 4.963700E-03 3.295690E-01 1.840614E-01 -1.369997E+00 5.863538E-01 -1.778365E-01 8.989281E-01 2.944200E-02 6.634824E-04 4.168127E+00 8.808632E+00 
1.808848E-01 4.472888E-03 3.227613E-01 1.845633E-01 -1.423958E+00 5.695798E-01 -1.239809E-01 9.171661E-01 2.613751E-02 3.785949E-04 4.226133E+00 9.139038E+00 
1.287109E-01 1.185801E-02 3.360781E-01 1.720232E-01 -1.337702E+00 4.605273E-01 -8.054364E-02 9.642924E-01 2.936685E-02 1.336946E-03 3.952555E+00 1.179044E+01 
1.863459E-01 4.705016E-03 3.161922E-01 1.810773E-01 -1.386515E+00 5.911388E-01 -1.457506E-01 9.638955E-01 2.730574E-02 1.050144E-03 4.097711E+00 8.440586E+00 
1.832587E-01 5.398519E-03 3.176977E-01 1.912720E-01 -1.465698E+00 5.591611E-01 -1.813062E-01 1.077023E+00 2.739087E-02 3.181120E-04 4.314991E+00 8.802937E+00 
1.868685E-01 3.641205E-03 3.129226E-01 1.846960E-01 -1.380004E+00 6.000000E-01 -1.730781E-01 1.023281E+00 2.861132E-02 9.078089E-04 4.230385E+00 9.307189E+00 
1.680034E-01 1.427281E-02 3.286006E-01 1.845529E-01 -1.533489E+00 5.409271E-01 -1.640731E-01 9.773715E-01 2.571148E-02 0.000000E+00 4.159141E+00 9.017238E+00 
1.764072E-01 5.845116E-03 3.287572E-01 1.806463E-01 -1.381956E+00 5.871773E-01 -1.248728E-01 9.799769E-01 2.797492E-02 4.799960E-04 3.911674E+00 8.474249E+00 
1.675418E-01 5.631574E-03 3.329313E-01 1.859869E-01 -1.370310E+00 5.833952E-01 -1.425869E-01 9.591351E-01 2.688882E-02 1.111428E-03 4.174611E+00 9.037975E+00 
1.714824E-01 3.719647E-03 3.377793E-01 1.871506E-01 -1.321885E+00 5.741107E-01 -1.485140E-01 9.566257E-01 2.704310E-02 6.613796E-04 4.192701E+00 8.290364E+00 
1.752637E-01 3.548069E-03 3.386812E-01 1.843509E-01 -1.515718E+00 5.903665E-01 -1.366865E-01 9.569188E-01 2.806267E-02 1.491766E-03 4.350207E+00 8.846171E+00 
1.705217E-01 3.781275E-03 3.203954E-01 1.819002E-01 -1.455714E+00 5.892445E-01 -1.322359E-01 9.694952E-01 2.784799E-02 5.798251E-04 3.992641E+00 9.092311E+00 
1.799402E-01 4.849447E-03 3.433993E-01 1.865032E-01 -1.396251E+00 5.894433E-01 -1.471392E-01 9.576257E-01 2.669232E-02 7.059057E-04 3.885391E+00 9.308361E+00 
1.794453E-01 6.441261E-03 3.292258E-01 1.830355E-01 -1.423338E+00 5.833585E-01 -1.196766E-01 9.716054E-01 2.645233E-02 1.123634E-03 4.325821E+00 8.578078E+00 
1.780032E-01 4.767781E-03 3.254462E-01 1.856340E-01 -1.422192E+00 5.844683E-01 -1.314711E-01 9.696408E-01 2.759657E-02 5.966529E-04 4.324311E+00 8.863775E+00 
1.587735E-01 5.659306E-03 3.174857E-01 1.820165E-01 -1.363098E+00 5.819472E-01 -1.417263E-01 9.483283E-01 2.807392E-02 1.105246E-03 4.113544E+00 9.199288E+00 
1.814183E-01 3.595708E-03 3.471087E-01 1.782815E-01 -1.392268E+00 5.889497E-01 -9.976232E-02 9.584797E-01 2.754119E-02 9.398891E-04 4.039388E+00 8.838437E+00 
1.692880E-01 1.544030E-03 3.406299E-01 1.818151E-01 -1.395203E+00 5.929259E-01 -1.299329E-01 9.243435E-01 2.818486E-02 7.084354E-04 4.213849E+00 8.696382E+00 
1.651128E-01 6.250218E-03 3.582929E-01 1.810118E-01 -1.358217E+00 5.897573E-01 -1.436470E-01 9.821696E-01 2.704415E-02 7.582983E-04 4.094324E+00 9.090678E+00 
1.761862E-01 6.090509E-03 3.419423E-01 1.855258E-01 -1.519268E+00 5.974173E-01 -2.000000E-01 9.540098E-01 2.393549E-02 2.236001E-04 4.202658E+00 8.771658E+00 
1.603993E-01 5.814110E-03 3.505832E-01 1.858878E-01 -1.441618E+00 5.682311E-01 -1.769121E-01 9.306753E-01 2.568870E-02 6.640423E-04 3.942671E+00 9.054806E+00 
1.769082E-01 5.607065E-03 3.053740E-01 1.783772E-01 -1.417788E+00 5.852376E-01 -1.668079E-01 9.499968E-01 2.933552E-02 4.090349E-04 3.878094E+00 9.095596E+00 
1.589486E-01 4.823196E-03 3.055710E-01 1.816026E-01 -1.420928E+00 5.779273E-01 -9.873234E-02 9.098666E-01 2.703272E-02 1.153396E-03 4.222643E+00 8.375853E+00 
1.787735E-01 8.526356E-03 3.306680E-01 1.827216E-01 -1.550758E+00 5.839298E-01 -1.581543E-01 9.883342E-01 2.760568E-02 6.715347E-04 4.256953E+00 9.028207E+00 
1.647213E-01 5.306879E-03 3.477560E-01 1.801061E-01 -1.387400E+00 5.911588E-01 -1.519101E-01 9.498598E-01 2.619388E-02 3.859805E-04 4.229179E+00 8.773031E+00 
1.792523E-01 4.795026E-03 3.300756E-01 1.847309E-01 -1.422507E+00 5.823870E-01 -1.684981E-01 9.934993E-01 2.827243E-02 4.391609E-04 3.715893E+00 8.827153E+00 
1.847746E-01 4.316276E-03 3.297014E-01 1.860697E-01 -1.414025E+00 5.874979E-01 -1.501431E-01 9.443574E-01 2.799891E-02 3.022184E-04 4.089226E+00 8.956821E+00 
1.861511E-01 6.128795E-03 3.243676E-01 1.803882E-01 -1.354229E+00 5.837119E-01 -1.116956E-01 9.327282E-01 2.662336E-02 2.979613E-04 4.799366E+00 8.914061E+00 
1.714017E-01 5.414938E-03 3.058983E-01 1.863324E-01 -1.372449E+00 5.960136E-01 -1.182591E-01 9.302304E-01 2.983900E-02 6.329092E-04 3.593766E+00 8.374463E+00 
1.775733E-01 5.697638E-03 3.454788E-01 1.878275E-01 -1.397959E+00 5.931989E-01 -1.522268E-01 9.564709E-01 2.700473E-02 6.764858E-04 4.031380E+00 8.964762E+00 
1.623906E-01 2.375129E-03 3.688340E-01 1.798603E-01 -1.462811E+00 6.000000E-01 -1.256178E-01 9.816503E-01 2.668770E-02 4.587485E-04 4.114119E+00 8.438678E+00 
1.677872E-01 5.234915E-03 3.308906E-01 1.873686E-01 -1.596993E+00 5.912692E-01 -1.610910E-01 9.522447E-01 2.899529E-02 4.889581E-04 4.344578E+00 9.198959E+00 
1.838799E-01 5.250746E-03 3.331928E-01 1.859253E-01 -1.386938E+00 5.888899E-01 -1.263422E-01 9.601587E-01 2.728114E-02 1.004320E-03 3.805489E+00 8.986447E+00 
1.835713E-01 5.118889E-03 3.462670E-01 1.883310E-01 -1.341642E+00 5.893288E-01 -1.706234E-01 9.458132E-01 2.585528E-02 6.689765E-04 4.086099E+00 7.915182E+00 
1.841434E-01 4.107753E-03 3.326837E-01 1.852769E-01 -1.475842E+00 5.777494E-01 -1.518683E-01 9.015284E-01 2.550291E-02 8.105358E-04 4.215114E+00 8.396204E+00 
1.693499E-01 5.817011E-03 3.432449E-01 1.817951E-01 -1.327528E+00 5.802724E-01 -1.744338E-01 9.388478E-01 2.485155E-02 6.733441E-04 4.145175E+00 9.148035E+00 
1.611682E-01 5.138418E-02 3.036016E-01 1.732452E-01 -1.401615E+00 3.452023E-01 -1.294179E-01 1.008227E+00 2.965359E-02 1.936718E-03 4.165068E+00 8.957704E+00 
1.576653E-01 5.301154E-03 3.296912E-01 1.811648E-01 -1.426544E+00 5.863098E-01 -1.355091E-01 9.603128E-01 2.781073E-02 9.386525E-04 4.147892E+00 8.759249E+00 
1.722137E-01 4.457141E-03 3.236011E-01 1.831054E-01 -1.379400E+00 5.962138E-01 -1.372531E-01 9.314361E-01 2.784953E-02 1.266848E-03 4.294427E+00 8.603231E+00 
1.782649E-01 4.471491E-03 3.150712E-01 1.853922E-01 -1.394011E+00 5.748807E-01 -8.252658E-02 9.592981E-01 2.778992E-02 8.830674E-04 4.218781E+00 8.832490E+00 
1.773895E-01 5.100922E-03 3.224585E-01 1.852954E-01 -1.380678E+00 5.765108E-01 -8.012878E-02 9.756076E-01 2.792398E-02 3.351281E-04 3.179381E+00 8.472405E+00 
1.688185E-01 4.495440E-03 3.401231E-01 1.814913E-01 -1.345324E+00 5.753291E-01 -1.148796E-01 9.449028E-01 2.749848E-02 7.850794E-04 4.207007E+00 9.404701E+00 
1.857951E-01 5.224393E-03 3.286242E-01 1.869998E-01 -1.396026E+00 5.849837E-01 -1.403741E-01 9.592991E-01 2.746433E-02 5.579825E-04 4.315042E+00 8.577715E+00 
1.795129E-01 4.281767E-03 2.979642E-01 1.831149E-01 -1.429095E+00 5.780632E-01 -1.468998E-01 9.665396E-01 2.692331E-02 5.786951E-04 3.775854E+00 8.778444E+00 
1.788813E-01 5.207378E-03 3.223003E-01 1.837960E-01 -1.345742E+00 5.954113E-01 -1.089937E-01 8.930216E-01 2.699363E-02 8.907192E-04 4.564177E+00 8.980227E+00 
1.555637E-01 4.913200E-03 3.277042E-01 1.835131E-01 -1.414907E+00 5.838164E-01 -1.200912E-01 9.538740E-01 2.537896E-02 1.227124E-03 3.712075E+00 8.361962E+00 
1.639864E-01 4.828969E-03 3.118721E-01 1.794499E-01 -1.400989E+00 5.760299E-01 -1.327902E-01 9.615672E-01 3.046130E-02 6.046524E-04 4.006548E+00 9.039633E+00 
1.752404E-01 3.772251E-03 3.263524E-01 1.848308E-01 -1.340619E+00 5.867876E-01 -1.366111E-01 9.507426E-01 2.850967E-02 9.117899E-04 3.816242E+00 8.678606E+00 
1.957708E-01 4.367700E-03 3.347408E-01 1.775517E-01 -1.443911E+00 5.942982E-01 -1.600223E-01 9.483526E-01 2.857799E-02 1.139970E-03 4.026185E+00 8.835874E+00 
1.775200E-01 4.981022E-03 3.103585E-01 1.836601E-01 -1.415928E+00 5.840577E-01 -1.385050E-01 9.518859E-01 2.711854E-02 5.842770E-04 4.177118E+00 8.739601E+00 
1.645419E-01 6.424077E-03 3.161962E-01 1.761095E-01 -1.441075E+00 5.777338E-01 -1.022392E-01 9.706448E-01 2.649853E-02 1.158568E-03 4.153879E+00 8.776366E+00 
1.729020E-01 5.389992E-03 3.169919E-01 1.842910E-01 -1.410590E+00 5.844714E-01 -1.360755E-01 9.451529E-01 2.986674E-02 1.133519E-03 4.192327E+00 9.085078E+00 
1.774658E-01 4.635604E-03 3.113110E-01 1.859404E-01 -1.461395E+00 5.888910E-01 -1.263747E-01 1.051546E+00 2.805735E-02 4.561569E-04 4.000527E+00 8.850328E+00 
1.816252E-01 4.572450E-03 3.095313E-01 1.831640E-01 -1.455148E+00 5.798903E-01 -8.515881E-02 9.644134E-01 2.802315E-02 7.786505E-04 3.805540E+00 8.452878E+00 
1.647467E-01 3.952232E-03 3.094180E-01 1.851484E-01 -1.437721E+00 5.930576E-01 -1.678818E-01 9.440247E-01 2.925403E-02 1.351891E-03 4.208086E+00 8.698406E+00 
1.724769E-01 6.271380E-03 3.105771E-01 1.823681E-01 -1.421887E+00 5.823313E-01 -1.274828E-01 9.736581E-01 2.716556E-02 9.576882E-04 4.156883E+00 8.969453E+00 
1.767040E-01 5.278617E-03 3.166945E-01 1.832328E-01 -1.413200E+00 5.737983E-01 -1.582931E-01 1.022419E+00 2.849040E-02 3.360764E-04 3.968401E+00 8.741616E+00 
1.780616E-01 4.103733E-03 3.146542E-01 1.848417E-01 -1.376508E+00 5.834442E-01 -1.386448E-01 9.658633E-01 2.808722E-02 4.786001E-04 4.119290E+00 8.494652E+00 
1.701037E-01 4.991900E-03 3.253176E-01 1.821298E-01 -1.355876E+00 5.962486E-01 -1.404940E-01 9.912408E-01 2.783558E-02 9.223899E-04 3.855632E+00 9.315787E+00 
1.668159E-01 4.241476E-03 3.408742E-01 1.829316E-01 -1.394321E+00 5.809874E-01 -1.722912E-01 9.667240E-01 2.660777E-02 3.829747E-04 4.450349E+00 8.580036E+00 
1.764746E-01 4.929387E-03 3.346575E-01 1.842423E-01 -1.354082E+00 5.930117E-01 -1.491609E-01 9.652446E-01 2.625601E-02 1.019720E-03 4.021272E+00 8.935607E+00 
1.687496E-01 8.471898E-03 3.111059E-01 1.815443E-01 -1.425321E+00 5.540875E-01 -1.266131E-01 9.782227E-01 2.917977E-02 6.499964E-04 4.108927E+00 8.412942E+00 
1.743338E-01 6.486083E-03 3.356363E-01 1.857115E-01 -1.429241E+00 5.870990E-01 -1.207182E-01 9.206482E-01 2.856089E-02 2.348093E-04 4.126779E+00 9.064594E+00 
1.813413E-01 4.518981E-03 3.397088E-01 1.825429E-01 -1.370108E+00 5.820033E-01 -9.167024E-02 9.184997E-01 2.798147E-02 1.529236E-03 4.283138E+00 8.413767E+00 
1.755415E-01 5.153617E-03 3.399871E-01 1.807496E-01 -1.453405E+00 5.766964E-01 -1.081563E-01 9.607991E-01 2.774777E-02 1.025528E-03 4.342691E+00 8.351809E+00 
1.625582E-01 5.528200E-03 3.180714E-01 1.834799E-01 -1.392016E+00 5.757141E-01 -1.228837E-01 9.237642E-01 2.788533E-02 2.293989E-03 4.039460E+00 8.939954E+00 
1.581948E-01 5.804383E-03 2.911346E-01 1.823104E-01 -1.390825E+00 5.895711E-01 -2.000000E-01 9.777267E-01 2.699268E-02 1.229323E-03 4.149049E+00 8.771443E+00 
1.804077E-01 3.877769E-03 3.163208E-01 1.841056E-01 -1.477101E+00 5.879885E-01 -1.229110E-01 9.755810E-01 2.752945E-02 7.515399E-04 3.905428E+00 8.623988E+00 
1.719820E-01 4.297549E-03 3.038628E-01 1.819321E-01 -1.325190E+00 5.680191E-01 -1.162426E-01 1.001647E+00 2.931190E-02 5.930722E-04 4.088897E+00 9.170080E+00 
1.713364E-01 6.304191E-03 3.595898E-01 1.723531E-01 -1.370168E+00 5.929348E-01 -1.578567E-01 9.511236E-01 2.460044E-02 2.055785E-03 4.299866E+00 1.034169E+01 
1.728008E-01 4.102939E-03 3.161631E-01 1.786179E-01 -1.417392E+00 5.816839E-01 -1.160375E-01 8.788257E-01 2.765840E-02 4.549242E-04 3.865593E+00 9.162320E+00 
1.842272E-01 5.486394E-03 3.384853E-01 1.831947E-01 -1.284625E+00 5.953807E-01 -1.687785E-01 9.700782E-01 2.980137E-02 1.058284E-03 4.143215E+00 9.167764E+00 
1.659588E-01 3.194351E-03 3.224697E-01 1.803197E-01 -1.460134E+00 5.810543E-01 -1.001622E-01 9.052414E-01 2.768864E-02 1.560105E-03 4.038333E+00 9.800628E+00 
1.738724E-01 4.604722E-03 3.067188E-01 1.818609E-01 -1.432896E+00 5.736026E-01 -1.462019E-01 9.470107E-01 2.608567E-02 8.616869E-04 4.118187E+00 9.189974E+00 
1.912952E-01 4.557359E-03 3.250457E-01 1.859965E-01 -1.491808E+00 5.909189E-01 -1.930131E-01 9.623738E-01 2.791300E-02 1.129270E-03 3.967010E+00 8.440141E+00 
1.751965E-01 3.008591E-03 3.408703E-01 1.850686E-01 -1.388040E+00 5.785591E-01 -1.291747E-01 1.012956E+00 2.815686E-02 6.554665E-04 4.381174E+00 8.981168E+00 
1.875539E-01 8.419817E-04 3.242177E-01 1.861632E-01 -1.375782E+00 5.789262E-01 -1.343923E-01 9.435194E-01 2.729465E-02 2.342377E-04 4.126186E+00 8.176996E+00 
1.964860E-01 5.091253E-03 3.293502E-01 1.807448E-01 -1.401669E+00 5.919236E-01 -1.418012E-01 9.792965E-01 2.606300E-02 4.166289E-04 4.093285E+00 8.879663E+00 
1.751741E-01 4.542089E-03 3.355899E-01 1.869389E-01 -1.396103E+00 5.838015E-01 -1.347420E-01 9.946257E-01 2.759771E-02 6.215702E-04 3.568836E+00 9.020308E+00 
1.719096E-01 5.769934E-03 3.209487E-01 1.855419E-01 -1.456911E+00 5.799657E-01 -1.222782E-01 9.510717E-01 2.650629E-02 5.861086E-04 4.153164E+00 8.731362E+00 
1.845833E-01 2.948267E-03 3.056713E-01 1.921550E-01 -1.421363E+00 5.321284E-01 -1.182444E-01 1.189075E+00 2.566728E-02 5.431457E-04 4.332579E+00 8.345215E+00 
1.724817E-01 7.141708E-03 3.160623E-01 1.846392E-01 -1.441650E+00 5.260843E-01 -1.392671E-01 1.198945E+00 2.748789E-02 3.640187E-04 3.821502E+00 8.473610E+00 
1.691488E-01 2.155663E-03 3.340677E-01 1.814727E-01 -1.495809E+00 6.000000E-01 -1.518315E-01 9.313394E-01 2.662908E-02 7.931031E-04 4.326480E+00 9.282552E+00 
1.768808E-01 4.249849E-03 3.240172E-01 1.836378E-01 -1.409605E+00 5.902496E-01 -1.490718E-01 9.486998E-01 2.851889E-02 6.911194E-04 3.995711E+00 8.376406E+00 
1.733453E-01 4.636754E-03 3.068059E-01 1.775424E-01 -1.469206E+00 5.839731E-01 -1.363827E-01 9.175913E-01 2.750925E-02 1.118105E-03 3.955212E+00 9.092346E+00 
1.783747E-01 3.658666E-03 3.215810E-01 1.834004E-01 -1.355858E+00 5.940160E-01 -1.114979E-01 9.687030E-01 2.864214E-02 5.108000E-04 3.638900E+00 8.502950E+00 
1.616340E-01 6.324032E-03 3.415801E-01 1.777472E-01 -1.434210E+00 5.808206E-01 -1.474151E-01 8.374192E-01 2.942719E-02 9.805055E-04 3.783350E+00 1.012874E+01 
1.613135E-01 5.488602E-03 3.112655E-01 1.852151E-01 -1.416696E+00 5.869424E-01 -1.564306E-01 9.610195E-01 2.790313E-02 5.750931E-04 4.176330E+00 8.626197E+00 
1.692602E-01 4.116335E-03 3.267948E-01 1.794192E-01 -1.417480E+00 5.867463E-01 -1.335843E-01 9.487298E-01 2.754470E-02 3.098835E-04 4.629085E+00 8.496626E+00 
1.694278E-01 4.970900E-03 3.297320E-01 1.788617E-01 -1.396520E+00 5.588046E-01 -1.274223E-01 9.235411E-01 2.779263E-02 4.900587E-04 3.578940E+00 8.636342E+00 
1.880506E-01 5.386055E-03 3.239665E-01 1.847514E-01 -1.375802E+00 5.998385E-01 -1.618916E-01 9.328379E-01 2.755770E-02 1.312173E-03 4.112324E+00 8.934479E+00 
1.775690E-01 5.685631E-03 3.215753E-01 1.865239E-01 -1.327190E+00 5.855350E-01 -1.319176E-01 9.649364E-01 2.850070E-02 3.995655E-04 4.167684E+00 8.707014E+00 
1.658170E-01 6.193493E-03 3.340306E-01 1.810122E-01 -1.381576E+00 5.843756E-01 -1.433576E-01 9.132557E-01 2.694108E-02 1.636963E-03 3.193754E+00 8.729454E+00 
1.684478E-01 2.942911E-03 3.409048E-01 1.856490E-01 -1.416888E+00 5.964915E-01 -1.354365E-01 9.474714E-01 2.735748E-02 5.895883E-04 3.956984E+00 8.816775E+00 
7.995017E-02 4.276680E-02 3.103709E-01 1.730439E-01 -1.298776E+00 4.667253E-01 -4.437472E-02 3.944736E-01 3.023060E-02 3.115771E-03 3.620350E+00 1.380454E+01 
1.849965E-01 7.176991E-03 3.127678E-01 1.781124E-01 -1.398552E+00 5.821451E-01 -1.305879E-01 9.416457E-01 2.671872E-02 1.465721E-03 3.744500E+00 7.818716E+00 
1.664721E-01 4.666671E-03 3.384093E-01 1.861320E-01 -1.375043E+00 5.858363E-01 -1.516712E-01 9.424664E-01 2.806249E-02 4.640595E-04 4.115182E+00 9.703814E+00 
1.702988E-01 6.707055E-03 3.077037E-01 1.802574E-01 -1.401534E+00 5.751223E-01 -1.363533E-01 9.393353E-01 2.773160E-02 3.597989E-04 3.969814E+00 9.038122E+00 
1.648720E-01 5.216185E-03 3.294956E-01 1.804594E-01 -1.434953E+00 5.850831E-01 -1.408555E-01 9.332043E-01 2.795007E-02 8.904775E-04 3.379007E+00 8.728002E+00 
1.747812E-01 4.953472E-03 3.120179E-01 1.846929E-01 -1.422689E+00 5.792956E-01 -1.149047E-01 9.480476E-01 2.747277E-02 4.451194E-04 4.121533E+00 8.705033E+00 
1.709357E-01 1.794677E-03 3.234352E-01 1.847661E-01 -1.492108E+00 5.870347E-01 -1.394897E-01 9.633212E-01 2.786919E-02 6.217069E-04 4.450705E+00 8.479408E+00 
1.644504E-01 4.195044E-03 3.372247E-01 1.768480E-01 -1.403408E+00 5.858082E-01 -1.000773E-01 1.016171E+00 2.730292E-02 1.237231E-03 3.991574E+00 9.108612E+00 
1.796504E-01 2.944207E-03 3.160246E-01 1.853859E-01 -1.427020E+00 5.925788E-01 -1.207499E-01 8.973594E-01 2.734345E-02 6.042889E-04 4.644404E+00 8.471867E+00 
1.651522E-01 6.156161E-03 3.311556E-01 1.794608E-01 -1.404592E+00 5.901184E-01 -1.134257E-01 9.555202E-01 2.737099E-02 2.185221E-03 3.773695E+00 8.722633E+00 
1.776876E-01 5.410223E-03 3.157968E-01 1.940538E-01 -1.405605E+00 5.880191E-01 -1.570081E-01 9.590417E-01 2.820168E-02 7.873168E-04 3.983304E+00 8.790252E+00 
1.801561E-01 8.383179E-03 3.212251E-01 1.880387E-01 -1.385620E+00 5.871807E-01 -1.275338E-01 1.000153E+00 2.413341E-02 0.000000E+00 4.110185E+00 8.432947E+00 
1.639769E-01 5.430837E-03 3.211817E-01 1.845671E-01 -1.408909E+00 5.870035E-01 -1.287486E-01 9.441717E-01 2.881774E-02 7.221217E-04 4.144515E+00 8.348905E+00 
1.799041E-01 7.803502E-04 3.365434E-01 1.813906E-01 -1.406032E+00 5.898061E-01 -1.328018E-01 9.582704E-01 2.768080E-02 9.913097E-04 3.806177E+00 9.972783E+00 
1.807654E-01 4.943649E-03 3.079614E-01 1.808646E-01 -1.416047E+00 5.798498E-01 -1.238163E-01 9.414817E-01 2.877451E-02 3.146970E-04 3.944607E+00 8.524387E+00 
1.785009E-01 4.429688E-03 3.545531E-01 1.842719E-01 -1.366372E+00 5.904892E-01 -1.214630E-01 9.562353E-01 2.550594E-02 4.953791E-04 3.822932E+00 8.652351E+00 
1.767051E-01 4.845704E-03 3.223165E-01 1.824629E-01 -1.367002E+00 5.916274E-01 -1.659870E-01 1.003437E+00 2.685041E-02 3.306466E-04 4.071316E+00 8.773297E+00 
1.741993E-01 4.877093E-03 3.062688E-01 1.846522E-01 -1.328815E+00 5.808631E-01 -1.367455E-01 9.665610E-01 2.758715E-02 8.884232E-04 3.985818E+00 8.746473E+00 
1.591865E-01 4.054033E-03 3.037496E-01 1.817648E-01 -1.367524E+00 5.855344E-01 -1.845840E-01 9.198394E-01 2.933156E-02 7.474250E-04 3.861330E+00 9.247426E+00 
1.635842E-01 5.109784E-03 3.329535E-01 1.824714E-01 -1.315076E+00 5.887462E-01 -1.274293E-01 9.535982E-01 3.005707E-02 6.794194E-04 4.343219E+00 8.858240E+00 
1.590857E-01 5.174789E-03 3.030490E-01 1.847881E-01 -1.333605E+00 5.777819E-01 -1.257367E-01 9.858165E-01 2.759929E-02 9.865822E-04 4.314253E+00 8.622153E+00 
1.124034E-01 5.490552E-03 3.598244E-01 1.740373E-01 -1.405534E+00 3.524481E-01 -9.271435E-02 9.480778E-01 2.960992E-02 2.503453E-03 4.138417E+00 8.522625E+00 
1.666045E-01 4.240568E-03 3.325235E-01 1.819131E-01 -1.316788E+00 5.856936E-01 -2.000000E-01 9.571772E-01 2.495273E-02 4.893004E-04 3.982968E+00 9.118327E+00 
1.716732E-01 4.441563E-03 3.306266E-01 1.855908E-01 -1.397397E+00 5.882167E-01 -1.657755E-01 9.597209E-01 2.620866E-02 1.086889E-03 4.219869E+00 8.656001E+00 
1.599081E-01 7.721248E-03 3.602747E-01 1.813452E-01 -1.392070E+00 5.764171E-01 -1.860446E-01 9.368925E-01 2.808239E-02 1.598289E-04 4.111955E+00 8.518259E+00 
1.736286E-01 5.480057E-03 3.420844E-01 1.873551E-01 -1.453807E+00 5.982305E-01 -1.559212E-01 9.418935E-01 2.623084E-02 7.847409E-04 4.347211E+00 8.680437E+00 
2.000000E-01 3.640235E-02 3.241955E-01 1.858821E-01 -1.370320E+00 5.823057E-01 -1.886251E-01 9.975321E-01 2.812497E-02 3.936893E-03 3.984112E+00 8.297116E+00 
1.784197E-01 4.051030E-03 3.499552E-01 1.865758E-01 -1.316582E+00 5.879645E-01 -1.561213E-01 9.177570E-01 2.588548E-02 5.563483E-04 4.531425E+00 8.039305E+00 
1.807824E-01 2.660854E-03 3.299978E-01 1.848651E-01 -1.408883E+00 5.852224E-01 -1.605677E-01 9.618545E-01 2.645951E-02 8.184432E-04 3.555631E+00 8.214973E+00 
1.706361E-01 5.163750E-03 3.004119E-01 1.836803E-01 -1.458280E+00 5.854594E-01 -1.305328E-01 9.089830E-01 2.749600E-02 4.502789E-04 3.928685E+00 8.693666E+00 
1.830564E-01 6.512763E-03 3.253095E-01 1.873442E-01 -1.431490E+00 5.792281E-01 -1.290781E-01 9.206446E-01 2.948493E-02 5.460651E-04 4.042327E+00 8.707264E+00 
1.822418E-01 3.479366E-03 3.217612E-01 1.822195E-01 -1.405835E+00 5.813615E-01 -1.390242E-01 9.429656E-01 3.002460E-02 1.051506E-03 3.990063E+00 8.680067E+00 
1.801813E-01 3.130817E-03 3.536292E-01 1.881817E-01 -1.416874E+00 5.723013E-01 -1.190820E-01 9.925673E-01 2.933930E-02 8.038415E-04 4.026174E+00 8.941330E+00 
1.814931E-01 6.091279E-03 3.160244E-01 1.835624E-01 -1.365195E+00 5.882578E-01 -1.030166E-01 9.281123E-01 2.791252E-02 9.431170E-04 4.170442E+00 8.719103E+00 
1.811066E-01 5.391629E-03 3.458389E-01 1.835373E-01 -1.402470E+00 5.807643E-01 -6.486004E-02 9.528579E-01 2.824244E-02 8.904196E-04 4.253476E+00 8.952118E+00 
1.753905E-01 1.729654E-03 3.325294E-01 1.869246E-01 -1.435086E+00 5.882547E-01 -1.629467E-01 9.192062E-01 2.928350E-02 6.107841E-04 4.091817E+00 8.850998E+00 
1.820885E-01 4.196393E-03 3.272856E-01 1.889942E-01 -1.492576E+00 5.949637E-01 -1.367854E-01 9.568364E-01 2.554883E-02 4.490319E-04 4.268612E+00 9.515326E+00 
1.629078E-01 5.023750E-03 3.083609E-01 1.827519E-01 -1.408474E+00 5.778509E-01 -1.491379E-01 9.692335E-01 2.971555E-02 7.900320E-04 4.134334E+00 8.838058E+00 
1.734701E-01 4.481497E-03 3.656636E-01 1.845501E-01 -1.462047E+00 5.827418E-01 -1.061290E-01 9.725141E-01 2.753963E-02 6.078897E-04 4.240159E+00 8.678864E+00 
1.782724E-01 3.006209E-03 3.497273E-01 1.826002E-01 -1.478492E+00 5.788082E-01 -1.465131E-01 9.474721E-01 2.642860E-02 1.104850E-03 3.975618E+00 8.984745E+00 
1.801622E-01 3.548454E-03 3.189570E-01 1.867874E-01 -1.414533E+00 5.895262E-01 -1.816162E-01 9.637470E-01 2.939877E-02 9.891174E-04 4.012879E+00 9.223419E+00 
1.977816E-01 5.206083E-03 3.371245E-01 1.788182E-01 -1.416010E+00 5.870605E-01 -1.588790E-01 8.536788E-01 2.825718E-02 7.447268E-04 4.062901E+00 8.902524E+00 
1.753498E-01 5.397542E-03 3.291481E-01 1.807819E-01 -1.391037E+00 5.708720E-01 -1.196688E-01 9.423299E-01 2.957432E-02 7.830120E-04 4.415845E+00 8.716807E+00 
1.685685E-01 5.264446E-03 3.268372E-01 1.845221E-01 -1.381270E+00 5.911871E-01 -1.495310E-01 9.518285E-01 2.797398E-02 6.896607E-04 4.091646E+00 8.350551E+00 
1.709917E-01 4.868179E-03 3.129210E-01 1.859242E-01 -1.444654E+00 5.880488E-01 -1.462690E-01 9.519754E-01 2.828620E-02 7.951654E-04 4.108665E+00 8.616467E+00 
1.194642E-01 2.743348E-02 3.263528E-01 1.837464E-01 -1.303939E+00 4.848449E-01 -1.181391E-01 9.245682E-01 2.625456E-02 1.103037E-03 4.398508E+00 9.066839E+00 
1.602394E-01 7.843878E-03 3.450753E-01 1.734805E-01 -1.485895E+00 5.917784E-01 -1.917325E-01 8.607128E-01 2.928718E-02 5.527318E-04 4.015139E+00 1.009529E+01 
1.708922E-01 5.765031E-03 3.452746E-01 1.810284E-01 -1.423884E+00 5.881447E-01 -1.311240E-01 9.336678E-01 2.681971E-02 7.529966E-04 4.029933E+00 8.869824E+00 
1.754241E-01 4.927557E-03 3.333280E-01 1.834903E-01 -1.337527E+00 5.857139E-01 -1.278072E-01 9.373132E-01 2.815675E-02 1.088257E-03 4.207901E+00 8.725989E+00 
1.722015E-01 5.169957E-03 3.206546E-01 1.816792E-01 -1.439787E+00 5.766711E-01 -1.011541E-01 9.382817E-01 3.021408E-02 5.862278E-04 3.906491E+00 8.567991E+00 
1.707685E-01 6.058999E-03 3.147777E-01 1.823888E-01 -1.369313E+00 5.763027E-01 -9.119933E-02 9.547231E-01 2.814774E-02 4.887682E-04 4.041518E+00 8.910093E+00 
1.801974E-01 6.127075E-03 3.314768E-01 1.914922E-01 -1.421561E+00 5.828494E-01 -1.102859E-01 9.680784E-01 2.478354E-02 8.267140E-04 4.564532E+00 9.060460E+00 
1.623378E-01 5.065949E-03 3.094543E-01 1.798214E-01 -1.410113E+00 5.866337E-01 -1.771379E-01 9.577383E-01 2.825185E-02 1.299734E-03 4.056928E+00 8.602529E+00 
1.794667E-01 5.029747E-03 3.461318E-01 1.898150E-01 -1.388852E+00 6.000000E-01 -1.388029E-01 9.235531E-01 2.555149E-02 9.259370E-04 4.426211E+00 8.985601E+00 
1.728542E-01 4.019224E-03 3.006317E-01 1.814488E-01 -1.383722E+00 5.781739E-01 -1.355973E-01 9.280035E-01 2.712677E-02 9.107927E-04 4.323133E+00 8.874376E+00 
1.659068E-01 5.255724E-03 3.108113E-01 1.793637E-01 -1.452713E+00 5.759264E-01 -1.309581E-01 9.801860E-01 2.891705E-02 4.645160E-04 4.209339E+00 8.449534E+00 
1.769962E-01 5.123059E-03 3.360617E-01 1.820998E-01 -1.419068E+00 5.884723E-01 -1.574358E-01 9.512887E-01 2.882531E-02 3.842598E-04 4.032101E+00 8.710063E+00 
1.832263E-01 4.525297E-03 3.203201E-01 1.838563E-01 -1.325161E+00 5.803737E-01 -1.101815E-01 9.519353E-01 2.543987E-02 2.574704E-03 3.895923E+00 8.587467E+00 
1.801722E-01 3.525996E-03 3.078290E-01 1.846740E-01 -1.262575E+00 5.881910E-01 -1.227874E-01 9.728130E-01 2.839931E-02 7.607584E-04 4.094289E+00 8.497666E+00 
1.663253E-01 5.822448E-03 3.274721E-01 1.835456E-01 -1.557210E+00 5.972048E-01 -1.340855E-01 9.238671E-01 2.701918E-02 7.298781E-04 4.029681E+00 8.706718E+00 
1.822440E-01 4.607078E-03 3.515548E-01 1.859424E-01 -1.459725E+00 5.949368E-01 -1.234081E-01 9.487410E-01 2.733179E-02 6.274477E-04 4.149751E+00 8.904217E+00 
1.767499E-01 4.288240E-03 3.318322E-01 1.835731E-01 -1.451860E+00 5.924972E-01 -1.466163E-01 9.511284E-01 2.564906E-02 6.162860E-04 4.351814E+00 8.462811E+00 
1.649939E-01 6.106635E-03 3.452372E-01 1.820545E-01 -1.468471E+00 5.935488E-01 -1.846356E-01 9.363748E-01 2.678430E-02 1.371068E-03 3.780431E+00 9.643563E+00 
1.805767E-01 4.818332E-03 3.156372E-01 1.830494E-01 -1.402022E+00 5.767681E-01 -1.427514E-01 9.686139E-01 2.813644E-02 4.276692E-04 4.065628E+00 9.158172E+00 
1.737674E-01 3.279576E-03 3.286545E-01 1.811665E-01 -1.535378E+00 5.740280E-01 -1.428461E-01 9.369516E-01 2.889170E-02 3.886430E-04 3.999143E+00 7.901206E+00 
1.740219E-01 4.010629E-03 3.347214E-01 1.865988E-01 -1.414836E+00 5.916339E-01 -1.797446E-01 9.301273E-01 2.773138E-02 8.393361E-04 4.134535E+00 8.947939E+00 
1.768759E-01 6.417596E-03 3.098863E-01 1.855993E-01 -1.353796E+00 5.763969E-01 -1.373418E-01 9.305772E-01 2.895278E-02 8.796877E-04 4.202999E+00 8.883359E+00 
1.784969E-01 4.730801E-03 3.291852E-01 1.849321E-01 -1.339200E+00 5.891308E-01 -1.370181E-01 9.675381E-01 2.870925E-02 6.649447E-04 4.113676E+00 9.240959E+00 
1.772992E-01 3.962317E-03 3.206299E-01 1.863543E-01 -1.398275E+00 5.896811E-01 -1.496355E-01 9.770057E-01 2.737340E-02 5.911236E-04 4.230810E+00 8.680421E+00 
1.733887E-01 5.617361E-03 2.939087E-01 1.809968E-01 -1.420967E+00 5.796156E-01 -1.619248E-01 9.146567E-01 2.909015E-02 3.273320E-04 4.151377E+00 8.734026E+00 
1.850400E-01 5.226303E-03 3.026938E-01 1.813713E-01 -1.376911E+00 5.882146E-01 -1.938553E-01 9.393278E-01 2.636855E-02 6.781550E-04 4.365711E+00 9.224189E+00 
1.681289E-01 3.563919E-03 3.379219E-01 1.796577E-01 -1.441532E+00 5.988268E-01 -1.602423E-01 9.517653E-01 2.912226E-02 8.413138E-04 4.093273E+00 8.320828E+00 
1.702722E-01 4.755820E-03 3.303170E-01 1.847715E-01 -1.366876E+00 5.854924E-01 -1.489026E-01 9.863230E-01 2.657702E-02 1.027461E-03 4.234234E+00 8.919876E+00 
1.690050E-01 4.038350E-03 3.461978E-01 1.837470E-01 -1.390042E+00 5.939308E-01 -1.599163E-01 9.520534E-01 2.867485E-02 8.220905E-04 4.600197E+00 7.887592E+00 
1.706726E-01 2.889007E-03 3.042638E-01 1.833985E-01 -1.366128E+00 5.755569E-01 -1.114044E-01 9.824028E-01 2.629602E-02 1.019360E-03 4.227143E+00 8.824901E+00 
1.832979E-01 6.118891E-03 3.395546E-01 1.822622E-01 -1.309711E+00 5.928990E-01 -1.604466E-01 9.423039E-01 2.667662E-02 1.005146E-03 4.096692E+00 8.640111E+00 
1.779663E-01 3.643919E-03 3.398310E-01 1.845198E-01 -1.401950E+00 5.963205E-01 -1.221117E-01 1.004392E+00 2.659713E-02 1.133691E-03 3.971875E+00 8.857623E+00 
1.844733E-01 5.759837E-03 3.314918E-01 1.905019E-01 -1.393516E+00 5.940451E-01 -1.335343E-01 9.491250E-01 2.722597E-02 4.773271E-04 4.425501E+00 8.906221E+00 
1.689235E-01 7.878476E-03 3.082354E-01 1.794567E-01 -1.412298E+00 5.769126E-01 -1.517523E-01 9.493400E-01 2.842857E-02 8.183052E-04 4.095645E+00 9.507929E+00 
1.739415E-01 7.693842E-03 3.271605E-01 1.754501E-01 -1.443077E+00 5.473998E-01 -1.245154E-01 1.028237E+00 2.754851E-02 7.814029E-04 4.137110E+00 9.011228E+00 
1.864425E-01 3.874301E-03 3.146859E-01 1.806277E-01 -1.448613E+00 5.821476E-01 -1.426800E-01 9.475392E-01 2.736655E-02 6.936348E-04 3.865729E+00 9.263024E+00 
1.815272E-01 4.475018E-03 3.179028E-01 1.823016E-01 -1.422992E+00 5.782748E-01 -1.413206E-01 9.194462E-01 2.740648E-02 2.986839E-04 4.209919E+00 8.883857E+00 
1.844894E-01 4.723519E-03 3.409826E-01 1.847677E-01 -1.450117E+00 5.911159E-01 -1.667685E-01 9.521976E-01 2.549617E-02 8.105521E-04 3.905993E+00 9.070305E+00 
1.690426E-01 5.972439E-03 3.547568E-01 1.879567E-01 -1.346522E+00 5.949109E-01 -1.882169E-01 9.328147E-01 2.550977E-02 7.219339E-04 3.901401E+00 8.788028E+00 
1.798658E-01 3.691662E-03 3.448742E-01 1.773329E-01 -1.412491E+00 5.887871E-01 -1.735883E-01 9.638550E-01 2.732674E-02 9.651222E-04 4.143032E+00 8.893219E+00 
1.807931E-01 4.919161E-03 3.013205E-01 1.866235E-01 -1.437654E+00 5.625066E-01 -1.423291E-01 1.004957E+00 2.990456E-02 9.312938E-04 4.024216E+00 8.841947E+00 
1.533452E-01 5.929358E-03 3.181179E-01 1.683382E-01 -1.429561E+00 5.845824E-01 -1.296256E-01 8.822732E-01 2.847651E-02 7.180692E-04 4.000602E+00 9.521295E+00 
1.712631E-01 4.386052E-03 3.205461E-01 1.817897E-01 -1.518562E+00 5.823760E-01 -1.227309E-01 9.937590E-01 2.829865E-02 6.328287E-04 4.113066E+00 8.808795E+00 
1.757591E-01 4.552493E-03 3.475038E-01 1.835792E-01 -1.438314E+00 5.832289E-01 -1.351841E-01 9.837973E-01 2.757087E-02 7.048276E-04 4.353461E+00 8.670486E+00 
1.633466E-01 4.525839E-03 3.160837E-01 1.855866E-01 -1.423632E+00 5.894530E-01 -1.102727E-01 9.369578E-01 2.759092E-02 2.923796E-04 4.125893E+00 8.675624E+00 
1.858056E-01 6.041761E-03 3.178622E-01 1.838549E-01 -1.395474E+00 5.834175E-01 -1.449679E-01 9.700627E-01 2.813826E-02 5.963282E-04 4.008962E+00 8.304007E+00 
1.722073E-01 4.985352E-03 2.988560E-01 1.804862E-01 -1.394221E+00 5.846244E-01 -1.370036E-01 8.726910E-01 2.676702E-02 1.527746E-03 4.345335E+00 9.365221E+00 
1.548569E-01 3.983772E-03 3.094065E-01 1.811788E-01 -1.404714E+00 5.918405E-01 -1.508215E-01 9.464740E-01 2.597411E-02 5.534785E-04 3.758412E+00 9.052408E+00 
