1.800971E-01 7.409850E-03 3.473800E-01 1.737646E-01 -1.310723E+00 5.420612E-01 -1.675250E-01 9.710772E-01 3.362200E-02 4.058753E-04 4.062601E+00 8.175047E+00 
1.735452E-01 5.659013E-03 3.675533E-01 1.844253E-01 -1.303236E+00 5.920231E-01 -1.985491E-01 9.297627E-01 2.582046E-02 3.389385E-04 4.021843E+00 9.153721E+00 
1.734829E-01 4.838766E-03 3.215550E-01 1.821589E-01 -1.369273E+00 5.870778E-01 -1.208270E-01 9.754789E-01 2.525139E-02 4.410706E-04 4.219898E+00 8.705745E+00 
1.794395E-01 4.364808E-03 3.358811E-01 1.843507E-01 -1.386444E+00 5.902874E-01 -1.934069E-01 9.400789E-01 2.782944E-02 7.604239E-04 4.266228E+00 8.853302E+00 
1.634562E-01 4.727713E-03 3.190236E-01 1.790804E-01 -1.405371E+00 5.734831E-01 -1.077755E-01 9.016793E-01 2.743683E-02 3.421701E-04 4.010292E+00 8.877066E+00 
1.558981E-01 4.906743E-03 3.189152E-01 1.815039E-01 -1.422038E+00 5.787493E-01 -1.531161E-01 9.767993E-01 2.817016E-02 4.523470E-04 4.046170E+00 8.772666E+00 
1.756250E-01 6.008946E-03 3.072351E-01 1.812470E-01 -1.409679E+00 5.825558E-01 -1.314164E-01 9.432050E-01 3.029734E-02 1.335551E-03 3.976722E+00 8.936040E+00 
1.610516E-01 5.004693E-03 3.328020E-01 1.842008E-01 -1.393780E+00 5.994628E-01 -1.318214E-01 9.454390E-01 2.738213E-02 7.361658E-04 4.388258E+00 7.670837E+00 
1.770782E-01 4.932020E-03 3.327235E-01 1.889784E-01 -1.439745E+00 5.918588E-01 -1.519452E-01 9.645908E-01 2.741361E-02 6.655815E-04 4.290767E+00 8.384652E+00 
1.707365E-01 3.014927E-03 3.318644E-01 1.831540E-01 -1.406639E+00 5.949859E-01 -1.448786E-01 9.614465E-01 2.958242E-02 6.398416E-04 3.970507E+00 7.992738E+00 
1.658687E-01 5.028308E-03 3.344608E-01 1.824852E-01 -1.472398E+00 5.877305E-01 -1.098594E-01 9.722178E-01 2.678213E-02 8.984254E-04 3.846730E+00 9.128345E+00 
1.749965E-01 5.872511E-03 3.489872E-01 1.827752E-01 -1.438977E+00 5.753633E-01 -1.416291E-01 9.101582E-01 2.991998E-02 1.610954E-03 4.280864E+00 9.016143E+00 
1.637394E-01 4.319973E-03 3.413214E-01 1.795401E-01 -1.545162E+00 5.861535E-01 -1.146229E-01 1.019031E+00 2.757284E-02 4.777696E-03 4.060718E+00 9.648585E+00 
1.780327E-01 5.293479E-03 3.145025E-01 1.795391E-01 -1.358501E+00 5.940716E-01 -1.494068E-01 9.082451E-01 2.827016E-02 8.072069E-04 4.282156E+00 8.518279E+00 
1.561682E-01 4.787449E-03 3.222492E-01 1.836230E-01 -1.370594E+00 5.836821E-01 -1.228341E-01 1.002817E+00 2.897911E-02 5.323520E-04 4.281172E+00 8.136636E+00 
1.854750E-01 4.305446E-03 3.162082E-01 1.823834E-01 -1.348610E+00 5.836353E-01 -1.547497E-01 9.573061E-01 2.657876E-02 4.939437E-04 3.822590E+00 8.609325E+00 
1.751343E-01 3.534018E-03 3.288173E-01 1.862173E-01 -1.289432E+00 5.931710E-01 -1.257157E-01 9.265689E-01 2.655506E-02 0.000000E+00 3.848979E+00 8.880010E+00 
1.786274E-01 8.517059E-03 3.095268E-01 1.881916E-01 -1.318518E+00 5.915780E-01 -1.195739E-01 9.364404E-01 2.816605E-02 2.542861E-04 4.985900E+00 8.467473E+00 
1.791367E-01 5.362897E-03 3.261178E-01 1.888690E-01 -1.496176E+00 5.964589E-01 -1.375475E-01 9.615937E-01 2.987224E-02 2.594097E-03 4.480217E+00 9.123473E+00 
1.786073E-01 4.851291E-03 2.864937E-01 1.722753E-01 -1.382153E+00 5.759397E-01 -1.167588E-01 1.017755E+00 2.634947E-02 6.357148E-04 3.957670E+00 9.782738E+00 
1.714436E-01 5.531919E-03 3.406167E-01 1.775742E-01 -1.385066E+00 5.878181E-01 -1.622880E-01 9.795306E-01 2.517842E-02 2.316404E-04 4.305173E+00 8.767712E+00 
1.802765E-01 4.768075E-03 3.305170E-01 1.806191E-01 -1.473750E+00 5.850459E-01 -1.061566E-01 9.442619E-01 2.835629E-02 7.706646E-04 4.142209E+00 8.690822E+00 
1.578601E-01 2.381136E-03 3.169633E-01 1.808072E-01 -1.444535E+00 5.919847E-01 -1.315470E-01 9.635742E-01 2.858932E-02 7.955658E-04 4.002616E+00 8.194273E+00 
1.689011E-01 1.000000E-04 3.246866E-01 1.743057E-01 -1.371192E+00 6.000000E-01 -6.363055E-02 6.571451E-01 2.741873E-02 9.912457E-04 4.079736E+00 9.661594E+00 
1.817973E-01 3.721248E-03 3.283613E-01 1.834346E-01 -1.402176E+00 5.904504E-01 -1.423185E-01 9.542585E-01 2.769998E-02 7.293487E-04 4.146935E+00 8.677254E+00 
1.656191E-01 4.745450E-03 3.357331E-01 1.847486E-01 -1.420054E+00 5.955298E-01 -1.545514E-01 9.287613E-01 2.843320E-02 6.441852E-04 4.098662E+00 8.519414E+00 
1.778157E-01 4.443964E-03 3.299287E-01 1.843694E-01 -1.419029E+00 5.921937E-01 -1.687245E-01 9.516946E-01 2.751809E-02 8.390646E-04 3.970608E+00 9.242819E+00 
1.234850E-01 1.376581E-02 3.357285E-01 1.791017E-01 -1.394804E+00 5.088417E-01 -9.596080E-02 3.809400E-01 2.756708E-02 8.491002E-04 3.796440E+00 8.829930E+00 
1.774077E-01 5.003495E-03 3.212109E-01 1.820114E-01 -1.365597E+00 5.847852E-01 -1.887044E-01 9.305180E-01 2.902996E-02 4.736598E-04 4.274097E+00 8.646463E+00 
1.665365E-01 6.427003E-03 3.286020E-01 1.811250E-01 -1.430871E+00 5.809260E-01 -1.487437E-01 9.300395E-01 2.800983E-02 1.159979E-03 3.775213E+00 9.727429E+00 
1.751517E-01 4.196855E-03 3.430892E-01 1.806922E-01 -1.413031E+00 5.832507E-01 -1.239063E-01 9.355314E-01 2.706220E-02 9.615591E-04 4.208443E+00 8.615686E+00 
1.636443E-01 5.684829E-03 3.132083E-01 1.812771E-01 -1.399313E+00 5.736487E-01 -1.325199E-01 1.005772E+00 2.678568E-02 1.045510E-03 4.011207E+00 8.780687E+00 
1.760595E-01 4.704282E-03 3.335273E-01 1.823529E-01 -1.389076E+00 5.962398E-01 -1.329300E-01 9.702674E-01 2.717221E-02 1.603919E-03 4.143242E+00 8.460784E+00 
1.679778E-01 4.301481E-03 3.146232E-01 1.845217E-01 -1.383037E+00 5.889460E-01 -9.241325E-02 9.532537E-01 2.821281E-02 7.075540E-04 4.067447E+00 8.840821E+00 
1.706706E-01 4.553235E-03 3.231932E-01 1.848967E-01 -1.498853E+00 5.844261E-01 -1.352479E-01 9.655876E-01 2.672023E-02 4.897734E-04 3.961714E+00 8.739663E+00 
1.652947E-01 5.573606E-03 3.500007E-01 1.801311E-01 -1.258919E+00 5.845776E-01 -1.206623E-01 9.118584E-01 2.964492E-02 9.577581E-04 4.247990E+00 8.432872E+00 
1.667694E-01 5.287081E-03 3.219367E-01 1.833253E-01 -1.370552E+00 5.868731E-01 -1.569415E-01 9.736675E-01 2.851639E-02 1.210685E-03 4.060437E+00 8.808473E+00 
1.780956E-01 6.303860E-03 3.442951E-01 1.863904E-01 -1.229755E+00 5.951682E-01 -2.000000E-01 9.292765E-01 2.639281E-02 5.883288E-04 4.061539E+00 8.786286E+00 
1.976908E-01 6.253939E-03 3.324186E-01 1.807570E-01 -1.425174E+00 5.920102E-01 -1.986095E-01 9.620997E-01 2.678457E-02 1.187150E-03 4.132216E+00 9.054428E+00 
1.832046E-01 6.381162E-03 3.356768E-01 1.837976E-01 -1.436783E+00 5.847848E-01 -1.314855E-01 9.876364E-01 2.829671E-02 5.167245E-04 4.307883E+00 8.898142E+00 
1.808800E-01 5.973162E-03 3.422051E-01 1.869527E-01 -1.509256E+00 5.867486E-01 -1.017670E-01 9.591031E-01 2.757663E-02 4.537960E-04 4.150373E+00 8.877366E+00 
1.697001E-01 3.272358E-03 3.304412E-01 1.800449E-01 -1.400024E+00 5.832270E-01 -1.311712E-01 9.431511E-01 2.641547E-02 7.521718E-04 4.289691E+00 8.537488E+00 
1.775057E-01 3.508887E-03 3.089621E-01 1.865493E-01 -1.418787E+00 5.869868E-01 -1.318655E-01 9.686262E-01 2.626666E-02 9.485628E-04 4.182375E+00 8.877308E+00 
1.811783E-01 4.650005E-03 3.352579E-01 1.870743E-01 -1.329026E+00 5.943544E-01 -1.739125E-01 1.006804E+00 3.014357E-02 8.442582E-04 4.337893E+00 8.676337E+00 
1.541935E-01 5.125625E-03 3.238008E-01 1.863099E-01 -1.412370E+00 5.790386E-01 -1.765350E-01 9.569473E-01 2.823928E-02 1.144214E-03 4.105907E+00 8.122198E+00 
1.745912E-01 5.505606E-03 3.266513E-01 1.820685E-01 -1.362631E+00 5.816892E-01 -1.133749E-01 9.723948E-01 2.877658E-02 7.096408E-04 4.179968E+00 8.679986E+00 
1.750500E-01 4.751068E-03 3.309975E-01 1.876933E-01 -1.377788E+00 5.837033E-01 -1.234381E-01 9.906670E-01 2.910053E-02 7.507842E-04 4.213808E+00 9.440277E+00 
1.956985E-01 5.647268E-03 3.198485E-01 1.813956E-01 -1.498554E+00 5.798517E-01 -1.810297E-01 9.739981E-01 2.759510E-02 7.933495E-04 4.238227E+00 8.974085E+00 
1.709465E-01 4.656123E-03 2.965776E-01 1.850324E-01 -1.333179E+00 5.761192E-01 -1.605076E-01 9.407185E-01 2.652079E-02 1.133668E-05 4.052710E+00 8.734513E+00 
1.902495E-01 5.313419E-03 3.225319E-01 1.830399E-01 -1.340982E+00 5.901516E-01 -1.619375E-01 9.360912E-01 2.695854E-02 8.893388E-04 4.013113E+00 8.422374E+00 
1.909289E-01 5.993668E-03 3.287369E-01 1.828037E-01 -1.416231E+00 5.929812E-01 -1.417438E-01 9.306339E-01 2.838344E-02 6.484717E-04 3.845529E+00 8.653344E+00 
1.712271E-01 4.899442E-03 3.317886E-01 1.806622E-01 -1.348366E+00 5.886105E-01 -1.408613E-01 9.311790E-01 2.696903E-02 5.553159E-04 4.109159E+00 9.996128E+00 
1.634097E-01 3.733592E-03 3.376470E-01 1.840460E-01 -1.482538E+00 5.953411E-01 -1.389338E-01 9.564540E-01 2.696219E-02 1.091563E-03 4.142950E+00 8.302751E+00 
1.699854E-01 5.487046E-03 3.178578E-01 1.847481E-01 -1.389259E+00 5.828762E-01 -1.284672E-01 9.587562E-01 2.929147E-02 6.558558E-04 3.881092E+00 9.065547E+00 
1.796728E-01 4.855302E-03 3.404013E-01 1.883981E-01 -1.409783E+00 5.916407E-01 -1.562732E-01 9.289918E-01 2.713598E-02 5.672240E-04 3.973968E+00 8.208278E+00 
1.806726E-01 2.738415E-03 3.252220E-01 1.829494E-01 -1.376974E+00 5.876740E-01 -1.369503E-01 9.175481E-01 2.713096E-02 1.125527E-03 4.140227E+00 8.976116E+00 
1.677582E-01 5.254380E-03 3.336338E-01 1.862423E-01 -1.372480E+00 5.865264E-01 -1.273199E-01 1.001699E+00 2.678842E-02 9.546978E-04 4.276149E+00 8.707255E+00 
1.747381E-01 2.063707E-03 3.148282E-01 1.786267E-01 -1.349439E+00 5.701780E-01 -1.052229E-01 9.472520E-01 2.806494E-02 0.000000E+00 4.237850E+00 8.403985E+00 
1.688273E-01 5.132458E-03 3.116750E-01 1.828898E-01 -1.372141E+00 5.751030E-01 -1.122467E-01 9.813472E-01 3.040907E-02 1.029493E-03 4.163000E+00 8.334411E+00 
1.743629E-01 6.219489E-03 3.255987E-01 1.832464E-01 -1.378052E+00 5.884877E-01 -1.473395E-01 9.831930E-01 2.672548E-02 2.098052E-04 4.220104E+00 8.528909E+00 
1.681243E-01 6.803039E-03 3.224332E-01 1.854902E-01 -1.381609E+00 5.909185E-01 -1.289042E-01 9.947092E-01 2.703884E-02 4.885650E-04 3.959423E+00 8.389749E+00 
1.699789E-01 6.081874E-03 3.338129E-01 1.812050E-01 -1.336379E+00 5.829776E-01 -1.815280E-01 9.403122E-01 2.583381E-02 4.631717E-04 4.209093E+00 8.687319E+00 
1.709909E-01 4.233896E-03 3.197930E-01 1.832631E-01 -1.373505E+00 5.845202E-01 -1.374082E-01 9.594114E-01 2.752139E-02 8.733122E-04 4.193980E+00 8.812014E+00 
1.763707E-01 4.633372E-03 3.048376E-01 1.867447E-01 -1.419239E+00 5.843422E-01 -1.159881E-01 1.023760E+00 2.848966E-02 4.972333E-04 3.987640E+00 8.516619E+00 
1.725205E-01 4.003579E-03 3.236051E-01 1.811471E-01 -1.349981E+00 5.732550E-01 -1.215185E-01 9.523143E-01 2.759365E-02 4.771404E-04 4.242846E+00 8.638700E+00 
1.634026E-01 4.316853E-03 3.076552E-01 1.804089E-01 -1.375488E+00 5.791009E-01 -1.117687E-01 9.645542E-01 2.854545E-02 2.186784E-04 4.123499E+00 8.726922E+00 
1.903513E-01 5.846656E-03 3.167869E-01 1.832592E-01 -1.404725E+00 5.713894E-01 -1.812914E-01 9.353578E-01 2.826387E-02 1.073728E-03 4.111090E+00 8.471493E+00 
1.768249E-01 5.327114E-03 3.180165E-01 1.820335E-01 -1.380853E+00 5.813991E-01 -1.298446E-01 9.587543E-01 2.791714E-02 6.756023E-04 4.125049E+00 8.881448E+00 
1.741813E-01 4.267135E-03 3.322885E-01 1.831277E-01 -1.414742E+00 5.861891E-01 -1.859022E-01 9.193827E-01 2.759123E-02 5.959772E-04 4.117967E+00 8.716302E+00 
1.755343E-01 5.291990E-03 3.251533E-01 1.840890E-01 -1.404301E+00 5.880259E-01 -1.347828E-01 9.724218E-01 2.769339E-02 5.122069E-04 4.172105E+00 8.736079E+00 
1.693995E-01 5.009485E-03 3.075815E-01 1.792041E-01 -1.398789E+00 5.860124E-01 -1.300584E-01 9.797711E-01 2.562669E-02 3.517278E-04 4.087291E+00 8.460477E+00 
1.529009E-01 8.695106E-03 3.294056E-01 1.840202E-01 -1.418884E+00 5.521547E-01 -1.253098E-01 9.133814E-01 2.976523E-02 5.469732E-04 4.203873E+00 8.740253E+00 
1.257164E-01 1.019504E-02 3.255805E-01 1.703896E-01 -1.362298E+00 2.770488E-01 -1.114614E-01 1.020850E+00 2.688064E-02 1.979691E-03 3.342870E+00 8.700261E+00 
1.633813E-01 5.526624E-03 3.193043E-01 1.853639E-01 -1.364669E+00 5.907700E-01 -1.391846E-01 9.466451E-01 2.979320E-02 1.419111E-03 4.114702E+00 9.425785E+00 
1.614340E-01 3.526217E-03 3.239066E-01 1.824846E-01 -1.398179E+00 5.839915E-01 -1.209769E-01 9.620528E-01 2.851979E-02 4.604327E-04 4.370691E+00 9.268597E+00 
1.565172E-01 4.268261E-03 3.137487E-01 1.848743E-01 -1.329692E+00 5.878979E-01 -1.803504E-01 8.751145E-01 2.922206E-02 1.048893E-03 4.196786E+00 8.247020E+00 
1.727633E-01 3.451073E-03 3.440924E-01 1.784925E-01 -1.455932E+00 5.932119E-01 -8.871972E-02 9.752380E-01 2.748462E-02 3.148688E-04 4.464253E+00 9.393945E+00 
1.656071E-01 6.361553E-03 3.256565E-01 1.841276E-01 -1.452345E+00 5.937246E-01 -1.584057E-01 9.763978E-01 2.673580E-02 6.799779E-04 4.079496E+00 8.662141E+00 
1.749939E-01 3.926765E-03 3.224681E-01 1.830520E-01 -1.443426E+00 5.961435E-01 -1.281795E-01 9.111258E-01 2.717549E-02 4.959327E-04 4.310203E+00 8.848588E+00 
1.753372E-01 6.009009E-03 3.431666E-01 1.847781E-01 -1.340877E+00 5.829041E-01 -1.236768E-01 9.365190E-01 2.662684E-02 5.302020E-04 4.158357E+00 8.788372E+00 
1.839086E-01 4.173021E-03 3.187037E-01 1.864913E-01 -1.390274E+00 5.955352E-01 -8.704867E-02 9.586997E-01 2.722816E-02 9.893918E-04 4.358107E+00 8.677287E+00 
1.870606E-01 5.524819E-03 3.278767E-01 1.849788E-01 -1.451980E+00 5.893625E-01 -1.475583E-01 9.359717E-01 2.754708E-02 4.096847E-04 4.152495E+00 8.698250E+00 
1.838423E-01 3.543617E-03 3.230263E-01 1.828350E-01 -1.373500E+00 5.866736E-01 -9.359634E-02 9.645009E-01 3.043068E-02 3.045133E-04 3.916220E+00 9.133915E+00 
1.720554E-01 4.352931E-03 3.256261E-01 1.859046E-01 -1.376431E+00 5.861285E-01 -1.212827E-01 9.540602E-01 2.722018E-02 9.259821E-04 4.051263E+00 8.799002E+00 
1.831021E-01 3.061299E-03 3.351791E-01 1.872973E-01 -1.410707E+00 5.948299E-01 -1.141502E-01 9.381905E-01 2.639870E-02 8.244621E-04 4.591613E+00 1.005300E+01 
1.605031E-01 4.609129E-03 3.251831E-01 1.840609E-01 -1.392534E+00 5.756389E-01 -1.296428E-01 9.083287E-01 2.747150E-02 6.895491E-04 4.038647E+00 8.700713E+00 
1.699651E-01 4.526106E-03 3.191669E-01 1.847112E-01 -1.459185E+00 5.795417E-01 -1.168161E-01 9.248064E-01 2.815253E-02 7.178189E-04 3.898829E+00 8.968417E+00 
1.771757E-01 3.198636E-03 3.321538E-01 1.828252E-01 -1.392480E+00 5.888275E-01 -1.374426E-01 9.645078E-01 2.773980E-02 6.423669E-04 3.938743E+00 9.396942E+00 
1.769573E-01 2.492238E-03 3.249784E-01 1.810259E-01 -1.365094E+00 5.881228E-01 -1.435626E-01 9.612086E-01 2.714704E-02 6.367529E-04 4.135717E+00 9.125727E+00 
1.762208E-01 5.216973E-03 3.276896E-01 1.856705E-01 -1.386083E+00 5.904307E-01 -1.445457E-01 9.474301E-01 2.837761E-02 6.750606E-04 3.922605E+00 8.956872E+00 
1.657501E-01 4.697245E-03 3.380010E-01 1.806567E-01 -1.344425E+00 5.980894E-01 -1.959060E-01 9.340211E-01 2.544074E-02 5.068102E-04 3.905209E+00 8.979425E+00 
1.671627E-01 4.845330E-03 3.300598E-01 1.866812E-01 -1.391634E+00 5.850661E-01 -1.693153E-01 9.615429E-01 2.876471E-02 9.527014E-04 3.983249E+00 8.531197E+00 
1.770692E-01 5.818954E-03 3.203118E-01 1.837114E-01 -1.402846E+00 5.927587E-01 -1.561305E-01 9.270221E-01 2.590819E-02 5.813744E-04 4.297225E+00 8.975143E+00 
1.737514E-01 4.717423E-03 3.565002E-01 1.830706E-01 -1.370263E+00 5.940480E-01 -1.663475E-01 9.565442E-01 2.689187E-02 3.848156E-04 4.263110E+00 8.881628E+00 
1.799752E-01 4.800897E-03 3.135647E-01 1.813039E-01 -1.414853E+00 5.714975E-01 -8.069482E-02 9.459215E-01 2.928390E-02 1.103888E-03 4.223476E+00 9.697296E+00 
1.625629E-01 6.653386E-03 3.154723E-01 1.836210E-01 -1.432677E+00 5.836901E-01 -9.692384E-02 9.876244E-01 2.874759E-02 7.960137E-04 4.124673E+00 8.822968E+00 
1.669176E-01 5.066661E-03 3.531553E-01 1.826645E-01 -1.345137E+00 5.942646E-01 -1.690783E-01 9.647967E-01 2.789775E-02 8.030225E-04 4.199751E+00 9.196306E+00 
1.936372E-01 5.093584E-03 3.195613E-01 1.820990E-01 -1.393802E+00 5.749432E-01 -1.521979E-01 9.615193E-01 2.813994E-02 2.666805E-04 3.920508E+00 8.353588E+00 
1.778515E-01 3.341293E-03 3.378632E-01 1.844643E-01 -1.371909E+00 5.848850E-01 -1.224536E-01 9.522812E-01 2.733804E-02 9.540897E-04 4.399201E+00 8.824356E+00 
1.726511E-01 5.615213E-03 3.448072E-01 1.779220E-01 -1.409986E+00 5.760868E-01 -1.221856E-01 9.831651E-01 2.986579E-02 3.742465E-04 3.999654E+00 8.351100E+00 
1.817934E-01 6.851835E-03 3.344246E-01 1.860122E-01 -1.405523E+00 5.717382E-01 -1.281666E-01 9.570118E-01 2.699013E-02 1.903486E-04 4.174061E+00 8.691803E+00 
1.709358E-01 4.647280E-03 3.315268E-01 1.841048E-01 -1.427705E+00 5.867148E-01 -1.198946E-01 9.301019E-01 2.765269E-02 5.542911E-04 4.147672E+00 8.827159E+00 
1.940099E-01 4.777789E-03 3.304619E-01 1.846093E-01 -1.348282E+00 5.886061E-01 -1.336838E-01 9.614118E-01 2.700497E-02 5.793788E-04 3.937989E+00 7.605097E+00 
1.796299E-01 6.023797E-03 3.194249E-01 1.858689E-01 -1.385161E+00 5.857081E-01 -1.219911E-01 9.657664E-01 2.543976E-02 1.655602E-04 4.556981E+00 8.833704E+00 
1.652930E-01 2.996887E-02 3.309894E-01 1.771783E-01 -1.418845E+00 5.657937E-01 -1.492482E-01 8.957853E-01 2.958630E-02 1.804795E-03 3.949943E+00 1.073893E+01 
1.690800E-01 6.500932E-03 3.497889E-01 1.825383E-01 -1.455885E+00 6.000000E-01 -1.566809E-01 9.680716E-01 2.747514E-02 7.078299E-04 4.297858E+00 7.815398E+00 
1.792131E-01 4.771213E-03 3.344513E-01 1.836544E-01 -1.388647E+00 5.903637E-01 -1.492528E-01 9.633900E-01 2.690017E-02 5.882884E-04 4.157163E+00 8.747853E+00 
1.748900E-01 5.570537E-03 3.194601E-01 1.819599E-01 -1.396592E+00 5.833852E-01 -1.333432E-01 9.403090E-01 2.889756E-02 1.182868E-03 4.051223E+00 8.842989E+00 
1.673844E-01 4.603776E-03 3.167131E-01 1.835754E-01 -1.357510E+00 5.855577E-01 -1.414577E-01 9.711886E-01 2.615562E-02 4.362218E-04 4.006348E+00 8.953971E+00 
8.148124E-02 9.163634E-02 3.400110E-01 1.733644E-01 -1.330295E+00 4.205399E-01 -9.015245E-02 9.894130E-01 2.744760E-02 1.057156E-03 3.054937E+00 8.692529E+00 
1.692007E-01 3.092464E-03 3.442176E-01 1.819205E-01 -1.435734E+00 5.938110E-01 -1.586141E-01 9.223566E-01 2.674045E-02 3.331711E-04 4.226397E+00 8.616881E+00 
1.816979E-01 5.016028E-03 3.557325E-01 1.816690E-01 -1.394655E+00 5.947966E-01 -1.262337E-01 9.121598E-01 2.727138E-02 6.964555E-04 4.008588E+00 9.010631E+00 
1.793949E-01 5.473322E-03 3.392382E-01 1.846168E-01 -1.422062E+00 5.792556E-01 -1.328532E-01 9.680691E-01 2.861133E-02 6.153039E-04 4.312816E+00 8.274882E+00 
1.785021E-01 4.362926E-03 3.260801E-01 1.779924E-01 -1.285282E+00 5.704175E-01 -1.384747E-01 9.254898E-01 2.650809E-02 5.033584E-06 3.741246E+00 8.346549E+00 
1.762057E-01 3.965426E-03 3.171124E-01 1.804779E-01 -1.344673E+00 5.849556E-01 -1.300163E-01 9.978942E-01 2.473436E-02 5.118707E-04 4.328112E+00 8.479636E+00 
1.702189E-01 4.859404E-03 3.176618E-01 1.827836E-01 -1.437802E+00 5.737913E-01 -1.285822E-01 9.319963E-01 2.868836E-02 2.017097E-03 4.203174E+00 8.506506E+00 
1.830896E-01 4.319877E-03 3.250594E-01 1.903890E-01 -1.384451E+00 5.933666E-01 -1.345791E-01 9.616201E-01 2.910694E-02 4.451165E-04 4.327724E+00 8.692650E+00 
1.662947E-01 4.949876E-03 3.283930E-01 1.865663E-01 -1.404446E+00 5.869233E-01 -1.521907E-01 9.031925E-01 2.707097E-02 5.055642E-04 4.251560E+00 9.306923E+00 
1.636117E-01 4.451029E-03 3.497723E-01 1.839819E-01 -1.508271E+00 5.938428E-01 -1.459688E-01 9.537678E-01 2.763839E-02 1.203640E-03 4.439579E+00 8.624422E+00 
1.706257E-01 4.945803E-03 3.569788E-01 1.837425E-01 -1.478308E+00 5.964504E-01 -1.020966E-01 1.011766E+00 2.727162E-02 1.820525E-03 4.132438E+00 9.949226E+00 
1.757308E-01 4.429773E-03 3.069311E-01 1.801965E-01 -1.363444E+00 5.864403E-01 -1.080692E-01 9.138710E-01 2.768261E-02 7.776431E-04 4.161820E+00 8.158959E+00 
1.729302E-01 3.978119E-03 3.310089E-01 1.822816E-01 -1.356606E+00 5.905140E-01 -1.360812E-01 8.393387E-01 2.645393E-02 9.557114E-04 4.285359E+00 8.855761E+00 
1.835440E-01 5.954801E-03 3.485446E-01 1.871067E-01 -1.408991E+00 5.858549E-01 -1.712751E-01 9.477326E-01 2.801666E-02 5.045284E-04 4.365300E+00 8.142572E+00 
1.747025E-01 4.452245E-03 3.317399E-01 1.831608E-01 -1.394662E+00 5.899980E-01 -1.555838E-01 9.611158E-01 2.813037E-02 7.556131E-04 4.023315E+00 8.015394E+00 
1.581029E-01 9.371212E-03 3.470448E-01 1.767328E-01 -1.383342E+00 5.734487E-01 -1.243820E-01 9.722566E-01 2.975536E-02 2.993376E-03 4.186248E+00 8.908680E+00 
1.582509E-01 4.319483E-03 3.274933E-01 1.853129E-01 -1.332959E+00 5.867268E-01 -1.149226E-01 9.939127E-01 2.747784E-02 8.211818E-04 3.980532E+00 8.898617E+00 
1.688904E-01 4.048360E-03 3.229657E-01 1.821286E-01 -1.379970E+00 5.824141E-01 -1.282301E-01 9.465505E-01 2.869717E-02 6.911743E-04 3.700766E+00 8.860731E+00 
1.861187E-01 3.905280E-03 3.112132E-01 1.812068E-01 -1.399196E+00 5.834531E-01 -1.332834E-01 9.223508E-01 2.736373E-02 6.631355E-04 4.122054E+00 8.449985E+00 
1.747047E-01 4.543533E-03 3.101374E-01 1.849791E-01 -1.509022E+00 5.781310E-01 -1.411443E-01 9.545794E-01 2.849158E-02 8.327956E-04 4.130119E+00 8.864955E+00 
1.810532E-01 5.853618E-03 3.279901E-01 1.860052E-01 -1.435396E+00 5.889779E-01 -1.271668E-01 9.585767E-01 2.725190E-02 5.580920E-04 3.846761E+00 8.519363E+00 
1.733026E-01 4.836095E-03 3.226563E-01 1.843038E-01 -1.443781E+00 5.813275E-01 -1.092902E-01 9.796244E-01 2.773984E-02 6.133462E-04 3.985154E+00 8.817625E+00 
1.792028E-01 4.832607E-03 3.428321E-01 1.864163E-01 -1.380724E+00 5.943368E-01 -1.593720E-01 9.836909E-01 2.763197E-02 6.840884E-04 4.054821E+00 9.445795E+00 
1.800255E-01 4.379768E-03 3.308369E-01 1.847898E-01 -1.391588E+00 6.000000E-01 -1.708025E-01 9.168783E-01 2.900798E-02 7.052308E-04 3.493964E+00 8.869523E+00 
1.826710E-01 4.321582E-03 3.460173E-01 1.878455E-01 -1.453404E+00 5.984701E-01 -1.354295E-01 9.475877E-01 2.684945E-02 1.134268E-03 4.708183E+00 9.412570E+00 
1.767299E-01 4.786778E-03 3.366484E-01 1.835718E-01 -1.363229E+00 5.904278E-01 -1.553331E-01 9.403441E-01 2.845635E-02 1.015439E-03 3.932337E+00 9.158041E+00 
1.732762E-01 4.489506E-03 3.211971E-01 1.835554E-01 -1.391388E+00 5.878003E-01 -1.294936E-01 9.501584E-01 2.748236E-02 9.578208E-04 4.225553E+00 8.468837E+00 
1.678399E-01 6.082324E-03 3.418190E-01 1.793008E-01 -1.331542E+00 5.939441E-01 -9.587541E-02 9.586348E-01 2.800400E-02 8.529520E-04 4.167872E+00 8.615906E+00 
1.824370E-01 5.236847E-03 3.113958E-01 1.763257E-01 -1.418904E+00 5.766807E-01 -1.481906E-01 9.241998E-01 2.849657E-02 5.673711E-04 3.916392E+00 8.599835E+00 
1.711509E-01 1.195652E-02 3.402857E-01 1.761676E-01 -1.340452E+00 5.846210E-01 -1.349169E-01 9.365638E-01 2.899292E-02 3.452205E-04 3.763475E+00 8.556203E+00 
1.820574E-01 5.963132E-03 3.160051E-01 1.786914E-01 -1.410655E+00 5.884384E-01 -1.416090E-01 9.486985E-01 2.691412E-02 7.288566E-04 4.012458E+00 8.550364E+00 
1.722351E-01 5.337407E-03 3.151120E-01 1.790147E-01 -1.347028E+00 5.826365E-01 -1.270464E-01 9.648909E-01 2.839083E-02 5.580329E-04 3.853254E+00 9.138864E+00 
1.850174E-01 6.787726E-03 3.349821E-01 1.886735E-01 -1.396903E+00 5.986230E-01 -1.661508E-01 9.312139E-01 2.695167E-02 3.171345E-04 4.325557E+00 9.114904E+00 
1.708344E-01 5.641095E-03 3.232890E-01 1.800989E-01 -1.392175E+00 5.840454E-01 -1.302366E-01 9.530971E-01 2.709632E-02 9.442562E-04 3.187898E+00 9.170237E+00 
1.798148E-01 4.223288E-03 3.145942E-01 1.844046E-01 -1.394987E+00 5.756800E-01 -1.488606E-01 9.022113E-01 3.016011E-02 9.255317E-04 4.111087E+00 9.261682E+00 
1.684008E-01 5.186908E-03 3.365342E-01 1.835861E-01 -1.418932E+00 6.000000E-01 -1.645549E-01 9.449205E-01 2.770840E-02 2.082593E-03 4.123060E+00 8.947678E+00 
1.664872E-01 7.106866E-03 3.328322E-01 1.813571E-01 -1.397609E+00 5.960834E-01 -1.564518E-01 9.908134E-01 2.797452E-02 1.015733E-03 4.336715E+00 9.152386E+00 
1.667155E-01 4.759984E-03 3.311399E-01 1.790317E-01 -1.438843E+00 5.765541E-01 -1.225958E-01 9.269332E-01 2.679606E-02 7.112055E-04 3.888996E+00 8.843933E+00 
1.735367E-01 4.539617E-03 3.257477E-01 1.850237E-01 -1.436854E+00 5.774224E-01 -1.453156E-01 9.182821E-01 2.672865E-02 7.141921E-04 4.003339E+00 8.712258E+00 
1.783958E-01 4.852837E-03 3.216135E-01 1.864755E-01 -1.385833E+00 5.938980E-01 -1.308166E-01 9.030711E-01 2.926677E-02 4.933398E-04 3.709474E+00 8.954920E+00 
1.897877E-01 4.938629E-03 3.483372E-01 1.868466E-01 -1.304005E+00 5.950126E-01 -1.251932E-01 9.731148E-01 2.893063E-02 9.313653E-04 4.210887E+00 9.232357E+00 
1.754510E-01 4.216508E-03 3.245668E-01 1.849605E-01 -1.383923E+00 5.849863E-01 -1.388314E-01 9.447843E-01 2.613738E-02 8.983547E-04 4.111659E+00 8.732776E+00 
1.702493E-01 6.121380E-03 3.182546E-01 1.864812E-01 -1.351068E+00 5.965768E-01 -1.207043E-01 9.173337E-01 2.581651E-02 1.087798E-03 4.089097E+00 9.036230E+00 
1.786406E-01 2.883791E-03 3.466403E-01 1.858535E-01 -1.326902E+00 5.942075E-01 -1.292777E-01 9.460080E-01 2.682700E-02 3.258112E-04 3.851845E+00 8.730266E+00 
1.757635E-01 3.192693E-03 3.319920E-01 1.831350E-01 -1.386638E+00 5.820455E-01 -1.641546E-01 9.825855E-01 2.843851E-02 6.155128E-04 4.284194E+00 8.177277E+00 
1.704525E-01 5.021366E-03 3.211859E-01 1.761917E-01 -1.342419E+00 5.727895E-01 -1.121071E-01 9.326280E-01 2.961317E-02 0.000000E+00 4.058833E+00 8.591971E+00 
1.718746E-01 3.653574E-03 3.178625E-01 1.832770E-01 -1.345117E+00 5.887417E-01 -1.162476E-01 9.812881E-01 2.816772E-02 8.312235E-04 4.087082E+00 8.766726E+00 
1.679029E-01 4.912848E-03 3.289796E-01 1.839376E-01 -1.406254E+00 5.959817E-01 -1.249487E-01 9.767771E-01 2.645165E-02 3.674368E-04 4.322052E+00 9.194120E+00 
1.900198E-01 5.890983E-03 3.476578E-01 1.830630E-01 -1.358659E+00 5.810598E-01 -1.123617E-01 9.479930E-01 2.686189E-02 3.084385E-04 4.250177E+00 9.301147E+00 
1.703192E-01 7.671968E-03 3.063156E-01 1.802714E-01 -1.447386E+00 5.817928E-01 -1.526821E-01 1.010584E+00 2.773843E-02 9.361172E-04 4.229167E+00 8.708798E+00 
1.703382E-01 4.845572E-03 3.511164E-01 1.833079E-01 -1.432125E+00 6.000000E-01 -1.670090E-01 9.559561E-01 2.484598E-02 8.798245E-04 4.260657E+00 8.474279E+00 
1.723397E-01 4.147517E-03 3.096023E-01 1.843993E-01 -1.379196E+00 5.926763E-01 -1.341208E-01 9.401777E-01 2.744110E-02 8.097523E-04 4.058420E+00 8.717734E+00 
1.806157E-01 3.819264E-03 3.271481E-01 1.816494E-01 -1.424566E+00 5.916641E-01 -1.384542E-01 9.526712E-01 2.593448E-02 6.010063E-04 4.143953E+00 8.881727E+00 
1.737940E-01 4.242161E-03 3.335751E-01 1.862586E-01 -1.342676E+00 5.971638E-01 -1.474227E-01 9.669643E-01 2.837159E-02 5.960199E-04 4.342157E+00 9.059963E+00 
1.617945E-01 5.153217E-03 3.576633E-01 1.811357E-01 -1.481259E+00 5.888371E-01 -1.799045E-01 9.529471E-01 2.790789E-02 7.597448E-04 3.944315E+00 8.846108E+00 
1.705448E-01 4.832688E-03 3.347482E-01 1.874404E-01 -1.377150E+00 5.889335E-01 -1.391736E-01 9.084909E-01 2.654770E-02 7.732154E-04 4.036205E+00 8.331002E+00 
1.700168E-01 8.769646E-03 3.274771E-01 1.791030E-01 -1.377873E+00 5.686587E-01 -1.452137E-01 9.468704E-01 2.623355E-02 5.218413E-04 3.990409E+00 9.154583E+00 
1.726742E-01 7.803513E-03 3.354936E-01 1.843098E-01 -1.417233E+00 5.881233E-01 -1.393131E-01 9.992631E-01 2.572175E-02 1.987255E-03 4.452756E+00 8.686484E+00 
1.752365E-01 4.989505E-03 3.181644E-01 1.849059E-01 -1.362959E+00 5.897267E-01 -1.231162E-01 9.436843E-01 2.913925E-02 1.254746E-03 4.268548E+00 9.014282E+00 
1.703828E-01 6.127087E-03 3.457826E-01 1.845220E-01 -1.447368E+00 5.892005E-01 -1.544508E-01 9.770229E-01 2.604790E-02 4.702918E-04 4.156957E+00 9.221831E+00 
1.752540E-01 3.966460E-03 3.414626E-01 1.899987E-01 -1.265778E+00 5.902339E-01 -1.396168E-01 9.003489E-01 2.777383E-02 6.694907E-04 4.314146E+00 8.835540E+00 
1.764097E-01 4.118689E-03 3.223862E-01 1.819223E-01 -1.301634E+00 5.847045E-01 -1.364350E-01 9.001715E-01 2.803087E-02 4.914478E-04 5.020285E+00 9.290739E+00 
1.786503E-01 5.804315E-03 3.352779E-01 1.748639E-01 -1.438826E+00 5.837386E-01 -1.613026E-01 9.669851E-01 2.873298E-02 1.209919E-03 3.918169E+00 9.122404E+00 
1.812100E-01 5.303348E-03 3.469537E-01 1.824985E-01 -1.439983E+00 5.697417E-01 -1.182556E-01 9.519871E-01 2.586424E-02 6.872107E-04 4.705367E+00 9.714772E+00 
1.621660E-01 3.616329E-03 3.200708E-01 1.857202E-01 -1.414042E+00 5.842241E-01 -1.440138E-01 9.574635E-01 2.864371E-02 6.788549E-04 4.023932E+00 8.787053E+00 
1.721133E-01 5.547307E-03 3.304605E-01 1.816624E-01 -1.354282E+00 5.972648E-01 -9.727522E-02 9.335739E-01 2.816092E-02 6.023048E-04 3.421412E+00 8.567484E+00 
1.872890E-01 3.455466E-03 3.209385E-01 1.854964E-01 -1.432913E+00 5.947928E-01 -1.399494E-01 8.927673E-01 2.494016E-02 0.000000E+00 4.431644E+00 9.096504E+00 
1.595473E-01 5.053640E-03 3.176020E-01 1.821917E-01 -1.390885E+00 5.859060E-01 -1.140968E-01 9.808060E-01 2.775445E-02 7.199169E-04 4.169155E+00 8.507655E+00 
1.756283E-01 5.392221E-03 3.212719E-01 1.836341E-01 -1.456245E+00 5.831045E-01 -1.278413E-01 9.543210E-01 2.863577E-02 1.088304E-03 4.040842E+00 8.900408E+00 
1.733620E-01 7.019350E-03 3.359305E-01 1.757122E-01 -1.414753E+00 5.836445E-01 -1.510575E-01 9.371885E-01 2.780174E-02 2.396379E-03 4.072943E+00 8.987722E+00 
1.743602E-01 3.830874E-03 3.324492E-01 1.823723E-01 -1.385896E+00 5.999747E-01 -1.599025E-01 9.509535E-01 2.753226E-02 5.762789E-04 4.250834E+00 7.884469E+00 
1.819120E-01 4.175893E-03 3.212094E-01 1.872031E-01 -1.422848E+00 5.879527E-01 -1.420811E-01 9.503130E-01 2.709651E-02 6.583794E-04 4.352330E+00 8.818038E+00 
1.758897E-01 4.933711E-03 3.139375E-01 1.819622E-01 -1.391538E+00 5.808217E-01 -1.009955E-01 9.898717E-01 2.727068E-02 6.608083E-04 4.016220E+00 8.737839E+00 
1.566493E-01 4.853321E-03 2.937617E-01 1.798402E-01 -1.455701E+00 5.878702E-01 -7.592093E-02 9.161751E-01 2.844522E-02 1.456909E-03 4.287216E+00 9.268533E+00 
1.682072E-01 5.831342E-03 3.155655E-01 1.817774E-01 -1.334663E+00 5.866682E-01 -1.917136E-01 9.297113E-01 2.934385E-02 8.755175E-04 4.100134E+00 8.303334E+00 
1.630109E-01 4.503009E-03 3.216186E-01 1.828243E-01 -1.403371E+00 5.880850E-01 -1.277961E-01 9.703697E-01 2.734397E-02 7.163702E-04 4.082076E+00 8.968618E+00 
1.851307E-01 3.374937E-03 3.160717E-01 1.796632E-01 -1.413303E+00 5.860532E-01 -1.236523E-01 8.890340E-01 2.811093E-02 3.304015E-04 4.290099E+00 9.073114E+00 
1.528391E-01 6.419752E-03 3.304490E-01 1.816686E-01 -1.324751E+00 5.792372E-01 -1.499203E-01 9.626681E-01 2.854856E-02 1.293099E-04 4.112228E+00 8.125507E+00 
1.653219E-01 6.500530E-03 3.235315E-01 1.799435E-01 -1.347037E+00 5.887155E-01 -1.490772E-01 9.802360E-01 2.668512E-02 9.461446E-04 3.904036E+00 9.092242E+00 
1.827362E-01 4.886310E-03 3.389361E-01 1.851674E-01 -1.370550E+00 5.907522E-01 -1.627342E-01 9.355776E-01 2.946140E-02 6.772740E-04 3.993847E+00 8.747430E+00 
1.652678E-01 5.346631E-03 3.414287E-01 1.817685E-01 -1.415322E+00 5.882475E-01 -1.673439E-01 9.387004E-01 2.637860E-02 4.691247E-04 3.848232E+00 8.801791E+00 
1.696245E-01 6.597853E-03 3.276406E-01 1.878395E-01 -1.435494E+00 5.985952E-01 -1.184010E-01 9.622495E-01 2.863300E-02 8.178153E-04 4.297409E+00 8.463221E+00 
1.715907E-01 5.267223E-03 3.235875E-01 1.823771E-01 -1.366319E+00 5.897497E-01 -1.320683E-01 9.270650E-01 2.789938E-02 2.409813E-04 3.710043E+00 8.235235E+00 
1.443453E-01 6.136597E-03 3.407215E-01 1.806162E-01 -1.357184E+00 5.820580E-01 -1.745288E-01 9.968909E-01 2.714273E-02 9.099723E-04 3.650873E+00 9.051795E+00 
1.755901E-01 3.809229E-03 3.128616E-01 1.869948E-01 -1.376554E+00 5.731601E-01 -1.222681E-01 9.636857E-01 2.889451E-02 6.886078E-04 4.191629E+00 8.605301E+00 
1.630682E-01 4.575176E-03 3.338762E-01 1.791765E-01 -1.418011E+00 5.921104E-01 -1.554785E-01 9.641495E-01 2.778137E-02 1.009170E-03 4.134472E+00 8.867623E+00 
1.670241E-01 3.323499E-03 3.201419E-01 1.857677E-01 -1.367072E+00 5.857139E-01 -1.197936E-01 9.493107E-01 2.802095E-02 5.684465E-04 3.804303E+00 8.858279E+00 
1.554557E-01 4.745340E-03 3.377220E-01 1.805214E-01 -1.430827E+00 5.670051E-01 -1.431039E-01 9.431739E-01 2.741647E-02 5.306890E-04 4.045035E+00 8.915618E+00 
1.764311E-01 4.910424E-03 3.228709E-01 1.831289E-01 -1.593352E+00 5.854360E-01 -1.286849E-01 9.090101E-01 2.673698E-02 7.751540E-04 4.259433E+00 9.154943E+00 
1.730054E-01 3.401877E-03 3.269497E-01 1.839205E-01 -1.352017E+00 5.870877E-01 -1.319774E-01 9.455175E-01 2.788377E-02 2.370333E-04 4.062455E+00 8.851953E+00 
1.781671E-01 6.318822E-03 3.613827E-01 1.862795E-01 -1.373128E+00 5.866949E-01 -1.501709E-01 9.768733E-01 2.495758E-02 4.281638E-04 4.364280E+00 9.013840E+00 
1.699878E-01 4.715561E-03 3.070324E-01 1.884383E-01 -1.342267E+00 5.720539E-01 -1.165727E-01 9.614504E-01 2.921556E-02 9.253682E-04 4.263652E+00 8.955125E+00 
1.513031E-01 3.580704E-03 3.322708E-01 1.806610E-01 -1.434671E+00 5.957241E-01 -1.568858E-01 9.895160E-01 2.748330E-02 1.090516E-03 4.516899E+00 8.189452E+00 
1.727493E-01 5.338424E-03 3.105733E-01 1.820731E-01 -1.389796E+00 5.802155E-01 -1.344612E-01 9.502514E-01 2.847393E-02 5.584518E-04 3.936960E+00 9.255333E+00 
1.810999E-01 4.868075E-03 3.112244E-01 1.849168E-01 -1.438106E+00 5.805424E-01 -1.176907E-01 1.086954E+00 2.861785E-02 5.687730E-04 4.200385E+00 8.773335E+00 
1.817159E-01 5.168112E-03 3.390819E-01 1.877358E-01 -1.382496E+00 5.808439E-01 -1.373783E-01 9.693875E-01 2.799789E-02 4.570470E-04 4.308316E+00 9.038765E+00 
1.637487E-01 4.063528E-03 3.508521E-01 1.827868E-01 -1.396001E+00 5.835117E-01 -1.935695E-01 9.584287E-01 2.719947E-02 1.092264E-03 4.055844E+00 8.570759E+00 
1.810914E-01 1.307272E-02 3.195195E-01 1.838068E-01 -1.401685E+00 5.697296E-01 -1.692800E-01 9.365205E-01 2.573197E-02 5.283634E-04 4.048452E+00 8.676971E+00 
1.741473E-01 3.602515E-03 2.907129E-01 1.779093E-01 -1.420997E+00 5.799868E-01 -1.559810E-01 9.366872E-01 2.770630E-02 5.438703E-04 4.019814E+00 8.664748E+00 
1.706631E-01 4.210327E-03 3.426678E-01 1.837264E-01 -1.371350E+00 5.970677E-01 -1.591810E-01 9.223477E-01 2.707747E-02 1.124441E-03 4.135873E+00 8.908202E+00 
1.695064E-01 5.090648E-03 3.350235E-01 1.843134E-01 -1.445635E+00 5.880149E-01 -1.481886E-01 9.508758E-01 2.811346E-02 7.197373E-04 4.278086E+00 8.718870E+00 
1.730871E-01 3.834688E-03 3.250311E-01 1.858195E-01 -1.329718E+00 5.858831E-01 -1.314765E-01 9.340372E-01 2.671323E-02 1.282119E-03 3.346338E+00 8.836122E+00 
1.686188E-01 5.025363E-03 3.238979E-01 1.866578E-01 -1.422052E+00 5.891996E-01 -1.199513E-01 9.509314E-01 2.859439E-02 9.013187E-04 4.269770E+00 9.040654E+00 
1.877278E-01 2.394044E-03 3.174587E-01 1.817835E-01 -1.434004E+00 5.793290E-01 -1.175134E-01 9.356190E-01 3.127500E-02 6.070804E-04 4.175801E+00 9.891487E+00 
1.015847E-01 6.454617E-02 3.215152E-01 1.716417E-01 -1.322426E+00 2.967965E-01 -8.812101E-02 1.009287E+00 2.826490E-02 5.777153E-03 3.238942E+00 8.832991E+00 
1.780050E-01 3.941284E-03 2.899159E-01 1.879562E-01 -1.369574E+00 5.852250E-01 -1.395796E-01 9.360959E-01 2.797395E-02 1.299337E-03 4.059200E+00 9.340376E+00 
1.779314E-01 5.530568E-03 3.296520E-01 1.864956E-01 -1.408268E+00 5.851896E-01 -1.387978E-01 9.189957E-01 2.839313E-02 5.493394E-04 3.375008E+00 8.666670E+00 
1.747595E-01 5.062443E-03 3.221917E-01 1.860716E-01 -1.349537E+00 5.841075E-01 -1.652067E-01 9.692184E-01 2.662287E-02 3.023320E-04 4.429997E+00 8.311010E+00 
1.764250E-01 4.760590E-03 3.090750E-01 1.889901E-01 -1.379030E+00 5.894447E-01 -1.399997E-01 9.452170E-01 2.721573E-02 6.730377E-04 4.302520E+00 8.074726E+00 
1.846087E-01 5.016225E-03 3.557021E-01 1.788595E-01 -1.388323E+00 5.867243E-01 -1.483877E-01 9.694498E-01 2.567450E-02 8.642662E-04 4.071710E+00 9.631324E+00 
1.869444E-01 6.416633E-03 3.430776E-01 1.668840E-01 -1.329136E+00 5.691203E-01 -1.057380E-01 5.446879E-01 3.231720E-02 1.436473E-03 4.335524E+00 1.282766E+01 
1.812412E-01 4.148379E-03 3.215918E-01 1.880402E-01 -1.466731E+00 5.973705E-01 -1.229083E-01 9.661915E-01 2.728778E-02 6.323065E-04 4.147991E+00 9.206074E+00 
1.779430E-01 5.171887E-03 3.202905E-01 1.800765E-01 -1.426531E+00 5.813663E-01 -1.300453E-01 9.691448E-01 2.794403E-02 1.147888E-03 4.249129E+00 8.992977E+00 
1.853463E-01 4.450963E-03 3.168694E-01 1.875061E-01 -1.320945E+00 5.944424E-01 -1.177081E-01 9.327156E-01 2.810376E-02 4.677489E-04 4.048984E+00 8.451232E+00 
1.711602E-01 4.622536E-03 3.160934E-01 1.843255E-01 -1.345558E+00 5.801766E-01 -1.403533E-01 9.445077E-01 2.686562E-02 3.229421E-04 4.163037E+00 8.557421E+00 
1.800720E-01 6.479268E-03 3.360918E-01 1.811399E-01 -1.336698E+00 5.936868E-01 -1.549189E-01 9.599286E-01 2.553142E-02 3.334881E-04 4.139189E+00 8.718590E+00 
1.758950E-01 5.835669E-03 3.169231E-01 1.820428E-01 -1.427052E+00 5.865305E-01 -1.504020E-01 9.665300E-01 3.005224E-02 6.671375E-04 4.117624E+00 8.937778E+00 
1.781110E-01 7.246889E-03 3.277396E-01 1.840387E-01 -1.378088E+00 5.935934E-01 -1.450156E-01 9.583465E-01 2.593207E-02 6.232889E-04 4.250501E+00 8.802143E+00 
1.669102E-01 5.716492E-03 3.363370E-01 1.826152E-01 -1.365378E+00 5.797222E-01 -1.506146E-01 9.281542E-01 2.762149E-02 6.807068E-04 3.600889E+00 8.577268E+00 
1.699561E-01 5.135725E-03 3.448145E-01 1.795202E-01 -1.402852E+00 5.881099E-01 -1.983368E-01 9.569763E-01 2.802181E-02 5.388743E-04 4.182776E+00 8.891948E+00 
1.793668E-01 3.830416E-03 3.269942E-01 1.828336E-01 -1.256212E+00 5.910790E-01 -1.261140E-01 1.022303E+00 2.725327E-02 0.000000E+00 4.289126E+00 8.620375E+00 
1.772708E-01 6.770113E-03 3.329432E-01 1.867956E-01 -1.340512E+00 5.856253E-01 -1.644866E-01 9.851877E-01 2.848413E-02 1.060552E-03 4.539571E+00 8.960847E+00 
1.710872E-01 5.865369E-03 3.325851E-01 1.816272E-01 -1.414415E+00 6.000000E-01 -1.442532E-01 9.563922E-01 2.880597E-02 9.624878E-04 4.060920E+00 8.919837E+00 
1.709423E-01 1.222587E-02 3.397015E-01 1.797372E-01 -1.368026E+00 5.871571E-01 -1.296939E-01 9.403575E-01 2.460872E-02 4.685981E-04 4.255980E+00 8.773079E+00 
1.796632E-01 6.847787E-03 3.085177E-01 1.885732E-01 -1.358111E+00 5.946392E-01 -1.022207E-01 9.364664E-01 3.013443E-02 6.362757E-04 3.859531E+00 8.667128E+00 
1.754870E-01 4.526548E-03 3.136621E-01 1.852764E-01 -1.298555E+00 5.997366E-01 -1.271211E-01 9.512506E-01 2.784813E-02 4.495929E-04 4.251825E+00 8.891288E+00 
1.751600E-01 5.285736E-03 3.077980E-01 1.819664E-01 -1.425853E+00 5.823338E-01 -1.223459E-01 9.633487E-01 2.760644E-02 9.173254E-04 4.188780E+00 8.587255E+00 
1.749520E-01 5.569657E-03 3.436286E-01 1.860405E-01 -1.416033E+00 5.839882E-01 -1.237302E-01 9.616039E-01 2.681262E-02 3.972372E-04 4.033226E+00 8.638551E+00 
1.805014E-01 3.641269E-03 3.280506E-01 1.822217E-01 -1.432596E+00 5.911441E-01 -1.401169E-01 9.510310E-01 2.796566E-02 1.029053E-03 3.918850E+00 9.055711E+00 
1.724298E-01 3.201563E-03 3.382262E-01 1.836335E-01 -1.389561E+00 5.965632E-01 -8.487010E-02 9.404852E-01 2.823190E-02 8.497992E-04 4.009145E+00 9.305385E+00 
1.740496E-01 4.704228E-03 3.142396E-01 1.789261E-01 -1.374374E+00 5.768541E-01 -1.325361E-01 9.560872E-01 2.934261E-02 5.466575E-04 4.171464E+00 8.645320E+00 
1.770687E-01 4.912157E-03 3.015018E-01 1.809550E-01 -1.396416E+00 5.775705E-01 -1.157866E-01 9.128262E-01 2.742081E-02 5.084863E-04 4.098758E+00 8.921499E+00 
1.813224E-01 4.249939E-03 3.343824E-01 1.824521E-01 -1.393758E+00 5.909553E-01 -1.529451E-01 9.438593E-01 2.937128E-02 8.117054E-04 4.221337E+00 9.396544E+00 
1.651419E-01 4.454252E-03 3.285716E-01 1.796262E-01 -1.444819E+00 5.900643E-01 -1.512974E-01 9.467577E-01 2.318632E-02 6.674824E-04 4.186954E+00 8.901677E+00 
1.736680E-01 3.579778E-03 3.013838E-01 1.863622E-01 -1.372647E+00 5.686018E-01 -1.135467E-01 9.613554E-01 2.751168E-02 3.672833E-04 4.266039E+00 8.576383E+00 
1.809913E-01 4.247307E-03 3.441919E-01 1.828192E-01 -1.486897E+00 5.943067E-01 -1.591581E-01 9.272223E-01 2.532921E-02 2.539728E-03 4.251314E+00 9.227460E+00 
1.624714E-01 2.993360E-03 3.100425E-01 1.788004E-01 -1.500024E+00 5.854631E-01 -1.396049E-01 9.475045E-01 2.720435E-02 0.000000E+00 4.239096E+00 9.888752E+00 
1.739036E-01 5.132102E-03 3.290636E-01 1.785956E-01 -1.431170E+00 5.834873E-01 -1.203125E-01 9.417290E-01 2.661282E-02 7.851649E-04 3.748374E+00 8.880020E+00 
1.771946E-01 4.463511E-03 3.201279E-01 1.815601E-01 -1.464183E+00 5.941818E-01 -1.324425E-01 9.596407E-01 2.608499E-02 6.518002E-04 4.014468E+00 9.071485E+00 
1.723689E-01 4.394078E-03 3.398774E-01 1.803155E-01 -1.416152E+00 5.716176E-01 -1.252328E-01 9.320600E-01 2.977986E-02 6.406630E-04 4.027465E+00 8.764120E+00 
1.656784E-01 4.596413E-03 2.983955E-01 1.810532E-01 -1.381617E+00 5.843868E-01 -1.853246E-01 9.233803E-01 2.835108E-02 1.619823E-03 3.913065E+00 7.910650E+00 
1.645716E-01 6.329989E-03 3.320681E-01 1.795843E-01 -1.388548E+00 5.958635E-01 -1.438159E-01 9.184542E-01 2.780584E-02 5.193406E-04 4.073566E+00 8.491041E+00 
1.599738E-01 5.531771E-03 3.148903E-01 1.839074E-01 -1.424817E+00 5.801304E-01 -1.366541E-01 9.712865E-01 2.395753E-02 5.155169E-04 4.017967E+00 8.895746E+00 
1.729557E-01 4.167525E-03 3.257461E-01 1.833279E-01 -1.385121E+00 5.911024E-01 -1.463505E-01 9.461533E-01 2.822381E-02 8.177086E-04 3.901301E+00 8.682145E+00 
1.747041E-01 6.744452E-03 3.420931E-01 1.779235E-01 -1.337408E+00 5.676582E-01 -1.261928E-01 9.340255E-01 2.767950E-02 7.178647E-04 3.957814E+00 9.524492E+00 
1.800922E-01 6.288680E-03 3.157625E-01 1.862601E-01 -1.350379E+00 5.882057E-01 -1.475780E-01 9.185218E-01 2.784761E-02 8.701090E-04 4.511756E+00 8.686229E+00 
1.848986E-01 9.438177E-03 3.264481E-01 1.842514E-01 -1.402009E+00 5.942249E-01 -1.641743E-01 9.476244E-01 2.821309E-02 7.012522E-04 4.279733E+00 8.615396E+00 
1.824020E-01 3.707924E-03 3.217216E-01 1.813550E-01 -1.388096E+00 5.889124E-01 -1.641087E-01 9.714823E-01 2.644026E-02 6.603708E-04 3.655309E+00 8.632337E+00 
1.829276E-01 4.245786E-03 3.364269E-01 1.809687E-01 -1.409963E+00 5.912461E-01 -1.899940E-01 9.282280E-01 2.683284E-02 3.711799E-04 4.022770E+00 9.322492E+00 
1.720777E-01 4.964571E-03 3.232288E-01 1.825948E-01 -1.407642E+00 5.695672E-01 -1.197905E-01 9.003469E-01 2.892055E-02 9.988501E-04 4.089009E+00 8.913047E+00 
1.638134E-01 3.217212E-03 3.166720E-01 1.856733E-01 -1.453112E+00 5.769594E-01 -1.586149E-01 1.008800E+00 2.553317E-02 5.988896E-04 3.918871E+00 8.599098E+00 
1.765536E-01 5.651016E-03 3.157805E-01 1.832060E-01 -1.413918E+00 5.917891E-01 -1.997232E-01 9.578159E-01 2.709668E-02 6.663225E-04 3.810511E+00 8.514283E+00 
1.681149E-01 4.863223E-03 3.369123E-01 1.850731E-01 -1.404614E+00 5.884271E-01 -1.691329E-01 9.542131E-01 2.689028E-02 5.295514E-04 4.315694E+00 8.839235E+00 
1.799810E-01 4.631462E-03 3.230969E-01 1.848518E-01 -1.370351E+00 5.881421E-01 -1.506562E-01 9.519009E-01 2.934331E-02 1.202333E-03 4.068684E+00 8.305496E+00 
1.718552E-01 4.844984E-03 3.239870E-01 1.804031E-01 -1.443346E+00 5.803441E-01 -9.301150E-02 8.918864E-01 2.768674E-02 6.041414E-04 4.178748E+00 8.855484E+00 
1.779036E-01 4.453551E-03 3.324378E-01 1.851053E-01 -1.405204E+00 5.916900E-01 -1.013559E-01 9.857682E-01 2.908166E-02 9.043624E-04 4.174774E+00 8.898447E+00 
1.669177E-01 4.804106E-03 3.684904E-01 1.843849E-01 -1.422191E+00 5.963304E-01 -1.868537E-01 9.542680E-01 2.824082E-02 6.575478E-04 4.015405E+00 8.903578E+00 
1.828309E-01 3.360056E-03 3.326125E-01 1.841849E-01 -1.424010E+00 5.762420E-01 -1.355043E-01 1.038147E+00 2.678098E-02 1.079166E-03 4.219483E+00 9.136166E+00 
1.907531E-01 5.003885E-03 3.462746E-01 1.825512E-01 -1.383187E+00 6.000000E-01 -1.647754E-01 9.493764E-01 2.721624E-02 5.202776E-04 3.886595E+00 8.674635E+00 
1.866277E-01 4.690144E-03 3.229358E-01 1.848708E-01 -1.370996E+00 5.878611E-01 -1.055233E-01 9.575655E-01 2.833465E-02 1.349687E-04 4.206788E+00 9.083159E+00 
1.741494E-01 7.166496E-03 3.423952E-01 1.851664E-01 -1.411325E+00 5.812964E-01 -1.467194E-01 9.519214E-01 3.053800E-02 6.150087E-04 4.130822E+00 8.763487E+00 
1.661143E-01 5.165266E-03 3.244089E-01 1.804951E-01 -1.492893E+00 5.795532E-01 -1.252612E-01 9.255923E-01 2.689708E-02 4.679985E-04 3.945286E+00 8.864687E+00 
1.787158E-01 6.055973E-03 3.251296E-01 1.884418E-01 -1.492936E+00 5.881863E-01 -1.534237E-01 9.849289E-01 2.671374E-02 6.867518E-04 4.381794E+00 9.427551E+00 
1.789241E-01 3.651873E-03 3.384708E-01 1.859696E-01 -1.350808E+00 5.952354E-01 -1.640670E-01 9.490631E-01 2.666575E-02 5.749150E-04 4.237399E+00 8.614595E+00 
1.719030E-01 5.485089E-03 3.191540E-01 1.802526E-01 -1.403292E+00 5.864653E-01 -1.350590E-01 9.370330E-01 2.793483E-02 6.941964E-04 3.911030E+00 8.418338E+00 
1.792445E-01 5.089402E-03 3.066086E-01 1.812725E-01 -1.396386E+00 5.854832E-01 -1.235846E-01 9.298737E-01 2.862617E-02 4.471149E-04 4.170315E+00 8.474196E+00 
1.721374E-01 4.164366E-03 3.351891E-01 1.843755E-01 -1.387873E+00 5.848165E-01 -1.320821E-01 1.016618E+00 2.721110E-02 9.257419E-05 3.772466E+00 8.448415E+00 
1.807082E-01 4.986235E-03 3.369883E-01 1.835510E-01 -1.300620E+00 5.589669E-01 -1.760679E-01 8.774427E-01 2.812726E-02 7.128085E-04 3.999757E+00 8.835615E+00 
1.757430E-01 3.681648E-03 3.261268E-01 1.863928E-01 -1.432929E+00 5.893695E-01 -1.476876E-01 9.746584E-01 2.519460E-02 8.392466E-04 4.097696E+00 9.303973E+00 
1.835851E-01 4.067256E-03 3.296211E-01 1.893898E-01 -1.412436E+00 5.761612E-01 -1.554680E-01 9.755135E-01 2.599775E-02 5.100133E-04 4.214717E+00 8.649091E+00 
1.846041E-01 4.120626E-03 3.150714E-01 1.856078E-01 -1.381590E+00 5.890327E-01 -1.086589E-01 9.696635E-01 2.746565E-02 8.523702E-04 3.996410E+00 8.725467E+00 
1.809631E-01 6.829751E-03 3.065493E-01 1.830307E-01 -1.305377E+00 5.838864E-01 -1.503684E-01 9.725852E-01 3.036687E-02 1.767345E-03 4.132768E+00 9.129504E+00 
1.599267E-01 4.922450E-03 3.245899E-01 1.865167E-01 -1.425995E+00 5.933195E-01 -1.976077E-01 9.383727E-01 3.012244E-02 4.329952E-04 4.251696E+00 8.802172E+00 
1.510906E-01 4.521609E-03 3.174880E-01 1.820652E-01 -1.460684E+00 5.913045E-01 -1.818728E-01 9.964948E-01 2.638727E-02 8.576820E-04 4.254083E+00 8.547471E+00 
1.693081E-01 4.266305E-03 3.052694E-01 1.820185E-01 -1.342827E+00 5.759002E-01 -1.468095E-01 9.801355E-01 2.733349E-02 5.299066E-04 4.025956E+00 8.953532E+00 
1.858508E-01 4.070119E-03 3.289182E-01 1.861688E-01 -1.472817E+00 5.850167E-01 -1.372793E-01 9.086293E-01 2.743681E-02 7.650797E-04 4.260886E+00 9.325104E+00 
1.637718E-01 5.138840E-03 3.181753E-01 1.816538E-01 -1.372233E+00 5.740833E-01 -1.475913E-01 1.022267E+00 3.029804E-02 1.050696E-03 4.076180E+00 8.586077E+00 
1.723201E-01 5.265786E-03 3.359454E-01 1.855801E-01 -1.504785E+00 5.664680E-01 -1.833312E-01 9.455012E-01 2.792701E-02 6.558141E-04 4.116887E+00 8.935754E+00 
1.795635E-01 3.769852E-03 3.246977E-01 1.846556E-01 -1.415657E+00 5.910632E-01 -1.421765E-01 9.270296E-01 2.727155E-02 6.212333E-04 3.527524E+00 8.656500E+00 
1.677187E-01 5.335462E-03 3.139213E-01 1.868048E-01 -1.436838E+00 5.838629E-01 -1.096019E-01 1.005958E+00 2.770185E-02 4.736753E-04 3.855439E+00 8.654076E+00 
1.661002E-01 5.062525E-03 3.294236E-01 1.839975E-01 -1.358049E+00 5.842362E-01 -1.509857E-01 9.467814E-01 3.050819E-02 4.392805E-04 3.946791E+00 8.693131E+00 
1.805856E-01 7.576642E-03 3.457808E-01 1.797574E-01 -1.452229E+00 5.785455E-01 -1.474760E-01 9.574787E-01 2.731005E-02 1.467178E-03 4.154939E+00 8.788322E+00 
1.759441E-01 5.112804E-03 3.368587E-01 1.844101E-01 -1.400616E+00 5.737389E-01 -1.403847E-01 9.291353E-01 2.801717E-02 7.793377E-04 4.194555E+00 8.982656E+00 
1.700431E-01 4.938552E-03 3.235915E-01 1.840763E-01 -1.404564E+00 5.829721E-01 -1.134694E-01 9.240915E-01 2.899844E-02 6.282123E-04 3.970245E+00 9.316484E+00 
1.602072E-01 5.374723E-03 3.430395E-01 1.833562E-01 -1.511907E+00 5.927014E-01 -1.277215E-01 9.794846E-01 2.806447E-02 4.746449E-04 4.457829E+00 8.887232E+00 
1.861293E-01 5.309663E-03 3.380020E-01 1.854833E-01 -1.310754E+00 5.961612E-01 -1.410148E-01 9.537645E-01 2.772679E-02 3.368466E-04 4.975746E+00 8.347741E+00 
1.715515E-01 5.596276E-03 3.402676E-01 1.836955E-01 -1.372246E+00 5.979874E-01 -1.568043E-01 9.395647E-01 2.839012E-02 7.397925E-04 4.134581E+00 8.887256E+00 
1.715733E-01 2.734477E-03 3.432483E-01 1.802067E-01 -1.435400E+00 5.919666E-01 -1.413422E-01 9.405611E-01 2.819811E-02 6.392296E-04 4.183955E+00 8.952140E+00 
1.668886E-01 6.851613E-03 3.235015E-01 1.834419E-01 -1.410113E+00 5.653273E-01 -1.431380E-01 9.696982E-01 2.817462E-02 8.483170E-04 4.103989E+00 8.279079E+00 
1.765086E-01 5.650588E-03 3.250152E-01 1.847183E-01 -1.382226E+00 5.820439E-01 -1.453279E-01 9.492927E-01 2.766338E-02 8.223644E-04 4.127695E+00 8.709475E+00 
1.699761E-01 6.475995E-03 3.428943E-01 1.647931E-01 -1.443844E+00 5.868267E-01 -1.600158E-01 9.105954E-01 2.769502E-02 6.529953E-04 3.847661E+00 9.476225E+00 
1.820047E-01 5.431226E-03 3.201838E-01 1.879715E-01 -1.437751E+00 5.945564E-01 -1.375183E-01 9.317955E-01 2.741488E-02 8.896862E-04 4.097440E+00 8.992890E+00 
1.759300E-01 3.266028E-03 3.202682E-01 1.824288E-01 -1.421055E+00 5.885592E-01 -1.384740E-01 9.578192E-01 2.728691E-02 1.248825E-03 4.298855E+00 8.115584E+00 
1.780021E-01 4.660642E-03 3.326182E-01 1.849903E-01 -1.297588E+00 5.886934E-01 -1.341957E-01 9.938403E-01 2.988263E-02 3.663219E-04 4.158855E+00 8.829463E+00 
1.705663E-01 5.237287E-03 3.357140E-01 1.829201E-01 -1.440941E+00 5.814852E-01 -1.281232E-01 9.406751E-01 2.648200E-02 1.639231E-04 3.805716E+00 9.261330E+00 
1.879886E-01 5.620745E-03 3.326472E-01 1.814051E-01 -1.421422E+00 5.826080E-01 -1.517397E-01 9.523217E-01 2.716803E-02 4.654511E-04 4.055453E+00 8.615940E+00 
1.868072E-01 4.628716E-03 3.128472E-01 1.855859E-01 -1.383059E+00 5.788949E-01 -1.429203E-01 9.594751E-01 2.594999E-02 1.051632E-03 4.214128E+00 8.791279E+00 
1.771027E-01 3.968215E-03 3.083893E-01 1.838980E-01 -1.362248E+00 5.786206E-01 -1.536535E-01 9.722153E-01 2.738090E-02 6.734463E-04 4.013519E+00 8.495376E+00 
1.884064E-01 5.924111E-03 3.529177E-01 1.878570E-01 -1.420447E+00 5.982767E-01 -1.655596E-01 9.647478E-01 2.506047E-02 4.385998E-04 4.573816E+00 9.089382E+00 
1.746714E-01 5.002975E-03 3.647940E-01 1.838891E-01 -1.248924E+00 5.824228E-01 -1.696811E-01 9.230458E-01 2.806984E-02 5.214769E-04 3.987806E+00 8.464022E+00 
1.721311E-01 4.241908E-03 3.305626E-01 1.808911E-01 -1.400175E+00 5.500370E-01 -1.643834E-01 9.530551E-01 2.524159E-02 8.372269E-04 3.635450E+00 8.662607E+00 
1.696253E-01 5.343170E-03 3.247215E-01 1.867168E-01 -1.340005E+00 5.893265E-01 -1.896494E-01 9.317323E-01 2.859134E-02 8.144769E-04 4.398621E+00 8.683482E+00 
7.134875E-02 4.007451E-02 4.137894E-01 1.588707E-01 -1.311039E+00 4.560432E-01 -2.598431E-02 6.897201E-01 2.972776E-02 3.644882E-03 4.015479E+00 1.156605E+01 
1.729684E-01 5.574538E-03 3.316650E-01 1.825979E-01 -1.413246E+00 5.759418E-01 -1.287000E-01 9.156679E-01 2.738933E-02 3.922637E-04 4.445716E+00 8.382656E+00 
1.519916E-01 6.185812E-03 3.361337E-01 1.842757E-01 -1.431919E+00 5.810492E-01 -1.696087E-01 9.274960E-01 2.913916E-02 3.539507E-04 4.117696E+00 8.675096E+00 
1.673091E-01 3.888522E-03 3.389317E-01 1.851388E-01 -1.449161E+00 5.807051E-01 -1.270992E-01 9.228326E-01 2.734226E-02 0.000000E+00 4.172391E+00 8.708757E+00 
1.793695E-01 1.029078E-02 3.428774E-01 1.663962E-01 -1.340290E+00 5.793983E-01 -1.165437E-01 9.223348E-01 2.719710E-02 2.931428E-03 4.011548E+00 9.705321E+00 
1.658210E-01 5.221973E-03 3.219244E-01 1.846716E-01 -1.537323E+00 5.872546E-01 -1.536252E-01 9.821506E-01 2.800807E-02 1.479125E-03 3.776081E+00 8.974526E+00 
1.559571E-01 5.058847E-03 3.439365E-01 1.828089E-01 -1.448488E+00 5.928644E-01 -1.883118E-01 9.487264E-01 2.769002E-02 3.386358E-04 4.005944E+00 8.894289E+00 
1.746512E-01 5.444566E-03 3.108011E-01 1.819163E-01 -1.414911E+00 5.842434E-01 -1.308800E-01 9.627430E-01 2.741485E-02 4.195038E-04 4.271499E+00 8.726160E+00 
1.874584E-01 5.079932E-03 3.474312E-01 1.852117E-01 -1.413269E+00 5.975637E-01 -1.901341E-01 9.589161E-01 2.611009E-02 1.110448E-03 4.167880E+00 8.823359E+00 
1.513008E-01 8.626805E-03 3.324070E-01 1.801458E-01 -1.430917E+00 5.926570E-01 -1.770038E-01 8.927457E-01 2.649659E-02 5.538717E-04 4.035737E+00 9.377955E+00 
1.862183E-01 5.270905E-03 3.272457E-01 1.808959E-01 -1.391180E+00 5.917667E-01 -1.288374E-01 9.672135E-01 2.791466E-02 7.673878E-04 4.149952E+00 8.766105E+00 
1.703434E-01 5.161581E-03 3.335290E-01 1.789351E-01 -1.431867E+00 6.000000E-01 -1.695683E-01 9.441887E-01 2.712786E-02 8.207732E-04 3.532750E+00 9.729035E+00 
1.791125E-01 5.069381E-03 3.244780E-01 1.821738E-01 -1.416493E+00 5.849611E-01 -1.557916E-01 9.711792E-01 2.896914E-02 2.676405E-04 3.989359E+00 8.527151E+00 
1.732301E-01 3.086484E-03 3.342012E-01 1.821842E-01 -1.431971E+00 5.931671E-01 -1.241629E-01 9.375988E-01 2.720047E-02 5.975046E-04 4.264953E+00 8.870451E+00 
1.747731E-01 5.775811E-03 3.206014E-01 1.841927E-01 -1.432179E+00 5.920243E-01 -1.955877E-01 1.070833E+00 2.703794E-02 6.268087E-04 3.742224E+00 8.889593E+00 
1.738632E-01 4.205797E-03 3.150585E-01 1.809749E-01 -1.345382E+00 5.765952E-01 -1.417831E-01 9.423957E-01 2.739643E-02 1.293433E-03 3.958860E+00 8.757651E+00 
1.658122E-01 5.060757E-03 3.227327E-01 1.848774E-01 -1.356055E+00 5.909613E-01 -1.419653E-01 9.558723E-01 2.751954E-02 8.018686E-04 4.083557E+00 8.464568E+00 
1.751236E-01 3.996476E-03 3.190731E-01 1.878483E-01 -1.424728E+00 5.691641E-01 -1.498801E-01 9.734652E-01 2.932245E-02 8.796433E-04 4.143791E+00 1.012083E+01 
1.687929E-01 4.714789E-03 3.368229E-01 1.784621E-01 -1.411836E+00 5.716637E-01 -1.244776E-01 9.332157E-01 2.655219E-02 6.648185E-04 4.100838E+00 9.389102E+00 
1.825154E-01 3.576020E-03 3.115672E-01 1.841948E-01 -1.409593E+00 5.865187E-01 -1.268708E-01 9.611987E-01 2.799506E-02 8.563547E-04 4.299737E+00 8.612639E+00 
1.569492E-01 5.950316E-03 3.395039E-01 1.819287E-01 -1.446652E+00 5.869057E-01 -1.646863E-01 9.567168E-01 2.747288E-02 7.188085E-04 4.034742E+00 1.003801E+01 
1.684323E-01 4.605763E-03 3.440465E-01 1.877443E-01 -1.420841E+00 5.881622E-01 -1.249453E-01 9.495276E-01 2.792702E-02 7.613078E-04 3.900354E+00 8.543886E+00 
1.615004E-01 5.427336E-03 3.723696E-01 1.837213E-01 -1.417527E+00 5.904443E-01 -1.599521E-01 9.177558E-01 2.895650E-02 9.866480E-04 4.239447E+00 8.925174E+00 
1.713854E-01 5.837309E-03 3.137583E-01 1.783503E-01 -1.368791E+00 5.724720E-01 -1.075456E-01 9.489705E-01 2.798712E-02 9.205485E-04 4.066005E+00 9.021823E+00 
1.738129E-01 6.565501E-03 3.366668E-01 1.855006E-01 -1.388777E+00 5.869452E-01 -1.104264E-01 9.451966E-01 2.848883E-02 7.382295E-04 3.722958E+00 8.400748E+00 
1.583134E-01 5.786514E-03 3.304670E-01 1.868200E-01 -1.520036E+00 5.915256E-01 -1.457782E-01 1.031889E+00 2.718314E-02 4.128573E-04 4.254878E+00 8.777895E+00 
1.813000E-01 4.413571E-03 3.259166E-01 1.803399E-01 -1.356413E+00 5.753836E-01 -1.110825E-01 9.292934E-01 2.857736E-02 5.358024E-04 4.116213E+00 8.613032E+00 
1.703098E-01 5.249412E-03 3.404434E-01 1.777181E-01 -1.390589E+00 5.880778E-01 -1.687157E-01 9.082197E-01 2.775797E-02 6.707438E-04 4.180741E+00 8.399695E+00 
1.830902E-01 4.701806E-03 3.324130E-01 1.788328E-01 -1.408899E+00 5.919949E-01 -1.683574E-01 9.716849E-01 2.657668E-02 5.083789E-04 4.237943E+00 8.880542E+00 
1.887882E-01 1.336786E-02 3.250627E-01 1.954368E-01 -1.265466E+00 5.859045E-01 -1.102794E-01 9.133218E-01 2.795166E-02 2.890245E-04 5.642400E+00 8.675352E+00 
1.486146E-01 5.908636E-03 3.376817E-01 1.716342E-01 -1.396784E+00 5.411431E-01 -1.023241E-01 9.070342E-01 3.234154E-02 1.031545E-03 4.180974E+00 9.052384E+00 
1.688577E-01 4.538427E-03 3.483302E-01 1.808075E-01 -1.379508E+00 5.747351E-01 -1.282348E-01 9.616127E-01 2.822372E-02 1.432802E-04 4.024559E+00 8.525115E+00 
1.787907E-01 3.771966E-03 3.238715E-01 1.806260E-01 -1.493709E+00 5.790504E-01 -1.615981E-01 9.433648E-01 2.852382E-02 6.838544E-04 4.097149E+00 9.231568E+00 
1.651268E-01 6.001176E-03 3.437831E-01 1.843264E-01 -1.289621E+00 5.963330E-01 -1.937590E-01 9.470203E-01 2.613200E-02 1.092573E-03 4.078567E+00 8.678286E+00 
1.725924E-01 6.157700E-03 3.225942E-01 1.842881E-01 -1.491780E+00 5.924167E-01 -1.301436E-01 9.515253E-01 2.657902E-02 4.115702E-04 4.234835E+00 8.221653E+00 
1.734700E-01 4.712590E-03 3.313435E-01 1.831085E-01 -1.374339E+00 5.861410E-01 -1.284151E-01 9.574796E-01 2.730494E-02 4.058062E-04 3.707273E+00 9.315761E+00 
1.757510E-01 5.019122E-03 2.789705E-01 1.828029E-01 -1.217000E+00 5.803404E-01 -1.353945E-01 9.471945E-01 2.686618E-02 5.943438E-04 4.170824E+00 8.856471E+00 
1.730074E-01 5.681611E-03 3.359845E-01 1.840836E-01 -1.446818E+00 5.589615E-01 -1.339571E-01 9.527780E-01 2.904911E-02 7.527850E-04 4.194347E+00 8.740191E+00 
1.800421E-01 5.162861E-03 3.380907E-01 1.863454E-01 -1.414729E+00 5.964467E-01 -1.525662E-01 9.521597E-01 2.871950E-02 8.221533E-04 4.298368E+00 9.087742E+00 
1.533007E-01 5.800126E-03 3.389173E-01 1.881964E-01 -1.329503E+00 5.875493E-01 -1.878641E-01 8.790352E-01 2.832307E-02 7.808696E-04 3.863862E+00 8.464252E+00 
1.562625E-01 6.903949E-03 3.346518E-01 1.642506E-01 -1.449475E+00 5.571035E-01 -1.865447E-01 9.895560E-01 2.851496E-02 3.742013E-03 4.382853E+00 9.667826E+00 
1.738726E-01 5.265288E-03 3.317533E-01 1.793075E-01 -1.374840E+00 5.821216E-01 -1.261718E-01 9.457089E-01 2.915728E-02 6.820420E-04 4.061232E+00 8.082645E+00 
1.628166E-01 2.071140E-03 3.352461E-01 1.843168E-01 -1.357970E+00 5.918873E-01 -1.383695E-01 9.529167E-01 2.700459E-02 8.114702E-04 4.450402E+00 8.342021E+00 
1.654159E-01 5.255384E-03 3.358452E-01 1.804863E-01 -1.387374E+00 5.817384E-01 -1.724423E-01 9.227359E-01 2.685622E-02 7.310344E-04 4.146754E+00 9.332313E+00 
1.760458E-01 4.189708E-03 3.385373E-01 1.852632E-01 -1.354878E+00 5.951927E-01 -1.590873E-01 9.702480E-01 2.728895E-02 6.572123E-04 4.149125E+00 8.151607E+00 
1.830176E-01 5.506689E-03 3.237202E-01 1.846078E-01 -1.423996E+00 5.877711E-01 -1.644133E-01 9.661548E-01 2.734743E-02 1.099082E-03 4.226666E+00 8.737180E+00 
1.901655E-01 4.813345E-03 3.251843E-01 1.815829E-01 -1.352540E+00 5.897998E-01 -1.372272E-01 9.446731E-01 2.868778E-02 8.199098E-04 4.433787E+00 8.363385E+00 
1.753282E-01 3.050338E-03 3.248894E-01 1.873150E-01 -1.396902E+00 5.889875E-01 -1.765920E-01 9.912257E-01 2.690608E-02 8.783633E-04 3.923385E+00 8.763245E+00 
1.837552E-01 4.669005E-03 3.048201E-01 1.802358E-01 -1.392320E+00 5.854099E-01 -1.828665E-01 1.016083E+00 2.797304E-02 1.541490E-04 3.966703E+00 8.953549E+00 
1.707485E-01 4.572612E-03 3.313266E-01 1.830923E-01 -1.325383E+00 5.901923E-01 -1.566281E-01 9.376413E-01 2.816317E-02 1.394492E-03 4.258894E+00 8.270871E+00 
1.739677E-01 3.715867E-03 3.329257E-01 1.800704E-01 -1.401467E+00 5.964231E-01 -1.228146E-01 9.530063E-01 2.741777E-02 4.703763E-04 4.134096E+00 8.761061E+00 
1.598641E-01 4.871017E-03 3.482918E-01 1.807139E-01 -1.406071E+00 5.851169E-01 -1.074736E-01 9.653346E-01 2.826636E-02 8.424446E-04 4.207221E+00 8.048293E+00 
1.776563E-01 4.118722E-03 3.307681E-01 1.865759E-01 -1.346763E+00 5.866107E-01 -1.917509E-01 9.280006E-01 2.684352E-02 1.335221E-03 4.046446E+00 8.576151E+00 
1.868333E-01 3.301769E-03 3.037069E-01 1.856589E-01 -1.432398E+00 5.857174E-01 -1.213336E-01 9.670107E-01 2.675955E-02 8.530531E-04 3.905953E+00 8.775468E+00 
1.647459E-01 3.619021E-03 3.221482E-01 1.795466E-01 -1.385637E+00 5.897751E-01 -1.308392E-01 9.848333E-01 2.726916E-02 9.049916E-04 4.287350E+00 8.750142E+00 
1.801866E-01 2.777626E-03 3.374056E-01 1.870686E-01 -1.444123E+00 5.822307E-01 -1.567028E-01 8.987188E-01 2.752719E-02 5.387610E-04 4.253396E+00 9.854512E+00 
1.658757E-01 6.021384E-03 3.494941E-01 1.831198E-01 -1.372109E+00 5.863788E-01 -1.650515E-01 9.431788E-01 2.855150E-02 5.107414E-04 4.021395E+00 9.028295E+00 
1.837136E-01 6.300718E-03 3.218590E-01 1.802101E-01 -1.402947E+00 5.819042E-01 -1.486253E-01 9.526805E-01 2.868736E-02 6.901807E-04 4.127204E+00 8.658144E+00 
1.635523E-01 4.483864E-03 3.438525E-01 1.781496E-01 -1.441146E+00 5.778615E-01 -1.152187E-01 9.498624E-01 3.086879E-02 4.551862E-04 4.157207E+00 8.450041E+00 
1.666252E-01 3.969066E-03 3.224187E-01 1.805930E-01 -1.305215E+00 5.909202E-01 -1.574903E-01 9.517741E-01 2.701303E-02 5.458956E-04 4.171620E+00 9.144981E+00 
1.751551E-01 6.282947E-03 3.630848E-01 1.858946E-01 -1.361926E+00 5.976864E-01 -1.507608E-01 9.276225E-01 2.639724E-02 1.183472E-03 4.421390E+00 7.894346E+00 
1.710899E-01 5.600813E-03 3.306837E-01 1.816668E-01 -1.362840E+00 5.835235E-01 -1.510086E-01 9.406962E-01 2.805916E-02 6.072478E-04 4.198564E+00 8.394208E+00 
1.779005E-01 6.361543E-03 3.258199E-01 1.880147E-01 -1.426328E+00 5.876284E-01 -1.477399E-01 9.652666E-01 2.745817E-02 7.051188E-04 4.368319E+00 9.164621E+00 
1.670212E-01 4.038562E-03 3.184454E-01 1.843292E-01 -1.350255E+00 5.853635E-01 -1.684321E-01 9.387242E-01 2.758739E-02 6.542920E-04 4.290725E+00 8.712755E+00 
1.770779E-01 6.558585E-03 3.135156E-01 1.862608E-01 -1.419618E+00 5.953454E-01 -1.587010E-01 9.925522E-01 2.687775E-02 9.241492E-04 4.218306E+00 8.866356E+00 
1.651490E-01 4.744436E-03 3.384564E-01 1.827873E-01 -1.401007E+00 5.704314E-01 -9.772273E-02 9.425939E-01 2.913415E-02 1.128302E-03 4.123936E+00 8.683863E+00 
1.680270E-01 4.640510E-03 3.200254E-01 1.845390E-01 -1.435544E+00 5.847036E-01 -1.723315E-01 9.700542E-01 2.530463E-02 1.003370E-03 4.127849E+00 9.078095E+00 
1.654520E-01 5.182107E-03 3.249418E-01 1.848425E-01 -1.236950E+00 5.853579E-01 -1.313494E-01 9.222392E-01 2.739484E-02 5.721178E-04 3.969141E+00 9.120400E+00 
1.590213E-01 5.377107E-03 3.433537E-01 1.853130E-01 -1.331160E+00 5.889607E-01 -1.770661E-01 9.583684E-01 2.615414E-02 5.907982E-04 4.117994E+00 8.594892E+00 
1.671054E-01 6.259368E-03 3.184487E-01 1.819818E-01 -1.352486E+00 5.723626E-01 -1.265713E-01 9.440000E-01 2.838611E-02 3.184400E-04 3.839372E+00 9.013846E+00 
1.726817E-01 2.208956E-03 3.195950E-01 1.859929E-01 -1.446208E+00 5.847150E-01 -1.182947E-01 9.985546E-01 2.802109E-02 1.376783E-04 4.052051E+00 8.973661E+00 
1.687495E-01 6.054532E-03 3.249462E-01 1.786048E-01 -1.364780E+00 5.886318E-01 -8.913386E-02 9.762454E-01 2.853089E-02 2.233918E-03 4.332914E+00 1.028633E+01 
1.889627E-01 5.116623E-03 3.275123E-01 1.742637E-01 -1.379440E+00 5.943306E-01 -1.899659E-01 9.129997E-01 2.605869E-02 4.170981E-04 4.414173E+00 8.891904E+00 
1.691155E-01 5.048544E-03 3.274809E-01 1.818994E-01 -1.484485E+00 5.532622E-01 -1.035238E-01 8.343289E-01 2.885591E-02 1.115266E-03 4.320720E+00 8.193512E+00 
1.798544E-01 3.223216E-03 3.375877E-01 1.814910E-01 -1.422769E+00 5.915066E-01 -1.423685E-01 9.499995E-01 2.907641E-02 1.108733E-03 4.035223E+00 8.494729E+00 
1.651398E-01 4.551134E-03 3.395597E-01 1.846808E-01 -1.393511E+00 5.932795E-01 -1.543453E-01 9.785618E-01 2.817504E-02 5.756208E-04 4.148685E+00 9.010004E+00 
1.786630E-01 5.205570E-03 3.503586E-01 1.899958E-01 -1.346823E+00 5.916834E-01 -1.614736E-01 9.107642E-01 2.449150E-02 1.031928E-03 4.175172E+00 8.753538E+00 
1.660753E-01 5.071308E-03 3.480538E-01 1.805487E-01 -1.459821E+00 5.860762E-01 -1.463084E-01 9.813141E-01 2.880079E-02 1.394327E-03 3.825337E+00 9.219636E+00 
1.771897E-01 5.377026E-03 3.287155E-01 1.867666E-01 -1.454568E+00 5.772008E-01 -1.298311E-01 9.486630E-01 2.669116E-02 8.876743E-04 3.919261E+00 8.366744E+00 
1.780594E-01 4.370103E-03 3.162394E-01 1.816091E-01 -1.354391E+00 5.942970E-01 -1.509547E-01 9.652429E-01 2.887209E-02 7.595766E-04 4.145633E+00 8.144369E+00 
1.801700E-01 4.657708E-03 3.261779E-01 1.833746E-01 -1.343135E+00 5.776373E-01 -1.239784E-01 9.931557E-01 2.833646E-02 1.106400E-03 4.249867E+00 8.535790E+00 
1.758578E-01 5.375893E-03 3.087705E-01 1.846071E-01 -1.423775E+00 5.847539E-01 -1.087396E-01 9.709754E-01 2.890323E-02 7.325438E-04 4.122986E+00 8.760270E+00 
9.234473E-02 1.397294E-02 3.491071E-01 1.645175E-01 -1.392432E+00 3.220141E-01 -6.363382E-02 3.487941E-01 3.170933E-02 9.149083E-04 3.404751E+00 9.712472E+00 
1.566216E-01 3.557991E-02 3.573590E-01 1.580165E-01 -1.310431E+00 4.086893E-01 -6.283051E-02 3.554332E-01 2.878889E-02 1.247534E-03 3.625964E+00 1.371504E+01 
1.614921E-01 5.951463E-03 3.292706E-01 1.684979E-01 -1.419762E+00 5.792738E-01 -1.674684E-01 8.827802E-01 2.952774E-02 5.428880E-04 3.938658E+00 7.998131E+00 
1.703583E-01 5.152841E-03 3.180576E-01 1.818079E-01 -1.473096E+00 5.834897E-01 -1.304206E-01 9.414744E-01 2.859221E-02 1.026190E-03 3.975381E+00 8.763561E+00 
1.678491E-01 6.146128E-03 3.299554E-01 1.813898E-01 -1.409462E+00 5.845722E-01 -1.270464E-01 9.078456E-01 2.722590E-02 2.269307E-03 4.327578E+00 9.046725E+00 
1.725389E-01 4.761647E-03 3.226360E-01 1.828414E-01 -1.391582E+00 5.854631E-01 -1.343686E-01 9.394035E-01 2.592956E-02 6.431533E-04 4.386522E+00 8.679364E+00 
1.720806E-01 4.104956E-03 3.237675E-01 1.859466E-01 -1.382742E+00 5.911706E-01 -1.312994E-01 9.922576E-01 2.619875E-02 1.045553E-03 4.070892E+00 9.073839E+00 
1.751674E-01 4.578280E-03 3.350422E-01 1.823249E-01 -1.389004E+00 5.895349E-01 -1.133478E-01 9.413031E-01 2.918527E-02 7.971527E-04 3.665130E+00 9.123140E+00 
1.723186E-01 1.850831E-03 3.277511E-01 1.851935E-01 -1.373819E+00 5.886708E-01 -1.285979E-01 9.566616E-01 2.634312E-02 6.015187E-04 3.989504E+00 8.663483E+00 
1.740511E-01 5.399220E-03 3.248131E-01 1.827238E-01 -1.493107E+00 5.746056E-01 -1.208893E-01 9.644704E-01 2.765391E-02 3.394868E-04 4.241907E+00 8.514177E+00 
1.716287E-01 6.147061E-03 3.270945E-01 1.833348E-01 -1.376602E+00 5.964052E-01 -1.353385E-01 9.600913E-01 2.797594E-02 6.672152E-04 4.100317E+00 8.312987E+00 
1.594111E-01 4.890504E-03 3.463804E-01 1.806658E-01 -1.419649E+00 5.846944E-01 -1.448852E-01 9.635565E-01 2.674689E-02 1.680335E-03 4.320030E+00 9.037499E+00 
1.573703E-01 6.938957E-03 3.353017E-01 1.765776E-01 -1.363378E+00 5.819868E-01 -8.756481E-02 9.341801E-01 2.943456E-02 3.578440E-03 3.600223E+00 9.169214E+00 
1.741816E-01 5.738042E-03 3.111597E-01 1.901975E-01 -1.393798E+00 5.725072E-01 -1.464241E-01 9.503455E-01 2.928759E-02 5.992394E-04 4.233587E+00 8.961587E+00 
1.730859E-01 4.891913E-03 3.156396E-01 1.853056E-01 -1.311183E+00 5.887517E-01 -1.649551E-01 9.619094E-01 2.688403E-02 9.491292E-04 4.130643E+00 8.957036E+00 
1.783372E-01 4.372828E-03 3.271063E-01 1.879606E-01 -1.372833E+00 6.000000E-01 -1.520082E-01 9.665349E-01 2.830233E-02 1.041880E-03 4.172710E+00 8.965527E+00 
1.782067E-01 3.842622E-03 3.309612E-01 1.842176E-01 -1.392108E+00 5.771400E-01 -1.279157E-01 9.401044E-01 2.797822E-02 6.687208E-04 3.991948E+00 8.209277E+00 
1.711912E-01 4.989637E-03 3.346502E-01 1.828610E-01 -1.515114E+00 5.856820E-01 -1.098558E-01 9.335341E-01 3.091659E-02 1.035071E-03 4.034810E+00 8.328126E+00 
1.782357E-01 5.520801E-03 3.111995E-01 1.800679E-01 -1.353301E+00 5.812961E-01 -1.473707E-01 9.282884E-01 2.731391E-02 6.393054E-04 3.978053E+00 8.841263E+00 
1.768814E-01 5.205796E-03 3.313577E-01 1.825988E-01 -1.396214E+00 5.569152E-01 -1.392385E-01 9.530818E-01 2.922074E-02 3.826861E-04 4.074221E+00 8.876203E+00 
1.819399E-01 4.626522E-03 3.303113E-01 1.851553E-01 -1.456330E+00 5.844893E-01 -1.496063E-01 9.357515E-01 2.710346E-02 7.225407E-04 3.979221E+00 8.568200E+00 
1.723130E-01 8.499805E-03 3.386951E-01 1.793789E-01 -1.411051E+00 5.761720E-01 -1.494264E-01 9.759189E-01 2.605944E-02 1.823227E-04 4.007476E+00 8.668002E+00 
1.698353E-01 6.660437E-03 3.180140E-01 1.820075E-01 -1.435594E+00 5.932269E-01 -1.531890E-01 8.736466E-01 2.650163E-02 8.207681E-04 4.344217E+00 9.193176E+00 
1.761857E-01 4.861476E-03 3.327540E-01 1.808084E-01 -1.489277E+00 5.731235E-01 -1.478598E-01 9.602437E-01 2.888499E-02 3.791633E-04 4.225844E+00 9.198303E+00 
1.762958E-01 4.809422E-03 3.314068E-01 1.873947E-01 -1.338417E+00 5.807499E-01 -1.482669E-01 9.557049E-01 2.970471E-02 6.950131E-04 4.199027E+00 8.663105E+00 
1.780711E-01 5.657654E-03 3.217143E-01 1.792238E-01 -1.356124E+00 5.869994E-01 -1.251001E-01 9.328489E-01 2.738085E-02 6.177873E-04 3.817838E+00 8.499975E+00 
1.746456E-01 4.820014E-03 3.382294E-01 1.855856E-01 -1.386415E+00 5.922468E-01 -1.379723E-01 9.662874E-01 2.703421E-02 6.125946E-04 4.448703E+00 9.038387E+00 
1.732256E-01 4.025968E-03 3.328004E-01 1.825925E-01 -1.350499E+00 5.945920E-01 -1.252556E-01 9.545724E-01 2.806800E-02 9.117549E-04 3.593875E+00 8.880664E+00 
1.722456E-01 4.785530E-03 3.186494E-01 1.871457E-01 -1.427606E+00 5.773999E-01 -1.170245E-01 9.549272E-01 2.999569E-02 4.308959E-04 4.291056E+00 8.962621E+00 
1.838313E-01 3.884435E-03 3.096110E-01 1.860379E-01 -1.353165E+00 5.900016E-01 -1.801262E-01 9.567105E-01 2.862360E-02 1.157388E-03 3.927005E+00 8.986892E+00 
9.777368E-02 1.145295E-02 3.304712E-01 1.697632E-01 -1.424793E+00 5.547556E-01 -1.237710E-01 9.123228E-01 2.997138E-02 2.190807E-03 3.536755E+00 1.100014E+01 
1.817943E-01 5.682795E-03 3.289068E-01 1.798402E-01 -1.276226E+00 5.859259E-01 -1.383219E-01 9.270759E-01 2.752443E-02 5.416446E-04 4.046055E+00 9.022259E+00 
1.738166E-01 4.469930E-03 3.235513E-01 1.895344E-01 -1.397153E+00 5.907780E-01 -1.312374E-01 9.691199E-01 2.694282E-02 1.132612E-03 4.023406E+00 8.642146E+00 
1.680461E-01 5.312105E-03 3.440317E-01 1.869219E-01 -1.377701E+00 5.891442E-01 -1.594852E-01 9.582315E-01 2.643477E-02 7.916320E-04 4.326386E+00 8.389443E+00 
1.803113E-01 6.091823E-03 3.221675E-01 1.767918E-01 -1.411516E+00 5.835255E-01 -1.066170E-01 9.263435E-01 2.708373E-02 8.916523E-04 3.773534E+00 8.709618E+00 
1.676424E-01 3.531176E-03 3.321288E-01 1.829618E-01 -1.465470E+00 5.803428E-01 -1.496975E-01 9.487860E-01 2.744300E-02 4.822769E-04 4.194003E+00 8.763326E+00 
1.838263E-01 6.110416E-03 3.189284E-01 1.885456E-01 -1.423095E+00 5.838265E-01 -1.454102E-01 9.203175E-01 2.747598E-02 9.343755E-04 4.146870E+00 8.395290E+00 
1.633916E-01 4.634739E-03 3.219484E-01 1.802750E-01 -1.403925E+00 5.834968E-01 -1.629921E-01 9.642855E-01 2.754619E-02 1.003094E-03 4.130327E+00 9.019881E+00 
1.809104E-01 5.321919E-03 3.354027E-01 1.886375E-01 -1.514414E+00 5.832658E-01 -1.162901E-01 9.770932E-01 2.738107E-02 6.720315E-04 3.999807E+00 8.634667E+00 
1.477491E-01 5.664782E-03 3.508248E-01 1.814542E-01 -1.478701E+00 5.923374E-01 -1.496435E-01 9.394842E-01 3.064832E-02 2.731769E-03 4.132656E+00 8.942044E+00 
1.815307E-01 5.314770E-03 3.276859E-01 1.901355E-01 -1.335731E+00 5.963556E-01 -1.654821E-01 9.545830E-01 2.827955E-02 1.433366E-04 4.444592E+00 8.491313E+00 
1.670349E-01 5.036305E-03 3.411791E-01 1.830115E-01 -1.340883E+00 5.865131E-01 -1.686297E-01 9.240720E-01 2.774925E-02 1.350066E-03 3.999116E+00 8.638740E+00 
1.684612E-01 1.236014E-02 3.487656E-01 1.674166E-01 -1.395894E+00 5.180326E-01 -1.096137E-01 6.786203E-01 2.949173E-02 8.799614E-04 3.794022E+00 9.512249E+00 
1.707641E-01 9.821206E-03 3.438815E-01 1.826988E-01 -1.374211E+00 5.874069E-01 -1.374550E-01 9.290265E-01 2.906513E-02 7.062184E-04 4.199850E+00 9.258695E+00 
1.696188E-01 4.511132E-03 3.482659E-01 1.822270E-01 -1.432294E+00 5.967557E-01 -1.390870E-01 9.421920E-01 2.607889E-02 8.413282E-04 3.781335E+00 8.183028E+00 
1.660614E-01 5.445989E-03 3.501492E-01 1.850467E-01 -1.431220E+00 5.945464E-01 -1.961991E-01 9.492909E-01 2.784180E-02 1.055080E-03 4.195293E+00 8.993036E+00 
1.608061E-01 5.250273E-03 3.577723E-01 1.827991E-01 -1.333113E+00 5.884389E-01 -1.867961E-01 9.213294E-01 2.699197E-02 2.606826E-04 4.152400E+00 8.758792E+00 
1.677536E-01 5.548908E-03 3.472153E-01 1.849787E-01 -1.521371E+00 5.890483E-01 -1.296878E-01 9.411593E-01 2.552178E-02 7.652161E-04 4.131780E+00 8.648679E+00 
1.591933E-01 5.840466E-03 3.172634E-01 1.794713E-01 -1.400304E+00 5.797342E-01 -1.703292E-01 9.648117E-01 2.883601E-02 1.019437E-03 4.055726E+00 8.905972E+00 
1.766781E-01 4.336949E-03 3.196567E-01 1.853369E-01 -1.356208E+00 5.807721E-01 -1.338531E-01 9.286816E-01 2.836556E-02 3.919477E-04 4.186079E+00 7.780001E+00 
1.764289E-01 4.131838E-03 3.361008E-01 1.823148E-01 -1.559396E+00 5.889740E-01 -8.385324E-02 9.173304E-01 2.584055E-02 1.896083E-04 4.334875E+00 8.842017E+00 
1.912300E-01 5.600181E-03 3.333290E-01 1.862697E-01 -1.362537E+00 5.915019E-01 -1.638165E-01 9.636377E-01 2.817084E-02 5.470770E-04 4.123926E+00 8.675417E+00 
1.711362E-01 3.327673E-03 3.302021E-01 1.872825E-01 -1.389932E+00 5.926591E-01 -1.662168E-01 9.748380E-01 2.620940E-02 1.186196E-03 4.320050E+00 9.049340E+00 
1.739240E-01 6.033887E-03 3.405286E-01 1.816468E-01 -1.438991E+00 5.878649E-01 -1.292478E-01 9.508550E-01 2.605080E-02 6.630322E-04 4.205747E+00 9.331100E+00 
1.763473E-01 5.012366E-03 3.236984E-01 1.847310E-01 -1.377673E+00 5.925683E-01 -1.175672E-01 9.816643E-01 2.820565E-02 8.070818E-04 4.044837E+00 9.068629E+00 
1.701424E-01 6.023433E-03 3.186308E-01 1.846833E-01 -1.419837E+00 5.814117E-01 -1.093061E-01 9.917109E-01 2.803612E-02 6.297312E-04 4.020471E+00 8.898744E+00 
1.746319E-01 5.393484E-03 3.320378E-01 1.886061E-01 -1.443828E+00 5.794270E-01 -1.552253E-01 9.399459E-01 2.679543E-02 7.406338E-04 4.563764E+00 9.203490E+00 
1.719466E-01 5.627104E-03 3.064730E-01 1.835214E-01 -1.389197E+00 5.714203E-01 -1.247950E-01 9.492619E-01 2.833363E-02 1.036899E-03 3.839760E+00 8.868665E+00 
1.593924E-01 4.897090E-03 3.369767E-01 1.875646E-01 -1.381740E+00 5.862178E-01 -1.631545E-01 9.498047E-01 2.731540E-02 1.149331E-03 3.743417E+00 8.339886E+00 
1.828918E-01 5.312029E-03 3.343165E-01 1.854347E-01 -1.388264E+00 5.975073E-01 -8.644121E-02 8.924642E-01 2.705479E-02 4.265952E-04 4.309055E+00 8.978433E+00 
1.722513E-01 6.443046E-03 3.425735E-01 1.807960E-01 -1.414394E+00 5.951531E-01 -1.252671E-01 9.810221E-01 2.620912E-02 1.062062E-03 3.987692E+00 8.484072E+00 
1.604350E-01 3.705434E-03 3.310930E-01 1.856088E-01 -1.388639E+00 5.894860E-01 -1.224984E-01 9.232069E-01 2.846897E-02 6.709908E-04 3.869204E+00 9.152028E+00 
1.741296E-01 5.401761E-03 3.416870E-01 1.856653E-01 -1.435075E+00 5.977168E-01 -1.283004E-01 9.368848E-01 2.784705E-02 2.493119E-04 4.180985E+00 9.115633E+00 
1.757149E-01 3.512127E-03 3.269814E-01 1.837135E-01 -1.427562E+00 5.762014E-01 -1.274047E-01 9.679496E-01 2.768132E-02 6.162840E-04 3.970493E+00 9.126734E+00 
1.637050E-01 4.705412E-03 3.297468E-01 1.812490E-01 -1.431195E+00 5.888153E-01 -1.505622E-01 9.636297E-01 2.675144E-02 7.254282E-04 4.172274E+00 8.921800E+00 
1.824255E-01 5.305059E-03 3.310460E-01 1.795715E-01 -1.412779E+00 5.875827E-01 -1.400684E-01 9.495893E-01 2.873264E-02 9.898550E-04 3.958449E+00 8.465623E+00 
1.723587E-01 4.844782E-03 3.300112E-01 1.854775E-01 -1.425746E+00 5.938340E-01 -1.638476E-01 9.268017E-01 2.814841E-02 7.370683E-04 4.102960E+00 8.961735E+00 
1.661301E-01 4.138652E-03 3.216772E-01 1.857063E-01 -1.410597E+00 5.880626E-01 -1.440067E-01 9.422263E-01 2.974523E-02 1.106321E-03 3.988992E+00 8.758383E+00 
1.685754E-01 8.220387E-03 3.319557E-01 1.840244E-01 -1.306243E+00 5.809999E-01 -1.383719E-01 9.401467E-01 2.699295E-02 6.350553E-04 4.308338E+00 8.242928E+00 
1.604921E-01 3.433040E-03 3.272853E-01 1.808524E-01 -1.356137E+00 5.809551E-01 -1.329109E-01 9.938754E-01 2.699605E-02 5.205865E-04 4.015425E+00 8.852148E+00 
1.628447E-01 6.041426E-03 3.368451E-01 1.877841E-01 -1.393817E+00 5.903210E-01 -1.750036E-01 9.210202E-01 2.845572E-02 1.465770E-04 4.118047E+00 8.367758E+00 
1.618851E-01 4.592478E-03 3.337782E-01 1.818729E-01 -1.397331E+00 5.922862E-01 -1.520973E-01 8.902050E-01 2.627668E-02 5.999660E-04 3.684549E+00 9.301561E+00 
1.679705E-01 6.859933E-03 3.245316E-01 1.921604E-01 -1.449545E+00 5.875989E-01 -1.641289E-01 9.606870E-01 2.955037E-02 1.346482E-03 4.267024E+00 8.223225E+00 
1.750452E-01 4.617785E-03 3.307488E-01 1.823124E-01 -1.394027E+00 5.970022E-01 -1.233113E-01 9.484273E-01 2.791695E-02 6.932709E-04 4.186583E+00 8.617241E+00 
1.686511E-01 5.066910E-03 3.206181E-01 1.816690E-01 -1.430359E+00 5.887563E-01 -1.507383E-01 9.564113E-01 2.867403E-02 6.859794E-04 4.192098E+00 8.677674E+00 
1.763085E-01 4.099181E-03 3.361079E-01 1.873177E-01 -1.483323E+00 5.859260E-01 -1.522998E-01 9.143432E-01 2.490052E-02 8.509365E-04 4.328237E+00 9.045940E+00 
1.672391E-01 5.559129E-03 3.272161E-01 1.874003E-01 -1.331443E+00 5.886753E-01 -1.207190E-01 9.828265E-01 2.726314E-02 9.229089E-04 4.218672E+00 8.604122E+00 
1.840182E-01 4.324588E-03 3.255963E-01 1.838312E-01 -1.386516E+00 5.941760E-01 -1.400089E-01 9.848773E-01 2.880925E-02 5.185818E-04 4.392882E+00 8.950015E+00 
1.675189E-01 6.245922E-03 3.175422E-01 1.824812E-01 -1.413575E+00 5.824482E-01 -9.976530E-02 8.827610E-01 2.531841E-02 7.490354E-04 4.290483E+00 9.285837E+00 
1.682951E-01 6.040935E-03 3.305131E-01 1.806527E-01 -1.391553E+00 5.929659E-01 -1.737473E-01 9.420204E-01 2.757958E-02 5.890427E-04 4.347203E+00 8.660951E+00 
1.683129E-01 3.431036E-03 3.396585E-01 1.838147E-01 -1.287017E+00 5.943030E-01 -1.688362E-01 9.180999E-01 2.604243E-02 4.897788E-04 4.209190E+00 8.315856E+00 
1.878098E-01 5.181805E-03 3.275741E-01 1.827257E-01 -1.428721E+00 5.831807E-01 -1.599220E-01 9.423898E-01 2.656101E-02 4.126728E-04 3.729825E+00 9.417364E+00 
1.792083E-01 4.767862E-03 3.191748E-01 1.846013E-01 -1.419152E+00 5.703021E-01 -1.268853E-01 9.406277E-01 2.607331E-02 3.498133E-04 4.214058E+00 8.884330E+00 
1.851606E-01 5.745310E-03 3.049312E-01 1.859103E-01 -1.496115E+00 5.886141E-01 -1.458511E-01 9.811167E-01 2.945203E-02 1.547291E-03 4.140591E+00 9.021941E+00 
1.652752E-01 4.756921E-03 3.588713E-01 1.828539E-01 -1.400810E+00 5.911389E-01 -1.875984E-01 9.460624E-01 2.824435E-02 1.038666E-03 4.117814E+00 8.287277E+00 
1.720690E-01 5.249048E-03 3.219999E-01 1.846636E-01 -1.356461E+00 5.936223E-01 -1.545323E-01 9.932334E-01 2.793221E-02 1.135175E-03 4.286113E+00 8.516572E+00 
1.750160E-01 4.680756E-03 3.267835E-01 1.808108E-01 -1.345533E+00 5.876773E-01 -1.382502E-01 9.937636E-01 2.903898E-02 2.573449E-04 3.950573E+00 8.457248E+00 
1.775611E-01 5.623611E-03 3.285531E-01 1.830446E-01 -1.377961E+00 5.925801E-01 -1.434013E-01 9.720950E-01 2.860000E-02 6.752951E-04 4.152299E+00 8.844542E+00 
1.633286E-01 4.730113E-03 3.294143E-01 1.825996E-01 -1.407639E+00 5.869858E-01 -1.452261E-01 9.559339E-01 2.769439E-02 1.126514E-03 4.096609E+00 8.985986E+00 
1.703449E-01 5.109849E-03 3.114040E-01 1.808551E-01 -1.429351E+00 5.749642E-01 -1.247049E-01 9.356103E-01 2.990268E-02 3.966100E-04 3.888918E+00 9.025939E+00 
1.543149E-01 6.794190E-03 3.378127E-01 1.805687E-01 -1.404373E+00 5.877236E-01 -1.673905E-01 9.176547E-01 2.886076E-02 4.052242E-04 3.895311E+00 8.833740E+00 
1.713222E-01 4.039171E-03 3.211027E-01 1.794102E-01 -1.359726E+00 5.828313E-01 -1.452621E-01 9.636548E-01 2.640843E-02 4.952639E-04 3.925225E+00 8.992172E+00 
1.701079E-01 4.631991E-03 3.393678E-01 1.836276E-01 -1.330985E+00 5.887615E-01 -1.432509E-01 9.135738E-01 2.721919E-02 1.011170E-03 3.997480E+00 9.418763E+00 
1.698811E-01 8.409437E-03 3.315031E-01 1.706629E-01 -1.340158E+00 5.388648E-01 -1.334832E-01 9.653861E-01 2.888945E-02 1.400096E-03 4.023008E+00 8.389326E+00 
1.604435E-01 5.582464E-03 3.447818E-01 1.868567E-01 -1.401315E+00 5.951901E-01 -1.529049E-01 9.562836E-01 2.667406E-02 7.251856E-04 4.104978E+00 8.303575E+00 
1.808414E-01 4.617637E-03 3.119498E-01 1.805199E-01 -1.379690E+00 5.879516E-01 -1.664377E-01 9.093143E-01 2.879779E-02 4.933461E-04 3.953688E+00 8.856188E+00 
1.650265E-01 6.402805E-03 3.217574E-01 1.810174E-01 -1.349723E+00 5.730198E-01 -1.012162E-01 9.584617E-01 2.801062E-02 5.773612E-04 4.281835E+00 8.985564E+00 
1.708409E-01 6.501319E-03 3.532923E-01 1.842694E-01 -1.257867E+00 6.000000E-01 -1.697536E-01 9.464239E-01 2.653474E-02 5.291977E-04 4.381064E+00 8.884089E+00 
1.819692E-01 3.560957E-03 3.296748E-01 1.889804E-01 -1.414922E+00 5.853330E-01 -1.362218E-01 9.330008E-01 2.781019E-02 8.480517E-04 4.246091E+00 9.385540E+00 
1.686244E-01 5.257462E-03 3.360312E-01 1.858918E-01 -1.391859E+00 5.912593E-01 -1.567199E-01 9.390513E-01 2.484620E-02 1.179674E-03 4.112680E+00 9.056433E+00 
1.711928E-01 6.248707E-03 3.060047E-01 1.779666E-01 -1.355922E+00 5.724937E-01 -1.086850E-01 9.323731E-01 2.861270E-02 1.005713E-03 4.501491E+00 8.949957E+00 
1.674614E-01 5.350948E-03 3.284550E-01 1.853081E-01 -1.311799E+00 5.858552E-01 -1.403653E-01 9.371246E-01 2.859990E-02 1.117241E-03 3.845685E+00 8.080757E+00 
1.773155E-01 4.518198E-03 3.268558E-01 1.866972E-01 -1.403840E+00 5.916433E-01 -1.383594E-01 9.524196E-01 2.628757E-02 5.715903E-04 4.332470E+00 9.087007E+00 
1.713245E-01 5.655622E-03 3.283878E-01 1.820160E-01 -1.378242E+00 5.781558E-01 -1.343928E-01 9.394486E-01 2.883344E-02 1.915479E-04 3.820695E+00 8.470778E+00 
1.821747E-01 4.531123E-03 3.268491E-01 1.812753E-01 -1.397377E+00 5.886483E-01 -1.603382E-01 9.374666E-01 2.877568E-02 9.571733E-04 4.000614E+00 8.226829E+00 
1.670701E-01 4.126874E-03 3.048620E-01 1.868543E-01 -1.318360E+00 5.839032E-01 -1.465661E-01 1.033781E+00 2.989001E-02 6.085741E-04 4.273313E+00 8.764675E+00 
1.771423E-01 4.955096E-03 3.440498E-01 1.834380E-01 -1.385709E+00 5.926573E-01 -1.535621E-01 9.518178E-01 2.707556E-02 6.601324E-04 4.156822E+00 8.929107E+00 
