7.382054E-02 5.912534E-02 4.086054E-01 1.485256E-01 -1.211282E+00 4.355984E-01 -7.308381E-02 7.479919E-01 3.402424E-02 1.174309E-02 5.092986E+00 7.024844E+00 
1.046129E-01 6.047204E-02 4.634012E-01 1.455858E-01 -6.611529E-01 2.009658E-01 -1.490882E-01 8.953643E-01 2.328467E-02 2.419012E-02 5.573437E+00 1.088246E+01 
9.371534E-02 4.324339E-02 3.826071E-01 1.436869E-01 -1.229938E+00 3.800444E-01 -7.969797E-02 1.269606E+00 4.664951E-02 9.669271E-03 7.302358E+00 1.171713E+01 
3.908700E-02 6.143040E-02 3.386442E-01 1.483313E-01 -1.211101E+00 5.353726E-01 -1.123777E-01 1.039786E+00 3.534461E-02 5.645102E-03 4.106451E+00 5.464046E+00 
9.692492E-02 2.286412E-02 4.010964E-01 1.652654E-01 -1.121856E+00 3.200783E-01 -3.105421E-02 5.336035E-01 4.239708E-02 3.174303E-03 3.202516E+00 1.097904E+01 
1.203218E-01 7.660495E-02 4.140171E-01 1.519432E-01 -8.913414E-01 3.949566E-01 -9.066961E-02 8.390432E-01 6.990975E-02 1.004503E-02 4.140379E+00 5.824464E+00 
9.534679E-02 3.583791E-02 4.036221E-01 1.516802E-01 -1.325028E+00 4.309508E-01 -1.088182E-01 8.060049E-01 5.885066E-02 2.251670E-02 6.889601E+00 6.452825E+00 
1.373626E-01 3.590580E-02 3.880001E-01 1.508025E-01 -1.223858E+00 5.304845E-01 -8.810711E-02 8.941882E-01 3.687661E-02 1.064231E-02 4.875414E+00 1.640243E+01 
7.859280E-02 3.168200E-02 2.705501E-01 1.434195E-01 -1.417144E+00 4.338567E-01 -7.126249E-02 7.639655E-01 2.868941E-02 4.806638E-03 4.520487E+00 7.987081E+00 
7.409084E-02 6.517739E-02 3.092116E-01 1.268101E-01 -9.260775E-01 3.287816E-01 -8.406290E-02 6.307982E-01 3.259668E-02 2.141820E-02 2.742919E+00 2.244568E+00 
6.792423E-02 5.195985E-02 2.733222E-01 1.446301E-01 -1.220822E+00 3.502812E-01 -6.376977E-02 1.035467E+00 2.916340E-02 1.316164E-02 4.283979E+00 5.550617E+00 
7.510011E-02 3.985310E-03 3.646515E-01 1.451684E-01 -1.149840E+00 2.813717E-01 -3.126626E-02 7.802498E-01 4.517671E-02 2.580976E-02 3.278475E+00 1.222745E+01 
9.058996E-02 5.549274E-02 3.665876E-01 1.609796E-01 -9.240164E-01 5.485641E-01 -1.988047E-01 8.011260E-01 9.037721E-03 3.141842E-02 5.204812E+00 6.971196E+00 
3.106164E-02 4.106714E-02 4.400927E-01 1.289156E-01 -1.059581E+00 3.566105E-01 -7.422757E-02 9.294142E-01 3.949277E-02 3.539567E-02 2.830996E+00 1.168533E+01 
8.302914E-02 5.945633E-02 3.855644E-01 1.578537E-01 -1.203990E+00 5.559192E-01 -1.421829E-01 9.824296E-01 2.972383E-02 8.701950E-03 5.448755E+00 1.035699E+01 
3.658658E-02 7.337802E-02 3.413086E-01 1.310980E-01 -9.081449E-01 2.839532E-01 -4.189257E-02 8.731301E-01 4.797963E-02 1.888273E-02 4.655556E+00 1.864644E+01 
9.776232E-02 3.217118E-02 3.723606E-01 1.490754E-01 -1.270878E+00 4.803376E-01 -1.584342E-01 1.010750E+00 3.998592E-02 1.858647E-02 3.793098E+00 7.705206E+00 
9.814907E-02 6.039802E-02 3.147653E-01 1.433207E-01 -1.321919E+00 4.956822E-01 -1.034175E-01 4.900398E-01 2.404281E-02 2.208939E-04 5.588882E+00 7.894203E+00 
4.694064E-02 6.902003E-02 3.956727E-01 1.275493E-01 -1.025082E+00 4.970083E-01 -1.338625E-01 7.806622E-01 1.426111E-02 3.475201E-02 6.557472E+00 7.137585E+00 
1.543611E-01 3.103207E-02 4.001453E-01 1.453126E-01 -1.414282E+00 5.648833E-01 -1.283738E-01 9.977144E-01 3.386798E-02 4.062977E-03 4.541309E+00 1.115407E+01 
1.176097E-01 5.638618E-02 4.570280E-01 1.476743E-01 -1.092717E+00 4.868618E-01 -1.098613E-01 8.339032E-01 2.955549E-02 2.006332E-02 4.010168E+00 1.546985E+01 
8.444559E-02 4.338687E-02 4.179548E-01 1.419632E-01 -1.123764E+00 2.661092E-01 -3.842987E-02 7.263293E-01 6.165741E-02 1.415199E-02 4.170340E+00 9.325620E+00 
7.322942E-02 6.575065E-02 3.010573E-01 1.570537E-01 -1.120827E+00 4.916510E-01 -1.657461E-01 1.088326E+00 2.325256E-02 1.459508E-02 4.600553E+00 9.481294E+00 
1.053759E-01 4.994070E-02 3.206348E-01 1.331681E-01 -1.089926E+00 3.728636E-01 -8.964199E-02 9.661321E-01 4.221083E-02 2.102366E-03 3.771181E+00 1.427794E+01 
1.274043E-01 6.517087E-02 4.509073E-01 1.396846E-01 -8.267182E-01 4.356649E-01 -7.671626E-02 8.998503E-01 2.147424E-02 2.020738E-02 5.545241E+00 6.348165E+00 
1.208889E-01 2.321104E-02 3.691617E-01 1.599876E-01 -1.312260E+00 4.762749E-01 -6.229480E-02 6.878336E-01 3.295281E-02 9.295988E-03 3.363297E+00 1.200402E+01 
3.765895E-02 9.913794E-02 3.759707E-01 1.496227E-01 -1.327066E+00 5.134305E-01 -8.138810E-02 7.891605E-01 4.678732E-02 2.594093E-02 7.426358E+00 9.148301E+00 
6.477631E-02 3.940377E-02 3.683226E-01 1.756466E-01 -1.659235E+00 4.818143E-01 -7.701443E-02 8.962133E-01 2.550103E-02 7.968206E-03 4.644840E+00 1.322218E+01 
5.104526E-02 8.852469E-02 3.610590E-01 1.715931E-01 -9.439948E-01 3.182807E-01 -6.616256E-02 9.819619E-01 4.872391E-02 1.107871E-02 5.159236E+00 4.411524E+00 
1.280428E-01 3.214547E-02 3.377083E-01 1.434057E-01 -1.495115E+00 4.883492E-01 -6.258390E-02 9.999411E-01 2.111521E-02 4.100587E-03 5.103437E+00 5.815057E+00 
7.053809E-02 5.979166E-02 3.101104E-01 1.155781E-01 -1.070436E+00 3.243744E-01 -2.281541E-02 7.346287E-01 3.657398E-02 2.738090E-02 3.999765E+00 8.807509E+00 
1.123833E-01 5.370680E-02 4.560292E-01 1.240521E-01 -1.323481E+00 5.252791E-01 -1.018748E-01 8.378044E-01 4.527024E-02 5.018692E-03 5.623197E+00 1.566670E+01 
9.622036E-02 3.160964E-02 3.530735E-01 1.611562E-01 -1.187314E+00 5.728819E-01 -4.293119E-02 1.023835E+00 3.845801E-02 1.372288E-02 2.584140E+00 1.520664E+01 
1.063333E-01 4.297158E-02 3.149899E-01 1.315818E-01 -1.066564E+00 4.150313E-01 -1.222464E-01 7.907970E-01 3.986073E-02 1.536994E-02 4.520379E+00 5.033187E+00 
9.123987E-02 6.898612E-02 4.229009E-01 1.464394E-01 -8.867268E-01 5.652182E-01 -9.734966E-02 9.482036E-01 3.424230E-02 2.827188E-02 6.433719E+00 5.608398E+00 
4.755053E-03 1.086769E-01 3.352263E-01 1.303260E-01 -1.030050E+00 4.102544E-01 -3.726827E-02 1.196465E+00 3.313507E-02 2.076858E-02 2.402820E+00 8.955716E+00 
1.077257E-01 7.835465E-02 3.863820E-01 1.463943E-01 -1.270525E+00 3.980962E-01 -1.457468E-01 8.983582E-01 2.435548E-02 5.589481E-03 6.190863E+00 1.164095E+01 
1.108300E-01 4.455800E-02 3.704936E-01 1.496608E-01 -1.221204E+00 4.806278E-01 -1.079337E-01 9.297254E-01 2.902691E-02 1.966748E-02 5.049298E+00 4.721225E-01 
3.353239E-02 7.884293E-02 3.873638E-01 1.308487E-01 -9.922787E-01 3.010107E-01 -2.984701E-02 1.090951E+00 3.118544E-02 2.634840E-02 6.374261E+00 1.480465E+01 
5.241192E-02 4.351519E-02 3.071677E-01 1.288350E-01 -1.183893E+00 5.797584E-01 -1.482497E-02 1.193809E+00 2.406328E-02 1.799619E-02 4.509962E+00 7.360268E+00 
5.323246E-02 4.460898E-02 3.375839E-01 1.357498E-01 -1.165930E+00 2.875770E-01 -2.483493E-02 8.988678E-01 3.364440E-02 1.948364E-02 3.442321E+00 1.651444E+01 
8.533880E-02 5.866987E-02 3.761597E-01 1.654447E-01 -1.073864E+00 5.866417E-01 -1.713715E-01 6.813933E-01 4.460313E-02 7.682999E-03 2.561805E+00 7.922994E+00 
1.033182E-01 4.329807E-02 4.343448E-01 1.346031E-01 -1.146462E+00 4.780692E-01 -1.346239E-01 6.708461E-01 2.480347E-02 1.149921E-02 5.767204E+00 9.423647E+00 
8.328751E-02 6.259457E-02 3.707472E-01 1.463169E-01 -1.202588E+00 3.938658E-01 -7.160423E-02 9.360833E-01 3.849944E-02 2.181383E-02 4.762746E+00 8.492472E+00 
9.704856E-02 5.764796E-02 3.348841E-01 1.435296E-01 -1.054635E+00 3.560192E-01 -1.063886E-01 8.815262E-01 2.667232E-02 1.631104E-02 7.294107E+00 7.701708E+00 
7.835284E-02 9.865171E-02 3.619210E-01 1.474390E-01 -1.524743E+00 4.356998E-01 -4.255578E-02 1.015955E+00 3.476591E-02 6.642323E-03 3.891643E+00 1.127760E+01 
7.271680E-02 4.141391E-02 3.181158E-01 1.570375E-01 -1.329377E+00 4.268321E-01 -5.439425E-02 1.247888E+00 3.501496E-02 5.905495E-03 5.097342E+00 1.017413E+01 
8.081785E-02 7.533638E-02 3.703159E-01 1.526501E-01 -9.790954E-01 4.284992E-01 -8.023607E-02 7.459517E-01 2.844492E-02 2.501457E-02 4.554490E+00 4.604641E+00 
5.169159E-02 9.392891E-02 3.728616E-01 1.787291E-01 -1.528570E+00 3.632857E-01 -5.095099E-02 9.591811E-01 4.039243E-02 2.692621E-02 5.520043E+00 7.780312E+00 
3.488695E-02 6.096141E-02 3.735714E-01 1.258345E-01 -1.106440E+00 4.375394E-01 -1.300199E-01 9.287233E-01 2.563461E-02 5.179866E-03 5.194259E+00 1.209271E+01 
5.546296E-02 5.203894E-02 3.453983E-01 1.573251E-01 -1.053017E+00 4.552089E-01 -1.479855E-01 9.490479E-01 5.289174E-02 1.934948E-02 3.980643E+00 4.838059E+00 
4.421918E-02 5.185552E-02 2.865456E-01 1.360616E-01 -1.199193E+00 3.198422E-01 -6.898476E-02 8.815646E-01 4.244817E-02 1.495674E-02 2.081288E+00 1.324716E+01 
7.590702E-02 5.717318E-02 3.699026E-01 1.567644E-01 -1.046246E+00 3.309743E-01 -1.795523E-02 8.408435E-01 3.044669E-02 2.201087E-02 3.793402E+00 4.569953E+00 
1.001820E-01 5.027518E-02 4.280757E-01 1.559122E-01 -1.167553E+00 4.867584E-01 -1.222544E-01 4.829841E-01 3.007996E-02 1.910255E-02 3.200430E+00 6.228889E+00 
8.821738E-02 6.805954E-02 4.274323E-01 1.397615E-01 -9.989895E-01 2.697108E-01 -4.652831E-02 7.463740E-01 2.976826E-02 1.341424E-02 4.428679E+00 1.076802E+01 
8.847754E-02 9.733873E-02 2.882071E-01 1.574671E-01 -1.216617E+00 4.358724E-01 -8.372981E-02 9.328173E-01 3.823014E-02 1.653495E-02 3.258303E+00 4.190164E+00 
3.563314E-02 2.946101E-02 3.598879E-01 1.518963E-01 -1.232808E+00 4.005449E-01 -7.331540E-02 9.500128E-01 3.917075E-02 3.550410E-03 3.354733E+00 1.334243E+01 
3.756616E-02 4.180358E-02 2.794034E-01 1.427919E-01 -9.311871E-01 3.513214E-01 -2.086366E-02 9.242420E-01 3.943367E-02 5.713826E-03 4.497177E+00 1.013195E+01 
5.838953E-02 3.998199E-02 3.643492E-01 1.511443E-01 -1.358522E+00 4.445418E-01 -4.360725E-02 1.200628E+00 3.485221E-02 1.229018E-02 4.325296E+00 1.001850E+01 
6.249233E-02 4.443734E-02 3.315631E-01 1.522689E-01 -1.562412E+00 4.287909E-01 -6.362751E-02 1.084812E+00 2.257751E-02 2.481784E-02 5.129742E+00 6.874850E+00 
8.776010E-02 5.325791E-02 4.245755E-01 1.570727E-01 -1.337415E+00 5.520981E-01 -1.276671E-01 4.045452E-01 2.616621E-02 2.391112E-02 4.773892E+00 8.612691E+00 
1.012280E-01 7.694308E-02 4.186689E-01 1.482379E-01 -1.020260E+00 4.592896E-01 -5.194075E-02 7.208709E-01 1.822173E-02 2.255410E-02 2.338956E+00 7.653426E+00 
5.943479E-02 3.151636E-02 4.004491E-01 1.507474E-01 -1.047528E+00 4.802783E-01 -2.112659E-02 6.719646E-01 3.807323E-02 2.282261E-02 4.832975E+00 9.052703E+00 
1.062641E-01 6.813975E-02 3.681723E-01 1.363974E-01 -1.094874E+00 4.567828E-01 -7.024471E-02 8.834990E-01 3.338494E-02 2.772211E-02 3.894434E+00 7.269327E+00 
4.762932E-02 6.098089E-02 3.131079E-01 1.480483E-01 -1.138950E+00 4.518152E-01 -3.589560E-02 8.692532E-01 3.770340E-02 1.340794E-02 3.943102E+00 1.021181E+01 
5.637479E-02 2.915173E-02 3.588640E-01 1.465369E-01 -1.099984E+00 3.565192E-01 -4.049570E-02 8.374533E-01 5.749211E-02 2.282615E-02 3.224418E+00 1.071707E+01 
8.517331E-02 4.988188E-02 3.341946E-01 1.489767E-01 -1.399765E+00 4.230279E-01 -5.139163E-02 1.005414E+00 5.794075E-02 1.313028E-02 5.386559E+00 6.461339E+00 
6.778576E-02 7.638692E-02 3.011262E-01 1.805551E-01 -1.325880E+00 4.703375E-01 -1.506859E-01 8.386235E-01 2.987125E-02 1.865059E-02 5.206910E+00 8.910849E+00 
9.769202E-02 3.192663E-02 3.934058E-01 1.600265E-01 -1.119794E+00 3.422618E-01 -8.969827E-02 1.056698E+00 4.214276E-02 2.090784E-02 4.733996E+00 7.474331E+00 
7.970733E-02 2.969823E-02 3.114489E-01 1.940061E-01 -6.979555E-01 3.879200E-01 -3.097922E-02 9.647840E-01 2.745490E-02 2.401734E-02 3.703769E+00 9.532153E+00 
8.242920E-02 7.094433E-02 3.443211E-01 1.476578E-01 -9.418810E-01 4.683196E-01 -7.898157E-02 9.734096E-01 5.524598E-02 2.191476E-02 4.882869E+00 3.756326E+00 
7.271095E-02 6.256667E-02 3.900956E-01 1.381339E-01 -1.023209E+00 4.510360E-01 -9.820244E-02 8.651680E-01 3.167008E-02 2.357647E-02 2.821635E+00 9.160026E+00 
1.183192E-01 7.119560E-02 4.248221E-01 1.463071E-01 -1.129050E+00 4.602676E-01 -1.256908E-01 8.175825E-01 3.662566E-02 4.331908E-03 4.182713E+00 6.962674E+00 
1.162720E-01 2.728516E-02 2.799035E-01 1.823766E-01 -1.076276E+00 4.930920E-01 -5.400388E-02 6.832057E-01 3.909936E-02 4.704887E-03 4.501555E+00 9.936962E+00 
1.124299E-01 6.626791E-02 4.327158E-01 1.614097E-01 -1.314229E+00 5.191126E-01 -1.521199E-01 8.274577E-01 6.370140E-02 9.028294E-03 4.659971E+00 9.324112E+00 
1.027521E-01 8.760183E-02 3.384074E-01 1.535293E-01 -1.281743E+00 4.430387E-01 -9.695950E-02 1.312593E+00 2.886514E-02 1.479792E-02 5.662896E+00 6.768025E+00 
8.485286E-02 8.499897E-02 3.631638E-01 1.348630E-01 -1.320928E+00 3.465091E-01 -7.592055E-02 9.823875E-01 4.659046E-02 9.578561E-03 5.391003E+00 3.020803E+00 
1.046609E-01 3.009827E-02 3.263283E-01 1.620023E-01 -1.378963E+00 5.091161E-01 -8.005307E-02 8.032929E-01 4.021041E-02 1.134518E-02 4.678424E+00 1.485255E+01 
1.097080E-01 3.920702E-02 3.045775E-01 1.442650E-01 -1.289628E+00 5.196111E-01 -3.452083E-02 9.784716E-01 3.287031E-02 7.898701E-03 4.744021E+00 9.958909E+00 
6.222915E-02 4.231653E-02 3.809598E-01 1.467940E-01 -1.156966E+00 2.848910E-01 -6.142650E-02 7.820714E-01 3.597532E-02 3.772701E-03 6.061474E+00 1.121657E+01 
2.115578E-02 7.321938E-02 3.860868E-01 1.555651E-01 -1.252309E+00 5.174027E-01 -5.931718E-02 8.564617E-01 2.640934E-02 1.955086E-02 4.955812E+00 1.228287E+01 
7.213160E-02 5.747982E-02 4.034635E-01 1.607690E-01 -1.543767E+00 3.131878E-01 -1.132333E-01 1.141058E+00 5.253771E-02 2.172757E-02 2.805264E+00 6.659439E+00 
5.113267E-02 2.894807E-02 2.788962E-01 1.407251E-01 -1.177906E+00 3.521221E-01 -5.935339E-02 9.334222E-01 4.210969E-02 1.807235E-02 2.946175E+00 9.809699E+00 
9.098150E-02 5.761627E-02 3.228968E-01 1.270738E-01 -1.280787E+00 4.303408E-01 -7.055937E-02 7.591714E-01 3.066527E-02 1.343308E-02 4.708881E+00 7.214792E+00 
1.230223E-01 4.021485E-02 4.041768E-01 1.450038E-01 -1.224239E+00 5.266013E-01 -1.000000E-02 9.180641E-01 3.911947E-02 1.052885E-02 5.433102E+00 1.056608E+01 
1.108493E-01 2.633522E-02 3.218068E-01 1.854061E-01 -1.137864E+00 5.731329E-01 -5.774357E-02 7.130088E-01 3.053821E-02 1.708260E-02 5.037185E+00 1.241689E+01 
7.824499E-02 3.117657E-02 4.049806E-01 1.443856E-01 -1.158305E+00 4.014183E-01 -9.728795E-02 8.343364E-01 3.177589E-02 1.950765E-02 4.439387E+00 5.119253E+00 
7.431908E-02 6.816583E-02 3.502792E-01 1.445081E-01 -1.441367E+00 2.767561E-01 -2.026782E-02 1.095428E+00 3.269228E-02 2.224170E-02 6.829127E+00 1.121233E+01 
1.040380E-01 5.893491E-02 4.166779E-01 1.641720E-01 -1.199170E+00 4.434025E-01 -1.351608E-01 1.081403E+00 5.903126E-02 1.369122E-02 7.346899E+00 1.052875E+01 
9.261452E-02 7.175435E-02 3.332381E-01 1.413875E-01 -1.204775E+00 4.029418E-01 -1.665143E-01 8.667277E-01 4.280561E-02 1.966843E-02 5.832552E+00 5.721558E+00 
2.672083E-02 6.690745E-02 3.533227E-01 1.368055E-01 -8.417051E-01 3.887344E-01 -8.629344E-02 1.034909E+00 4.540335E-02 1.032889E-02 4.150545E+00 1.487077E+01 
9.549547E-02 3.380088E-02 3.700314E-01 1.585712E-01 -1.142918E+00 4.908171E-01 -1.459072E-01 8.175877E-01 1.903199E-02 1.604561E-02 3.742552E+00 1.265902E+01 
8.302302E-02 4.408522E-02 4.444435E-01 1.457291E-01 -1.061904E+00 4.311676E-01 -6.590273E-02 8.388379E-01 1.916110E-02 1.924133E-02 5.785983E+00 9.709763E+00 
4.925890E-02 6.812547E-02 3.857447E-01 1.281169E-01 -1.317874E+00 3.722731E-01 -4.499251E-02 1.013606E+00 3.748218E-02 1.342643E-03 4.141153E+00 1.209028E+01 
7.441444E-02 7.396515E-02 2.646009E-01 1.476837E-01 -7.438840E-01 4.325233E-01 -1.624717E-01 8.168982E-01 2.450196E-02 6.102440E-03 3.506075E+00 8.315452E+00 
6.111176E-02 5.064028E-02 3.799229E-01 1.449713E-01 -1.297170E+00 4.248005E-01 -5.087789E-02 9.176743E-01 3.956263E-02 6.366779E-03 5.002857E+00 2.906917E+00 
1.154652E-01 6.638373E-02 4.054019E-01 1.423951E-01 -1.116303E+00 4.671509E-01 -1.325172E-01 4.120153E-01 2.990802E-02 1.127032E-02 2.782571E+00 4.504865E+00 
8.089003E-02 9.949574E-02 3.235104E-01 1.829368E-01 -1.185419E+00 4.424848E-01 -1.345507E-01 1.262005E+00 7.671509E-02 2.006856E-02 6.126082E+00 0.000000E+00 
8.371479E-02 5.122531E-02 3.562929E-01 1.831253E-01 -1.897888E+00 5.095387E-01 -9.406742E-02 1.540224E+00 3.179334E-02 1.480596E-02 5.993106E+00 6.854166E+00 
7.595219E-02 9.363524E-02 3.553785E-01 1.417622E-01 -1.381440E+00 4.405616E-01 -2.287788E-02 1.042989E+00 5.519232E-02 1.033597E-02 5.429947E+00 4.681976E+00 
1.002353E-01 5.290054E-02 4.073298E-01 1.631387E-01 -8.950911E-01 4.164898E-01 -5.120725E-02 8.491569E-01 3.563068E-02 1.058113E-02 3.421358E+00 1.378358E+01 
1.291218E-01 3.103492E-02 3.825487E-01 1.574998E-01 -1.396121E+00 4.808338E-01 -1.288643E-01 8.160621E-01 4.072024E-02 3.860727E-03 5.431318E+00 5.666019E+00 
7.675063E-02 6.887209E-02 3.547355E-01 1.470200E-01 -9.641594E-01 4.766417E-01 -1.329767E-01 3.320148E-01 3.252177E-02 2.083585E-02 3.313141E+00 1.048256E+01 
1.250949E-01 5.404218E-02 4.450277E-01 1.488760E-01 -1.156551E+00 4.657381E-01 -9.889374E-02 7.892130E-01 3.777669E-02 1.318280E-02 5.406278E+00 1.587647E+01 
1.030718E-01 2.731792E-02 4.189427E-01 1.475721E-01 -9.846304E-01 3.894990E-01 -1.043752E-01 8.041839E-01 3.722937E-02 1.445143E-02 5.801177E+00 1.401751E+01 
7.224203E-02 5.855010E-02 4.179436E-01 1.506956E-01 -1.110822E+00 5.361660E-01 -7.438220E-02 7.381016E-01 2.959060E-02 1.519731E-02 4.205954E+00 8.386689E+00 
1.242469E-01 4.178366E-02 3.623727E-01 1.473257E-01 -1.024875E+00 5.197394E-01 -6.656122E-02 7.383913E-01 4.159175E-02 1.238021E-02 3.455227E+00 8.640496E+00 
5.056460E-02 6.920846E-02 3.496533E-01 1.395930E-01 -1.204830E+00 4.190841E-01 -3.075379E-02 1.012067E+00 4.358206E-02 2.228938E-02 4.661498E+00 1.365140E+01 
5.201666E-02 2.971768E-02 3.484527E-01 1.393746E-01 -1.123816E+00 4.751364E-01 -1.008075E-01 9.826608E-01 4.683892E-02 1.817625E-02 6.285698E+00 8.352513E+00 
6.467378E-02 5.774194E-02 2.752440E-01 1.363411E-01 -1.469731E+00 5.459187E-01 -6.596806E-02 9.578330E-01 2.094373E-02 4.439922E-02 6.057414E+00 1.382838E+01 
