1.724732E-01 3.905714E-03 3.575332E-01 1.825098E-01 -1.371601E+00 5.909225E-01 -1.413406E-01 9.656269E-01 2.655847E-02 3.891666E-04 3.993801E+00 8.844089E+00 
1.698661E-01 4.797326E-03 3.316583E-01 1.857930E-01 -1.436899E+00 5.804879E-01 -1.918594E-01 9.203395E-01 2.551729E-02 1.370285E-04 4.305543E+00 8.775771E+00 
1.763678E-01 2.997378E-03 3.102355E-01 1.862914E-01 -1.409556E+00 5.654466E-01 -1.410641E-01 9.611805E-01 2.487270E-02 7.666280E-04 4.079338E+00 8.647188E+00 
1.749072E-01 5.772760E-03 3.327839E-01 1.806529E-01 -1.347710E+00 5.737482E-01 -1.209094E-01 9.718177E-01 2.811290E-02 4.664641E-04 4.268491E+00 8.659086E+00 
1.894477E-01 2.084637E-03 3.127213E-01 1.883749E-01 -1.410877E+00 5.654166E-01 -1.086046E-01 9.049754E-01 2.824918E-02 1.576233E-04 3.760308E+00 9.306680E+00 
1.839223E-01 6.198823E-03 3.334468E-01 1.869595E-01 -1.465466E+00 5.913898E-01 -1.537341E-01 9.387328E-01 2.723856E-02 5.822473E-04 4.376124E+00 8.426938E+00 
1.724570E-01 4.589019E-03 3.169466E-01 1.895586E-01 -1.415871E+00 5.794212E-01 -1.187507E-01 9.459191E-01 2.724144E-02 7.444636E-04 4.592190E+00 9.074807E+00 
1.866141E-01 4.109205E-03 3.234693E-01 1.826591E-01 -1.374966E+00 5.851445E-01 -1.677901E-01 9.567926E-01 2.751915E-02 4.326005E-04 3.957391E+00 8.485472E+00 
1.677995E-01 5.094521E-03 3.297909E-01 1.780418E-01 -1.407048E+00 5.816768E-01 -1.851656E-01 9.593722E-01 2.805216E-02 2.669350E-04 4.324635E+00 8.847361E+00 
1.829265E-01 4.643605E-03 3.235909E-01 1.870398E-01 -1.413894E+00 5.858155E-01 -1.146828E-01 9.403531E-01 2.676936E-02 5.104035E-04 4.104740E+00 9.018636E+00 
1.817540E-01 3.777220E-03 3.200919E-01 1.834395E-01 -1.409486E+00 5.828775E-01 -1.319646E-01 9.535663E-01 2.802820E-02 7.649123E-04 4.164079E+00 8.210388E+00 
1.777438E-01 4.689794E-03 3.143101E-01 1.843582E-01 -1.359392E+00 5.956987E-01 -1.298503E-01 9.809928E-01 2.818576E-02 1.155345E-04 4.079861E+00 8.995654E+00 
1.703121E-01 4.699997E-03 3.159170E-01 1.842568E-01 -1.456806E+00 5.808300E-01 -1.513955E-01 9.496406E-01 2.839137E-02 8.656842E-04 4.050012E+00 8.183683E+00 
1.616408E-01 4.715375E-03 3.279495E-01 1.773537E-01 -1.368032E+00 5.803142E-01 -1.336569E-01 9.432610E-01 2.687164E-02 3.398251E-05 4.185092E+00 8.438655E+00 
1.669758E-01 2.386297E-03 3.081438E-01 1.814413E-01 -1.383488E+00 5.850506E-01 -1.313482E-01 9.435761E-01 2.865675E-02 8.287491E-04 4.633612E+00 8.718647E+00 
1.777055E-01 4.445934E-03 3.372254E-01 1.843808E-01 -1.438175E+00 5.936498E-01 -1.267563E-01 9.316097E-01 2.764639E-02 9.460470E-04 4.173751E+00 8.419582E+00 
1.672996E-01 1.423247E-02 3.295648E-01 1.821175E-01 -1.383809E+00 5.391842E-01 -1.226197E-01 9.297040E-01 2.863518E-02 1.455275E-03 4.231986E+00 9.051011E+00 
1.775344E-01 1.058968E-02 3.276836E-01 1.954008E-01 -1.415509E+00 5.756116E-01 -1.292723E-01 9.321838E-01 2.851215E-02 8.942852E-04 4.529718E+00 8.700434E+00 
1.660521E-01 6.167150E-03 3.417092E-01 1.802657E-01 -1.400823E+00 5.943991E-01 -1.609023E-01 9.613612E-01 2.612678E-02 4.882975E-04 4.155746E+00 8.907555E+00 
1.834184E-01 5.180262E-03 3.253544E-01 1.864693E-01 -1.394028E+00 5.749133E-01 -1.683043E-01 9.480269E-01 2.532923E-02 8.012864E-04 3.978838E+00 8.695114E+00 
1.685098E-01 5.189862E-03 3.075264E-01 1.873480E-01 -1.492054E+00 5.885492E-01 -1.496500E-01 9.478194E-01 2.789070E-02 4.263115E-04 4.197894E+00 9.238902E+00 
1.837440E-01 4.208280E-03 3.039188E-01 1.880233E-01 -1.349394E+00 5.876121E-01 -1.191770E-01 9.141863E-01 3.047756E-02 1.211771E-03 4.294452E+00 8.783562E+00 
1.770034E-01 4.276947E-03 3.328704E-01 1.837484E-01 -1.370332E+00 5.840917E-01 -1.399817E-01 9.794941E-01 2.767240E-02 6.245460E-04 4.021309E+00 8.840825E+00 
1.663200E-01 4.023158E-03 3.198981E-01 1.792642E-01 -1.381564E+00 5.885745E-01 -1.215067E-01 9.682947E-01 2.788711E-02 4.348961E-04 3.985800E+00 8.638119E+00 
1.763612E-01 2.747744E-03 3.184396E-01 1.880657E-01 -1.411741E+00 5.834427E-01 -1.233678E-01 9.369411E-01 2.642414E-02 1.177890E-03 3.868325E+00 9.078153E+00 
1.763038E-01 4.194357E-03 3.511300E-01 1.855412E-01 -1.421515E+00 5.935559E-01 -1.401268E-01 9.419341E-01 2.716964E-02 1.273363E-03 4.281924E+00 8.900515E+00 
1.675570E-01 5.788821E-03 3.582033E-01 1.832769E-01 -1.522678E+00 5.912797E-01 -1.449743E-01 9.289310E-01 2.833636E-02 5.317449E-04 4.074589E+00 9.498793E+00 
1.748233E-01 4.859196E-03 3.336857E-01 1.869055E-01 -1.339160E+00 5.883299E-01 -1.588884E-01 9.658958E-01 2.849807E-02 1.127610E-03 4.088559E+00 8.408328E+00 
1.737092E-01 3.676298E-03 3.285350E-01 1.835798E-01 -1.554354E+00 5.902609E-01 -1.397173E-01 9.429698E-01 2.632304E-02 8.624258E-04 4.413559E+00 7.981894E+00 
1.649439E-01 5.090771E-03 3.184508E-01 1.868210E-01 -1.337533E+00 5.876921E-01 -1.572482E-01 9.451712E-01 2.891200E-02 1.113749E-03 3.540090E+00 8.633927E+00 
1.848307E-01 5.209144E-03 3.325791E-01 1.845197E-01 -1.371300E+00 5.822007E-01 -1.779502E-01 9.514932E-01 2.646905E-02 7.866710E-04 4.377389E+00 9.244882E+00 
1.766031E-01 4.414700E-03 3.116152E-01 1.835454E-01 -1.398667E+00 5.966810E-01 -1.063268E-01 9.517297E-01 2.709915E-02 1.874885E-04 3.498654E+00 9.423839E+00 
1.751384E-01 3.777665E-03 3.202007E-01 1.848636E-01 -1.393356E+00 5.865111E-01 -1.133952E-01 9.510124E-01 2.754099E-02 7.863388E-04 3.962034E+00 8.816869E+00 
1.620842E-01 1.000000E-04 3.215704E-01 1.921767E-01 -1.326117E+00 5.481796E-01 -9.568110E-02 9.756572E-01 2.649668E-02 0.000000E+00 4.231730E+00 8.175618E+00 
1.753136E-01 3.773298E-03 3.361489E-01 1.830779E-01 -1.359015E+00 5.974261E-01 -1.301088E-01 9.650537E-01 2.652724E-02 6.408528E-04 4.151468E+00 8.710507E+00 
1.746321E-01 5.239802E-03 3.208131E-01 1.815258E-01 -1.393692E+00 5.833485E-01 -1.523191E-01 9.845157E-01 2.911816E-02 7.213718E-04 3.769793E+00 8.968900E+00 
1.842557E-01 1.998182E-03 3.335043E-01 1.858376E-01 -1.467311E+00 5.549283E-01 -1.363753E-01 9.553291E-01 2.868120E-02 9.039778E-04 4.246214E+00 8.981036E+00 
1.776847E-01 4.626502E-03 3.163946E-01 1.836464E-01 -1.426684E+00 5.771018E-01 -1.129611E-01 9.683270E-01 2.674471E-02 6.515029E-04 4.195348E+00 8.742839E+00 
1.756972E-01 3.375308E-03 3.411035E-01 1.881834E-01 -1.415040E+00 5.846727E-01 -1.424746E-01 9.361175E-01 2.727907E-02 6.202352E-04 4.244858E+00 8.927306E+00 
1.801451E-01 5.108606E-03 3.336300E-01 1.817245E-01 -1.406212E+00 5.858795E-01 -1.114288E-01 9.395556E-01 2.828339E-02 1.099326E-03 4.365084E+00 8.879268E+00 
1.815577E-01 4.442827E-03 3.091414E-01 1.872487E-01 -1.371538E+00 5.923989E-01 -1.471421E-01 9.480733E-01 2.773984E-02 3.448119E-04 4.158857E+00 8.693104E+00 
1.716732E-01 6.635172E-03 3.356866E-01 1.826410E-01 -1.395807E+00 5.972136E-01 -1.221162E-01 8.639879E-01 2.649044E-02 8.154672E-04 4.239038E+00 9.499441E+00 
1.648847E-01 5.624881E-03 3.287285E-01 1.813327E-01 -1.525117E+00 5.745712E-01 -1.773360E-01 9.403253E-01 2.665330E-02 2.701357E-04 4.042656E+00 8.679400E+00 
1.750992E-01 4.812760E-03 3.211537E-01 1.790525E-01 -1.414788E+00 5.870049E-01 -1.581841E-01 9.933366E-01 2.708554E-02 7.490884E-04 4.078159E+00 8.668771E+00 
1.665080E-01 4.487228E-03 3.471634E-01 1.840419E-01 -1.454771E+00 5.772882E-01 -1.241200E-01 9.732678E-01 3.003842E-02 5.903054E-04 3.985228E+00 8.557399E+00 
1.763057E-01 4.446448E-03 3.175642E-01 1.857169E-01 -1.388731E+00 5.914983E-01 -7.242969E-02 9.471494E-01 2.792436E-02 9.098871E-04 3.910739E+00 8.935278E+00 
1.725580E-01 4.613402E-03 3.345428E-01 1.855963E-01 -1.336745E+00 5.896140E-01 -1.595566E-01 9.348198E-01 2.857793E-02 6.807374E-04 4.184433E+00 8.762368E+00 
1.763387E-01 4.889442E-03 3.134297E-01 1.852230E-01 -1.394594E+00 5.809306E-01 -1.310080E-01 9.403800E-01 2.556210E-02 6.784431E-04 4.204361E+00 9.005319E+00 
1.670330E-01 5.434980E-03 3.495518E-01 1.839056E-01 -1.350284E+00 5.806410E-01 -1.150069E-01 9.300413E-01 2.635701E-02 5.439758E-04 4.049238E+00 8.720183E+00 
1.530129E-01 4.003992E-03 3.186334E-01 1.832341E-01 -1.406789E+00 5.755406E-01 -1.059804E-01 9.834225E-01 2.823188E-02 5.878661E-04 3.801516E+00 8.582634E+00 
1.904995E-01 1.069476E-03 3.320826E-01 1.753365E-01 -1.423234E+00 5.855578E-01 -1.847533E-01 9.843837E-01 2.709500E-02 8.723139E-04 4.033829E+00 8.936079E+00 
1.709883E-01 4.499600E-03 3.237553E-01 1.830630E-01 -1.393982E+00 5.907195E-01 -1.726550E-01 9.631355E-01 2.943820E-02 6.877667E-04 4.111912E+00 8.713492E+00 
1.721568E-01 6.400550E-03 3.277344E-01 1.839700E-01 -1.450182E+00 5.819458E-01 -1.943461E-01 9.706217E-01 2.729942E-02 6.205645E-04 4.221055E+00 9.229606E+00 
1.834067E-01 4.687552E-03 3.444115E-01 1.821023E-01 -1.354865E+00 5.786929E-01 -1.649658E-01 9.381918E-01 2.659906E-02 7.387624E-04 3.931181E+00 9.089701E+00 
1.773583E-01 3.541536E-03 3.440128E-01 1.855883E-01 -1.388776E+00 5.939588E-01 -1.274390E-01 9.504913E-01 2.856427E-02 9.537040E-04 4.414211E+00 8.754914E+00 
1.648614E-01 4.054240E-03 3.247944E-01 1.803315E-01 -1.496112E+00 5.786457E-01 -1.246439E-01 9.660726E-01 2.783436E-02 7.658120E-04 4.128525E+00 8.660455E+00 
1.770487E-01 4.890706E-03 3.461398E-01 1.810131E-01 -1.332545E+00 5.930422E-01 -1.403495E-01 9.549540E-01 2.731547E-02 1.064656E-04 3.847891E+00 8.799285E+00 
1.663208E-01 4.210045E-03 3.329843E-01 1.851512E-01 -1.414735E+00 5.901299E-01 -1.877887E-01 9.339461E-01 2.740712E-02 4.540673E-04 3.384224E+00 8.832729E+00 
1.794923E-01 5.239969E-03 3.391642E-01 1.864507E-01 -1.468179E+00 5.848430E-01 -1.225627E-01 9.542938E-01 2.776711E-02 5.694067E-04 4.144254E+00 8.928223E+00 
1.586724E-01 4.402680E-03 3.122869E-01 1.763338E-01 -1.403587E+00 5.784891E-01 -1.200758E-01 1.022922E+00 2.811543E-02 2.936962E-04 4.054266E+00 9.008165E+00 
1.488002E-01 5.141073E-03 3.120343E-01 1.788313E-01 -1.400996E+00 5.874917E-01 -1.792952E-01 9.602364E-01 2.801661E-02 6.252977E-04 4.169270E+00 8.547480E+00 
1.735936E-01 4.405629E-03 3.214774E-01 1.847598E-01 -1.365346E+00 5.964480E-01 -1.332619E-01 1.003818E+00 2.712881E-02 5.410542E-04 4.173859E+00 9.035569E+00 
1.607503E-01 4.142868E-03 3.319968E-01 1.862758E-01 -1.247164E+00 5.633300E-01 -1.325039E-01 9.662208E-01 2.909358E-02 1.091024E-03 4.327841E+00 8.863814E+00 
1.849096E-01 4.100921E-03 3.378293E-01 1.850171E-01 -1.421624E+00 6.000000E-01 -1.563065E-01 9.247893E-01 2.786748E-02 7.957475E-04 4.053302E+00 8.811692E+00 
1.930913E-01 4.855012E-03 3.288456E-01 1.772319E-01 -1.401398E+00 5.899794E-01 -1.648548E-01 9.015556E-01 2.787887E-02 1.090857E-03 3.985259E+00 8.190967E+00 
1.588019E-01 5.982591E-03 3.129925E-01 1.853167E-01 -1.346634E+00 5.825791E-01 -1.285243E-01 9.792206E-01 2.848865E-02 4.964538E-04 4.048351E+00 8.870307E+00 
1.764824E-01 9.387436E-03 3.220535E-01 1.856850E-01 -1.348594E+00 6.000000E-01 -1.621018E-01 1.079748E+00 2.937917E-02 5.718869E-04 3.824034E+00 8.548455E+00 
1.788579E-01 4.304227E-03 3.332888E-01 1.884118E-01 -1.422045E+00 5.881637E-01 -1.338232E-01 9.404516E-01 2.614721E-02 3.194703E-04 4.286298E+00 8.599188E+00 
1.820321E-01 2.518840E-03 3.018291E-01 1.882173E-01 -1.383670E+00 5.819224E-01 -1.339642E-01 9.265015E-01 2.781363E-02 1.943216E-04 4.091901E+00 8.817611E+00 
1.753849E-01 4.523139E-03 3.153828E-01 1.838882E-01 -1.410621E+00 5.808012E-01 -1.251415E-01 9.553863E-01 2.911965E-02 6.827242E-04 4.273645E+00 9.014018E+00 
1.528224E-01 4.454357E-03 2.956814E-01 1.854215E-01 -1.423446E+00 5.841373E-01 -1.609481E-01 9.343869E-01 2.820573E-02 7.440082E-04 4.233745E+00 9.732007E+00 
1.722313E-01 2.522318E-03 3.173352E-01 1.817454E-01 -1.405734E+00 6.000000E-01 -1.287323E-01 9.648113E-01 2.791060E-02 8.861735E-04 4.041479E+00 8.508844E+00 
2.000000E-01 4.193466E-03 3.162423E-01 1.872740E-01 -1.330596E+00 5.814753E-01 -1.563908E-01 9.524048E-01 2.871731E-02 8.392852E-04 4.098929E+00 8.354184E+00 
1.839128E-01 3.579747E-03 3.431263E-01 1.891960E-01 -1.335422E+00 5.971403E-01 -1.366775E-01 9.014644E-01 2.929026E-02 4.837498E-04 4.219619E+00 8.682979E+00 
1.837813E-01 3.558544E-03 3.240629E-01 1.861908E-01 -1.418703E+00 5.892150E-01 -1.365700E-01 9.421243E-01 2.717740E-02 3.185321E-04 4.544861E+00 8.747644E+00 
1.745343E-01 2.132892E-02 3.536919E-01 1.738163E-01 -1.325232E+00 5.684997E-01 -9.218558E-02 3.985177E-01 2.917467E-02 4.585010E-03 3.928315E+00 1.405335E+01 
1.747760E-01 3.493225E-03 3.108674E-01 1.833272E-01 -1.430764E+00 5.729845E-01 -1.096229E-01 9.342097E-01 2.895704E-02 4.568070E-04 4.273929E+00 8.909551E+00 
1.778208E-01 1.995961E-02 3.321401E-01 1.844517E-01 -1.429758E+00 5.848463E-01 -1.955323E-01 1.003004E+00 2.536053E-02 1.152804E-03 4.680892E+00 8.969227E+00 
1.921115E-01 5.687654E-03 3.202825E-01 1.865539E-01 -1.391638E+00 5.840120E-01 -1.253494E-01 9.818004E-01 2.764784E-02 1.869350E-04 4.096125E+00 8.895597E+00 
1.711075E-01 4.511266E-03 3.121073E-01 1.874896E-01 -1.364553E+00 5.884593E-01 -1.468071E-01 1.056157E+00 2.704422E-02 5.173274E-04 4.219833E+00 9.204550E+00 
1.725616E-01 5.769446E-03 3.474221E-01 1.784060E-01 -1.281170E+00 5.737321E-01 -2.000000E-01 9.436105E-01 2.721835E-02 3.656918E-04 3.931128E+00 8.480847E+00 
1.732342E-01 4.015001E-03 3.294980E-01 1.838209E-01 -1.379501E+00 5.799031E-01 -1.169865E-01 9.147948E-01 2.802592E-02 6.807923E-04 4.414021E+00 8.718128E+00 
1.765001E-01 5.231510E-03 3.262371E-01 1.862678E-01 -1.360099E+00 5.853497E-01 -1.546846E-01 9.791474E-01 2.711670E-02 7.910866E-04 3.905382E+00 8.845333E+00 
1.727777E-01 4.127628E-03 3.281766E-01 1.858214E-01 -1.328848E+00 5.940871E-01 -1.398168E-01 9.435524E-01 2.743645E-02 8.503222E-04 4.129607E+00 8.509834E+00 
1.723029E-01 4.128205E-03 3.244337E-01 1.850136E-01 -1.424594E+00 5.877564E-01 -1.699645E-01 9.548003E-01 2.660914E-02 6.266977E-04 3.729744E+00 8.596664E+00 
1.791629E-01 4.384907E-03 3.119441E-01 1.829360E-01 -1.333833E+00 5.778601E-01 -1.205791E-01 9.592520E-01 2.723198E-02 2.949067E-04 4.276858E+00 8.919526E+00 
1.766446E-01 5.608613E-03 3.251580E-01 1.869837E-01 -1.329221E+00 5.876983E-01 -1.319383E-01 9.967023E-01 2.786055E-02 2.098734E-04 4.321634E+00 8.872766E+00 
1.770204E-01 4.636381E-03 3.201059E-01 1.810064E-01 -1.390879E+00 5.803251E-01 -1.217324E-01 9.441795E-01 2.819138E-02 1.998017E-04 3.741809E+00 8.991611E+00 
1.667197E-01 4.759627E-03 3.415118E-01 1.815844E-01 -1.402151E+00 5.849091E-01 -1.306532E-01 9.648150E-01 2.653362E-02 8.471610E-04 4.062244E+00 8.349146E+00 
1.833363E-01 3.899555E-03 3.308955E-01 1.879571E-01 -1.357562E+00 5.955739E-01 -1.366883E-01 9.348529E-01 2.733176E-02 6.310090E-04 4.165625E+00 8.677265E+00 
1.718393E-01 4.022238E-03 3.236641E-01 1.858758E-01 -1.371886E+00 5.875963E-01 -1.569452E-01 9.273122E-01 2.611227E-02 6.690083E-04 3.839895E+00 8.326764E+00 
1.782004E-01 4.624054E-03 3.287204E-01 1.837662E-01 -1.456430E+00 5.844680E-01 -1.107489E-01 9.422791E-01 2.680955E-02 5.174246E-04 3.972003E+00 8.790515E+00 
1.731941E-01 3.576861E-03 3.081070E-01 1.858741E-01 -1.408904E+00 5.942924E-01 -1.274829E-01 9.154171E-01 2.584103E-02 3.925929E-04 4.210978E+00 9.045310E+00 
1.786096E-01 5.282631E-03 3.270750E-01 1.853183E-01 -1.483356E+00 5.861702E-01 -1.485596E-01 9.573574E-01 2.713188E-02 6.496777E-04 4.363157E+00 8.583535E+00 
1.748811E-01 4.065200E-03 3.238365E-01 1.847642E-01 -1.450308E+00 5.868688E-01 -1.184684E-01 9.820277E-01 2.673537E-02 6.806393E-04 4.060776E+00 9.451960E+00 
1.779485E-01 3.157003E-03 3.214912E-01 1.844734E-01 -1.255215E+00 5.960655E-01 -1.611880E-01 9.706240E-01 2.736430E-02 7.609717E-04 4.035425E+00 8.487769E+00 
1.780540E-01 5.254994E-03 3.391692E-01 1.859874E-01 -1.443268E+00 5.749451E-01 -1.145633E-01 9.887964E-01 2.716047E-02 2.989235E-04 3.803621E+00 9.257534E+00 
1.665518E-01 4.472288E-03 3.428821E-01 1.854629E-01 -1.431693E+00 5.799767E-01 -1.205150E-01 9.314735E-01 2.581043E-02 6.853381E-04 3.980926E+00 8.367564E+00 
1.755366E-01 4.933096E-03 3.424584E-01 1.850980E-01 -1.437304E+00 5.826135E-01 -1.260727E-01 9.319824E-01 2.758496E-02 3.577649E-04 3.917511E+00 8.817525E+00 
1.684133E-01 5.499447E-03 3.051143E-01 1.836802E-01 -1.445942E+00 5.818231E-01 -1.145532E-01 9.442394E-01 2.818420E-02 5.311570E-04 4.048017E+00 8.825133E+00 
1.739197E-01 3.411732E-03 2.991023E-01 1.837266E-01 -1.325864E+00 5.723149E-01 -1.059915E-01 9.521895E-01 2.987724E-02 4.432811E-04 4.091635E+00 9.025176E+00 
1.796302E-01 4.245693E-03 3.245628E-01 1.856560E-01 -1.375655E+00 5.927796E-01 -1.492557E-01 9.431513E-01 2.723520E-02 6.176070E-04 4.031415E+00 9.056450E+00 
1.802238E-01 1.642161E-02 3.422640E-01 1.756965E-01 -1.357099E+00 6.000000E-01 -1.466662E-01 9.382184E-01 2.169769E-02 0.000000E+00 3.639285E+00 8.671614E+00 
1.783508E-01 4.861517E-03 3.243382E-01 1.839023E-01 -1.393725E+00 5.848853E-01 -1.374297E-01 9.735330E-01 2.716996E-02 4.527042E-04 3.822885E+00 8.477891E+00 
1.744614E-01 5.543799E-03 3.118236E-01 1.751819E-01 -1.356340E+00 5.828201E-01 -1.172770E-01 9.409732E-01 2.900067E-02 4.723471E-04 4.105026E+00 8.517050E+00 
1.753093E-01 4.813553E-03 3.268185E-01 1.842426E-01 -1.362587E+00 5.937517E-01 -1.164789E-01 9.371774E-01 2.817641E-02 6.273873E-04 4.222414E+00 8.877856E+00 
1.565551E-01 5.382655E-03 3.200704E-01 1.820504E-01 -1.403554E+00 5.853744E-01 -1.598140E-01 9.699167E-01 2.830047E-02 1.243171E-03 4.270232E+00 8.352725E+00 
1.839376E-01 5.854479E-03 3.343157E-01 1.897371E-01 -1.378582E+00 5.890372E-01 -1.446070E-01 9.371586E-01 2.804225E-02 5.034072E-04 4.275375E+00 9.036864E+00 
1.730348E-01 4.692451E-03 2.986761E-01 1.832707E-01 -1.362493E+00 5.844752E-01 -1.403758E-01 9.128100E-01 2.890752E-02 8.286065E-04 3.954924E+00 8.211658E+00 
1.720491E-01 7.919299E-03 3.175322E-01 1.824609E-01 -1.237996E+00 5.328480E-01 -1.343756E-01 9.971911E-01 2.705345E-02 1.198160E-03 3.752673E+00 7.393668E+00 
1.781295E-01 4.915809E-03 3.308619E-01 1.749873E-01 -1.452216E+00 5.768932E-01 -1.208138E-01 9.583473E-01 2.759378E-02 7.246241E-04 4.192676E+00 8.799041E+00 
1.759184E-01 1.853336E-03 3.401062E-01 1.873119E-01 -1.401146E+00 6.000000E-01 -1.849195E-01 9.599240E-01 2.853624E-02 7.771692E-04 4.255818E+00 8.243732E+00 
1.772205E-01 7.941170E-03 3.290308E-01 1.816494E-01 -1.364421E+00 5.971228E-01 -1.261660E-01 9.179622E-01 2.869362E-02 4.216981E-04 3.768957E+00 8.797223E+00 
1.842138E-01 5.739083E-03 2.949202E-01 1.875137E-01 -1.336073E+00 5.835495E-01 -1.312564E-01 9.409577E-01 2.720292E-02 3.822574E-04 4.152618E+00 8.937525E+00 
1.726069E-01 3.478203E-03 3.215292E-01 1.904196E-01 -1.321522E+00 5.938203E-01 -1.580716E-01 9.418688E-01 2.816713E-02 9.230096E-04 4.157832E+00 8.289965E+00 
1.768034E-01 5.118081E-03 3.109235E-01 1.854938E-01 -1.380500E+00 5.771588E-01 -1.438069E-01 9.648064E-01 2.819996E-02 5.035925E-04 4.176639E+00 8.492460E+00 
1.598163E-01 7.457448E-03 3.361911E-01 1.836913E-01 -1.325772E+00 5.831995E-01 -1.711986E-01 8.962584E-01 2.727786E-02 6.504987E-04 4.193097E+00 8.582310E+00 
1.778325E-01 5.194255E-03 3.215201E-01 1.850219E-01 -1.369891E+00 5.961902E-01 -1.625364E-01 9.119977E-01 2.752721E-02 1.092014E-03 4.192185E+00 9.072520E+00 
1.677907E-01 3.740703E-03 3.257450E-01 1.847672E-01 -1.362052E+00 5.541063E-01 -1.179700E-01 8.996468E-01 2.807704E-02 1.261180E-03 4.271060E+00 9.142118E+00 
1.753146E-01 7.117382E-03 3.155602E-01 1.813557E-01 -1.409613E+00 5.792060E-01 -1.356837E-01 9.520070E-01 2.878358E-02 6.573947E-04 3.783989E+00 8.606746E+00 
1.792058E-01 5.073824E-03 3.215170E-01 1.834635E-01 -1.388364E+00 5.793466E-01 -1.179033E-01 9.790372E-01 2.899765E-02 5.519448E-04 4.114938E+00 9.023687E+00 
1.757145E-01 4.811051E-03 3.134907E-01 1.841343E-01 -1.374851E+00 5.772117E-01 -6.622836E-02 9.522583E-01 2.758101E-02 4.727433E-04 4.189649E+00 8.296835E+00 
1.718984E-01 3.069425E-03 3.175483E-01 1.815807E-01 -1.366667E+00 5.843964E-01 -1.219662E-01 9.567383E-01 2.838492E-02 8.706565E-04 3.587397E+00 8.956516E+00 
1.703872E-01 3.939789E-03 3.274356E-01 1.811908E-01 -1.311745E+00 5.942889E-01 -1.502708E-01 9.587908E-01 2.711425E-02 4.318466E-04 3.974672E+00 8.644601E+00 
1.709230E-01 4.281508E-03 3.141001E-01 1.840959E-01 -1.366657E+00 5.703704E-01 -1.353779E-01 9.645415E-01 2.949923E-02 6.732683E-04 4.141018E+00 8.668340E+00 
2.000000E-01 1.000000E-04 3.230327E-01 1.881109E-01 -1.387165E+00 6.000000E-01 -1.221538E-01 9.566637E-01 2.755940E-02 2.762431E-03 4.086733E+00 8.695605E+00 
1.809504E-01 3.778594E-03 3.329061E-01 1.858190E-01 -1.452375E+00 5.885627E-01 -1.602658E-01 9.445593E-01 2.798884E-02 6.288097E-04 4.123407E+00 8.950618E+00 
1.691101E-01 4.656795E-03 3.210329E-01 1.817166E-01 -1.421399E+00 5.803338E-01 -9.917372E-02 9.755280E-01 2.704080E-02 3.898071E-04 4.018730E+00 9.355754E+00 
1.720124E-01 6.138648E-03 3.173851E-01 1.833224E-01 -1.392331E+00 5.545386E-01 -1.260017E-01 9.511666E-01 2.701561E-02 6.862670E-04 3.869451E+00 8.204860E+00 
1.903679E-01 3.962821E-03 3.383644E-01 1.872842E-01 -1.415830E+00 5.863915E-01 -1.587129E-01 9.582931E-01 2.691294E-02 1.097973E-03 4.163732E+00 8.570461E+00 
1.755346E-01 6.589736E-03 3.393057E-01 1.849822E-01 -1.439515E+00 5.942583E-01 -1.231050E-01 9.442016E-01 2.693407E-02 1.015621E-03 4.433426E+00 8.461083E+00 
1.694036E-01 4.424923E-03 3.382723E-01 1.821435E-01 -1.463646E+00 5.888449E-01 -1.634985E-01 9.293161E-01 2.810967E-02 4.231660E-04 4.032920E+00 8.983301E+00 
1.717556E-01 4.898480E-03 3.277000E-01 1.857796E-01 -1.357576E+00 5.938759E-01 -1.476294E-01 9.279420E-01 2.672132E-02 8.440684E-04 4.398802E+00 8.509330E+00 
1.966872E-01 4.682446E-03 3.142425E-01 1.808420E-01 -1.360942E+00 5.774679E-01 -1.574454E-01 9.361956E-01 3.031638E-02 1.093532E-03 4.193518E+00 9.199794E+00 
1.710363E-01 5.208709E-03 3.285946E-01 1.845701E-01 -1.460656E+00 5.885423E-01 -1.470885E-01 9.371887E-01 2.659455E-02 9.301917E-04 4.187927E+00 8.259417E+00 
1.722978E-01 4.296889E-03 3.231863E-01 1.882324E-01 -1.349273E+00 5.691734E-01 -1.410369E-01 9.203658E-01 2.777357E-02 7.475127E-04 3.882873E+00 8.624514E+00 
1.759641E-01 4.297084E-03 2.933443E-01 1.849628E-01 -1.426943E+00 5.745292E-01 -1.286129E-01 9.390813E-01 2.662323E-02 9.906379E-04 4.120394E+00 8.982854E+00 
1.821330E-01 5.391135E-03 3.291687E-01 1.818809E-01 -1.449110E+00 5.884792E-01 -1.357730E-01 9.665165E-01 2.802734E-02 6.348535E-05 4.207075E+00 8.936732E+00 
1.823726E-01 4.845654E-03 3.329584E-01 1.841015E-01 -1.398124E+00 5.860389E-01 -1.210064E-01 9.301660E-01 2.803959E-02 6.685332E-04 4.173160E+00 8.527434E+00 
1.659417E-01 4.764525E-03 3.357146E-01 1.807239E-01 -1.316687E+00 6.000000E-01 -1.117727E-01 9.307510E-01 2.803751E-02 9.611732E-04 4.430452E+00 9.659637E+00 
1.759447E-01 2.166807E-03 3.130529E-01 1.780325E-01 -1.318667E+00 5.892086E-01 -1.195549E-01 9.565262E-01 2.738510E-02 5.271095E-04 4.177213E+00 8.393853E+00 
1.712422E-01 4.333740E-03 3.204519E-01 1.832518E-01 -1.313415E+00 5.848177E-01 -1.251834E-01 9.383650E-01 2.813779E-02 6.530325E-04 4.088523E+00 8.602581E+00 
1.670703E-01 4.365587E-03 3.221205E-01 1.861968E-01 -1.321551E+00 5.835035E-01 -1.829928E-01 9.703805E-01 2.792975E-02 8.867624E-04 4.260274E+00 9.123900E+00 
1.796542E-01 3.518176E-03 3.222630E-01 1.829459E-01 -1.373220E+00 5.890522E-01 -1.448954E-01 9.255235E-01 2.683399E-02 4.932366E-04 3.823191E+00 8.799766E+00 
1.820677E-01 4.666418E-03 3.092875E-01 1.896030E-01 -1.435273E+00 5.923827E-01 -1.341107E-01 9.533404E-01 2.743492E-02 6.332484E-04 4.222324E+00 9.280734E+00 
1.676401E-01 4.646421E-03 3.265587E-01 1.885870E-01 -1.352170E+00 5.951541E-01 -1.483984E-01 9.386065E-01 2.750853E-02 9.071711E-04 4.470391E+00 9.686977E+00 
1.669323E-01 3.920758E-03 3.481429E-01 1.848281E-01 -1.412153E+00 5.947882E-01 -1.472257E-01 8.890505E-01 2.784740E-02 7.560084E-04 4.785561E+00 8.972152E+00 
1.839034E-01 6.283833E-03 3.236967E-01 1.792108E-01 -1.414248E+00 5.789317E-01 -1.222480E-01 9.504735E-01 2.835133E-02 5.543989E-04 3.995397E+00 7.939184E+00 
1.775558E-01 4.139395E-03 3.210629E-01 1.862578E-01 -1.392802E+00 5.800656E-01 -1.334282E-01 9.417159E-01 2.531725E-02 6.181825E-04 4.273124E+00 9.046229E+00 
1.712805E-01 4.307724E-03 3.077566E-01 1.851883E-01 -1.350459E+00 5.853833E-01 -1.256681E-01 9.578444E-01 2.816410E-02 8.349567E-04 4.097336E+00 8.628934E+00 
1.658019E-01 4.108204E-03 3.318516E-01 1.810532E-01 -1.434832E+00 5.827571E-01 -1.033860E-01 9.824115E-01 2.856250E-02 5.711949E-04 4.190272E+00 9.438067E+00 
1.637474E-01 4.777764E-03 3.114615E-01 1.862391E-01 -1.372906E+00 5.888920E-01 -1.458636E-01 9.707193E-01 2.781825E-02 6.260226E-04 4.095316E+00 8.719385E+00 
1.806178E-01 1.160212E-02 3.498384E-01 1.886034E-01 -1.395695E+00 5.998775E-01 -1.409643E-01 9.394921E-01 2.601064E-02 6.102790E-04 4.682120E+00 8.470276E+00 
1.720377E-01 4.032597E-03 3.081599E-01 1.812005E-01 -1.371170E+00 5.735359E-01 -1.352217E-01 9.601477E-01 2.871534E-02 1.433106E-04 3.874764E+00 8.924033E+00 
1.635023E-01 5.192471E-03 3.187223E-01 1.854623E-01 -1.452314E+00 5.846921E-01 -1.358354E-01 9.644795E-01 2.809513E-02 9.996511E-04 4.143839E+00 8.761777E+00 
1.761382E-01 5.197565E-03 3.146498E-01 1.858833E-01 -1.379232E+00 5.849984E-01 -1.333684E-01 9.347668E-01 2.738412E-02 9.170259E-04 4.289552E+00 8.605193E+00 
1.750600E-01 5.856263E-03 3.215091E-01 1.810326E-01 -1.443843E+00 5.842367E-01 -1.247074E-01 9.342298E-01 2.686541E-02 8.118807E-04 4.334348E+00 1.008782E+01 
1.807102E-01 4.682089E-03 3.053188E-01 1.830030E-01 -1.467460E+00 5.803920E-01 -1.471748E-01 9.675613E-01 2.809782E-02 4.356760E-04 3.678445E+00 9.125847E+00 
1.638861E-01 4.201791E-03 3.171466E-01 1.862583E-01 -1.408599E+00 5.866652E-01 -1.728779E-01 9.831343E-01 2.625314E-02 9.306532E-04 3.967863E+00 8.247045E+00 
1.816634E-01 3.835725E-03 3.365055E-01 1.839016E-01 -1.367790E+00 5.831533E-01 -1.338044E-01 9.237645E-01 2.798375E-02 5.582491E-04 3.522248E+00 8.431946E+00 
1.727521E-01 5.063755E-03 3.152741E-01 1.876594E-01 -1.444680E+00 5.844253E-01 -1.182079E-01 9.326883E-01 2.737155E-02 8.053500E-04 3.945208E+00 9.118544E+00 
1.487787E-01 6.695889E-03 3.300954E-01 1.872662E-01 -1.422034E+00 5.896759E-01 -1.916578E-01 9.517304E-01 2.765299E-02 5.563976E-04 4.042927E+00 8.747888E+00 
1.688838E-01 2.022004E-03 3.288402E-01 1.857589E-01 -1.417416E+00 5.838819E-01 -1.628561E-01 9.482569E-01 2.648857E-02 1.007584E-03 3.459104E+00 7.934709E+00 
1.737523E-01 3.728880E-03 3.352078E-01 1.868499E-01 -1.358751E+00 5.869761E-01 -9.027305E-02 1.042660E+00 2.682257E-02 7.681202E-04 4.048791E+00 8.639328E+00 
1.748461E-01 4.535098E-03 3.458847E-01 1.808029E-01 -1.422983E+00 5.885685E-01 -1.642209E-01 9.508439E-01 2.682774E-02 1.258638E-03 4.222312E+00 9.507684E+00 
1.805270E-01 4.505488E-03 3.391772E-01 1.862275E-01 -1.411629E+00 5.949993E-01 -1.420584E-01 9.274785E-01 2.620387E-02 4.904928E-04 4.143799E+00 8.590624E+00 
1.610823E-01 4.341808E-03 3.216745E-01 1.843223E-01 -1.347086E+00 5.914602E-01 -1.366214E-01 9.499778E-01 2.781959E-02 1.148519E-03 4.430812E+00 8.987406E+00 
1.677277E-01 3.681840E-03 3.174999E-01 1.748067E-01 -1.363458E+00 5.752556E-01 -9.901804E-02 9.122582E-01 2.691700E-02 4.556344E-04 4.434806E+00 1.029681E+01 
1.736268E-01 4.670132E-03 2.953677E-01 1.836489E-01 -1.425086E+00 5.836682E-01 -1.100801E-01 9.411075E-01 2.807196E-02 6.076342E-04 4.337018E+00 9.244352E+00 
1.829742E-01 3.311689E-03 3.360314E-01 1.861925E-01 -1.400355E+00 5.931409E-01 -1.238441E-01 9.696798E-01 2.553529E-02 1.069447E-03 4.091953E+00 8.379830E+00 
1.684310E-01 3.745269E-03 3.172115E-01 1.818904E-01 -1.337798E+00 5.991367E-01 -1.599300E-01 9.532313E-01 2.667963E-02 6.768754E-04 4.271459E+00 8.722926E+00 
1.715801E-01 2.806955E-03 3.307138E-01 1.899302E-01 -1.395451E+00 5.938868E-01 -1.386608E-01 9.861158E-01 2.827294E-02 7.103869E-04 3.841580E+00 9.199418E+00 
1.762916E-01 4.933584E-03 3.391315E-01 1.825256E-01 -1.440680E+00 5.812416E-01 -1.604852E-01 9.391419E-01 2.696471E-02 6.544117E-04 4.074540E+00 8.979635E+00 
1.802007E-01 5.451474E-03 3.299208E-01 1.826756E-01 -1.343156E+00 5.865500E-01 -1.450400E-01 9.225303E-01 2.808763E-02 4.629931E-04 4.224853E+00 8.738343E+00 
1.840740E-01 4.367489E-03 3.398056E-01 1.859439E-01 -1.398950E+00 5.826118E-01 -1.409268E-01 9.589749E-01 2.759552E-02 6.952527E-04 4.185042E+00 8.699180E+00 
1.766197E-01 5.152227E-03 3.311078E-01 1.909079E-01 -1.387474E+00 5.838233E-01 -1.401482E-01 9.692070E-01 2.900907E-02 6.172678E-04 4.416449E+00 8.738186E+00 
1.611873E-01 6.356411E-03 3.414233E-01 1.793951E-01 -1.419047E+00 6.000000E-01 -1.495747E-01 9.568848E-01 2.704978E-02 1.032840E-03 4.090123E+00 9.580724E+00 
1.760796E-01 4.352478E-03 3.042202E-01 1.852618E-01 -1.410665E+00 5.776102E-01 -1.112216E-01 9.575939E-01 2.693337E-02 7.927666E-05 4.249014E+00 8.590381E+00 
1.805347E-01 4.659492E-03 3.332613E-01 1.860814E-01 -1.435823E+00 5.843739E-01 -1.557725E-01 9.626861E-01 2.585172E-02 8.185127E-04 4.143106E+00 9.169884E+00 
1.681683E-01 5.129753E-03 3.284095E-01 1.856699E-01 -1.438615E+00 5.860421E-01 -1.518232E-01 9.691515E-01 2.754753E-02 5.078374E-04 3.799338E+00 9.282189E+00 
1.715297E-01 4.675013E-03 3.312055E-01 1.838188E-01 -1.351015E+00 5.957958E-01 -1.576231E-01 9.811598E-01 2.729073E-02 6.001409E-04 4.158112E+00 8.541602E+00 
1.788195E-01 4.288674E-03 3.332314E-01 1.847340E-01 -1.385048E+00 5.899673E-01 -1.002509E-01 9.693161E-01 2.607842E-02 8.321345E-04 4.197579E+00 1.034397E+01 
1.862500E-01 4.617322E-03 3.134350E-01 1.804768E-01 -1.424374E+00 5.899042E-01 -1.136007E-01 1.008233E+00 2.761426E-02 7.693923E-04 4.205897E+00 8.583950E+00 
1.842223E-01 4.144874E-03 3.160624E-01 1.846503E-01 -1.433145E+00 5.850360E-01 -1.290231E-01 8.885221E-01 2.662030E-02 7.678888E-04 3.979863E+00 8.831846E+00 
1.733899E-01 4.752146E-03 3.284894E-01 1.871069E-01 -1.407235E+00 5.956108E-01 -1.625591E-01 9.503032E-01 2.638146E-02 6.573806E-04 4.074739E+00 8.615941E+00 
1.833242E-01 3.682423E-03 3.160020E-01 1.845210E-01 -1.376400E+00 5.956490E-01 -1.238800E-01 8.837571E-01 2.801474E-02 1.247707E-03 3.902919E+00 8.938346E+00 
1.760349E-01 4.670829E-03 3.216637E-01 1.840119E-01 -1.469203E+00 5.819765E-01 -1.492281E-01 9.666848E-01 2.746261E-02 6.976581E-04 3.996052E+00 8.296417E+00 
1.647143E-01 4.628851E-03 3.173840E-01 1.844012E-01 -1.383057E+00 5.974467E-01 -9.837216E-02 9.363784E-01 2.874609E-02 1.982109E-05 4.029375E+00 8.185974E+00 
1.791332E-01 5.235573E-03 3.137595E-01 1.834648E-01 -1.406979E+00 5.827257E-01 -1.301322E-01 9.455911E-01 2.616036E-02 4.414878E-04 4.222871E+00 8.652624E+00 
1.742617E-01 4.925855E-03 3.312168E-01 1.832897E-01 -1.406843E+00 5.891128E-01 -1.464229E-01 9.631921E-01 2.587313E-02 7.181725E-04 3.931190E+00 8.824921E+00 
1.790128E-01 3.946117E-03 3.480953E-01 1.874731E-01 -1.366592E+00 5.857462E-01 -1.409804E-01 9.450119E-01 2.685659E-02 6.002646E-04 4.139689E+00 8.870221E+00 
1.782869E-01 5.424674E-03 3.228697E-01 1.902233E-01 -1.428998E+00 5.870961E-01 -1.712128E-01 9.273547E-01 2.667894E-02 1.177147E-03 4.174655E+00 8.994271E+00 
1.783614E-01 4.434721E-03 3.379673E-01 1.894787E-01 -1.455003E+00 5.973084E-01 -1.393988E-01 9.204198E-01 2.588793E-02 8.229532E-04 4.398806E+00 9.514447E+00 
1.695298E-01 6.093054E-03 3.381963E-01 1.819904E-01 -1.351308E+00 5.833591E-01 -1.367733E-01 8.627152E-01 2.885003E-02 6.825244E-04 3.836417E+00 1.096305E+01 
1.693350E-01 4.721411E-03 3.185860E-01 1.814865E-01 -1.400270E+00 5.818217E-01 -1.362933E-01 9.812275E-01 2.690314E-02 1.141073E-03 3.990873E+00 8.293879E+00 
1.783412E-01 4.380390E-03 3.024068E-01 1.847523E-01 -1.373014E+00 5.914982E-01 -1.225394E-01 9.454405E-01 2.850019E-02 3.893708E-04 4.114706E+00 8.866700E+00 
1.742443E-01 5.204833E-03 3.222384E-01 1.821907E-01 -1.361303E+00 5.882731E-01 -1.190304E-01 9.610378E-01 2.922345E-02 6.743054E-04 4.284877E+00 8.621303E+00 
1.793622E-01 5.187419E-03 3.134347E-01 1.878701E-01 -1.412443E+00 5.926339E-01 -1.218790E-01 9.519108E-01 2.730737E-02 6.620682E-04 3.929821E+00 8.604323E+00 
1.662042E-01 4.979816E-03 3.103935E-01 1.816880E-01 -1.377512E+00 5.871258E-01 -1.425916E-01 9.673511E-01 2.696956E-02 8.322049E-04 4.056732E+00 9.296206E+00 
1.731621E-01 3.978850E-03 3.182978E-01 1.891900E-01 -1.357764E+00 5.885974E-01 -1.296036E-01 9.764652E-01 2.780897E-02 5.895605E-04 4.294984E+00 8.461181E+00 
1.766397E-01 4.754948E-03 3.138282E-01 1.774250E-01 -1.358182E+00 5.791277E-01 -1.611761E-01 9.812194E-01 2.822730E-02 1.647075E-04 3.871136E+00 8.356929E+00 
1.717635E-01 5.704164E-03 3.416667E-01 1.803020E-01 -1.447619E+00 5.942122E-01 -1.591500E-01 9.706287E-01 2.839164E-02 8.344041E-04 4.303368E+00 9.094778E+00 
1.658314E-01 5.602796E-03 3.713345E-01 1.733220E-01 -1.446554E+00 5.605274E-01 -9.111344E-02 9.188103E-01 2.658189E-02 1.752630E-03 3.929650E+00 9.307733E+00 
1.734984E-01 5.572262E-03 3.506792E-01 1.874786E-01 -1.407117E+00 5.883156E-01 -1.802042E-01 9.453754E-01 2.596736E-02 1.014469E-03 4.048001E+00 8.708345E+00 
1.610302E-01 4.389191E-03 3.148796E-01 1.846883E-01 -1.332089E+00 5.847152E-01 -1.324562E-01 9.566341E-01 2.859005E-02 9.567451E-04 4.205640E+00 8.380625E+00 
1.694759E-01 7.997840E-03 3.246227E-01 1.846138E-01 -1.366585E+00 5.925483E-01 -1.351434E-01 9.420433E-01 2.554794E-02 8.159542E-04 3.687260E+00 9.461104E+00 
1.833066E-01 4.711166E-03 3.303120E-01 1.806363E-01 -1.406325E+00 5.951555E-01 -1.889295E-01 9.374132E-01 2.867860E-02 8.039439E-04 4.423548E+00 8.943715E+00 
1.751866E-01 4.267338E-03 3.134840E-01 1.837496E-01 -1.359370E+00 5.792831E-01 -1.324906E-01 9.616564E-01 2.827698E-02 3.963803E-04 3.930491E+00 8.812175E+00 
1.686866E-01 3.279355E-03 3.196591E-01 1.838464E-01 -1.418331E+00 5.842867E-01 -1.322943E-01 9.548405E-01 2.717922E-02 1.142183E-03 3.927976E+00 8.908195E+00 
1.837176E-01 4.049977E-03 3.220834E-01 1.903096E-01 -1.446998E+00 5.905336E-01 -1.783468E-01 1.071999E+00 2.785871E-02 5.601984E-04 4.434720E+00 8.563333E+00 
1.759086E-01 5.609402E-03 3.016494E-01 1.778679E-01 -1.501144E+00 5.842896E-01 -1.460758E-01 9.882233E-01 2.849335E-02 5.299983E-04 4.105509E+00 8.727611E+00 
1.771451E-01 4.894044E-03 3.176040E-01 1.816424E-01 -1.355356E+00 5.916878E-01 -1.733458E-01 9.318782E-01 2.891865E-02 4.320240E-04 4.084227E+00 8.299134E+00 
1.796164E-01 4.111081E-03 3.173536E-01 1.861265E-01 -1.381823E+00 5.802703E-01 -1.622443E-01 9.732082E-01 2.763911E-02 1.819154E-04 3.897783E+00 8.975213E+00 
1.838675E-01 4.512092E-03 3.589881E-01 1.867247E-01 -1.447386E+00 5.841181E-01 -1.265080E-01 9.439995E-01 2.740609E-02 4.888056E-04 3.713352E+00 8.843601E+00 
1.783661E-01 4.961923E-03 3.127638E-01 1.855480E-01 -1.384842E+00 5.787077E-01 -1.031979E-01 9.462756E-01 2.763768E-02 7.397350E-04 4.116232E+00 8.482988E+00 
1.516377E-01 5.293472E-03 3.329045E-01 1.775926E-01 -1.422231E+00 5.815285E-01 -1.294182E-01 9.608606E-01 2.484734E-02 5.617775E-04 4.000004E+00 8.975996E+00 
1.753879E-01 5.575870E-03 3.170206E-01 1.826645E-01 -1.369675E+00 5.753294E-01 -1.264063E-01 9.820132E-01 2.810644E-02 7.366786E-04 4.401175E+00 8.867303E+00 
1.716951E-01 5.784889E-03 3.191076E-01 1.886634E-01 -1.287730E+00 5.914509E-01 -1.778309E-01 9.633521E-01 2.814416E-02 7.570077E-04 3.916230E+00 7.833170E+00 
1.802523E-01 4.204608E-03 3.234729E-01 1.839790E-01 -1.408778E+00 5.825585E-01 -1.240491E-01 1.017700E+00 2.865659E-02 6.137674E-04 4.112853E+00 8.756469E+00 
1.937386E-01 3.788030E-03 3.090947E-01 1.786751E-01 -1.413053E+00 5.807989E-01 -1.454573E-01 9.808063E-01 2.815806E-02 6.722885E-04 3.773477E+00 8.645088E+00 
1.470506E-01 4.949874E-03 3.208069E-01 1.692604E-01 -1.474704E+00 5.829621E-01 -1.510209E-01 8.529491E-01 2.956261E-02 4.393336E-04 4.219353E+00 1.013324E+01 
1.717666E-01 3.817944E-03 3.062401E-01 1.792948E-01 -1.435041E+00 5.799147E-01 -1.162935E-01 9.494691E-01 2.710287E-02 7.176184E-04 3.902937E+00 8.779934E+00 
1.744744E-01 5.238355E-03 3.212699E-01 1.661847E-01 -1.486004E+00 5.830560E-01 -1.478917E-01 9.147138E-01 3.029080E-02 4.516380E-04 3.981522E+00 8.964072E+00 
1.782197E-01 5.197083E-03 3.409639E-01 1.829391E-01 -1.415889E+00 5.924336E-01 -1.245976E-01 9.668417E-01 2.703342E-02 7.155990E-04 4.118445E+00 8.889672E+00 
1.762869E-01 5.032011E-03 3.288924E-01 1.860542E-01 -1.405936E+00 5.910732E-01 -1.332952E-01 9.446594E-01 2.769461E-02 9.207215E-04 4.033077E+00 8.537722E+00 
1.742147E-01 5.181303E-03 3.306298E-01 1.842152E-01 -1.487045E+00 5.992751E-01 -1.453538E-01 9.574323E-01 2.694768E-02 2.202922E-04 4.175224E+00 8.842775E+00 
1.785482E-01 5.804157E-03 3.339758E-01 1.872650E-01 -1.380765E+00 5.897948E-01 -1.174773E-01 9.412286E-01 2.720661E-02 9.818221E-04 4.168051E+00 8.980602E+00 
1.709995E-01 5.826637E-03 3.230043E-01 1.852772E-01 -1.316835E+00 2.627229E-01 -1.827772E-01 9.496381E-01 2.879088E-02 1.998185E-03 4.162024E+00 8.803894E+00 
1.731341E-01 3.621471E-03 3.404338E-01 1.880740E-01 -1.463003E+00 5.900068E-01 -1.632582E-01 1.005999E+00 2.684218E-02 5.241921E-04 4.194524E+00 9.313856E+00 
1.749996E-01 4.029041E-03 3.181035E-01 1.844953E-01 -1.413871E+00 5.791035E-01 -1.102331E-01 9.114552E-01 2.831270E-02 3.329217E-04 3.486283E+00 8.193798E+00 
1.619779E-01 5.122564E-03 3.413261E-01 1.886016E-01 -1.382066E+00 5.859960E-01 -1.824271E-01 9.593046E-01 2.803540E-02 1.398364E-03 4.290249E+00 8.222311E+00 
1.689968E-01 6.273985E-03 3.231675E-01 1.879468E-01 -1.467210E+00 5.966591E-01 -1.311542E-01 9.528410E-01 2.814481E-02 8.515411E-04 4.373217E+00 8.868062E+00 
1.791101E-01 4.992956E-03 3.217583E-01 1.825576E-01 -1.328381E+00 5.888089E-01 -1.413706E-01 9.564413E-01 2.764803E-02 6.306747E-04 3.991751E+00 8.620419E+00 
1.768331E-01 1.022450E-02 3.391857E-01 1.827457E-01 -1.422854E+00 5.955788E-01 -1.321226E-01 9.963181E-01 2.926923E-02 1.036667E-03 4.391482E+00 8.687496E+00 
1.625075E-01 5.424154E-03 3.269381E-01 1.806669E-01 -1.387609E+00 5.876773E-01 -1.378826E-01 9.636339E-01 2.586204E-02 5.377610E-04 4.213246E+00 8.704077E+00 
1.708962E-01 2.432469E-02 3.300443E-01 1.872641E-01 -1.408893E+00 5.812926E-01 -1.662306E-01 9.203366E-01 3.147208E-02 1.789681E-03 4.511057E+00 8.970372E+00 
1.665873E-01 3.500025E-03 3.261988E-01 1.821263E-01 -1.521123E+00 5.760100E-01 -1.467266E-01 9.451473E-01 2.811989E-02 6.382353E-04 4.050776E+00 8.866774E+00 
1.851448E-01 3.691170E-03 3.239504E-01 1.872947E-01 -1.360759E+00 5.879873E-01 -1.194584E-01 9.411021E-01 2.861016E-02 8.809452E-04 4.051904E+00 8.693039E+00 
1.680549E-01 5.302330E-03 3.217489E-01 1.830346E-01 -1.411347E+00 5.655091E-01 -1.463408E-01 9.543893E-01 2.700242E-02 1.340121E-03 4.264478E+00 9.403471E+00 
1.763623E-01 4.738790E-03 3.410707E-01 1.860388E-01 -1.440686E+00 5.928514E-01 -1.531580E-01 9.173533E-01 2.828633E-02 4.231560E-04 4.271219E+00 8.822923E+00 
1.783746E-01 4.687613E-03 3.443777E-01 1.879859E-01 -1.424241E+00 5.991310E-01 -1.417360E-01 9.234408E-01 2.660756E-02 5.232923E-04 4.490944E+00 8.750695E+00 
1.673519E-01 4.884030E-03 3.185296E-01 1.864241E-01 -1.417285E+00 5.866781E-01 -1.522648E-01 9.685621E-01 2.870380E-02 6.460457E-04 4.215986E+00 8.582103E+00 
1.694270E-01 4.504007E-03 3.402050E-01 1.798408E-01 -1.403731E+00 5.830167E-01 -1.087182E-01 9.494086E-01 2.751990E-02 1.391628E-03 4.077121E+00 8.821714E+00 
1.687993E-01 3.398565E-03 3.256802E-01 1.857451E-01 -1.417512E+00 5.925842E-01 -1.557968E-01 9.716329E-01 2.696903E-02 1.275663E-03 4.219402E+00 8.024957E+00 
1.685499E-01 5.177276E-03 3.248930E-01 1.850474E-01 -1.315028E+00 5.867761E-01 -1.169567E-01 9.295418E-01 2.711403E-02 1.501789E-03 4.152110E+00 9.637763E+00 
1.695458E-01 3.660718E-03 3.550079E-01 1.781902E-01 -1.453826E+00 5.889273E-01 -1.195742E-01 9.679306E-01 2.799511E-02 6.542695E-04 4.452362E+00 8.778977E+00 
1.750073E-01 4.633457E-03 3.219344E-01 1.804694E-01 -1.342577E+00 5.831546E-01 -1.691871E-01 9.042229E-01 2.791320E-02 3.655490E-04 4.007961E+00 9.009982E+00 
1.662957E-01 5.133144E-03 3.661645E-01 1.809100E-01 -1.410845E+00 5.461788E-01 -1.730705E-01 8.906538E-01 2.811385E-02 1.635865E-03 4.126012E+00 9.911928E+00 
1.734956E-01 3.758610E-03 3.242673E-01 1.823823E-01 -1.417092E+00 5.699273E-01 -1.137472E-01 9.826858E-01 2.781119E-02 6.147973E-04 3.828282E+00 8.934340E+00 
1.891112E-01 4.407747E-03 3.330038E-01 1.817629E-01 -1.387627E+00 5.932684E-01 -1.398767E-01 9.309315E-01 2.841359E-02 4.332950E-04 4.136997E+00 8.466079E+00 
1.938915E-01 4.748923E-03 3.345303E-01 1.870782E-01 -1.453776E+00 5.803465E-01 -1.659963E-01 9.202225E-01 2.785630E-02 7.789421E-04 4.108694E+00 9.075344E+00 
1.719440E-01 5.160124E-03 3.263302E-01 1.779759E-01 -1.409554E+00 5.889822E-01 -1.326531E-01 9.515526E-01 2.732863E-02 3.299686E-04 4.121169E+00 9.132110E+00 
1.754469E-01 4.901766E-03 3.021959E-01 1.835236E-01 -1.414295E+00 5.855169E-01 -1.146316E-01 9.805218E-01 2.836046E-02 9.670819E-04 4.203402E+00 8.812463E+00 
1.645547E-01 6.814652E-03 3.188745E-01 1.846667E-01 -1.442925E+00 5.908415E-01 -1.191750E-01 9.098932E-01 2.735823E-02 3.617737E-03 4.027545E+00 1.001795E+01 
1.738593E-01 4.619816E-03 3.192731E-01 1.850463E-01 -1.480714E+00 5.803892E-01 -1.290053E-01 9.292530E-01 2.913813E-02 5.733905E-04 4.113285E+00 8.517892E+00 
1.772237E-01 5.531409E-03 3.209332E-01 1.836841E-01 -1.383787E+00 5.866954E-01 -1.124492E-01 9.673878E-01 2.638407E-02 2.812898E-04 4.127089E+00 8.835038E+00 
1.762523E-01 5.230834E-03 3.445751E-01 1.791634E-01 -1.399695E+00 5.847157E-01 -1.990858E-01 9.298585E-01 2.680658E-02 1.095134E-03 4.440058E+00 8.601623E+00 
1.638473E-01 5.619406E-03 3.163009E-01 1.844038E-01 -1.418973E+00 5.871633E-01 -1.647250E-01 9.815938E-01 2.598405E-02 1.087836E-03 4.333620E+00 9.922200E+00 
1.763834E-01 3.508206E-03 3.260510E-01 1.855426E-01 -1.472054E+00 5.930332E-01 -1.382672E-01 9.395197E-01 2.773532E-02 1.009921E-03 4.209837E+00 8.611407E+00 
1.936193E-01 6.047171E-03 3.477382E-01 1.823849E-01 -1.390941E+00 5.904336E-01 -1.484152E-01 9.444904E-01 2.681173E-02 1.778846E-03 4.317739E+00 8.570553E+00 
1.752092E-01 4.603348E-03 3.531406E-01 1.831896E-01 -1.387793E+00 5.907516E-01 -1.454158E-01 9.189397E-01 2.595307E-02 5.359600E-04 4.095940E+00 8.674513E+00 
1.756432E-01 4.820534E-03 3.292210E-01 1.831689E-01 -1.487309E+00 5.788645E-01 -1.251916E-01 9.537672E-01 2.713630E-02 8.453823E-04 4.384783E+00 9.074676E+00 
1.749937E-01 4.925425E-03 3.239746E-01 1.823727E-01 -1.421992E+00 5.828779E-01 -1.386266E-01 9.474309E-01 2.816011E-02 4.059836E-04 3.923022E+00 9.034651E+00 
1.750632E-01 4.994984E-03 3.364759E-01 1.913849E-01 -1.407552E+00 5.910305E-01 -1.511840E-01 9.511835E-01 2.804555E-02 1.431041E-03 4.253899E+00 8.666252E+00 
1.750618E-01 4.133875E-03 3.203247E-01 1.829120E-01 -1.380822E+00 5.683785E-01 -1.367974E-01 9.352940E-01 2.904965E-02 7.727255E-04 4.260721E+00 8.877319E+00 
1.806903E-01 1.000000E-04 3.077904E-01 1.812419E-01 -1.342499E+00 5.806355E-01 -9.289531E-02 9.510144E-01 2.878005E-02 2.864902E-04 3.927482E+00 9.446550E+00 
1.675768E-01 4.921741E-03 3.001648E-01 1.876404E-01 -1.406067E+00 5.882880E-01 -1.586435E-01 9.429689E-01 2.774776E-02 6.233297E-04 3.804034E+00 8.463418E+00 
1.529669E-01 4.711896E-03 3.391582E-01 1.939294E-01 -1.402846E+00 5.917381E-01 -1.601122E-01 9.469409E-01 2.753319E-02 7.138091E-04 4.208197E+00 8.846088E+00 
1.765581E-01 4.773710E-03 3.253997E-01 1.856676E-01 -1.403546E+00 5.954603E-01 -1.145741E-01 9.719307E-01 2.764508E-02 9.392205E-04 4.080409E+00 8.519780E+00 
1.839877E-01 5.288669E-03 3.417652E-01 1.850925E-01 -1.408569E+00 5.975071E-01 -1.141325E-01 9.423234E-01 2.644146E-02 2.194206E-04 4.045118E+00 8.921136E+00 
1.586339E-01 3.901585E-03 3.253765E-01 1.825514E-01 -1.480680E+00 5.806017E-01 -1.288125E-01 9.241893E-01 2.737302E-02 3.714163E-04 4.218330E+00 8.817197E+00 
1.719684E-01 4.403674E-03 3.292272E-01 1.843569E-01 -1.400149E+00 5.971602E-01 -1.475392E-01 9.648880E-01 2.736577E-02 6.250825E-04 4.117810E+00 8.701855E+00 
1.761552E-01 4.889210E-03 3.268340E-01 1.813030E-01 -1.436575E+00 5.932497E-01 -1.307681E-01 9.529553E-01 2.679302E-02 4.619443E-04 4.081439E+00 9.076209E+00 
1.768515E-01 5.230578E-03 3.108513E-01 1.871036E-01 -1.367893E+00 5.810494E-01 -1.324057E-01 9.934692E-01 2.731554E-02 4.240552E-04 3.998220E+00 8.893227E+00 
1.675413E-01 4.300720E-03 3.372368E-01 1.833819E-01 -1.423392E+00 5.868904E-01 -1.342590E-01 9.420957E-01 2.587031E-02 3.812792E-04 4.042760E+00 9.078791E+00 
1.023129E-01 6.520445E-02 3.328312E-01 1.786470E-01 -1.398941E+00 4.400061E-01 -1.059014E-01 1.013145E+00 2.729382E-02 3.522450E-03 4.241473E+00 8.490442E+00 
1.769349E-01 3.971542E-03 3.284496E-01 1.857870E-01 -1.341113E+00 5.888312E-01 -1.578949E-01 9.778364E-01 2.806709E-02 3.566814E-04 4.280081E+00 8.455134E+00 
1.601779E-01 5.620639E-03 3.394313E-01 1.827282E-01 -1.413952E+00 5.900784E-01 -1.467304E-01 9.541837E-01 2.659220E-02 9.925206E-04 4.169343E+00 9.318290E+00 
1.747923E-01 5.350287E-03 3.231697E-01 1.825990E-01 -1.410659E+00 5.768016E-01 -1.396700E-01 9.283135E-01 2.508422E-02 3.760458E-04 4.658047E+00 9.198163E+00 
1.464649E-01 3.966618E-02 3.357203E-01 1.860073E-01 -1.419120E+00 5.867681E-01 -1.814818E-01 9.146226E-01 2.878761E-02 6.557323E-04 4.039720E+00 8.788464E+00 
1.824540E-01 5.213656E-03 3.101674E-01 1.835140E-01 -1.316302E+00 5.899863E-01 -1.447686E-01 9.678782E-01 2.810618E-02 3.125495E-04 4.190954E+00 8.488667E+00 
1.773389E-01 3.707311E-03 3.283470E-01 1.873706E-01 -1.435309E+00 5.920136E-01 -1.360915E-01 9.453620E-01 2.804234E-02 8.802311E-04 3.695752E+00 8.770034E+00 
1.732294E-01 4.087239E-03 3.069249E-01 1.860089E-01 -1.372091E+00 5.822042E-01 -1.155936E-01 9.562431E-01 2.612711E-02 7.306196E-04 3.953065E+00 8.735446E+00 
1.718321E-01 5.407556E-03 3.432993E-01 1.856429E-01 -1.391760E+00 5.893413E-01 -1.345681E-01 9.213764E-01 2.791794E-02 9.647292E-04 4.101342E+00 1.015287E+01 
1.743422E-01 1.941236E-02 3.435931E-01 1.835440E-01 -1.392539E+00 5.659423E-01 -1.319787E-01 9.540866E-01 2.583328E-02 3.018465E-03 4.435059E+00 9.069568E+00 
1.794802E-01 3.472140E-03 3.511399E-01 1.852107E-01 -1.494232E+00 5.853597E-01 -1.692455E-01 8.961095E-01 2.736234E-02 6.050881E-04 4.219992E+00 7.879611E+00 
1.737170E-01 4.635196E-03 3.526313E-01 1.830655E-01 -1.424566E+00 5.988259E-01 -1.048579E-01 9.104964E-01 2.581255E-02 5.203079E-04 4.517697E+00 8.426303E+00 
1.613293E-01 4.723940E-03 3.283778E-01 1.869412E-01 -1.406418E+00 5.773902E-01 -1.375716E-01 9.473198E-01 2.748979E-02 7.324869E-04 4.220393E+00 8.565737E+00 
1.837753E-01 4.338388E-03 3.360892E-01 1.793496E-01 -1.374986E+00 5.881716E-01 -1.793567E-01 9.423416E-01 2.674349E-02 8.394502E-04 4.325609E+00 8.793322E+00 
1.704143E-01 6.423418E-03 3.238998E-01 1.860829E-01 -1.320985E+00 5.920863E-01 -1.437152E-01 9.590976E-01 3.051612E-02 6.803279E-04 4.111736E+00 8.859126E+00 
1.741846E-01 5.799900E-03 3.240259E-01 1.873137E-01 -1.393212E+00 5.878997E-01 -1.555217E-01 9.528229E-01 2.860404E-02 4.814467E-04 3.975799E+00 8.721219E+00 
1.776733E-01 5.097866E-03 3.319397E-01 1.862692E-01 -1.415259E+00 5.883242E-01 -1.952821E-01 9.479055E-01 2.802044E-02 6.873968E-04 4.153202E+00 9.045166E+00 
1.800976E-01 7.168251E-03 3.122474E-01 1.820138E-01 -1.362958E+00 5.703678E-01 -1.309894E-01 9.191749E-01 2.927649E-02 5.159754E-04 4.172655E+00 8.923384E+00 
1.731636E-01 5.234340E-03 3.221458E-01 1.820467E-01 -1.318190E+00 5.697685E-01 -1.584148E-01 9.571331E-01 2.644189E-02 3.415914E-04 4.192624E+00 8.623368E+00 
1.954841E-01 5.181360E-03 3.143346E-01 1.848468E-01 -1.380116E+00 5.875849E-01 -1.740014E-01 9.511117E-01 2.900627E-02 8.057620E-04 3.712871E+00 8.930268E+00 
1.848154E-01 6.482385E-03 3.279045E-01 1.835221E-01 -1.423692E+00 5.712205E-01 -1.611493E-01 9.592451E-01 2.842373E-02 3.886978E-04 4.257545E+00 8.705537E+00 
1.654064E-01 5.103739E-03 3.239411E-01 1.836867E-01 -1.334938E+00 5.878046E-01 -1.578844E-01 9.931747E-01 3.124081E-02 1.047554E-03 3.995875E+00 8.990693E+00 
1.979022E-01 3.146066E-03 3.118485E-01 1.744542E-01 -1.411030E+00 5.789103E-01 -1.531789E-01 9.942892E-01 2.852869E-02 3.498471E-04 4.150642E+00 8.776659E+00 
1.725369E-01 4.547220E-03 3.412076E-01 1.826056E-01 -1.471220E+00 5.919601E-01 -1.453892E-01 9.614453E-01 2.542664E-02 1.478267E-03 4.417684E+00 9.001013E+00 
1.784084E-01 4.549633E-03 3.385824E-01 1.852302E-01 -1.422605E+00 5.812992E-01 -1.622143E-01 9.477350E-01 2.829986E-02 1.057008E-03 4.244249E+00 8.630766E+00 
1.561133E-01 1.840719E-02 3.476892E-01 1.722557E-01 -1.394218E+00 5.681508E-01 -1.233497E-01 9.594838E-01 2.828658E-02 3.071752E-03 4.318934E+00 9.318674E+00 
1.846850E-01 4.347364E-03 3.375872E-01 1.783830E-01 -1.361200E+00 5.799807E-01 -1.438514E-01 9.096773E-01 2.793703E-02 6.016139E-04 4.275424E+00 8.852023E+00 
1.820754E-01 4.588898E-03 3.286631E-01 1.838874E-01 -1.349767E+00 5.948383E-01 -1.547014E-01 9.475911E-01 2.616031E-02 8.048246E-04 3.869296E+00 9.265006E+00 
1.789129E-01 4.757982E-03 3.080323E-01 1.858038E-01 -1.305956E+00 5.992266E-01 -1.007284E-01 9.764424E-01 2.875548E-02 7.016905E-04 4.027630E+00 8.758868E+00 
1.666153E-01 7.022586E-03 3.265514E-01 1.811732E-01 -1.416288E+00 5.787076E-01 -1.670789E-01 9.477158E-01 2.757468E-02 4.682572E-04 4.139416E+00 8.040634E+00 
1.818310E-01 3.906572E-03 3.390935E-01 1.877630E-01 -1.433058E+00 5.827120E-01 -1.439027E-01 9.715400E-01 2.744312E-02 1.887943E-04 3.924245E+00 8.776326E+00 
1.661013E-01 4.856243E-03 3.331286E-01 1.786729E-01 -1.453519E+00 5.817321E-01 -1.014904E-01 9.406407E-01 2.855497E-02 6.061277E-04 4.211735E+00 8.437509E+00 
1.737242E-01 3.347639E-03 3.186904E-01 1.835483E-01 -1.410229E+00 5.832110E-01 -1.282514E-01 9.652633E-01 2.742907E-02 6.396435E-04 3.848753E+00 8.648012E+00 
1.801961E-01 4.047127E-03 3.311870E-01 1.863480E-01 -1.484293E+00 5.844033E-01 -1.185830E-01 9.157431E-01 2.781885E-02 1.054535E-03 4.494865E+00 7.988027E+00 
1.758881E-01 4.242512E-03 3.043321E-01 1.791015E-01 -1.493681E+00 5.822201E-01 -1.262056E-01 8.878580E-01 2.951579E-02 2.399977E-04 3.964139E+00 8.906699E+00 
1.669844E-01 3.682765E-03 3.310267E-01 1.767742E-01 -1.450744E+00 5.822608E-01 -1.404877E-01 9.308384E-01 2.764435E-02 0.000000E+00 4.447541E+00 9.035399E+00 
1.708547E-01 4.912926E-03 3.063171E-01 1.900965E-01 -1.417016E+00 5.883948E-01 -1.263685E-01 9.251760E-01 2.903969E-02 5.548452E-04 4.062722E+00 8.408202E+00 
1.748610E-01 3.009335E-03 3.074912E-01 1.859630E-01 -1.365145E+00 5.836575E-01 -1.388599E-01 9.086460E-01 2.748457E-02 7.771969E-04 4.247856E+00 8.957094E+00 
1.818188E-01 4.320278E-03 3.325720E-01 1.787772E-01 -1.421077E+00 5.966679E-01 -1.645168E-01 1.007362E+00 2.590766E-02 7.219882E-04 4.274865E+00 8.314964E+00 
1.810135E-01 4.456338E-03 2.851914E-01 1.783980E-01 -1.399503E+00 5.673177E-01 -1.107460E-01 9.331428E-01 2.955106E-02 1.802564E-04 3.963784E+00 8.721131E+00 
1.844289E-01 5.075945E-03 3.287776E-01 1.878430E-01 -1.431571E+00 5.885677E-01 -1.477466E-01 9.655814E-01 2.807752E-02 6.946995E-04 4.085277E+00 9.058469E+00 
1.759196E-01 3.930107E-03 3.109479E-01 1.842387E-01 -1.338919E+00 5.788718E-01 -1.218862E-01 9.408198E-01 2.814715E-02 3.789370E-04 4.231069E+00 8.759662E+00 
1.685180E-01 4.112816E-03 3.441187E-01 1.828772E-01 -1.268282E+00 5.859632E-01 -1.759452E-01 9.391571E-01 2.504905E-02 8.109997E-04 4.353062E+00 8.839960E+00 
1.760927E-01 4.527166E-03 3.307048E-01 1.749844E-01 -1.360168E+00 5.811932E-01 -1.489854E-01 9.610795E-01 2.862146E-02 7.899788E-04 4.296478E+00 8.904400E+00 
1.826535E-01 3.838442E-03 3.348000E-01 1.842405E-01 -1.386022E+00 5.469407E-01 -1.466008E-01 9.406909E-01 2.686772E-02 6.110001E-04 4.116878E+00 8.245245E+00 
1.832228E-01 4.764432E-03 3.378592E-01 1.853657E-01 -1.435531E+00 5.968751E-01 -1.004993E-01 9.353671E-01 2.713232E-02 5.437053E-04 4.187403E+00 8.805994E+00 
1.712650E-01 5.918802E-03 3.431984E-01 1.833855E-01 -1.470949E+00 5.878642E-01 -1.418412E-01 9.086189E-01 2.749815E-02 5.295023E-04 4.279512E+00 8.908696E+00 
1.868342E-01 4.595831E-03 3.239123E-01 1.855580E-01 -1.497240E+00 5.829892E-01 -1.409624E-01 9.307110E-01 2.746029E-02 6.148491E-04 4.174055E+00 8.933484E+00 
1.768378E-01 4.386917E-03 3.257637E-01 1.880080E-01 -1.434213E+00 5.907400E-01 -1.283083E-01 9.036832E-01 2.428786E-02 4.313599E-04 3.869729E+00 9.061981E+00 
1.730381E-01 7.337719E-03 3.220112E-01 1.907226E-01 -1.354968E+00 5.873525E-01 -1.829678E-01 9.706335E-01 2.939460E-02 3.281471E-04 4.217303E+00 8.174846E+00 
1.776082E-01 5.274322E-03 3.147253E-01 1.809349E-01 -1.331968E+00 5.893348E-01 -1.183035E-01 9.641575E-01 2.701195E-02 5.580936E-04 4.099563E+00 8.808806E+00 
1.768939E-01 4.958182E-03 3.422662E-01 1.886132E-01 -1.437756E+00 5.916842E-01 -1.525535E-01 9.815045E-01 2.770001E-02 6.585016E-04 4.101462E+00 9.246652E+00 
1.604726E-01 3.055835E-03 3.252371E-01 1.762845E-01 -1.386371E+00 5.361745E-01 -1.557410E-01 9.276403E-01 2.774675E-02 2.412123E-03 4.017885E+00 8.678595E+00 
1.693061E-01 5.317084E-03 3.304816E-01 1.829231E-01 -1.344789E+00 5.888734E-01 -1.381201E-01 9.570933E-01 3.019603E-02 5.744314E-04 4.043211E+00 8.487716E+00 
1.751399E-01 4.291499E-03 3.308974E-01 1.863130E-01 -1.303864E+00 5.887381E-01 -1.548733E-01 9.345225E-01 2.825195E-02 5.436691E-04 4.272126E+00 8.521375E+00 
1.833162E-01 4.400916E-03 3.468961E-01 1.847344E-01 -1.399818E+00 5.981905E-01 -1.511292E-01 9.557042E-01 2.646895E-02 1.130927E-03 4.287042E+00 8.449892E+00 
1.695251E-01 6.001573E-03 3.220872E-01 1.850010E-01 -1.332995E+00 5.804591E-01 -1.398901E-01 9.613750E-01 2.875517E-02 5.192257E-04 4.135403E+00 8.613061E+00 
1.919817E-01 4.172731E-03 3.082555E-01 1.838975E-01 -1.348132E+00 5.800650E-01 -1.372850E-01 9.554781E-01 2.816409E-02 2.053056E-04 3.964213E+00 7.574740E+00 
1.897765E-01 6.057594E-03 3.296278E-01 1.843765E-01 -1.344874E+00 5.950706E-01 -1.263470E-01 9.963123E-01 2.565311E-02 4.971594E-04 3.876875E+00 7.815717E+00 
1.734632E-01 4.864710E-03 3.260792E-01 1.896720E-01 -1.385413E+00 5.840301E-01 -1.639978E-01 9.082215E-01 2.778417E-02 7.802894E-04 4.157480E+00 8.739886E+00 
1.637185E-01 7.103797E-03 3.569011E-01 1.802479E-01 -1.372638E+00 5.929178E-01 -1.877492E-01 9.263666E-01 2.765365E-02 2.526561E-04 4.333598E+00 8.672636E+00 
1.698116E-01 3.275485E-03 3.313047E-01 1.817351E-01 -1.410564E+00 5.769848E-01 -1.301181E-01 9.424963E-01 2.854843E-02 4.841467E-04 3.773629E+00 8.489440E+00 
1.869297E-01 4.912440E-03 3.433652E-01 1.885832E-01 -1.342319E+00 5.959405E-01 -1.648144E-01 9.432768E-01 2.505926E-02 4.934399E-04 4.240462E+00 8.506882E+00 
1.738075E-01 4.248784E-03 3.338014E-01 1.876399E-01 -1.380743E+00 5.930340E-01 -1.805709E-01 9.845603E-01 2.439342E-02 2.975407E-04 4.193441E+00 8.260218E+00 
1.816246E-01 4.440499E-03 3.267670E-01 1.818114E-01 -1.321694E+00 5.893466E-01 -1.676253E-01 9.394768E-01 2.847508E-02 6.324472E-04 4.287428E+00 8.877237E+00 
1.678661E-01 5.756236E-03 3.333562E-01 1.862741E-01 -1.502294E+00 5.873148E-01 -1.616039E-01 9.512823E-01 2.470952E-02 8.090496E-04 4.295351E+00 8.873665E+00 
1.844993E-01 5.036289E-03 3.219534E-01 1.866543E-01 -1.382150E+00 5.749058E-01 -1.135899E-01 9.704057E-01 2.847540E-02 4.520676E-04 4.103094E+00 8.564585E+00 
1.632107E-01 1.176426E-02 3.172443E-01 1.647573E-01 -1.377283E+00 5.545090E-01 -6.453194E-02 7.554279E-01 2.784746E-02 4.132867E-04 3.430515E+00 1.122993E+01 
1.759687E-01 5.182755E-03 3.364681E-01 1.837023E-01 -1.406781E+00 5.898711E-01 -1.414953E-01 9.068748E-01 2.946694E-02 4.334770E-04 4.091506E+00 8.244420E+00 
1.781483E-01 4.728523E-03 3.226376E-01 1.882663E-01 -1.362023E+00 5.900386E-01 -1.401174E-01 9.754852E-01 2.695046E-02 1.392584E-03 3.917729E+00 8.667761E+00 
1.699426E-01 6.693887E-03 3.129364E-01 1.841587E-01 -1.403930E+00 5.886717E-01 -1.477916E-01 1.012493E+00 2.691673E-02 7.127611E-04 4.251895E+00 8.783849E+00 
1.802899E-01 5.608812E-03 3.322579E-01 1.870063E-01 -1.375254E+00 5.886634E-01 -1.453068E-01 9.525346E-01 2.690179E-02 1.410812E-04 4.175578E+00 8.929351E+00 
1.729885E-01 5.763906E-03 3.500113E-01 1.880072E-01 -1.486295E+00 5.860975E-01 -1.366447E-01 9.469034E-01 2.715162E-02 5.121627E-04 4.475779E+00 9.001389E+00 
1.763741E-01 5.108266E-03 3.256076E-01 1.859725E-01 -1.400853E+00 5.891024E-01 -1.445283E-01 9.384067E-01 2.842738E-02 7.680974E-04 3.978864E+00 8.894978E+00 
1.736241E-01 3.676881E-03 3.331757E-01 1.803215E-01 -1.419844E+00 5.923686E-01 -1.258694E-01 9.405606E-01 2.909002E-02 5.638371E-04 4.135199E+00 9.226256E+00 
1.618064E-01 3.588043E-03 3.457954E-01 1.844310E-01 -1.460540E+00 5.955613E-01 -1.739568E-01 9.818190E-01 2.919397E-02 9.369476E-04 3.992637E+00 8.560422E+00 
1.705625E-01 4.466304E-03 3.464392E-01 1.858836E-01 -1.361386E+00 5.945024E-01 -1.294307E-01 9.504057E-01 2.748007E-02 8.197312E-04 3.969743E+00 8.430819E+00 
1.747471E-01 4.139471E-03 3.424977E-01 1.838743E-01 -1.468894E+00 5.931372E-01 -1.314943E-01 9.617286E-01 2.692876E-02 7.174073E-04 3.725055E+00 8.478872E+00 
1.816456E-01 3.961312E-03 2.950283E-01 1.856266E-01 -1.411536E+00 5.740233E-01 -1.231551E-01 8.236417E-01 2.826039E-02 6.357123E-04 3.961676E+00 9.001840E+00 
1.744877E-01 3.793697E-03 2.990813E-01 1.806888E-01 -1.341339E+00 5.801118E-01 -1.144708E-01 9.903494E-01 2.859439E-02 5.135346E-04 3.928595E+00 8.547760E+00 
1.816976E-01 4.732074E-03 3.359958E-01 1.834568E-01 -1.419213E+00 5.911565E-01 -1.682269E-01 9.733726E-01 2.716034E-02 5.500776E-04 4.240771E+00 9.121971E+00 
1.877414E-01 4.782111E-03 3.318982E-01 1.799276E-01 -1.427404E+00 5.832192E-01 -1.515822E-01 9.435772E-01 2.834758E-02 8.601596E-04 3.924130E+00 8.927821E+00 
1.731747E-01 7.701184E-03 3.334970E-01 1.837440E-01 -1.439661E+00 5.834796E-01 -1.449176E-01 9.371210E-01 2.670704E-02 6.626473E-04 4.118511E+00 8.492418E+00 
1.821987E-01 4.512087E-03 3.154276E-01 1.821337E-01 -1.390464E+00 5.861902E-01 -1.450749E-01 9.426817E-01 2.611677E-02 3.159847E-04 4.017498E+00 9.319884E+00 
1.729620E-01 2.866178E-03 3.136475E-01 1.852505E-01 -1.391070E+00 5.921830E-01 -1.151571E-01 9.354922E-01 2.920415E-02 6.141350E-04 4.203497E+00 8.926880E+00 
1.723719E-01 4.111761E-03 3.115934E-01 1.819842E-01 -1.414758E+00 5.907783E-01 -1.269570E-01 9.962913E-01 2.572049E-02 1.032868E-03 3.562286E+00 8.888369E+00 
1.733134E-01 4.585898E-03 3.558079E-01 1.823476E-01 -1.426014E+00 5.906595E-01 -2.000000E-01 9.332893E-01 2.709921E-02 7.159021E-04 4.193583E+00 9.277874E+00 
1.471970E-01 8.377703E-03 3.575563E-01 1.772997E-01 -1.392736E+00 3.559849E-01 -1.929027E-01 9.315933E-01 2.751027E-02 2.867875E-03 3.895346E+00 9.532001E+00 
1.776038E-01 5.260531E-03 3.255637E-01 1.854365E-01 -1.438092E+00 5.879815E-01 -1.452470E-01 9.323135E-01 2.740599E-02 2.931150E-04 4.004916E+00 8.229927E+00 
1.749434E-01 4.874177E-03 3.209681E-01 1.852286E-01 -1.439463E+00 5.792416E-01 -1.194618E-01 1.003764E+00 2.650784E-02 3.646402E-04 3.937075E+00 8.736263E+00 
1.751966E-01 5.013195E-03 3.182641E-01 1.894855E-01 -1.334294E+00 5.803818E-01 -1.371860E-01 9.488854E-01 2.684314E-02 4.395893E-04 4.048936E+00 8.619447E+00 
1.772048E-01 4.462627E-03 3.204254E-01 1.816802E-01 -1.378133E+00 5.855427E-01 -1.241083E-01 9.632025E-01 2.616247E-02 7.429534E-04 4.154767E+00 8.782602E+00 
1.750092E-01 4.809903E-03 3.297572E-01 1.857037E-01 -1.433910E+00 5.937393E-01 -1.243707E-01 9.205295E-01 2.516567E-02 7.260139E-04 4.077940E+00 8.989539E+00 
1.621243E-01 4.741223E-03 3.045266E-01 1.805610E-01 -1.391547E+00 5.725514E-01 -1.227139E-01 9.725258E-01 3.044746E-02 9.606900E-04 4.115731E+00 8.779153E+00 
1.956562E-01 6.125319E-03 3.446555E-01 1.846525E-01 -1.400666E+00 5.888848E-01 -1.901299E-01 9.057803E-01 2.803938E-02 5.801551E-04 4.109128E+00 8.564769E+00 
1.830576E-01 5.207274E-03 3.108579E-01 1.885916E-01 -1.431307E+00 5.929196E-01 -1.090293E-01 9.653547E-01 2.785396E-02 5.954166E-04 4.314931E+00 9.433359E+00 
1.894826E-01 5.273006E-03 3.139459E-01 1.810874E-01 -1.351879E+00 5.809270E-01 -1.366786E-01 9.408125E-01 2.827023E-02 5.778092E-04 4.350754E+00 8.484065E+00 
1.681309E-01 4.059368E-03 3.126003E-01 1.841271E-01 -1.413819E+00 5.913306E-01 -1.617532E-01 9.506385E-01 2.670954E-02 8.231274E-04 4.055621E+00 9.139676E+00 
1.605565E-01 4.595517E-03 3.196621E-01 1.837185E-01 -1.411021E+00 5.809726E-01 -1.519141E-01 9.363118E-01 2.696329E-02 5.672650E-04 4.207852E+00 8.111766E+00 
1.734466E-01 5.320136E-03 3.250751E-01 1.825130E-01 -1.414764E+00 5.839151E-01 -1.207128E-01 9.597339E-01 2.654626E-02 5.592237E-04 4.020706E+00 9.407556E+00 
1.690883E-01 4.763986E-03 3.458554E-01 1.868326E-01 -1.403881E+00 5.829292E-01 -1.261724E-01 9.811191E-01 2.608858E-02 1.698341E-04 4.100117E+00 9.327074E+00 
1.800202E-01 3.743361E-03 3.258397E-01 1.876335E-01 -1.345618E+00 5.882023E-01 -1.355646E-01 9.180637E-01 2.782208E-02 5.463786E-04 4.104892E+00 8.680821E+00 
1.037739E-01 3.421463E-02 3.959695E-01 1.784313E-01 -1.333612E+00 5.605316E-01 -1.652658E-01 6.459007E-01 2.832995E-02 3.380906E-03 3.986434E+00 9.120885E+00 
1.693877E-01 5.499111E-03 3.623734E-01 1.817795E-01 -1.443221E+00 5.898380E-01 -1.305086E-01 9.769529E-01 3.115264E-02 3.430666E-03 4.020513E+00 9.986417E+00 
1.753847E-01 4.995514E-03 3.239144E-01 1.858800E-01 -1.378418E+00 5.655950E-01 -1.413248E-01 9.577784E-01 2.629084E-02 5.979565E-04 4.166219E+00 8.866459E+00 
1.922348E-01 1.872592E-03 3.169338E-01 1.830946E-01 -1.353858E+00 5.842456E-01 -1.429426E-01 9.246316E-01 2.754377E-02 1.217971E-04 4.310296E+00 8.461834E+00 
1.728468E-01 4.376631E-03 3.125009E-01 1.846322E-01 -1.324163E+00 5.884595E-01 -1.305555E-01 9.455811E-01 2.794455E-02 3.470725E-04 4.090305E+00 8.457099E+00 
1.845241E-01 4.215918E-03 3.468393E-01 1.861861E-01 -1.225261E+00 5.905096E-01 -1.835952E-01 9.534963E-01 2.693679E-02 7.499252E-04 3.916360E+00 8.814557E+00 
1.707435E-01 5.755426E-03 3.522122E-01 1.836672E-01 -1.534882E+00 5.938635E-01 -1.352367E-01 9.721695E-01 2.622056E-02 9.125003E-04 4.300261E+00 9.311096E+00 
1.757911E-01 5.076948E-03 3.371974E-01 1.840441E-01 -1.458954E+00 5.514431E-01 -1.400721E-01 9.592584E-01 2.692217E-02 2.183000E-04 4.150087E+00 8.665566E+00 
1.713021E-01 4.029632E-03 3.369101E-01 1.855941E-01 -1.373386E+00 5.869507E-01 -2.000000E-01 9.778978E-01 2.942103E-02 6.987724E-04 4.062227E+00 8.912842E+00 
1.747205E-01 4.805222E-03 3.105332E-01 1.847618E-01 -1.392208E+00 5.965001E-01 -1.478169E-01 9.274888E-01 2.728035E-02 3.381511E-04 4.137365E+00 8.817638E+00 
1.815913E-01 4.080056E-03 3.311175E-01 1.863607E-01 -1.367115E+00 5.995043E-01 -1.509699E-01 9.386035E-01 2.735333E-02 5.476976E-04 4.010477E+00 8.773150E+00 
1.812449E-01 4.421125E-03 3.477133E-01 1.857073E-01 -1.449688E+00 5.970722E-01 -1.605595E-01 8.957668E-01 2.526416E-02 7.007213E-04 4.412606E+00 8.787680E+00 
1.710202E-01 5.039400E-03 3.212851E-01 1.860432E-01 -1.396577E+00 5.963741E-01 -1.382078E-01 9.781505E-01 2.795065E-02 7.772340E-04 4.470408E+00 8.232432E+00 
1.747700E-01 4.320588E-03 2.996377E-01 1.824256E-01 -1.331421E+00 5.791883E-01 -1.805318E-01 9.476548E-01 2.781362E-02 1.019722E-03 3.942843E+00 8.701832E+00 
1.700522E-01 6.030636E-03 3.139562E-01 1.820620E-01 -1.426603E+00 5.795986E-01 -1.342729E-01 1.038657E+00 2.827297E-02 2.277198E-04 4.253552E+00 8.475535E+00 
1.719739E-01 4.907433E-03 3.237647E-01 1.817252E-01 -1.405181E+00 5.795967E-01 -9.503792E-02 9.607431E-01 2.837349E-02 6.023744E-04 4.177911E+00 8.839419E+00 
1.813846E-01 4.417098E-03 3.282056E-01 1.874745E-01 -1.419028E+00 5.901555E-01 -1.093082E-01 9.403277E-01 2.798253E-02 9.265532E-04 4.215559E+00 9.340674E+00 
1.733156E-01 4.700939E-03 3.200008E-01 1.812494E-01 -1.414735E+00 5.746600E-01 -1.390489E-01 9.582776E-01 2.866465E-02 4.163368E-04 4.016254E+00 8.908228E+00 
1.651575E-01 5.275654E-03 3.236150E-01 1.872186E-01 -1.342554E+00 5.866786E-01 -1.487342E-01 9.895729E-01 2.749852E-02 4.618599E-04 3.796472E+00 8.540609E+00 
1.672643E-01 4.008001E-03 3.207931E-01 1.838448E-01 -1.310027E+00 5.860411E-01 -1.615134E-01 9.718175E-01 2.742771E-02 1.005952E-03 3.907191E+00 8.364661E+00 
1.792498E-01 5.161648E-03 3.219530E-01 1.817471E-01 -1.419820E+00 5.768139E-01 -1.281122E-01 9.355445E-01 2.911810E-02 4.851599E-04 3.748725E+00 8.548997E+00 
1.850230E-01 4.320462E-03 3.469567E-01 1.831766E-01 -1.369003E+00 5.960120E-01 -1.447025E-01 9.696467E-01 2.768338E-02 6.962227E-04 4.019793E+00 8.719521E+00 
1.731094E-01 5.476967E-03 3.258488E-01 1.836810E-01 -1.436768E+00 5.914708E-01 -1.145024E-01 9.796922E-01 2.846032E-02 2.895814E-04 4.130484E+00 8.587302E+00 
1.725554E-01 4.006841E-03 3.289689E-01 1.857678E-01 -1.363120E+00 5.982201E-01 -1.194090E-01 9.116187E-01 2.574642E-02 8.101440E-04 4.082447E+00 8.626880E+00 
1.650240E-01 6.244912E-03 3.327819E-01 1.879063E-01 -1.238474E+00 5.943777E-01 -1.537189E-01 9.345911E-01 2.692797E-02 8.047902E-04 4.537322E+00 8.603316E+00 
1.827378E-01 6.276960E-03 3.313121E-01 1.867982E-01 -1.429651E+00 5.907383E-01 -1.340999E-01 9.173761E-01 2.677114E-02 4.014889E-04 4.216971E+00 8.361681E+00 
1.873643E-01 5.238117E-03 3.475983E-01 1.820651E-01 -1.395802E+00 5.985905E-01 -1.421759E-01 8.993260E-01 2.684259E-02 4.650341E-04 3.924045E+00 8.796847E+00 
1.793716E-01 3.307151E-03 3.345133E-01 1.820213E-01 -1.420500E+00 5.796015E-01 -1.162398E-01 9.258931E-01 2.846069E-02 2.409273E-04 4.337129E+00 8.710405E+00 
1.717462E-01 2.471141E-03 3.236411E-01 1.850066E-01 -1.399817E+00 5.923754E-01 -1.519729E-01 9.572062E-01 2.642179E-02 6.769332E-04 4.019141E+00 8.837322E+00 
1.691407E-01 4.108672E-03 3.420685E-01 1.855562E-01 -1.355654E+00 5.903356E-01 -1.693482E-01 9.546000E-01 2.724687E-02 5.415638E-04 4.184232E+00 8.444109E+00 
1.654160E-01 5.432695E-03 3.217553E-01 1.862443E-01 -1.408279E+00 5.825784E-01 -1.537983E-01 9.633485E-01 2.887079E-02 6.884984E-04 4.200513E+00 8.960176E+00 
1.712082E-01 4.825579E-03 3.345482E-01 1.831098E-01 -1.441113E+00 5.904086E-01 -1.240377E-01 9.812260E-01 2.882679E-02 6.825469E-04 4.124397E+00 8.786812E+00 
1.797534E-01 5.015696E-03 3.405481E-01 1.862761E-01 -1.459683E+00 5.914204E-01 -1.123059E-01 9.431597E-01 2.708369E-02 6.225954E-04 4.483151E+00 8.964966E+00 
1.739037E-01 5.012074E-03 3.273800E-01 1.926566E-01 -1.374425E+00 5.923419E-01 -1.733651E-01 9.069951E-01 2.935912E-02 1.017396E-03 4.002687E+00 8.761480E+00 
1.370393E-01 4.671596E-03 3.257031E-01 1.832179E-01 -1.572506E+00 5.825470E-01 -1.351996E-01 9.342074E-01 2.775171E-02 1.209944E-03 4.016533E+00 9.298964E+00 
1.698361E-01 5.085872E-03 3.287620E-01 1.832690E-01 -1.422390E+00 5.922451E-01 -1.270881E-01 9.685572E-01 2.808375E-02 4.446812E-04 3.971285E+00 8.573775E+00 
1.781363E-01 3.321877E-03 3.186012E-01 1.824639E-01 -1.318309E+00 5.828747E-01 -9.130113E-02 9.573424E-01 2.855374E-02 4.633851E-04 4.145840E+00 8.327165E+00 
1.794025E-01 4.792467E-03 3.197331E-01 1.849684E-01 -1.399286E+00 5.858751E-01 -1.416935E-01 9.358159E-01 2.802846E-02 2.552404E-04 4.173977E+00 8.764296E+00 
1.748659E-01 4.286229E-03 3.273465E-01 1.877862E-01 -1.467612E+00 5.930620E-01 -1.389929E-01 9.451756E-01 2.694847E-02 6.608852E-04 4.084575E+00 8.748465E+00 
1.737167E-01 4.542565E-03 3.082607E-01 1.790671E-01 -1.360411E+00 5.762307E-01 -1.424710E-01 9.528048E-01 2.766287E-02 3.033782E-04 3.905319E+00 9.456992E+00 
1.607997E-01 4.261645E-03 3.607099E-01 1.807121E-01 -1.322538E+00 5.772744E-01 -1.904426E-01 9.252056E-01 2.761903E-02 8.102997E-04 3.922457E+00 9.023864E+00 
1.866640E-01 5.009276E-03 3.320924E-01 1.829250E-01 -1.411112E+00 5.746054E-01 -1.347398E-01 9.506055E-01 2.845083E-02 8.223863E-04 4.091615E+00 9.049513E+00 
1.799494E-01 4.127767E-03 3.341143E-01 1.844188E-01 -1.408107E+00 5.914589E-01 -1.359346E-01 9.484140E-01 2.697065E-02 5.639433E-04 4.097795E+00 8.855127E+00 
1.785247E-01 4.419064E-03 3.396671E-01 1.867887E-01 -1.351792E+00 5.850315E-01 -1.074691E-01 9.558197E-01 2.806791E-02 6.832196E-04 4.202088E+00 8.730453E+00 
1.628478E-01 5.164489E-03 3.357228E-01 1.858177E-01 -1.384813E+00 5.910408E-01 -1.799441E-01 9.590453E-01 2.677758E-02 7.159887E-04 3.923626E+00 8.393317E+00 
1.741690E-01 6.095341E-03 3.314720E-01 1.840168E-01 -1.476429E+00 5.968127E-01 -1.271162E-01 8.725832E-01 2.421633E-02 4.711226E-04 4.136764E+00 8.916902E+00 
1.795906E-01 5.240757E-03 3.164881E-01 1.869826E-01 -1.350903E+00 5.874067E-01 -1.653173E-01 9.729065E-01 2.789211E-02 5.278083E-04 4.177548E+00 8.776124E+00 
1.772406E-01 2.290472E-03 3.139251E-01 1.868552E-01 -1.418774E+00 5.928554E-01 -1.375852E-01 9.391047E-01 2.816792E-02 8.240883E-04 4.434759E+00 8.027851E+00 
1.734484E-01 4.210834E-03 3.252331E-01 1.793426E-01 -1.389224E+00 5.796935E-01 -1.288916E-01 9.320334E-01 2.592922E-02 0.000000E+00 4.491853E+00 9.581639E+00 
1.657541E-01 4.866508E-03 3.272129E-01 1.813296E-01 -1.398019E+00 5.732438E-01 -1.141668E-01 9.782606E-01 2.800785E-02 6.636419E-04 4.131904E+00 8.520174E+00 
1.674680E-01 4.818763E-03 3.102878E-01 1.817786E-01 -1.334389E+00 5.837740E-01 -1.529775E-01 9.901759E-01 2.722275E-02 1.114824E-03 4.063512E+00 8.745025E+00 
1.726161E-01 4.086632E-03 3.215748E-01 1.845252E-01 -1.398870E+00 5.875561E-01 -1.091873E-01 9.620704E-01 2.840598E-02 5.239160E-04 4.384857E+00 8.631919E+00 
1.686394E-01 5.681052E-03 3.439464E-01 1.797866E-01 -1.371816E+00 5.715692E-01 -1.454299E-01 9.855602E-01 2.691619E-02 5.249020E-04 4.056623E+00 8.375910E+00 
1.607963E-01 5.255852E-03 3.196871E-01 1.891328E-01 -1.461047E+00 5.892595E-01 -1.455429E-01 9.736737E-01 2.592459E-02 3.616680E-04 4.636734E+00 7.596110E+00 
1.635188E-01 8.074956E-03 3.139495E-01 1.866070E-01 -1.435258E+00 5.282467E-01 -1.358310E-01 9.943326E-01 2.716627E-02 1.025214E-03 3.531928E+00 8.928213E+00 
1.515642E-01 2.049410E-02 3.262646E-01 1.842005E-01 -1.302810E+00 3.901732E-01 -1.279486E-01 9.959111E-01 2.670057E-02 3.695113E-03 4.088290E+00 8.741646E+00 
1.777775E-01 9.700115E-03 3.325721E-01 1.847601E-01 -1.452458E+00 5.852352E-01 -1.665023E-01 9.022431E-01 2.805402E-02 5.900150E-04 4.034086E+00 8.677936E+00 
1.795255E-01 6.622776E-03 3.290860E-01 1.884450E-01 -1.494716E+00 5.730061E-01 -1.561423E-01 9.658208E-01 2.675742E-02 9.567993E-04 4.095707E+00 8.457804E+00 
1.624561E-01 4.135491E-03 3.354999E-01 1.860854E-01 -1.471182E+00 5.444147E-01 -1.568841E-01 9.240456E-01 2.935197E-02 9.101541E-04 4.337937E+00 8.894236E+00 
1.622698E-01 4.342041E-03 3.201761E-01 1.840983E-01 -1.311422E+00 5.948872E-01 -1.964189E-01 9.475783E-01 2.614090E-02 8.387352E-04 3.971502E+00 8.463447E+00 
1.608829E-01 4.738629E-03 3.267238E-01 1.840188E-01 -1.441577E+00 5.863505E-01 -1.275871E-01 9.719583E-01 2.537597E-02 1.417825E-03 4.066286E+00 8.362163E+00 
1.732234E-01 4.534264E-03 3.248065E-01 1.831065E-01 -1.432516E+00 5.811150E-01 -1.155746E-01 9.960953E-01 2.635931E-02 8.562986E-04 3.968334E+00 8.922229E+00 
1.807946E-01 4.208168E-03 3.412349E-01 1.843326E-01 -1.427498E+00 5.969584E-01 -1.380966E-01 9.674111E-01 2.733013E-02 1.231535E-03 4.176885E+00 8.804532E+00 
1.806376E-01 4.674621E-03 3.358131E-01 1.843454E-01 -1.430992E+00 5.843416E-01 -1.411429E-01 9.789370E-01 2.647932E-02 6.881267E-04 3.732729E+00 8.560268E+00 
1.657389E-01 5.102525E-03 3.349195E-01 1.753058E-01 -1.469587E+00 5.927543E-01 -1.750517E-01 9.809380E-01 2.817254E-02 3.549020E-03 3.810811E+00 9.676013E+00 
1.834004E-01 3.898399E-03 3.311983E-01 1.861672E-01 -1.409866E+00 5.843921E-01 -1.501022E-01 9.080283E-01 2.747351E-02 6.263943E-04 4.285351E+00 9.781160E+00 
1.773683E-01 5.533585E-03 3.230705E-01 1.832546E-01 -1.380953E+00 5.845220E-01 -1.266170E-01 9.583098E-01 2.832010E-02 5.187220E-04 3.988486E+00 8.864512E+00 
1.765698E-01 3.766432E-03 3.120234E-01 1.863400E-01 -1.422127E+00 5.782860E-01 -1.102906E-01 9.505924E-01 2.890282E-02 5.814121E-04 3.613969E+00 8.651514E+00 
1.617007E-01 1.626744E-02 3.645802E-01 1.687751E-01 -1.349372E+00 4.232655E-01 -7.534791E-02 7.845936E-01 2.546839E-02 1.951614E-03 3.924516E+00 1.231910E+01 
1.697997E-01 5.987665E-03 3.550470E-01 1.827541E-01 -1.355196E+00 5.860043E-01 -1.356051E-01 9.407222E-01 2.590167E-02 6.019594E-04 4.093744E+00 9.178465E+00 
1.772515E-01 6.946393E-03 3.446301E-01 1.806066E-01 -1.432891E+00 5.859190E-01 -1.452303E-01 9.617103E-01 2.852995E-02 5.227210E-04 4.046060E+00 8.891079E+00 
1.756826E-01 4.765997E-03 3.135516E-01 1.796038E-01 -1.375213E+00 5.863604E-01 -1.340347E-01 9.707221E-01 2.793681E-02 1.900269E-04 3.851567E+00 8.957839E+00 
1.686094E-01 5.214329E-03 3.381406E-01 1.838213E-01 -1.333975E+00 5.924401E-01 -1.869912E-01 9.603907E-01 2.791900E-02 8.550228E-04 4.061664E+00 9.157203E+00 
1.741166E-01 5.293650E-03 3.177915E-01 1.787038E-01 -1.336768E+00 5.903982E-01 -1.957172E-01 9.505837E-01 2.750696E-02 6.480717E-04 4.032551E+00 9.151483E+00 
1.758323E-01 4.790647E-03 3.337372E-01 1.868379E-01 -1.386033E+00 5.856364E-01 -1.721884E-01 1.000968E+00 2.705143E-02 8.777522E-04 4.302157E+00 8.959649E+00 
1.826686E-01 5.307377E-03 3.170764E-01 1.802797E-01 -1.436537E+00 5.863933E-01 -1.806737E-01 9.518883E-01 2.854910E-02 9.872768E-04 4.082113E+00 8.874613E+00 
1.715580E-01 5.016095E-03 3.175296E-01 1.849546E-01 -1.452156E+00 5.906325E-01 -1.182952E-01 9.746082E-01 2.717390E-02 3.721761E-04 4.128024E+00 8.617230E+00 
1.819133E-01 4.337909E-03 3.321967E-01 1.843137E-01 -1.452208E+00 5.889763E-01 -1.849685E-01 9.757698E-01 2.694179E-02 6.070791E-04 4.323317E+00 8.823048E+00 
1.775050E-01 3.743961E-03 3.376041E-01 1.874749E-01 -1.375180E+00 5.855295E-01 -1.180184E-01 8.723423E-01 2.758482E-02 2.859460E-04 4.949556E+00 9.155294E+00 
1.789700E-01 4.868021E-03 3.211864E-01 1.860373E-01 -1.348641E+00 5.960078E-01 -1.620750E-01 9.612532E-01 2.755705E-02 3.946370E-04 4.248892E+00 8.753510E+00 
1.594083E-01 4.660458E-03 3.247723E-01 1.832635E-01 -1.404020E+00 5.756677E-01 -1.654115E-01 9.258946E-01 2.801428E-02 6.185392E-04 4.467625E+00 8.666443E+00 
1.699606E-01 4.731321E-03 3.161220E-01 1.821651E-01 -1.462837E+00 5.741747E-01 -1.247456E-01 9.562552E-01 2.733988E-02 9.422327E-04 3.859772E+00 8.932609E+00 
1.739873E-01 4.863096E-03 3.165930E-01 1.862710E-01 -1.379319E+00 5.862210E-01 -1.533458E-01 9.037032E-01 2.811441E-02 1.296002E-03 4.243991E+00 8.611042E+00 
1.673837E-01 4.584777E-03 3.465400E-01 1.880340E-01 -1.402885E+00 5.997230E-01 -2.000000E-01 9.477007E-01 2.719789E-02 9.198060E-04 4.278718E+00 9.341600E+00 
1.734002E-01 4.193573E-03 3.381442E-01 1.866286E-01 -1.385943E+00 5.829219E-01 -1.602394E-01 9.613897E-01 2.503907E-02 7.732730E-04 3.746012E+00 8.859923E+00 
1.722364E-01 4.358918E-03 3.069544E-01 1.848828E-01 -1.414901E+00 5.688481E-01 -1.042682E-01 9.421780E-01 2.768780E-02 7.109404E-04 4.077894E+00 8.581667E+00 
1.729278E-01 4.638614E-03 3.270812E-01 1.822524E-01 -1.396732E+00 5.778400E-01 -1.130534E-01 9.070837E-01 2.861582E-02 1.569874E-03 4.166041E+00 8.625266E+00 
1.667658E-01 4.529373E-03 3.445568E-01 1.846645E-01 -1.464330E+00 5.945412E-01 -1.697810E-01 9.601356E-01 2.823761E-02 5.382998E-04 4.010092E+00 8.913281E+00 
1.738610E-01 4.182311E-03 3.105799E-01 1.843874E-01 -1.410955E+00 5.785171E-01 -1.319445E-01 9.448863E-01 2.788002E-02 5.175587E-04 4.381883E+00 8.815256E+00 
1.744822E-01 4.212518E-03 3.324638E-01 1.816363E-01 -1.367214E+00 5.964668E-01 -1.231179E-01 9.644027E-01 2.888169E-02 4.747479E-04 3.804340E+00 9.239857E+00 
1.883295E-01 2.128435E-03 3.161886E-01 1.810801E-01 -1.421965E+00 5.807953E-01 -1.481617E-01 9.324294E-01 2.768780E-02 4.498670E-04 4.326349E+00 8.596290E+00 
1.756103E-01 4.283136E-03 3.077885E-01 1.853221E-01 -1.391117E+00 5.654311E-01 -1.193716E-01 9.774544E-01 2.719428E-02 5.221271E-04 3.684179E+00 9.372705E+00 
1.753374E-01 5.019268E-03 3.231652E-01 1.866158E-01 -1.471192E+00 5.885055E-01 -2.000000E-01 9.480165E-01 2.766249E-02 6.740330E-04 4.230658E+00 8.311187E+00 
1.814248E-01 5.256322E-03 3.171743E-01 1.741590E-01 -1.408063E+00 5.764710E-01 -1.805146E-01 9.432142E-01 2.713131E-02 8.162378E-04 4.129589E+00 8.835792E+00 
1.714874E-01 2.710597E-03 3.116990E-01 1.856988E-01 -1.329374E+00 5.569726E-01 -1.612102E-01 9.211402E-01 2.694889E-02 3.432908E-04 3.892722E+00 8.941451E+00 
1.683978E-01 5.032700E-03 3.181128E-01 1.788444E-01 -1.459127E+00 5.694076E-01 -1.147408E-01 1.040436E+00 2.794882E-02 1.045413E-04 3.995316E+00 8.999563E+00 
1.689265E-01 4.479346E-03 3.360664E-01 1.842599E-01 -1.390905E+00 5.818855E-01 -1.410583E-01 9.546020E-01 2.825622E-02 6.015197E-04 4.169056E+00 8.960320E+00 
1.688345E-01 4.665361E-03 3.444777E-01 1.804630E-01 -1.405781E+00 5.784932E-01 -1.150933E-01 9.840607E-01 2.838896E-02 2.335309E-04 4.473482E+00 8.648843E+00 
1.487513E-01 5.250342E-03 3.204179E-01 1.814310E-01 -1.401946E+00 5.883604E-01 -1.163683E-01 9.351077E-01 2.775789E-02 4.981474E-04 4.042939E+00 8.994331E+00 
1.765488E-01 4.335537E-03 3.318789E-01 1.851058E-01 -1.390870E+00 5.870637E-01 -1.633585E-01 9.586563E-01 2.716621E-02 1.219748E-03 4.019380E+00 8.209816E+00 
1.682127E-01 4.337497E-03 3.218497E-01 1.836984E-01 -1.387702E+00 5.873065E-01 -1.670730E-01 9.552064E-01 2.738485E-02 5.858039E-04 4.152072E+00 8.636316E+00 
1.656760E-01 3.425165E-03 3.177470E-01 1.833220E-01 -1.375761E+00 5.861671E-01 -1.465046E-01 9.690748E-01 2.633576E-02 0.000000E+00 3.589354E+00 8.718385E+00 
1.702315E-01 5.443969E-03 3.280950E-01 1.908283E-01 -1.411117E+00 5.910776E-01 -1.390586E-01 9.654772E-01 2.786678E-02 1.386697E-03 4.197042E+00 8.483111E+00 
1.788249E-01 4.096681E-03 3.120501E-01 1.860514E-01 -1.387930E+00 5.899000E-01 -1.248796E-01 9.691546E-01 2.679046E-02 6.086347E-04 3.883447E+00 8.753867E+00 
1.701778E-01 5.381359E-03 3.268243E-01 1.817931E-01 -1.521192E+00 5.826690E-01 -1.475719E-01 9.679944E-01 2.746142E-02 0.000000E+00 4.098311E+00 8.562995E+00 
1.652499E-01 4.968627E-03 3.287952E-01 1.864628E-01 -1.351937E+00 5.925395E-01 -1.818361E-01 9.421340E-01 2.760283E-02 7.996765E-04 3.821460E+00 8.519529E+00 
1.719088E-01 5.052988E-03 3.226017E-01 1.815449E-01 -1.401552E+00 5.793578E-01 -1.390818E-01 9.637524E-01 2.774708E-02 9.948493E-04 4.021561E+00 7.998858E+00 
1.855973E-01 3.664695E-03 3.430997E-01 1.906865E-01 -1.393731E+00 5.917474E-01 -1.312237E-01 9.498384E-01 2.688440E-02 2.640090E-04 4.337846E+00 9.073559E+00 
1.781739E-01 4.503296E-03 3.372255E-01 1.811964E-01 -1.411215E+00 5.972296E-01 -1.797847E-01 9.557099E-01 2.897799E-02 5.529478E-04 4.197986E+00 8.475077E+00 
1.844317E-01 3.195029E-03 3.191815E-01 1.865177E-01 -1.437489E+00 5.653744E-01 -1.326995E-01 9.814464E-01 2.813569E-02 4.958937E-04 4.175411E+00 8.923967E+00 
1.624204E-01 4.154940E-03 3.140331E-01 1.857990E-01 -1.324374E+00 5.760528E-01 -1.232031E-01 9.689940E-01 2.962217E-02 6.471590E-04 3.989273E+00 9.003948E+00 
1.722487E-01 3.903405E-03 3.213661E-01 1.878390E-01 -1.350712E+00 5.948054E-01 -1.572735E-01 9.541651E-01 2.559103E-02 4.326374E-04 4.099201E+00 8.334556E+00 
1.785469E-01 5.103989E-03 3.375660E-01 1.843689E-01 -1.323451E+00 5.941308E-01 -1.556501E-01 9.416690E-01 2.543178E-02 3.738317E-04 3.983002E+00 8.552126E+00 
1.665579E-01 4.988651E-03 3.163411E-01 1.846607E-01 -1.364421E+00 5.853830E-01 -1.466652E-01 1.028631E+00 2.750922E-02 3.103315E-04 3.982125E+00 8.066095E+00 
1.644648E-01 7.365405E-03 3.072131E-01 1.817602E-01 -1.284818E+00 5.991827E-01 -1.796491E-01 9.495972E-01 2.930939E-02 8.657263E-04 4.169097E+00 8.692613E+00 
1.684977E-01 4.427138E-03 3.318604E-01 1.871415E-01 -1.398843E+00 5.850783E-01 -1.951828E-01 9.546377E-01 2.784908E-02 1.119115E-03 3.881691E+00 8.816315E+00 
1.759469E-01 3.432741E-03 3.408421E-01 1.842955E-01 -1.371887E+00 5.840127E-01 -1.106442E-01 9.510871E-01 2.580818E-02 5.480432E-04 3.825682E+00 8.514701E+00 
1.738993E-01 4.722089E-03 3.174130E-01 1.829879E-01 -1.391096E+00 5.851640E-01 -1.281609E-01 9.453481E-01 2.779651E-02 3.860055E-04 3.431699E+00 8.919980E+00 
1.706279E-01 4.761790E-03 3.207049E-01 1.871333E-01 -1.468124E+00 5.941434E-01 -1.391052E-01 8.894649E-01 2.564458E-02 6.521894E-04 4.466692E+00 8.524775E+00 
1.678298E-01 5.148725E-03 3.157706E-01 1.841709E-01 -1.397675E+00 5.856795E-01 -1.913791E-01 9.655398E-01 2.672779E-02 5.215201E-04 4.051931E+00 8.828082E+00 
1.824256E-01 4.247518E-03 3.311429E-01 1.867462E-01 -1.414100E+00 5.789214E-01 -1.334803E-01 9.890361E-01 2.744413E-02 7.681479E-04 4.053947E+00 8.795622E+00 
1.697962E-01 5.350878E-03 3.258588E-01 1.850422E-01 -1.364464E+00 5.822892E-01 -1.107264E-01 9.544569E-01 2.881960E-02 5.966896E-04 3.938749E+00 8.877684E+00 
1.782286E-01 5.701839E-03 3.154188E-01 1.869035E-01 -1.302473E+00 5.885892E-01 -1.217464E-01 9.986762E-01 2.630142E-02 5.733569E-04 4.155898E+00 8.669183E+00 
