1.843072E-01 5.722917E-03 3.174922E-01 1.774609E-01 -1.388448E+00 5.829249E-01 -1.491482E-01 9.138637E-01 2.618179E-02 7.422465E-04 3.968426E+00 9.420746E+00 
1.737870E-01 4.118041E-03 3.136486E-01 1.868436E-01 -1.377917E+00 5.958735E-01 -1.189786E-01 9.548907E-01 2.792920E-02 7.000245E-04 4.144168E+00 8.586776E+00 
1.692073E-01 4.687610E-03 3.006342E-01 1.866521E-01 -1.419864E+00 5.731221E-01 -1.166530E-01 9.644658E-01 2.782689E-02 2.189119E-04 3.954434E+00 8.484567E+00 
1.804893E-01 5.969929E-03 3.190414E-01 1.834452E-01 -1.325306E+00 5.809155E-01 -1.705309E-01 1.011295E+00 2.792490E-02 9.309372E-04 3.943923E+00 8.511836E+00 
1.722115E-01 4.192312E-03 3.115330E-01 1.860699E-01 -1.412196E+00 5.796482E-01 -8.613877E-02 9.471573E-01 2.823842E-02 4.776125E-04 3.965074E+00 8.819949E+00 
1.598587E-01 5.575426E-03 3.284031E-01 1.842852E-01 -1.371914E+00 5.873101E-01 -1.710460E-01 9.428972E-01 2.793548E-02 4.731753E-04 3.783171E+00 8.548986E+00 
1.750380E-01 3.748216E-03 3.137136E-01 1.848054E-01 -1.433577E+00 5.908554E-01 -9.723496E-02 9.272046E-01 2.781868E-02 6.797943E-04 4.603742E+00 8.724533E+00 
1.780038E-01 2.726495E-03 3.185335E-01 1.872536E-01 -1.378713E+00 5.725247E-01 -1.209903E-01 9.629012E-01 2.659717E-02 8.549496E-04 4.038606E+00 8.693898E+00 
1.781808E-01 2.879050E-03 3.271732E-01 1.875024E-01 -1.456875E+00 5.882160E-01 -1.621878E-01 9.615971E-01 2.708173E-02 8.116174E-04 4.015398E+00 8.665147E+00 
1.695168E-01 4.559659E-03 3.252546E-01 1.861187E-01 -1.418200E+00 5.845877E-01 -1.592119E-01 9.592316E-01 2.709609E-02 5.727332E-04 3.978546E+00 8.946005E+00 
1.586923E-01 5.257277E-03 3.230905E-01 1.798163E-01 -1.422055E+00 5.896731E-01 -1.746746E-01 9.617819E-01 2.696337E-02 7.601915E-04 4.136919E+00 9.396896E+00 
1.862026E-01 4.308514E-03 3.357111E-01 1.853262E-01 -1.435776E+00 5.890262E-01 -1.288000E-01 9.266596E-01 2.758658E-02 5.396743E-04 4.315630E+00 8.733966E+00 
1.783903E-01 3.650404E-03 3.009641E-01 1.827606E-01 -1.424213E+00 5.839872E-01 -1.304420E-01 9.201179E-01 2.670626E-02 3.618105E-04 4.014102E+00 8.607314E+00 
1.738665E-01 4.485196E-03 3.522795E-01 1.769058E-01 -1.429417E+00 5.794636E-01 -1.327874E-01 9.452314E-01 2.813984E-02 5.535751E-04 3.715280E+00 8.947301E+00 
1.793938E-01 6.098987E-03 3.102014E-01 1.862872E-01 -1.365346E+00 5.917612E-01 -1.321431E-01 9.616280E-01 2.864040E-02 7.911143E-04 4.197858E+00 8.361863E+00 
1.777586E-01 5.193608E-03 3.219656E-01 1.835253E-01 -1.400839E+00 5.846695E-01 -1.374225E-01 9.169743E-01 2.857950E-02 6.036380E-04 3.665309E+00 8.928840E+00 
1.798018E-01 4.841080E-03 3.473665E-01 1.862745E-01 -1.421628E+00 5.777215E-01 -1.549756E-01 9.290212E-01 2.732713E-02 1.068251E-03 3.979012E+00 8.627968E+00 
1.774461E-01 3.857285E-03 3.331428E-01 1.842873E-01 -1.443284E+00 5.893289E-01 -1.296019E-01 8.924189E-01 2.705551E-02 4.299595E-04 4.240166E+00 8.723169E+00 
1.755634E-01 5.258683E-03 3.015546E-01 1.830841E-01 -1.405524E+00 5.873841E-01 -1.566383E-01 1.002424E+00 2.610099E-02 3.710560E-04 4.296770E+00 8.666869E+00 
1.622999E-01 2.590460E-03 3.187948E-01 1.649111E-01 -1.367452E+00 5.755886E-01 -1.269820E-01 9.440597E-01 2.675103E-02 5.388747E-04 3.884675E+00 9.123717E+00 
1.759328E-01 9.031744E-03 3.149012E-01 1.928843E-01 -1.419351E+00 5.972921E-01 -1.608737E-01 9.231846E-01 2.935471E-02 1.410434E-04 4.202051E+00 8.636860E+00 
1.634608E-01 5.199173E-03 3.180462E-01 1.853709E-01 -1.350971E+00 5.871004E-01 -1.558646E-01 9.542795E-01 2.609337E-02 8.416819E-04 3.389297E+00 8.624041E+00 
1.728986E-01 4.440126E-03 3.667966E-01 1.831625E-01 -1.446608E+00 5.902203E-01 -1.624420E-01 9.516987E-01 2.630865E-02 1.508294E-03 4.303192E+00 8.563892E+00 
1.674860E-01 4.725204E-03 3.175382E-01 1.776270E-01 -1.393676E+00 5.903427E-01 -1.138782E-01 1.008300E+00 2.743854E-02 7.787697E-04 4.014450E+00 8.532652E+00 
1.809805E-01 5.380627E-03 3.086025E-01 1.784401E-01 -1.387141E+00 5.843178E-01 -1.404466E-01 9.803919E-01 2.983037E-02 3.435798E-03 3.797979E+00 9.011523E+00 
1.774105E-01 4.029932E-03 3.402480E-01 1.834499E-01 -1.412417E+00 5.848326E-01 -1.079748E-01 9.389024E-01 2.744604E-02 5.565271E-04 4.383943E+00 8.689270E+00 
1.694568E-01 3.816537E-03 3.150902E-01 1.828369E-01 -1.315797E+00 5.770332E-01 -1.103553E-01 9.727755E-01 2.747836E-02 3.164575E-04 4.126771E+00 7.865766E+00 
1.678372E-01 4.265260E-03 3.349350E-01 1.839907E-01 -1.386947E+00 5.876785E-01 -1.776915E-01 9.447592E-01 2.524505E-02 1.410602E-03 4.019592E+00 8.572558E+00 
1.772488E-01 5.485983E-03 3.692716E-01 1.802290E-01 -1.532837E+00 5.958400E-01 -1.322817E-01 9.769559E-01 2.675715E-02 2.532608E-03 4.024039E+00 8.961549E+00 
1.859642E-01 4.381077E-03 3.506859E-01 1.878750E-01 -1.371563E+00 5.909582E-01 -1.924152E-01 9.520436E-01 2.678065E-02 1.070349E-03 4.190354E+00 8.884921E+00 
1.697779E-01 4.717299E-03 3.257700E-01 1.825655E-01 -1.268734E+00 5.750688E-01 -1.137040E-01 9.293679E-01 2.961322E-02 6.204973E-04 4.200916E+00 8.612083E+00 
1.773946E-01 4.664274E-03 3.288087E-01 1.875070E-01 -1.369577E+00 5.949932E-01 -1.241013E-01 9.584056E-01 2.562142E-02 1.001975E-03 4.165381E+00 8.579942E+00 
1.801532E-01 5.631005E-03 3.330988E-01 1.854850E-01 -1.419673E+00 5.947394E-01 -1.292583E-01 9.458109E-01 2.737493E-02 6.334455E-04 3.920285E+00 9.086138E+00 
1.644418E-01 2.731169E-02 3.591413E-01 1.538341E-01 -1.370760E+00 3.366240E-01 -2.958630E-02 8.805373E-01 2.923533E-02 4.494944E-03 3.591933E+00 9.897985E+00 
1.762727E-01 4.503108E-03 3.305813E-01 1.887707E-01 -1.410425E+00 5.898941E-01 -1.337680E-01 9.512718E-01 2.744829E-02 9.032249E-04 4.149661E+00 8.479975E+00 
1.820689E-01 7.357635E-03 3.320758E-01 1.776646E-01 -1.444053E+00 5.922822E-01 -1.793193E-01 1.008065E+00 2.783862E-02 1.081886E-03 3.840008E+00 8.837462E+00 
1.736467E-01 1.000000E-04 3.269539E-01 1.704055E-01 -1.415093E+00 4.829049E-01 -1.679408E-01 9.331174E-01 2.785048E-02 1.233251E-03 3.890053E+00 8.969320E+00 
1.780801E-01 4.649241E-03 3.233620E-01 1.837079E-01 -1.378643E+00 5.886229E-01 -1.112187E-01 1.013395E+00 2.740316E-02 4.801478E-04 4.347384E+00 8.589547E+00 
1.716972E-01 5.200131E-03 3.020344E-01 1.775297E-01 -1.371909E+00 5.755291E-01 -1.522191E-01 9.749816E-01 2.665167E-02 6.953771E-04 4.062801E+00 8.661086E+00 
1.766682E-01 4.134366E-03 3.272501E-01 1.820081E-01 -1.376561E+00 5.810353E-01 -1.583527E-01 9.454008E-01 2.832673E-02 6.579287E-04 4.534969E+00 8.394713E+00 
1.668104E-01 4.274995E-03 3.290149E-01 1.836533E-01 -1.452744E+00 5.786196E-01 -1.110172E-01 1.034764E+00 2.984541E-02 5.355235E-04 4.277508E+00 9.523320E+00 
1.770212E-01 5.901727E-03 3.208020E-01 1.848211E-01 -1.359479E+00 5.843067E-01 -1.371995E-01 8.748706E-01 2.781702E-02 4.402895E-04 4.181706E+00 9.012219E+00 
1.724397E-01 4.712971E-03 3.210234E-01 1.844963E-01 -1.420880E+00 5.831534E-01 -1.438967E-01 9.522281E-01 2.763873E-02 5.642674E-04 4.356244E+00 8.469723E+00 
1.828460E-01 4.850167E-03 3.315088E-01 1.846589E-01 -1.275589E+00 5.931412E-01 -1.725982E-01 9.027466E-01 2.738938E-02 6.830502E-04 4.325390E+00 8.988593E+00 
1.701404E-01 4.530774E-03 3.525126E-01 1.769723E-01 -1.598741E+00 5.851433E-01 -1.104436E-01 9.805454E-01 2.678192E-02 3.569297E-03 3.828670E+00 9.373838E+00 
1.800064E-01 4.033813E-03 2.940220E-01 1.863079E-01 -1.370502E+00 5.961258E-01 -1.214826E-01 9.188723E-01 2.743401E-02 9.955931E-05 4.219562E+00 8.659369E+00 
1.673857E-01 5.197073E-03 3.081180E-01 1.843236E-01 -1.463717E+00 5.879935E-01 -1.286966E-01 9.633782E-01 2.846787E-02 4.147164E-04 4.255708E+00 8.397857E+00 
1.731853E-01 5.270644E-03 3.004696E-01 1.823588E-01 -1.379994E+00 5.794310E-01 -1.222582E-01 9.296061E-01 2.854237E-02 4.965047E-04 4.440221E+00 8.906240E+00 
1.713012E-01 4.851945E-03 3.013524E-01 1.819257E-01 -1.345495E+00 5.875048E-01 -1.415967E-01 9.785631E-01 2.733945E-02 0.000000E+00 4.289681E+00 8.683543E+00 
1.764442E-01 4.871718E-03 3.126944E-01 1.854987E-01 -1.374425E+00 5.801354E-01 -2.000000E-01 9.641993E-01 2.511530E-02 7.022579E-04 4.219874E+00 9.007110E+00 
1.743617E-01 4.082380E-03 3.240443E-01 1.844866E-01 -1.392477E+00 5.983452E-01 -1.594038E-01 9.024937E-01 2.967633E-02 6.766569E-04 3.957786E+00 8.756480E+00 
1.883324E-01 5.308275E-03 3.144909E-01 1.846813E-01 -1.389472E+00 5.873892E-01 -1.928503E-01 9.589492E-01 2.805579E-02 6.498790E-04 4.562354E+00 8.991381E+00 
1.712446E-01 4.590924E-03 3.189124E-01 1.822532E-01 -1.351929E+00 5.872763E-01 -1.188993E-01 9.598096E-01 3.105616E-02 3.053380E-04 4.070786E+00 8.396228E+00 
1.884784E-01 4.345327E-03 3.074564E-01 1.845626E-01 -1.312487E+00 5.841703E-01 -1.642971E-01 9.620730E-01 2.767518E-02 9.688784E-04 3.750230E+00 8.972695E+00 
1.633662E-01 4.548892E-03 3.132066E-01 1.843813E-01 -1.256497E+00 5.909275E-01 -2.000000E-01 8.904777E-01 2.877748E-02 8.236079E-04 3.882014E+00 7.976549E+00 
1.723420E-01 4.579695E-03 3.230070E-01 1.849048E-01 -1.365734E+00 5.870623E-01 -1.500088E-01 9.949252E-01 2.812845E-02 7.098631E-04 4.311994E+00 8.689880E+00 
1.728062E-01 5.478808E-03 3.393812E-01 1.871003E-01 -1.308299E+00 5.943281E-01 -1.857004E-01 9.467729E-01 2.681752E-02 7.309010E-04 3.686254E+00 8.539618E+00 
1.773084E-01 5.516749E-03 3.249424E-01 1.852295E-01 -1.398838E+00 5.886193E-01 -1.260752E-01 9.159355E-01 2.717709E-02 6.821575E-04 3.816367E+00 8.885571E+00 
1.725646E-01 3.877622E-03 3.254489E-01 1.857617E-01 -1.360879E+00 5.957425E-01 -1.809939E-01 9.468113E-01 2.699878E-02 6.861980E-04 4.051415E+00 8.796729E+00 
1.564447E-01 4.416750E-03 3.263244E-01 1.810220E-01 -1.427523E+00 5.813789E-01 -9.936122E-02 1.028896E+00 2.926634E-02 7.685241E-04 4.040184E+00 9.087497E+00 
1.709333E-01 4.602266E-03 3.160926E-01 1.788483E-01 -1.328558E+00 5.896109E-01 -1.254837E-01 9.509065E-01 2.602335E-02 7.013479E-04 3.974442E+00 9.097179E+00 
1.704483E-01 4.897052E-03 3.733780E-01 1.841151E-01 -1.348611E+00 5.815605E-01 -1.608418E-01 9.375018E-01 2.594521E-02 1.366022E-04 4.057559E+00 8.866980E+00 
1.614618E-01 5.338327E-03 3.271900E-01 1.850445E-01 -1.241601E+00 5.855424E-01 -1.313593E-01 9.583893E-01 2.928392E-02 1.296531E-03 3.849215E+00 8.123054E+00 
1.967851E-01 5.795909E-03 3.281497E-01 1.832513E-01 -1.342169E+00 5.883229E-01 -1.052427E-01 9.552530E-01 2.862684E-02 7.020093E-04 4.169073E+00 8.887591E+00 
1.567398E-01 5.177881E-03 3.090488E-01 1.831075E-01 -1.384184E+00 5.864763E-01 -1.462206E-01 9.674819E-01 2.649023E-02 8.288805E-04 4.217903E+00 7.689925E+00 
1.688882E-01 6.611634E-03 3.357319E-01 1.842242E-01 -1.408839E+00 5.885065E-01 -1.121044E-01 9.410042E-01 2.641218E-02 6.110592E-04 3.888106E+00 8.588327E+00 
1.701600E-01 7.132516E-03 3.248609E-01 1.717826E-01 -1.387571E+00 5.470735E-01 -1.187771E-01 9.138800E-01 2.715130E-02 6.899640E-04 4.120134E+00 8.999837E+00 
1.502157E-01 4.929083E-03 3.218608E-01 1.794370E-01 -1.398370E+00 5.832655E-01 -1.712223E-01 9.264748E-01 2.849779E-02 5.235032E-04 3.608018E+00 9.140098E+00 
1.745308E-01 4.107611E-03 3.184345E-01 1.807464E-01 -1.388113E+00 5.906768E-01 -1.178794E-01 9.544740E-01 2.621527E-02 3.731698E-04 3.803850E+00 9.218939E+00 
1.708701E-01 5.996266E-03 3.249796E-01 1.838503E-01 -1.382770E+00 5.668674E-01 -1.096031E-01 9.414203E-01 2.707503E-02 4.641449E-04 4.100989E+00 8.389944E+00 
1.770175E-01 6.324270E-03 3.238377E-01 1.808084E-01 -1.483783E+00 5.634144E-01 -1.602114E-01 9.441347E-01 2.715853E-02 6.230030E-04 4.010857E+00 9.245324E+00 
1.733378E-01 6.098626E-03 3.322615E-01 1.870318E-01 -1.410005E+00 5.979930E-01 -1.363950E-01 9.716950E-01 2.940056E-02 1.070369E-03 4.364791E+00 9.070935E+00 
1.723413E-01 3.557352E-03 3.374078E-01 1.872439E-01 -1.408093E+00 5.813696E-01 -1.279982E-01 9.581473E-01 2.868868E-02 9.779926E-04 4.318741E+00 9.503140E+00 
1.696012E-01 3.716522E-03 3.356580E-01 1.885551E-01 -1.433613E+00 5.907384E-01 -1.065186E-01 9.331005E-01 2.767361E-02 5.802780E-04 4.522463E+00 8.820119E+00 
1.577265E-01 5.410206E-03 3.215418E-01 1.818252E-01 -1.401466E+00 5.783741E-01 -1.372524E-01 9.518747E-01 2.660783E-02 7.827833E-04 4.044890E+00 9.056159E+00 
1.116622E-01 4.988735E-02 3.306248E-01 1.865443E-01 -1.321832E+00 4.716104E-01 -1.165903E-01 1.020955E+00 2.809245E-02 8.496250E-04 3.998215E+00 8.495681E+00 
1.726098E-01 5.162759E-03 3.131480E-01 1.833462E-01 -1.392337E+00 5.756413E-01 -1.658270E-01 9.409715E-01 3.050993E-02 9.366457E-04 4.097173E+00 9.035832E+00 
1.807424E-01 4.995482E-03 3.208038E-01 1.830201E-01 -1.356587E+00 5.915837E-01 -1.516637E-01 9.554860E-01 2.725941E-02 1.461443E-03 4.091499E+00 8.803657E+00 
1.630997E-01 5.005531E-03 3.321576E-01 1.861573E-01 -1.422048E+00 5.848274E-01 -1.464105E-01 9.718217E-01 2.848907E-02 8.765174E-04 4.172270E+00 9.358222E+00 
1.763557E-01 3.936171E-03 3.183423E-01 1.757442E-01 -1.396497E+00 5.849028E-01 -1.538490E-01 8.938594E-01 2.655252E-02 6.929488E-04 4.022892E+00 8.842867E+00 
1.732324E-01 5.585952E-03 3.467787E-01 1.852344E-01 -1.580742E+00 5.994902E-01 -1.230160E-01 9.355994E-01 2.484180E-02 0.000000E+00 4.146931E+00 8.771421E+00 
1.590713E-01 6.632873E-03 3.453676E-01 1.807261E-01 -1.426967E+00 5.815144E-01 -1.456173E-01 9.323747E-01 2.692652E-02 9.453720E-04 4.049439E+00 8.468758E+00 
1.878824E-01 4.612811E-03 3.110713E-01 1.876657E-01 -1.372225E+00 5.940513E-01 -1.950806E-01 9.379547E-01 2.689390E-02 1.000111E-03 4.348166E+00 9.066018E+00 
1.642626E-01 4.366059E-03 3.396280E-01 1.871484E-01 -1.420072E+00 5.931707E-01 -1.573473E-01 9.503602E-01 2.707600E-02 6.344531E-04 4.064656E+00 8.780325E+00 
1.638207E-01 5.349699E-03 3.365663E-01 1.837114E-01 -1.364021E+00 5.884775E-01 -1.928776E-01 9.255257E-01 2.627651E-02 0.000000E+00 4.194728E+00 8.976332E+00 
1.730273E-01 3.673899E-03 3.175598E-01 1.835934E-01 -1.344022E+00 5.740143E-01 -1.093437E-01 9.856374E-01 2.647452E-02 7.281176E-04 4.351586E+00 8.815062E+00 
1.669475E-01 5.074946E-03 3.438220E-01 1.832924E-01 -1.443577E+00 5.923186E-01 -1.240855E-01 9.579208E-01 2.774674E-02 7.832597E-04 4.321552E+00 9.333334E+00 
1.733454E-01 5.197267E-03 3.186416E-01 1.817009E-01 -1.367371E+00 5.812310E-01 -1.419820E-01 9.607891E-01 2.854550E-02 5.157779E-04 4.067380E+00 8.629149E+00 
1.662125E-01 4.343461E-03 3.361722E-01 1.833858E-01 -1.398702E+00 5.975782E-01 -1.477785E-01 9.746438E-01 2.590042E-02 4.404644E-04 4.180920E+00 8.806805E+00 
1.832458E-01 4.377907E-03 3.388268E-01 1.861329E-01 -1.442915E+00 5.906878E-01 -1.275205E-01 9.523154E-01 2.639545E-02 4.740728E-04 4.204947E+00 8.870042E+00 
1.829879E-01 5.452678E-03 3.336488E-01 1.857623E-01 -1.381191E+00 5.915546E-01 -1.482363E-01 9.348189E-01 2.522849E-02 3.065949E-04 4.314323E+00 8.835913E+00 
1.731596E-01 4.041701E-03 3.148130E-01 1.839824E-01 -1.415297E+00 5.692041E-01 -1.058893E-01 9.742258E-01 2.942675E-02 5.655955E-04 4.012128E+00 8.760992E+00 
1.707801E-01 4.185819E-03 3.279721E-01 1.826991E-01 -1.323924E+00 5.853673E-01 -1.408355E-01 9.045555E-01 2.543976E-02 5.029255E-04 4.080559E+00 8.528858E+00 
1.763249E-01 4.521680E-03 3.167585E-01 1.861196E-01 -1.431021E+00 5.808486E-01 -1.263436E-01 9.577595E-01 2.653661E-02 7.760734E-04 4.027735E+00 8.601776E+00 
1.802306E-01 3.017529E-03 3.228171E-01 1.847749E-01 -1.359106E+00 5.859034E-01 -1.344389E-01 9.283983E-01 2.828090E-02 3.945156E-04 3.761700E+00 8.751018E+00 
1.724267E-01 4.454432E-03 3.371825E-01 1.856855E-01 -1.403852E+00 5.873817E-01 -1.756552E-01 9.437023E-01 2.839522E-02 5.948965E-04 4.192256E+00 8.553643E+00 
1.763299E-01 4.085704E-03 3.364454E-01 1.881631E-01 -1.385779E+00 5.705401E-01 -1.690965E-01 9.842501E-01 3.015377E-02 2.178108E-04 4.507475E+00 9.367519E+00 
1.734559E-01 4.491594E-03 3.339581E-01 1.887738E-01 -1.347282E+00 5.920389E-01 -1.580604E-01 1.010257E+00 2.588904E-02 5.990478E-04 4.319737E+00 8.587010E+00 
1.790559E-01 4.838314E-03 3.346343E-01 1.834885E-01 -1.420062E+00 5.842355E-01 -1.393804E-01 9.389221E-01 2.627801E-02 5.242725E-04 4.221134E+00 9.142901E+00 
1.848770E-01 5.005292E-03 3.049195E-01 1.794180E-01 -1.511062E+00 5.937530E-01 -1.252004E-01 8.551941E-01 2.831188E-02 6.413619E-04 4.187120E+00 8.919843E+00 
1.646286E-01 4.945579E-03 3.092623E-01 1.876710E-01 -1.323646E+00 5.729928E-01 -1.224049E-01 9.516798E-01 3.044793E-02 3.080409E-04 4.087381E+00 8.901356E+00 
1.739212E-01 2.467106E-03 3.282998E-01 1.849072E-01 -1.464613E+00 5.875327E-01 -9.824761E-02 9.169092E-01 2.927655E-02 1.122883E-03 4.192479E+00 8.767125E+00 
1.783365E-01 4.185600E-03 3.237618E-01 1.858755E-01 -1.366058E+00 5.888747E-01 -1.107438E-01 9.286590E-01 2.823291E-02 1.198469E-03 4.248709E+00 8.436294E+00 
1.792770E-01 4.414213E-03 3.337291E-01 1.855366E-01 -1.443333E+00 5.872105E-01 -1.260370E-01 1.001790E+00 2.701056E-02 7.335175E-04 4.543554E+00 9.442037E+00 
1.781546E-01 4.554750E-03 3.195763E-01 1.869194E-01 -1.425010E+00 5.834489E-01 -1.465131E-01 1.019887E+00 2.698581E-02 4.709666E-04 3.974971E+00 8.944418E+00 
1.731200E-01 5.270383E-03 3.295713E-01 1.857096E-01 -1.431746E+00 5.875039E-01 -1.135416E-01 9.532589E-01 2.629471E-02 2.095587E-04 4.043188E+00 8.415353E+00 
1.783381E-01 3.887063E-03 3.276047E-01 1.856992E-01 -1.425491E+00 5.869327E-01 -1.671984E-01 9.367714E-01 2.772817E-02 7.283068E-04 4.063625E+00 8.760181E+00 
1.784521E-01 5.244153E-03 3.421933E-01 1.853525E-01 -1.318571E+00 5.924597E-01 -1.720660E-01 9.067522E-01 2.708135E-02 5.449098E-04 4.202493E+00 9.129916E+00 
1.744105E-01 4.806890E-03 3.205530E-01 1.846447E-01 -1.388995E+00 5.846910E-01 -1.479560E-01 9.341837E-01 2.802606E-02 5.207449E-04 4.247494E+00 8.757208E+00 
1.449579E-01 3.461025E-02 3.711499E-01 1.678690E-01 -1.340128E+00 3.927189E-01 -9.199698E-02 5.556894E-01 2.757876E-02 4.065159E-03 3.861597E+00 1.370652E+01 
1.887554E-01 4.229392E-03 3.194468E-01 1.837031E-01 -1.390889E+00 5.885759E-01 -1.224569E-01 9.630886E-01 2.811105E-02 4.746093E-04 3.958543E+00 8.560720E+00 
1.802839E-01 4.832774E-03 3.440577E-01 1.830527E-01 -1.346789E+00 5.759062E-01 -1.799012E-01 9.361377E-01 2.753976E-02 6.741512E-04 4.238570E+00 9.207481E+00 
1.648256E-01 1.277005E-02 3.186975E-01 1.759083E-01 -1.392162E+00 1.302393E-01 -1.036099E-01 9.756157E-01 2.542544E-02 1.270590E-03 3.883289E+00 9.279971E+00 
1.760715E-01 7.479771E-03 3.173591E-01 1.882000E-01 -1.266959E+00 5.919411E-01 -1.464515E-01 8.776691E-01 2.779721E-02 6.518411E-04 4.137251E+00 8.534102E+00 
1.728805E-01 6.131157E-03 3.270224E-01 1.820152E-01 -1.342767E+00 5.773251E-01 -1.751357E-01 9.141243E-01 2.732323E-02 3.538230E-04 4.168526E+00 8.742419E+00 
1.742667E-01 3.937912E-03 3.421980E-01 1.810646E-01 -1.356579E+00 6.000000E-01 -1.064341E-01 9.609534E-01 2.795002E-02 1.151400E-03 4.189672E+00 8.917843E+00 
1.775746E-01 1.279338E-02 3.322254E-01 1.902090E-01 -1.378259E+00 6.000000E-01 -1.354699E-01 9.879742E-01 2.552215E-02 2.864230E-04 4.075712E+00 8.620740E+00 
1.751493E-01 4.146681E-03 3.165207E-01 1.858224E-01 -1.363387E+00 5.765600E-01 -1.290705E-01 9.499259E-01 2.785413E-02 6.579073E-04 4.274215E+00 8.729077E+00 
1.701047E-01 1.000000E-04 3.338371E-01 1.869684E-01 -1.392916E+00 5.623655E-01 -1.475501E-01 9.392598E-01 2.811019E-02 7.221113E-04 3.789380E+00 9.265348E+00 
1.683723E-01 1.271481E-02 3.375866E-01 1.791966E-01 -1.407086E+00 5.871822E-01 -1.368257E-01 9.584100E-01 2.754685E-02 8.477931E-04 3.804421E+00 9.174751E+00 
1.745170E-01 4.825775E-03 3.330160E-01 1.802599E-01 -1.447221E+00 5.746310E-01 -1.026369E-01 9.576234E-01 2.816133E-02 6.505271E-04 4.142184E+00 8.281771E+00 
1.752083E-01 3.533043E-03 3.184632E-01 1.853222E-01 -1.372271E+00 5.832290E-01 -9.772482E-02 9.158682E-01 2.669374E-02 6.992174E-04 4.205976E+00 8.278049E+00 
1.695149E-01 4.608990E-03 3.349256E-01 1.843923E-01 -1.406399E+00 5.885815E-01 -1.246640E-01 9.537506E-01 2.680852E-02 8.175384E-04 3.808408E+00 8.674355E+00 
1.697285E-01 3.886769E-03 3.137930E-01 1.859377E-01 -1.432136E+00 5.818591E-01 -1.159086E-01 9.838770E-01 2.884933E-02 1.077037E-03 4.173351E+00 8.665106E+00 
1.676961E-01 4.596018E-03 3.189338E-01 1.821656E-01 -1.406421E+00 5.757980E-01 -9.499120E-02 9.553140E-01 2.829013E-02 5.327860E-04 4.094294E+00 8.273672E+00 
1.606263E-01 6.876537E-03 3.182038E-01 1.847650E-01 -1.299468E+00 5.853496E-01 -1.202541E-01 9.504886E-01 2.828381E-02 5.266291E-04 4.051340E+00 8.781456E+00 
1.772324E-01 3.984098E-03 3.106941E-01 1.842303E-01 -1.344785E+00 5.820347E-01 -1.181193E-01 9.501263E-01 2.553427E-02 4.521691E-04 4.024842E+00 8.412924E+00 
1.680844E-01 5.353427E-03 3.429936E-01 1.841717E-01 -1.420043E+00 5.936324E-01 -1.330493E-01 9.792372E-01 2.951700E-02 5.347346E-04 3.883455E+00 8.626276E+00 
1.614948E-01 2.038260E-03 3.251186E-01 1.835756E-01 -1.450871E+00 6.000000E-01 -1.115243E-01 9.626599E-01 2.618372E-02 9.033787E-04 4.156327E+00 9.753835E+00 
1.803197E-01 3.566582E-03 3.182945E-01 1.877295E-01 -1.406935E+00 5.917607E-01 -1.187225E-01 9.069707E-01 2.673756E-02 6.676567E-04 3.976294E+00 8.990479E+00 
1.751566E-01 5.188542E-03 3.256700E-01 1.842469E-01 -1.368752E+00 5.857105E-01 -1.119038E-01 9.422650E-01 2.667601E-02 1.172661E-03 4.147986E+00 8.987616E+00 
1.754518E-01 4.278612E-03 3.259495E-01 1.831124E-01 -1.327184E+00 5.859225E-01 -1.208737E-01 9.580923E-01 2.794002E-02 6.287357E-04 4.063437E+00 8.613057E+00 
1.797289E-01 6.279963E-03 3.143795E-01 1.853093E-01 -1.469525E+00 5.961851E-01 -1.563175E-01 9.734158E-01 2.562999E-02 4.167688E-04 4.304887E+00 9.031088E+00 
1.708754E-01 3.762706E-03 3.213140E-01 1.798736E-01 -1.387622E+00 5.934322E-01 -1.666295E-01 9.371727E-01 2.736864E-02 6.839538E-04 3.470268E+00 8.925924E+00 
1.829057E-01 4.559283E-03 3.321739E-01 1.861440E-01 -1.448455E+00 5.842494E-01 -1.344242E-01 9.421919E-01 2.829462E-02 8.216380E-04 4.129846E+00 9.017815E+00 
1.697354E-01 4.544032E-03 3.293707E-01 1.881444E-01 -1.363805E+00 5.787843E-01 -1.499853E-01 9.567261E-01 2.781939E-02 8.659436E-04 4.245229E+00 8.509405E+00 
1.751013E-01 3.978900E-03 3.127454E-01 1.863257E-01 -1.295252E+00 5.980580E-01 -1.355500E-01 9.257499E-01 2.861741E-02 1.065184E-03 3.881461E+00 8.498522E+00 
1.833391E-01 5.411053E-03 3.413956E-01 1.881123E-01 -1.353033E+00 5.809654E-01 -1.160254E-01 9.386322E-01 2.613739E-02 8.587138E-04 4.391641E+00 8.574898E+00 
1.695979E-01 4.406494E-03 3.342770E-01 1.838932E-01 -1.438124E+00 5.875450E-01 -1.734281E-01 9.624301E-01 2.676475E-02 1.181604E-03 4.049557E+00 8.711679E+00 
1.728695E-01 6.605264E-03 3.315702E-01 1.813335E-01 -1.397968E+00 5.938010E-01 -9.637525E-02 9.306920E-01 2.760479E-02 1.176113E-03 4.699870E+00 9.449610E+00 
1.977607E-01 5.203323E-03 3.302206E-01 1.794987E-01 -1.380058E+00 5.855411E-01 -1.486190E-01 9.969362E-01 2.194035E-02 1.957695E-03 4.156134E+00 8.673392E+00 
1.712984E-01 4.755316E-03 3.391152E-01 1.821854E-01 -1.393930E+00 5.969769E-01 -1.512054E-01 9.493337E-01 2.709585E-02 4.232383E-04 4.034313E+00 8.717212E+00 
1.714373E-01 4.784644E-03 3.281806E-01 1.836499E-01 -1.346107E+00 5.879519E-01 -2.000000E-01 9.132605E-01 2.719932E-02 5.211124E-04 4.022612E+00 9.408610E+00 
1.748256E-01 4.123176E-03 3.134441E-01 1.806709E-01 -1.391141E+00 5.777287E-01 -1.781914E-01 9.475028E-01 2.868536E-02 3.464028E-04 4.006740E+00 8.423866E+00 
1.813062E-01 3.794718E-03 3.094615E-01 1.866010E-01 -1.359143E+00 5.893049E-01 -1.360283E-01 9.771719E-01 2.787846E-02 7.167043E-04 4.075475E+00 8.506116E+00 
1.779267E-01 5.613717E-03 3.138726E-01 1.864708E-01 -1.461646E+00 5.893469E-01 -1.189628E-01 8.948857E-01 2.618263E-02 7.817864E-04 4.395793E+00 9.230681E+00 
1.735417E-01 4.399525E-03 3.257098E-01 1.845140E-01 -1.452238E+00 5.758565E-01 -1.427742E-01 9.629645E-01 2.514250E-02 7.114992E-04 3.823747E+00 8.842491E+00 
1.851915E-01 5.030499E-03 3.319839E-01 1.863375E-01 -1.485704E+00 5.940466E-01 -1.354451E-01 9.606121E-01 2.603788E-02 1.314373E-04 3.841199E+00 8.731992E+00 
1.655570E-01 6.763829E-03 3.392682E-01 1.834413E-01 -1.349268E+00 5.818627E-01 -1.956730E-01 9.279966E-01 2.691601E-02 7.158898E-04 4.406293E+00 8.714554E+00 
1.624208E-01 4.653696E-03 3.207323E-01 1.839981E-01 -1.259805E+00 5.854853E-01 -1.465485E-01 9.439498E-01 2.654520E-02 7.768673E-04 3.963683E+00 8.432347E+00 
1.802982E-01 4.883036E-03 3.190151E-01 1.861613E-01 -1.397629E+00 5.816092E-01 -1.431778E-01 9.147134E-01 2.687104E-02 7.864150E-04 4.187610E+00 9.202277E+00 
1.650845E-01 5.625434E-03 3.262937E-01 1.825730E-01 -1.400046E+00 5.863022E-01 -1.555900E-01 9.663435E-01 2.717084E-02 7.603716E-04 4.182467E+00 8.948481E+00 
1.694985E-01 4.567095E-03 3.228479E-01 1.843205E-01 -1.343785E+00 5.965272E-01 -1.717768E-01 9.414208E-01 2.619683E-02 1.750918E-03 3.398234E+00 8.688663E+00 
1.658323E-01 3.600666E-03 3.270953E-01 1.843352E-01 -1.331695E+00 5.868221E-01 -1.457547E-01 9.387037E-01 2.710482E-02 8.000107E-04 4.222058E+00 8.789955E+00 
1.656197E-01 5.829884E-03 3.258276E-01 1.814615E-01 -1.322843E+00 5.782820E-01 -1.997343E-01 9.355977E-01 2.591884E-02 6.370508E-04 4.232799E+00 8.923281E+00 
1.735413E-01 5.687828E-03 3.081100E-01 1.861581E-01 -1.484063E+00 5.865433E-01 -1.556112E-01 9.317617E-01 2.808743E-02 1.008765E-03 3.950211E+00 9.422962E+00 
1.722294E-01 3.671963E-03 3.297061E-01 1.873972E-01 -1.399514E+00 5.875538E-01 -1.283744E-01 9.719350E-01 2.953365E-02 7.572001E-04 3.353622E+00 9.202116E+00 
1.762081E-01 3.646200E-03 3.175706E-01 1.835749E-01 -1.332423E+00 5.956641E-01 -1.399737E-01 9.575404E-01 2.772624E-02 4.724037E-04 4.287911E+00 8.849715E+00 
1.654378E-01 4.691880E-03 3.093338E-01 1.881193E-01 -1.426262E+00 5.848858E-01 -1.412519E-01 1.015506E+00 2.620842E-02 4.095673E-04 3.899824E+00 8.740389E+00 
1.739948E-01 5.885125E-03 3.053930E-01 1.856079E-01 -1.416187E+00 5.907496E-01 -1.207831E-01 9.571035E-01 2.682392E-02 6.993454E-04 4.159037E+00 8.160752E+00 
1.741497E-01 4.883308E-03 3.055401E-01 1.816172E-01 -1.424589E+00 5.758590E-01 -1.524419E-01 9.456224E-01 2.954443E-02 6.594380E-04 4.149713E+00 8.939604E+00 
1.841212E-01 4.266333E-03 3.217400E-01 1.870032E-01 -1.392484E+00 5.860999E-01 -1.146280E-01 9.521310E-01 2.837565E-02 3.539641E-04 4.356242E+00 8.462275E+00 
1.853010E-01 4.822504E-03 3.436927E-01 1.865123E-01 -1.375691E+00 5.992185E-01 -1.661907E-01 9.087117E-01 2.767171E-02 8.302351E-04 4.045745E+00 8.857063E+00 
1.783673E-01 5.651713E-03 3.274536E-01 1.850829E-01 -1.410047E+00 5.984639E-01 -1.374086E-01 9.351639E-01 2.651386E-02 2.873819E-04 4.139997E+00 9.323351E+00 
1.741287E-01 4.921904E-03 3.142264E-01 1.819092E-01 -1.436955E+00 5.941649E-01 -1.117333E-01 9.391100E-01 2.925999E-02 5.872202E-04 3.966632E+00 9.229605E+00 
1.699347E-01 3.854202E-03 3.301811E-01 1.852869E-01 -1.415569E+00 5.839514E-01 -1.320450E-01 9.415809E-01 2.847205E-02 7.425455E-04 4.117730E+00 8.340645E+00 
1.687583E-01 4.551360E-03 3.278379E-01 1.877678E-01 -1.379544E+00 5.794862E-01 -1.678314E-01 9.526376E-01 2.719872E-02 1.200502E-03 3.916039E+00 8.795575E+00 
1.716844E-01 4.611829E-03 3.359239E-01 1.795719E-01 -1.470468E+00 5.873278E-01 -1.254866E-01 9.649114E-01 2.668795E-02 6.384436E-04 3.988638E+00 8.863349E+00 
1.772956E-01 4.889420E-03 3.427462E-01 1.859222E-01 -1.410472E+00 5.859160E-01 -1.527357E-01 9.671773E-01 2.823238E-02 4.081072E-04 4.309441E+00 8.644386E+00 
1.774438E-01 5.158657E-03 3.014727E-01 1.860444E-01 -1.399134E+00 5.770892E-01 -1.183476E-01 1.026451E+00 2.704516E-02 2.934958E-04 3.789609E+00 8.997376E+00 
1.827547E-01 3.975472E-03 3.329021E-01 1.838116E-01 -1.413998E+00 5.843981E-01 -1.355937E-01 9.785720E-01 2.546946E-02 9.695761E-04 4.354017E+00 8.542199E+00 
1.738222E-01 4.900284E-03 3.315677E-01 1.812434E-01 -1.395769E+00 5.924433E-01 -1.691793E-01 9.214944E-01 2.679950E-02 1.218554E-03 4.509152E+00 9.471801E+00 
1.930531E-01 4.074693E-03 3.233507E-01 1.848516E-01 -1.416776E+00 5.813149E-01 -1.548644E-01 9.358372E-01 2.925478E-02 1.905558E-04 4.177786E+00 8.842697E+00 
1.755470E-01 3.867894E-03 3.219294E-01 1.860071E-01 -1.410270E+00 5.862516E-01 -1.014213E-01 9.703436E-01 2.859249E-02 5.381937E-04 4.302882E+00 8.924418E+00 
1.662892E-01 4.925725E-03 3.413020E-01 1.835177E-01 -1.432193E+00 5.854785E-01 -1.293237E-01 9.391465E-01 2.913971E-02 7.490175E-04 4.206044E+00 9.343591E+00 
1.769080E-01 5.191119E-03 3.117713E-01 1.871552E-01 -1.377817E+00 5.770906E-01 -1.219956E-01 1.037836E+00 2.837312E-02 4.047448E-04 4.129090E+00 8.425994E+00 
1.578900E-01 5.106343E-03 3.139540E-01 1.804063E-01 -1.417452E+00 5.777908E-01 -1.615437E-01 9.713397E-01 2.822288E-02 1.008283E-03 4.119352E+00 9.961574E+00 
1.835805E-01 5.748307E-03 3.174128E-01 1.957718E-01 -1.372933E+00 5.963144E-01 -1.315354E-01 9.141161E-01 2.793917E-02 7.145440E-04 4.189454E+00 8.100938E+00 
1.804557E-01 4.177019E-03 3.282733E-01 1.865125E-01 -1.318287E+00 5.802385E-01 -1.232673E-01 9.466704E-01 2.711409E-02 7.558806E-04 4.139246E+00 8.923867E+00 
1.775723E-01 3.966359E-03 3.231457E-01 1.854108E-01 -1.415927E+00 5.795829E-01 -1.217026E-01 9.318654E-01 2.689782E-02 6.996552E-04 4.092786E+00 8.392686E+00 
1.752074E-01 4.278705E-03 3.341180E-01 1.841933E-01 -1.404350E+00 5.797204E-01 -1.525938E-01 9.936179E-01 2.825398E-02 6.630290E-04 4.022588E+00 8.703023E+00 
1.770065E-01 4.456118E-03 3.217966E-01 1.827085E-01 -1.328658E+00 5.811071E-01 -1.285680E-01 9.681335E-01 2.887223E-02 5.787779E-04 4.423007E+00 9.433846E+00 
1.552478E-01 4.965282E-03 3.328159E-01 1.838954E-01 -1.373581E+00 5.867742E-01 -1.465581E-01 9.623581E-01 2.704648E-02 9.300878E-04 4.181375E+00 8.418672E+00 
1.780011E-01 7.201965E-03 3.239928E-01 1.798797E-01 -1.400943E+00 5.742636E-01 -7.147416E-02 9.358580E-01 2.854274E-02 8.014413E-04 4.770523E+00 8.476738E+00 
1.619439E-01 4.453968E-03 3.268024E-01 1.829618E-01 -1.366674E+00 5.825798E-01 -1.528015E-01 1.007050E+00 2.760303E-02 5.615467E-04 4.111164E+00 8.449162E+00 
1.820074E-01 4.267042E-03 2.964292E-01 1.848108E-01 -1.403012E+00 5.667548E-01 -1.074439E-01 9.761990E-01 2.899646E-02 5.827046E-04 4.315518E+00 8.817310E+00 
1.691167E-01 4.581563E-03 3.219744E-01 1.878510E-01 -1.364985E+00 5.901103E-01 -1.526244E-01 9.610619E-01 2.716574E-02 6.303465E-04 4.193064E+00 8.773275E+00 
1.783837E-01 3.785533E-03 3.067311E-01 1.854905E-01 -1.442138E+00 5.869576E-01 -1.320931E-01 9.728818E-01 3.094121E-02 5.312553E-04 4.130160E+00 9.138428E+00 
1.760434E-01 3.584743E-03 3.128401E-01 1.789222E-01 -1.383921E+00 5.828764E-01 -1.338907E-01 9.644569E-01 2.945464E-02 4.682738E-04 3.939913E+00 9.806917E+00 
1.700271E-01 4.309844E-03 3.405028E-01 1.887435E-01 -1.419862E+00 5.919557E-01 -1.602893E-01 9.240543E-01 2.834918E-02 1.022745E-03 3.981605E+00 8.622965E+00 
1.799163E-01 3.773310E-03 3.390868E-01 1.825129E-01 -1.383299E+00 5.917013E-01 -1.225032E-01 9.412546E-01 2.769423E-02 9.949031E-04 3.984454E+00 8.882816E+00 
1.693200E-01 2.993567E-03 3.472726E-01 1.841037E-01 -1.382458E+00 5.882539E-01 -1.287190E-01 9.797825E-01 3.004349E-02 6.004967E-04 3.874493E+00 8.764117E+00 
1.703802E-01 3.949010E-03 3.130670E-01 1.871044E-01 -1.361446E+00 5.752107E-01 -1.492183E-01 9.920221E-01 2.768282E-02 8.971645E-04 4.123448E+00 9.756604E+00 
1.543836E-01 6.480481E-03 3.349190E-01 1.823802E-01 -1.312927E+00 5.779605E-01 -1.376738E-01 9.605636E-01 2.840878E-02 7.487631E-04 4.175130E+00 8.662423E+00 
1.700054E-01 4.662953E-03 3.190336E-01 1.834022E-01 -1.381401E+00 5.845533E-01 -1.257252E-01 9.611018E-01 2.998941E-02 3.908063E-04 3.944183E+00 9.048296E+00 
1.679543E-01 4.614347E-03 3.193640E-01 1.842712E-01 -1.385483E+00 5.797349E-01 -1.226290E-01 9.550817E-01 2.790798E-02 5.795070E-04 4.009960E+00 8.675090E+00 
1.687772E-01 4.838225E-03 3.055306E-01 1.850346E-01 -1.384890E+00 5.906351E-01 -1.476511E-01 9.469774E-01 2.907009E-02 7.291536E-04 4.043008E+00 9.552259E+00 
1.757588E-01 4.576022E-03 3.315992E-01 1.781266E-01 -1.444606E+00 5.959072E-01 -1.184281E-01 9.429920E-01 2.685715E-02 2.847515E-04 4.287319E+00 8.388459E+00 
1.655740E-01 4.894889E-03 3.237926E-01 1.825956E-01 -1.382370E+00 5.852646E-01 -1.491952E-01 9.412772E-01 2.768995E-02 6.001571E-04 4.114032E+00 9.519392E+00 
1.692424E-01 4.905811E-03 3.194838E-01 1.838632E-01 -1.386682E+00 5.844366E-01 -1.259766E-01 9.480568E-01 2.774511E-02 4.071050E-04 4.273106E+00 8.386644E+00 
1.615565E-01 5.161896E-03 3.379374E-01 1.864693E-01 -1.390109E+00 5.871308E-01 -1.830988E-01 9.679921E-01 2.774397E-02 4.137588E-04 4.193013E+00 8.489897E+00 
1.730845E-01 4.762571E-03 3.250013E-01 1.853619E-01 -1.389304E+00 5.941431E-01 -1.207656E-01 9.578884E-01 2.791229E-02 4.294607E-04 4.239398E+00 1.033371E+01 
1.635748E-01 5.096172E-03 3.305341E-01 1.805779E-01 -1.424923E+00 5.920196E-01 -1.432965E-01 9.066016E-01 2.564403E-02 1.198044E-03 4.352525E+00 9.475674E+00 
1.863796E-01 4.081982E-03 3.212444E-01 1.818806E-01 -1.363576E+00 5.843915E-01 -1.254921E-01 9.630143E-01 2.790296E-02 5.971870E-04 4.157852E+00 8.369798E+00 
1.682550E-01 4.837025E-03 3.284742E-01 1.839191E-01 -1.336142E+00 5.935600E-01 -1.164849E-01 9.559649E-01 2.843288E-02 2.747346E-04 4.172723E+00 8.350145E+00 
1.727078E-01 4.300875E-03 3.154443E-01 1.861832E-01 -1.395062E+00 5.846190E-01 -1.176648E-01 9.292127E-01 2.710870E-02 4.219730E-04 3.770786E+00 8.772692E+00 
1.767056E-01 6.588504E-03 3.139002E-01 1.838646E-01 -1.390859E+00 5.796640E-01 -1.522917E-01 9.160175E-01 2.759128E-02 7.333305E-04 3.855349E+00 8.650264E+00 
1.608689E-01 3.683387E-03 3.191108E-01 1.834435E-01 -1.355948E+00 5.873316E-01 -1.625310E-01 9.456610E-01 2.849977E-02 6.177918E-04 4.056836E+00 9.753783E+00 
1.760222E-01 4.457337E-03 3.254647E-01 1.852425E-01 -1.393335E+00 5.892197E-01 -1.440779E-01 9.541569E-01 2.703431E-02 6.123760E-04 3.982905E+00 9.760808E+00 
1.761428E-01 3.959645E-03 3.238493E-01 1.881444E-01 -1.400163E+00 5.885887E-01 -1.606739E-01 1.056422E+00 2.937479E-02 4.787323E-04 4.127694E+00 8.567711E+00 
1.685711E-01 5.359658E-03 3.206259E-01 1.902317E-01 -1.474738E+00 5.867171E-01 -1.643108E-01 9.385087E-01 2.785660E-02 6.409463E-04 4.333404E+00 9.058546E+00 
1.797778E-01 5.188227E-03 3.170543E-01 1.833519E-01 -1.406795E+00 5.845306E-01 -1.508685E-01 9.551246E-01 2.783033E-02 2.346444E-04 4.313249E+00 8.176253E+00 
1.690237E-01 7.032333E-03 3.242644E-01 1.815840E-01 -1.446504E+00 5.863470E-01 -1.584231E-01 8.900095E-01 2.712506E-02 6.524902E-04 4.173876E+00 8.324406E+00 
1.702408E-01 4.197551E-03 3.133806E-01 1.844997E-01 -1.438065E+00 5.848431E-01 -1.554982E-01 9.643884E-01 2.770707E-02 6.451155E-04 4.020776E+00 8.507419E+00 
1.621440E-01 4.492969E-03 3.231557E-01 1.858053E-01 -1.440806E+00 5.904028E-01 -1.864954E-01 9.654547E-01 2.768825E-02 8.076614E-04 4.029277E+00 8.830347E+00 
1.406113E-01 3.963304E-03 3.243393E-01 1.798122E-01 -1.378531E+00 5.850224E-01 -1.416693E-01 9.569997E-01 2.733557E-02 1.381805E-03 4.201642E+00 8.728930E+00 
1.664878E-01 3.884186E-03 3.125486E-01 1.844951E-01 -1.379222E+00 5.800693E-01 -1.394142E-01 9.500668E-01 2.713048E-02 3.513126E-04 4.033697E+00 8.688024E+00 
1.777377E-01 2.944296E-03 3.328425E-01 1.872872E-01 -1.394739E+00 5.805728E-01 -1.079394E-01 9.141679E-01 2.805670E-02 2.326982E-04 4.105687E+00 9.127263E+00 
1.803405E-01 4.423445E-03 3.317520E-01 1.855939E-01 -1.452540E+00 5.890201E-01 -1.454134E-01 9.860255E-01 2.737517E-02 1.044698E-03 4.189870E+00 7.986384E+00 
1.822996E-01 4.669816E-03 3.075161E-01 1.842300E-01 -1.378137E+00 5.874104E-01 -1.327963E-01 9.422985E-01 2.453115E-02 6.754827E-04 4.112869E+00 8.524131E+00 
1.932960E-01 3.803509E-03 3.271261E-01 1.839207E-01 -1.369458E+00 5.916833E-01 -1.726135E-01 9.438423E-01 2.739784E-02 5.473641E-04 4.418315E+00 8.523093E+00 
1.571299E-01 7.890785E-03 3.440134E-01 1.844694E-01 -1.348760E+00 5.927322E-01 -1.417031E-01 9.671832E-01 2.779980E-02 5.883990E-04 4.131474E+00 8.689026E+00 
1.669009E-01 3.968373E-03 3.221242E-01 1.806281E-01 -1.270564E+00 5.823910E-01 -1.449373E-01 9.709332E-01 2.684049E-02 8.414088E-04 4.227781E+00 8.836777E+00 
1.615610E-01 5.256470E-03 3.189126E-01 1.801169E-01 -1.384473E+00 5.756462E-01 -1.364762E-01 1.027916E+00 2.918897E-02 9.727532E-04 4.082304E+00 8.623563E+00 
1.796923E-01 4.579701E-03 3.352074E-01 1.846589E-01 -1.387775E+00 5.710299E-01 -1.159461E-01 9.861325E-01 2.897318E-02 7.630134E-04 4.497291E+00 9.127465E+00 
1.716967E-01 5.651376E-03 3.232583E-01 1.851423E-01 -1.409120E+00 5.850054E-01 -1.504573E-01 9.438803E-01 2.785387E-02 6.692355E-04 4.009767E+00 8.794886E+00 
1.852715E-01 6.472620E-03 3.345990E-01 1.839050E-01 -1.374602E+00 5.900085E-01 -1.871499E-01 9.429874E-01 2.616107E-02 1.052020E-03 4.344981E+00 8.531855E+00 
1.602473E-01 9.156660E-03 3.352602E-01 1.872568E-01 -1.281932E+00 2.331590E-01 -9.668335E-02 9.571624E-01 2.873934E-02 3.730474E-03 3.636146E+00 9.282907E+00 
1.715724E-01 4.122396E-03 3.235764E-01 1.866925E-01 -1.403063E+00 5.881820E-01 -1.721428E-01 9.383425E-01 2.696087E-02 1.894675E-04 4.270135E+00 8.926060E+00 
1.697177E-01 4.918847E-03 3.451725E-01 1.826817E-01 -1.383325E+00 5.946445E-01 -1.772721E-01 9.298350E-01 2.891308E-02 1.077033E-03 3.787117E+00 8.144763E+00 
1.714492E-01 2.796991E-03 3.212469E-01 1.819625E-01 -1.368266E+00 5.836135E-01 -1.457035E-01 9.114393E-01 2.923457E-02 6.009261E-04 3.961596E+00 8.510812E+00 
1.693409E-01 4.824331E-03 3.219278E-01 1.852205E-01 -1.460485E+00 5.761448E-01 -1.531616E-01 9.364259E-01 2.576404E-02 7.956152E-04 4.215315E+00 8.781574E+00 
1.749012E-01 3.142346E-03 3.292551E-01 1.852439E-01 -1.427779E+00 5.840598E-01 -1.565511E-01 9.144958E-01 2.810249E-02 7.782127E-04 4.536986E+00 8.963918E+00 
1.871323E-01 5.573340E-03 3.180628E-01 1.848480E-01 -1.388063E+00 5.750333E-01 -1.269270E-01 8.708380E-01 2.877428E-02 9.788295E-04 4.270781E+00 8.929851E+00 
1.723283E-01 5.081705E-03 3.268797E-01 1.815127E-01 -1.437497E+00 6.000000E-01 -1.330177E-01 9.606409E-01 2.865944E-02 7.657254E-04 4.252399E+00 8.791471E+00 
1.138300E-01 7.083574E-02 3.256666E-01 1.781446E-01 -1.430293E+00 5.530856E-01 -1.451174E-01 1.053155E+00 2.709577E-02 9.291976E-03 3.484514E+00 8.707684E+00 
1.694972E-01 4.672898E-03 3.502341E-01 1.827382E-01 -1.430909E+00 5.975720E-01 -1.535098E-01 9.209117E-01 2.550589E-02 4.759054E-04 4.222229E+00 8.768392E+00 
1.792716E-01 6.381858E-03 3.155330E-01 1.847234E-01 -1.324843E+00 5.795237E-01 -1.239918E-01 9.396038E-01 2.796147E-02 4.628341E-04 4.037047E+00 8.783304E+00 
1.763513E-01 5.295873E-03 3.248072E-01 1.850610E-01 -1.413214E+00 5.378710E-01 -1.243697E-01 9.507762E-01 2.500002E-02 1.546972E-05 4.254119E+00 8.543156E+00 
1.718469E-01 5.324882E-03 3.147176E-01 1.828680E-01 -1.397996E+00 5.842013E-01 -1.371187E-01 9.805507E-01 2.597695E-02 7.800221E-04 4.207700E+00 8.725156E+00 
1.849719E-01 5.124401E-03 3.252449E-01 1.823995E-01 -1.477211E+00 5.859098E-01 -1.294540E-01 9.388748E-01 2.710627E-02 5.632652E-04 3.964983E+00 9.120431E+00 
1.769374E-01 4.699494E-03 2.981925E-01 1.858197E-01 -1.420721E+00 5.897880E-01 -1.459540E-01 9.694009E-01 2.865957E-02 7.516812E-04 4.312999E+00 8.937706E+00 
1.660423E-01 4.862451E-03 3.141778E-01 1.842646E-01 -1.398604E+00 5.845056E-01 -1.337263E-01 9.956330E-01 2.798687E-02 8.255860E-04 4.010818E+00 8.529832E+00 
1.731985E-01 5.156679E-03 3.346888E-01 1.806415E-01 -1.326339E+00 5.865010E-01 -1.468930E-01 9.632046E-01 2.844681E-02 3.003826E-04 4.074009E+00 8.797093E+00 
1.669184E-01 5.704417E-03 3.281755E-01 1.850191E-01 -1.393149E+00 5.860956E-01 -1.649112E-01 9.628983E-01 2.840073E-02 6.499748E-04 4.071341E+00 8.316574E+00 
1.680347E-01 3.090555E-03 3.089807E-01 1.790067E-01 -1.429721E+00 5.371602E-01 -1.227284E-01 9.796439E-01 2.872109E-02 7.456553E-04 4.078327E+00 9.435361E+00 
1.706334E-01 4.069141E-03 3.196767E-01 1.805909E-01 -1.400304E+00 5.789895E-01 -1.113798E-01 9.334804E-01 2.917494E-02 4.783700E-04 3.883673E+00 9.170772E+00 
1.688198E-01 6.366656E-03 3.454042E-01 1.806081E-01 -1.395950E+00 5.386649E-01 -1.328178E-01 8.548930E-01 2.767072E-02 9.401340E-04 3.953401E+00 1.028177E+01 
1.783774E-01 3.798963E-03 3.033871E-01 1.837387E-01 -1.365255E+00 5.802692E-01 -1.041365E-01 9.661625E-01 2.728261E-02 4.438101E-04 3.877111E+00 8.661521E+00 
1.738080E-01 4.107940E-03 3.303774E-01 1.832043E-01 -1.441232E+00 5.878428E-01 -1.537311E-01 9.554133E-01 2.996229E-02 9.499038E-04 4.031314E+00 8.002642E+00 
1.687316E-01 4.126667E-03 3.300819E-01 1.801959E-01 -1.359844E+00 5.803311E-01 -1.055487E-01 9.531488E-01 2.757864E-02 1.225579E-03 3.813062E+00 8.590438E+00 
1.695360E-01 3.517047E-03 3.330144E-01 1.830162E-01 -1.392385E+00 5.803823E-01 -1.086459E-01 9.957670E-01 2.822532E-02 1.339434E-03 4.010148E+00 8.526049E+00 
1.664914E-01 5.011492E-03 3.450442E-01 1.866065E-01 -1.430172E+00 5.899257E-01 -1.491660E-01 9.773708E-01 2.850248E-02 5.516563E-04 4.256410E+00 8.725665E+00 
1.681021E-01 1.191482E-02 3.521790E-01 1.647576E-01 -1.480083E+00 5.556537E-01 -1.588499E-01 9.136170E-01 2.715118E-02 1.559547E-03 4.130974E+00 8.226977E+00 
1.787554E-01 5.027095E-03 3.242349E-01 1.851999E-01 -1.476314E+00 5.861695E-01 -1.298163E-01 9.616624E-01 2.849965E-02 1.439112E-03 4.129335E+00 8.045157E+00 
1.709811E-01 4.487195E-03 3.148362E-01 1.825306E-01 -1.390649E+00 5.708929E-01 -1.320765E-01 9.668717E-01 2.644214E-02 2.114990E-04 4.148974E+00 9.353816E+00 
1.785059E-01 4.305285E-03 3.383833E-01 1.861943E-01 -1.410758E+00 5.865731E-01 -1.211593E-01 9.490042E-01 2.662117E-02 9.158894E-04 4.088190E+00 8.622906E+00 
1.559517E-01 8.041088E-03 3.168071E-01 1.710381E-01 -1.409504E+00 5.916283E-01 -1.270346E-01 9.848629E-01 2.826223E-02 2.017054E-03 4.289005E+00 9.311942E+00 
1.689980E-01 1.729619E-03 3.420120E-01 1.883081E-01 -1.430558E+00 5.926719E-01 -1.574114E-01 9.511456E-01 2.881493E-02 1.247621E-03 4.227393E+00 8.346157E+00 
1.702233E-01 4.100752E-03 3.290029E-01 1.859815E-01 -1.398599E+00 5.933497E-01 -1.290607E-01 9.416464E-01 2.706954E-02 7.737388E-04 4.277144E+00 9.212518E+00 
1.697106E-01 4.857332E-03 3.209582E-01 1.877280E-01 -1.368569E+00 5.902831E-01 -1.573817E-01 9.832960E-01 2.821497E-02 1.061002E-03 4.059145E+00 8.736266E+00 
1.733935E-01 5.841427E-03 3.297075E-01 1.950940E-01 -1.380893E+00 5.869413E-01 -1.813774E-01 9.610176E-01 2.797959E-02 9.544364E-04 4.402880E+00 7.860260E+00 
1.734648E-01 4.470435E-03 3.089913E-01 1.845084E-01 -1.400570E+00 5.788935E-01 -1.341135E-01 9.471830E-01 2.784365E-02 6.215565E-04 4.235206E+00 9.032651E+00 
1.709474E-01 3.646686E-03 3.298482E-01 1.822480E-01 -1.346763E+00 5.884336E-01 -1.437855E-01 9.877339E-01 2.769563E-02 6.206669E-04 4.142030E+00 8.647178E+00 
1.711266E-01 5.951065E-03 3.243492E-01 1.809227E-01 -1.410548E+00 5.912164E-01 -1.687465E-01 9.169754E-01 2.576051E-02 7.014246E-04 4.128109E+00 9.453552E+00 
1.689439E-01 4.271562E-03 3.245717E-01 1.817645E-01 -1.373399E+00 5.922034E-01 -1.783000E-01 9.432272E-01 2.817671E-02 3.326427E-04 4.165133E+00 8.735943E+00 
1.779551E-01 4.176154E-03 3.189738E-01 1.856000E-01 -1.254627E+00 5.683404E-01 -1.255939E-01 9.444726E-01 2.826284E-02 4.606989E-04 4.098647E+00 8.379103E+00 
1.835550E-01 5.329907E-03 3.341665E-01 1.799086E-01 -1.191556E+00 5.837668E-01 -9.521149E-02 9.707896E-01 2.964694E-02 6.899299E-04 3.975789E+00 8.673780E+00 
1.790519E-01 4.182578E-03 3.248984E-01 1.821062E-01 -1.432616E+00 5.898245E-01 -1.427319E-01 9.394068E-01 2.851072E-02 6.409269E-04 4.399405E+00 8.310675E+00 
1.541115E-01 4.408119E-03 3.336903E-01 1.846839E-01 -1.432521E+00 5.848553E-01 -1.424492E-01 9.694930E-01 2.764768E-02 9.269290E-04 3.840544E+00 9.056082E+00 
1.803491E-01 4.180556E-03 3.313096E-01 1.842191E-01 -1.404307E+00 5.869216E-01 -1.237174E-01 8.699490E-01 2.563376E-02 1.157101E-04 4.432258E+00 8.367183E+00 
1.855715E-01 5.648175E-03 3.346017E-01 1.860443E-01 -1.428185E+00 5.869477E-01 -1.221022E-01 9.779300E-01 2.656130E-02 6.396002E-04 4.074936E+00 8.777517E+00 
1.765583E-01 3.063126E-03 3.194560E-01 1.839449E-01 -1.399652E+00 5.946117E-01 -1.334935E-01 9.659011E-01 2.833634E-02 7.729777E-04 4.146159E+00 8.588265E+00 
1.789939E-01 6.131144E-03 3.361795E-01 1.810320E-01 -1.479652E+00 5.906699E-01 -1.854452E-01 9.026139E-01 3.035919E-02 5.205631E-04 3.996212E+00 9.071830E+00 
1.736919E-01 4.560288E-03 3.277526E-01 1.855896E-01 -1.436508E+00 5.835338E-01 -1.267483E-01 9.143793E-01 2.876454E-02 5.719382E-04 4.101777E+00 8.657129E+00 
1.745145E-01 5.343269E-03 3.340176E-01 1.873939E-01 -1.428773E+00 5.872540E-01 -1.347412E-01 9.391058E-01 2.785654E-02 7.697112E-04 4.233800E+00 9.014739E+00 
1.809867E-01 4.528558E-03 3.510099E-01 1.813668E-01 -1.429573E+00 5.899484E-01 -2.000000E-01 9.532878E-01 2.625363E-02 1.096794E-03 4.135668E+00 8.659991E+00 
1.686878E-01 5.652466E-03 3.311497E-01 1.823876E-01 -1.388236E+00 5.871519E-01 -1.310394E-01 9.512753E-01 2.699201E-02 8.768603E-04 4.076253E+00 8.952109E+00 
1.813734E-01 5.253358E-03 3.300071E-01 1.845855E-01 -1.438532E+00 5.807644E-01 -1.218240E-01 9.974278E-01 2.692792E-02 7.649625E-04 4.193053E+00 9.720898E+00 
7.338884E-02 5.396176E-02 3.347037E-01 1.742733E-01 -1.304112E+00 5.116755E-01 -1.094178E-01 9.784052E-01 2.890629E-02 2.676782E-03 3.233287E+00 8.807492E+00 
1.798030E-01 3.714296E-03 3.449974E-01 1.879058E-01 -1.240579E+00 5.917539E-01 -1.940997E-01 9.587956E-01 2.753762E-02 6.156532E-04 4.182925E+00 8.920657E+00 
1.773285E-01 3.765531E-03 3.059685E-01 1.812154E-01 -1.354937E+00 5.896541E-01 -1.932632E-01 9.219398E-01 2.761363E-02 7.851221E-04 4.086419E+00 8.448998E+00 
1.747245E-01 3.688726E-03 3.100161E-01 1.850492E-01 -1.396262E+00 5.835685E-01 -1.380490E-01 9.197182E-01 2.706362E-02 5.009482E-04 4.101074E+00 8.732069E+00 
1.683221E-01 4.340106E-03 3.082428E-01 1.839377E-01 -1.377940E+00 5.864817E-01 -1.378989E-01 9.640502E-01 2.675870E-02 7.198686E-04 3.976707E+00 8.518215E+00 
1.817584E-01 7.196802E-03 3.457820E-01 1.839362E-01 -1.364541E+00 5.923769E-01 -1.737614E-01 9.577786E-01 2.664137E-02 1.459760E-03 4.295053E+00 8.844310E+00 
1.744779E-01 4.493210E-03 3.156834E-01 1.885116E-01 -1.324204E+00 5.964319E-01 -1.532956E-01 9.614986E-01 2.711561E-02 6.393326E-04 4.493803E+00 9.166176E+00 
1.898979E-01 5.311455E-03 3.192540E-01 1.853285E-01 -1.399912E+00 5.932429E-01 -1.756294E-01 9.604549E-01 2.665174E-02 1.172448E-03 4.098433E+00 8.189108E+00 
1.611449E-01 4.504535E-03 3.199823E-01 1.855947E-01 -1.355433E+00 5.918004E-01 -1.549829E-01 9.619502E-01 2.715400E-02 4.715460E-04 4.277674E+00 9.151099E+00 
1.764540E-01 5.122476E-03 3.263684E-01 1.791229E-01 -1.425706E+00 5.913370E-01 -1.413926E-01 9.496110E-01 2.657089E-02 5.336577E-04 3.943348E+00 8.848521E+00 
1.686589E-01 6.219740E-03 3.282176E-01 1.834594E-01 -1.426386E+00 5.923601E-01 -1.232844E-01 9.440171E-01 2.657698E-02 8.962313E-04 4.369946E+00 8.977488E+00 
1.746479E-01 8.593538E-03 3.351702E-01 1.890557E-01 -1.467696E+00 5.886810E-01 -1.543203E-01 9.485045E-01 2.703280E-02 6.447932E-04 4.115222E+00 8.820621E+00 
1.762646E-01 5.153730E-03 3.171557E-01 1.845132E-01 -1.361087E+00 5.895055E-01 -1.404938E-01 9.754887E-01 2.846892E-02 1.478139E-03 4.341462E+00 9.184951E+00 
1.766557E-01 4.055047E-03 3.198359E-01 1.858536E-01 -1.351976E+00 5.581090E-01 -1.440947E-01 9.974618E-01 2.679879E-02 8.258670E-04 4.027985E+00 8.530037E+00 
1.726717E-01 4.171837E-03 3.212589E-01 1.841039E-01 -1.256820E+00 5.882030E-01 -1.933702E-01 9.776041E-01 2.873607E-02 9.015730E-04 4.268889E+00 8.797297E+00 
1.686148E-01 6.799124E-03 3.374266E-01 1.822250E-01 -1.424422E+00 5.943212E-01 -1.825427E-01 9.456563E-01 2.632443E-02 6.917849E-04 3.672301E+00 8.839016E+00 
1.745638E-01 8.734950E-03 3.300945E-01 1.860850E-01 -1.409892E+00 5.722933E-01 -1.267489E-01 9.254602E-01 2.692713E-02 1.015601E-03 4.290924E+00 8.724025E+00 
1.684243E-01 2.282531E-03 3.485861E-01 1.856335E-01 -1.393897E+00 5.909900E-01 -1.507247E-01 9.300958E-01 2.586591E-02 4.697235E-04 4.046212E+00 8.684764E+00 
1.214805E-01 1.000000E-04 3.641795E-01 1.846714E-01 -1.313551E+00 4.500920E-01 -1.555672E-01 8.733106E-01 2.773538E-02 1.358889E-03 3.961472E+00 8.864537E+00 
1.858134E-01 4.434428E-03 3.283155E-01 1.755121E-01 -1.511267E+00 5.853199E-01 -1.290520E-01 9.614440E-01 2.826321E-02 2.444097E-03 4.127077E+00 9.058297E+00 
1.843384E-01 3.539124E-03 3.391301E-01 1.879142E-01 -1.461350E+00 5.825087E-01 -1.420893E-01 9.657185E-01 2.753349E-02 0.000000E+00 3.775092E+00 8.634613E+00 
1.631539E-01 6.244279E-03 3.113884E-01 1.762670E-01 -1.431750E+00 5.842021E-01 -1.724003E-01 9.238089E-01 2.895746E-02 1.216443E-03 4.376216E+00 8.536416E+00 
1.762123E-01 8.093031E-03 3.192463E-01 1.808740E-01 -1.477647E+00 5.796466E-01 -1.635630E-01 9.597594E-01 2.799203E-02 8.858046E-04 4.318576E+00 8.960733E+00 
1.695973E-01 5.017896E-03 3.302041E-01 1.822162E-01 -1.306299E+00 5.794732E-01 -1.630544E-01 9.229067E-01 2.631356E-02 1.807146E-04 3.407146E+00 9.147266E+00 
1.693185E-01 5.384278E-03 3.202751E-01 1.859509E-01 -1.292637E+00 5.902453E-01 -1.217560E-01 9.889162E-01 2.740619E-02 9.986220E-04 3.941597E+00 8.651727E+00 
1.659754E-01 1.509637E-02 3.578995E-01 1.752119E-01 -1.383913E+00 5.604303E-01 -1.458084E-01 9.321725E-01 2.842880E-02 9.865169E-04 4.214265E+00 8.585093E+00 
1.776267E-01 4.658996E-03 3.321874E-01 1.892851E-01 -1.559293E+00 5.952477E-01 -1.451894E-01 9.681283E-01 2.739722E-02 5.591359E-04 4.007939E+00 8.391780E+00 
1.643685E-01 3.828140E-03 3.260236E-01 1.862847E-01 -1.389044E+00 5.826431E-01 -1.459579E-01 9.432566E-01 2.463779E-02 1.054702E-03 4.072249E+00 8.775951E+00 
1.748919E-01 4.898179E-03 3.208778E-01 1.921149E-01 -1.354086E+00 5.852857E-01 -1.558144E-01 9.435474E-01 2.909741E-02 5.199601E-04 4.074014E+00 8.311473E+00 
1.737954E-01 4.968418E-03 3.275114E-01 1.848053E-01 -1.380208E+00 5.873557E-01 -1.166930E-01 9.048902E-01 2.968197E-02 1.159967E-03 4.500507E+00 9.090829E+00 
1.813284E-01 4.671210E-03 3.168499E-01 1.829051E-01 -1.398838E+00 5.831247E-01 -1.447581E-01 9.506789E-01 2.762065E-02 9.671338E-04 4.228879E+00 9.347952E+00 
1.845071E-01 4.258494E-03 3.168218E-01 1.814440E-01 -1.386255E+00 5.892343E-01 -1.510464E-01 9.436720E-01 2.711908E-02 0.000000E+00 4.147309E+00 7.928126E+00 
1.696172E-01 5.309023E-03 3.032201E-01 1.852510E-01 -1.323292E+00 5.984587E-01 -1.420196E-01 9.133737E-01 2.614777E-02 7.422052E-04 4.122921E+00 8.267741E+00 
1.757967E-01 3.910545E-03 3.087351E-01 1.878098E-01 -1.397967E+00 5.828252E-01 -1.214564E-01 1.033331E+00 2.766533E-02 5.715772E-04 4.190918E+00 8.611112E+00 
1.681677E-01 4.420982E-03 3.370434E-01 1.842870E-01 -1.405659E+00 5.854562E-01 -1.701346E-01 1.003159E+00 2.845995E-02 8.237448E-04 4.160095E+00 8.660995E+00 
1.614995E-01 3.694980E-03 3.142620E-01 1.852023E-01 -1.361075E+00 5.851001E-01 -1.673242E-01 9.783374E-01 2.735939E-02 8.661863E-04 4.177262E+00 8.518158E+00 
1.696164E-01 5.302943E-03 3.353014E-01 1.849350E-01 -1.445038E+00 5.840842E-01 -1.737174E-01 9.269690E-01 2.708988E-02 1.274541E-03 3.993883E+00 9.005577E+00 
1.709024E-01 3.733789E-03 3.069576E-01 1.807168E-01 -1.376550E+00 5.624783E-01 -1.089288E-01 9.832623E-01 2.626669E-02 5.229038E-04 4.176249E+00 9.072261E+00 
1.599201E-01 4.324230E-03 3.257962E-01 1.798143E-01 -1.394191E+00 5.789608E-01 -1.640116E-01 9.641241E-01 2.615406E-02 9.203306E-04 4.139725E+00 8.649525E+00 
1.835927E-01 4.163000E-03 3.231997E-01 1.869598E-01 -1.383911E+00 5.741673E-01 -1.115538E-01 9.335351E-01 2.701382E-02 7.974506E-04 4.119337E+00 8.946793E+00 
1.657081E-01 1.517550E-03 3.288669E-01 1.838633E-01 -1.387895E+00 5.663152E-01 -1.313451E-01 9.334963E-01 2.653481E-02 5.749858E-04 4.107061E+00 9.050634E+00 
1.804638E-01 4.861457E-03 3.322695E-01 1.824065E-01 -1.339249E+00 6.000000E-01 -1.389035E-01 9.260432E-01 2.743425E-02 4.393164E-04 3.983474E+00 8.761742E+00 
1.737173E-01 4.321624E-03 3.238711E-01 1.822385E-01 -1.394270E+00 5.717772E-01 -1.303261E-01 9.599365E-01 2.537451E-02 7.755927E-04 4.215341E+00 8.969743E+00 
1.673482E-01 1.000281E-02 3.343387E-01 1.879719E-01 -1.408900E+00 5.791892E-01 -1.774929E-01 8.574508E-01 2.840900E-02 1.104971E-03 4.003152E+00 9.377208E+00 
1.684260E-01 3.698437E-03 3.320209E-01 1.847913E-01 -1.366904E+00 5.865878E-01 -1.693651E-01 9.319292E-01 2.639727E-02 4.955774E-04 3.639997E+00 8.873488E+00 
1.813009E-01 3.299225E-03 3.216281E-01 1.838450E-01 -1.524952E+00 5.941561E-01 -1.812147E-01 9.057579E-01 2.514663E-02 1.048140E-03 4.214223E+00 9.146277E+00 
1.875730E-01 4.460602E-03 3.603180E-01 1.794894E-01 -1.327062E+00 5.918982E-01 -1.879984E-01 9.343545E-01 2.537139E-02 5.187002E-04 4.159682E+00 8.848641E+00 
1.721536E-01 5.012832E-03 3.465040E-01 1.863325E-01 -1.402395E+00 5.936479E-01 -1.543606E-01 9.693688E-01 2.775433E-02 6.579477E-04 3.934652E+00 8.418025E+00 
1.586951E-01 1.470463E-03 3.319963E-01 1.785296E-01 -1.341009E+00 4.776449E-01 -1.454723E-01 8.385281E-01 2.744017E-02 3.110277E-03 4.082218E+00 8.499131E+00 
1.726138E-01 6.562603E-03 3.433016E-01 1.789468E-01 -1.365515E+00 5.790235E-01 -1.353364E-01 9.500243E-01 2.878548E-02 8.370992E-04 4.376517E+00 8.734081E+00 
1.813599E-01 4.087383E-03 3.415335E-01 1.840539E-01 -1.307793E+00 5.962395E-01 -1.412244E-01 9.693243E-01 2.926733E-02 2.854945E-04 4.313832E+00 7.977338E+00 
1.757459E-01 2.399313E-03 3.295164E-01 1.835516E-01 -1.376448E+00 5.894300E-01 -1.589742E-01 9.847811E-01 2.807582E-02 1.040295E-03 4.429654E+00 8.044730E+00 
1.777393E-01 4.927482E-03 3.286881E-01 1.897618E-01 -1.402803E+00 5.895880E-01 -1.439583E-01 9.349573E-01 2.553475E-02 1.277841E-03 4.047885E+00 9.504413E+00 
1.763903E-01 8.400135E-03 3.536663E-01 1.843195E-01 -1.433117E+00 5.962238E-01 -1.720045E-01 9.223072E-01 2.611372E-02 8.647178E-04 3.619915E+00 8.593146E+00 
1.913076E-01 4.196804E-03 3.142171E-01 1.825016E-01 -1.425593E+00 5.994011E-01 -1.384244E-01 9.505451E-01 2.901574E-02 6.783353E-04 3.583184E+00 8.534763E+00 
1.821204E-01 4.316775E-03 3.320001E-01 1.899225E-01 -1.382659E+00 5.809559E-01 -1.518520E-01 8.974056E-01 2.750574E-02 6.372340E-04 4.323614E+00 9.015772E+00 
1.660275E-01 5.019563E-03 3.300610E-01 1.844816E-01 -1.361964E+00 5.803903E-01 -1.589641E-01 9.438999E-01 2.811423E-02 8.305701E-04 4.060600E+00 8.960845E+00 
1.701747E-01 3.713999E-03 3.309536E-01 1.834310E-01 -1.445975E+00 5.919868E-01 -1.292008E-01 9.686215E-01 2.976442E-02 8.915511E-04 3.985151E+00 8.709679E+00 
1.734750E-01 4.406370E-03 3.339917E-01 1.840054E-01 -1.470559E+00 5.980376E-01 -1.565198E-01 9.601461E-01 2.742065E-02 6.785378E-04 4.116695E+00 9.113282E+00 
1.776235E-01 4.829083E-03 3.279570E-01 1.883964E-01 -1.393384E+00 5.951862E-01 -1.902665E-01 9.734630E-01 2.622059E-02 3.966696E-04 4.233838E+00 8.853308E+00 
1.635488E-01 2.932235E-03 3.370146E-01 1.816229E-01 -1.394462E+00 5.766745E-01 -1.108406E-01 9.368267E-01 2.632352E-02 8.562016E-04 4.337022E+00 8.958503E+00 
1.140232E-01 4.399071E-03 3.354320E-01 1.834451E-01 -1.531080E+00 5.793467E-01 -1.033879E-01 8.864851E-01 2.736045E-02 1.073961E-04 4.444819E+00 8.810713E+00 
1.674431E-01 4.100997E-03 3.232178E-01 1.823245E-01 -1.330409E+00 5.736060E-01 -1.580983E-01 9.445411E-01 2.565397E-02 3.982634E-04 3.695884E+00 8.378232E+00 
1.777829E-01 3.985966E-03 3.190139E-01 1.820390E-01 -1.411951E+00 5.837475E-01 -1.041831E-01 9.320530E-01 2.619606E-02 5.029412E-04 4.345244E+00 8.743799E+00 
1.781619E-01 5.158497E-03 3.142135E-01 1.834402E-01 -1.344646E+00 5.879351E-01 -1.318435E-01 9.396485E-01 2.717241E-02 5.107730E-04 4.196546E+00 8.961436E+00 
1.720099E-01 6.112670E-03 3.417990E-01 1.846370E-01 -1.465054E+00 5.917265E-01 -1.807914E-01 9.672394E-01 2.618467E-02 3.283505E-04 4.089171E+00 9.825836E+00 
1.824947E-01 1.212842E-02 3.351721E-01 1.857064E-01 -1.305708E+00 5.957880E-01 -1.530870E-01 8.993470E-01 2.763938E-02 6.869637E-04 4.628572E+00 8.853383E+00 
1.645797E-01 5.109538E-03 3.237706E-01 1.808736E-01 -1.388537E+00 5.964467E-01 -1.385293E-01 9.540270E-01 3.029504E-02 7.796939E-04 4.195201E+00 9.373789E+00 
1.677369E-01 2.810722E-03 3.465887E-01 1.788933E-01 -1.396778E+00 5.705487E-01 -1.031986E-01 9.691989E-01 2.747355E-02 1.045916E-03 3.713048E+00 9.273686E+00 
1.741681E-01 5.362451E-03 3.236366E-01 1.911696E-01 -1.396710E+00 5.870217E-01 -1.333607E-01 9.657212E-01 2.743452E-02 4.064807E-04 4.029328E+00 8.941649E+00 
1.750447E-01 5.922188E-03 3.483675E-01 1.834932E-01 -1.307779E+00 5.828426E-01 -1.283257E-01 9.514162E-01 2.645846E-02 3.356783E-04 4.301430E+00 8.784314E+00 
1.632603E-01 5.642632E-03 3.212458E-01 1.795696E-01 -1.390066E+00 5.644807E-01 -1.615856E-01 9.511948E-01 2.633192E-02 9.784048E-04 4.229171E+00 7.749481E+00 
1.831450E-01 4.801944E-03 3.126792E-01 1.836634E-01 -1.433253E+00 5.850438E-01 -1.826102E-01 9.702323E-01 2.709365E-02 3.941820E-04 4.106483E+00 9.209995E+00 
1.748375E-01 2.637586E-03 3.324649E-01 1.846915E-01 -1.498659E+00 5.713374E-01 -1.189170E-01 9.652831E-01 2.776462E-02 3.723988E-04 4.134882E+00 8.742553E+00 
1.701088E-01 4.484928E-03 3.025541E-01 1.837108E-01 -1.355947E+00 5.805516E-01 -1.279833E-01 9.205920E-01 2.933926E-02 5.073149E-04 3.998416E+00 8.826223E+00 
1.721452E-01 5.005401E-03 3.199986E-01 1.854857E-01 -1.410415E+00 5.844590E-01 -1.443019E-01 9.410447E-01 2.724941E-02 7.325209E-04 4.212538E+00 8.749912E+00 
1.800317E-01 3.861024E-03 3.270508E-01 1.874381E-01 -1.414350E+00 5.890435E-01 -1.470344E-01 9.491150E-01 2.733135E-02 7.435055E-04 4.145004E+00 7.983126E+00 
1.761954E-01 4.275560E-03 3.143667E-01 1.852440E-01 -1.400640E+00 5.582699E-01 -1.071036E-01 9.069831E-01 2.771292E-02 5.205401E-04 4.143890E+00 8.621114E+00 
1.763934E-01 1.833570E-02 3.284458E-01 1.884522E-01 -1.372813E+00 5.824605E-01 -1.470166E-01 9.832973E-01 2.986823E-02 6.084406E-04 4.087357E+00 9.125156E+00 
1.643542E-01 4.163961E-03 3.134981E-01 1.786845E-01 -1.373645E+00 5.844341E-01 -1.892023E-01 9.708047E-01 2.903063E-02 3.830284E-04 3.902671E+00 7.606065E+00 
1.828125E-01 3.926513E-03 3.265130E-01 1.879213E-01 -1.383711E+00 5.868598E-01 -1.079762E-01 9.369693E-01 2.644123E-02 1.126292E-03 4.320563E+00 8.804944E+00 
1.755794E-01 5.473039E-03 3.255531E-01 1.841456E-01 -1.382439E+00 5.782864E-01 -1.313924E-01 9.293394E-01 2.879843E-02 6.038520E-04 4.008738E+00 9.258126E+00 
1.694974E-01 3.753422E-03 3.157484E-01 1.883543E-01 -1.334211E+00 5.899476E-01 -1.273243E-01 9.418403E-01 2.687184E-02 7.300813E-04 3.892032E+00 8.874801E+00 
1.784850E-01 3.270897E-03 3.301616E-01 1.847044E-01 -1.415149E+00 5.857814E-01 -1.454673E-01 9.215716E-01 2.804985E-02 4.777929E-04 3.653628E+00 9.414502E+00 
1.657355E-01 4.214467E-03 3.312275E-01 1.868342E-01 -1.425674E+00 5.874448E-01 -1.514312E-01 9.847274E-01 2.556502E-02 1.786904E-03 4.181516E+00 8.965423E+00 
1.712171E-01 4.810843E-03 3.372628E-01 1.805964E-01 -1.445329E+00 5.739940E-01 -1.683302E-01 9.665496E-01 3.053200E-02 5.984957E-04 4.215026E+00 9.064471E+00 
1.844290E-01 3.792325E-03 3.233346E-01 1.793502E-01 -1.416706E+00 5.795722E-01 -1.196569E-01 9.372875E-01 3.045610E-02 6.570937E-04 4.218207E+00 8.938769E+00 
1.805403E-01 4.324346E-03 3.180686E-01 1.824172E-01 -1.402053E+00 5.818537E-01 -1.108741E-01 9.431420E-01 2.917717E-02 5.882362E-04 4.080931E+00 8.822524E+00 
1.693123E-01 5.511613E-03 3.364211E-01 1.853620E-01 -1.389386E+00 5.932481E-01 -1.380125E-01 9.194431E-01 2.915305E-02 8.891343E-04 4.259375E+00 8.568396E+00 
1.579555E-01 4.393217E-03 3.310093E-01 1.848070E-01 -1.367456E+00 5.825027E-01 -1.649125E-01 9.730534E-01 2.751707E-02 5.762380E-04 4.279740E+00 8.162024E+00 
1.647897E-01 4.789995E-03 3.000590E-01 1.847869E-01 -1.416765E+00 5.941126E-01 -1.089890E-01 9.707843E-01 2.802726E-02 6.588000E-04 4.063680E+00 8.954220E+00 
1.748134E-01 4.375353E-03 3.276023E-01 1.824522E-01 -1.464818E+00 5.678035E-01 -1.137449E-01 9.858001E-01 2.638104E-02 2.720590E-04 4.215904E+00 8.869346E+00 
1.645595E-01 4.970686E-03 3.211511E-01 1.804142E-01 -1.452440E+00 5.975596E-01 -1.442337E-01 1.002430E+00 2.656254E-02 3.998213E-04 4.263171E+00 9.125886E+00 
1.738116E-01 3.317157E-03 3.338062E-01 1.825624E-01 -1.315558E+00 5.957630E-01 -1.344855E-01 9.799646E-01 2.803980E-02 7.197409E-04 4.269722E+00 8.236292E+00 
1.697256E-01 5.163891E-03 3.220437E-01 1.870475E-01 -1.369814E+00 5.922497E-01 -1.238464E-01 9.310033E-01 2.747413E-02 7.519814E-04 4.193695E+00 8.131386E+00 
1.761487E-01 4.166833E-03 3.223543E-01 1.866635E-01 -1.339375E+00 5.821566E-01 -1.365974E-01 9.482426E-01 2.763502E-02 1.271780E-03 3.910459E+00 7.948213E+00 
1.637031E-01 6.244108E-03 3.456249E-01 1.902287E-01 -1.360930E+00 5.905286E-01 -1.741027E-01 9.659805E-01 2.513050E-02 1.241788E-03 4.366089E+00 8.116286E+00 
1.658176E-01 4.493846E-03 3.226847E-01 1.863020E-01 -1.378286E+00 5.819745E-01 -1.457893E-01 9.473341E-01 2.724669E-02 8.190034E-04 4.332135E+00 8.914311E+00 
1.813345E-01 4.056596E-03 3.123403E-01 1.817286E-01 -1.364726E+00 5.908017E-01 -1.315303E-01 1.016461E+00 2.817290E-02 4.758823E-04 4.202760E+00 9.104769E+00 
1.637988E-01 4.304681E-03 3.173861E-01 1.815284E-01 -1.372085E+00 5.855092E-01 -1.749836E-01 9.369869E-01 2.924500E-02 1.100616E-03 4.058700E+00 8.427331E+00 
1.824769E-01 4.874967E-03 3.445323E-01 1.849994E-01 -1.403068E+00 5.932047E-01 -1.260916E-01 9.400509E-01 2.759314E-02 4.417165E-04 4.077186E+00 8.697622E+00 
1.770366E-01 4.476621E-03 3.148161E-01 1.866455E-01 -1.412191E+00 5.828261E-01 -1.256271E-01 9.705481E-01 2.830179E-02 8.523515E-04 4.040103E+00 8.691108E+00 
1.741005E-01 5.191793E-03 3.052972E-01 1.838143E-01 -1.303855E+00 5.835880E-01 -1.124699E-01 9.619370E-01 2.862300E-02 3.609660E-04 4.198465E+00 8.708702E+00 
1.720678E-01 5.161337E-03 3.310667E-01 1.844771E-01 -1.368001E+00 5.845638E-01 -1.353796E-01 9.489859E-01 2.665928E-02 5.629602E-04 3.964093E+00 8.642994E+00 
1.735260E-01 3.786690E-03 3.185419E-01 1.823632E-01 -1.358543E+00 5.773380E-01 -1.642114E-01 9.911435E-01 2.835870E-02 9.850672E-04 4.167463E+00 9.320902E+00 
1.710061E-01 4.979569E-03 3.235088E-01 1.808398E-01 -1.353383E+00 5.867465E-01 -1.646268E-01 9.669029E-01 2.656683E-02 1.067148E-03 3.959010E+00 8.581724E+00 
1.801672E-01 3.710439E-03 3.280285E-01 1.907110E-01 -1.426325E+00 5.762911E-01 -1.433119E-01 8.769839E-01 2.741639E-02 8.152197E-04 4.102546E+00 8.657141E+00 
1.707606E-01 3.281567E-03 3.155745E-01 1.846669E-01 -1.398364E+00 5.961477E-01 -1.531176E-01 9.573552E-01 2.467991E-02 6.661540E-04 4.418055E+00 8.975555E+00 
1.816333E-01 4.878975E-03 3.235021E-01 1.845549E-01 -1.402999E+00 5.874876E-01 -1.266622E-01 9.633900E-01 2.728937E-02 6.727426E-04 4.375059E+00 8.700231E+00 
1.773546E-01 3.898979E-03 3.350668E-01 1.853201E-01 -1.324789E+00 5.892793E-01 -1.248928E-01 9.608271E-01 2.724884E-02 8.003115E-04 4.260795E+00 9.037439E+00 
1.570008E-01 5.443667E-03 3.127897E-01 1.829346E-01 -1.387282E+00 5.746625E-01 -1.005210E-01 9.078633E-01 2.755932E-02 1.162829E-03 4.031861E+00 8.320542E+00 
1.759623E-01 5.086345E-03 3.364899E-01 1.833337E-01 -1.367749E+00 5.937939E-01 -1.584534E-01 9.437570E-01 2.698208E-02 6.454964E-04 4.108389E+00 9.117467E+00 
1.702291E-01 6.049584E-03 3.283520E-01 1.820628E-01 -1.371446E+00 5.790766E-01 -1.361061E-01 9.646565E-01 2.447663E-02 4.140905E-04 4.176827E+00 9.069226E+00 
1.756848E-01 5.311550E-03 3.149922E-01 1.835608E-01 -1.390347E+00 5.870720E-01 -1.184424E-01 9.968667E-01 2.918451E-02 1.291295E-03 4.057387E+00 8.872746E+00 
1.798868E-01 3.693437E-03 3.233488E-01 1.887354E-01 -1.375304E+00 6.000000E-01 -1.428637E-01 1.003701E+00 2.732066E-02 5.229051E-04 4.220103E+00 9.245179E+00 
1.770688E-01 4.547150E-03 3.264623E-01 1.837350E-01 -1.435548E+00 5.775592E-01 -1.669419E-01 9.541618E-01 2.822992E-02 5.204233E-04 3.316467E+00 8.594514E+00 
1.716019E-01 4.118663E-03 3.329697E-01 1.825706E-01 -1.480261E+00 5.929935E-01 -1.332320E-01 9.597021E-01 2.654969E-02 9.281474E-04 4.104681E+00 8.829128E+00 
1.822366E-01 4.967551E-03 3.286498E-01 1.834465E-01 -1.358033E+00 5.700213E-01 -1.679342E-01 9.234886E-01 2.793850E-02 6.040608E-04 4.454301E+00 8.804636E+00 
1.614710E-01 4.748096E-03 3.233853E-01 1.842747E-01 -1.373785E+00 5.862580E-01 -1.294324E-01 9.122845E-01 2.852540E-02 6.281743E-04 3.938775E+00 8.528830E+00 
1.822667E-01 5.150094E-03 3.285490E-01 1.856480E-01 -1.335829E+00 5.908449E-01 -1.588169E-01 9.956532E-01 2.826757E-02 1.181886E-03 4.235463E+00 8.615672E+00 
1.710194E-01 5.256408E-03 3.375720E-01 1.835875E-01 -1.337263E+00 5.962964E-01 -1.631986E-01 9.957550E-01 2.669948E-02 8.844146E-04 4.016626E+00 8.352705E+00 
1.704224E-01 4.650838E-03 2.979639E-01 1.828479E-01 -1.417817E+00 5.793453E-01 -1.149602E-01 9.559854E-01 2.967484E-02 5.742719E-04 4.082335E+00 8.838689E+00 
1.737066E-01 6.469447E-03 3.423805E-01 1.828880E-01 -1.401952E+00 6.000000E-01 -1.739277E-01 9.397929E-01 2.681731E-02 7.691237E-04 4.074728E+00 9.648952E+00 
1.754080E-01 5.300297E-03 3.077577E-01 1.828616E-01 -1.369122E+00 5.880322E-01 -1.860154E-01 9.329419E-01 2.695438E-02 5.477615E-04 4.114254E+00 8.848556E+00 
1.831958E-01 5.537736E-03 3.352972E-01 1.860492E-01 -1.425956E+00 5.698942E-01 -1.526156E-01 9.509184E-01 2.826527E-02 7.586177E-04 3.858466E+00 8.693286E+00 
1.723121E-01 5.435077E-03 3.513957E-01 1.795201E-01 -1.400411E+00 5.883432E-01 -1.312692E-01 9.777010E-01 2.671825E-02 8.184040E-04 4.024176E+00 8.510059E+00 
1.808792E-01 5.037712E-03 3.240222E-01 1.861162E-01 -1.352640E+00 5.782755E-01 -1.154635E-01 9.122164E-01 2.799519E-02 6.372695E-04 4.117627E+00 8.964899E+00 
1.633628E-01 5.182049E-03 3.407040E-01 1.819796E-01 -1.505874E+00 5.669440E-01 -1.239171E-01 9.367362E-01 2.709880E-02 7.900559E-04 4.203211E+00 8.905540E+00 
1.776340E-01 5.341688E-03 3.520250E-01 1.842950E-01 -1.389928E+00 5.916977E-01 -1.488337E-01 9.229598E-01 2.671747E-02 8.575265E-04 3.862804E+00 8.939078E+00 
1.628882E-01 5.311137E-03 3.111251E-01 1.829210E-01 -1.370973E+00 5.747991E-01 -1.201516E-01 9.997908E-01 2.793562E-02 5.167819E-04 3.898390E+00 8.459890E+00 
1.785929E-01 4.581829E-03 3.653405E-01 1.869145E-01 -1.448368E+00 5.965684E-01 -1.104168E-01 9.012433E-01 2.702780E-02 7.070942E-04 4.374545E+00 9.064369E+00 
1.672717E-01 4.814578E-03 2.987677E-01 1.783607E-01 -1.403885E+00 5.787534E-01 -1.346201E-01 9.623615E-01 2.981545E-02 9.922334E-04 3.976790E+00 8.753077E+00 
1.227026E-01 2.797162E-03 3.431196E-01 1.800512E-01 -1.580974E+00 5.687049E-01 -1.207404E-01 9.136704E-01 2.743589E-02 9.500177E-04 4.144633E+00 8.656667E+00 
1.706228E-01 4.665560E-03 3.220990E-01 1.839797E-01 -1.468457E+00 5.873270E-01 -1.323060E-01 9.074374E-01 2.695719E-02 6.028832E-04 4.168854E+00 8.931198E+00 
1.747680E-01 4.595241E-03 3.047123E-01 1.840383E-01 -1.411258E+00 5.871196E-01 -1.577376E-01 9.436125E-01 2.744518E-02 2.591175E-04 4.277797E+00 8.738908E+00 
1.672679E-01 4.936515E-03 3.224726E-01 1.812688E-01 -1.356809E+00 5.819925E-01 -1.369621E-01 9.427074E-01 2.697620E-02 7.818758E-04 4.157312E+00 8.583762E+00 
1.726643E-01 5.086155E-03 3.317389E-01 1.846742E-01 -1.421361E+00 5.911610E-01 -1.587448E-01 9.287687E-01 2.597867E-02 5.623873E-04 3.785770E+00 8.605241E+00 
1.740226E-01 5.474669E-03 3.397968E-01 1.866536E-01 -1.421440E+00 5.888181E-01 -1.714976E-01 9.950461E-01 2.763493E-02 1.028817E-03 4.309953E+00 8.531812E+00 
1.632089E-01 3.200689E-03 3.287308E-01 1.878807E-01 -1.282644E+00 5.828564E-01 -1.348261E-01 9.494703E-01 2.598858E-02 8.007774E-04 4.869510E+00 9.374041E+00 
1.043836E-01 1.298369E-02 3.200209E-01 1.866701E-01 -1.339324E+00 5.624353E-01 -1.346617E-01 9.475406E-01 2.824208E-02 2.060307E-03 4.411128E+00 8.598209E+00 
1.646731E-01 5.270606E-03 3.207813E-01 1.788321E-01 -1.387176E+00 5.776705E-01 -1.042187E-01 9.758376E-01 2.825183E-02 8.682196E-04 3.927529E+00 8.847209E+00 
1.767822E-01 4.980319E-03 3.308070E-01 1.827078E-01 -1.395929E+00 5.908182E-01 -1.371930E-01 9.424785E-01 2.649911E-02 6.426004E-04 3.867667E+00 9.019466E+00 
1.714412E-01 6.389970E-03 3.262063E-01 1.819584E-01 -1.465683E+00 5.845853E-01 -1.409341E-01 9.754664E-01 2.728981E-02 7.061422E-04 4.269111E+00 9.068816E+00 
1.743129E-01 5.989345E-03 3.224050E-01 1.788023E-01 -1.458194E+00 5.839040E-01 -1.008406E-01 9.139234E-01 2.633345E-02 4.659595E-04 3.955044E+00 8.777673E+00 
1.771301E-01 3.797238E-03 3.236448E-01 1.853107E-01 -1.475857E+00 5.872845E-01 -1.406644E-01 9.606075E-01 2.770212E-02 1.712306E-04 4.041868E+00 9.367469E+00 
1.707958E-01 4.317273E-03 3.258365E-01 1.849232E-01 -1.457862E+00 5.860867E-01 -1.578741E-01 9.487519E-01 2.735179E-02 1.149928E-03 4.026668E+00 8.791149E+00 
1.799146E-01 6.243921E-03 3.250546E-01 1.849002E-01 -1.366848E+00 5.737608E-01 -1.559421E-01 9.405024E-01 2.616328E-02 5.525946E-04 4.576382E+00 8.388919E+00 
1.786234E-01 6.126573E-03 3.412869E-01 1.842072E-01 -1.391355E+00 5.883978E-01 -1.969812E-01 9.817511E-01 2.616798E-02 6.717411E-04 4.335734E+00 8.806561E+00 
1.789819E-01 4.972159E-03 3.358273E-01 1.895227E-01 -1.427031E+00 5.921267E-01 -1.683382E-01 9.469772E-01 2.499499E-02 7.114391E-04 4.479854E+00 9.184790E+00 
1.680315E-01 5.157034E-03 3.491527E-01 1.824888E-01 -1.406767E+00 5.881868E-01 -1.195512E-01 9.567626E-01 2.614083E-02 8.300835E-04 4.130520E+00 8.731675E+00 
1.661906E-01 4.401660E-03 3.168696E-01 1.869375E-01 -1.372998E+00 5.855457E-01 -1.649713E-01 9.210479E-01 3.115481E-02 8.958865E-04 3.889269E+00 9.226623E+00 
1.787395E-01 4.998391E-03 3.238090E-01 1.849360E-01 -1.375400E+00 5.846043E-01 -1.482486E-01 9.409243E-01 2.785805E-02 8.302272E-04 4.242864E+00 8.459087E+00 
1.438521E-01 1.930067E-02 3.505962E-01 1.779318E-01 -1.370596E+00 5.568278E-01 -1.722794E-01 9.234729E-01 2.857070E-02 2.668451E-03 3.557434E+00 8.515259E+00 
1.813082E-01 3.933457E-03 3.081408E-01 1.866511E-01 -1.340796E+00 5.847160E-01 -1.129485E-01 9.327013E-01 2.816678E-02 2.048916E-04 4.111508E+00 9.382278E+00 
1.745243E-01 3.040711E-02 3.311207E-01 1.843008E-01 -1.489911E+00 5.745072E-01 -1.291637E-01 9.345778E-01 2.951608E-02 6.147995E-04 3.941878E+00 8.909670E+00 
1.692829E-01 4.787556E-03 3.300634E-01 1.832824E-01 -1.388895E+00 5.898730E-01 -1.275185E-01 9.476268E-01 2.935171E-02 6.763127E-04 4.310986E+00 9.040493E+00 
1.535463E-01 3.678064E-02 3.286767E-01 1.847884E-01 -1.503516E+00 2.556371E-01 -8.436195E-02 1.041129E+00 2.831119E-02 3.479116E-03 4.233278E+00 9.126474E+00 
1.777022E-01 4.086500E-03 2.907924E-01 1.838595E-01 -1.432854E+00 5.801148E-01 -1.280398E-01 9.502202E-01 2.684829E-02 3.562772E-04 4.181621E+00 8.810832E+00 
1.736134E-01 4.170034E-03 3.216234E-01 1.813668E-01 -1.374268E+00 5.804789E-01 -1.506356E-01 9.611711E-01 2.794057E-02 6.739961E-04 4.051228E+00 8.937641E+00 
1.800998E-01 4.045731E-03 3.379472E-01 1.827053E-01 -1.430083E+00 5.892111E-01 -1.416910E-01 9.424119E-01 2.848931E-02 9.723564E-04 4.139348E+00 9.103532E+00 
1.733924E-01 5.450615E-03 3.163989E-01 1.875493E-01 -1.396089E+00 5.872651E-01 -1.176819E-01 9.390789E-01 2.918875E-02 7.618531E-04 3.981769E+00 8.879897E+00 
1.668854E-01 6.512891E-03 3.361099E-01 1.835301E-01 -1.405062E+00 5.924966E-01 -1.548415E-01 9.475244E-01 2.636499E-02 3.848602E-04 4.256524E+00 8.385415E+00 
1.714589E-01 4.878310E-03 3.153999E-01 1.824282E-01 -1.341701E+00 5.775972E-01 -1.200139E-01 9.285365E-01 2.779695E-02 9.208348E-04 3.549954E+00 9.419238E+00 
1.663906E-01 4.453840E-03 3.347989E-01 1.823798E-01 -1.381495E+00 5.892196E-01 -1.387406E-01 9.578549E-01 2.654035E-02 7.699603E-04 3.994644E+00 9.117278E+00 
1.751371E-01 5.603283E-03 3.327108E-01 1.836131E-01 -1.398860E+00 5.864581E-01 -1.351832E-01 9.453533E-01 2.785160E-02 2.804978E-04 3.978677E+00 8.852338E+00 
1.685366E-01 4.922124E-03 3.457090E-01 1.848131E-01 -1.425300E+00 5.903772E-01 -1.829337E-01 9.693548E-01 2.577654E-02 1.056051E-03 4.241095E+00 8.692461E+00 
1.732063E-01 4.812976E-03 3.229878E-01 1.858322E-01 -1.313664E+00 5.801065E-01 -1.779534E-01 9.717060E-01 2.831735E-02 1.211371E-03 4.170854E+00 8.654219E+00 
1.745742E-01 4.655548E-03 2.920253E-01 1.845038E-01 -1.398067E+00 5.705502E-01 -1.155466E-01 9.029364E-01 2.872846E-02 8.935978E-04 4.115212E+00 8.702005E+00 
1.799186E-01 5.904297E-03 3.422870E-01 1.843710E-01 -1.351196E+00 5.554487E-01 -1.503828E-01 9.586860E-01 2.840054E-02 7.719351E-04 4.014143E+00 9.044690E+00 
1.872977E-01 5.493005E-03 3.355884E-01 1.875452E-01 -1.475620E+00 5.919344E-01 -1.412322E-01 9.510040E-01 2.693189E-02 1.036588E-03 4.180085E+00 8.960838E+00 
1.682337E-01 4.475463E-03 3.314274E-01 1.826224E-01 -1.345203E+00 5.866001E-01 -1.857973E-01 9.522300E-01 2.868543E-02 4.224293E-04 4.071567E+00 9.294199E+00 
1.594269E-01 5.557523E-03 3.253295E-01 1.840812E-01 -1.377651E+00 5.904563E-01 -1.664653E-01 9.547546E-01 2.954965E-02 8.575119E-04 3.953759E+00 9.374075E+00 
1.778032E-01 5.464423E-03 3.265947E-01 1.854430E-01 -1.403201E+00 5.870952E-01 -1.190657E-01 9.918434E-01 2.732106E-02 8.136999E-04 4.360366E+00 9.014323E+00 
1.797631E-01 5.512866E-03 3.394975E-01 1.834245E-01 -1.400635E+00 5.748783E-01 -1.834195E-01 9.432383E-01 2.671089E-02 3.851673E-04 4.099675E+00 8.672199E+00 
1.718387E-01 4.547303E-03 3.136403E-01 1.826338E-01 -1.455304E+00 5.793039E-01 -1.268167E-01 9.652109E-01 2.740973E-02 5.515958E-04 4.019473E+00 8.264022E+00 
1.788731E-01 4.554802E-03 3.285345E-01 1.865718E-01 -1.420708E+00 5.867092E-01 -1.476465E-01 9.187655E-01 2.815313E-02 5.436154E-04 4.210906E+00 9.211992E+00 
1.701839E-01 3.444721E-03 3.035157E-01 1.926622E-01 -1.384822E+00 5.770472E-01 -1.463119E-01 9.051634E-01 2.563680E-02 1.152578E-03 4.081277E+00 9.163125E+00 
1.740521E-01 6.846116E-03 3.498818E-01 1.816594E-01 -1.385394E+00 5.908659E-01 -1.290412E-01 9.574659E-01 2.704590E-02 4.841710E-04 3.798123E+00 8.762806E+00 
1.669930E-01 8.028101E-03 3.212992E-01 1.798939E-01 -1.491208E+00 5.388998E-01 -1.210757E-01 9.614070E-01 2.772591E-02 8.865755E-04 3.989331E+00 8.643084E+00 
1.851365E-01 4.894142E-03 3.285371E-01 1.862014E-01 -1.410067E+00 5.911728E-01 -1.425203E-01 9.518204E-01 2.759055E-02 3.710674E-04 3.960844E+00 8.753452E+00 
1.707971E-01 3.990716E-03 3.215358E-01 1.841589E-01 -1.426434E+00 5.861705E-01 -1.171686E-01 9.337755E-01 2.796733E-02 4.982750E-04 4.269585E+00 8.732151E+00 
1.822878E-01 5.311250E-03 2.847721E-01 1.809421E-01 -1.426926E+00 5.889769E-01 -1.603028E-01 9.128458E-01 2.845361E-02 5.624421E-04 4.186405E+00 7.956631E+00 
1.747540E-01 5.659394E-03 3.122840E-01 1.873004E-01 -1.265949E+00 5.850471E-01 -2.000000E-01 9.374074E-01 2.782335E-02 5.459509E-04 4.098150E+00 8.302678E+00 
1.803837E-01 6.329906E-03 3.062395E-01 1.894048E-01 -1.546654E+00 5.594443E-01 -1.402672E-01 9.367169E-01 2.829674E-02 7.538022E-04 4.463309E+00 8.769319E+00 
1.598503E-01 9.945148E-03 3.287571E-01 1.696183E-01 -1.449839E+00 5.557394E-01 -1.109345E-01 9.979882E-01 2.886694E-02 3.587217E-03 4.387043E+00 9.795182E+00 
1.675966E-01 4.718862E-03 3.450527E-01 1.811873E-01 -1.396952E+00 5.904768E-01 -1.923711E-01 9.576080E-01 2.853416E-02 6.794845E-04 4.556887E+00 9.113183E+00 
1.721920E-01 4.893787E-03 3.249461E-01 1.855167E-01 -1.428619E+00 5.817616E-01 -8.716765E-02 9.474502E-01 2.776409E-02 8.403999E-04 4.046770E+00 8.769810E+00 
1.804448E-01 4.681183E-03 3.366857E-01 1.867666E-01 -1.386395E+00 5.908673E-01 -1.162255E-01 9.648450E-01 2.580920E-02 6.969765E-04 4.065563E+00 8.949636E+00 
1.723024E-01 5.020017E-03 3.323235E-01 1.861368E-01 -1.458971E+00 5.845939E-01 -1.228396E-01 9.637280E-01 2.765468E-02 1.299811E-03 4.279639E+00 8.612494E+00 
1.653930E-01 3.805776E-03 3.168810E-01 1.846338E-01 -1.406393E+00 5.863243E-01 -1.060957E-01 9.660366E-01 2.680065E-02 5.319916E-04 4.041585E+00 8.790565E+00 
1.723138E-01 4.783388E-03 3.286542E-01 1.894115E-01 -1.410373E+00 5.886283E-01 -1.634276E-01 9.544359E-01 2.792293E-02 6.709594E-04 4.370763E+00 9.271876E+00 
1.673416E-01 4.218312E-03 3.243603E-01 1.807597E-01 -1.392777E+00 5.903753E-01 -1.323637E-01 9.729183E-01 2.695635E-02 1.407609E-03 3.926667E+00 9.001351E+00 
1.771283E-01 4.039636E-03 3.263495E-01 1.830162E-01 -1.452951E+00 5.193508E-01 -1.462600E-01 9.979079E-01 2.455999E-02 1.442134E-04 4.141205E+00 8.441610E+00 
1.787155E-01 4.618233E-03 3.427280E-01 1.885274E-01 -1.425409E+00 6.000000E-01 -1.543683E-01 9.290220E-01 2.581102E-02 9.526391E-04 4.519572E+00 8.900744E+00 
1.768738E-01 4.707357E-03 3.260642E-01 1.837398E-01 -1.436928E+00 5.913909E-01 -1.274730E-01 9.302344E-01 2.760916E-02 7.608626E-04 4.176329E+00 9.023393E+00 
1.687452E-01 6.352543E-03 3.244433E-01 1.828185E-01 -1.474684E+00 5.873979E-01 -1.772168E-01 9.355450E-01 2.712551E-02 6.040639E-04 4.426697E+00 8.040812E+00 
1.740689E-01 5.196079E-03 3.434169E-01 1.830643E-01 -1.313358E+00 5.942502E-01 -1.703286E-01 9.391165E-01 2.744134E-02 9.233027E-04 4.127700E+00 8.598451E+00 
1.742062E-01 5.012934E-03 3.268834E-01 1.832094E-01 -1.324357E+00 5.937763E-01 -1.600050E-01 9.484242E-01 2.871079E-02 4.283304E-04 4.311127E+00 8.060594E+00 
1.830942E-01 4.844925E-03 3.400081E-01 1.872821E-01 -1.324054E+00 5.846654E-01 -1.830020E-01 9.528878E-01 2.639782E-02 5.179859E-04 4.072369E+00 8.557509E+00 
1.874033E-01 4.574634E-03 3.218445E-01 1.899650E-01 -1.400187E+00 5.986816E-01 -1.297593E-01 9.526979E-01 2.889639E-02 9.499475E-04 4.291970E+00 8.898897E+00 
1.671367E-01 3.610924E-03 3.105252E-01 1.822294E-01 -1.470147E+00 5.916149E-01 -1.463261E-01 9.734279E-01 2.870881E-02 8.898587E-04 4.261142E+00 8.916343E+00 
1.752208E-01 3.816143E-03 3.239182E-01 1.885626E-01 -1.417062E+00 5.897013E-01 -1.667061E-01 9.807087E-01 2.665252E-02 9.956445E-04 4.020023E+00 7.792897E+00 
1.876120E-01 5.712758E-03 3.347936E-01 1.820786E-01 -1.422183E+00 5.770131E-01 -1.308241E-01 9.470324E-01 2.812418E-02 7.624406E-04 4.206857E+00 8.933274E+00 
1.635730E-01 4.031525E-03 3.243369E-01 1.823150E-01 -1.356925E+00 5.842638E-01 -1.664845E-01 9.547926E-01 2.560286E-02 3.113662E-04 3.986837E+00 8.584575E+00 
1.696335E-01 4.548373E-03 3.224762E-01 1.831819E-01 -1.367597E+00 5.794311E-01 -1.290366E-01 9.820832E-01 2.706776E-02 6.508652E-04 3.921697E+00 8.059320E+00 
1.647210E-01 1.412748E-02 3.230203E-01 1.833492E-01 -1.301067E+00 5.865173E-01 -1.125635E-01 9.367548E-01 2.785530E-02 2.055621E-03 4.231106E+00 8.970456E+00 
1.747512E-01 5.676414E-03 3.113265E-01 1.890387E-01 -1.386206E+00 5.833185E-01 -1.319904E-01 9.132440E-01 2.757183E-02 5.647725E-04 4.122398E+00 9.133359E+00 
1.748993E-01 4.920409E-03 3.092121E-01 1.816757E-01 -1.447563E+00 5.849108E-01 -1.486302E-01 9.427985E-01 2.628490E-02 8.817909E-05 3.832164E+00 9.044809E+00 
1.632084E-01 4.567607E-03 3.346246E-01 1.818024E-01 -1.490432E+00 5.905891E-01 -1.281077E-01 1.019953E+00 2.818823E-02 6.699922E-04 4.427647E+00 9.085215E+00 
1.909234E-01 4.799672E-03 3.304284E-01 1.881815E-01 -1.494361E+00 5.908708E-01 -1.527995E-01 9.523237E-01 2.695951E-02 6.099922E-04 4.098428E+00 8.802319E+00 
1.824381E-01 3.356510E-03 3.291481E-01 1.844612E-01 -1.411473E+00 5.973867E-01 -1.389953E-01 9.784093E-01 2.646463E-02 4.983066E-04 4.801560E+00 8.828456E+00 
1.743523E-01 3.577180E-03 3.332626E-01 1.878494E-01 -1.382500E+00 5.834220E-01 -1.272876E-01 9.740426E-01 2.886770E-02 1.043174E-03 4.028450E+00 8.677994E+00 
1.595473E-01 5.175698E-03 3.267333E-01 1.861503E-01 -1.317496E+00 5.919444E-01 -1.772751E-01 9.733508E-01 2.665943E-02 7.642242E-04 4.387067E+00 9.285795E+00 
1.806878E-01 2.608605E-03 3.268383E-01 1.870887E-01 -1.466960E+00 5.742939E-01 -1.291531E-01 9.447344E-01 2.756641E-02 5.350707E-04 4.445569E+00 9.779065E+00 
1.641489E-01 4.690679E-03 2.981684E-01 1.848864E-01 -1.433608E+00 5.749946E-01 -1.577949E-01 9.827074E-01 2.757311E-02 6.275073E-04 4.104623E+00 9.702765E+00 
1.851643E-01 4.980249E-03 3.120845E-01 1.835444E-01 -1.412582E+00 5.806635E-01 -1.340683E-01 9.547776E-01 2.842193E-02 3.257746E-04 4.265286E+00 8.070261E+00 
1.686355E-01 5.289763E-03 3.216887E-01 1.809776E-01 -1.379391E+00 5.884663E-01 -1.186920E-01 9.821945E-01 2.866764E-02 9.602521E-04 4.173240E+00 8.719877E+00 
1.747073E-01 5.151194E-03 3.039664E-01 1.842618E-01 -1.341664E+00 5.826484E-01 -1.081551E-01 9.639513E-01 2.679321E-02 3.093418E-04 3.988698E+00 8.889725E+00 
1.770888E-01 3.538914E-03 3.358360E-01 1.785983E-01 -1.383933E+00 5.964325E-01 -1.461510E-01 9.318228E-01 2.669297E-02 6.908931E-04 4.295001E+00 8.422158E+00 
1.748576E-01 5.087108E-03 3.270773E-01 1.869144E-01 -1.293263E+00 5.873360E-01 -1.235337E-01 9.500405E-01 2.786034E-02 9.358778E-04 4.473034E+00 8.413487E+00 
1.824738E-01 5.035527E-03 3.280703E-01 1.773815E-01 -1.412759E+00 5.702706E-01 -8.553075E-02 9.039158E-01 2.824668E-02 9.034371E-04 4.109688E+00 9.621234E+00 
