1.008885E-01 4.585549E-02 3.518266E-01 1.331338E-01 -1.119456E+00 4.644958E-01 -6.988344E-02 9.618998E-01 3.568342E-02 8.080981E-03 5.581502E+00 1.397853E+01 
1.232141E-01 2.418705E-02 4.287799E-01 1.534014E-01 -1.345034E+00 5.795391E-01 -5.209083E-02 5.460598E-01 2.977817E-02 1.036610E-02 4.393605E+00 1.345999E+01 
1.162266E-01 5.780812E-02 3.734246E-01 1.624395E-01 -1.096165E+00 2.437389E-01 -1.260568E-02 1.025034E+00 3.877040E-02 7.183325E-03 4.474418E+00 1.068857E+01 
1.120248E-01 4.004919E-02 4.477430E-01 1.268281E-01 -1.004845E+00 3.942983E-01 -5.515740E-02 8.272037E-01 2.922643E-02 6.082153E-03 5.486302E+00 9.449676E+00 
8.458618E-02 6.002886E-02 4.079962E-01 1.520495E-01 -1.460479E+00 4.570860E-01 -6.485871E-02 5.326765E-01 2.457845E-02 6.060931E-03 5.177419E+00 1.023192E+01 
9.901441E-02 6.548138E-02 3.727892E-01 1.723804E-01 -1.136068E+00 4.109604E-01 -1.368439E-01 9.746321E-01 5.419741E-02 1.195448E-02 6.414116E+00 1.006838E+00 
1.163837E-01 3.928102E-02 3.891451E-01 1.271791E-01 -1.186459E+00 3.129837E-01 -4.899077E-02 9.499483E-01 1.799618E-02 6.182511E-03 4.718120E+00 1.801445E+01 
1.455818E-01 4.941251E-02 3.863125E-01 1.509537E-01 -1.125930E+00 4.967480E-01 -8.234349E-02 8.596718E-01 3.080696E-02 1.604864E-02 3.460307E+00 1.302394E+01 
5.780827E-02 7.877502E-02 3.138568E-01 1.387613E-01 -1.033359E+00 3.287933E-01 -9.056232E-02 1.054313E+00 5.151588E-02 3.026289E-02 5.977211E+00 1.351357E+01 
1.277708E-01 4.346168E-02 3.945169E-01 1.431591E-01 -1.746923E+00 3.454252E-01 -1.349069E-01 1.323367E+00 5.318483E-02 1.105154E-02 6.251652E+00 1.647298E+01 
9.476131E-02 4.476271E-02 4.671081E-01 1.555014E-01 -9.408070E-01 5.853004E-01 -1.345846E-01 8.092590E-01 4.495984E-02 1.261824E-02 3.718447E+00 1.093206E+01 
1.122108E-01 5.108289E-02 3.462595E-01 1.538695E-01 -8.499101E-01 5.151828E-01 -4.234306E-02 9.336084E-01 3.774464E-02 1.980246E-03 5.548576E+00 7.122210E+00 
6.874461E-02 6.849130E-02 3.430030E-01 1.697326E-01 -1.393850E+00 4.885278E-01 -1.031330E-01 1.039725E+00 3.144072E-02 9.857301E-03 5.180409E+00 7.789413E+00 
1.205753E-01 3.493228E-02 4.165337E-01 1.656368E-01 -1.230981E+00 4.054011E-01 -4.636817E-02 9.314133E-01 3.606385E-02 1.036986E-02 3.799763E+00 9.472066E+00 
4.219125E-02 6.084303E-02 3.486752E-01 1.568395E-01 -1.181761E+00 1.580386E-01 -3.218922E-02 1.104699E+00 2.113301E-02 1.562513E-02 5.731021E+00 3.945501E+00 
1.318930E-01 5.088349E-02 3.118828E-01 1.571479E-01 -1.563776E+00 5.373122E-01 -7.957709E-02 8.441551E-01 2.959978E-02 2.535474E-02 6.236665E+00 6.498000E+00 
1.319855E-01 4.072674E-02 3.666868E-01 1.421080E-01 -1.304264E+00 4.796425E-01 -1.300064E-01 7.449727E-01 4.090738E-02 1.586272E-02 4.271011E+00 7.856765E+00 
7.785273E-02 4.421457E-02 3.173150E-01 1.613243E-01 -1.282146E+00 5.791198E-01 -1.182990E-01 9.205817E-01 3.272105E-02 2.081070E-02 5.710467E+00 6.750711E+00 
8.212942E-02 6.447823E-02 3.572024E-01 1.615186E-01 -1.313486E+00 5.100243E-01 -1.213243E-01 8.976893E-01 3.036983E-02 2.328310E-02 4.428681E+00 1.275211E+01 
6.700196E-02 3.058590E-02 4.500738E-01 1.647783E-01 -1.176441E+00 2.901280E-01 -4.320170E-02 1.080777E+00 2.493771E-02 1.734442E-02 2.372464E+00 5.007359E+00 
1.065063E-01 2.601415E-02 3.628655E-01 1.510353E-01 -9.556483E-01 5.107813E-01 -1.505469E-01 9.122574E-01 2.249919E-02 1.655974E-02 4.551882E+00 3.582020E+00 
8.575800E-02 4.831731E-02 3.370383E-01 1.482950E-01 -9.768560E-01 5.579482E-01 -1.158773E-02 7.406228E-01 1.330966E-02 3.912585E-03 2.980193E+00 4.500785E+00 
7.918775E-02 6.578587E-02 3.895371E-01 1.559220E-01 -1.841217E+00 3.695233E-01 -1.764260E-01 1.005195E+00 2.501269E-02 1.876386E-02 3.131947E+00 9.186120E+00 
6.622634E-02 6.270402E-02 3.321814E-01 1.404452E-01 -1.258503E+00 3.675964E-01 -3.796484E-02 7.733943E-01 3.145139E-02 4.480272E-03 5.232373E+00 1.059307E+01 
5.920110E-02 8.602674E-02 2.506448E-01 1.719847E-01 -1.764122E+00 3.681995E-01 -1.379810E-01 1.036620E+00 6.581990E-02 0.000000E+00 5.809758E+00 4.381663E+00 
9.415395E-02 5.668533E-02 3.588144E-01 1.460486E-01 -1.181275E+00 2.598706E-01 -4.542829E-02 1.184744E+00 3.362636E-02 9.336905E-04 5.148454E+00 1.463965E+01 
8.865719E-02 6.690323E-02 3.697157E-01 1.456368E-01 -9.035322E-01 4.734219E-01 -8.214440E-02 7.504828E-01 3.425307E-02 1.231963E-02 5.032134E+00 4.456012E+00 
2.743635E-02 4.987763E-02 3.664990E-01 1.655342E-01 -1.171456E+00 4.127636E-01 -6.969258E-02 8.493184E-01 3.396834E-02 2.164886E-02 4.854420E+00 8.713194E+00 
7.244071E-02 6.422136E-02 2.640577E-01 1.469919E-01 -1.287155E+00 3.621139E-01 -3.176052E-02 1.141685E+00 4.003661E-02 1.215324E-02 5.265934E+00 7.287245E+00 
5.541342E-02 9.639406E-02 3.753699E-01 1.382868E-01 -9.113042E-01 2.917833E-01 -9.648092E-02 1.049898E+00 4.518569E-02 1.859610E-02 4.830590E+00 5.594118E+00 
1.084846E-01 6.230775E-02 4.822865E-01 1.496787E-01 -1.515701E+00 3.807267E-01 -8.313022E-02 9.424048E-01 3.763483E-02 2.486492E-02 4.163782E+00 7.308382E+00 
1.164472E-01 1.491138E-02 4.287261E-01 1.618480E-01 -1.331982E+00 6.000000E-01 -7.255272E-02 4.486693E-01 3.092884E-02 4.530484E-03 4.217252E+00 1.019303E+01 
3.516902E-02 4.527044E-02 3.242601E-01 1.492624E-01 -1.109981E+00 4.763347E-01 -4.528552E-02 9.175553E-01 3.983685E-02 1.403409E-02 2.457766E+00 1.298784E+01 
1.184698E-01 5.281340E-02 4.390520E-01 1.428233E-01 -1.089197E+00 3.739002E-01 -9.006520E-02 7.249246E-01 3.652840E-02 1.124980E-02 5.144345E+00 3.293632E+00 
9.622729E-02 8.010473E-02 4.081107E-01 1.491805E-01 -1.203263E+00 4.726742E-01 -5.677304E-02 1.169755E+00 3.891511E-02 1.458314E-02 5.435226E+00 1.567719E+01 
8.309120E-02 7.235432E-02 4.086055E-01 1.314728E-01 -8.635704E-01 5.316209E-01 -4.474814E-02 8.706543E-01 3.530601E-02 1.875594E-02 3.669310E+00 6.828180E+00 
1.063789E-01 3.601396E-02 4.473672E-01 1.344981E-01 -1.180346E+00 5.173402E-01 -1.208451E-01 4.913569E-01 2.858892E-02 7.319674E-03 4.248532E+00 8.975607E+00 
2.512713E-02 3.971363E-02 3.523528E-01 1.437206E-01 -1.200718E+00 2.778278E-01 -6.933477E-02 7.087059E-01 3.455304E-02 1.098325E-03 3.147279E+00 1.075077E+01 
1.070878E-01 4.917101E-02 4.259907E-01 1.486264E-01 -9.342670E-01 3.844369E-01 -8.815636E-02 8.587213E-01 3.856698E-02 4.484192E-03 4.470654E+00 1.416835E+01 
6.098512E-02 6.598520E-02 3.302085E-01 1.511355E-01 -1.082665E+00 2.693405E-01 -5.222114E-02 1.055393E+00 3.915960E-02 2.219951E-02 5.457753E+00 1.028899E+01 
1.167813E-01 4.918032E-02 3.436429E-01 1.401666E-01 -1.155414E+00 5.649526E-01 -1.720895E-01 9.469113E-01 3.006619E-02 8.424258E-03 5.957956E+00 8.941421E+00 
8.339925E-02 9.235215E-02 3.132839E-01 1.533397E-01 -1.186364E+00 4.195890E-01 -2.000000E-01 9.356122E-01 7.185829E-02 3.509327E-02 4.738433E+00 4.744758E+00 
6.061002E-02 6.198867E-02 4.385603E-01 1.653509E-01 -1.117112E+00 3.574609E-01 -1.112982E-01 8.923297E-01 3.585845E-02 1.683965E-02 5.195562E+00 5.761526E+00 
8.302072E-02 3.820019E-02 3.803104E-01 1.540365E-01 -1.029631E+00 3.640921E-01 -5.571565E-02 9.395734E-01 3.432710E-02 2.029552E-02 4.578399E+00 9.938666E+00 
6.441520E-02 8.753725E-02 3.374504E-01 1.400073E-01 -1.145684E+00 6.000000E-01 -1.036792E-01 7.310606E-01 2.272038E-02 3.917075E-02 6.461156E+00 6.132044E+00 
8.418137E-02 7.436719E-02 3.148365E-01 1.466365E-01 -1.221460E+00 4.289342E-01 -9.252011E-02 7.924317E-01 3.991601E-02 5.404113E-03 4.294005E+00 6.405281E+00 
7.847173E-02 7.928232E-02 3.820111E-01 1.599390E-01 -1.402588E+00 3.783168E-01 -1.261585E-01 9.151157E-01 3.006688E-02 1.100833E-02 4.032919E+00 3.950410E+00 
4.972104E-02 4.953743E-02 3.050461E-01 1.322111E-01 -1.209748E+00 4.757768E-01 -4.619266E-02 1.012186E+00 2.703542E-02 7.772209E-03 5.641094E+00 1.276811E+01 
1.094191E-01 3.921269E-02 3.867545E-01 1.575996E-01 -1.248802E+00 3.957920E-01 -1.184294E-01 8.125753E-01 2.719181E-02 1.786675E-02 4.096361E+00 8.975464E+00 
8.813809E-02 4.932915E-02 3.762590E-01 1.240576E-01 -1.188935E+00 4.131881E-01 -5.089695E-02 3.122444E-01 2.539587E-02 9.218956E-03 5.611066E+00 1.150043E+01 
8.317198E-02 5.789994E-02 3.955489E-01 1.567710E-01 -1.157668E+00 4.171809E-01 -1.674934E-01 9.757260E-01 2.579196E-02 1.684390E-02 5.800905E+00 9.054518E+00 
1.018195E-01 5.586428E-02 3.496335E-01 1.534407E-01 -1.237652E+00 2.927255E-01 -5.456061E-02 1.243600E+00 4.888834E-02 1.281606E-02 5.111366E+00 9.537526E+00 
9.998851E-02 4.961635E-02 4.305040E-01 1.430693E-01 -1.235013E+00 3.257179E-01 -1.000000E-02 7.786859E-01 5.171941E-02 8.696104E-03 4.685406E+00 1.180750E+01 
2.682557E-02 7.205354E-02 3.816635E-01 1.348821E-01 -9.005812E-01 2.748160E-01 -6.502132E-02 9.323137E-01 2.837476E-02 2.471347E-02 5.610091E+00 7.248583E+00 
6.781001E-02 3.618878E-02 3.507985E-01 1.330131E-01 -1.553891E+00 4.939174E-01 -9.572361E-02 1.228132E+00 2.574465E-02 1.877060E-02 6.354478E+00 5.314828E+00 
1.469717E-01 4.123192E-02 4.464613E-01 1.593478E-01 -1.415864E+00 4.652458E-01 -6.998627E-02 4.277786E-01 3.792542E-02 5.509860E-03 3.381380E+00 1.112826E+01 
1.359405E-01 5.367483E-02 4.645669E-01 1.516849E-01 -1.105126E+00 3.200232E-01 -5.110393E-02 8.889635E-01 4.250981E-02 1.081726E-02 5.149170E+00 1.268271E+01 
2.887873E-02 5.888231E-02 3.517735E-01 1.374055E-01 -7.900350E-01 4.068466E-01 -1.783413E-01 8.814669E-01 2.801837E-02 9.528885E-03 4.768592E+00 3.332552E+00 
8.402209E-02 5.402221E-02 3.893523E-01 1.580961E-01 -1.136242E+00 4.503228E-01 -1.282967E-01 9.148196E-01 2.835902E-02 1.572097E-02 5.957619E+00 4.167662E+00 
7.545546E-02 1.093033E-01 2.699192E-01 1.532761E-01 -1.206785E+00 3.059585E-01 -1.202352E-01 1.013814E+00 4.161407E-02 1.264812E-02 3.455815E+00 1.280772E+01 
3.720847E-02 7.906194E-02 4.147721E-01 1.634742E-01 -1.312645E+00 4.755799E-01 -1.192529E-01 1.067907E+00 3.530465E-02 1.395288E-02 4.805258E+00 2.370440E-01 
6.975642E-02 5.817781E-02 3.444163E-01 1.359711E-01 -1.066864E+00 3.020045E-01 -5.354580E-02 7.345135E-01 2.070989E-02 1.171159E-02 4.497559E+00 7.716806E+00 
1.378099E-01 4.314259E-02 3.045897E-01 1.629361E-01 -1.039237E+00 4.744551E-01 -4.640543E-02 8.608121E-01 3.810836E-02 8.624579E-03 4.993451E+00 1.004716E+01 
6.046202E-02 3.786506E-02 3.429605E-01 1.554269E-01 -1.244889E+00 3.566567E-01 -4.892695E-02 1.014492E+00 3.720432E-02 1.927050E-02 3.742564E+00 1.132806E+01 
5.322891E-02 5.233255E-02 3.248871E-01 1.605883E-01 -1.093689E+00 3.195740E-01 -8.497609E-02 1.091198E+00 3.374729E-02 1.333055E-02 4.484608E+00 1.270721E+01 
9.686986E-02 7.154263E-02 3.289187E-01 1.795565E-01 -1.297089E+00 5.064310E-01 -9.995284E-02 1.142306E+00 5.142873E-02 5.370980E-03 6.484561E+00 6.674822E+00 
6.193354E-02 5.192224E-02 3.643971E-01 1.410730E-01 -9.006710E-01 2.511779E-01 -3.864022E-02 9.619452E-01 4.783842E-02 2.438005E-02 3.761330E+00 1.114396E+01 
1.038465E-01 7.542927E-02 3.972903E-01 1.737072E-01 -1.217536E+00 5.174774E-01 -1.385640E-01 1.161440E+00 4.521007E-02 7.520417E-03 6.079874E+00 1.633117E+00 
1.135390E-01 4.598740E-02 4.078641E-01 1.549813E-01 -1.343398E+00 3.192346E-01 -1.424018E-01 1.188339E+00 2.937949E-02 1.458780E-02 6.727870E+00 1.194507E+01 
6.178231E-02 5.201981E-02 3.861612E-01 1.376448E-01 -1.567623E+00 3.534092E-01 -4.387663E-02 9.381456E-01 2.157138E-02 2.069143E-02 4.332610E+00 7.465125E+00 
1.116532E-01 3.493821E-02 4.219834E-01 1.705124E-01 -1.194692E+00 5.011327E-01 -1.217532E-01 8.439708E-01 3.694913E-02 1.271577E-02 3.306247E+00 8.894337E+00 
8.639069E-02 6.406873E-02 4.195361E-01 1.745142E-01 -1.342769E+00 5.003025E-01 -1.461918E-01 8.428951E-01 5.280969E-02 1.787167E-02 5.922150E+00 6.677707E+00 
9.512248E-02 7.119896E-02 4.121210E-01 1.517051E-01 -1.197761E+00 4.497592E-01 -1.385646E-01 3.567480E-01 4.308740E-02 6.091675E-03 5.546762E+00 8.912674E+00 
2.471470E-02 7.038676E-02 3.293399E-01 1.475913E-01 -8.708830E-01 2.992511E-01 -4.263038E-02 9.920809E-01 4.628834E-02 2.323137E-02 4.716320E+00 3.059823E+00 
8.406350E-02 7.369593E-02 4.217907E-01 1.547228E-01 -1.044971E+00 5.710610E-01 -6.250133E-02 9.607360E-01 4.632097E-02 1.084508E-02 2.413249E+00 1.255005E+01 
7.307192E-02 3.112998E-02 3.546322E-01 1.786840E-01 -1.253314E+00 2.925439E-01 -4.330769E-02 1.381479E+00 3.632589E-02 1.802069E-02 4.139344E+00 1.183478E+01 
9.638625E-02 5.384338E-02 4.028811E-01 1.475451E-01 -1.101025E+00 4.748028E-01 -1.284554E-01 9.666627E-01 3.552400E-02 8.866215E-03 5.474549E+00 9.353190E+00 
8.458498E-02 3.181014E-02 4.853311E-01 1.322233E-01 -1.415170E+00 2.975671E-01 -1.655815E-02 1.074122E+00 4.584932E-02 9.325928E-03 4.661443E+00 1.118073E+01 
8.162984E-02 5.921190E-02 3.376381E-01 1.314906E-01 -1.509839E+00 5.537810E-01 -1.317403E-01 9.156830E-01 3.933404E-02 1.863472E-02 6.858820E+00 1.063926E+01 
1.020021E-01 5.771596E-02 3.886777E-01 1.467782E-01 -1.202711E+00 5.023363E-01 -8.649895E-02 9.782836E-01 3.278570E-02 2.370556E-02 6.032296E+00 7.599710E+00 
4.333303E-02 5.208536E-02 3.583031E-01 1.339383E-01 -1.019953E+00 3.184556E-01 -1.631535E-02 1.077816E+00 3.118350E-02 9.253505E-03 4.363690E+00 1.123906E+01 
4.585855E-02 5.597125E-02 3.559241E-01 1.543826E-01 -7.766281E-01 2.677807E-01 -4.749282E-02 9.136075E-01 2.913670E-02 2.225824E-02 4.985606E+00 1.092194E+01 
8.093613E-02 7.028516E-02 2.670621E-01 1.426673E-01 -1.151413E+00 5.074025E-01 -5.122589E-02 9.915091E-01 4.469404E-02 1.145271E-02 4.997707E+00 1.174747E+00 
1.100295E-01 6.475654E-02 3.579367E-01 1.402809E-01 -1.671589E+00 3.338084E-01 -1.418404E-01 7.275459E-01 2.749723E-02 1.898619E-02 4.312030E+00 9.802861E+00 
7.076922E-02 3.671994E-02 3.968235E-01 1.688669E-01 -1.164168E+00 4.234805E-01 -4.386824E-02 6.106446E-01 3.328096E-02 1.164827E-02 6.797086E+00 9.164898E+00 
5.375721E-02 6.678963E-02 3.558774E-01 1.506320E-01 -1.034936E+00 4.789940E-01 -7.144779E-02 9.365549E-01 3.728484E-02 1.918816E-02 5.076280E+00 5.741129E+00 
4.628528E-02 6.775747E-02 3.369332E-01 1.444109E-01 -9.168501E-01 5.302138E-01 -7.510654E-02 1.056236E+00 3.168805E-02 1.743129E-02 5.910705E+00 9.126919E+00 
4.192119E-02 6.056278E-02 3.030805E-01 1.436187E-01 -1.133771E+00 4.922074E-01 -8.003046E-02 8.474897E-01 3.990225E-02 1.121186E-02 4.723172E+00 8.779658E+00 
8.733861E-02 3.473019E-02 3.978457E-01 1.317877E-01 -9.898490E-01 3.551149E-01 -2.235726E-02 4.375589E-01 2.151578E-02 2.201488E-02 3.720729E+00 4.860554E+00 
1.126346E-01 6.049737E-02 4.453288E-01 1.405440E-01 -1.301318E+00 4.439027E-01 -1.730770E-01 3.276872E-01 2.854789E-02 6.598411E-03 5.450851E+00 4.134110E+00 
7.130594E-02 4.821046E-02 3.117597E-01 1.527197E-01 -1.112284E+00 4.982819E-01 -1.710128E-01 1.191102E+00 5.585397E-02 1.446787E-02 4.636341E+00 1.097133E+01 
1.051923E-01 3.631777E-02 4.465171E-01 1.543462E-01 -1.316503E+00 6.000000E-01 -1.038214E-01 9.795658E-01 3.383650E-02 1.149835E-02 6.286686E+00 8.546100E+00 
8.488805E-02 4.268601E-02 4.101263E-01 1.288394E-01 -1.105064E+00 3.975908E-01 -3.593540E-02 5.883082E-01 3.837143E-02 1.448937E-02 6.242127E+00 9.171464E+00 
1.035079E-01 5.479173E-02 3.311356E-01 1.531725E-01 -1.409443E+00 4.558706E-01 -1.386451E-01 7.707452E-01 4.518617E-02 5.650178E-03 4.713246E+00 1.304649E+01 
9.258961E-02 5.645286E-02 3.556870E-01 1.465800E-01 -1.287732E+00 2.486778E-01 -7.064322E-02 3.980095E-01 3.578265E-02 6.832778E-03 3.423472E+00 9.681396E+00 
1.473896E-01 6.968883E-02 4.240653E-01 1.511175E-01 -1.026507E+00 5.748338E-01 -1.113057E-01 9.185685E-01 5.633448E-02 6.287066E-03 4.634696E+00 3.258042E+00 
5.228022E-02 5.705854E-02 4.252496E-01 1.544323E-01 -1.191061E+00 4.389735E-01 -3.622721E-02 1.035738E+00 4.522128E-02 3.723223E-03 6.328189E+00 6.098961E+00 
5.773919E-02 6.471958E-02 3.373786E-01 1.284119E-01 -1.135349E+00 4.964235E-01 -8.549460E-02 1.044520E+00 4.998398E-02 9.346420E-03 6.368004E+00 1.428269E+01 
8.465261E-02 6.687771E-02 4.244929E-01 1.458216E-01 -1.072062E+00 2.018317E-01 -4.649391E-02 1.016179E+00 4.127320E-02 1.230633E-02 3.928421E+00 1.072979E+01 
8.055420E-02 6.683357E-02 3.617500E-01 1.518218E-01 -1.214480E+00 4.388839E-01 -1.268749E-01 3.299578E-01 3.832476E-02 6.029669E-03 4.231861E+00 8.627457E+00 
8.914464E-02 5.798974E-02 3.737132E-01 1.506670E-01 -1.171581E+00 3.702363E-01 -9.787829E-02 6.770804E-01 2.721166E-02 2.286742E-02 4.282813E+00 9.209971E+00 
1.044677E-01 1.623592E-02 3.558351E-01 1.259010E-01 -1.365851E+00 4.071488E-01 -6.433190E-02 9.628489E-01 4.135368E-02 9.090327E-03 3.084363E+00 7.021107E+00 
1.033986E-02 4.923897E-02 3.011465E-01 1.363308E-01 -1.535626E+00 4.260368E-01 -1.000000E-02 1.017690E+00 2.553915E-02 1.158097E-02 3.276283E+00 6.850499E+00 
8.742825E-02 6.441883E-02 2.796992E-01 1.464534E-01 -1.392913E+00 3.809150E-01 -8.501003E-02 9.807201E-01 2.722909E-02 1.069897E-02 5.716804E+00 6.981715E+00 
9.643851E-02 2.149343E-02 2.859177E-01 1.465635E-01 -1.215470E+00 3.815431E-01 -8.700250E-02 9.216918E-01 3.426700E-02 1.595259E-02 5.300229E+00 1.196206E+01 
4.452101E-02 4.856456E-02 2.932734E-01 1.476979E-01 -1.157545E+00 3.996800E-01 -1.911003E-01 7.677946E-01 3.326331E-02 1.363698E-02 2.869687E+00 8.289033E+00 
1.016612E-01 5.745814E-02 3.998448E-01 1.344156E-01 -1.202329E+00 4.515989E-01 -5.687108E-02 7.621362E-01 4.184557E-02 8.048732E-03 4.459424E+00 1.083708E+01 
8.134073E-02 5.670566E-02 3.488015E-01 1.487105E-01 -1.240053E+00 3.239174E-01 -4.018467E-02 1.168543E+00 3.472533E-02 1.402509E-02 4.670142E+00 1.056787E+01 
1.182913E-01 7.835646E-02 3.918116E-01 1.519133E-01 -1.717958E+00 5.046148E-01 -2.555930E-02 7.652784E-01 4.606410E-02 1.426345E-02 3.985834E+00 6.367029E+00 
5.412087E-02 6.212032E-04 2.961181E-01 1.857300E-01 -1.496078E+00 4.221691E-01 -3.425933E-02 1.107989E+00 2.514131E-02 1.825228E-02 2.428921E+00 7.564819E+00 
2.724340E-02 3.204899E-02 3.693203E-01 1.570767E-01 -1.178833E+00 3.584870E-01 -3.880886E-02 9.915698E-01 3.899533E-02 2.119899E-02 4.334666E+00 1.203693E+01 
1.228321E-01 3.488764E-02 4.031177E-01 1.503420E-01 -1.169742E+00 4.464868E-01 -6.631037E-02 8.154136E-01 3.164249E-02 1.015762E-02 4.533401E+00 1.102884E+01 
1.078977E-01 6.399168E-02 3.917331E-01 1.662041E-01 -1.136029E+00 4.131892E-01 -7.768355E-02 1.099281E+00 4.382848E-02 2.018049E-02 4.619019E+00 5.482204E+00 
3.857191E-02 7.758544E-02 3.345027E-01 1.305498E-01 -1.043580E+00 3.249637E-01 -3.731470E-02 1.071622E+00 2.886677E-02 5.817418E-03 4.362406E+00 2.000000E+01 
4.355192E-02 3.972459E-02 4.321840E-01 1.640487E-01 -1.152009E+00 3.726994E-01 -3.826969E-02 1.034701E+00 3.945331E-02 2.292351E-02 1.767963E+00 9.928824E+00 
9.368372E-02 5.033555E-02 4.460804E-01 1.581651E-01 -1.251307E+00 5.583542E-01 -6.617755E-02 9.867755E-01 3.787551E-02 9.799576E-03 4.115330E+00 1.138713E+01 
6.043019E-02 6.640070E-02 3.950125E-01 1.369299E-01 -1.253918E+00 3.927009E-01 -1.344474E-02 5.037057E-01 2.977211E-02 2.332127E-02 4.925237E+00 1.806655E+01 
5.091509E-02 9.283715E-02 3.840543E-01 1.413276E-01 -9.743019E-01 5.151002E-01 -6.191446E-02 9.909824E-01 3.202011E-02 2.206872E-02 6.237209E+00 1.362716E+01 
8.111034E-02 4.863818E-02 3.719841E-01 1.141144E-01 -1.202527E+00 3.407839E-01 -6.572107E-02 1.211479E+00 3.877060E-02 6.549926E-03 5.238562E+00 1.449301E+01 
3.524413E-02 4.347814E-02 3.408606E-01 1.372009E-01 -1.106047E+00 3.311888E-01 -7.067838E-02 1.063239E+00 2.207159E-02 1.986062E-02 4.735318E+00 1.062377E+01 
9.521405E-02 6.194507E-02 3.546535E-01 1.507446E-01 -1.115388E+00 4.558245E-01 -6.603270E-02 9.268730E-01 3.359378E-02 1.171502E-02 3.818809E+00 8.188807E+00 
7.939806E-02 7.919869E-02 2.879218E-01 1.525598E-01 -1.217912E+00 4.382236E-01 -5.352925E-02 1.151096E+00 4.784757E-02 6.798790E-03 4.150237E+00 1.013990E+01 
1.056357E-01 3.428984E-02 4.017714E-01 1.714036E-01 -1.135451E+00 4.213411E-01 -3.287838E-02 9.600599E-01 3.741915E-02 8.490665E-03 3.957793E+00 1.063356E+01 
1.169541E-01 5.975357E-02 3.541902E-01 1.608738E-01 -1.163630E+00 5.150091E-01 -1.033715E-01 8.137126E-01 4.709623E-02 1.578727E-02 6.075888E+00 1.000298E+01 
