4.151205E-02 9.592625E-02 2.557981E-01 7.181123E-02 -1.215620E+00 4.678377E-01 -1.450868E-01 1.372485E+00 6.973735E-02 3.142697E-02 5.072393E+00 1.328024E+01 
4.379376E-02 5.207152E-02 3.808865E-01 1.699821E-01 -7.511977E-01 4.197141E-01 -7.412362E-02 1.074832E+00 2.590872E-02 3.470483E-02 6.749269E+00 1.156036E+01 
1.000000E-04 6.246179E-02 3.110387E-01 1.458505E-01 -9.714632E-01 3.660732E-01 -5.268411E-02 8.254085E-01 4.519203E-02 6.043247E-02 4.652246E+00 5.357862E+00 
3.791690E-02 6.911851E-02 4.038488E-01 1.026554E-01 -1.196934E+00 3.416431E-01 -1.261142E-01 6.699097E-01 1.980579E-02 3.411654E-02 4.163355E+00 8.231190E+00 
1.609217E-01 8.766388E-02 4.789753E-01 1.427548E-01 -1.311034E+00 4.802776E-01 -1.000000E-02 8.893085E-01 5.024419E-02 6.162470E-02 5.704375E+00 6.089105E+00 
1.253166E-01 8.025007E-02 3.472183E-01 1.812140E-01 -1.600574E+00 3.394223E-01 -1.298708E-01 1.496868E+00 7.660854E-02 3.398567E-02 6.530575E+00 7.718798E+00 
1.463345E-01 3.666026E-02 3.743532E-01 8.303093E-02 -1.223619E+00 6.000000E-01 -3.343524E-02 1.589395E+00 4.030741E-02 1.583561E-02 5.822391E+00 6.687276E+00 
6.219186E-02 8.994214E-02 4.601402E-01 1.532307E-01 -1.256633E+00 2.205851E-01 -7.268123E-02 8.851744E-01 2.330561E-02 7.197264E-03 5.460213E+00 5.979152E-01 
5.515091E-02 3.080350E-02 3.808026E-01 1.750093E-01 -7.983992E-01 4.006087E-01 -5.171967E-02 7.368877E-01 5.140132E-02 5.159382E-02 5.599031E+00 6.657645E+00 
3.358584E-02 6.162803E-02 3.769716E-01 1.036291E-01 -1.191930E+00 4.412479E-01 -2.099944E-02 7.499070E-01 7.689647E-02 2.957981E-03 6.471207E+00 5.372633E+00 
1.074098E-01 2.312862E-02 4.436215E-01 6.699234E-02 -1.757530E+00 4.794613E-01 -9.055070E-02 9.309907E-01 2.909531E-02 3.612255E-02 5.519867E+00 1.057390E+01 
9.039702E-02 5.240453E-02 2.316794E-01 1.701107E-01 -1.158384E+00 3.031786E-01 -1.013941E-01 1.416524E+00 6.408656E-02 3.726206E-02 2.367518E+00 1.682943E+01 
6.636243E-02 1.441124E-01 2.336667E-01 1.678219E-01 -1.207229E+00 4.756553E-01 -1.282074E-01 9.056336E-01 5.492539E-02 3.463491E-02 2.504471E+00 6.601883E+00 
5.711985E-02 9.658031E-02 4.036595E-01 9.535932E-02 -1.113720E+00 4.032727E-01 -9.523565E-02 9.289490E-01 4.722021E-02 4.870615E-03 6.795208E+00 6.589398E+00 
8.126788E-02 8.866139E-02 3.510731E-01 1.695558E-01 -9.847892E-01 2.897569E-01 -5.126612E-02 1.302425E+00 4.434985E-02 2.761082E-02 3.515669E+00 3.707795E+00 
4.686903E-02 1.059497E-01 3.680519E-01 1.503992E-01 -7.944870E-01 2.972470E-01 -5.420556E-02 1.188344E+00 3.718172E-02 1.352941E-02 4.372086E+00 1.588055E+01 
9.391714E-02 5.636341E-02 4.320466E-01 1.578593E-01 -1.777285E+00 3.690353E-01 -7.279260E-02 1.084934E+00 4.840579E-02 8.618902E-03 5.500979E+00 1.058652E+01 
1.320086E-01 9.989989E-02 3.698814E-01 1.774375E-01 -1.326981E+00 4.327256E-01 -1.282049E-02 5.746160E-01 4.819357E-02 2.631101E-02 5.547971E+00 1.019580E+01 
1.089017E-01 1.124279E-02 4.481517E-01 1.729689E-01 -1.614304E+00 4.303681E-01 -3.144736E-02 1.388461E+00 4.015914E-02 1.862078E-02 2.803896E+00 3.805384E+00 
3.457657E-02 5.230766E-02 3.308627E-01 1.727484E-01 -1.319300E+00 4.112101E-01 -8.484964E-02 4.967495E-01 2.392984E-02 3.670859E-02 5.350758E+00 1.716910E+00 
1.980733E-01 9.503848E-02 3.271338E-01 9.450832E-02 -8.556714E-01 3.717120E-01 -5.650810E-02 9.463025E-01 7.726164E-02 2.261271E-02 7.100571E+00 3.987635E+00 
1.441320E-01 6.011731E-02 2.827273E-01 1.868962E-01 -1.865435E+00 4.735466E-01 -1.056561E-01 8.739137E-01 3.791024E-02 2.859000E-02 4.681854E+00 7.828842E+00 
8.100775E-02 1.023497E-01 3.304789E-01 1.541561E-01 -1.115740E+00 4.207100E-01 -8.601807E-02 9.515970E-01 8.825741E-03 0.000000E+00 7.280866E+00 1.096513E+01 
7.353566E-02 1.426939E-01 3.526213E-01 1.736110E-01 -1.183813E+00 4.464135E-01 -1.139998E-01 1.623508E+00 8.387886E-03 5.327879E-03 4.539574E+00 3.067879E+00 
4.792474E-02 7.700977E-02 4.058493E-01 1.679139E-01 -1.119974E+00 5.175386E-01 -1.384981E-01 5.283150E-01 4.093806E-02 1.496204E-02 5.944764E+00 9.911363E+00 
1.348735E-01 4.496894E-02 3.393872E-01 1.769659E-01 -1.469380E+00 4.073291E-01 -4.956380E-02 8.540134E-01 7.448691E-02 1.019447E-02 7.147707E+00 5.342554E+00 
3.139331E-02 5.214871E-02 5.661599E-01 1.603468E-01 -1.735881E+00 2.678197E-01 -3.903546E-02 1.089363E+00 2.328989E-02 2.532988E-02 3.979419E+00 3.192118E+00 
1.055218E-01 6.524300E-02 3.494901E-01 1.896690E-01 -1.537917E+00 4.879818E-01 -6.939574E-02 1.167246E+00 4.835339E-02 2.196442E-02 7.535563E+00 1.053409E+01 
7.226419E-02 7.416701E-02 3.956707E-01 1.648720E-01 -1.188665E+00 4.872455E-01 -5.218410E-02 1.269972E+00 5.794794E-02 1.959080E-02 4.649433E+00 9.042830E+00 
3.975479E-02 9.851043E-02 2.800337E-01 1.287623E-01 -1.286716E+00 4.360226E-01 -7.209746E-02 1.054913E+00 5.587478E-02 1.414190E-02 4.864997E+00 9.061692E+00 
9.547904E-02 2.803183E-02 4.566246E-01 1.991579E-02 -1.109551E+00 5.060876E-01 -6.695984E-02 9.030178E-01 6.937216E-02 3.066883E-02 6.931401E+00 0.000000E+00 
4.784905E-02 9.671546E-02 2.813941E-01 1.745522E-01 -6.135440E-01 4.830488E-01 -7.116322E-02 1.063270E+00 5.287625E-02 2.359682E-02 6.199355E+00 6.310443E+00 
3.483844E-02 5.524849E-02 2.796755E-01 1.728523E-01 -6.736452E-01 4.165543E-01 -6.797570E-02 5.665482E-01 4.861217E-02 7.969423E-03 7.454166E+00 2.494683E-01 
8.568763E-02 1.584140E-03 3.244205E-01 5.589581E-02 -1.395888E+00 4.719176E-01 -4.767404E-02 5.716248E-01 6.577246E-02 9.033820E-03 5.983504E+00 9.764573E+00 
1.227169E-01 1.125990E-01 5.115732E-01 1.712931E-01 -1.038529E+00 4.626117E-01 -7.026360E-02 5.250504E-01 4.150166E-02 3.538357E-02 2.712134E+00 7.182358E+00 
4.492206E-02 4.456784E-02 3.821242E-01 3.157834E-02 -1.128791E+00 5.937120E-01 -2.691364E-02 6.599759E-01 6.575240E-02 3.884397E-02 5.877234E+00 7.179149E+00 
4.429640E-02 3.453590E-02 4.107076E-01 1.607136E-01 -8.889508E-01 4.697845E-01 -7.833098E-02 9.077261E-01 5.366990E-02 3.030904E-02 4.858159E+00 1.271872E+01 
3.887276E-02 7.047629E-02 4.600432E-01 1.043906E-01 -4.579291E-01 2.999128E-01 -1.481173E-01 7.496836E-01 8.414787E-02 1.634867E-02 2.955048E+00 1.934526E+01 
5.396786E-02 6.690191E-02 3.696457E-01 1.048261E-01 -1.227684E+00 4.974092E-01 -1.592624E-01 1.841209E-01 9.905840E-03 4.840182E-02 4.618980E+00 8.471561E-01 
1.046400E-01 3.163922E-02 4.860895E-01 1.686044E-01 -6.869457E-01 3.639021E-01 -1.279850E-01 2.000000E+00 4.119892E-02 2.763899E-02 6.439630E+00 9.231840E+00 
1.016954E-01 4.391529E-02 4.351392E-01 1.794853E-01 -8.818390E-01 3.259450E-01 -7.655799E-02 1.468111E+00 6.706374E-02 3.113662E-02 4.358758E+00 5.445221E+00 
6.560943E-02 1.181658E-01 3.505728E-01 1.060285E-01 -1.438556E+00 3.986313E-01 -1.817409E-01 7.473377E-01 3.202139E-02 3.185758E-02 6.863169E+00 1.137144E+00 
7.447724E-02 9.160548E-02 5.116250E-01 1.659295E-01 -1.296107E+00 3.892999E-01 -1.059887E-02 7.659843E-01 7.387101E-02 2.619700E-02 5.434057E+00 6.089109E+00 
4.726514E-02 5.213023E-02 3.023141E-01 1.655720E-01 -1.097898E+00 3.147702E-01 -6.056512E-02 7.801254E-01 9.937418E-02 1.789403E-02 5.801296E+00 1.357865E+00 
9.657604E-02 3.429839E-02 4.729734E-01 1.378302E-01 -1.258283E+00 5.026714E-01 -3.386163E-02 8.245963E-01 3.865275E-02 2.664396E-02 6.043357E+00 1.327885E+01 
1.622596E-01 1.704511E-02 3.810058E-01 1.727972E-01 -7.813462E-01 3.817202E-01 -1.166223E-01 2.269224E-01 1.000000E-01 1.663002E-02 4.047725E+00 9.832834E+00 
9.173725E-02 6.160215E-02 4.512207E-01 1.530452E-01 -7.800295E-01 4.041379E-01 -5.528580E-02 4.632428E-01 5.838811E-02 2.094208E-02 5.209556E+00 9.232371E+00 
7.063169E-02 1.147555E-01 4.531974E-01 1.129571E-01 -8.496082E-01 4.398034E-01 -8.820582E-02 1.704757E+00 2.703778E-02 1.458772E-02 3.750137E+00 5.547259E+00 
6.662721E-02 2.344721E-02 3.595197E-01 1.469686E-01 -3.021095E-01 3.826425E-01 -9.248008E-02 1.134559E+00 6.009094E-02 1.437517E-02 6.063758E+00 1.272387E+01 
5.696553E-02 7.364640E-02 4.621254E-01 1.845422E-01 -1.689739E+00 5.715114E-01 -5.870890E-02 3.794861E-01 4.851699E-02 1.817711E-03 4.400679E+00 1.899141E+01 
5.612180E-02 3.920602E-02 1.641543E-01 1.151540E-01 -7.931660E-01 2.171192E-01 -6.487710E-02 5.156304E-01 4.521827E-02 4.232955E-02 4.289485E+00 3.013152E+00 
4.657483E-02 8.393618E-02 4.149299E-01 1.530237E-01 -7.179993E-01 2.982459E-01 -8.141802E-02 8.731997E-01 4.433276E-02 1.849851E-02 6.998670E+00 9.409088E+00 
1.099126E-01 5.543697E-02 3.101790E-01 1.365240E-01 -1.011427E+00 3.260825E-01 -4.695783E-02 1.255186E+00 3.086285E-02 3.033854E-03 3.720164E+00 1.129759E+01 
1.134559E-01 7.371142E-02 4.295898E-01 1.368515E-01 -1.388128E+00 3.909268E-01 -8.616867E-02 9.563129E-01 6.130889E-02 3.000022E-02 4.356971E+00 1.652604E+01 
2.062662E-02 1.570230E-02 3.955807E-01 1.367965E-01 -1.237037E+00 3.666406E-01 -9.882504E-02 1.153275E+00 2.459227E-02 2.137341E-02 6.332016E+00 5.924156E+00 
2.730398E-02 1.412343E-01 2.612546E-01 1.558734E-01 -7.310092E-01 3.808347E-01 -9.197121E-02 3.240087E-01 7.754114E-02 5.086393E-02 8.103695E+00 3.960006E-01 
1.568414E-01 7.753801E-02 4.542228E-01 1.459275E-01 -1.456396E+00 4.394828E-01 -3.174712E-02 1.324106E+00 6.786084E-02 2.251255E-02 3.254945E+00 1.084790E+01 
5.992473E-02 5.964980E-02 3.630755E-01 1.555475E-01 -1.574102E+00 4.986473E-01 -3.896269E-02 1.455899E+00 5.198226E-02 1.027003E-02 5.536265E+00 4.081239E+00 
2.716943E-02 6.754853E-02 3.815649E-01 1.576542E-01 -1.147072E+00 3.887760E-01 -4.290681E-02 6.375215E-01 6.676318E-02 2.369147E-02 4.816097E+00 1.285199E+01 
1.180614E-01 5.987559E-02 2.919450E-01 1.808414E-01 -1.174937E+00 2.873500E-01 -1.257311E-01 6.209201E-01 6.015395E-02 2.522621E-02 5.229338E+00 6.938240E+00 
5.670861E-02 6.645611E-02 2.793269E-01 1.800377E-01 -8.838158E-01 5.672560E-01 -7.516467E-02 1.555937E+00 6.432347E-02 2.619808E-02 3.052472E+00 5.312042E+00 
