8.508039E-02 6.447626E-02 4.012300E-01 1.443963E-01 -1.201860E+00 3.671001E-01 -1.368642E-02 1.060331E+00 2.383186E-02 2.264410E-03 5.181068E+00 8.303870E+00 
1.502812E-01 3.336211E-02 3.992407E-01 1.575865E-01 -1.130231E+00 2.920295E-01 -7.149003E-02 1.059325E+00 2.999429E-02 2.376377E-02 4.992369E+00 9.309671E+00 
1.277128E-01 3.776476E-02 4.180647E-01 1.490009E-01 -1.277462E+00 4.730205E-01 -4.096140E-02 1.003366E+00 2.565893E-02 3.554631E-03 5.662035E+00 7.928317E+00 
1.552823E-01 5.149120E-02 4.558742E-01 1.526652E-01 -1.330426E+00 6.000000E-01 -1.171718E-01 8.991338E-01 3.090315E-02 7.409615E-03 4.837246E+00 8.340593E+00 
1.168560E-01 5.362213E-02 3.811967E-01 1.413354E-01 -1.241496E+00 3.010469E-01 -3.323143E-02 4.997325E-01 1.447561E-02 2.167473E-03 3.572628E+00 1.380564E+01 
1.249241E-01 4.394903E-02 3.862036E-01 1.532000E-01 -1.298231E+00 4.803298E-01 -8.470057E-02 1.009124E+00 4.312097E-02 5.333420E-03 6.052264E+00 1.028612E+01 
1.089651E-01 5.291021E-02 3.095063E-01 1.601813E-01 -1.488748E+00 4.716114E-01 -4.101827E-02 9.302533E-01 3.576237E-02 6.455048E-03 3.455126E+00 1.011643E+01 
1.000061E-01 7.453475E-02 3.629279E-01 1.471026E-01 -1.287712E+00 5.661049E-01 -1.600194E-01 9.682188E-01 3.225613E-02 1.410687E-02 6.260421E+00 7.348166E+00 
1.051819E-01 4.297990E-02 3.892706E-01 1.414688E-01 -1.371940E+00 5.132316E-01 -1.280730E-01 1.011388E+00 3.044644E-02 2.352388E-03 4.582208E+00 9.443812E+00 
1.113005E-01 3.692798E-02 3.882452E-01 1.546947E-01 -1.458666E+00 5.155223E-01 -1.545465E-01 8.348912E-01 2.925400E-02 1.116279E-02 3.444317E+00 1.079351E+01 
1.345241E-01 4.245742E-02 3.692768E-01 1.505488E-01 -1.232920E+00 4.217650E-01 -5.425279E-02 9.449565E-01 2.990847E-02 2.231582E-02 4.876157E+00 7.447722E+00 
7.723675E-02 5.860587E-02 3.606094E-01 1.473119E-01 -1.114674E+00 4.751903E-01 -4.160769E-02 1.103499E+00 4.216809E-02 1.799303E-02 5.187964E+00 7.295530E+00 
1.183545E-01 5.103942E-02 3.982045E-01 1.406445E-01 -1.023429E+00 4.707202E-01 -7.756840E-02 1.062381E+00 4.128885E-02 2.248401E-02 5.327580E+00 8.020750E+00 
7.858031E-02 4.218335E-02 3.657663E-01 1.293015E-01 -1.405923E+00 4.032150E-01 -2.547226E-02 1.096317E+00 2.504007E-02 8.605520E-03 4.934031E+00 8.894444E+00 
1.134790E-01 3.295952E-02 4.310682E-01 1.547142E-01 -1.621957E+00 4.894131E-01 -5.326259E-02 1.163683E+00 3.102281E-02 4.998954E-03 4.486700E+00 9.808670E+00 
1.375985E-01 3.758790E-02 4.029000E-01 1.683249E-01 -1.206012E+00 3.365588E-01 -7.580196E-02 8.308116E-01 4.401526E-02 1.084229E-02 3.439062E+00 1.252918E+01 
1.041505E-01 4.670183E-02 3.854122E-01 1.439619E-01 -1.327921E+00 5.042081E-01 -1.256626E-01 1.004679E+00 3.673660E-02 1.149779E-02 3.811719E+00 4.598163E+00 
1.104909E-01 7.837899E-02 3.433726E-01 1.687784E-01 -1.423297E+00 4.739776E-01 -1.033692E-01 1.026483E+00 5.668297E-02 1.543986E-02 5.706014E+00 2.016346E-01 
1.393461E-01 1.226500E-02 4.234281E-01 1.610216E-01 -1.356053E+00 4.401705E-01 -9.766399E-02 9.455282E-01 3.942401E-02 9.704520E-03 5.557860E+00 1.370025E+01 
1.368268E-01 5.795622E-02 3.200182E-01 1.474908E-01 -1.294216E+00 4.998353E-01 -3.433776E-02 6.652231E-01 2.583357E-02 6.305641E-03 4.633474E+00 3.250195E+00 
9.186617E-02 7.596777E-02 3.201450E-01 1.434403E-01 -7.611919E-01 3.471398E-01 -4.620583E-02 9.007505E-01 2.308342E-02 3.380907E-02 4.480987E+00 4.211181E+00 
1.021211E-01 6.130873E-02 4.291049E-01 1.550620E-01 -1.386204E+00 5.206755E-01 -1.052630E-01 9.339263E-01 2.634894E-02 6.763645E-03 5.369925E+00 7.386745E+00 
1.481322E-01 4.248365E-02 3.712559E-01 1.610294E-01 -1.268359E+00 5.393603E-01 -1.160625E-01 9.593076E-01 3.278364E-02 3.974532E-04 6.260457E+00 8.861781E+00 
1.015444E-01 2.450150E-02 3.562892E-01 1.489848E-01 -1.199224E+00 1.253548E-01 -7.094769E-02 7.660034E-01 2.113114E-02 8.627578E-03 3.339408E+00 9.510862E+00 
8.961988E-02 8.560660E-02 3.715121E-01 1.476612E-01 -1.477621E+00 4.067701E-01 -4.349659E-02 8.316489E-01 3.591489E-02 7.034436E-03 4.463275E+00 4.247832E+00 
1.116477E-01 4.288397E-02 3.703430E-01 1.260944E-01 -1.183650E+00 4.064149E-01 -3.567258E-02 9.696147E-01 3.384195E-02 5.918157E-03 4.476748E+00 1.146564E+01 
5.022346E-02 4.896497E-02 4.005212E-01 1.558881E-01 -1.145812E+00 5.055886E-01 -1.000000E-02 1.081154E+00 3.045821E-02 1.049183E-02 5.366556E+00 7.596470E+00 
5.816218E-02 4.555209E-02 3.806353E-01 1.479795E-01 -1.253740E+00 3.147085E-01 -3.814595E-02 9.661279E-01 2.983057E-02 2.550292E-02 4.074522E+00 3.376737E+00 
1.492333E-01 4.084968E-02 4.551078E-01 1.653808E-01 -1.097786E+00 5.698908E-01 -7.825470E-02 6.239628E-01 4.029635E-02 8.856160E-03 4.759684E+00 8.817064E+00 
5.154406E-02 6.399417E-02 3.067773E-01 1.482649E-01 -1.173085E+00 3.391547E-01 -7.805794E-02 1.021804E+00 2.523844E-02 1.037125E-02 6.204037E+00 3.516210E+00 
1.204053E-01 3.146218E-02 3.685090E-01 1.474192E-01 -1.409130E+00 4.578176E-01 -7.069044E-02 1.143365E+00 3.386773E-02 2.230387E-02 7.141667E+00 1.012266E+01 
1.300226E-01 4.252932E-02 4.414740E-01 1.745327E-01 -1.461048E+00 4.961400E-01 -9.596682E-02 8.597257E-01 4.073450E-02 1.835404E-02 5.046312E+00 4.247887E+00 
1.068092E-01 5.543998E-02 3.392322E-01 1.484370E-01 -1.293013E+00 2.652047E-01 -4.130599E-02 1.151333E+00 2.384823E-02 3.706625E-03 6.900340E+00 9.301832E+00 
1.091835E-01 5.444410E-02 3.790631E-01 1.522966E-01 -1.401443E+00 5.609686E-01 -1.332378E-01 9.506034E-01 3.682455E-02 1.108091E-02 6.235576E+00 1.008661E+01 
5.905931E-02 3.964266E-02 3.292851E-01 1.538290E-01 -1.132405E+00 4.773734E-01 -6.792558E-02 9.250211E-01 3.293272E-02 8.132328E-03 5.458029E+00 1.282258E+01 
1.252004E-01 4.039872E-02 3.954584E-01 1.470422E-01 -1.121028E+00 3.849583E-01 -4.320852E-02 4.502462E-01 2.662820E-02 5.780948E-03 4.489211E+00 1.064583E+01 
8.917437E-02 9.183472E-02 3.473352E-01 1.559519E-01 -1.389919E+00 3.551679E-01 -5.306423E-02 9.794200E-01 5.189821E-02 8.631588E-03 5.307264E+00 8.038023E+00 
1.134318E-01 4.831767E-02 3.342470E-01 1.595927E-01 -1.124376E+00 4.504506E-01 -8.320503E-02 9.274529E-01 3.277743E-02 1.240814E-03 5.482251E+00 1.012811E+01 
6.222205E-02 5.264383E-02 3.895179E-01 1.437495E-01 -1.011019E+00 4.705482E-01 -7.370026E-02 8.955493E-01 2.819123E-02 1.406759E-02 4.085352E+00 4.829641E+00 
1.062350E-01 4.630233E-02 3.238488E-01 1.566384E-01 -1.576772E+00 4.243691E-01 -7.489817E-02 1.005754E+00 3.094417E-02 1.855641E-02 3.624529E+00 6.013809E+00 
5.583585E-02 4.915777E-02 3.283063E-01 1.380177E-01 -9.369321E-01 3.537152E-01 -1.004716E-01 1.027415E+00 3.520818E-02 4.362035E-03 4.643467E+00 1.269054E+01 
7.458332E-02 4.331901E-02 3.868188E-01 1.393359E-01 -1.132941E+00 3.364117E-01 -8.810568E-02 8.809558E-01 3.613297E-02 1.593961E-02 5.345591E+00 5.384338E+00 
4.885853E-02 3.622179E-02 2.893887E-01 1.472626E-01 -1.150587E+00 5.034093E-01 -1.643587E-02 7.508863E-01 3.539562E-02 1.362734E-02 2.057322E+00 1.536392E+01 
1.016825E-01 3.232642E-02 3.590262E-01 1.473798E-01 -1.174035E+00 4.605271E-01 -9.706600E-02 9.254438E-01 2.614629E-02 2.491387E-02 7.158862E+00 1.012809E+01 
6.670035E-02 3.848483E-02 3.413574E-01 1.597890E-01 -1.223268E+00 3.777075E-01 -3.181970E-02 1.045988E+00 3.268701E-02 6.131174E-03 5.877807E+00 1.224449E+01 
1.064191E-01 6.733895E-02 3.935597E-01 1.269524E-01 -1.148285E+00 3.987792E-01 -9.200670E-02 1.052029E+00 2.087521E-02 1.827350E-02 5.217359E+00 2.942885E+00 
8.639537E-02 6.293132E-02 3.098039E-01 1.631378E-01 -1.167700E+00 4.635483E-01 -8.520070E-02 1.055282E+00 2.905000E-02 5.298826E-03 4.996879E+00 3.519879E+00 
1.254580E-01 5.405742E-02 3.382174E-01 1.437741E-01 -1.188447E+00 4.007868E-01 -5.985810E-02 1.021845E+00 4.463723E-02 1.490234E-02 4.169526E+00 8.697229E+00 
1.230129E-01 4.765555E-02 3.966582E-01 1.538728E-01 -1.612280E+00 5.050457E-01 -4.853246E-02 9.322768E-01 2.585429E-02 9.170007E-03 5.413605E+00 6.224765E+00 
1.487322E-01 3.673129E-02 4.267491E-01 1.610436E-01 -1.138575E+00 3.889132E-01 -1.309846E-01 9.406855E-01 3.923328E-02 1.245029E-02 4.926796E+00 1.064193E+01 
1.085231E-01 4.400861E-02 4.618203E-01 1.574529E-01 -1.370739E+00 2.584615E-01 -4.584800E-02 7.024741E-01 3.162857E-02 0.000000E+00 3.408395E+00 9.616254E+00 
9.988036E-02 3.017481E-02 3.351387E-01 1.432051E-01 -1.234609E+00 5.640398E-01 -1.433200E-01 8.487931E-01 3.509960E-02 2.279581E-03 4.019131E+00 7.347163E+00 
1.211338E-01 2.610013E-02 3.643631E-01 1.575556E-01 -1.329255E+00 4.443143E-01 -7.703776E-02 8.350833E-01 3.015016E-02 7.430428E-03 3.871246E+00 4.475274E+00 
1.381487E-01 4.605799E-02 4.546617E-01 1.569788E-01 -1.215544E+00 4.990449E-01 -1.038651E-01 8.570619E-01 3.316163E-02 1.354576E-02 5.911965E+00 8.720837E+00 
8.678363E-02 2.797893E-02 3.783283E-01 1.225332E-01 -9.549916E-01 3.983898E-01 -5.905415E-02 9.978676E-01 2.496459E-02 1.058085E-02 4.877535E+00 7.969773E+00 
1.085720E-01 5.514712E-02 4.059991E-01 1.534295E-01 -1.029315E+00 4.080271E-01 -5.992743E-02 1.029585E+00 3.350120E-02 7.588386E-03 5.293006E+00 8.261596E+00 
1.291460E-01 2.250472E-02 3.772825E-01 1.606798E-01 -1.170794E+00 3.656260E-01 -4.248400E-02 8.057754E-01 3.027829E-02 9.326596E-03 4.168326E+00 1.098114E+01 
1.211147E-01 3.181561E-02 4.110131E-01 1.531730E-01 -1.141733E+00 5.594279E-01 -4.424869E-02 9.171954E-01 3.185147E-02 9.456621E-03 5.229140E+00 8.011324E+00 
1.252559E-01 4.019759E-02 3.723811E-01 1.395114E-01 -1.284674E+00 4.549457E-01 -1.080494E-01 1.064237E+00 3.240145E-02 9.947549E-03 4.454947E+00 9.206286E+00 
8.747780E-02 4.106248E-02 4.422354E-01 1.534840E-01 -1.641983E+00 4.267715E-01 -1.252900E-01 9.964007E-01 3.139873E-02 1.000875E-02 5.234333E+00 1.974221E+00 
8.804398E-02 3.153716E-02 3.624395E-01 1.537947E-01 -1.434452E+00 4.442222E-01 -6.819473E-02 9.268064E-01 3.377417E-02 6.365681E-03 6.145731E+00 7.922834E+00 
1.667375E-01 6.589834E-02 4.242710E-01 1.608092E-01 -1.166412E+00 3.051710E-01 -2.887396E-02 8.095808E-01 3.167416E-02 1.452077E-03 4.257075E+00 1.125320E+01 
6.461481E-02 8.200570E-02 4.083219E-01 1.460224E-01 -1.367729E+00 5.701972E-01 -8.358254E-02 1.167071E+00 2.612704E-02 1.321819E-02 4.120213E+00 6.771665E+00 
1.284711E-01 6.245347E-02 3.241944E-01 1.473681E-01 -1.204432E+00 4.663871E-01 -4.922274E-02 9.634968E-01 4.113697E-02 1.207387E-02 5.180686E+00 9.093221E+00 
8.677971E-02 8.473273E-02 3.562241E-01 1.442160E-01 -9.100285E-01 4.141062E-01 -2.079151E-02 9.889556E-01 3.797116E-02 3.073320E-02 5.934582E+00 8.163548E+00 
9.676615E-02 5.912945E-02 3.770858E-01 1.509325E-01 -1.176225E+00 3.422226E-01 -3.970971E-02 9.403923E-01 3.755447E-02 1.511466E-02 4.727024E+00 9.004094E+00 
1.041222E-01 5.331280E-02 3.638845E-01 1.550772E-01 -1.185725E+00 4.526781E-01 -1.117142E-01 1.112630E+00 4.415571E-02 1.000021E-02 6.398099E+00 1.122220E+01 
1.437712E-01 2.867307E-02 3.719474E-01 1.655575E-01 -1.635230E+00 4.456754E-01 -8.104391E-02 9.149005E-01 3.745407E-02 1.519030E-02 5.382052E+00 1.054951E+01 
9.674147E-02 2.791852E-02 3.858840E-01 1.597722E-01 -1.069989E+00 3.317370E-01 -8.578257E-02 9.923515E-01 3.112693E-02 4.184013E-03 3.978710E+00 9.824571E+00 
1.318880E-01 2.095641E-02 3.644433E-01 1.489871E-01 -1.475229E+00 5.390473E-01 -9.537945E-02 9.994183E-01 3.014407E-02 1.446702E-02 4.464574E+00 3.579427E+00 
9.717952E-02 4.143130E-02 4.236909E-01 1.546151E-01 -1.144534E+00 4.641374E-01 -1.465180E-01 8.618522E-01 3.580322E-02 1.558361E-02 7.180994E+00 3.029692E+00 
9.255674E-02 3.913317E-02 3.785161E-01 1.566342E-01 -1.315403E+00 4.438632E-01 -3.892986E-02 9.750815E-01 2.676476E-02 1.473251E-02 5.264901E+00 9.964707E+00 
1.163861E-01 3.339293E-02 3.390033E-01 1.528267E-01 -1.652406E+00 4.863487E-01 -1.140792E-01 9.128526E-01 2.516201E-02 1.149054E-02 5.696427E+00 9.666471E+00 
1.136023E-01 3.779776E-02 3.794962E-01 1.395622E-01 -1.111602E+00 3.798156E-01 -5.754848E-02 1.149836E+00 1.261796E-02 4.024253E-03 5.457486E+00 1.106152E+01 
1.067257E-01 5.366354E-02 4.002367E-01 1.573721E-01 -1.320488E+00 5.850739E-01 -1.004173E-01 6.396451E-01 3.451940E-02 4.216898E-03 3.404363E+00 9.294229E+00 
9.441644E-02 6.098010E-02 4.210431E-01 1.511484E-01 -9.471022E-01 4.685338E-01 -1.496256E-01 9.301279E-01 2.846845E-02 0.000000E+00 4.479254E+00 6.803051E+00 
1.343633E-01 5.792249E-02 3.355429E-01 1.563518E-01 -1.366055E+00 4.838462E-01 -1.325142E-01 9.821113E-01 3.608689E-02 8.031851E-03 4.851531E+00 1.243238E+01 
4.287567E-02 3.701342E-02 2.861392E-01 1.500279E-01 -1.337730E+00 4.833069E-01 -6.606471E-02 8.325885E-01 2.078587E-02 1.202310E-02 3.247526E+00 1.101264E+01 
6.750188E-02 2.330051E-02 2.893434E-01 1.581070E-01 -1.148245E+00 5.092184E-01 -4.428030E-02 9.467346E-01 3.726626E-02 1.256666E-02 2.988608E+00 1.211197E+01 
6.910417E-02 4.551040E-02 4.011825E-01 1.272870E-01 -1.485951E+00 3.850322E-01 -1.144645E-01 1.046514E+00 3.499173E-02 1.090826E-02 4.461035E+00 5.496094E+00 
5.310688E-02 4.010482E-02 3.361039E-01 1.366632E-01 -1.414457E+00 4.885837E-01 -8.483679E-02 8.049124E-01 3.263165E-02 6.430190E-03 4.661250E+00 7.246275E+00 
1.352112E-01 1.557716E-02 3.601932E-01 1.584468E-01 -1.576341E+00 5.682736E-01 -7.929527E-02 1.021732E+00 2.630553E-02 2.596140E-03 3.303152E+00 9.433293E+00 
8.322401E-02 2.985096E-02 3.358038E-01 1.288271E-01 -1.280195E+00 1.550176E-01 -1.641505E-01 1.011839E+00 4.204820E-02 6.677033E-03 4.298484E+00 1.312227E+01 
9.824702E-02 5.598331E-02 3.356400E-01 1.502216E-01 -1.370181E+00 3.918732E-01 -4.684660E-02 8.269926E-01 2.981171E-02 1.272927E-02 5.007430E+00 6.205973E+00 
1.037657E-01 5.984600E-02 2.995672E-01 1.566411E-01 -1.291585E+00 4.324983E-01 -6.065332E-02 9.628959E-01 2.804066E-02 9.306568E-03 5.646706E+00 7.138909E+00 
1.402263E-01 3.103734E-02 4.313484E-01 1.674071E-01 -1.031650E+00 4.731369E-01 -4.063376E-02 8.891874E-01 4.825880E-02 3.589494E-03 2.950861E+00 1.353390E+01 
1.128191E-01 5.386256E-02 3.676659E-01 1.450020E-01 -1.429387E+00 5.159186E-01 -1.000000E-02 1.041949E+00 3.033931E-02 8.355778E-03 7.273392E+00 7.806411E+00 
7.564589E-02 9.448130E-02 3.137055E-01 1.311481E-01 -1.347149E+00 4.113401E-01 -9.306331E-02 9.297629E-01 4.850968E-02 1.605177E-02 5.168844E+00 2.881943E+00 
1.229143E-01 5.598862E-02 4.130620E-01 1.579860E-01 -1.169947E+00 4.812830E-01 -1.497261E-01 7.421762E-01 2.947605E-02 3.643506E-02 6.333618E+00 6.015844E+00 
1.023241E-01 2.181586E-02 3.743842E-01 1.573764E-01 -1.469661E+00 4.887816E-01 -6.100804E-02 9.901948E-01 4.277419E-02 3.642350E-03 3.999490E+00 7.573198E+00 
1.215327E-01 3.686268E-02 4.469455E-01 1.540199E-01 -1.430055E+00 5.343054E-01 -8.732596E-02 9.455434E-01 2.966480E-02 1.660764E-02 5.252018E+00 5.534540E+00 
1.214253E-01 6.616601E-02 3.668303E-01 1.443898E-01 -1.271490E+00 5.091441E-01 -5.273272E-02 1.025863E+00 1.539149E-02 3.240264E-03 4.537543E+00 1.713023E+00 
9.199297E-02 5.090515E-02 3.323834E-01 1.530828E-01 -1.228348E+00 2.639947E-01 -5.935105E-02 8.526643E-01 3.407213E-02 1.117832E-02 3.985423E+00 1.050385E+01 
5.851122E-02 6.295362E-02 3.622520E-01 1.553459E-01 -1.389943E+00 3.557304E-01 -5.813534E-02 9.434025E-01 3.214561E-02 1.681540E-02 5.350278E+00 8.387953E+00 
1.724819E-01 2.132679E-02 4.217284E-01 1.611376E-01 -1.522920E+00 5.420751E-01 -4.214336E-02 9.690997E-01 3.269063E-02 5.204340E-03 3.274336E+00 8.147489E+00 
7.230995E-02 1.471310E-02 3.789336E-01 1.492942E-01 -1.220842E+00 4.319745E-01 -6.507530E-02 1.033022E+00 3.878227E-02 1.011893E-02 4.308309E+00 1.312527E+01 
1.552524E-01 2.729923E-02 3.729886E-01 1.553787E-01 -1.393282E+00 4.629547E-01 -4.430466E-02 8.519689E-01 3.072841E-02 1.192516E-02 4.417639E+00 7.395799E+00 
1.308254E-01 2.433112E-02 3.995278E-01 1.583997E-01 -1.355914E+00 4.556282E-01 -1.354566E-01 1.023989E+00 3.815468E-02 1.493229E-02 6.590985E+00 4.618201E+00 
1.458319E-01 5.301288E-02 4.564555E-01 1.469049E-01 -1.205067E+00 2.563547E-01 -5.110372E-02 9.430992E-01 2.209773E-02 4.877678E-04 4.534258E+00 9.101870E+00 
8.406041E-02 3.650627E-02 3.809773E-01 1.577921E-01 -1.135831E+00 3.994108E-01 -1.190483E-01 7.547585E-01 2.505231E-02 1.377941E-02 4.698077E+00 1.312485E+01 
1.651152E-01 5.746761E-02 3.549633E-01 1.545916E-01 -1.442693E+00 5.553975E-01 -1.403517E-01 1.087513E+00 2.637894E-02 1.745146E-02 4.539958E+00 1.152839E+01 
1.442497E-01 3.346689E-02 4.056798E-01 1.473430E-01 -1.255382E+00 4.918540E-01 -1.050158E-01 8.667345E-01 2.131886E-02 1.445776E-02 3.835156E+00 1.038687E+01 
1.446198E-01 1.202894E-02 3.781223E-01 1.545224E-01 -1.316191E+00 4.964344E-01 -1.002156E-01 1.049855E+00 2.367767E-02 1.216148E-02 4.756118E+00 8.077687E+00 
1.127917E-01 5.846737E-02 4.834003E-01 1.400355E-01 -1.835360E+00 4.714590E-01 -1.052355E-01 1.159673E+00 2.208940E-02 2.251648E-02 4.251587E+00 1.043642E+01 
1.450177E-01 5.433418E-02 4.518870E-01 1.467391E-01 -1.590674E+00 4.554476E-01 -2.000000E-01 1.032032E+00 3.416953E-02 1.259215E-02 5.548919E+00 8.042294E+00 
1.166840E-01 4.017688E-02 3.362793E-01 1.408091E-01 -1.046629E+00 3.530932E-01 -6.149450E-02 1.133930E+00 2.419890E-02 4.568405E-03 4.045546E+00 4.728369E+00 
1.475322E-01 2.990732E-02 4.254402E-01 1.609748E-01 -1.237540E+00 3.861013E-01 -3.052862E-02 8.610310E-01 3.451362E-02 2.929380E-03 3.250885E+00 1.057355E+01 
1.427177E-01 4.516793E-02 4.016106E-01 1.305291E-01 -1.203533E+00 3.387293E-01 -1.098788E-01 7.779758E-01 2.907040E-02 1.287873E-02 5.267173E+00 8.251941E+00 
8.150928E-02 5.222134E-02 3.301368E-01 1.452036E-01 -1.274358E+00 4.031726E-01 -4.707119E-02 1.163682E+00 3.394422E-02 8.021324E-03 3.199137E+00 1.154659E+01 
6.941036E-02 5.723119E-02 2.770267E-01 1.421045E-01 -1.301674E+00 4.755364E-01 -6.585370E-02 1.022877E+00 3.586293E-02 5.492227E-03 3.877337E+00 1.220341E+01 
8.569468E-02 4.820657E-02 3.468219E-01 1.305830E-01 -1.010443E+00 2.932512E-01 -6.275433E-02 1.041151E+00 2.394240E-02 1.367088E-02 3.903510E+00 8.603495E+00 
7.572525E-02 5.658630E-02 3.964340E-01 1.580861E-01 -1.118500E+00 4.874891E-01 -1.779013E-01 1.131688E+00 3.481219E-02 6.649586E-03 5.653332E+00 1.100136E+01 
3.212753E-02 5.690255E-02 3.594600E-01 1.469474E-01 -1.210027E+00 2.985534E-01 -2.961516E-02 1.124992E+00 2.233672E-02 1.068330E-02 4.817684E+00 7.447082E+00 
1.134691E-01 3.245771E-02 4.411035E-01 1.476794E-01 -1.127786E+00 5.710002E-01 -1.792127E-01 5.333956E-01 3.861495E-02 1.463460E-03 6.035739E+00 5.636668E+00 
7.747208E-02 2.710829E-02 3.678032E-01 1.571016E-01 -1.252370E+00 4.907066E-01 -4.525761E-02 9.500241E-01 2.677250E-02 4.906556E-03 6.718747E+00 8.416701E+00 
5.519749E-02 6.611377E-02 3.336269E-01 1.316511E-01 -1.353054E+00 5.243055E-01 -1.160118E-01 5.147255E-01 3.689381E-02 3.161965E-03 4.978237E+00 1.515157E+01 
9.392133E-02 4.366980E-02 4.414715E-01 1.415758E-01 -1.187688E+00 3.839980E-01 -1.235001E-01 9.860751E-01 3.404585E-02 2.334873E-03 5.505821E+00 1.317691E+01 
1.323265E-01 3.176961E-02 3.824563E-01 1.461143E-01 -1.213028E+00 4.164389E-01 -1.324991E-01 9.642542E-01 3.418781E-02 8.627337E-05 7.092041E+00 8.014054E+00 
7.270725E-02 4.987110E-02 3.311207E-01 1.580551E-01 -1.091306E+00 3.242384E-01 -5.855746E-02 8.737340E-01 4.476493E-02 1.853663E-02 6.810768E+00 7.618271E+00 
5.820488E-02 3.857647E-02 3.193281E-01 1.307711E-01 -1.206788E+00 5.554902E-01 -8.511539E-02 1.096738E+00 3.450922E-02 7.078655E-03 3.520397E+00 2.427474E+00 
1.562702E-01 6.436964E-02 3.862440E-01 1.547332E-01 -1.328783E+00 3.064157E-01 -8.592504E-02 1.153400E+00 4.440113E-02 1.947368E-02 6.335106E+00 8.282757E+00 
3.010185E-02 5.658147E-02 3.512214E-01 1.419188E-01 -1.064407E+00 4.446786E-01 -8.015735E-02 8.946383E-01 3.896494E-02 1.397100E-02 3.419815E+00 9.356025E+00 
1.015021E-01 5.169414E-02 3.763315E-01 1.404682E-01 -1.574355E+00 4.161037E-01 -8.820901E-02 1.013148E+00 3.408223E-02 1.481931E-02 5.108190E+00 5.141499E+00 
4.111193E-02 4.386647E-02 3.280052E-01 1.497020E-01 -1.102914E+00 5.806069E-01 -7.923943E-02 8.918070E-01 3.889814E-02 8.830854E-03 3.945017E+00 1.280116E+01 
8.116437E-02 4.069031E-02 3.873511E-01 1.473915E-01 -1.323857E+00 4.654340E-01 -1.284951E-01 8.354175E-01 3.288263E-02 2.550382E-03 5.716204E+00 1.425868E+01 
9.331289E-02 1.463922E-03 3.924080E-01 1.775852E-01 -1.461564E+00 4.178838E-01 -4.293798E-02 1.225851E+00 3.767398E-02 8.104067E-03 2.508651E+00 7.697625E+00 
7.922497E-02 5.246900E-02 3.348907E-01 1.411513E-01 -1.714931E+00 4.574191E-01 -6.573410E-02 9.724609E-01 3.349823E-02 2.489372E-02 3.189740E+00 7.359456E+00 
1.320727E-01 4.381775E-02 3.905399E-01 1.615232E-01 -1.252985E+00 5.371850E-01 -1.316215E-01 1.142733E+00 3.936818E-02 1.938138E-02 4.453166E+00 5.755149E+00 
5.216926E-02 3.591550E-02 3.353043E-01 1.692859E-01 -1.688869E+00 6.000000E-01 -5.646273E-02 9.800794E-01 2.951596E-02 2.800937E-04 6.373389E+00 1.245740E+01 
7.746032E-02 5.324287E-02 3.746360E-01 1.467262E-01 -1.238185E+00 4.241769E-01 -8.111224E-02 9.664349E-01 2.804643E-02 1.642515E-04 4.657580E+00 1.042189E+01 
1.353977E-01 1.825727E-02 3.677619E-01 1.494426E-01 -1.233779E+00 4.581725E-01 -1.889724E-01 9.682737E-01 3.525482E-02 3.629848E-03 4.314896E+00 1.307096E+01 
8.855753E-02 5.825549E-02 4.129891E-01 1.404423E-01 -1.264797E+00 4.417332E-01 -1.230139E-01 8.410557E-01 3.444808E-02 1.166860E-02 4.535468E+00 1.160558E+01 
1.447504E-01 2.696575E-03 4.245690E-01 1.754576E-01 -1.327597E+00 4.129767E-01 -8.512135E-02 1.071089E+00 3.532939E-02 2.150928E-03 6.227887E+00 9.355646E+00 
8.506602E-02 5.603544E-02 3.620470E-01 1.545569E-01 -9.855946E-01 4.660396E-01 -1.727873E-01 8.722122E-01 3.675807E-02 2.334678E-02 7.140665E+00 5.760433E+00 
7.138540E-02 5.353323E-02 3.121865E-01 1.550645E-01 -1.198317E+00 4.911825E-01 -8.252078E-02 9.551106E-01 2.696848E-02 1.080832E-02 5.998622E+00 4.047598E+00 
