2.652435E-02 7.402016E-02 3.106882E-01 1.486706E-01 -9.383714E-01 3.274039E-01 -6.962681E-02 9.901384E-01 4.520287E-02 1.854389E-02 4.865868E+00 8.051700E+00 
1.359652E-01 4.711352E-02 4.005241E-01 1.540600E-01 -1.319735E+00 3.842921E-01 -5.390694E-02 1.006025E+00 2.881499E-02 8.187354E-03 5.830445E+00 1.014078E+01 
6.354750E-02 3.908287E-02 3.533262E-01 1.427100E-01 -1.136558E+00 4.352553E-01 -6.555261E-02 1.096723E+00 2.635820E-02 2.750816E-03 3.361840E+00 8.768827E+00 
6.937954E-02 4.249333E-02 4.707352E-01 1.358668E-01 -1.088023E+00 2.899390E-01 -1.000000E-02 9.531022E-01 2.982477E-02 1.951980E-03 5.019705E+00 8.395415E+00 
1.169600E-01 7.613742E-02 3.416523E-01 1.685251E-01 -9.622744E-01 4.062439E-01 -5.136235E-02 7.531321E-01 4.849359E-02 1.181090E-02 4.770103E+00 1.016516E+01 
1.201938E-01 4.902766E-02 3.815319E-01 1.434270E-01 -1.258318E+00 5.068269E-01 -7.466731E-02 1.217729E+00 2.135290E-02 0.000000E+00 4.203071E+00 9.478583E+00 
1.688749E-01 2.906225E-02 3.423702E-01 1.503017E-01 -1.407980E+00 5.123641E-01 -7.973992E-02 8.943985E-01 3.401178E-02 3.664120E-03 4.712825E+00 8.058054E+00 
1.134207E-01 5.432723E-02 3.754613E-01 1.503536E-01 -1.305748E+00 4.795457E-01 -3.670226E-02 8.110546E-01 3.929257E-02 1.262051E-02 5.409877E+00 8.720929E+00 
1.475127E-01 4.471860E-02 4.153637E-01 1.645437E-01 -1.408325E+00 5.931864E-01 -1.492293E-01 8.144807E-01 3.260534E-02 3.938813E-03 5.513231E+00 9.228796E+00 
1.152903E-01 4.699740E-02 3.842718E-01 1.527168E-01 -1.318930E+00 5.426621E-01 -1.087838E-01 1.032318E+00 2.958176E-02 6.376943E-03 5.543591E+00 1.101109E+01 
1.274167E-01 6.093913E-02 3.860306E-01 1.272028E-01 -1.302178E+00 2.749823E-01 -7.206818E-02 1.064102E+00 2.919167E-02 7.042154E-03 4.053613E+00 9.416173E+00 
1.011724E-01 4.953731E-02 4.323576E-01 1.532290E-01 -1.220824E+00 3.736082E-01 -7.740913E-02 8.833067E-01 2.594573E-02 0.000000E+00 4.587316E+00 1.249807E+01 
1.194483E-01 3.021007E-02 3.858505E-01 1.517598E-01 -1.355930E+00 4.347284E-01 -8.685022E-02 1.023466E+00 3.901875E-02 1.347382E-02 4.259297E+00 6.598160E+00 
6.897775E-02 5.028961E-02 3.980316E-01 1.486633E-01 -8.487760E-01 4.285941E-01 -1.928914E-01 7.674210E-01 3.498969E-02 3.926647E-02 7.153962E+00 7.185524E+00 
1.077333E-01 4.125958E-02 3.365004E-01 1.616421E-01 -1.551968E+00 5.240542E-01 -1.360529E-01 1.025802E+00 3.390438E-02 1.080025E-02 7.458005E+00 1.028225E+01 
1.078385E-01 4.116340E-02 3.825877E-01 1.493952E-01 -1.145445E+00 4.730442E-01 -4.887004E-02 8.930640E-01 2.962723E-02 4.429914E-03 6.366337E+00 1.043751E+01 
1.012990E-01 4.754696E-02 3.366480E-01 1.563649E-01 -1.421780E+00 3.892458E-01 -1.000000E-02 1.042434E+00 2.696386E-02 9.156149E-03 3.294339E+00 1.144263E+01 
8.123559E-02 6.813241E-02 3.082764E-01 1.655706E-01 -1.262715E+00 3.515590E-01 -1.204918E-02 9.967186E-01 2.582357E-02 1.290063E-02 5.364380E+00 9.667133E+00 
3.471189E-03 6.257395E-02 3.059428E-01 1.344617E-01 -9.620086E-01 3.747902E-01 -4.192834E-02 1.044376E+00 3.049335E-02 1.555139E-02 6.153542E+00 1.103283E+01 
1.393217E-01 4.940251E-02 3.683794E-01 1.583167E-01 -1.388580E+00 5.296038E-01 -8.704303E-02 8.825652E-01 3.401203E-02 1.798359E-02 4.299808E+00 6.479465E+00 
8.653120E-02 4.182849E-02 3.189617E-01 1.259600E-01 -1.163848E+00 2.793762E-01 -4.476550E-02 8.000705E-01 3.680807E-02 9.028198E-04 3.845836E+00 8.828865E+00 
1.144907E-01 5.344878E-02 4.222514E-01 1.536871E-01 -1.346885E+00 3.967161E-01 -1.046455E-01 1.108138E+00 4.262902E-02 7.803483E-03 5.993958E+00 1.218032E+01 
9.437356E-02 5.970218E-02 3.240722E-01 1.474885E-01 -9.780794E-01 5.817188E-01 -1.782321E-01 1.005234E+00 2.907354E-02 1.291909E-02 5.250620E+00 4.935340E+00 
8.163829E-02 5.195548E-02 3.501409E-01 1.584020E-01 -1.340973E+00 1.897473E-01 -9.221952E-02 7.840262E-01 3.013644E-02 6.118114E-03 4.920859E+00 3.071014E+00 
2.653891E-02 4.125247E-02 3.621213E-01 1.444305E-01 -1.256551E+00 3.857459E-01 -6.142776E-02 1.001423E+00 3.273469E-02 7.768668E-03 3.272044E+00 1.100904E+01 
1.059840E-01 4.958668E-02 4.091334E-01 1.428333E-01 -1.209681E+00 3.832945E-01 -2.663247E-02 9.533839E-01 3.480589E-02 1.388269E-02 4.494190E+00 1.153747E+01 
6.301251E-02 4.952731E-02 3.623531E-01 1.598872E-01 -1.226732E+00 3.776176E-01 -8.315361E-02 9.763133E-01 3.556304E-02 1.236433E-02 4.300487E+00 1.037713E+01 
8.544210E-02 4.396269E-02 3.810701E-01 1.483316E-01 -9.259443E-01 4.099019E-01 -1.506718E-01 9.122137E-01 3.361094E-02 3.012573E-02 4.642704E+00 5.635367E+00 
1.401767E-01 4.440692E-02 4.052248E-01 1.549453E-01 -1.220972E+00 3.080502E-01 -1.000000E-02 5.491730E-01 3.577056E-02 3.815851E-03 2.581141E+00 1.121402E+01 
1.334219E-01 5.442020E-02 4.132638E-01 1.550366E-01 -1.021604E+00 4.381403E-01 -2.574943E-02 9.210895E-01 3.668139E-02 2.132287E-03 4.666900E+00 1.641091E+01 
1.166633E-01 1.322862E-02 3.557308E-01 1.521204E-01 -1.410374E+00 4.545091E-01 -9.163493E-02 1.094608E+00 2.633873E-02 1.461574E-02 6.966184E+00 7.025706E+00 
1.207705E-01 3.018050E-02 2.955838E-01 1.404768E-01 -1.146484E+00 4.869544E-01 -7.275422E-02 1.080164E+00 1.880207E-02 4.051220E-03 2.756623E+00 5.334438E+00 
8.409907E-02 5.127025E-02 3.672105E-01 1.566676E-01 -1.297177E+00 4.832091E-01 -1.116971E-02 8.023602E-01 2.765416E-02 6.626733E-03 6.726289E+00 1.231609E+01 
5.208227E-02 5.047831E-02 3.691885E-01 1.431408E-01 -1.362747E+00 3.087786E-01 -4.425857E-02 8.130285E-01 3.055589E-02 9.555659E-03 4.086156E+00 1.262646E+01 
6.974328E-02 5.767089E-02 2.897152E-01 1.393683E-01 -1.294366E+00 4.147421E-01 -5.719904E-02 7.660945E-01 2.942551E-02 8.181488E-03 4.871237E+00 1.721672E+00 
1.355146E-01 3.090599E-02 4.002626E-01 1.525327E-01 -1.084071E+00 5.082813E-01 -3.582300E-02 6.367643E-01 3.394854E-02 4.862096E-03 4.346907E+00 1.060862E+01 
1.579802E-01 3.399721E-02 3.650109E-01 1.684132E-01 -1.103515E+00 4.572987E-01 -1.021826E-01 8.673928E-01 1.892491E-02 4.924254E-03 5.172365E+00 8.170659E+00 
1.240526E-01 5.594595E-02 3.440610E-01 1.510284E-01 -1.215963E+00 5.260769E-01 -9.792834E-02 9.457161E-01 3.133322E-02 1.597534E-02 4.848760E+00 9.501374E+00 
1.442184E-01 2.852665E-02 3.921601E-01 1.507032E-01 -1.062243E+00 5.819851E-01 -8.300015E-02 8.389115E-01 2.329403E-02 6.677119E-03 5.049710E+00 5.249112E+00 
8.884890E-02 5.141644E-02 3.066990E-01 1.662262E-01 -1.334485E+00 4.672305E-01 -4.199681E-02 1.098025E+00 5.512275E-02 1.162809E-02 6.681198E+00 6.779359E+00 
8.236208E-02 4.019043E-02 3.405106E-01 1.270627E-01 -8.518524E-01 4.595059E-01 -7.222186E-02 1.016133E+00 3.541763E-02 7.952994E-03 3.800039E+00 1.288035E+01 
1.224717E-01 5.260997E-02 3.857855E-01 1.471825E-01 -1.257369E+00 5.217669E-01 -1.635951E-01 1.007029E+00 5.053902E-02 1.054706E-02 6.229827E+00 1.038202E+01 
1.018046E-01 6.214333E-02 3.320600E-01 1.489263E-01 -8.172454E-01 4.115830E-01 -1.882110E-02 8.237614E-01 4.521552E-02 2.533542E-02 4.091095E+00 5.226201E+00 
1.524539E-01 4.110654E-02 4.094150E-01 1.473692E-01 -1.403500E+00 1.463955E-01 -2.865463E-02 8.819407E-01 1.829306E-02 1.518224E-02 2.738724E+00 1.365122E+01 
9.354479E-02 4.605942E-02 3.459619E-01 1.641726E-01 -1.220927E+00 3.862688E-01 -8.815449E-02 9.697415E-01 3.938333E-02 7.857300E-03 4.247312E+00 4.327878E+00 
1.118157E-01 3.686426E-02 3.925668E-01 1.416285E-01 -1.133777E+00 4.080203E-01 -5.045633E-02 8.096765E-01 3.729205E-02 1.404044E-02 4.594734E+00 1.114477E+01 
1.252514E-01 4.775627E-02 3.714359E-01 1.520654E-01 -1.332055E+00 4.518966E-01 -6.043289E-02 1.025853E+00 3.007568E-02 2.071375E-03 5.517003E+00 4.698717E+00 
3.796008E-02 6.165355E-02 3.044226E-01 1.629894E-01 -8.738147E-01 4.165140E-01 -5.564969E-02 9.274321E-01 3.282061E-02 2.008113E-02 4.350588E+00 1.306252E+01 
9.473741E-02 7.753247E-02 3.194488E-01 1.451720E-01 -1.334605E+00 5.044567E-01 -1.802372E-01 1.059757E+00 4.159384E-02 1.777040E-02 6.953954E+00 6.016497E+00 
1.250796E-01 4.576497E-02 3.312072E-01 1.474824E-01 -1.377469E+00 4.669381E-01 -7.385295E-02 1.125456E+00 3.484867E-02 7.290070E-03 3.742243E+00 4.071730E+00 
6.156188E-02 4.892910E-02 3.567908E-01 1.431677E-01 -1.271631E+00 4.580902E-01 -7.135767E-02 9.455443E-01 3.505102E-02 4.007629E-03 3.996831E+00 1.121397E+01 
1.264878E-01 4.267529E-02 4.151238E-01 1.560159E-01 -1.292206E+00 5.561758E-01 -1.588486E-01 8.643148E-01 2.788446E-02 6.859055E-03 5.027162E+00 7.032744E+00 
6.442239E-02 2.493289E-02 3.205879E-01 1.458305E-01 -1.256107E+00 3.710798E-01 -7.155886E-02 8.856255E-01 2.835638E-02 7.329790E-03 4.975258E+00 9.892075E+00 
2.998734E-02 4.935113E-02 4.013576E-01 1.338650E-01 -1.119028E+00 4.390306E-01 -2.110139E-02 8.845016E-01 2.831061E-02 7.617537E-03 5.582050E+00 1.057444E+01 
8.184791E-02 7.074167E-02 3.306065E-01 1.490464E-01 -7.008900E-01 4.252337E-01 -9.065267E-02 9.894007E-01 3.999037E-02 2.383944E-02 4.948660E+00 1.289990E+00 
8.130495E-02 6.907420E-02 3.182959E-01 1.577150E-01 -1.053597E+00 4.402286E-01 -8.802207E-02 9.287436E-01 3.375503E-02 8.914034E-03 5.279757E+00 7.273850E+00 
1.466131E-01 2.038293E-02 3.525871E-01 1.604313E-01 -1.237264E+00 4.617257E-01 -9.181547E-02 8.746134E-01 2.861092E-02 3.843447E-03 4.851069E+00 8.713430E+00 
1.092034E-01 4.572566E-02 3.813441E-01 1.498156E-01 -1.288644E+00 4.098984E-01 -3.385159E-02 8.336047E-01 2.618219E-02 1.029315E-02 5.014812E+00 1.365914E+01 
1.158263E-01 4.425861E-02 3.692809E-01 1.277852E-01 -1.461863E+00 5.170162E-01 -1.030741E-01 1.062633E+00 2.735412E-02 8.909841E-03 4.763951E+00 7.519424E+00 
8.303894E-02 5.905661E-02 3.191093E-01 1.490439E-01 -1.588949E+00 4.603659E-01 -1.383515E-01 1.216124E+00 3.133302E-02 7.833350E-03 5.670490E+00 7.662108E+00 
7.528835E-02 5.387851E-02 3.567154E-01 1.533940E-01 -1.432858E+00 3.936585E-01 -7.954888E-02 9.373743E-01 3.258794E-02 8.750399E-03 6.632492E+00 7.082001E+00 
1.703438E-01 5.928289E-02 4.642367E-01 1.629223E-01 -1.126731E+00 2.871077E-01 -1.337631E-02 8.339931E-01 2.510534E-02 2.582704E-03 3.828251E+00 1.008302E+01 
1.486246E-01 3.939057E-02 2.908561E-01 1.746000E-01 -1.059726E+00 3.824577E-01 -3.475434E-02 8.526128E-01 4.340208E-02 7.915869E-03 4.590366E+00 1.468726E+01 
1.199245E-01 2.687089E-02 4.062139E-01 1.377126E-01 -1.242822E+00 3.395342E-01 -2.424024E-02 4.595638E-01 2.703941E-02 0.000000E+00 5.856008E+00 1.085789E+01 
6.483659E-02 5.159951E-02 3.437769E-01 1.260960E-01 -1.026624E+00 3.775261E-01 -3.587005E-02 1.007740E+00 3.819523E-02 1.039645E-02 1.829190E+00 9.643490E+00 
6.693335E-02 4.635692E-02 3.575113E-01 1.466226E-01 -1.252904E+00 3.623473E-01 -8.439040E-02 8.145897E-01 4.406840E-02 6.140789E-03 3.682853E+00 9.961511E+00 
1.057475E-01 5.708221E-02 3.620391E-01 1.578902E-01 -1.119805E+00 3.876409E-01 -1.033603E-01 7.242383E-01 3.767359E-02 1.444330E-02 3.590565E+00 8.099665E+00 
7.517852E-02 3.063662E-02 3.088498E-01 1.272513E-01 -1.277462E+00 6.000000E-01 -8.390965E-02 9.273479E-01 2.058548E-02 1.220858E-02 4.164815E+00 8.548295E+00 
1.048579E-01 2.678027E-02 3.837164E-01 1.593976E-01 -9.939921E-01 5.054432E-01 -7.394889E-02 9.283928E-01 3.341525E-02 1.005254E-02 5.514735E+00 1.033731E+01 
7.084634E-02 4.434048E-02 3.474904E-01 1.380905E-01 -1.252127E+00 3.776011E-01 -4.590549E-02 9.908646E-01 2.846471E-02 2.379827E-02 4.170631E+00 1.401811E+01 
1.142510E-01 3.268009E-02 2.751574E-01 1.450705E-01 -1.232102E+00 3.212151E-01 -6.576757E-02 1.165390E+00 2.505005E-02 7.990530E-03 3.670144E+00 8.725240E+00 
1.207596E-01 5.352985E-02 4.093733E-01 1.552837E-01 -1.252263E+00 4.466284E-01 -1.550410E-01 1.032904E+00 3.394856E-02 2.574630E-02 4.844683E+00 6.737415E+00 
5.804228E-02 6.308763E-02 3.865854E-01 1.412793E-01 -1.215267E+00 3.728857E-01 -2.988451E-02 9.658159E-01 2.465479E-02 1.063909E-02 3.427776E+00 3.216790E+00 
9.741800E-02 3.950797E-02 3.523044E-01 1.431396E-01 -6.940496E-01 3.681968E-01 -8.802294E-02 9.042710E-01 1.308773E-02 1.642997E-02 3.133326E+00 5.526517E+00 
6.656370E-02 7.960336E-02 3.800956E-01 1.669379E-01 -1.198607E+00 5.438592E-01 -9.029474E-02 1.159969E+00 5.573270E-02 1.055683E-02 5.124863E+00 3.167462E+00 
1.270971E-01 4.791890E-02 4.207249E-01 1.536991E-01 -1.168144E+00 5.707849E-01 -1.177164E-01 9.302582E-01 3.140371E-02 7.431923E-03 5.292128E+00 8.311210E+00 
1.135828E-01 4.920199E-02 3.619141E-01 1.550393E-01 -1.391322E+00 3.745455E-01 -1.673120E-02 1.080764E+00 1.160649E-02 5.844656E-03 6.010225E+00 1.192300E+01 
9.415347E-02 4.830090E-02 3.321282E-01 1.528118E-01 -1.454373E+00 5.279596E-01 -1.271065E-01 9.591406E-01 2.886681E-02 8.201643E-03 4.299911E+00 1.690704E+01 
1.443176E-01 3.586676E-02 4.255509E-01 1.512399E-01 -1.277223E+00 5.622098E-01 -4.657982E-02 7.996161E-01 3.510552E-02 1.381202E-02 3.855741E+00 7.497981E+00 
6.783738E-02 3.344898E-02 3.835310E-01 1.347755E-01 -1.367571E+00 5.389852E-01 -7.059886E-02 9.822495E-01 2.645325E-02 9.667957E-03 4.353569E+00 5.195686E+00 
1.305830E-01 5.194721E-02 4.229523E-01 1.525044E-01 -1.235190E+00 4.860054E-01 -1.145950E-01 8.327029E-01 3.592087E-02 9.115255E-03 4.768178E+00 9.131486E+00 
1.254342E-01 6.132382E-02 3.761340E-01 1.545651E-01 -1.528905E+00 4.970327E-01 -1.452650E-01 1.000829E+00 2.980743E-02 7.721308E-03 4.370654E+00 8.657588E+00 
8.954658E-02 3.213919E-02 4.257609E-01 1.572685E-01 -1.315003E+00 2.813154E-01 -8.413023E-02 1.055292E+00 3.551380E-02 3.734785E-03 4.141996E+00 1.200016E+01 
1.280708E-01 5.850350E-02 3.380965E-01 1.477675E-01 -1.208731E+00 2.398472E-01 -6.892650E-02 1.012403E+00 2.725111E-02 2.055795E-02 4.882946E+00 6.118239E+00 
6.008868E-02 5.823944E-02 2.728972E-01 1.352440E-01 -1.074107E+00 3.746793E-01 -7.818510E-02 1.061293E+00 3.374201E-02 3.244861E-04 3.575829E+00 1.590659E+01 
4.807873E-02 8.844068E-02 3.344767E-01 1.477139E-01 -1.247902E+00 3.127792E-01 -3.639515E-02 1.033431E+00 2.892291E-02 9.327170E-03 4.928359E+00 8.529484E+00 
1.178635E-01 4.638358E-02 4.110583E-01 1.540696E-01 -1.160441E+00 3.707791E-01 -1.542230E-01 9.090459E-01 3.873026E-02 4.024137E-03 4.442578E+00 7.761189E+00 
1.186420E-01 4.133285E-02 3.625081E-01 1.458289E-01 -1.318346E+00 4.655642E-01 -1.017612E-01 1.028166E+00 2.998832E-02 7.556623E-03 4.852395E+00 8.487530E+00 
1.323313E-01 2.900207E-02 4.457876E-01 1.577664E-01 -1.122412E+00 5.381975E-01 -1.102954E-01 8.412729E-01 3.659228E-02 3.226130E-02 6.054684E+00 4.734884E+00 
1.639434E-01 1.481968E-02 3.721937E-01 1.601490E-01 -1.478997E+00 4.734603E-01 -2.715596E-02 9.350490E-01 3.567671E-02 0.000000E+00 5.449238E+00 1.022056E+01 
1.240311E-01 2.695690E-02 4.319404E-01 1.587806E-01 -1.066147E+00 4.569643E-01 -6.369034E-02 9.187624E-01 4.035527E-02 8.140786E-03 5.544004E+00 9.052356E+00 
1.313701E-01 3.158648E-02 3.728723E-01 1.480560E-01 -1.177052E+00 5.294173E-01 -1.042214E-01 1.023795E+00 2.078414E-02 7.206555E-03 5.151063E+00 8.579508E+00 
1.163034E-01 4.161537E-02 3.711224E-01 1.535515E-01 -1.040322E+00 2.256367E-01 -4.571436E-02 8.533719E-01 3.283843E-02 3.429253E-03 3.885444E+00 1.013519E+01 
7.630564E-02 1.678756E-02 3.232212E-01 1.678366E-01 -1.534880E+00 6.000000E-01 -1.094495E-01 8.110005E-01 3.521433E-02 9.983540E-03 7.577955E+00 1.058032E+01 
1.326359E-01 2.596581E-02 3.510584E-01 1.324771E-01 -1.647445E+00 4.137347E-01 -5.149604E-02 1.015974E+00 3.344935E-02 2.919889E-03 3.342042E+00 7.695123E+00 
8.592730E-02 2.865130E-02 3.859272E-01 1.492499E-01 -1.447969E+00 5.322562E-01 -2.000000E-01 9.873292E-01 3.240104E-02 1.200201E-02 5.620860E+00 4.792967E+00 
1.113866E-01 5.389493E-02 4.382918E-01 1.289001E-01 -1.162410E+00 3.666063E-01 -3.678555E-02 9.798518E-01 3.366143E-02 8.016313E-03 4.344149E+00 5.512061E+00 
1.269890E-01 3.517028E-02 4.052176E-01 1.562811E-01 -1.409371E+00 5.430029E-01 -1.336956E-01 7.937998E-01 2.293400E-02 8.702219E-03 4.690719E+00 1.106709E+01 
8.644853E-02 5.404245E-02 4.091843E-01 1.721665E-01 -1.381328E+00 3.902032E-01 -6.650131E-02 7.558094E-01 4.020097E-02 2.271041E-02 3.995868E+00 8.248616E+00 
7.213018E-02 6.805691E-02 2.535945E-01 1.375712E-01 -1.050596E+00 3.959622E-01 -3.377918E-02 9.874685E-01 4.121186E-02 1.171076E-02 4.862451E+00 1.243731E+01 
1.137635E-01 4.222643E-02 3.952435E-01 1.513305E-01 -1.136909E+00 5.060836E-01 -5.294807E-02 7.574601E-01 3.568794E-02 1.798768E-02 5.365397E+00 1.512462E+01 
9.427474E-02 6.580018E-02 3.531386E-01 1.406140E-01 -1.367382E+00 4.293637E-01 -1.550274E-01 9.022559E-01 3.939228E-02 1.248403E-02 4.433945E+00 8.672427E+00 
7.753989E-02 6.353138E-02 3.466299E-01 1.357684E-01 -1.204541E+00 5.183312E-01 -7.418933E-02 9.905195E-01 2.920651E-02 1.630918E-02 4.664709E+00 1.565456E+01 
1.031730E-01 5.042107E-02 4.588307E-01 1.407036E-01 -1.371491E+00 3.977007E-01 -5.175284E-02 6.597691E-01 2.154610E-02 1.497738E-02 5.181045E+00 1.024523E+01 
1.389412E-01 1.000000E-04 4.298638E-01 1.644671E-01 -1.236917E+00 4.370907E-01 -4.122269E-02 1.021991E+00 3.185645E-02 9.242040E-03 4.261255E+00 1.425371E+01 
1.155706E-01 5.018055E-02 3.360430E-01 1.426502E-01 -1.553943E+00 3.287084E-01 -6.656259E-02 1.054047E+00 3.165009E-02 4.125653E-03 5.590761E+00 7.224315E+00 
1.309018E-01 4.132533E-02 3.654036E-01 1.574060E-01 -1.452360E+00 5.038139E-01 -1.136275E-01 1.045048E+00 3.866797E-02 1.881269E-02 5.635171E+00 9.705456E+00 
8.801145E-02 4.869681E-02 3.224783E-01 1.374928E-01 -1.015077E+00 4.422537E-01 -7.765103E-02 8.241067E-01 3.312260E-02 1.693754E-02 4.039581E+00 8.610273E+00 
5.095600E-02 5.033200E-02 3.939357E-01 1.455658E-01 -1.195923E+00 4.189427E-01 -6.107853E-02 9.898480E-01 3.731731E-02 2.803912E-02 5.686995E+00 7.766918E+00 
8.621977E-02 5.563506E-02 3.392167E-01 1.510926E-01 -1.165254E+00 4.225336E-01 -2.749396E-02 1.009142E+00 4.123316E-02 1.388904E-02 4.811970E+00 7.009550E+00 
1.298949E-01 3.665698E-02 3.964703E-01 1.560640E-01 -1.174154E+00 5.029329E-01 -7.753776E-02 7.186159E-01 4.704300E-02 1.128699E-02 5.004640E+00 7.371529E+00 
1.133790E-01 6.799669E-02 4.078535E-01 1.502944E-01 -1.167448E+00 5.747850E-01 -1.215387E-01 9.983531E-01 3.756153E-02 7.327177E-03 5.484140E+00 9.183735E+00 
7.877737E-02 3.754629E-02 2.974005E-01 1.785695E-01 -1.179319E+00 3.897956E-01 -2.248211E-02 6.828447E-01 3.904519E-02 1.825403E-02 4.930325E+00 9.088312E+00 
9.286540E-02 4.711754E-02 4.237691E-01 1.554779E-01 -1.357873E+00 5.496154E-01 -2.543206E-02 8.586685E-01 3.331694E-02 3.838405E-03 4.461589E+00 6.090367E+00 
1.047950E-01 4.178774E-02 4.048211E-01 1.420470E-01 -1.171586E+00 4.958908E-01 -5.372739E-02 9.299902E-01 4.704411E-02 8.324536E-04 4.395442E+00 8.240030E+00 
1.299248E-01 5.102545E-02 3.089338E-01 1.438489E-01 -1.360274E+00 4.925866E-01 -2.693238E-02 9.562261E-01 3.311440E-02 4.706557E-03 4.707920E+00 6.767383E+00 
1.284407E-01 3.517761E-02 4.176652E-01 1.563115E-01 -1.394726E+00 4.260894E-01 -5.484831E-02 8.584935E-01 2.609872E-02 6.909072E-03 4.874133E+00 9.401842E+00 
1.215893E-01 3.673380E-02 4.550813E-01 1.625336E-01 -1.262498E+00 5.289208E-01 -1.292128E-01 9.209201E-01 3.263000E-02 5.478282E-03 3.098536E+00 7.778303E+00 
7.470378E-02 3.445395E-02 3.184617E-01 1.624098E-01 -1.165831E+00 4.657972E-01 -8.030307E-02 8.075311E-01 2.952489E-02 1.155664E-02 4.357675E+00 9.045681E+00 
1.248107E-01 4.025312E-02 3.441229E-01 1.625555E-01 -1.260255E+00 4.563889E-01 -6.722081E-02 1.003701E+00 4.141564E-02 5.038423E-03 6.567417E+00 2.504392E+00 
5.947118E-03 5.390543E-02 3.305013E-01 1.464825E-01 -1.042145E+00 3.924115E-01 -9.243207E-02 1.147081E+00 3.071994E-02 1.656534E-02 6.270942E+00 9.569590E+00 
1.221544E-01 7.344083E-02 3.584248E-01 1.609293E-01 -1.311074E+00 4.653625E-01 -9.102004E-02 1.088574E+00 3.077259E-02 2.010067E-02 4.405476E+00 1.206145E+01 
1.000258E-01 4.927097E-02 3.713495E-01 1.422434E-01 -1.301892E+00 4.751136E-01 -1.512554E-01 8.508445E-01 3.673257E-02 1.152311E-02 4.944488E+00 8.323207E+00 
1.072227E-01 5.094766E-02 3.746418E-01 1.478245E-01 -1.598851E+00 5.503545E-01 -1.438579E-01 9.934392E-01 3.802365E-02 1.631042E-02 4.995879E+00 7.576810E+00 
4.335163E-02 5.106726E-02 3.202842E-01 1.537698E-01 -1.327081E+00 4.298509E-01 -1.067171E-01 1.254814E+00 3.266846E-02 1.466993E-02 6.136768E+00 1.475913E+01 
1.290605E-01 1.569698E-02 3.841058E-01 1.371756E-01 -1.454996E+00 3.912078E-01 -1.046138E-01 1.051386E+00 4.099736E-02 2.081350E-02 5.677770E+00 9.327329E+00 
1.089476E-01 5.157675E-02 3.406430E-01 1.565131E-01 -1.824094E+00 3.748485E-01 -7.788853E-02 1.004696E+00 3.493409E-02 9.250136E-03 5.663627E+00 7.953777E+00 
8.522291E-02 4.237640E-02 3.413030E-01 1.504732E-01 -1.246310E+00 4.383273E-01 -7.117344E-02 1.089042E+00 2.720852E-02 8.285559E-03 4.599787E+00 4.856496E+00 
9.026660E-02 4.168337E-02 3.368748E-01 1.611588E-01 -7.725610E-01 5.081741E-01 -1.000000E-02 1.008857E+00 4.191554E-02 4.361108E-03 5.545294E+00 1.115130E+01 
9.289125E-02 4.411893E-02 4.073823E-01 1.529000E-01 -1.303205E+00 4.376064E-01 -7.767014E-02 6.102949E-01 2.775543E-02 2.974427E-03 5.659910E+00 1.047490E+01 
1.042019E-01 5.289608E-02 3.456903E-01 1.478538E-01 -1.053860E+00 4.872315E-01 -8.900073E-02 9.647014E-01 3.871479E-02 1.618616E-02 5.183256E+00 7.417435E+00 
1.258101E-01 5.052403E-02 3.573751E-01 1.359155E-01 -1.309874E+00 2.945034E-01 -1.138876E-01 1.015649E+00 2.043123E-02 1.408635E-03 4.574007E+00 8.024537E+00 
1.174208E-01 3.826691E-02 3.830595E-01 1.681081E-01 -1.444292E+00 5.037950E-01 -7.204390E-02 6.253025E-01 3.104941E-02 2.202696E-03 5.800347E+00 8.666108E+00 
6.774055E-02 7.240006E-02 3.318891E-01 1.444054E-01 -1.268373E+00 3.832440E-01 -1.351042E-01 8.730300E-01 3.578141E-02 3.182189E-03 4.749271E+00 3.468514E+00 
1.311454E-01 5.676169E-02 4.547041E-01 1.392382E-01 -1.418381E+00 5.645676E-01 -1.132459E-01 7.849088E-01 3.156549E-02 4.075855E-03 4.745095E+00 6.226667E+00 
1.287417E-01 6.586162E-02 3.318705E-01 1.566122E-01 -1.446525E+00 4.183815E-01 -5.201515E-02 1.078649E+00 3.370519E-02 5.182634E-03 3.957289E+00 7.140388E+00 
