1.270001E-01 2.401934E-02 4.068355E-01 1.603126E-01 -1.626492E+00 4.746255E-01 -1.164994E-01 7.121496E-01 3.953984E-02 1.145147E-02 5.912139E+00 5.093743E+00 
1.056833E-01 3.336099E-02 3.373103E-01 1.484140E-01 -1.272076E+00 4.427278E-01 -4.894393E-02 1.035640E+00 3.024643E-02 3.654806E-03 5.046981E+00 8.874807E+00 
7.684376E-02 3.366448E-02 3.899781E-01 1.534399E-01 -9.172406E-01 3.291699E-01 -3.444443E-02 1.018482E+00 1.510497E-02 3.358168E-03 4.626068E+00 6.954153E+00 
1.003067E-01 4.833823E-02 3.743839E-01 1.461370E-01 -1.312456E+00 3.212216E-01 -2.552011E-02 2.029777E-01 3.183787E-02 6.320254E-03 3.989346E+00 1.340500E+01 
1.200741E-01 8.343008E-03 4.160351E-01 1.608429E-01 -1.230440E+00 4.104843E-01 -7.258778E-02 9.713379E-01 2.238065E-02 4.637208E-03 4.282706E+00 8.689260E+00 
1.474099E-01 3.948871E-02 3.821430E-01 1.518917E-01 -1.247535E+00 4.929448E-01 -6.118285E-02 1.030838E+00 2.025151E-02 5.389951E-03 4.390472E+00 7.039207E+00 
9.188256E-02 5.283201E-02 3.256104E-01 1.599716E-01 -1.451841E+00 4.281317E-01 -4.282134E-02 1.125375E+00 3.377193E-02 1.403204E-02 5.145346E+00 7.903872E+00 
7.241350E-02 6.002904E-02 3.580590E-01 1.517247E-01 -1.162977E+00 3.257652E-01 -4.257272E-02 1.034988E+00 3.261489E-02 9.019928E-03 4.587407E+00 6.360268E+00 
1.338030E-01 4.364196E-02 4.110445E-01 1.561833E-01 -1.335603E+00 5.768046E-01 -1.073988E-01 9.326472E-01 3.932973E-02 4.064330E-03 5.768935E+00 6.210774E+00 
1.060711E-01 4.438196E-02 3.755324E-01 1.672994E-01 -1.291554E+00 5.032782E-01 -1.493578E-01 1.019711E+00 3.906882E-02 1.006470E-02 4.331863E+00 1.243018E+01 
1.282307E-01 5.539997E-02 4.614241E-01 1.508647E-01 -1.208899E+00 3.337993E-01 -2.000000E-01 9.003412E-01 4.598148E-02 1.680236E-02 4.999089E+00 9.167664E+00 
4.288446E-02 5.778866E-02 3.648961E-01 1.540443E-01 -1.388817E+00 4.251611E-01 -3.424238E-02 9.695503E-01 2.726797E-02 2.933446E-03 5.361603E+00 1.007620E+01 
1.336171E-01 2.260117E-02 3.517784E-01 1.521769E-01 -1.333636E+00 4.711687E-01 -2.102705E-02 9.665340E-01 2.930240E-02 1.664454E-03 5.319335E+00 1.063713E+01 
1.054131E-01 3.669681E-02 3.642119E-01 1.555105E-01 -1.184741E+00 5.635798E-01 -8.871133E-02 6.771474E-01 3.389779E-02 2.756867E-02 3.467102E+00 8.806891E+00 
1.176192E-01 4.240074E-02 3.817214E-01 1.502187E-01 -1.219472E+00 4.575489E-01 -4.244989E-02 8.090749E-01 2.699464E-02 8.409265E-03 4.380639E+00 1.141778E+01 
1.277641E-01 3.367483E-02 3.647356E-01 1.489352E-01 -1.533542E+00 5.223229E-01 -8.608115E-02 1.102327E+00 3.124513E-02 1.139288E-02 3.494142E+00 8.269514E+00 
1.084042E-01 3.789574E-02 2.776335E-01 1.548657E-01 -1.336745E+00 3.208187E-01 -4.044995E-02 9.771202E-01 3.283490E-02 2.129770E-03 5.249895E+00 1.107818E+01 
1.354756E-01 4.046572E-02 3.933784E-01 1.346416E-01 -1.284235E+00 4.825597E-01 -4.949945E-02 7.859916E-01 2.642189E-02 5.604808E-03 5.229114E+00 1.738362E+01 
1.691410E-01 3.585678E-02 4.054242E-01 1.494859E-01 -1.343456E+00 5.927773E-01 -7.706377E-02 1.022387E+00 2.848236E-02 1.073695E-02 6.116143E+00 9.279943E+00 
1.632632E-01 2.149597E-02 4.078590E-01 1.646205E-01 -1.154872E+00 6.000000E-01 -1.160114E-01 8.052468E-01 1.877548E-02 4.585567E-03 5.101484E+00 8.779628E+00 
1.159588E-01 1.523292E-02 3.359561E-01 1.422998E-01 -1.130278E+00 3.545330E-01 -9.036363E-02 9.113180E-01 3.075838E-02 0.000000E+00 5.219546E+00 1.069968E+01 
1.216402E-01 4.208508E-02 3.931450E-01 1.530555E-01 -1.145422E+00 4.779836E-01 -1.443859E-01 9.670019E-01 2.842465E-02 2.208822E-03 4.340350E+00 9.531691E+00 
1.236791E-01 4.096949E-02 3.330191E-01 1.611241E-01 -1.267273E+00 4.438277E-01 -8.217780E-02 8.803438E-01 3.595997E-02 6.390733E-04 4.992834E+00 9.528176E+00 
8.619872E-02 6.183666E-02 3.278028E-01 1.591380E-01 -1.412707E+00 4.980185E-01 -1.047716E-01 8.227148E-01 3.348248E-02 1.165393E-02 7.365544E+00 6.001514E+00 
5.126239E-02 6.077966E-02 2.643458E-01 1.460381E-01 -1.175352E+00 3.504962E-01 -3.104995E-02 9.052821E-01 3.456223E-02 5.724057E-03 3.753039E+00 1.133485E+01 
9.874023E-02 4.620784E-02 3.303036E-01 1.535750E-01 -1.246471E+00 3.797367E-01 -1.031279E-02 1.123935E+00 3.170078E-02 1.794273E-02 4.671968E+00 1.085031E+01 
1.315634E-01 3.970704E-02 3.389284E-01 1.584191E-01 -1.661725E+00 4.875857E-01 -7.096298E-02 8.553481E-01 2.587786E-02 1.809399E-02 4.917084E+00 1.436928E+01 
9.997194E-02 4.483593E-02 3.130857E-01 1.564193E-01 -1.309065E+00 2.980807E-01 -6.385570E-02 9.931578E-01 3.183429E-02 7.114488E-03 4.247220E+00 7.822720E+00 
1.363584E-01 2.561439E-02 5.071236E-01 1.529705E-01 -1.256998E+00 3.409720E-01 -2.216777E-02 9.388695E-01 3.276856E-02 1.309319E-03 5.360589E+00 9.275879E+00 
8.572962E-02 6.127950E-02 3.806120E-01 1.545123E-01 -1.020473E+00 4.687356E-01 -6.351700E-02 9.856675E-01 4.736564E-02 1.856081E-02 5.857268E+00 1.013633E+01 
3.970099E-02 6.105442E-02 3.664275E-01 1.535857E-01 -1.206008E+00 4.139936E-01 -4.752858E-02 9.539485E-01 3.483009E-02 8.139510E-03 3.786905E+00 6.922268E+00 
1.238250E-01 5.942304E-03 2.927521E-01 1.604801E-01 -1.423652E+00 4.843357E-01 -9.867935E-02 9.250938E-01 2.781822E-02 0.000000E+00 4.731846E+00 5.130761E+00 
4.422378E-02 3.848421E-02 3.190884E-01 1.492451E-01 -1.317382E+00 3.545778E-01 -5.461681E-02 1.043775E+00 2.643942E-02 9.523122E-03 4.182158E+00 8.322929E+00 
1.506559E-01 3.099309E-02 3.847214E-01 1.623164E-01 -1.290803E+00 5.513536E-01 -8.752406E-02 9.066069E-01 2.653654E-02 1.377418E-02 4.922686E+00 5.111268E+00 
1.237949E-01 4.676695E-02 3.616647E-01 1.518466E-01 -1.311602E+00 5.096045E-01 -8.328246E-02 9.402527E-01 3.030343E-02 1.880267E-03 5.275104E+00 5.461898E+00 
8.297065E-02 7.572285E-02 3.548544E-01 1.343388E-01 -1.117744E+00 4.246949E-01 -1.000000E-02 9.806801E-01 2.070331E-02 8.193895E-03 4.471223E+00 1.031214E+01 
1.232595E-01 2.811422E-02 3.102738E-01 1.640288E-01 -1.524694E+00 4.143413E-01 -7.027693E-02 9.810388E-01 5.098933E-02 1.336275E-02 4.752987E+00 5.970160E+00 
1.333265E-01 3.348899E-02 3.739949E-01 1.588766E-01 -1.484475E+00 5.002228E-01 -7.765693E-02 1.033615E+00 3.255942E-02 4.461310E-03 5.189896E+00 1.126931E+01 
1.322363E-01 3.436200E-02 3.906312E-01 1.463716E-01 -1.221222E+00 3.747988E-01 -6.559814E-02 8.967448E-01 3.136079E-02 9.674225E-03 5.031921E+00 4.113569E+00 
1.001936E-01 4.648142E-02 3.962251E-01 1.593085E-01 -1.298005E+00 2.355835E-01 -3.792954E-02 5.908472E-01 2.938062E-02 6.227051E-03 3.810821E+00 1.031053E+01 
6.023578E-02 4.528271E-02 3.074663E-01 1.381323E-01 -1.052957E+00 4.672803E-01 -6.380756E-02 9.710537E-01 2.721528E-02 3.428776E-03 4.631592E+00 1.234469E+01 
1.358587E-01 2.160275E-02 4.360393E-01 1.680766E-01 -1.811007E+00 5.712358E-01 -9.015007E-02 1.023959E+00 3.385712E-02 3.887937E-03 5.133312E+00 6.757811E+00 
1.182843E-01 2.964022E-02 3.703747E-01 1.478022E-01 -1.111370E+00 4.809969E-01 -6.215695E-02 1.086400E+00 3.120535E-02 6.404702E-03 1.807267E+00 2.591551E+00 
2.535454E-02 4.686988E-02 3.646595E-01 1.431432E-01 -1.173491E+00 3.447410E-01 -4.573522E-02 4.642196E-01 3.441333E-02 8.365786E-03 3.560816E+00 1.413489E+01 
1.236544E-01 6.112468E-02 3.586403E-01 1.427967E-01 -1.122616E+00 3.883219E-01 -6.339687E-02 8.462944E-01 3.136637E-02 1.744552E-02 3.913230E+00 1.290426E+01 
5.631713E-02 5.300342E-02 3.135917E-01 1.336456E-01 -1.327113E+00 3.550608E-01 -4.990229E-02 9.135414E-01 3.542795E-02 1.524895E-02 4.055729E+00 9.741315E+00 
6.638939E-02 6.539624E-02 3.276290E-01 1.435449E-01 -1.481568E+00 3.500937E-01 -3.693430E-02 1.019290E+00 3.992447E-02 1.229064E-02 4.997759E+00 5.085275E+00 
9.864824E-02 7.021709E-02 3.696187E-01 1.420094E-01 -1.515279E+00 4.376384E-01 -6.022848E-02 8.369789E-01 3.146669E-02 7.034989E-03 4.526740E+00 5.566402E+00 
7.141193E-02 9.638525E-03 3.439725E-01 1.497687E-01 -1.180811E+00 4.378851E-01 -9.225578E-02 1.003571E+00 2.381084E-02 1.362175E-02 5.646054E+00 6.534077E+00 
1.275757E-01 5.986255E-02 3.036972E-01 1.588527E-01 -1.205159E+00 3.753548E-01 -7.058378E-02 9.928901E-01 3.485071E-02 6.427241E-03 5.172046E+00 6.840091E+00 
4.113999E-02 4.086528E-02 3.150340E-01 1.540314E-01 -1.348848E+00 4.274434E-01 -7.934719E-02 1.116028E+00 3.120158E-02 1.153830E-02 3.766833E+00 1.010541E+01 
1.095228E-01 3.350223E-02 3.960389E-01 1.689084E-01 -1.296081E+00 4.276370E-01 -6.603346E-02 8.376147E-01 3.586432E-02 5.064567E-03 5.330931E+00 9.357636E+00 
8.406452E-02 5.594327E-02 2.927300E-01 1.408668E-01 -9.884576E-01 4.208191E-01 -1.111766E-01 9.525160E-01 3.274472E-02 8.390283E-03 3.959090E+00 9.812420E+00 
1.072756E-01 3.727848E-02 4.214662E-01 1.593108E-01 -1.101416E+00 3.597988E-01 -6.153744E-02 8.929659E-01 3.731147E-02 1.541784E-02 6.093029E+00 1.158146E+01 
1.070355E-01 5.497495E-02 3.701340E-01 1.603644E-01 -1.410244E+00 4.761446E-01 -5.526254E-02 1.058887E+00 3.344688E-02 7.798474E-03 5.402281E+00 8.878431E+00 
1.286503E-01 4.650084E-02 3.729297E-01 1.638384E-01 -1.023413E+00 5.802863E-01 -1.133807E-01 8.027037E-01 3.477526E-02 7.758238E-03 5.040865E+00 5.830768E+00 
5.879394E-02 6.241117E-02 3.912020E-01 1.604888E-01 -1.197460E+00 3.474218E-01 -4.972970E-02 8.846755E-01 2.318210E-02 0.000000E+00 3.990335E+00 9.291403E+00 
1.432583E-01 3.251165E-02 3.434368E-01 1.650215E-01 -1.543726E+00 5.681342E-01 -1.065297E-01 9.754985E-01 3.035022E-02 3.689752E-03 5.305733E+00 7.547883E+00 
1.167984E-01 4.517463E-02 4.544523E-01 1.666266E-01 -1.352509E+00 4.572027E-01 -1.015535E-01 7.491008E-01 3.009719E-02 1.099956E-02 4.021334E+00 1.103860E+01 
1.306578E-01 1.864555E-02 3.944604E-01 1.551554E-01 -1.343795E+00 4.133886E-01 -3.659866E-02 8.539983E-01 2.761067E-02 1.498318E-03 3.862481E+00 5.826595E+00 
1.550169E-01 1.675687E-02 4.349374E-01 1.621684E-01 -1.169792E+00 5.822999E-01 -5.184523E-02 8.905812E-01 3.019615E-02 7.026681E-03 3.693905E+00 6.433705E+00 
1.015896E-01 4.851776E-02 3.814815E-01 1.610197E-01 -1.290570E+00 3.893938E-01 -8.222559E-02 1.064887E+00 3.111015E-02 7.913681E-03 4.170892E+00 8.226643E+00 
1.514341E-01 4.572525E-02 3.897234E-01 1.730694E-01 -1.206057E+00 3.105025E-01 -1.009501E-01 7.731739E-01 3.049427E-02 7.522540E-03 4.623768E+00 1.076679E+01 
1.306618E-01 1.352313E-02 3.917827E-01 1.423732E-01 -1.304913E+00 5.014245E-01 -6.104677E-02 1.106433E+00 3.505798E-02 1.699819E-02 3.535083E+00 8.585012E+00 
8.843570E-02 5.312422E-02 4.108393E-01 1.482384E-01 -1.373762E+00 3.204043E-01 -3.218873E-02 9.748621E-01 2.010795E-02 9.199964E-03 4.780560E+00 2.576543E+00 
5.131597E-02 8.158012E-02 3.459064E-01 1.574999E-01 -1.201729E+00 4.903782E-01 -9.664999E-02 8.964978E-01 7.065845E-02 1.693783E-02 4.159750E+00 0.000000E+00 
1.093433E-01 2.670445E-02 3.550014E-01 1.564430E-01 -1.391087E+00 5.606238E-01 -1.130604E-01 8.929219E-01 2.515200E-02 1.447418E-02 5.507970E+00 9.479842E+00 
1.278802E-01 4.688622E-02 4.424889E-01 1.553015E-01 -1.595864E+00 3.711223E-01 -1.099287E-01 8.470804E-01 3.159575E-02 8.618716E-03 5.223989E+00 8.650272E+00 
1.076326E-01 7.590717E-02 3.626573E-01 1.609923E-01 -6.350506E-01 4.731048E-01 -9.333407E-02 8.988018E-01 2.306777E-02 1.727132E-02 5.233044E+00 9.335222E+00 
6.943577E-02 2.443759E-02 3.611635E-01 1.401469E-01 -1.584005E+00 3.923427E-01 -7.021587E-02 9.961629E-01 3.160428E-02 2.059931E-02 4.236131E+00 7.250156E+00 
1.152612E-01 3.424824E-02 4.062824E-01 1.546222E-01 -1.365087E+00 4.892877E-01 -2.400436E-02 9.582164E-01 2.524818E-02 4.940265E-03 5.275650E+00 9.340074E+00 
1.308464E-01 4.016337E-02 3.911969E-01 1.642927E-01 -1.286645E+00 5.083825E-01 -2.000000E-01 1.080593E+00 4.408046E-02 1.352925E-02 5.862264E+00 7.528467E+00 
5.439374E-02 5.259694E-02 3.505172E-01 1.364666E-01 -1.548755E+00 4.877993E-01 -9.200545E-02 9.009651E-01 3.533133E-02 1.697678E-02 4.150670E+00 1.134599E+01 
7.943182E-02 5.898332E-02 3.733600E-01 1.381772E-01 -1.031983E+00 5.520322E-01 -1.519788E-01 1.038787E+00 3.904638E-02 1.736493E-02 5.833844E+00 3.363071E+00 
1.177682E-01 2.925878E-02 3.814021E-01 1.484587E-01 -1.304826E+00 4.854581E-01 -1.263218E-02 8.968388E-01 2.858595E-02 9.118081E-03 5.007425E+00 8.149246E+00 
2.997055E-02 4.345573E-02 3.208135E-01 1.443366E-01 -1.254407E+00 5.898717E-01 -6.674815E-02 8.966517E-01 3.301033E-02 1.498925E-02 3.803599E+00 1.218542E+01 
1.362995E-01 3.188978E-02 3.953590E-01 1.602947E-01 -1.158435E+00 4.333288E-01 -8.710666E-02 9.677330E-01 2.524008E-02 7.149711E-03 3.990979E+00 7.537905E+00 
5.156544E-02 3.254171E-02 3.513990E-01 1.460811E-01 -9.204366E-01 3.332877E-01 -4.728112E-02 9.278771E-01 1.778126E-02 7.594303E-03 4.363106E+00 1.123339E+01 
1.298496E-01 4.150489E-02 4.484775E-01 1.443990E-01 -1.187047E+00 5.735195E-01 -9.324571E-02 7.188669E-01 3.180534E-02 4.652618E-03 4.025702E+00 7.011515E+00 
1.311600E-01 3.359885E-02 3.723935E-01 1.652967E-01 -1.222868E+00 4.087840E-01 -3.158349E-02 8.771975E-01 3.112717E-02 0.000000E+00 4.054060E+00 1.208164E+01 
1.283448E-01 3.994009E-02 3.551471E-01 1.517276E-01 -1.181541E+00 3.734720E-01 -6.086709E-02 1.019570E+00 1.791255E-02 1.868529E-03 4.899486E+00 8.098898E+00 
1.536513E-01 1.139170E-02 3.891916E-01 1.609868E-01 -1.462111E+00 4.767262E-01 -8.269858E-02 9.181660E-01 3.519910E-02 3.587844E-05 6.012223E+00 1.051549E+01 
9.893101E-02 4.451981E-02 3.793481E-01 1.541498E-01 -1.166200E+00 5.447616E-01 -1.045416E-01 1.062509E+00 2.273960E-02 1.145368E-02 5.205891E+00 7.014789E+00 
4.833201E-02 6.225195E-02 2.671675E-01 1.524059E-01 -1.287201E+00 3.201145E-01 -6.283345E-02 9.892255E-01 3.557917E-02 2.716996E-02 4.258044E+00 1.154308E+01 
5.054054E-02 3.116968E-02 3.289779E-01 1.539127E-01 -1.397264E+00 4.244988E-01 -5.557120E-02 1.191191E+00 3.204257E-02 7.409354E-03 4.450418E+00 1.493076E+01 
1.461322E-01 3.544293E-02 4.570677E-01 1.610159E-01 -1.077061E+00 3.774729E-01 -6.183349E-02 9.417702E-01 2.903287E-02 7.591413E-03 4.825422E+00 8.645376E+00 
7.150742E-02 3.355047E-02 3.502570E-01 1.565370E-01 -1.215666E+00 5.265128E-01 -1.532532E-02 8.115245E-01 3.292357E-02 1.452439E-02 3.954028E+00 1.177016E+01 
1.219849E-01 4.731247E-02 3.626177E-01 1.538105E-01 -1.440182E+00 4.876192E-01 -1.408612E-01 9.308191E-01 2.975881E-02 3.852382E-03 4.560625E+00 9.947937E+00 
3.571455E-02 3.488853E-02 3.358980E-01 1.244306E-01 -1.074046E+00 4.358935E-01 -1.275180E-01 1.059110E+00 3.492232E-02 1.003380E-02 3.990581E+00 1.312398E+01 
1.368592E-01 1.053074E-02 3.658935E-01 1.594678E-01 -1.309572E+00 3.111241E-01 -5.982476E-02 9.735040E-01 3.144579E-02 1.572357E-02 4.720289E+00 9.741142E+00 
1.560351E-01 1.863313E-02 3.396501E-01 1.589712E-01 -1.408804E+00 4.923918E-01 -3.734476E-02 1.001481E+00 3.300853E-02 1.127488E-02 4.616511E+00 1.016331E+01 
1.511612E-01 4.319524E-02 3.516025E-01 1.598287E-01 -1.311409E+00 5.381103E-01 -1.618138E-01 1.027918E+00 2.611796E-02 3.029735E-03 4.383055E+00 5.530427E+00 
1.578001E-01 3.643753E-02 3.328494E-01 1.575172E-01 -1.279823E+00 3.741389E-01 -4.693347E-02 8.668688E-01 3.765383E-02 5.841169E-03 3.293427E+00 1.065588E+01 
1.161731E-01 2.957730E-02 4.022070E-01 1.494428E-01 -1.139773E+00 5.152343E-01 -1.946378E-01 9.165094E-01 3.167857E-02 1.530741E-02 5.600951E+00 6.823103E+00 
8.244511E-02 5.670246E-02 4.072047E-01 1.461731E-01 -1.141454E+00 1.754835E-01 -2.166248E-02 7.957130E-01 3.371306E-02 9.465397E-03 4.510212E+00 1.212161E+01 
1.286694E-01 4.961489E-02 4.069950E-01 1.518301E-01 -1.131228E+00 2.629608E-01 -1.943786E-02 1.095017E+00 3.363944E-02 1.922277E-03 4.563870E+00 9.480314E+00 
1.219825E-01 2.519531E-02 3.630869E-01 1.528948E-01 -1.304154E+00 2.944598E-01 -1.730210E-02 5.269344E-01 3.454989E-02 4.121218E-03 4.038995E+00 1.551007E+01 
1.337190E-01 3.681932E-02 3.576906E-01 1.539435E-01 -1.027134E+00 2.774718E-01 -9.385225E-02 8.981012E-01 2.931405E-02 1.839503E-03 4.372645E+00 9.301431E+00 
1.130648E-01 5.473609E-02 3.848734E-01 1.413613E-01 -1.347594E+00 3.728166E-01 -2.364982E-02 1.085564E+00 3.421510E-02 2.302612E-03 4.873441E+00 1.039502E+01 
9.797159E-02 2.192697E-02 3.368383E-01 1.478678E-01 -1.473133E+00 4.607637E-01 -1.189914E-01 1.028467E+00 3.157270E-02 1.817706E-02 5.361501E+00 6.626689E+00 
3.659915E-02 6.250435E-02 3.520030E-01 1.389064E-01 -1.123944E+00 3.620457E-01 -6.348005E-02 8.290606E-01 3.028396E-02 1.010114E-02 4.257993E+00 1.205515E+01 
1.689330E-01 4.202126E-02 3.821061E-01 1.459972E-01 -6.939417E-01 5.548852E-01 -9.723187E-02 9.044845E-01 3.527915E-02 1.180786E-02 4.539315E+00 6.964578E+00 
9.793183E-02 4.571807E-02 3.530935E-01 1.569406E-01 -1.411771E+00 3.508463E-01 -5.753012E-02 1.051858E+00 3.545277E-02 1.444567E-02 4.563729E+00 7.992504E+00 
1.307079E-01 5.278719E-02 3.833668E-01 1.509796E-01 -1.745061E+00 2.521108E-01 -9.123264E-02 9.684609E-01 4.035564E-02 1.004712E-02 5.052243E+00 9.178904E+00 
1.416351E-01 2.998808E-02 3.635668E-01 1.548419E-01 -1.093689E+00 4.106361E-01 -3.376247E-02 9.527024E-01 3.275321E-02 1.695055E-03 4.154417E+00 8.780740E+00 
1.364344E-01 4.292529E-02 3.762220E-01 1.472504E-01 -1.155318E+00 3.183814E-01 -1.163790E-02 1.030115E+00 3.007089E-02 1.055066E-02 3.073657E+00 8.779972E+00 
4.148138E-02 6.933415E-02 3.816454E-01 1.513131E-01 -1.298197E+00 4.145766E-01 -6.604808E-02 7.958785E-01 3.944425E-02 1.414168E-02 4.575730E+00 8.744671E+00 
5.845662E-02 2.694993E-02 3.775110E-01 1.619332E-01 -1.290370E+00 5.865711E-01 -8.286505E-02 1.143172E+00 3.420215E-02 1.423764E-02 5.385918E+00 1.209411E+01 
6.908672E-02 3.276218E-02 3.747316E-01 1.404091E-01 -1.231897E+00 3.420911E-01 -3.028286E-02 9.969438E-01 2.898350E-02 2.790627E-02 5.046048E+00 8.587991E+00 
7.872498E-02 5.267841E-02 3.366157E-01 1.470200E-01 -1.410426E+00 4.546049E-01 -4.576076E-02 7.161407E-01 3.526719E-02 8.996188E-03 3.362901E+00 8.241255E+00 
1.226768E-01 3.683455E-02 3.861904E-01 1.660106E-01 -1.053303E+00 3.568877E-01 -6.705152E-02 8.387440E-01 4.911345E-02 1.119025E-02 4.957292E+00 5.212312E+00 
1.246279E-01 4.021938E-02 4.304551E-01 1.556461E-01 -1.328630E+00 4.509490E-01 -1.309610E-01 9.460000E-01 3.490146E-02 6.941559E-03 5.433223E+00 9.823082E+00 
9.340037E-02 4.729270E-02 3.319286E-01 1.726299E-01 -1.227833E+00 4.462764E-01 -4.784200E-02 1.031589E+00 2.724994E-02 0.000000E+00 4.575084E+00 1.199406E+01 
1.185373E-01 1.809985E-02 3.970241E-01 1.562486E-01 -1.356495E+00 5.383961E-01 -6.259236E-02 8.323578E-01 2.333240E-02 5.232418E-03 5.085073E+00 8.577287E+00 
9.963290E-02 2.793912E-02 3.899396E-01 1.462304E-01 -1.244929E+00 5.023163E-01 -4.829804E-02 9.450585E-01 2.027245E-02 6.189585E-03 5.387909E+00 7.354094E+00 
1.595174E-01 4.241767E-02 3.442755E-01 1.329765E-01 -1.011449E+00 3.665178E-01 -5.464347E-02 9.415168E-01 3.503823E-02 5.362047E-03 3.331599E+00 1.104539E+01 
6.522500E-02 4.533692E-02 3.039207E-01 1.511090E-01 -1.508207E+00 4.309588E-01 -4.221144E-02 1.090859E+00 3.435003E-02 1.896516E-03 5.515892E+00 9.557305E+00 
1.461516E-01 3.410042E-02 4.218227E-01 1.636480E-01 -1.264399E+00 5.687004E-01 -9.472166E-02 9.426454E-01 3.574419E-02 7.324171E-03 4.760257E+00 8.664656E+00 
1.108070E-01 4.643144E-02 4.409716E-01 1.512250E-01 -9.863737E-01 4.717429E-01 -5.663933E-02 7.875772E-01 4.053278E-02 3.242030E-03 3.744535E+00 1.388781E+01 
1.358543E-01 5.192282E-02 3.932199E-01 1.573880E-01 -1.163998E+00 3.669738E-01 -6.450512E-02 9.692738E-01 4.176202E-02 1.231570E-02 5.626277E+00 9.887868E-01 
5.208850E-02 3.437091E-02 3.697722E-01 1.503194E-01 -1.230366E+00 4.017071E-01 -3.418709E-02 9.830125E-01 2.789820E-02 4.458977E-03 3.432340E+00 6.778401E+00 
1.268563E-01 3.404012E-02 3.856052E-01 1.427750E-01 -1.049556E+00 4.480719E-01 -5.544900E-02 1.014853E+00 3.302906E-02 1.112442E-02 4.926194E+00 1.134134E+01 
1.440337E-01 3.109040E-02 3.586931E-01 1.656503E-01 -1.319805E+00 4.758779E-01 -3.280379E-02 1.056529E+00 3.354000E-02 3.274828E-03 5.953397E+00 1.164826E+01 
1.231491E-01 4.390296E-02 3.704612E-01 1.514984E-01 -1.326981E+00 4.866110E-01 -6.493019E-02 8.926659E-01 3.113425E-02 6.145863E-03 4.305118E+00 1.056966E+01 
1.502537E-01 4.338566E-02 3.731726E-01 1.573220E-01 -1.199561E+00 3.470235E-01 -1.000000E-02 7.774496E-01 2.989532E-02 9.102417E-03 4.828824E+00 1.118461E+01 
7.880396E-02 5.143749E-02 4.049126E-01 1.490393E-01 -1.224056E+00 2.992680E-01 -3.355881E-02 3.930604E-01 3.057441E-02 3.454461E-03 4.054833E+00 1.077995E+01 
7.785033E-02 3.927353E-02 2.958154E-01 1.570998E-01 -1.279446E+00 4.612496E-01 -9.229211E-02 1.119773E+00 3.692635E-02 1.059702E-02 4.659148E+00 8.893855E+00 
1.160118E-01 2.027173E-02 3.794297E-01 1.545813E-01 -1.162788E+00 3.489623E-01 -1.792234E-02 1.086495E+00 2.024667E-02 6.180516E-03 5.658732E+00 8.278138E+00 
9.187219E-02 4.475540E-02 3.786838E-01 1.409159E-01 -1.180751E+00 4.320886E-01 -1.000000E-02 1.045726E+00 3.331356E-02 0.000000E+00 5.277085E+00 8.289478E+00 
1.161567E-01 4.146961E-02 3.780953E-01 1.511126E-01 -1.369015E+00 4.112641E-01 -6.436570E-02 7.014569E-01 2.964504E-02 4.639500E-03 4.224028E+00 9.270576E+00 
1.245416E-01 3.012612E-02 3.979492E-01 1.371890E-01 -1.091121E+00 4.590457E-01 -3.906669E-02 8.028864E-01 2.842866E-02 4.879526E-03 4.870268E+00 7.187401E+00 
7.674732E-02 4.451303E-02 4.214741E-01 1.458415E-01 -1.186986E+00 4.483330E-01 -4.060496E-02 7.925133E-01 3.450199E-02 1.926600E-02 3.522625E+00 2.817061E+00 
1.604645E-01 3.725476E-02 4.277209E-01 1.640304E-01 -1.218579E+00 5.311429E-01 -6.711717E-02 8.729418E-01 2.946360E-02 3.205465E-03 4.091856E+00 7.598712E+00 
1.286368E-01 2.027051E-02 3.818685E-01 1.498126E-01 -9.871447E-01 6.000000E-01 -3.639280E-02 9.822620E-01 3.391003E-02 1.029961E-02 3.139946E+00 1.401522E+01 
9.982379E-02 7.840869E-02 3.742818E-01 1.590414E-01 -1.310182E+00 4.151386E-01 -8.649014E-02 9.029972E-01 3.695075E-02 5.579607E-03 5.588587E+00 4.074419E+00 
1.243631E-01 6.851631E-02 3.771338E-01 1.550104E-01 -1.035960E+00 3.861081E-01 -3.766893E-02 1.173585E+00 3.147655E-02 2.336826E-02 5.489201E+00 5.376060E+00 
1.165703E-01 3.746902E-02 3.716331E-01 1.506386E-01 -1.385372E+00 2.975288E-01 -1.359726E-02 8.897573E-01 2.591774E-02 2.603905E-03 4.531257E+00 1.021609E+01 
7.482976E-02 6.452806E-02 3.220583E-01 1.569766E-01 -1.208485E+00 5.872679E-01 -1.757256E-01 9.092574E-01 2.819264E-02 1.387992E-02 5.628888E+00 1.306586E+01 
1.400149E-01 3.779662E-02 4.949025E-01 1.514377E-01 -9.755710E-01 5.423196E-01 -1.212233E-01 9.532190E-01 1.292660E-02 1.670649E-02 4.486576E+00 6.664551E+00 
1.215902E-01 3.901697E-02 3.450092E-01 1.369357E-01 -1.149158E+00 3.894786E-01 -7.862353E-02 9.602619E-01 5.400936E-02 8.819863E-03 5.555539E+00 1.349458E+01 
1.317889E-01 1.823838E-02 3.534119E-01 1.617866E-01 -1.305945E+00 5.399186E-01 -8.638179E-02 1.066789E+00 2.913369E-02 4.719651E-03 5.280207E+00 6.104539E+00 
1.281520E-01 2.148372E-02 4.222699E-01 1.607013E-01 -1.201621E+00 5.366770E-01 -1.263295E-01 6.746604E-01 3.195957E-02 6.546590E-03 5.728759E+00 6.704012E+00 
