9.411918E-02 5.459807E-02 3.508631E-01 1.485080E-01 -1.608030E+00 3.385901E-01 -1.037970E-01 8.670732E-01 4.186032E-02 2.010249E-03 4.151076E+00 4.915581E+00 
1.386364E-01 4.069186E-02 3.993077E-01 1.600269E-01 -1.368699E+00 6.000000E-01 -8.101400E-02 9.843505E-01 3.890914E-02 0.000000E+00 4.858912E+00 8.085872E+00 
1.686599E-01 2.562805E-02 3.736771E-01 1.689494E-01 -1.197485E+00 5.693418E-01 -9.160833E-02 8.672924E-01 2.690942E-02 4.668067E-03 5.634580E+00 8.200585E+00 
1.386876E-01 4.128862E-02 4.006581E-01 1.486552E-01 -1.311418E+00 3.649931E-01 -1.000000E-02 9.802493E-01 3.309776E-02 6.069321E-03 3.842652E+00 1.380816E+01 
8.477809E-02 7.065348E-02 3.162505E-01 1.600688E-01 -1.126348E+00 3.588249E-01 -1.733329E-02 8.819473E-01 2.678798E-02 1.341514E-02 5.975876E+00 8.213387E+00 
5.908907E-02 4.903397E-02 3.118550E-01 1.493918E-01 -1.238151E+00 4.459277E-01 -4.588348E-02 8.315394E-01 3.802012E-02 9.921515E-03 3.187510E+00 9.837648E+00 
1.142424E-01 4.674177E-02 3.602733E-01 1.673551E-01 -1.166809E+00 3.958184E-01 -3.768974E-02 9.080222E-01 2.310934E-02 2.282768E-03 4.829577E+00 9.048908E+00 
1.279559E-01 2.012254E-02 3.956158E-01 1.674920E-01 -1.428477E+00 4.943557E-01 -7.275143E-02 1.015379E+00 3.796881E-02 5.596175E-03 4.305414E+00 8.799965E+00 
1.364560E-01 4.191683E-02 3.715902E-01 1.491543E-01 -1.372974E+00 3.019790E-01 -2.779898E-02 8.715225E-01 2.705737E-02 5.729012E-03 5.061402E+00 1.017752E+01 
9.592927E-02 7.068117E-02 3.265925E-01 1.497205E-01 -1.001366E+00 5.082055E-01 -1.656136E-01 9.427668E-01 3.052664E-02 1.161633E-02 4.419671E+00 6.780836E+00 
1.327767E-01 1.675583E-02 3.400166E-01 1.579888E-01 -1.237431E+00 5.326037E-01 -7.064230E-02 1.013372E+00 3.534593E-02 1.427057E-02 4.200589E+00 9.503073E+00 
1.227889E-01 7.444404E-03 3.712569E-01 1.631821E-01 -1.327014E+00 4.888731E-01 -4.040604E-02 9.152554E-01 3.089589E-02 1.146063E-03 4.778842E+00 1.170071E+01 
5.731637E-02 4.416774E-02 3.887715E-01 1.470358E-01 -1.167403E+00 4.716152E-01 -1.427400E-02 9.597787E-01 3.938984E-02 2.441155E-02 6.242401E+00 1.058480E+01 
1.158483E-01 5.841709E-02 4.193727E-01 1.548288E-01 -1.036227E+00 5.445801E-01 -1.409772E-01 6.766303E-01 3.458353E-02 1.339235E-02 5.041648E+00 8.176644E+00 
5.649592E-02 3.151407E-02 3.036906E-01 1.530380E-01 -1.539670E+00 3.736966E-01 -2.129348E-02 1.067573E+00 2.900881E-02 1.444834E-02 4.240121E+00 8.850313E+00 
1.142762E-01 8.482220E-02 3.339053E-01 1.514964E-01 -1.182128E+00 3.742279E-01 -1.040119E-01 9.681345E-01 3.506306E-02 1.003079E-02 5.108955E+00 4.869992E+00 
9.163787E-02 4.381591E-02 3.496941E-01 1.550682E-01 -9.894020E-01 5.076072E-01 -1.366567E-01 9.477902E-01 4.195422E-02 1.949347E-02 4.575546E+00 8.344046E+00 
4.044750E-02 5.381073E-02 3.571360E-01 1.349684E-01 -1.126031E+00 4.878112E-01 -4.479445E-02 1.038961E+00 2.798899E-02 1.708817E-02 4.809426E+00 8.075840E+00 
1.378265E-01 3.938738E-02 3.760531E-01 1.569573E-01 -1.118209E+00 6.000000E-01 -7.333338E-02 1.014971E+00 2.783833E-02 1.003286E-03 6.586230E+00 1.052529E+01 
1.716329E-01 1.309969E-02 3.151761E-01 1.627912E-01 -1.224027E+00 6.000000E-01 -1.080315E-01 7.802290E-01 1.994294E-02 7.424512E-03 5.173510E+00 9.144363E+00 
1.667879E-01 3.746619E-02 3.805477E-01 1.599910E-01 -1.160928E+00 4.440505E-01 -3.326829E-02 9.405607E-01 2.630451E-02 3.574978E-03 5.827860E+00 8.876172E+00 
1.315105E-01 3.155487E-02 3.713504E-01 1.558251E-01 -1.278992E+00 4.553015E-01 -1.286866E-01 9.700794E-01 2.583002E-02 6.934395E-03 6.489420E+00 1.112714E+01 
1.344953E-01 2.985716E-02 3.941180E-01 1.555907E-01 -1.087905E+00 3.818331E-01 -3.939926E-02 9.014631E-01 3.427582E-02 1.144806E-03 4.602297E+00 8.789127E+00 
1.079160E-01 5.667082E-02 3.620676E-01 1.554626E-01 -1.135845E+00 2.037188E-01 -1.087554E-01 7.609316E-01 3.380193E-02 1.279154E-02 6.351629E+00 6.747041E+00 
1.499658E-01 2.042810E-02 3.776904E-01 1.664230E-01 -1.310939E+00 5.316124E-01 -4.143808E-02 9.877255E-01 3.016745E-02 0.000000E+00 5.939682E+00 1.000987E+01 
8.296688E-02 2.616579E-02 3.082982E-01 1.556290E-01 -1.158112E+00 5.121950E-01 -6.249366E-02 8.730666E-01 3.105067E-02 3.845959E-03 4.253398E+00 1.308604E+01 
1.432758E-01 3.301807E-02 3.670532E-01 1.631651E-01 -1.235298E+00 4.623450E-01 -6.176555E-02 9.122033E-01 2.495737E-02 5.489014E-03 4.371971E+00 9.385832E+00 
1.459054E-01 2.735405E-02 3.604942E-01 1.548542E-01 -1.362412E+00 4.306785E-01 -1.617033E-01 9.219780E-01 3.239005E-02 0.000000E+00 5.875005E+00 1.054494E+01 
1.426255E-01 3.507051E-02 4.465339E-01 1.590167E-01 -1.192237E+00 5.150741E-01 -1.414909E-01 9.749004E-01 3.843775E-02 6.748877E-03 5.287088E+00 6.085411E+00 
8.540314E-02 4.513071E-02 3.658654E-01 1.626674E-01 -1.483532E+00 3.839981E-01 -4.099905E-02 1.076023E+00 3.269867E-02 2.003550E-02 5.317458E+00 7.674675E+00 
1.374714E-01 3.847567E-02 3.641991E-01 1.508437E-01 -1.244261E+00 4.206688E-01 -8.281338E-02 9.894825E-01 3.701548E-02 1.124192E-02 5.514924E+00 1.008464E+01 
7.644508E-02 2.687245E-02 3.697498E-01 1.375678E-01 -1.290788E+00 4.899097E-01 -1.521214E-01 9.312623E-01 4.267435E-02 1.364581E-02 6.247287E+00 9.172080E+00 
1.561329E-01 1.911979E-02 3.345960E-01 1.596989E-01 -1.661169E+00 4.381778E-01 -1.170717E-01 1.195798E+00 2.785580E-02 5.681269E-03 3.261221E+00 9.273146E+00 
1.435012E-01 5.082407E-02 4.231462E-01 1.532008E-01 -1.268072E+00 3.863735E-01 -6.257596E-02 9.399882E-01 2.636132E-02 8.601028E-03 4.612610E+00 7.807212E+00 
9.379763E-02 5.470295E-02 3.915389E-01 1.385049E-01 -1.453456E+00 4.164503E-01 -2.203060E-02 8.978895E-01 3.515842E-02 2.025205E-02 4.983642E+00 9.738662E+00 
1.419503E-01 3.220649E-02 3.955860E-01 1.640451E-01 -1.270246E+00 5.309605E-01 -1.156165E-01 9.249775E-01 3.324535E-02 9.330980E-03 4.748141E+00 9.610306E+00 
1.229418E-01 3.171779E-02 3.478634E-01 1.504442E-01 -1.263640E+00 3.715373E-01 -2.613886E-02 7.568705E-01 1.925377E-02 3.164011E-03 5.042523E+00 1.306826E+01 
1.549507E-01 4.077386E-02 3.507608E-01 1.703528E-01 -1.564876E+00 4.720758E-01 -9.404800E-02 9.417699E-01 3.165175E-02 7.143085E-03 4.662874E+00 7.938517E+00 
1.566851E-01 2.194086E-02 3.742013E-01 1.682878E-01 -1.145539E+00 5.502282E-01 -1.112301E-01 8.965235E-01 2.505764E-02 8.343979E-03 5.334240E+00 9.092739E+00 
4.621277E-02 4.423238E-02 2.894713E-01 1.327596E-01 -9.898905E-01 4.253801E-01 -8.230978E-02 1.126580E+00 2.504091E-02 7.750918E-03 3.052390E+00 8.809754E+00 
1.285493E-01 4.813416E-02 3.461694E-01 1.520345E-01 -9.066175E-01 3.188108E-01 -7.823030E-02 9.365753E-01 2.400692E-02 8.591640E-03 5.192148E+00 1.042279E+01 
1.171245E-01 4.546335E-02 3.965497E-01 1.507186E-01 -1.282068E+00 4.068380E-01 -8.134906E-02 1.097452E+00 3.637907E-02 2.686965E-02 5.723991E+00 7.607951E+00 
1.137529E-01 5.055349E-02 3.658671E-01 1.643463E-01 -1.112827E+00 3.457184E-01 -5.614172E-02 9.343178E-01 3.797261E-02 1.046178E-02 4.967360E+00 1.212973E+01 
1.476550E-01 4.840968E-02 3.254182E-01 1.636994E-01 -1.233087E+00 3.425342E-01 -4.528757E-02 9.343601E-01 3.107951E-02 5.664950E-03 3.747120E+00 1.337180E+01 
7.378484E-02 7.429163E-02 3.182045E-01 1.354905E-01 -1.324494E+00 2.222654E-01 -7.134460E-02 7.855604E-01 3.765145E-02 8.177705E-03 4.236203E+00 7.543998E+00 
1.484789E-01 4.853129E-02 3.755771E-01 1.493109E-01 -1.039901E+00 4.645925E-01 -6.823586E-02 1.069343E+00 3.507274E-02 1.281225E-02 3.588403E+00 9.034143E+00 
1.083782E-01 6.305055E-02 4.658744E-01 1.438160E-01 -1.150776E+00 2.713877E-01 -3.894903E-02 1.002585E+00 3.095645E-02 2.099179E-02 4.231112E+00 8.638369E+00 
1.648198E-01 2.319230E-02 3.662664E-01 1.617018E-01 -1.387826E+00 5.143396E-01 -9.509514E-02 8.572761E-01 3.262184E-02 4.089089E-03 4.835060E+00 9.351313E+00 
1.401504E-01 2.344981E-02 3.324020E-01 1.641027E-01 -1.586209E+00 5.685902E-01 -7.671023E-02 9.864597E-01 3.693180E-02 0.000000E+00 4.342410E+00 8.118966E+00 
7.692743E-02 6.336986E-02 3.437977E-01 1.535908E-01 -1.228061E+00 4.508894E-01 -6.064705E-02 1.054695E+00 2.374788E-02 1.180935E-02 5.191778E+00 8.365838E+00 
3.207047E-02 3.388992E-02 3.401488E-01 1.765180E-01 -1.110307E+00 5.861230E-01 -6.734447E-02 9.469419E-01 2.916025E-02 5.055415E-03 4.058344E+00 9.770234E+00 
1.030152E-01 3.226061E-02 3.297453E-01 1.597651E-01 -1.308584E+00 5.396720E-01 -1.151951E-01 9.676006E-01 3.831724E-02 1.242740E-02 3.849457E+00 1.204379E+01 
1.222968E-01 3.496208E-02 3.654005E-01 1.556530E-01 -1.304793E+00 4.456689E-01 -4.239316E-02 7.939044E-01 2.653086E-02 3.881085E-03 5.060773E+00 8.777771E+00 
1.196798E-01 3.086035E-02 3.368143E-01 1.599964E-01 -1.172661E+00 4.308011E-01 -6.209909E-02 9.483618E-01 3.710871E-02 9.121203E-03 3.955163E+00 9.949827E+00 
9.543730E-02 6.496243E-02 3.868360E-01 1.511303E-01 -1.535576E+00 4.925638E-01 -1.671668E-01 1.041596E+00 3.830800E-02 2.682823E-02 3.743462E+00 4.872708E+00 
1.153960E-01 3.422231E-02 3.785518E-01 1.552539E-01 -1.217023E+00 4.963893E-01 -1.648696E-01 1.170749E+00 3.278683E-02 7.717700E-03 3.929928E+00 1.146689E+01 
1.330700E-01 1.492546E-03 3.450635E-01 1.687726E-01 -1.389928E+00 5.056487E-01 -8.352405E-02 1.024317E+00 3.992365E-02 2.755714E-04 3.912092E+00 1.172015E+01 
1.110532E-01 5.493336E-02 3.697862E-01 1.592386E-01 -1.258859E+00 4.346597E-01 -8.439777E-02 9.792532E-01 3.845576E-02 1.161423E-02 4.581921E+00 1.129455E+01 
1.337580E-01 4.076147E-02 3.602067E-01 1.473340E-01 -9.136705E-01 5.854714E-01 -3.321001E-02 8.608703E-01 2.578026E-02 4.211424E-03 4.723524E+00 9.748267E+00 
1.105771E-01 2.773933E-02 3.644467E-01 1.488250E-01 -1.229673E+00 4.124971E-01 -3.922793E-02 7.317097E-01 2.828034E-02 1.579033E-03 4.029916E+00 7.460704E+00 
1.185794E-01 2.936265E-02 3.658435E-01 1.621782E-01 -1.428523E+00 5.182136E-01 -8.306086E-02 8.890573E-01 2.863449E-02 3.103521E-03 4.892914E+00 1.053854E+01 
1.170865E-01 2.144137E-02 3.815389E-01 1.557381E-01 -1.145146E+00 3.847492E-01 -5.756935E-02 9.341021E-01 2.326425E-02 3.663139E-03 4.642449E+00 8.196953E+00 
1.305958E-01 3.588999E-02 4.060036E-01 1.555675E-01 -1.212524E+00 5.307634E-01 -4.890149E-02 8.403263E-01 2.674984E-02 3.729018E-03 4.777410E+00 8.274801E+00 
1.297315E-01 3.408253E-02 3.449336E-01 1.589478E-01 -1.627907E+00 5.937126E-01 -1.777446E-01 9.263926E-01 2.655434E-02 7.883780E-03 6.146630E+00 1.191699E+01 
1.374911E-01 2.898072E-02 3.558440E-01 1.608651E-01 -1.264421E+00 4.629405E-01 -9.876827E-02 9.117388E-01 3.357457E-02 4.804013E-03 4.753530E+00 7.822361E+00 
1.236774E-01 2.752236E-02 3.540320E-01 1.592833E-01 -1.400013E+00 5.017894E-01 -2.230984E-02 7.856071E-01 3.984359E-02 3.574365E-03 5.123512E+00 1.304804E+01 
1.660596E-03 5.926246E-02 2.887444E-01 1.280978E-01 -1.189383E+00 4.339336E-01 -1.767986E-02 8.871526E-01 2.695073E-02 8.875587E-03 3.284675E+00 1.633912E+01 
1.438991E-01 3.351081E-02 3.332194E-01 1.518029E-01 -1.380173E+00 4.991734E-01 -9.117614E-02 9.800098E-01 2.905887E-02 4.635344E-03 4.135636E+00 9.408030E+00 
1.438804E-01 3.758812E-02 3.638706E-01 1.568061E-01 -1.099531E+00 4.252136E-01 -8.020684E-02 1.028759E+00 3.126944E-02 7.350632E-03 5.261964E+00 1.043528E+01 
1.308598E-01 3.170666E-02 3.746377E-01 1.423696E-01 -1.306789E+00 1.680989E-01 -6.338580E-02 4.177492E-01 2.744453E-02 7.116559E-03 2.688686E+00 9.083016E+00 
1.865306E-02 4.422695E-02 3.801753E-01 1.331785E-01 -1.036792E+00 3.580637E-01 -5.404665E-02 7.331470E-01 3.862280E-02 1.203201E-02 5.135888E+00 4.736416E+00 
1.271105E-01 3.248128E-02 3.281403E-01 1.537471E-01 -1.238667E+00 1.959158E-01 -5.213382E-02 9.177367E-01 3.211773E-02 0.000000E+00 5.026460E+00 6.866918E+00 
3.605294E-02 8.424051E-02 3.518229E-01 1.507201E-01 -1.327987E+00 3.329440E-01 -2.644743E-02 7.021926E-01 4.275239E-02 8.796325E-03 4.093989E+00 1.220239E+01 
1.679519E-01 1.775511E-02 3.983986E-01 1.573119E-01 -1.237199E+00 3.885590E-01 -7.868244E-02 9.619214E-01 3.069423E-02 1.611104E-02 4.898318E+00 8.520637E+00 
1.550407E-01 3.073560E-02 3.837014E-01 1.570196E-01 -1.296560E+00 4.435966E-01 -1.000000E-02 8.997995E-01 3.105238E-02 1.933684E-03 5.960224E+00 1.015663E+01 
6.124739E-02 6.189845E-02 3.287679E-01 1.486249E-01 -1.111586E+00 4.705562E-01 -4.472095E-02 1.043221E+00 3.056722E-02 9.981695E-03 3.834398E+00 1.018639E+01 
1.191528E-01 4.478443E-02 3.250537E-01 1.580729E-01 -1.274190E+00 4.215481E-01 -1.108823E-01 1.022647E+00 2.698916E-02 1.027547E-02 4.122657E+00 7.442154E+00 
1.106629E-01 2.318211E-02 3.651527E-01 1.581577E-01 -1.474334E+00 5.277059E-01 -6.542354E-02 1.009561E+00 3.195013E-02 5.847245E-03 3.804242E+00 1.042459E+01 
1.299400E-01 3.005865E-02 4.281322E-01 1.437243E-01 -1.158514E+00 4.576652E-01 -6.155454E-02 6.788134E-01 3.052275E-02 5.613815E-03 4.706540E+00 9.054697E+00 
1.431671E-01 3.055000E-02 3.887332E-01 1.640121E-01 -1.240154E+00 4.282063E-01 -6.649990E-02 9.187478E-01 3.026303E-02 3.462644E-03 4.323294E+00 1.148421E+01 
1.325691E-01 2.950609E-02 3.177823E-01 1.533384E-01 -1.250451E+00 4.965559E-01 -4.947250E-02 1.070640E+00 3.632239E-02 3.587202E-03 4.819444E+00 8.902763E+00 
1.414114E-01 3.140612E-02 3.629897E-01 1.574722E-01 -1.574109E+00 4.827986E-01 -7.540329E-02 9.559314E-01 2.876673E-02 1.309073E-02 4.944456E+00 8.540281E+00 
1.113443E-01 2.740230E-02 3.680510E-01 1.364007E-01 -1.092255E+00 4.257836E-01 -5.925754E-02 9.359670E-01 3.284653E-02 4.114849E-03 4.416495E+00 1.099776E+01 
6.847360E-02 1.993652E-02 2.775662E-01 1.655710E-01 -1.504866E+00 3.468558E-01 -3.998543E-02 1.281175E+00 3.635042E-02 1.516541E-02 1.756454E+00 1.126802E+01 
1.383776E-01 2.246613E-02 4.104181E-01 1.681275E-01 -1.135026E+00 4.134526E-01 -1.078106E-01 7.587291E-01 3.083295E-02 2.656373E-02 3.762993E+00 6.565602E+00 
1.179731E-01 3.621029E-02 3.364101E-01 1.501445E-01 -1.348970E+00 5.196835E-01 -9.020379E-02 1.015802E+00 2.965441E-02 6.455988E-03 4.410206E+00 5.909869E+00 
1.514396E-01 3.227835E-02 4.040293E-01 1.657335E-01 -1.223364E+00 5.300232E-01 -1.099627E-01 1.103344E+00 3.091524E-02 4.607606E-03 5.793311E+00 5.788633E+00 
1.467295E-01 1.853490E-02 3.103065E-01 1.583731E-01 -1.211112E+00 5.237189E-01 -8.984483E-02 8.871787E-01 2.413308E-02 0.000000E+00 4.965372E+00 8.841052E+00 
1.112898E-01 6.077641E-02 3.317333E-01 1.329953E-01 -1.183253E+00 5.614407E-01 -9.157214E-02 7.972714E-01 3.188742E-02 1.052405E-02 4.407902E+00 1.038933E+01 
1.319785E-01 3.305803E-02 3.494460E-01 1.524707E-01 -1.587664E+00 3.296641E-01 -4.423234E-02 9.367155E-01 3.314160E-02 1.402887E-02 5.869841E+00 7.470152E+00 
1.812925E-01 3.751945E-02 4.475740E-01 1.581827E-01 -1.196818E+00 5.220055E-01 -6.799336E-02 8.538069E-01 2.685987E-02 4.407110E-03 4.225548E+00 7.617591E+00 
1.323459E-01 4.221412E-02 3.473575E-01 1.572019E-01 -1.075495E+00 3.597101E-01 -7.943767E-02 1.013866E+00 2.697993E-02 7.336602E-04 4.969909E+00 1.733760E+00 
1.446348E-01 3.164216E-02 3.845695E-01 1.648495E-01 -1.761499E+00 4.424573E-01 -4.398308E-02 8.884152E-01 3.097344E-02 6.119721E-03 6.557742E+00 9.119050E+00 
1.305777E-01 4.084007E-02 2.647638E-01 1.576096E-01 -1.357541E+00 5.384408E-01 -4.128484E-02 7.730854E-01 2.857212E-02 3.793640E-04 4.670934E+00 4.370408E+00 
1.019408E-01 3.986426E-02 3.130335E-01 1.531985E-01 -1.226902E+00 3.108317E-01 -9.134369E-02 9.597891E-01 3.026556E-02 4.376017E-03 5.140881E+00 6.100691E+00 
5.914474E-02 1.902385E-02 3.785349E-01 1.534752E-01 -1.223982E+00 1.452137E-01 -4.478320E-02 1.001346E+00 3.693283E-02 4.044789E-03 5.199812E+00 1.084767E+01 
8.747193E-02 3.675253E-02 3.846632E-01 1.464851E-01 -1.394319E+00 2.731038E-01 -1.995076E-02 3.813387E-01 3.711378E-02 2.258763E-03 3.817294E+00 1.363373E+01 
1.539901E-01 3.630526E-02 3.792643E-01 1.521408E-01 -1.088296E+00 4.194381E-01 -6.421902E-02 8.578457E-01 3.507104E-02 8.941152E-04 3.398334E+00 9.424852E+00 
1.276045E-01 3.386657E-02 3.882434E-01 1.528738E-01 -1.266056E+00 3.557170E-01 -1.195423E-02 9.678874E-01 2.866249E-02 2.733518E-04 5.732196E+00 7.160669E+00 
1.371328E-01 2.768593E-02 3.881843E-01 1.608958E-01 -1.324393E+00 5.653365E-01 -4.190986E-02 9.077797E-01 3.439354E-02 1.831232E-02 4.163430E+00 7.514335E+00 
9.279970E-02 4.848204E-02 3.367074E-01 1.559175E-01 -1.182747E+00 4.530989E-01 -6.803268E-02 8.663044E-01 2.568729E-02 7.572256E-03 4.763247E+00 1.057741E+01 
1.243574E-01 3.975305E-02 3.295125E-01 1.424567E-01 -1.394073E+00 3.881832E-01 -5.626791E-02 1.100159E+00 3.108626E-02 7.499567E-03 4.552514E+00 8.764709E+00 
6.919644E-02 2.504400E-02 3.366130E-01 1.793694E-01 -1.444540E+00 4.333363E-01 -6.076608E-02 8.601212E-01 3.957350E-02 1.518826E-02 3.965740E+00 6.438589E+00 
1.788087E-01 2.966000E-02 3.886755E-01 1.659534E-01 -1.364084E+00 5.760858E-01 -1.053551E-01 7.873261E-01 2.704614E-02 2.749549E-03 3.770121E+00 8.885980E+00 
1.187051E-01 3.232906E-02 3.994889E-01 1.625724E-01 -1.158575E+00 5.078185E-01 -1.117336E-01 9.076531E-01 2.870434E-02 2.097730E-02 4.762158E+00 8.953560E+00 
6.106925E-02 6.829455E-02 3.572171E-01 1.359264E-01 -1.338455E+00 3.924568E-01 -4.624664E-02 8.197814E-01 3.103077E-02 6.498912E-03 5.223489E+00 6.751159E+00 
1.331179E-01 2.477860E-02 4.028483E-01 1.610025E-01 -1.187905E+00 5.615808E-01 -7.661221E-02 8.529319E-01 2.807915E-02 1.696435E-03 4.425634E+00 9.185600E+00 
1.096843E-01 3.239749E-02 3.422866E-01 1.556813E-01 -1.335741E+00 5.868464E-01 -8.395091E-02 9.717995E-01 3.801330E-02 8.791988E-04 3.614931E+00 9.093696E+00 
1.494377E-01 7.267186E-03 3.902098E-01 1.617263E-01 -1.173112E+00 5.931396E-01 -8.380582E-02 8.667727E-01 3.512258E-02 1.089973E-02 4.491853E+00 7.078572E+00 
1.227574E-01 5.677397E-02 4.516713E-01 1.671430E-01 -1.297717E+00 3.896071E-01 -3.817628E-02 9.977906E-01 4.062956E-02 0.000000E+00 5.364610E+00 1.293223E+01 
1.393074E-01 1.905056E-03 3.712869E-01 1.599304E-01 -1.175397E+00 4.336873E-01 -2.809778E-02 1.065714E+00 2.473239E-02 5.042775E-03 5.056871E+00 9.765249E+00 
1.400232E-01 1.947663E-02 3.528600E-01 1.514186E-01 -1.313894E+00 4.502897E-01 -4.144451E-02 9.308850E-01 2.695082E-02 5.095563E-03 4.833103E+00 1.171530E+01 
1.398863E-01 3.713783E-02 3.643214E-01 1.430771E-01 -1.416637E+00 3.733636E-01 -9.434007E-02 7.402706E-01 2.667814E-02 7.011415E-03 4.443159E+00 1.199896E+01 
1.098015E-01 3.689035E-02 3.238124E-01 1.324092E-01 -1.200265E+00 4.296082E-01 -5.724564E-02 9.862476E-01 2.499248E-02 9.971152E-03 3.537858E+00 9.592923E+00 
1.215962E-01 3.882571E-02 3.207606E-01 1.685311E-01 -1.448379E+00 5.375709E-01 -9.447702E-02 1.000485E+00 3.659131E-02 6.284832E-03 4.685873E+00 8.039156E+00 
6.988573E-02 2.337635E-02 3.501105E-01 1.697395E-01 -1.507530E+00 5.362708E-01 -8.366302E-02 9.843467E-01 2.979100E-02 5.575971E-03 4.401149E+00 3.141563E+00 
8.468166E-02 1.455787E-02 3.610074E-01 1.520110E-01 -1.460820E+00 4.018410E-01 -8.161747E-02 8.917955E-01 3.173213E-02 7.683289E-03 3.023861E+00 8.274032E+00 
1.114618E-01 2.988703E-02 3.604480E-01 1.549949E-01 -1.327969E+00 4.993791E-01 -6.372707E-02 8.799563E-01 3.495843E-02 1.216071E-03 4.014266E+00 9.379974E+00 
1.263293E-01 4.366280E-02 3.967858E-01 1.480103E-01 -1.056073E+00 5.202548E-01 -6.290614E-02 8.729224E-01 2.995193E-02 9.580227E-03 4.494487E+00 1.229858E+01 
1.084958E-01 1.494386E-02 2.756570E-01 1.648375E-01 -1.692238E+00 4.280168E-01 -5.649931E-02 1.185774E+00 3.895309E-02 2.754020E-03 3.371436E+00 1.047988E+01 
1.468561E-01 3.979371E-02 3.912022E-01 1.480054E-01 -1.305616E+00 5.869576E-01 -7.086683E-02 7.637218E-01 3.137252E-02 1.477326E-03 5.900427E+00 1.323941E+01 
9.023335E-02 3.690399E-02 4.010032E-01 1.474930E-01 -1.295190E+00 5.157763E-01 -9.940052E-02 1.037550E+00 3.414806E-02 2.882510E-02 6.408303E+00 9.432049E+00 
5.873471E-02 3.531640E-02 3.442438E-01 1.350347E-01 -1.222122E+00 3.246481E-01 -1.000000E-02 1.200188E+00 2.560353E-02 4.819603E-03 4.289260E+00 1.658008E+01 
3.022923E-02 4.396169E-02 2.891013E-01 1.507329E-01 -1.223425E+00 3.221515E-01 -1.358012E-02 1.051750E+00 2.597151E-02 8.386175E-03 2.962167E+00 1.092897E+01 
5.534549E-02 2.515113E-02 3.916944E-01 1.458337E-01 -1.179935E+00 3.931283E-01 -4.038599E-02 7.518371E-01 2.792665E-02 7.020210E-03 4.807525E+00 1.187809E+01 
1.155978E-01 5.156814E-02 4.009577E-01 1.658060E-01 -1.343746E+00 4.194552E-01 -9.871482E-02 8.702720E-01 3.983779E-02 1.148406E-02 4.638894E+00 1.026627E+01 
1.102658E-02 3.981685E-02 3.985887E-01 1.449065E-01 -1.317812E+00 3.912250E-01 -2.950037E-02 9.741216E-01 2.851520E-02 6.344024E-03 4.664247E+00 9.371895E+00 
1.342724E-01 4.521727E-02 3.496810E-01 1.731475E-01 -1.542473E+00 5.460832E-01 -1.432984E-01 1.081441E+00 3.125486E-02 3.946761E-03 3.810143E+00 5.669454E+00 
8.750225E-02 5.072795E-02 3.057038E-01 1.628333E-01 -1.370781E+00 4.271246E-01 -4.851614E-02 9.954269E-01 2.936455E-02 3.673153E-03 4.124026E+00 1.011133E+01 
1.155171E-01 1.000000E-04 3.685818E-01 1.650694E-01 -1.258840E+00 4.522423E-01 -5.442542E-02 7.310408E-01 3.556212E-02 1.075114E-03 4.766891E+00 8.649580E+00 
9.865594E-02 3.190792E-02 4.027106E-01 1.513041E-01 -1.213399E+00 5.833846E-01 -1.048076E-01 9.974810E-01 3.121629E-02 1.757955E-02 4.613845E+00 6.609176E+00 
1.457506E-01 3.952100E-02 3.977723E-01 1.507316E-01 -1.519410E+00 5.131177E-01 -1.801668E-01 9.556664E-01 3.837377E-02 3.908658E-03 5.298661E+00 9.976267E+00 
1.353148E-01 2.426854E-02 3.708155E-01 1.559410E-01 -1.481718E+00 3.666040E-01 -1.000000E-02 8.801079E-01 3.109525E-02 0.000000E+00 5.238726E+00 8.101685E+00 
9.435664E-02 6.730594E-02 4.085133E-01 1.481905E-01 -8.276107E-01 3.052937E-01 -4.440440E-02 4.992829E-01 3.311133E-02 9.046000E-03 4.588033E+00 1.493514E+01 
1.130963E-01 4.591610E-02 3.549478E-01 1.571645E-01 -1.330041E+00 5.172913E-01 -1.003705E-01 1.005523E+00 2.927782E-02 9.917415E-03 4.573518E+00 5.979957E+00 
1.173264E-01 2.049771E-02 3.706332E-01 1.685098E-01 -1.306371E+00 5.061761E-01 -6.113162E-02 9.125926E-01 3.272169E-02 9.240622E-03 4.152453E+00 9.508302E+00 
1.185703E-01 2.616123E-02 3.584357E-01 1.568799E-01 -1.426216E+00 4.337174E-01 -1.989486E-01 9.657217E-01 3.414542E-02 1.735011E-02 5.441157E+00 8.915698E+00 
9.350133E-02 5.213981E-02 3.703069E-01 1.520274E-01 -1.377838E+00 5.427420E-01 -1.795960E-01 9.424370E-01 3.995224E-02 8.951808E-03 7.406168E+00 1.094737E+01 
1.312156E-01 6.627167E-02 3.165114E-01 1.562762E-01 -1.198245E+00 4.779608E-01 -5.649512E-02 9.667853E-01 3.305324E-02 1.044505E-02 5.498468E+00 6.219300E+00 
1.103374E-01 4.066993E-02 3.920076E-01 1.428825E-01 -1.459740E+00 4.357911E-01 -1.550430E-01 9.029287E-01 4.716676E-02 1.622290E-02 4.030832E+00 4.015274E+00 
1.545390E-01 2.076497E-02 3.355727E-01 1.624864E-01 -1.485116E+00 5.170242E-01 -2.875979E-02 8.896993E-01 3.131313E-02 2.028855E-03 3.631731E+00 7.634975E+00 
1.190807E-01 2.894288E-02 3.617097E-01 1.564940E-01 -1.124028E+00 4.449625E-01 -8.228910E-02 8.794908E-01 3.427540E-02 5.647732E-03 3.680927E+00 1.007001E+01 
1.730805E-01 2.944709E-02 3.670579E-01 1.643029E-01 -1.157981E+00 4.932039E-01 -6.588105E-02 9.798740E-01 3.510529E-02 8.157324E-03 4.632325E+00 2.865465E+00 
1.435494E-01 4.112787E-02 3.478203E-01 1.598596E-01 -1.409108E+00 4.118186E-01 -6.731799E-02 9.008332E-01 4.153768E-02 2.987943E-03 2.575882E+00 9.710663E+00 
1.782518E-01 2.894363E-02 3.911583E-01 1.426079E-01 -1.644328E+00 5.812888E-01 -8.915272E-02 9.649169E-01 3.359765E-02 7.620113E-03 4.329922E+00 9.522914E+00 
1.326808E-01 6.835522E-02 3.652379E-01 1.554431E-01 -1.468176E+00 4.535392E-01 -4.728134E-02 1.072677E+00 3.528517E-02 0.000000E+00 4.244663E+00 8.403025E+00 
