6.592833E-02 5.532083E-02 3.112572E-01 1.434188E-01 -1.190657E+00 3.793046E-01 -6.334446E-02 1.072899E+00 3.517039E-02 2.467794E-04 2.844650E+00 1.511768E+01 
1.282277E-01 1.802404E-02 3.437754E-01 1.531874E-01 -1.268791E+00 5.600798E-01 -5.333442E-02 7.153813E-01 2.122127E-02 9.911769E-03 4.686265E+00 1.006130E+01 
1.611636E-01 6.798193E-03 4.079075E-01 1.569107E-01 -1.230526E+00 5.230880E-01 -5.038422E-02 9.591256E-01 3.268485E-02 1.599149E-03 4.584019E+00 1.364527E+01 
8.027906E-02 5.275521E-02 2.963527E-01 1.474134E-01 -1.181472E+00 3.186053E-01 -8.838054E-02 7.966029E-01 2.787156E-02 5.705113E-03 4.012891E+00 1.099947E+01 
6.658926E-02 4.572654E-02 3.485690E-01 1.478143E-01 -1.142864E+00 4.427766E-01 -1.195401E-01 9.924932E-01 2.889168E-02 1.895201E-02 5.730101E+00 2.858855E+00 
1.264122E-01 4.498725E-02 3.669026E-01 1.439605E-01 -1.251113E+00 4.653936E-01 -1.377150E-01 1.033026E+00 4.924241E-02 1.731205E-02 7.176906E+00 1.102052E+01 
3.281695E-02 5.079459E-02 3.218906E-01 1.232726E-01 -1.364891E+00 4.770869E-01 -5.783677E-02 8.022653E-01 3.341042E-02 8.156418E-03 4.477969E+00 7.326565E+00 
1.134970E-01 2.800759E-02 3.962704E-01 1.531807E-01 -9.486490E-01 3.296253E-01 -5.795086E-02 9.583950E-01 3.787960E-02 7.244969E-03 5.527444E+00 8.171656E+00 
1.326386E-01 2.798154E-02 3.711097E-01 1.542042E-01 -1.178578E+00 3.918264E-01 -5.665965E-02 1.094703E+00 2.856695E-02 5.819785E-03 5.654690E+00 1.108229E+01 
1.388506E-01 5.218306E-02 3.597968E-01 1.557543E-01 -1.399093E+00 3.479580E-01 -3.021007E-02 6.570773E-01 2.690719E-02 6.303028E-03 4.090574E+00 6.940881E+00 
1.343914E-02 8.878084E-02 3.525958E-01 1.350420E-01 -1.049373E+00 4.842352E-01 -1.000000E-02 1.161329E+00 3.038228E-02 1.481743E-02 3.837410E+00 1.116208E+01 
9.746714E-02 3.345844E-02 3.422167E-01 1.552635E-01 -1.554035E+00 5.485228E-01 -1.234724E-01 1.024264E+00 3.865106E-02 2.016169E-03 3.769116E+00 7.614328E+00 
7.330975E-02 6.927332E-02 4.119628E-01 1.485897E-01 -1.373152E+00 3.248144E-01 -4.971693E-02 8.504154E-01 3.183482E-02 1.238977E-02 6.948979E+00 2.622095E+00 
1.079887E-01 5.289785E-02 4.525074E-01 1.499606E-01 -1.017732E+00 3.712120E-01 -3.134495E-02 8.750637E-01 2.972304E-02 1.094846E-02 4.376762E+00 1.077732E+01 
4.786335E-02 4.791983E-02 3.029029E-01 1.342457E-01 -1.312993E+00 3.847553E-01 -4.515057E-02 1.029150E+00 3.462444E-02 9.384598E-03 3.066668E+00 1.050019E+01 
8.013272E-02 6.196928E-02 3.388687E-01 1.530172E-01 -1.159030E+00 3.500744E-01 -3.186927E-02 1.132012E+00 3.511883E-02 9.104817E-03 6.557658E+00 9.998120E+00 
7.305029E-02 1.484396E-02 3.551570E-01 1.587024E-01 -1.083742E+00 4.198059E-01 -7.332533E-02 1.001995E+00 2.379106E-02 4.521914E-03 3.753023E+00 1.008601E+01 
6.718170E-02 6.285671E-02 2.892064E-01 1.424630E-01 -1.454920E+00 3.467467E-01 -4.576410E-02 7.076103E-01 2.797919E-02 3.191911E-03 4.730326E+00 8.189256E+00 
4.948011E-02 7.234512E-02 3.484850E-01 1.392057E-01 -1.197091E+00 5.207188E-01 -5.356174E-02 9.947926E-01 2.706800E-02 8.949087E-03 3.926887E+00 1.092243E+01 
1.255779E-01 4.497109E-02 3.530886E-01 1.537970E-01 -1.324092E+00 5.848188E-01 -1.572483E-01 9.078695E-01 3.072816E-02 1.324497E-02 5.549503E+00 1.025948E+01 
2.334145E-02 3.308764E-02 3.272277E-01 1.319050E-01 -1.217318E+00 4.203722E-01 -4.423077E-02 9.038436E-01 2.831327E-02 8.033995E-03 3.705770E+00 1.032126E+01 
1.305343E-01 2.476292E-02 3.757295E-01 1.618608E-01 -1.248184E+00 3.834461E-01 -4.520344E-02 1.090939E+00 2.899200E-02 1.257989E-03 5.559764E+00 9.336486E+00 
7.460603E-02 3.353584E-02 3.371017E-01 1.317661E-01 -1.122483E+00 4.238496E-01 -5.776561E-02 9.226208E-01 3.287304E-02 1.008431E-02 4.024871E+00 1.144558E+01 
1.173245E-01 5.739503E-02 3.525941E-01 1.582235E-01 -1.074218E+00 2.892970E-01 -8.793756E-02 8.258963E-01 3.928370E-02 2.149645E-02 4.276007E+00 3.508397E+00 
1.358658E-01 1.292289E-02 3.776745E-01 1.661096E-01 -1.617161E+00 5.533837E-01 -6.504774E-02 8.319983E-01 3.375030E-02 1.363122E-03 3.906890E+00 8.588058E+00 
1.467996E-01 2.440807E-02 3.106063E-01 1.419217E-01 -1.192339E+00 5.079489E-01 -5.572555E-02 8.879994E-01 2.971791E-02 7.780612E-03 4.361344E+00 1.216566E+01 
1.149270E-01 5.024702E-02 3.383393E-01 1.421755E-01 -1.082538E+00 3.497829E-01 -5.478621E-02 9.772287E-01 3.136649E-02 1.155122E-02 4.400479E+00 1.020168E+01 
1.339192E-01 2.909065E-02 3.828410E-01 1.541827E-01 -1.256009E+00 4.557612E-01 -6.070534E-02 7.214524E-01 3.275972E-02 4.135319E-03 5.058177E+00 7.680802E+00 
1.406082E-01 2.740298E-02 3.220617E-01 1.614554E-01 -1.296719E+00 4.900446E-01 -9.744816E-02 9.960550E-01 4.277930E-02 4.963048E-03 4.257732E+00 6.687771E+00 
1.289089E-01 7.941068E-02 3.763630E-01 1.697779E-01 -7.215413E-01 4.646267E-01 -8.164414E-02 1.052756E+00 4.494746E-02 3.969663E-03 5.339113E+00 9.215153E+00 
1.531585E-01 3.487434E-02 3.034930E-01 1.669058E-01 -1.176878E+00 4.158809E-01 -7.805909E-02 9.493237E-01 3.594394E-02 1.819380E-03 5.443365E+00 1.036399E+01 
1.200595E-01 1.750212E-02 3.834802E-01 1.452706E-01 -1.378843E+00 4.483832E-01 -1.481168E-01 1.079491E+00 4.666684E-02 2.123973E-02 5.709443E+00 1.073914E+01 
1.624534E-01 4.606815E-02 3.583502E-01 1.588048E-01 -1.333203E+00 4.936120E-01 -1.669803E-01 1.063927E+00 3.518644E-02 4.212725E-02 6.124525E+00 3.225642E+00 
1.330403E-01 2.610465E-02 4.070410E-01 1.560944E-01 -1.458187E+00 3.348496E-01 -7.362083E-02 1.067585E+00 2.403171E-02 3.843934E-03 4.052010E+00 1.110472E+01 
1.389499E-01 2.681039E-02 3.416261E-01 1.711502E-01 -1.392902E+00 5.210492E-01 -9.721911E-02 7.452810E-01 3.247710E-02 0.000000E+00 2.662332E+00 5.540549E+00 
1.139066E-01 4.358048E-02 3.618027E-01 1.551187E-01 -1.284193E+00 5.315309E-01 -9.448737E-02 9.344588E-01 3.261862E-02 8.051263E-03 6.632134E+00 1.043186E+01 
1.097120E-01 4.269638E-02 3.482400E-01 1.614646E-01 -1.487117E+00 4.247400E-01 -3.318185E-02 8.200701E-01 3.308357E-02 7.257355E-03 4.164840E+00 3.676011E+00 
4.637352E-02 8.020902E-02 3.173394E-01 1.363213E-01 -1.484268E+00 3.729380E-01 -5.954246E-02 8.107941E-01 2.987670E-02 6.233964E-03 4.825228E+00 3.994780E+00 
6.986006E-02 4.551128E-02 3.186671E-01 1.546344E-01 -1.181695E+00 3.857258E-01 -1.203826E-01 7.374160E-01 3.006263E-02 4.760202E-03 3.124116E+00 2.166285E+00 
8.732464E-02 4.592837E-02 4.675973E-01 1.534963E-01 -1.291926E+00 3.015774E-01 -3.743770E-02 1.048979E+00 2.250421E-02 9.467655E-04 2.796790E+00 9.501784E+00 
1.324654E-01 2.824588E-02 3.766190E-01 1.551482E-01 -1.313185E+00 4.524164E-01 -3.187056E-02 9.796744E-01 3.487635E-02 1.467934E-02 5.212170E+00 8.569980E+00 
1.359730E-01 3.996215E-02 3.514715E-01 1.633284E-01 -1.228198E+00 4.838883E-01 -9.338835E-02 1.044290E+00 3.110479E-02 1.099351E-02 5.374167E+00 8.968519E+00 
1.464296E-01 3.679800E-02 3.298587E-01 1.678901E-01 -1.380167E+00 4.982803E-01 -6.015066E-02 8.717122E-01 3.500166E-02 6.736453E-03 4.547946E+00 9.606659E+00 
1.167533E-01 3.273695E-02 3.265910E-01 1.618235E-01 -1.317572E+00 3.943381E-01 -5.091274E-02 7.996936E-01 2.920389E-02 7.337217E-03 3.490358E+00 1.207627E+01 
9.832674E-02 2.891583E-02 3.183088E-01 1.593934E-01 -1.392814E+00 3.955363E-01 -8.873424E-02 1.018530E+00 3.975219E-02 1.366997E-02 4.801997E+00 3.951701E+00 
1.298294E-01 1.142521E-02 4.087533E-01 1.732120E-01 -1.249820E+00 4.510577E-01 -1.228077E-01 9.376189E-01 3.925556E-02 9.749510E-03 3.745580E+00 7.819265E+00 
1.381793E-01 3.783633E-02 4.027869E-01 1.689552E-01 -1.472676E+00 4.395482E-01 -1.003107E-01 1.003444E+00 3.128812E-02 1.688480E-02 4.052877E+00 7.509095E+00 
1.362025E-01 3.932643E-02 3.510495E-01 1.569464E-01 -9.340975E-01 4.847189E-01 -8.180592E-02 9.842846E-01 3.882874E-02 1.159981E-02 4.727775E+00 3.434185E+00 
9.811702E-02 3.291398E-02 2.802843E-01 1.543661E-01 -1.652619E+00 4.577259E-01 -7.523891E-02 1.055897E+00 2.259740E-02 6.916013E-03 4.481806E+00 7.930054E+00 
1.409422E-01 3.373929E-02 3.556733E-01 1.560398E-01 -1.573086E+00 4.329474E-01 -2.077135E-02 8.067947E-01 4.861706E-02 0.000000E+00 3.401216E+00 7.848748E+00 
1.617495E-01 3.342509E-02 4.527195E-01 1.563991E-01 -1.507144E+00 5.005928E-01 -2.000000E-01 1.089792E+00 2.296213E-02 1.975312E-02 4.287355E+00 6.629982E+00 
7.343731E-02 6.056052E-02 3.137428E-01 1.663933E-01 -1.474148E+00 3.361180E-01 -2.980373E-02 1.068973E+00 6.412479E-02 7.645914E-04 5.650968E+00 6.983643E+00 
1.155415E-01 3.094169E-02 2.940718E-01 1.520288E-01 -1.253667E+00 4.716601E-01 -6.587275E-02 9.250833E-01 3.181706E-02 2.563375E-03 5.275589E+00 1.000657E+01 
8.435801E-02 2.248598E-02 3.226147E-01 1.639656E-01 -1.153880E+00 4.561475E-01 -8.044305E-02 1.094377E+00 3.119894E-02 1.156709E-02 2.568534E+00 8.822258E+00 
4.472902E-02 5.530967E-02 2.735067E-01 1.502727E-01 -1.412409E+00 4.917681E-01 -1.000000E-02 1.044663E+00 2.773702E-02 1.065932E-02 3.802946E+00 1.132540E+01 
5.424096E-02 3.030003E-02 3.757268E-01 1.482077E-01 -1.069051E+00 2.523055E-01 -6.516587E-02 7.901025E-01 3.269671E-02 2.900609E-02 5.329042E+00 7.317693E+00 
5.096936E-02 2.366294E-02 3.977715E-01 1.553583E-01 -1.152694E+00 4.324115E-01 -4.814902E-02 9.779250E-01 3.156733E-02 2.163596E-02 4.998770E+00 5.151585E+00 
7.845420E-02 4.622803E-02 3.285939E-01 1.479154E-01 -1.120961E+00 4.378662E-01 -4.474572E-02 9.477234E-01 3.081855E-02 4.102546E-03 4.131326E+00 1.145499E+01 
1.315619E-01 4.278195E-02 3.730317E-01 1.516186E-01 -1.086775E+00 3.627218E-01 -7.112130E-02 8.657350E-01 3.004404E-02 1.147383E-02 4.038194E+00 1.028170E+01 
1.073438E-01 5.334685E-02 3.601282E-01 1.491826E-01 -8.220230E-01 4.454796E-01 -1.003206E-01 7.047801E-01 2.028839E-02 1.583837E-02 4.611676E+00 7.198806E+00 
1.155611E-01 1.707601E-02 3.434525E-01 1.546585E-01 -1.142992E+00 2.675426E-01 -5.972013E-02 9.358021E-01 2.996951E-02 5.546160E-03 4.030180E+00 2.521180E+00 
1.214180E-01 5.388465E-02 3.665213E-01 1.583377E-01 -1.436682E+00 5.233445E-01 -9.117656E-02 7.821412E-01 2.952422E-02 1.701099E-02 4.997332E+00 7.597545E+00 
5.418738E-02 5.909613E-02 3.548873E-01 1.516916E-01 -1.088730E+00 3.240188E-01 -6.232831E-02 1.054604E+00 4.293126E-02 5.985495E-03 4.372768E+00 1.647065E+01 
1.060752E-01 4.185075E-02 2.842277E-01 1.519574E-01 -1.367006E+00 4.656318E-01 -1.130837E-01 9.076044E-01 3.620316E-02 8.973252E-03 4.647286E+00 9.414024E+00 
1.614630E-01 1.543135E-02 3.206509E-01 1.622442E-01 -1.152371E+00 5.487159E-01 -1.035136E-01 8.210205E-01 2.736413E-02 7.635066E-03 5.180536E+00 1.193995E+01 
1.289165E-01 3.368043E-02 3.663264E-01 1.655605E-01 -1.293958E+00 5.424581E-01 -8.393269E-02 9.562025E-01 1.881405E-02 7.136798E-03 3.705011E+00 1.337272E+01 
1.030773E-01 2.112293E-02 3.044733E-01 1.545335E-01 -1.357255E+00 4.673368E-01 -1.563522E-01 9.002681E-01 3.896966E-02 1.179522E-02 3.894467E+00 5.491609E+00 
1.338270E-01 3.086124E-02 3.732183E-01 1.587316E-01 -1.512711E+00 5.500442E-01 -4.690256E-02 9.720855E-01 3.138195E-02 4.734676E-03 3.554305E+00 8.221452E+00 
1.102311E-01 5.025548E-02 4.174614E-01 1.596019E-01 -9.416967E-01 5.754842E-01 -9.694670E-02 7.643174E-01 3.146068E-02 7.925034E-03 5.163280E+00 8.905837E+00 
1.255315E-01 1.862599E-02 3.096897E-01 1.343925E-01 -1.319557E+00 5.807142E-01 -7.804016E-02 9.653292E-01 2.802483E-02 1.245985E-02 3.543213E+00 6.639287E+00 
1.667400E-01 3.724923E-02 3.609362E-01 1.513237E-01 -1.075560E+00 2.578761E-01 -5.186725E-02 7.134945E-01 3.154983E-02 7.159215E-03 4.593417E+00 6.652361E+00 
1.355843E-01 3.079384E-02 3.910448E-01 1.511970E-01 -1.180039E+00 5.567579E-01 -8.254651E-02 7.079058E-01 3.222079E-02 1.462226E-03 5.054673E+00 6.335550E+00 
1.697948E-02 6.497193E-02 3.931709E-01 1.446696E-01 -1.176555E+00 3.887494E-01 -2.545843E-02 8.389707E-01 2.776123E-02 2.032957E-02 6.459210E+00 9.155005E+00 
1.016106E-01 4.441691E-02 4.235452E-01 1.529614E-01 -1.113090E+00 5.082229E-01 -6.725416E-02 9.825368E-01 3.467534E-02 0.000000E+00 4.167589E+00 9.334087E+00 
9.997283E-02 2.206252E-02 3.927349E-01 1.592895E-01 -1.190609E+00 6.000000E-01 -1.401205E-01 9.652504E-01 4.144209E-02 3.209772E-02 5.599419E+00 5.658019E+00 
9.557692E-02 4.215473E-02 4.011034E-01 1.567926E-01 -1.253828E+00 5.759511E-01 -5.632898E-02 8.725495E-01 3.439202E-02 1.298659E-03 4.515601E+00 6.399129E+00 
7.372791E-02 1.330886E-02 3.641644E-01 1.480348E-01 -1.315941E+00 5.063515E-01 -7.297396E-02 9.645443E-01 3.387915E-02 4.446377E-03 4.535905E+00 1.308055E+01 
1.129848E-01 2.793436E-02 3.410843E-01 1.505537E-01 -1.166609E+00 3.426131E-01 -8.016477E-02 9.742532E-01 2.805292E-02 5.781519E-03 5.061634E+00 1.078950E+01 
7.240264E-02 1.293464E-02 3.471030E-01 1.376784E-01 -1.226253E+00 4.463074E-01 -4.950554E-02 8.491476E-01 3.603450E-02 1.706882E-03 3.168068E+00 1.503932E+01 
1.370315E-01 2.668095E-02 3.935097E-01 1.600641E-01 -1.123109E+00 5.501829E-01 -7.040523E-02 9.058157E-01 2.882109E-02 4.154732E-03 4.086539E+00 1.358792E+01 
1.051589E-01 3.922516E-02 3.195919E-01 1.428828E-01 -1.257269E+00 4.062772E-01 -5.617256E-02 1.051458E+00 3.448739E-02 4.937590E-03 4.256312E+00 8.843412E+00 
1.556204E-01 1.048469E-02 3.744865E-01 1.665002E-01 -1.136843E+00 5.511551E-01 -4.734956E-02 9.880388E-01 3.359020E-02 7.469721E-03 4.640240E+00 9.750113E+00 
9.779323E-02 2.769866E-02 3.819154E-01 1.435610E-01 -1.384085E+00 3.978443E-01 -5.584172E-02 8.658258E-01 2.891966E-02 6.022950E-03 4.649061E+00 8.191288E+00 
1.656594E-01 3.236949E-02 3.872415E-01 1.470141E-01 -1.280289E+00 5.090965E-01 -1.613779E-01 6.510183E-01 4.013443E-02 1.510826E-02 5.701344E+00 1.141184E+01 
1.326606E-01 2.196522E-02 3.818362E-01 1.668882E-01 -1.197393E+00 4.430468E-01 -9.750519E-02 9.017882E-01 3.244738E-02 1.288850E-02 4.093214E+00 7.215452E+00 
1.080145E-01 1.369826E-02 3.644376E-01 1.629440E-01 -1.439468E+00 5.532690E-01 -6.881024E-02 1.008902E+00 3.198971E-02 1.709631E-02 5.000837E+00 7.640759E+00 
1.293596E-01 5.307311E-02 3.298468E-01 1.717288E-01 -1.251429E+00 5.649115E-01 -8.873483E-02 9.762058E-01 3.048055E-02 6.784164E-03 3.451918E+00 9.834101E+00 
1.076259E-01 3.832423E-02 3.383498E-01 1.570648E-01 -1.275812E+00 5.518987E-01 -9.149572E-02 9.120830E-01 2.872137E-02 1.987863E-03 4.464505E+00 1.141379E+01 
6.666475E-02 4.253035E-02 3.890920E-01 1.501699E-01 -9.384794E-01 2.864064E-01 -1.145199E-01 1.078421E+00 3.885125E-02 9.738090E-03 3.324000E+00 1.200746E+01 
1.359170E-01 5.718111E-03 3.595956E-01 1.613994E-01 -1.254189E+00 4.870862E-01 -6.938248E-02 9.242869E-01 2.491282E-02 0.000000E+00 5.246687E+00 8.600463E+00 
1.063866E-01 4.077516E-02 3.535983E-01 1.549826E-01 -1.237749E+00 5.367124E-01 -8.781112E-02 9.274244E-01 2.933685E-02 4.217717E-03 4.734250E+00 6.287137E+00 
1.637679E-01 1.744098E-02 3.763781E-01 1.703773E-01 -1.205136E+00 6.000000E-01 -8.810674E-02 9.883695E-01 2.741756E-02 5.691714E-03 5.048653E+00 8.745130E+00 
1.447134E-01 2.406174E-02 3.767277E-01 1.657851E-01 -1.497307E+00 3.777674E-01 -7.613264E-02 7.976369E-01 3.379457E-02 4.733990E-03 6.251118E+00 2.765576E+00 
1.409017E-01 2.078620E-02 3.381936E-01 1.680673E-01 -1.128121E+00 3.850453E-01 -4.329972E-02 7.979513E-01 2.676619E-02 4.353381E-03 4.738062E+00 1.155645E+01 
1.378093E-01 4.673950E-02 3.633333E-01 1.431546E-01 -1.238227E+00 4.334466E-01 -1.000000E-02 7.513733E-01 3.194607E-02 3.844943E-03 4.074307E+00 1.037270E+01 
1.831619E-01 2.143370E-02 4.027454E-01 1.588941E-01 -1.145693E+00 4.911994E-01 -4.519926E-02 9.520266E-01 3.461044E-02 1.080262E-03 4.533107E+00 6.409895E+00 
1.258300E-01 2.896157E-02 3.909169E-01 1.563842E-01 -1.313936E+00 5.450190E-01 -9.126677E-02 9.147833E-01 2.773392E-02 2.017218E-03 4.102420E+00 1.195403E+01 
1.023386E-01 4.493667E-02 2.950279E-01 1.355747E-01 -1.640375E+00 2.628379E-01 -8.306397E-02 1.075612E+00 2.742076E-02 6.313513E-03 4.493893E+00 1.060347E+01 
8.213342E-02 4.061806E-02 3.534098E-01 1.497458E-01 -1.067407E+00 4.607701E-01 -7.449823E-02 9.572559E-01 4.397941E-02 1.235808E-02 5.820067E+00 1.926646E+00 
6.538844E-02 1.000000E-04 3.696145E-01 1.710332E-01 -1.568587E+00 4.627798E-01 -1.309881E-02 5.856950E-01 3.603880E-02 2.019716E-02 3.497245E+00 1.343088E+01 
8.599485E-02 5.809859E-02 3.553535E-01 1.358249E-01 -1.222813E+00 4.649516E-01 -1.267409E-01 8.660547E-01 4.316624E-02 1.804229E-02 5.081958E+00 9.285700E+00 
1.090928E-01 4.527917E-02 4.228495E-01 1.422135E-01 -9.389502E-01 4.656150E-01 -7.651454E-02 7.796782E-01 3.725123E-02 9.139529E-03 3.204795E+00 9.724211E+00 
1.193525E-01 5.009168E-02 3.211570E-01 1.531712E-01 -9.516050E-01 4.309719E-01 -6.839218E-02 1.086258E+00 6.430486E-02 1.189135E-02 4.603265E+00 9.098318E+00 
5.202220E-02 4.567053E-02 3.156224E-01 1.300370E-01 -1.150591E+00 4.619671E-01 -6.467097E-02 7.647291E-01 3.755057E-02 2.691720E-02 2.983105E+00 7.869540E+00 
1.546852E-01 2.775687E-02 4.044782E-01 1.653212E-01 -1.044637E+00 4.394741E-01 -6.240243E-02 8.120692E-01 2.389959E-02 8.998139E-04 4.676361E+00 8.340886E+00 
1.492832E-02 3.690804E-02 3.136599E-01 1.451903E-01 -1.196121E+00 3.407907E-01 -5.073599E-02 1.039053E+00 2.302099E-02 4.591089E-03 3.996496E+00 7.662985E+00 
1.250301E-01 5.881801E-02 3.618740E-01 1.556387E-01 -1.525549E+00 4.385985E-01 -2.000000E-01 1.157882E+00 4.399496E-02 1.397180E-02 5.638177E+00 9.512104E+00 
1.233865E-01 3.541357E-02 3.337544E-01 1.686899E-01 -1.288734E+00 5.436440E-01 -8.630561E-02 9.216346E-01 3.400660E-02 6.884378E-03 5.246685E+00 6.377874E+00 
1.087511E-01 4.022317E-02 3.700746E-01 1.578187E-01 -1.479763E+00 3.783122E-01 -4.106662E-02 7.618051E-01 2.192960E-02 3.981635E-03 4.643414E+00 1.035968E+01 
1.146204E-01 5.256334E-02 4.034993E-01 1.673552E-01 -8.511220E-01 4.528394E-01 -1.779480E-01 1.213471E+00 3.973052E-02 1.809699E-02 4.188447E+00 8.489689E+00 
1.264989E-01 4.565004E-02 3.741363E-01 1.535007E-01 -1.391616E+00 4.572975E-01 -9.886070E-02 1.011486E+00 3.804620E-02 2.762416E-02 5.805255E+00 9.823162E+00 
1.388021E-01 2.784948E-02 3.737939E-01 1.712157E-01 -1.453335E+00 4.550253E-01 -8.074266E-02 1.016398E+00 3.118176E-02 2.362408E-03 5.095320E+00 1.153333E+01 
1.348010E-01 2.541476E-02 3.499294E-01 1.513716E-01 -1.255782E+00 4.248550E-01 -8.602705E-02 9.020949E-01 3.230642E-02 4.576356E-03 4.366118E+00 8.473114E+00 
1.369922E-01 2.724756E-02 3.735822E-01 1.648799E-01 -1.296768E+00 4.271682E-01 -5.523329E-02 9.403800E-01 3.034458E-02 3.854588E-03 4.212126E+00 1.478090E+01 
1.212990E-01 2.791277E-02 3.679293E-01 1.435881E-01 -1.336430E+00 4.892834E-01 -6.849725E-02 1.018550E+00 2.633088E-02 9.287949E-03 4.708356E+00 2.937101E+00 
9.709799E-02 5.580607E-02 3.030173E-01 1.495719E-01 -1.177877E+00 3.828621E-01 -6.741231E-02 9.813954E-01 2.881464E-02 1.006992E-02 4.184159E+00 1.431119E+01 
1.195352E-01 4.664344E-02 2.825989E-01 1.542106E-01 -1.347797E+00 4.095625E-01 -1.255253E-02 1.098668E+00 2.633444E-02 5.929118E-03 4.876036E+00 9.877291E+00 
1.484270E-01 2.737269E-02 3.696512E-01 1.575034E-01 -1.390562E+00 5.687642E-01 -1.378872E-01 9.282255E-01 3.335486E-02 1.650055E-03 3.944993E+00 6.397316E+00 
1.452414E-01 2.889331E-02 4.130658E-01 1.582821E-01 -1.290330E+00 4.217492E-01 -6.025969E-02 9.767335E-01 2.929767E-02 8.747665E-04 4.579699E+00 6.876973E+00 
6.328914E-02 6.444941E-02 2.895887E-01 1.746673E-01 -1.469848E+00 4.658136E-01 -9.001594E-02 1.141118E+00 5.105897E-02 7.106697E-03 3.197406E+00 9.773358E+00 
1.332663E-01 4.497016E-02 3.530115E-01 1.532482E-01 -1.289427E+00 4.602976E-01 -6.630177E-02 4.566865E-01 3.043544E-02 3.825743E-03 5.564438E+00 9.535489E+00 
1.213234E-01 1.008110E-02 3.407939E-01 1.582783E-01 -1.365333E+00 4.388699E-01 -3.021490E-02 1.033053E+00 3.041324E-02 1.348673E-02 5.574308E+00 1.169126E+01 
8.577301E-02 5.149595E-02 3.353297E-01 1.391874E-01 -1.160772E+00 4.032084E-01 -4.963519E-02 8.607769E-01 2.906219E-02 6.839617E-03 4.240493E+00 8.170774E+00 
1.629794E-01 2.470493E-02 3.659490E-01 1.712683E-01 -1.525572E+00 4.871788E-01 -6.300682E-02 9.343298E-01 2.915942E-02 6.185105E-03 4.914217E+00 8.476021E+00 
7.274679E-02 4.452209E-03 3.505494E-01 1.673714E-01 -1.209463E+00 4.815820E-01 -4.200267E-02 9.334296E-01 2.622263E-02 4.488534E-03 4.286927E+00 1.230037E+01 
8.785754E-02 3.618081E-02 3.148779E-01 1.673586E-01 -1.398263E+00 5.717207E-01 -1.418039E-01 1.026849E+00 3.655087E-02 1.447820E-02 6.197331E+00 1.269179E+01 
6.986726E-02 3.587494E-02 4.025557E-01 1.645553E-01 -9.153621E-01 4.872871E-01 -1.700930E-01 8.650118E-01 2.742947E-02 2.472107E-02 5.308860E+00 3.917285E+00 
9.379615E-02 1.000000E-04 3.617921E-01 1.780421E-01 -1.808641E+00 4.813217E-01 -1.000000E-02 1.053070E+00 3.494097E-02 1.989603E-02 3.323927E+00 8.139402E+00 
1.061499E-01 2.429655E-02 3.144073E-01 1.561955E-01 -1.265547E+00 5.096911E-01 -8.560954E-02 9.059327E-01 2.588547E-02 5.193993E-03 3.718879E+00 1.084907E+01 
8.869128E-02 5.031218E-02 3.323278E-01 1.402574E-01 -1.203876E+00 3.758239E-01 -3.982433E-02 9.284127E-01 3.732538E-02 2.083492E-03 4.546055E+00 1.161229E+01 
1.664078E-01 2.004314E-02 4.170069E-01 1.498695E-01 -1.105762E+00 5.712731E-01 -1.169082E-01 9.127422E-01 3.345786E-02 9.623409E-03 4.550230E+00 6.275747E+00 
8.441446E-02 7.003526E-02 3.966220E-01 1.467886E-01 -1.407941E+00 5.439228E-01 -1.749548E-01 8.761494E-01 2.948794E-02 1.153509E-02 4.392224E+00 6.010779E+00 
7.113344E-02 8.234460E-02 3.450203E-01 1.567591E-01 -1.333433E+00 3.595560E-01 -5.235205E-02 9.284105E-01 4.587665E-02 2.632638E-02 4.651028E+00 4.501716E+00 
5.803521E-02 2.469768E-02 3.619047E-01 1.492191E-01 -1.289663E+00 5.516982E-01 -9.660953E-02 1.005323E+00 1.967635E-02 8.280654E-03 4.823685E+00 8.184078E+00 
1.291907E-01 2.802530E-02 4.356093E-01 1.592481E-01 -1.263651E+00 3.179965E-01 -7.258354E-02 9.647958E-01 2.860714E-02 4.891392E-03 4.520334E+00 1.143402E+01 
1.141735E-01 1.610777E-02 3.577634E-01 1.632040E-01 -1.225117E+00 4.526979E-01 -3.090767E-02 1.057277E+00 3.651563E-02 4.721769E-03 4.569667E+00 1.044846E+01 
1.186945E-01 2.025925E-02 3.583460E-01 1.618345E-01 -1.502866E+00 5.579651E-01 -9.325823E-02 1.017869E+00 3.957944E-02 0.000000E+00 5.215421E+00 1.080016E+01 
1.111511E-01 3.537279E-02 3.760020E-01 1.595260E-01 -1.284940E+00 4.110790E-01 -6.727625E-02 9.064016E-01 2.473861E-02 4.121340E-03 4.236335E+00 1.103598E+01 
1.109623E-01 4.843150E-02 3.276127E-01 1.495393E-01 -1.091205E+00 4.959498E-01 -7.662879E-02 8.805417E-01 3.532034E-02 2.631511E-03 5.091367E+00 1.199194E+01 
1.404528E-01 2.761598E-02 3.809222E-01 1.610276E-01 -1.561306E+00 5.783376E-01 -6.233563E-02 8.136406E-01 4.317278E-02 0.000000E+00 4.341977E+00 1.233170E+01 
1.354029E-01 2.174052E-02 3.700172E-01 1.730670E-01 -1.235515E+00 4.622602E-01 -1.163484E-01 9.033950E-01 2.898293E-02 1.244336E-02 5.559080E+00 8.124895E+00 
1.015220E-01 4.786957E-02 3.777074E-01 1.564403E-01 -1.358688E+00 5.064385E-01 -1.257866E-01 8.351247E-01 3.553579E-02 9.640472E-03 3.662157E+00 8.168628E+00 
1.726445E-01 2.142437E-02 3.772409E-01 1.737613E-01 -1.375667E+00 5.901244E-01 -1.192515E-01 9.438250E-01 2.639068E-02 6.035920E-03 4.039731E+00 2.232687E+00 
1.355601E-01 9.301975E-03 2.946000E-01 1.572631E-01 -1.153980E+00 3.050720E-01 -2.678965E-02 9.748603E-01 4.007246E-02 5.952623E-03 2.770085E+00 1.244463E+01 
