3.913561E-02 3.145129E-02 3.648615E-01 1.373166E-01 -1.280421E+00 5.070638E-01 -1.159601E-01 9.899127E-01 3.567380E-02 2.189076E-02 5.334678E+00 5.489376E+00 
1.356347E-01 2.521016E-02 3.550792E-01 1.653724E-01 -1.428127E+00 4.781734E-01 -9.406555E-02 9.464788E-01 2.732972E-02 5.896456E-03 4.929779E+00 1.039650E+01 
1.384808E-01 1.978119E-02 3.771861E-01 1.642826E-01 -1.418416E+00 4.907956E-01 -6.873647E-02 1.009748E+00 3.580765E-02 7.934860E-04 4.548305E+00 7.816122E+00 
1.515490E-01 2.403594E-02 3.234880E-01 1.686562E-01 -1.341905E+00 3.084564E-01 -9.453751E-02 8.947656E-01 2.131852E-02 2.906366E-03 5.739654E+00 1.002783E+01 
9.749238E-02 3.285882E-02 3.412783E-01 1.549734E-01 -1.276256E+00 4.192745E-01 -6.339177E-02 9.355284E-01 2.617366E-02 6.760302E-04 5.121347E+00 1.054101E+01 
1.252425E-01 3.614540E-02 3.327606E-01 1.399513E-01 -1.256786E+00 4.269326E-01 -8.127928E-02 9.505690E-01 3.375621E-02 0.000000E+00 4.858635E+00 1.212281E+01 
8.291787E-02 1.729844E-02 3.022529E-01 1.418129E-01 -1.162563E+00 4.579829E-01 -4.448928E-02 9.561095E-01 3.241164E-02 9.800440E-03 3.424102E+00 1.208180E+01 
9.531854E-02 6.376012E-02 3.860356E-01 1.408685E-01 -1.556768E+00 3.777885E-01 -5.182380E-02 9.374108E-01 3.352205E-02 4.011815E-03 5.204336E+00 4.497249E+00 
9.176906E-02 3.680529E-02 3.610460E-01 1.438801E-01 -1.246246E+00 4.704148E-01 -7.545056E-02 8.284423E-01 3.047106E-02 7.995975E-03 2.751281E+00 1.069495E+01 
1.635040E-01 5.296198E-02 3.747727E-01 1.634512E-01 -1.461832E+00 4.118219E-01 -5.561590E-02 9.363800E-01 2.591669E-02 6.275384E-03 4.719184E+00 1.059789E+01 
9.751826E-02 1.146886E-02 3.401385E-01 1.514281E-01 -1.245300E+00 5.210996E-01 -1.183096E-01 9.027936E-01 2.876803E-02 7.495839E-03 4.693477E+00 1.530192E+00 
1.464729E-01 2.482912E-02 3.097780E-01 1.619696E-01 -1.242733E+00 5.714262E-01 -9.209181E-02 8.875688E-01 3.333889E-02 4.906779E-03 3.989240E+00 9.148308E+00 
1.304819E-01 1.883871E-02 3.651239E-01 1.626663E-01 -1.409660E+00 5.288558E-01 -1.714996E-01 9.270320E-01 3.041661E-02 5.831233E-03 2.702117E+00 9.057540E+00 
1.107745E-01 4.550083E-02 3.180616E-01 1.508447E-01 -1.330929E+00 4.644987E-01 -8.363037E-02 1.082867E+00 3.144349E-02 1.169211E-02 5.445039E+00 1.133672E+01 
3.573543E-02 3.277931E-02 3.700008E-01 1.559318E-01 -1.143574E+00 3.321025E-01 -5.739623E-02 1.018645E+00 2.677034E-02 2.288317E-02 5.563054E+00 9.043822E+00 
1.132269E-01 4.341655E-02 3.744171E-01 1.663778E-01 -1.294076E+00 4.801571E-01 -7.477032E-02 9.453093E-01 2.865978E-02 2.674424E-03 4.795335E+00 5.404954E+00 
1.407172E-01 3.145825E-02 3.639817E-01 1.566821E-01 -1.288356E+00 3.909854E-01 -3.104920E-02 1.107226E+00 3.186506E-02 1.163093E-02 5.341492E+00 8.922530E+00 
5.571338E-02 5.296460E-02 3.100415E-01 1.410556E-01 -1.257201E+00 3.184243E-01 -4.814549E-02 9.507188E-01 2.819320E-02 9.259453E-03 4.357006E+00 1.299186E+01 
1.795990E-01 2.884084E-02 3.774235E-01 1.595857E-01 -1.252768E+00 5.135514E-01 -1.111102E-01 7.817772E-01 2.678887E-02 3.757761E-03 4.699974E+00 8.730494E+00 
9.814937E-02 3.000588E-02 4.071925E-01 1.435791E-01 -1.303203E+00 4.857777E-01 -6.534201E-02 9.558272E-01 2.587875E-02 5.398005E-04 3.913767E+00 1.032773E+01 
1.225452E-01 1.210019E-02 3.756317E-01 1.679281E-01 -1.184048E+00 4.305077E-01 -3.284314E-02 1.011723E+00 2.772836E-02 4.837965E-03 6.563461E+00 6.049579E+00 
1.216924E-01 2.846681E-02 3.952262E-01 1.523028E-01 -1.194617E+00 5.670853E-01 -8.263677E-02 8.627499E-01 3.192065E-02 6.519033E-03 5.525817E+00 8.446680E+00 
1.362332E-01 2.678440E-02 3.907826E-01 1.625312E-01 -1.208543E+00 5.315000E-01 -9.930613E-02 8.658642E-01 2.877737E-02 3.965904E-03 4.285634E+00 9.084266E+00 
7.800880E-02 4.640407E-02 3.506174E-01 1.600271E-01 -1.289059E+00 3.689285E-01 -6.184831E-02 9.065141E-01 3.330484E-02 1.540253E-03 3.454724E+00 1.011682E+01 
1.470487E-01 1.748009E-02 3.820659E-01 1.596253E-01 -1.162892E+00 5.561003E-01 -8.250373E-02 1.062098E+00 2.776449E-02 4.114624E-03 5.732207E+00 8.811863E+00 
1.125565E-01 1.000000E-04 3.492577E-01 1.616146E-01 -1.273690E+00 5.034717E-01 -4.749287E-02 1.104158E+00 3.297164E-02 1.734680E-02 1.615901E+00 1.269446E+01 
1.296966E-01 4.579708E-02 3.652792E-01 1.619082E-01 -1.067753E+00 3.997982E-01 -4.292840E-02 9.223522E-01 3.003474E-02 7.496427E-03 4.900736E+00 9.952291E+00 
1.050375E-01 2.876233E-02 3.313849E-01 1.640085E-01 -1.362730E+00 6.000000E-01 -5.310251E-02 9.547055E-01 6.812575E-02 5.108550E-03 4.913115E+00 9.084041E+00 
1.347806E-01 6.024787E-02 3.833022E-01 1.459228E-01 -1.245415E+00 5.581967E-01 -6.382047E-02 1.041001E+00 2.593004E-02 5.989071E-03 5.613037E+00 1.267952E+01 
1.287827E-01 1.074252E-02 3.467686E-01 1.666955E-01 -1.113221E+00 4.066724E-01 -7.879493E-02 9.671310E-01 3.551974E-02 6.169893E-03 3.806926E+00 7.756086E+00 
1.179212E-01 4.479466E-02 3.391131E-01 1.441467E-01 -1.124670E+00 4.429428E-01 -7.210521E-02 7.944823E-01 2.122096E-02 1.015884E-03 4.233762E+00 7.536332E+00 
1.228602E-01 2.551698E-02 4.151180E-01 1.646809E-01 -1.804551E+00 4.827163E-01 -1.169939E-01 9.330041E-01 3.525408E-02 4.694290E-03 4.458118E+00 8.469695E+00 
5.702423E-02 3.203094E-02 3.251171E-01 1.457181E-01 -1.452493E+00 4.329820E-01 -1.597801E-01 8.666597E-01 3.549765E-02 1.118691E-02 5.419272E+00 8.932856E+00 
1.325298E-01 1.950319E-02 3.839236E-01 1.518575E-01 -1.331834E+00 3.749864E-01 -8.595566E-02 9.595320E-01 2.721179E-02 4.156547E-03 4.828450E+00 8.848304E+00 
1.434221E-01 2.111208E-02 4.030015E-01 1.649015E-01 -1.267168E+00 4.707086E-01 -8.082841E-02 7.850503E-01 2.688405E-02 4.692833E-03 4.540593E+00 5.059375E+00 
1.315014E-01 4.639831E-02 3.246812E-01 1.800281E-01 -1.443486E+00 5.385241E-01 -6.190082E-02 1.221657E+00 5.363381E-02 2.519390E-02 5.803417E+00 7.758870E+00 
5.882812E-02 2.816603E-02 3.573247E-01 1.371283E-01 -8.406386E-01 4.444239E-01 -4.613526E-02 1.037246E+00 3.779771E-02 7.980433E-03 5.070633E+00 1.411185E+01 
1.252907E-01 6.540576E-02 3.456987E-01 1.481778E-01 -1.349816E+00 3.575999E-01 -1.366942E-01 9.881299E-01 2.973857E-02 1.269973E-03 4.589685E+00 9.712596E+00 
1.304673E-01 3.304921E-02 3.830654E-01 1.620849E-01 -1.276797E+00 4.696663E-01 -8.963908E-02 9.198643E-01 3.798361E-02 1.127343E-02 3.825264E+00 2.735610E+00 
1.319176E-01 3.524383E-02 2.921487E-01 1.732687E-01 -1.319661E+00 5.042749E-01 -4.613801E-02 7.557459E-01 3.307450E-02 4.218097E-03 3.493394E+00 1.099230E+01 
1.553626E-01 7.026719E-03 3.546094E-01 1.608897E-01 -1.748026E+00 5.774968E-01 -1.163361E-01 1.046139E+00 3.080859E-02 4.390278E-03 4.005408E+00 9.622454E+00 
1.086465E-01 2.963698E-02 3.584871E-01 1.656448E-01 -1.538385E+00 4.514377E-01 -1.045429E-01 1.084718E+00 3.409247E-02 1.186126E-02 5.161917E+00 8.141008E+00 
9.446008E-02 5.191065E-02 3.738588E-01 1.471013E-01 -1.135051E+00 1.862059E-01 -3.105094E-02 1.057184E+00 3.117868E-02 0.000000E+00 4.330279E+00 9.137354E+00 
1.068819E-01 2.805684E-02 3.258148E-01 1.544717E-01 -1.122487E+00 3.513870E-01 -3.060241E-02 8.288411E-01 2.688321E-02 3.994360E-03 3.543748E+00 1.306605E+01 
1.171931E-01 3.758527E-02 3.498275E-01 1.665049E-01 -1.179675E+00 5.038866E-01 -9.737928E-02 9.304176E-01 6.029088E-02 2.784948E-03 4.439596E+00 6.156403E+00 
8.512228E-02 3.355138E-02 3.371315E-01 1.611852E-01 -1.214348E+00 5.212765E-01 -1.178238E-01 8.504282E-01 3.574613E-02 9.943984E-03 3.614646E+00 5.675867E+00 
4.920462E-02 2.969942E-02 3.053337E-01 1.567975E-01 -1.085182E+00 3.494075E-01 -9.742850E-02 8.918806E-01 3.025898E-02 7.345891E-03 4.838964E+00 1.085915E+01 
6.084212E-02 6.798987E-02 3.595948E-01 1.391188E-01 -9.611325E-01 3.124922E-01 -5.357060E-02 8.761211E-01 2.697582E-02 1.661263E-02 4.965587E+00 6.066546E+00 
1.174563E-01 5.201897E-02 3.410318E-01 1.620516E-01 -1.167020E+00 4.934871E-01 -8.978342E-02 9.923291E-01 3.846963E-02 1.076674E-02 5.453990E+00 1.000749E+01 
1.230906E-01 4.626562E-02 3.432274E-01 1.570915E-01 -1.265976E+00 4.012842E-01 -3.232692E-02 1.369625E+00 3.967619E-02 1.034465E-02 3.885434E+00 9.111573E+00 
1.400557E-01 2.580460E-02 4.191198E-01 1.515195E-01 -1.199421E+00 5.113598E-01 -7.925715E-02 1.053183E+00 2.276402E-02 1.295004E-02 4.054724E+00 7.533441E+00 
6.501535E-02 2.776802E-02 3.370498E-01 1.527168E-01 -1.114339E+00 3.950928E-01 -3.796288E-02 1.176605E+00 4.436950E-02 8.175231E-03 2.470112E+00 8.074098E+00 
8.570778E-02 6.854894E-02 2.943538E-01 1.410309E-01 -1.527161E+00 4.902022E-01 -6.964627E-02 7.232347E-01 3.433696E-02 1.198854E-02 4.525308E+00 1.181114E+01 
9.444510E-02 3.879677E-02 3.969743E-01 1.483685E-01 -9.069777E-01 4.448608E-01 -8.956484E-02 8.629390E-01 3.496957E-02 2.010361E-02 6.923515E+00 3.432439E+00 
1.467554E-01 2.696791E-02 4.279463E-01 1.565031E-01 -1.197995E+00 4.167209E-01 -5.885493E-02 8.865821E-01 3.125042E-02 4.012059E-03 4.665554E+00 8.801603E+00 
1.044700E-01 2.661259E-02 3.290544E-01 1.508119E-01 -1.194849E+00 3.650678E-01 -4.521437E-02 8.500725E-01 3.091525E-02 1.643450E-02 3.823464E+00 1.051133E+01 
2.532358E-02 2.246095E-02 3.242559E-01 1.703656E-01 -9.858710E-01 4.326320E-01 -9.449025E-02 1.032677E+00 4.542406E-02 3.400448E-03 5.206854E+00 9.263175E+00 
1.591282E-01 2.406343E-02 3.036863E-01 1.579706E-01 -1.147444E+00 4.577801E-01 -5.324400E-02 8.562766E-01 3.286112E-02 0.000000E+00 4.357980E+00 1.073062E+01 
1.193639E-01 4.991948E-02 3.634235E-01 1.524294E-01 -1.079113E+00 3.736983E-01 -4.949429E-02 9.366676E-01 3.203882E-02 3.111047E-03 4.678591E+00 1.031248E+01 
9.679000E-02 2.592029E-02 3.537321E-01 1.645807E-01 -1.299143E+00 4.484887E-01 -8.660377E-02 9.589970E-01 2.800417E-02 1.783792E-03 4.341359E+00 9.702654E+00 
8.027494E-02 3.558723E-02 3.469012E-01 1.585703E-01 -1.264757E+00 2.910876E-01 -4.478524E-02 9.550457E-01 3.080430E-02 6.216119E-03 3.950198E+00 7.575041E+00 
1.308014E-01 9.865048E-03 3.694338E-01 1.557596E-01 -1.311157E+00 4.886076E-01 -9.426637E-02 4.797885E-01 3.117634E-02 4.510302E-03 3.597995E+00 9.793416E+00 
1.219752E-01 4.083935E-02 3.936548E-01 1.588304E-01 -1.462429E+00 3.849970E-01 -8.561363E-02 1.019964E+00 2.850423E-02 5.944735E-03 4.744621E+00 5.831495E+00 
8.236596E-02 4.269458E-02 3.481497E-01 1.570682E-01 -1.401380E+00 5.234607E-01 -1.080347E-01 6.753938E-01 3.111482E-02 9.370097E-03 4.931215E+00 5.349003E+00 
1.444042E-01 2.585770E-03 3.346527E-01 1.678359E-01 -1.454392E+00 5.489878E-01 -1.043588E-01 9.633077E-01 3.309984E-02 4.614264E-03 4.852972E+00 5.305099E+00 
1.238911E-01 1.416800E-02 3.155808E-01 1.391289E-01 -1.336050E+00 4.559807E-01 -9.659969E-02 9.120024E-01 3.350640E-02 1.622652E-03 2.962574E+00 1.076023E+01 
7.652993E-02 1.782534E-02 3.225140E-01 1.550105E-01 -1.332946E+00 5.075333E-01 -1.020267E-01 8.786228E-01 3.440461E-02 7.267985E-03 4.588396E+00 1.099115E+01 
1.418138E-01 1.905353E-02 4.075228E-01 1.594927E-01 -1.519055E+00 5.234090E-01 -3.567213E-02 8.116327E-01 2.761075E-02 3.497313E-03 3.980897E+00 1.006275E+01 
1.739662E-01 3.942007E-03 3.753169E-01 1.577296E-01 -1.502045E+00 5.710339E-01 -1.412607E-01 9.595973E-01 2.867037E-02 2.622586E-03 4.197791E+00 9.720870E+00 
1.586823E-01 2.569612E-02 3.794675E-01 1.646915E-01 -1.540850E+00 3.829530E-01 -6.244804E-02 9.210319E-01 2.381006E-02 1.157566E-02 3.887420E+00 5.981191E+00 
8.300910E-02 2.570145E-02 3.752278E-01 1.733957E-01 -1.076602E+00 5.135598E-01 -1.195590E-01 9.655809E-01 3.089872E-02 1.503734E-03 5.113606E+00 9.802293E+00 
1.485485E-01 2.510984E-02 4.136488E-01 1.407797E-01 -1.411634E+00 3.197313E-01 -6.510646E-02 8.763496E-01 2.683447E-02 3.515442E-03 4.270270E+00 1.050133E+01 
1.520295E-01 1.912382E-02 3.914113E-01 1.622083E-01 -1.316877E+00 6.000000E-01 -6.418457E-02 1.020864E+00 3.084909E-02 9.512011E-03 4.297164E+00 9.814619E+00 
1.417443E-01 1.806861E-02 3.512358E-01 1.589615E-01 -1.277530E+00 5.288933E-01 -6.391849E-02 9.624646E-01 3.546165E-02 0.000000E+00 5.285116E+00 5.794280E+00 
1.003379E-01 4.794600E-02 3.509555E-01 1.634789E-01 -1.392819E+00 5.122999E-01 -6.164824E-02 1.014321E+00 5.618269E-02 1.636536E-02 5.453302E+00 9.068545E+00 
9.135088E-02 4.158352E-02 3.893221E-01 1.583314E-01 -1.066259E+00 4.001949E-01 -7.936993E-02 9.295741E-01 3.560715E-02 1.543185E-02 4.145683E+00 9.885164E+00 
1.191940E-01 6.841902E-02 3.307773E-01 1.608348E-01 -7.739049E-01 5.192573E-01 -1.789953E-01 7.651279E-01 2.356945E-02 2.340032E-02 5.176195E+00 6.597611E+00 
8.511271E-02 5.086186E-02 3.981067E-01 1.428940E-01 -9.504580E-01 4.046086E-01 -1.331108E-01 9.992023E-01 3.046218E-02 8.229371E-03 6.093789E+00 9.911322E+00 
1.578601E-01 1.292156E-02 4.786691E-01 1.435219E-01 -1.164270E+00 4.759737E-01 -9.502329E-02 9.897295E-01 3.343087E-02 5.082527E-03 4.752982E+00 6.602623E+00 
1.377232E-01 2.632681E-02 3.472739E-01 1.584384E-01 -1.244476E+00 4.081664E-01 -5.194376E-02 8.715759E-01 3.930666E-02 3.715090E-03 3.776015E+00 7.722032E+00 
1.599280E-01 5.822612E-03 3.485791E-01 1.739678E-01 -1.505202E+00 4.573209E-01 -9.392315E-02 6.294621E-01 3.468517E-02 1.968163E-02 2.321092E+00 7.932366E+00 
8.899354E-02 3.143198E-02 3.059657E-01 1.329948E-01 -1.302063E+00 3.686195E-01 -2.534606E-02 1.071845E+00 3.828811E-02 2.988861E-03 3.093931E+00 1.306287E+01 
8.673429E-02 1.000000E-04 3.464190E-01 1.620252E-01 -1.136684E+00 4.841151E-01 -8.365363E-02 8.767613E-01 3.469951E-02 6.585654E-03 3.515426E+00 9.402115E+00 
1.446484E-01 3.027425E-02 3.921637E-01 1.468483E-01 -1.072631E+00 4.621175E-01 -1.223781E-01 1.034931E+00 4.548533E-02 2.268267E-02 5.842963E+00 8.681571E+00 
1.387877E-01 2.488901E-02 3.787050E-01 1.670276E-01 -1.090281E+00 4.445835E-01 -1.097044E-01 9.146871E-01 2.902439E-02 7.863480E-03 4.756271E+00 7.785597E+00 
9.602124E-02 5.176338E-02 3.138963E-01 1.421422E-01 -1.246491E+00 3.180776E-01 -1.000000E-02 9.403072E-01 2.961681E-02 4.570047E-03 3.326117E+00 1.110297E+01 
1.357331E-01 2.322153E-02 3.960957E-01 1.557607E-01 -1.261784E+00 4.845096E-01 -7.285159E-02 9.579420E-01 2.994190E-02 9.544330E-03 4.696863E+00 8.619673E+00 
1.245511E-01 5.021163E-02 4.088190E-01 1.399832E-01 -1.197469E+00 3.621821E-01 -4.596682E-02 8.361713E-01 2.933310E-02 1.087471E-02 3.133593E+00 1.090242E+01 
1.620899E-01 3.096602E-02 3.665642E-01 1.561498E-01 -1.538813E+00 4.077232E-01 -7.913213E-02 8.993946E-01 3.186355E-02 4.063152E-03 3.585072E+00 1.013808E+01 
1.039585E-01 2.275866E-02 3.446323E-01 1.355265E-01 -1.490861E+00 3.167079E-01 -3.346512E-02 9.363593E-01 2.942973E-02 4.632554E-03 3.760117E+00 1.262307E+01 
1.003019E-01 8.618870E-02 3.010132E-01 1.523542E-01 -1.159209E+00 5.447900E-01 -7.695389E-02 9.423447E-01 4.178467E-02 8.391757E-03 4.888595E+00 7.851702E+00 
1.488535E-01 1.850364E-02 3.944692E-01 1.658993E-01 -1.526127E+00 4.933827E-01 -9.080370E-02 8.910695E-01 3.392692E-02 4.155908E-04 3.752954E+00 7.443122E+00 
6.489179E-02 5.417296E-02 3.983260E-01 1.587786E-01 -1.462554E+00 3.576508E-01 -5.345565E-02 9.330631E-01 3.680924E-02 1.474288E-02 4.620388E+00 7.664559E+00 
1.094077E-01 4.788706E-02 3.006906E-01 1.489981E-01 -1.490772E+00 4.502948E-01 -6.056823E-02 1.182379E+00 3.821209E-02 2.508616E-05 2.930379E+00 1.489557E+01 
1.269452E-01 2.438691E-02 4.226403E-01 1.493246E-01 -1.114648E+00 1.523722E-01 -9.743471E-02 5.591881E-01 3.019087E-02 1.637629E-03 4.276978E+00 1.224023E+01 
1.497648E-01 2.873678E-02 3.917779E-01 1.592657E-01 -1.158182E+00 4.096301E-01 -6.638329E-02 8.902890E-01 2.593253E-02 1.256765E-03 4.888793E+00 8.891605E+00 
1.196645E-01 4.635354E-02 3.102155E-01 1.496998E-01 -1.159911E+00 3.580680E-01 -2.590243E-02 8.559240E-01 3.876710E-02 1.347479E-04 4.531408E+00 1.383017E+01 
3.727405E-02 5.915906E-02 3.438797E-01 1.656930E-01 -9.389986E-01 3.738603E-01 -5.539048E-02 1.070459E+00 3.523509E-02 1.993062E-02 4.174536E+00 9.272811E+00 
1.432843E-01 3.254982E-02 3.812154E-01 1.591558E-01 -1.370076E+00 4.501261E-01 -4.182262E-02 1.012234E+00 3.603696E-02 4.226548E-04 4.526833E+00 9.161875E+00 
4.592040E-02 4.046343E-02 3.732545E-01 1.369988E-01 -9.642107E-01 4.431773E-01 -2.739347E-02 7.987120E-01 2.755904E-02 1.962145E-02 3.459892E+00 7.975984E+00 
5.116954E-02 7.860096E-02 2.739004E-01 1.441279E-01 -1.026668E+00 2.977525E-01 -3.560363E-02 9.436488E-01 2.968799E-02 4.568936E-03 5.044758E+00 9.123806E+00 
6.004762E-02 4.099384E-02 3.225467E-01 1.563301E-01 -8.229232E-01 4.753892E-01 -5.657992E-02 1.017560E+00 3.701712E-02 8.322185E-03 4.790475E+00 1.006276E+01 
1.506770E-01 1.626112E-02 3.713661E-01 1.711302E-01 -1.220088E+00 4.878869E-01 -1.211675E-01 1.018834E+00 3.280671E-02 5.084950E-03 4.906295E+00 5.238455E+00 
1.160141E-01 7.147829E-02 4.402229E-01 1.577115E-01 -1.018875E+00 2.964401E-01 -9.432812E-02 9.700819E-01 3.656986E-02 1.580776E-02 5.277663E+00 8.511006E+00 
1.372868E-01 2.755869E-02 3.473457E-01 1.485709E-01 -1.282086E+00 4.980632E-01 -8.151822E-02 8.952740E-01 3.384606E-02 2.114397E-03 4.456519E+00 9.466309E+00 
1.479425E-01 1.806642E-02 3.368488E-01 1.642011E-01 -1.361318E+00 5.694880E-01 -7.348212E-02 1.034323E+00 2.761305E-02 2.770669E-03 4.841890E+00 1.063995E+01 
1.389924E-01 1.098565E-02 3.571874E-01 1.643529E-01 -1.333000E+00 5.325945E-01 -4.304384E-02 8.176668E-01 3.249910E-02 1.351031E-03 3.201325E+00 7.265841E+00 
5.750467E-02 4.944454E-02 3.909447E-01 1.527134E-01 -9.611755E-01 3.315513E-01 -5.639666E-02 1.135792E+00 3.205829E-02 2.214256E-02 6.144745E+00 1.060675E+01 
1.269167E-01 7.046285E-02 3.710968E-01 1.636033E-01 -1.246918E+00 4.127036E-01 -6.519628E-02 9.705018E-01 2.541622E-02 4.508544E-03 5.150310E+00 1.374218E+01 
9.146981E-02 2.650190E-02 3.675005E-01 1.600325E-01 -1.315978E+00 3.468949E-01 -4.886304E-02 7.456026E-01 3.295519E-02 5.755644E-03 4.796178E+00 1.312728E+01 
5.928342E-02 6.882791E-02 3.430541E-01 1.447252E-01 -1.225334E+00 3.543007E-01 -2.726686E-02 7.694556E-01 3.266220E-02 1.314083E-02 3.946869E+00 1.104561E+01 
1.332387E-01 1.464937E-02 3.590567E-01 1.520650E-01 -1.320634E+00 5.461927E-01 -9.601732E-02 9.008035E-01 2.417429E-02 6.041756E-04 5.256151E+00 1.055559E+01 
1.550986E-01 1.969853E-02 3.803498E-01 1.649314E-01 -1.167185E+00 4.281577E-01 -4.159533E-02 9.729789E-01 2.919041E-02 7.224162E-03 4.290715E+00 1.046574E+01 
7.289758E-02 3.319791E-02 3.837650E-01 1.660814E-01 -1.115011E+00 6.000000E-01 -1.518353E-01 8.386486E-01 3.794638E-02 2.698804E-03 4.761053E+00 1.028540E+01 
1.166562E-01 9.360964E-02 3.389680E-01 1.406659E-01 -1.253567E+00 4.750076E-01 -5.300423E-02 1.052186E+00 3.040404E-02 3.549906E-03 4.357978E+00 1.193525E+01 
1.497740E-01 4.331201E-02 3.778624E-01 1.436878E-01 -1.269850E+00 4.474583E-01 -4.516895E-02 9.371526E-01 3.156082E-02 7.790802E-03 5.020762E+00 6.883301E+00 
1.329641E-01 2.757737E-02 2.866966E-01 1.557623E-01 -1.299939E+00 3.882796E-01 -1.006524E-01 1.176243E+00 2.516148E-02 1.367040E-02 4.954908E+00 9.122539E+00 
1.457495E-01 3.359895E-02 3.886112E-01 1.635642E-01 -1.125468E+00 5.886027E-01 -1.053333E-01 8.717462E-01 2.242003E-02 3.215934E-03 5.352335E+00 9.015095E+00 
7.599353E-02 4.906102E-02 3.399900E-01 1.589180E-01 -1.236742E+00 6.000000E-01 -6.587020E-02 7.555884E-01 3.412445E-02 4.434941E-03 6.229150E+00 1.001770E+01 
1.039098E-01 2.942825E-02 3.226417E-01 1.574025E-01 -1.510306E+00 5.060340E-01 -7.435439E-02 1.088611E+00 3.938749E-02 9.143997E-03 4.479556E+00 8.597376E+00 
1.389620E-01 8.197061E-03 3.662232E-01 1.668892E-01 -1.336276E+00 3.777202E-01 -6.003154E-02 6.685436E-01 3.142703E-02 4.869567E-03 4.009535E+00 1.280931E+01 
1.340072E-01 2.612883E-02 3.838339E-01 1.552078E-01 -1.232948E+00 4.062502E-01 -3.528507E-02 9.564976E-01 2.656203E-02 6.292688E-03 5.079576E+00 1.317193E+01 
6.446652E-02 6.006414E-02 2.643183E-01 1.430494E-01 -1.151998E+00 4.071686E-01 -3.292147E-02 9.456578E-01 3.399442E-02 7.963454E-03 4.014645E+00 1.220857E+01 
1.097754E-01 3.490989E-02 4.025884E-01 1.516925E-01 -1.287479E+00 3.310118E-01 -9.186653E-02 7.223109E-01 3.405932E-02 2.322930E-03 4.547364E+00 9.885220E+00 
3.861438E-02 5.674808E-02 4.033642E-01 1.325353E-01 -1.394652E+00 3.851169E-01 -3.939324E-02 8.794806E-01 2.898423E-02 1.013036E-02 3.551860E+00 7.531659E+00 
9.867572E-02 2.255905E-02 3.595392E-01 1.546210E-01 -1.365902E+00 4.208632E-01 -9.743700E-02 9.595977E-01 2.709743E-02 4.157215E-03 4.091301E+00 9.586276E+00 
1.645016E-01 3.149950E-02 3.557865E-01 1.494558E-01 -1.096764E+00 4.820176E-01 -3.840074E-02 1.040061E+00 3.533109E-02 0.000000E+00 4.049437E+00 1.055274E+01 
1.288811E-01 2.267178E-02 2.879646E-01 1.588684E-01 -1.292740E+00 4.303573E-01 -1.069476E-01 9.972453E-01 3.345969E-02 8.390709E-03 3.881199E+00 1.078907E+01 
9.667682E-02 5.022105E-02 3.543719E-01 1.518004E-01 -1.202062E+00 4.539722E-01 -4.199751E-02 1.063039E+00 3.124855E-02 2.290736E-02 3.586449E+00 8.076908E+00 
7.374068E-02 2.598180E-03 3.705122E-01 1.641480E-01 -1.263808E+00 3.983718E-01 -1.436450E-02 8.429720E-01 3.672915E-02 1.173545E-02 3.641369E+00 8.935233E+00 
1.469238E-01 5.682366E-02 3.282469E-01 1.564903E-01 -1.334925E+00 5.185146E-01 -1.501751E-01 1.054880E+00 2.821933E-02 5.054517E-03 4.045846E+00 1.090360E+01 
4.071964E-02 7.640189E-02 3.336443E-01 1.722759E-01 -1.376337E+00 3.513999E-01 -1.657756E-01 1.031346E+00 5.365419E-02 2.140117E-02 4.832202E+00 3.939095E+00 
1.652479E-01 9.599064E-02 3.624526E-01 1.635571E-01 -1.197283E+00 4.286584E-01 -8.895782E-02 9.586440E-01 2.892298E-02 0.000000E+00 5.133552E+00 1.042174E+01 
1.127520E-01 3.020110E-02 3.588765E-01 1.571926E-01 -1.226818E+00 4.257035E-01 -8.231279E-02 7.516233E-01 2.773234E-02 7.438159E-03 4.448679E+00 1.258821E+01 
1.358542E-01 4.071667E-02 3.619778E-01 1.741310E-01 -1.292695E+00 5.447026E-01 -9.708747E-02 9.081166E-01 3.122479E-02 9.696450E-03 3.815779E+00 1.114811E+01 
1.463326E-01 1.653965E-02 3.346466E-01 1.599880E-01 -1.137706E+00 4.961842E-01 -1.046225E-01 7.222731E-01 3.513003E-02 2.609928E-03 3.320043E+00 1.079194E+01 
1.236765E-01 3.352035E-02 3.453088E-01 1.602831E-01 -1.417390E+00 5.532196E-01 -1.311840E-01 8.134802E-01 3.364463E-02 1.323400E-02 5.789809E+00 9.449840E+00 
1.148639E-01 9.461599E-03 3.662188E-01 1.551768E-01 -1.377428E+00 5.402304E-01 -1.996442E-01 9.912062E-01 3.063744E-02 1.399375E-02 4.501964E+00 4.756905E+00 
1.020916E-01 2.703534E-02 3.516892E-01 1.586954E-01 -1.122237E+00 5.650693E-01 -9.363029E-02 8.390642E-01 3.162035E-02 1.278278E-02 4.243676E+00 7.779881E+00 
9.932829E-02 2.475353E-02 3.765996E-01 1.563487E-01 -1.387018E+00 3.971022E-01 -3.211833E-02 9.037459E-01 2.420351E-02 5.766378E-03 4.466637E+00 1.188641E+01 
1.193249E-01 1.774138E-02 4.171369E-01 1.680312E-01 -1.380977E+00 5.083388E-01 -7.610650E-02 1.033264E+00 2.660474E-02 1.161804E-03 5.847193E+00 1.111228E+01 
7.582347E-02 6.367091E-02 3.044695E-01 1.557503E-01 -1.037179E+00 4.696713E-01 -1.000000E-02 9.313361E-01 3.830321E-02 5.869466E-04 3.484494E+00 1.158537E+01 
1.381822E-01 3.884720E-02 3.951593E-01 1.505032E-01 -1.125238E+00 3.811951E-01 -1.255556E-01 7.980519E-01 2.946028E-02 1.223910E-02 3.190475E+00 9.228530E+00 
1.323019E-01 2.336903E-02 3.622078E-01 1.571751E-01 -1.429081E+00 4.103589E-01 -7.423900E-02 9.622397E-01 3.352982E-02 1.042323E-02 4.092647E+00 9.709661E+00 
1.377615E-01 4.531397E-02 2.996748E-01 1.600986E-01 -1.366618E+00 4.710913E-01 -8.964086E-02 9.651962E-01 2.802086E-02 4.030915E-03 3.791401E+00 1.123695E+01 
1.463191E-01 5.182254E-02 3.729589E-01 1.679581E-01 -1.001401E+00 4.181101E-01 -2.393804E-02 8.614276E-01 3.088231E-02 2.130731E-03 5.945096E+00 9.367834E+00 
1.426719E-01 2.376360E-02 3.573256E-01 1.622032E-01 -1.422838E+00 5.481315E-01 -1.135835E-01 8.469296E-01 3.086295E-02 8.238269E-04 4.414119E+00 8.471259E+00 
1.499617E-01 3.369373E-02 3.515824E-01 1.349603E-01 -1.482597E+00 3.329296E-01 -7.214427E-02 1.015854E+00 3.067209E-02 8.765519E-03 4.418265E+00 9.982910E+00 
1.122325E-01 5.587545E-02 3.215806E-01 1.544954E-01 -9.477761E-01 3.339342E-01 -1.000000E-02 1.000338E+00 3.552789E-02 1.391313E-02 2.576667E+00 4.976057E+00 
8.588580E-02 4.734075E-02 3.569348E-01 1.499166E-01 -1.241925E+00 3.763354E-01 -3.822228E-02 1.034861E+00 3.072139E-02 1.994119E-02 5.573662E+00 1.149149E+01 
1.270185E-01 2.780569E-02 3.659257E-01 1.669049E-01 -1.222360E+00 4.777752E-01 -6.523626E-02 7.932431E-01 2.405334E-02 2.583719E-03 5.187426E+00 8.203017E+00 
