8.270771E-02 4.664708E-02 3.157253E-01 1.518622E-01 -1.103722E+00 3.841613E-01 -9.103600E-02 9.577241E-01 2.448123E-02 9.291625E-03 4.576340E+00 1.084838E+01 
1.383052E-01 2.297885E-02 3.296648E-01 1.544377E-01 -1.342185E+00 6.000000E-01 -8.665134E-02 9.602415E-01 3.153776E-02 5.368517E-03 3.128020E+00 9.298472E+00 
8.812192E-02 3.766692E-02 3.571143E-01 1.339390E-01 -1.117581E+00 4.821499E-01 -6.592017E-02 9.502789E-01 3.061712E-02 1.231337E-03 3.281555E+00 7.962043E+00 
8.938798E-02 3.779310E-02 3.120532E-01 1.688618E-01 -1.363186E+00 3.573715E-01 -6.610150E-02 1.153743E+00 2.986593E-02 5.691327E-03 4.857269E+00 9.234065E+00 
6.907311E-02 4.115174E-02 2.908297E-01 1.519533E-01 -1.318066E+00 4.031763E-01 -4.861770E-02 9.416569E-01 2.983004E-02 1.096231E-02 4.729410E+00 5.386957E+00 
1.346590E-01 2.779939E-02 3.193885E-01 1.894103E-01 -1.358560E+00 5.977772E-01 -7.258058E-02 9.615123E-01 2.986813E-02 4.501189E-03 3.408107E+00 7.840883E+00 
3.404298E-02 2.728900E-02 3.557994E-01 1.486440E-01 -1.183490E+00 5.127425E-01 -8.668306E-02 9.608302E-01 2.652150E-02 9.232515E-03 3.741802E+00 8.399201E+00 
5.911840E-02 4.009646E-02 3.160456E-01 1.367130E-01 -1.134277E+00 4.435166E-01 -1.208813E-01 8.553049E-01 3.065392E-02 4.927970E-03 4.511911E+00 1.102263E+01 
6.833268E-02 1.828479E-02 3.696486E-01 1.459615E-01 -1.212483E+00 4.578182E-01 -6.626511E-02 8.944682E-01 3.234596E-02 6.210854E-03 3.627930E+00 1.127632E+01 
1.000000E-04 6.367512E-02 3.309351E-01 1.407305E-01 -1.241669E+00 3.836776E-01 -1.228358E-02 8.872773E-01 3.354092E-02 8.327618E-03 3.634518E+00 1.174678E+01 
1.673912E-01 2.226814E-02 3.777955E-01 1.640281E-01 -1.273333E+00 4.836146E-01 -1.086564E-01 8.712950E-01 2.933992E-02 1.369326E-03 4.365027E+00 9.962508E+00 
1.365861E-01 1.917850E-02 3.349844E-01 1.567888E-01 -1.483038E+00 5.334617E-01 -1.069461E-01 9.631536E-01 3.470541E-02 3.577807E-03 4.044656E+00 9.111394E+00 
1.407274E-01 7.888769E-03 3.531109E-01 1.616849E-01 -1.399557E+00 4.451177E-01 -1.042226E-01 9.717141E-01 3.493720E-02 2.976401E-03 4.085741E+00 1.113350E+01 
1.105375E-01 3.583667E-02 3.948659E-01 1.540052E-01 -1.432115E+00 4.694129E-01 -9.060537E-02 2.514757E-01 3.115917E-02 0.000000E+00 4.998965E+00 1.423701E+01 
9.603123E-02 3.698322E-02 3.660023E-01 1.496073E-01 -1.147499E+00 2.972433E-01 -5.472705E-02 1.200063E+00 3.011168E-02 2.436854E-02 5.679303E+00 7.665096E+00 
1.165292E-01 6.955853E-02 4.021466E-01 1.614077E-01 -9.148437E-01 4.542521E-01 -1.844819E-01 9.000489E-01 3.639809E-02 4.208432E-02 6.310895E+00 1.407324E+00 
6.064695E-02 3.127174E-02 3.719900E-01 1.519095E-01 -1.031889E+00 4.549504E-01 -6.194061E-02 9.812360E-01 3.148750E-02 1.199874E-02 3.779066E+00 6.308346E+00 
8.164570E-02 7.124350E-02 3.297492E-01 1.450536E-01 -1.250432E+00 4.997433E-01 -1.002539E-01 8.067657E-01 2.312455E-02 1.877240E-02 4.761245E+00 9.057214E+00 
1.300295E-01 5.181239E-02 3.622716E-01 1.595965E-01 -1.082403E+00 3.838087E-01 -4.131932E-02 1.284688E+00 2.808320E-02 2.337731E-02 5.703575E+00 7.482618E+00 
1.116643E-01 1.402451E-02 3.224741E-01 1.504919E-01 -1.213584E+00 4.468182E-01 -4.769683E-02 9.568971E-01 3.241850E-02 1.267297E-02 4.574985E+00 1.175241E+01 
1.247133E-01 1.269373E-02 3.824317E-01 1.577718E-01 -1.205514E+00 3.761140E-01 -3.643035E-02 1.022422E+00 2.839016E-02 4.998463E-03 4.824540E+00 1.075362E+01 
1.354253E-01 1.550382E-02 3.702096E-01 1.656203E-01 -1.290565E+00 5.134037E-01 -5.958319E-02 8.766103E-01 3.045794E-02 1.134882E-02 5.463065E+00 8.950860E+00 
6.202803E-02 7.189550E-02 2.710107E-01 1.385996E-01 -1.282302E+00 2.130020E-01 -1.200775E-02 1.026037E+00 3.502952E-02 1.914482E-03 3.594446E+00 9.572831E+00 
1.452695E-01 2.415855E-02 3.622700E-01 1.592878E-01 -1.118711E+00 4.645705E-01 -5.095540E-02 9.985023E-01 2.811157E-02 5.426678E-03 3.308498E+00 9.484186E+00 
1.585001E-01 2.317634E-02 3.949853E-01 1.708716E-01 -1.468885E+00 4.486314E-01 -7.805826E-02 1.053560E+00 3.164760E-02 9.211954E-03 4.641244E+00 1.235721E+01 
1.317008E-01 7.508154E-02 3.184864E-01 1.549227E-01 -9.858285E-01 5.045808E-01 -6.888211E-02 8.524203E-01 5.162748E-02 4.584585E-03 9.347210E-01 4.207402E+00 
1.421809E-01 5.022778E-02 3.531608E-01 1.608571E-01 -1.110482E+00 3.776391E-01 -5.994760E-02 9.897345E-01 3.559802E-02 3.938716E-03 4.330533E+00 8.938446E+00 
1.172885E-01 2.257058E-02 3.846076E-01 1.593879E-01 -1.465188E+00 3.058026E-01 -6.492601E-02 1.063144E+00 3.781958E-02 8.126391E-03 4.341024E+00 8.871183E+00 
7.213140E-02 3.540353E-02 2.925411E-01 1.631001E-01 -1.285764E+00 4.453005E-01 -7.170869E-02 9.417171E-01 3.174483E-02 1.851771E-03 5.302662E+00 1.136083E+01 
1.197652E-01 1.558368E-02 3.235006E-01 1.618902E-01 -1.268889E+00 4.520754E-01 -7.193292E-02 1.099734E+00 3.279699E-02 8.410998E-03 3.649177E+00 1.146827E+01 
6.877743E-02 5.253284E-02 3.731739E-01 1.504721E-01 -8.003875E-01 5.384274E-01 -1.453450E-01 8.461056E-01 2.509584E-02 4.180732E-02 4.069216E+00 9.747741E+00 
1.152193E-01 1.481332E-02 4.014623E-01 1.616667E-01 -1.522771E+00 4.235372E-01 -9.132079E-02 8.516405E-01 2.889451E-02 4.492979E-03 5.141262E+00 7.881598E+00 
3.653524E-02 4.208984E-02 3.290789E-01 1.481786E-01 -1.163672E+00 5.421112E-01 -1.137998E-01 9.850063E-01 2.794235E-02 1.087477E-02 4.952484E+00 6.208577E+00 
1.352035E-01 1.332467E-02 3.680591E-01 1.538445E-01 -1.223600E+00 4.315296E-01 -4.993957E-02 9.690152E-01 3.027253E-02 1.702261E-03 4.262180E+00 9.162089E+00 
2.461485E-02 3.754244E-02 3.243434E-01 1.379365E-01 -1.152831E+00 4.558399E-01 -9.998600E-02 9.309500E-01 2.858307E-02 7.523487E-03 3.998733E+00 9.659338E+00 
1.341734E-01 3.952022E-02 3.393200E-01 1.648563E-01 -1.351054E+00 5.158481E-01 -6.154126E-02 9.252391E-01 3.278307E-02 1.465844E-02 4.844264E+00 7.529205E+00 
9.901717E-02 3.627625E-02 3.663561E-01 1.613458E-01 -1.395073E+00 4.453219E-01 -3.502047E-02 9.791628E-01 2.640364E-02 4.834538E-03 5.304508E+00 6.917022E+00 
1.342531E-01 4.980406E-02 3.693697E-01 1.452820E-01 -1.274569E+00 4.310369E-01 -1.184307E-01 1.176119E+00 3.079169E-02 1.288285E-02 4.823408E+00 9.108948E+00 
1.356437E-01 2.181575E-02 3.682977E-01 1.615837E-01 -1.365672E+00 5.138791E-01 -7.599934E-02 8.518826E-01 2.590778E-02 8.866765E-03 5.240751E+00 3.624724E+00 
1.420731E-01 2.477695E-02 3.594573E-01 1.661000E-01 -1.475877E+00 5.378438E-01 -5.428752E-02 1.010216E+00 3.003222E-02 4.914122E-03 2.860305E+00 1.084050E+01 
1.425277E-01 3.037078E-02 3.875538E-01 1.611357E-01 -1.658635E+00 5.926062E-01 -8.822361E-02 1.060071E+00 3.228819E-02 1.124093E-04 4.730830E+00 8.486870E+00 
9.140042E-02 1.274040E-02 3.848237E-01 1.418610E-01 -1.144932E+00 4.144933E-01 -1.205723E-01 9.142406E-01 3.253478E-02 7.126720E-04 3.869726E+00 9.532670E+00 
1.079485E-01 2.905926E-02 3.348757E-01 1.590922E-01 -1.267920E+00 4.847893E-01 -1.140857E-01 9.715990E-01 4.398418E-02 1.897343E-02 5.069702E+00 4.967255E+00 
1.646925E-01 2.600338E-02 3.398172E-01 1.664010E-01 -1.365199E+00 5.027837E-01 -1.408826E-01 1.011351E+00 3.432576E-02 4.230190E-03 5.129324E+00 9.493448E+00 
1.433436E-01 2.064087E-02 3.021155E-01 1.733863E-01 -1.640947E+00 4.368729E-01 -1.230814E-01 1.125516E+00 4.586348E-02 1.415469E-02 4.875197E+00 7.761834E+00 
7.936083E-02 4.096795E-02 3.554671E-01 1.590588E-01 -1.313886E+00 5.527772E-01 -3.074697E-02 9.091203E-01 3.351622E-02 1.420057E-02 4.383530E+00 6.168129E+00 
9.960869E-02 3.066400E-02 3.669677E-01 1.477075E-01 -7.784055E-01 4.679817E-01 -9.649147E-02 8.670955E-01 2.769555E-02 1.472766E-02 4.520176E+00 7.290091E+00 
4.218500E-02 5.414908E-02 3.475761E-01 1.376861E-01 -1.636938E+00 5.014200E-01 -8.217308E-02 8.023841E-01 2.935894E-02 3.871685E-03 4.748399E+00 6.249820E+00 
7.206860E-02 3.017821E-02 3.346804E-01 1.487042E-01 -1.193651E+00 2.955399E-01 -2.744807E-02 6.128853E-01 3.929256E-02 1.092252E-02 4.522975E+00 1.318128E+01 
1.250438E-01 3.413138E-02 3.484090E-01 1.657509E-01 -1.351269E+00 4.253494E-01 -2.664277E-02 8.318821E-01 3.748158E-02 0.000000E+00 3.906001E+00 1.520998E+01 
1.495812E-01 3.871477E-02 4.174059E-01 1.554814E-01 -1.594167E+00 5.314591E-01 -9.937529E-02 9.592850E-01 3.871131E-02 1.490866E-02 4.903331E+00 8.073203E+00 
6.192076E-02 2.373882E-02 3.446402E-01 1.443415E-01 -1.351556E+00 3.371879E-01 -2.806210E-02 1.066387E+00 4.695314E-02 1.482165E-02 4.417424E+00 1.211420E+01 
1.109597E-01 2.361932E-02 3.262367E-01 1.471050E-01 -1.349786E+00 4.907388E-01 -5.888535E-02 9.139323E-01 3.045619E-02 1.963886E-02 5.464193E+00 8.151224E+00 
6.272929E-02 2.214967E-02 3.630730E-01 1.536560E-01 -1.110945E+00 3.026535E-01 -6.329995E-02 1.229855E+00 3.143004E-02 2.046740E-02 0.000000E+00 4.972855E+00 
1.376053E-01 1.252236E-02 3.554184E-01 1.612748E-01 -1.214805E+00 4.012797E-01 -9.840041E-02 9.847302E-01 2.756742E-02 2.595617E-03 5.217325E+00 6.251901E+00 
1.140245E-01 3.792718E-02 3.601054E-01 1.540222E-01 -1.248188E+00 5.175395E-01 -8.728154E-02 1.019796E+00 2.612463E-02 1.078094E-02 5.025759E+00 8.141825E+00 
1.161750E-01 2.497210E-02 3.745127E-01 1.413885E-01 -1.054045E+00 4.024275E-01 -1.126699E-01 1.023884E+00 3.525305E-02 1.256630E-02 5.563634E+00 8.423549E+00 
5.701990E-02 5.688785E-02 4.113772E-01 1.509358E-01 -1.251931E+00 5.433314E-01 -8.243600E-02 8.473727E-01 3.099430E-02 1.017614E-02 5.967301E+00 8.581053E+00 
7.715792E-02 4.855784E-02 4.156410E-01 1.550335E-01 -9.150902E-01 3.073301E-01 -5.730548E-02 9.226780E-01 3.543112E-02 1.375080E-02 3.980119E+00 1.151227E+01 
1.434531E-01 4.096029E-02 3.521709E-01 1.480593E-01 -1.411808E+00 4.678093E-01 -8.257490E-02 9.219570E-01 2.654936E-02 4.710928E-03 5.253519E+00 7.855161E+00 
1.213654E-01 2.600654E-02 2.914982E-01 1.507686E-01 -1.113588E+00 4.997871E-01 -7.203488E-02 1.015629E+00 3.363827E-02 9.086102E-03 3.166779E+00 6.471392E+00 
1.472657E-01 1.533059E-02 3.678488E-01 1.638043E-01 -1.359635E+00 5.021031E-01 -8.705978E-02 8.390060E-01 3.273702E-02 2.737859E-03 4.057367E+00 8.779555E+00 
7.256653E-02 1.570712E-02 3.102671E-01 1.534052E-01 -1.338655E+00 3.432083E-01 -3.511985E-02 1.025726E+00 3.198353E-02 3.722861E-03 4.825835E+00 1.181428E+01 
8.658474E-02 2.676295E-02 3.352705E-01 1.554551E-01 -9.984916E-01 4.062223E-01 -5.536182E-02 7.514818E-01 2.898642E-02 9.258616E-03 3.267789E+00 5.945320E+00 
1.361891E-01 2.871444E-02 2.736251E-01 1.587922E-01 -1.434613E+00 2.862627E-01 -5.800043E-02 8.475278E-01 3.253491E-02 1.020282E-02 5.002129E+00 1.272389E+01 
1.115417E-01 1.985579E-02 2.977564E-01 1.403367E-01 -1.441808E+00 4.494427E-01 -8.598197E-02 7.560051E-01 3.214880E-02 3.544979E-03 3.033840E+00 6.090903E+00 
1.357644E-01 3.049998E-02 3.782245E-01 1.685081E-01 -1.487512E+00 5.676777E-01 -6.923813E-02 8.982900E-01 3.868465E-02 4.646426E-03 2.815134E+00 9.399438E+00 
1.092451E-01 4.624258E-02 2.656262E-01 1.548530E-01 -1.362300E+00 4.251450E-01 -7.586815E-02 1.078959E+00 3.061393E-02 6.746657E-03 4.403468E+00 1.000858E+01 
1.090957E-01 8.915858E-02 3.655656E-01 1.437073E-01 -9.354611E-01 5.937797E-01 -3.850572E-02 9.293371E-01 3.226969E-02 1.326515E-02 4.979217E+00 9.472489E+00 
7.232788E-02 7.770417E-02 4.681848E-01 1.387168E-01 -1.407094E+00 3.276291E-01 -8.183372E-02 1.103300E+00 5.530784E-02 1.785541E-02 4.645315E+00 4.368661E+00 
1.030639E-01 4.901683E-02 3.301985E-01 1.349813E-01 -1.350002E+00 3.535435E-01 -8.878378E-02 5.903461E-01 2.859128E-02 5.263984E-03 4.471729E+00 1.061600E+01 
1.360554E-01 2.536268E-02 3.796566E-01 1.496116E-01 -1.293528E+00 4.730388E-01 -6.022412E-02 9.337356E-01 2.944823E-02 4.631981E-03 3.446906E+00 1.166394E+01 
1.377464E-01 2.753518E-02 3.665592E-01 1.620587E-01 -1.481086E+00 5.264794E-01 -5.543811E-02 9.094043E-01 2.469660E-02 4.865870E-03 4.893585E+00 9.199478E+00 
6.635852E-02 8.412897E-02 3.382092E-01 1.450591E-01 -9.357308E-01 4.867514E-01 -6.202289E-02 1.171599E+00 5.112544E-02 1.005881E-02 2.638482E+00 4.381672E+00 
7.655157E-02 7.259975E-02 3.071737E-01 1.451537E-01 -1.035141E+00 4.634572E-01 -3.162163E-02 9.245645E-01 2.545172E-02 2.153047E-02 5.226423E+00 8.864814E+00 
1.022683E-01 6.144955E-02 4.030164E-01 1.529289E-01 -1.200642E+00 2.052616E-01 -5.414312E-02 9.567448E-01 1.740007E-02 4.007823E-04 4.713323E+00 5.878187E+00 
1.136498E-01 8.132958E-02 3.488543E-01 1.529818E-01 -9.562731E-01 4.310484E-01 -2.178168E-02 7.968312E-01 2.710733E-02 1.140032E-02 4.715037E+00 8.289007E+00 
1.943938E-01 3.178346E-02 3.276389E-01 1.627706E-01 -9.835154E-01 5.261705E-01 -1.131835E-01 7.815120E-01 3.013531E-02 3.404957E-03 5.194136E+00 2.000000E+01 
1.473899E-01 1.434823E-02 3.910675E-01 1.541320E-01 -1.230357E+00 4.653558E-01 -6.050167E-02 1.043590E+00 3.568838E-02 5.030464E-03 4.233555E+00 1.042222E+01 
9.961130E-02 5.212126E-02 3.750674E-01 1.349564E-01 -1.194887E+00 4.289087E-01 -4.477432E-02 1.008181E+00 3.917805E-02 1.871847E-02 6.163895E+00 9.220900E+00 
9.630060E-02 5.865616E-02 3.181071E-01 1.714623E-01 -1.340515E+00 5.254920E-01 -6.826380E-02 7.280397E-01 3.004520E-02 1.312000E-02 3.951557E+00 7.436819E+00 
1.472885E-01 2.890847E-02 3.206953E-01 1.440091E-01 -1.290112E+00 4.832566E-01 -7.520704E-02 1.005014E+00 3.688308E-02 9.084802E-04 3.840435E+00 1.128717E+01 
1.277570E-01 2.928477E-02 3.615428E-01 1.628934E-01 -1.233785E+00 4.068526E-01 -2.006622E-02 8.837790E-01 3.304217E-02 3.160913E-03 3.604008E+00 8.966632E+00 
1.292073E-01 4.275649E-02 3.738233E-01 1.463195E-01 -1.121173E+00 4.431084E-01 -1.163799E-01 1.023494E+00 3.295067E-02 4.938238E-03 5.369619E+00 7.297621E+00 
5.521516E-02 4.537690E-02 3.742711E-01 1.501526E-01 -1.037138E+00 4.055802E-01 -7.150944E-02 1.096310E+00 3.126892E-02 2.053803E-02 4.588699E+00 6.839529E+00 
1.237790E-01 3.305476E-02 3.660232E-01 1.668551E-01 -1.292120E+00 4.311176E-01 -2.187965E-02 9.740033E-01 3.025843E-02 5.587412E-04 3.714253E+00 9.007511E+00 
8.389120E-02 2.982192E-02 3.526200E-01 1.524768E-01 -1.107414E+00 5.192108E-01 -6.268094E-02 1.027058E+00 3.164841E-02 1.677348E-02 5.428453E+00 7.965705E+00 
1.644242E-01 2.323521E-03 4.031188E-01 1.545871E-01 -1.890296E+00 5.985869E-01 -6.145135E-02 8.402485E-01 2.892319E-02 2.176752E-03 4.874365E+00 8.381232E+00 
1.765844E-01 2.766079E-02 3.698475E-01 1.786093E-01 -1.566624E+00 3.943131E-01 -1.051323E-01 7.275027E-01 3.347698E-02 1.135696E-03 3.946291E+00 1.071839E+01 
1.187776E-01 1.809627E-02 3.744569E-01 1.323734E-01 -1.205854E+00 4.336365E-01 -3.490721E-02 1.005264E+00 2.307917E-02 5.972153E-03 4.845957E+00 1.116647E+01 
1.414876E-01 4.194763E-02 2.833741E-01 1.532647E-01 -1.289173E+00 5.527814E-01 -7.546238E-02 8.980976E-01 3.484326E-02 8.009685E-03 3.792248E+00 9.295209E+00 
1.756326E-01 1.417434E-02 3.819067E-01 1.654982E-01 -1.557534E+00 6.000000E-01 -1.601490E-01 8.423081E-01 3.506240E-02 2.317869E-03 4.150118E+00 9.632375E+00 
1.007992E-01 5.603301E-02 3.599097E-01 1.530907E-01 -1.002931E+00 4.164842E-01 -1.364447E-01 9.814731E-01 1.733684E-02 1.058444E-02 5.137583E+00 7.268357E+00 
7.001497E-02 4.160433E-02 3.202897E-01 1.352521E-01 -1.308815E+00 4.255780E-01 -5.578717E-02 1.191476E+00 3.868482E-02 2.441587E-03 3.686073E+00 1.566246E+01 
1.055682E-01 5.124139E-02 4.192818E-01 1.565258E-01 -1.032042E+00 2.430400E-01 -5.610988E-02 9.229066E-01 3.546873E-02 9.912611E-03 4.211627E+00 8.470923E+00 
1.137965E-01 3.327429E-02 3.820818E-01 1.586873E-01 -1.144787E+00 4.380215E-01 -6.889508E-02 9.240226E-01 2.132177E-02 3.287649E-03 5.339121E+00 6.482852E+00 
5.036895E-02 1.109844E-02 3.419628E-01 1.509443E-01 -1.333090E+00 3.893491E-01 -3.303721E-02 9.338888E-01 3.250939E-02 1.854678E-03 3.971260E+00 1.486633E+01 
9.989921E-02 3.841545E-02 3.765734E-01 1.609735E-01 -1.346966E+00 4.498090E-01 -4.745262E-02 1.069266E+00 2.893420E-02 1.997307E-04 4.174236E+00 8.278037E+00 
1.418124E-01 5.445915E-02 3.850036E-01 1.458654E-01 -1.376948E+00 4.489138E-01 -5.765704E-02 9.351556E-01 2.831336E-02 2.887891E-03 4.169537E+00 7.757688E+00 
1.022766E-01 3.251321E-02 3.217328E-01 1.585283E-01 -1.297291E+00 4.692323E-01 -1.000000E-02 5.784123E-01 2.925511E-02 3.408965E-03 3.258930E+00 1.044273E+01 
4.103329E-02 1.877536E-02 3.124852E-01 1.628348E-01 -1.359582E+00 3.989012E-01 -3.972503E-02 1.015446E+00 4.093395E-02 4.480300E-03 4.131898E+00 1.123175E+01 
6.237637E-02 8.285037E-02 3.153144E-01 1.635950E-01 -1.450818E+00 4.414041E-01 -5.385474E-02 9.256728E-01 4.294137E-02 7.212299E-03 2.809321E+00 9.446766E+00 
5.688306E-02 5.479231E-02 3.389999E-01 1.460190E-01 -8.414205E-01 3.084995E-01 -1.177963E-02 1.050330E+00 4.307475E-02 9.229988E-03 4.514976E+00 5.764173E+00 
9.872660E-02 5.891433E-02 3.356653E-01 1.409392E-01 -1.413571E+00 4.286587E-01 -6.381828E-02 1.167358E+00 3.502641E-02 2.070443E-02 4.964862E+00 9.158973E+00 
1.127376E-02 3.119666E-02 3.141821E-01 1.371661E-01 -1.229723E+00 4.709471E-01 -5.006080E-02 8.494375E-01 2.530710E-02 3.044335E-03 3.600057E+00 9.533099E+00 
8.196950E-02 3.910699E-02 3.272092E-01 1.599952E-01 -1.214389E+00 4.458591E-01 -5.564051E-02 9.690727E-01 3.378987E-02 3.001158E-03 3.988710E+00 1.028782E+01 
1.657253E-01 2.053989E-02 3.640047E-01 1.644026E-01 -1.218663E+00 5.942091E-01 -1.298917E-01 8.466237E-01 2.866422E-02 1.668447E-03 4.079813E+00 9.398378E+00 
1.346601E-01 3.546733E-02 3.531605E-01 1.650964E-01 -1.075012E+00 2.844346E-01 -2.747938E-02 1.081903E+00 2.578685E-02 1.629664E-02 5.638194E+00 1.082020E+01 
1.558956E-01 4.783655E-03 3.624083E-01 1.613670E-01 -1.436547E+00 5.560660E-01 -5.670818E-02 9.305346E-01 2.756401E-02 5.444151E-03 4.580409E+00 6.567843E+00 
1.166051E-01 1.361182E-02 3.172738E-01 1.593594E-01 -1.850382E+00 4.158690E-01 -1.304302E-01 9.835395E-01 3.295021E-02 3.215397E-03 4.150590E+00 7.739982E+00 
9.974356E-02 5.588645E-02 3.395069E-01 1.429571E-01 -1.372681E+00 4.190197E-01 -9.170979E-02 9.694834E-01 3.021407E-02 1.813732E-02 4.873769E+00 1.007286E+01 
1.167711E-01 4.210477E-02 3.595879E-01 1.335443E-01 -1.172696E+00 4.315847E-01 -1.153017E-01 8.679781E-01 2.555054E-02 1.688042E-02 4.201686E+00 7.334304E+00 
1.340256E-01 1.838964E-02 3.518723E-01 1.919507E-01 -1.596170E+00 5.746915E-01 -9.141243E-02 9.810963E-01 3.208932E-02 2.274211E-03 5.020533E+00 1.480620E+01 
1.362499E-01 2.596588E-02 4.189121E-01 1.579751E-01 -1.173874E+00 4.908419E-01 -6.727737E-02 8.055207E-01 3.683369E-02 1.296154E-02 3.342552E+00 1.098082E+01 
1.332338E-01 1.000000E-04 3.608374E-01 1.669952E-01 -1.673680E+00 5.309063E-01 -1.000000E-02 9.809080E-01 3.032311E-02 7.360554E-03 2.995255E+00 8.888860E+00 
1.066862E-01 5.201969E-02 3.695354E-01 1.423090E-01 -1.027038E+00 4.481603E-01 -5.209620E-02 9.051306E-01 3.546550E-02 1.081222E-02 4.079893E+00 6.307775E+00 
1.388188E-01 4.162477E-02 3.611182E-01 1.578397E-01 -1.181684E+00 5.204068E-01 -7.043752E-02 8.409842E-01 2.691767E-02 4.325045E-03 5.501278E+00 1.208776E+01 
1.343577E-01 1.019959E-02 4.045819E-01 1.565775E-01 -1.202520E+00 5.504577E-01 -1.247140E-01 1.026806E+00 3.164951E-02 3.915644E-03 4.753328E+00 5.749236E+00 
6.980492E-02 5.112396E-02 3.554905E-01 1.493628E-01 -8.185222E-01 2.957528E-01 -9.491641E-02 1.035813E+00 3.512819E-02 2.749875E-02 5.996957E+00 9.190536E+00 
1.109300E-01 3.818679E-02 3.038611E-01 1.533220E-01 -1.463385E+00 3.242365E-01 -9.860321E-02 9.183568E-01 2.229952E-02 3.254678E-03 5.270265E+00 9.467753E+00 
1.287477E-01 1.147014E-02 3.888474E-01 1.617701E-01 -1.220729E+00 4.256219E-01 -4.120977E-02 8.313742E-01 2.826612E-02 3.982673E-03 4.545575E+00 7.088707E+00 
1.392185E-01 2.758431E-02 3.253754E-01 1.603034E-01 -1.528855E+00 4.726577E-01 -1.016315E-01 1.104300E+00 2.824418E-02 3.170252E-03 4.296877E+00 8.980736E+00 
1.136526E-01 5.223801E-02 3.183398E-01 1.521682E-01 -1.251907E+00 4.412730E-01 -6.589849E-02 9.118713E-01 2.806449E-02 7.289692E-03 4.651526E+00 1.110771E+01 
1.013537E-01 4.106652E-02 3.427270E-01 1.381165E-01 -1.247923E+00 3.041427E-01 -5.776860E-02 8.450087E-01 2.642848E-02 7.954210E-03 4.319019E+00 8.684337E+00 
1.089237E-01 2.912310E-02 3.403170E-01 1.340567E-01 -1.264038E+00 4.072452E-01 -3.407950E-02 1.084513E+00 2.867995E-02 1.599384E-03 4.644449E+00 8.585227E+00 
1.333179E-01 4.197756E-02 3.122663E-01 1.500094E-01 -1.378587E+00 2.419644E-01 -3.738031E-02 1.074505E+00 2.787678E-02 9.566495E-03 4.424532E+00 1.254913E+01 
1.192425E-01 2.625412E-02 3.627747E-01 1.636471E-01 -1.255528E+00 4.156608E-01 -2.209965E-02 1.006314E+00 2.651918E-02 6.256593E-03 3.319529E+00 8.976679E+00 
1.279646E-01 3.363426E-02 3.443239E-01 1.940655E-01 -1.245975E+00 5.005062E-01 -8.877364E-02 9.253654E-01 3.101972E-02 2.263287E-03 5.084774E+00 6.410484E+00 
1.082205E-01 3.524137E-02 3.641773E-01 1.516379E-01 -1.196399E+00 3.268528E-01 -2.626518E-02 1.067222E+00 2.819670E-02 4.991640E-03 4.799377E+00 1.023405E+01 
1.026232E-02 4.379718E-02 3.549023E-01 1.351074E-01 -1.174359E+00 2.823953E-01 -1.096724E-02 8.986219E-01 3.329582E-02 7.428208E-03 3.966933E+00 9.922836E+00 
1.458594E-01 1.250497E-02 3.438408E-01 1.608792E-01 -1.099941E+00 4.954850E-01 -1.164828E-01 5.588729E-01 4.092350E-02 1.712677E-02 5.364422E+00 3.374362E+00 
1.060112E-01 6.153635E-02 3.203981E-01 1.594600E-01 -1.430495E+00 2.544464E-01 -1.546887E-01 9.456397E-01 2.683785E-02 2.415927E-03 5.264668E+00 9.379466E+00 
1.500738E-01 4.597061E-02 3.834617E-01 1.553075E-01 -1.433825E+00 5.410779E-01 -1.615180E-02 1.009643E+00 3.223721E-02 6.266367E-04 4.326819E+00 9.306325E+00 
1.443749E-01 1.487449E-02 3.831222E-01 1.615652E-01 -1.107084E+00 4.657235E-01 -9.426912E-02 9.447836E-01 3.538991E-02 4.038746E-03 4.338323E+00 6.356519E+00 
1.378677E-01 3.266312E-02 3.663454E-01 1.556903E-01 -1.418757E+00 3.989819E-01 -3.483978E-02 7.499848E-01 3.411958E-02 8.786157E-04 4.441272E+00 1.052204E+01 
7.622712E-02 2.385668E-02 3.376292E-01 1.473674E-01 -1.313360E+00 4.458527E-01 -8.560639E-02 8.762590E-01 3.102020E-02 8.285983E-03 3.897147E+00 1.001143E+01 
