9.582660E-02 3.774717E-02 3.660664E-01 1.671656E-01 -1.225945E+00 6.000000E-01 -9.257113E-02 8.372936E-01 3.529377E-02 2.703312E-02 4.506250E+00 1.082150E+01 
1.089622E-01 4.600001E-02 3.343485E-01 1.441635E-01 -1.185142E+00 4.841755E-01 -9.557443E-02 9.210910E-01 3.634490E-02 4.175651E-03 3.619169E+00 1.183354E+01 
1.523120E-01 3.815749E-03 3.548688E-01 1.690434E-01 -1.906859E+00 6.000000E-01 -2.598327E-02 1.324717E+00 3.178617E-02 2.715342E-03 3.203534E+00 7.584173E+00 
1.776227E-01 6.169695E-02 4.305396E-01 1.497967E-01 -1.237191E+00 4.650025E-01 -9.165290E-02 9.790125E-01 2.701094E-02 4.190733E-03 5.157248E+00 8.502425E+00 
7.611718E-02 7.671018E-02 3.750620E-01 1.680843E-01 -1.350848E+00 5.087726E-01 -8.488508E-02 1.058073E+00 5.609762E-02 8.897515E-03 5.291421E+00 5.534197E+00 
6.051917E-02 3.664292E-02 2.857084E-01 1.596219E-01 -9.389350E-01 4.766052E-01 -1.091629E-01 9.080827E-01 2.268454E-02 2.584449E-02 3.455394E+00 8.333835E+00 
9.366263E-02 4.045538E-02 3.438143E-01 1.421562E-01 -1.223139E+00 4.255771E-01 -7.490308E-02 9.149469E-01 3.429013E-02 1.165808E-03 5.149535E+00 1.581236E+01 
1.730651E-01 2.978152E-02 3.787441E-01 1.607928E-01 -1.404573E+00 5.005517E-01 -1.058012E-01 1.032399E+00 3.424859E-02 3.057466E-03 4.484693E+00 7.436780E+00 
4.100144E-02 7.352080E-03 3.732121E-01 1.751573E-01 -1.450545E+00 3.843202E-01 -5.616989E-02 1.075466E+00 3.261466E-02 5.900944E-03 1.825627E+00 1.014042E+01 
5.046751E-02 4.721360E-02 3.543234E-01 1.537560E-01 -1.392716E+00 4.854127E-01 -7.073958E-02 9.961741E-01 2.679104E-02 6.609231E-03 3.921273E+00 9.127033E+00 
1.429172E-01 2.858449E-02 3.834448E-01 1.613560E-01 -1.328220E+00 4.816088E-01 -1.230344E-01 1.034718E+00 2.721737E-02 2.107799E-03 4.308459E+00 6.445724E+00 
8.051207E-02 2.943239E-02 3.205043E-01 1.378110E-01 -1.260045E+00 5.532561E-01 -1.024549E-01 8.620008E-01 3.391833E-02 7.312512E-03 3.282102E+00 1.143398E+01 
1.438282E-01 1.881102E-02 3.881716E-01 1.625746E-01 -1.829714E+00 5.561732E-01 -1.358943E-01 1.111220E+00 3.064558E-02 1.319465E-03 4.726260E+00 5.469883E+00 
1.493035E-01 8.195945E-03 3.839732E-01 1.576111E-01 -1.513443E+00 4.765363E-01 -7.333332E-02 6.810356E-01 3.311345E-02 3.903816E-03 3.884542E+00 7.014178E+00 
1.249500E-01 3.579554E-02 3.563048E-01 1.555674E-01 -1.250009E+00 4.569383E-01 -7.261064E-02 9.952539E-01 3.253497E-02 4.298272E-03 4.639906E+00 6.153058E+00 
7.881654E-02 7.525178E-02 3.110462E-01 1.421018E-01 -1.286863E+00 3.037693E-01 -4.275962E-02 1.088992E+00 4.988382E-02 6.040197E-03 5.090872E+00 7.721624E+00 
1.199083E-01 3.114999E-02 3.525422E-01 1.584541E-01 -1.114986E+00 2.876895E-01 -4.443330E-02 8.332588E-01 3.245498E-02 2.941130E-04 3.453318E+00 1.167452E+01 
1.663796E-01 2.748704E-02 3.266443E-01 1.542077E-01 -1.388116E+00 5.774439E-01 -1.955227E-01 8.560655E-01 3.112805E-02 2.540353E-03 5.378255E+00 8.344342E+00 
6.629095E-02 4.909715E-02 3.741708E-01 1.433540E-01 -1.414130E+00 4.061089E-01 -4.032168E-02 8.709189E-01 2.713822E-02 1.254640E-02 4.272873E+00 1.053285E+01 
1.340246E-01 7.818583E-03 3.547463E-01 1.521300E-01 -1.405829E+00 4.628638E-01 -8.121008E-02 9.623484E-01 2.933845E-02 7.370948E-03 4.594901E+00 1.174598E+01 
1.006039E-01 2.286253E-02 3.873026E-01 1.672151E-01 -1.353150E+00 4.766251E-01 -8.112349E-02 1.031915E+00 3.049141E-02 2.844098E-03 4.290801E+00 1.104338E+01 
1.450379E-01 1.405719E-02 2.827296E-01 1.495588E-01 -1.366640E+00 5.589300E-01 -1.202386E-01 8.983909E-01 3.705408E-02 1.148599E-02 3.973319E+00 9.414942E+00 
1.336335E-01 6.012064E-03 4.026068E-01 1.529696E-01 -1.181345E+00 4.703733E-01 -7.722551E-02 9.770462E-01 2.615208E-02 1.077072E-02 2.922798E+00 4.478155E+00 
2.386219E-02 3.326460E-02 3.437213E-01 1.503596E-01 -1.220966E+00 3.631384E-01 -4.832224E-02 8.852870E-01 3.492987E-02 1.927113E-02 4.517501E+00 9.072148E+00 
1.240805E-01 1.932572E-02 3.381392E-01 1.361663E-01 -6.733931E-01 4.059277E-01 -5.366183E-02 8.447436E-01 2.875257E-02 5.974243E-03 3.859955E+00 5.370829E+00 
1.157674E-01 3.083642E-02 3.262273E-01 1.602453E-01 -1.459792E+00 5.985498E-01 -6.026959E-02 8.143739E-01 3.856961E-02 7.061709E-03 3.665409E+00 5.838896E+00 
6.510947E-02 4.671231E-02 2.993759E-01 1.491334E-01 -1.105410E+00 3.324892E-01 -4.039441E-02 1.000378E+00 3.353079E-02 8.604776E-03 5.830282E+00 1.121684E+01 
1.372673E-01 8.427746E-04 3.803262E-01 1.675543E-01 -1.107890E+00 4.443731E-01 -5.125268E-02 1.003054E+00 4.953458E-02 2.998147E-03 4.573535E+00 9.518002E+00 
5.741245E-02 2.125600E-02 3.452726E-01 1.506332E-01 -1.461491E+00 5.670645E-01 -4.776670E-02 9.759795E-01 2.933218E-02 2.576820E-03 2.813479E+00 5.524326E+00 
1.364837E-01 1.963637E-02 3.707602E-01 1.554315E-01 -1.373715E+00 5.241240E-01 -5.505343E-02 9.955700E-01 2.969376E-02 5.585279E-04 5.214019E+00 1.026950E+01 
1.319009E-01 2.477004E-02 3.281139E-01 1.431162E-01 -1.410115E+00 4.685645E-01 -4.892979E-02 9.507915E-01 2.750113E-02 1.692951E-03 2.898741E+00 1.097028E+01 
9.070017E-02 6.522916E-03 3.401769E-01 1.731632E-01 -1.705359E+00 5.253463E-01 -1.180422E-01 9.303652E-01 3.116231E-02 2.819878E-03 5.236619E+00 7.335484E+00 
1.070229E-01 8.049355E-02 3.532408E-01 1.603000E-01 -1.303549E+00 4.145424E-01 -9.641328E-02 9.027807E-01 5.465356E-02 4.884293E-03 5.018937E+00 2.738764E+00 
1.109757E-01 2.135135E-02 3.836250E-01 1.612062E-01 -1.886050E+00 6.000000E-01 -6.754542E-02 8.505541E-01 3.327103E-02 5.730804E-03 3.258969E+00 1.005724E+01 
9.904987E-02 3.512308E-02 3.294091E-01 1.409329E-01 -1.500101E+00 4.013251E-01 -1.034676E-01 9.157931E-01 3.146108E-02 7.116032E-03 4.533469E+00 1.226333E+01 
1.268512E-01 2.358398E-02 3.541644E-01 1.629097E-01 -1.366358E+00 4.446324E-01 -6.641176E-02 9.335431E-01 2.419552E-02 1.008205E-02 4.595857E+00 9.950809E+00 
1.114872E-01 2.640951E-02 3.187110E-01 1.621905E-01 -1.407464E+00 5.740763E-01 -1.145569E-01 9.474597E-01 3.173002E-02 0.000000E+00 4.531260E+00 4.529770E+00 
1.102526E-01 2.469701E-02 3.989329E-01 1.583284E-01 -1.405996E+00 4.489208E-01 -7.559995E-02 6.505492E-01 2.670098E-02 3.183451E-03 4.894632E+00 1.683474E+01 
6.979018E-02 4.254495E-02 3.787871E-01 1.707457E-01 -1.306862E+00 4.388891E-01 -8.968268E-02 8.679174E-01 3.676996E-02 8.784530E-03 2.312005E+00 7.032274E+00 
6.486963E-02 4.784346E-02 3.899939E-01 1.528190E-01 -1.458958E+00 4.567127E-01 -7.990742E-02 9.028735E-01 2.780691E-02 1.281330E-02 4.547028E+00 1.048869E+01 
1.653207E-01 4.198671E-02 3.483020E-01 1.762168E-01 -1.650961E+00 6.000000E-01 -9.764229E-02 8.824192E-01 2.833784E-02 1.942157E-03 4.793229E+00 1.130264E+01 
1.617100E-01 3.882070E-02 3.123001E-01 1.738112E-01 -1.517399E+00 5.677709E-01 -1.450954E-01 7.699417E-01 3.519982E-02 9.925633E-03 4.285869E+00 9.778819E+00 
7.320166E-02 7.479907E-02 3.424742E-01 1.436736E-01 -1.134051E+00 5.143593E-01 -1.056743E-01 9.443881E-01 2.855876E-02 1.709078E-02 4.643822E+00 1.496727E+01 
6.927970E-02 4.233052E-02 3.910967E-01 1.432557E-01 -1.076364E+00 5.339292E-01 -5.543698E-02 8.769326E-01 3.221057E-02 1.790515E-02 3.225848E+00 8.629893E+00 
1.611388E-01 1.561288E-02 3.387768E-01 1.422852E-01 -1.311089E+00 5.433796E-01 -6.075964E-02 9.446877E-01 2.850990E-02 7.889572E-03 4.280435E+00 1.165918E+01 
7.642168E-02 5.274492E-02 3.010678E-01 1.651092E-01 -1.532052E+00 3.790080E-01 -6.245494E-02 8.838549E-01 3.136003E-02 9.103060E-03 4.245869E+00 8.406316E+00 
7.064072E-02 1.000000E-04 3.689756E-01 1.315135E-01 -1.258362E+00 5.921846E-01 -1.488795E-01 9.987856E-01 2.523030E-02 2.428817E-03 3.669144E+00 7.314818E+00 
9.634970E-02 2.319326E-02 2.973657E-01 1.533626E-01 -1.334674E+00 5.753221E-01 -1.177611E-01 9.873551E-01 3.415680E-02 1.007673E-02 4.285865E+00 8.789462E+00 
1.550868E-01 1.821873E-02 3.736874E-01 1.773502E-01 -1.332147E+00 5.697654E-01 -1.234237E-01 8.928233E-01 2.699796E-02 6.339759E-03 5.696928E+00 8.796603E+00 
1.249982E-01 1.771126E-02 3.670702E-01 1.765656E-01 -1.313744E+00 4.263540E-01 -1.160858E-01 1.024193E+00 2.973242E-02 6.476591E-03 4.376796E+00 1.026430E+01 
1.382760E-01 4.004256E-02 3.025809E-01 1.519331E-01 -1.451274E+00 4.894888E-01 -8.368714E-02 9.919225E-01 3.478825E-02 4.534053E-03 4.453296E+00 9.517308E+00 
3.753251E-02 5.893663E-02 3.848517E-01 1.446874E-01 -1.258214E+00 2.794798E-01 -8.574050E-02 8.467145E-01 2.902853E-02 5.467283E-03 3.190723E+00 1.256825E+01 
9.187788E-02 5.956343E-02 3.320327E-01 1.473934E-01 -8.237047E-01 4.726712E-01 -1.081431E-01 8.589820E-01 2.624545E-02 2.671746E-02 4.465731E+00 7.369318E+00 
1.291613E-01 1.750775E-02 3.459979E-01 1.496302E-01 -1.123115E+00 5.188090E-01 -1.479137E-01 9.212716E-01 2.471042E-02 1.575981E-02 4.854245E+00 8.369238E+00 
9.846479E-02 9.762488E-03 3.539919E-01 1.768626E-01 -1.297319E+00 3.568336E-01 -6.374168E-02 1.079651E+00 3.636276E-02 1.310439E-02 2.446252E+00 6.563646E+00 
1.202688E-01 2.835998E-02 3.462373E-01 1.626900E-01 -1.341687E+00 3.055526E-01 -1.424111E-01 8.384752E-01 3.515707E-02 1.142916E-02 4.924475E+00 1.355826E+01 
1.119245E-01 4.869190E-03 3.470346E-01 1.683946E-01 -1.285691E+00 5.238594E-01 -6.167019E-02 8.534247E-01 3.074354E-02 4.045590E-03 4.815468E+00 1.405641E+01 
9.680857E-02 2.560536E-02 3.428439E-01 1.511765E-01 -1.116743E+00 4.310799E-01 -3.100109E-02 9.480576E-01 2.885208E-02 1.009573E-02 2.685465E+00 5.231388E+00 
1.185842E-01 5.247429E-02 3.078762E-01 1.541867E-01 -1.461480E+00 4.433311E-01 -5.738810E-02 8.674776E-01 3.304418E-02 6.318686E-03 2.888811E+00 9.956372E+00 
3.427525E-02 3.587231E-02 2.892720E-01 1.355704E-01 -1.227158E+00 4.088300E-01 -5.565229E-02 9.635592E-01 2.753325E-02 1.320683E-02 5.819432E+00 3.651960E+00 
1.045391E-01 3.351375E-02 3.872681E-01 1.473907E-01 -1.254662E+00 4.510781E-01 -1.015161E-01 8.888272E-01 3.632394E-02 2.492141E-02 4.608456E+00 9.753200E+00 
1.569198E-01 1.596306E-02 3.426867E-01 1.658408E-01 -1.309360E+00 4.549911E-01 -4.060434E-02 7.298831E-01 3.087161E-02 3.862082E-03 4.088179E+00 8.761905E+00 
1.418754E-01 5.605553E-03 3.612920E-01 1.496978E-01 -1.540037E+00 4.309700E-01 -6.650306E-02 9.907199E-01 2.673410E-02 8.214956E-03 3.425884E+00 1.154797E+01 
1.774838E-01 5.250240E-02 4.006457E-01 1.561460E-01 -1.203009E+00 3.786141E-01 -1.616022E-01 9.689389E-01 3.261377E-02 0.000000E+00 4.526902E+00 8.485523E+00 
1.225699E-01 5.133675E-02 3.299742E-01 1.536537E-01 -1.099194E+00 4.416905E-01 -1.179425E-01 1.003241E+00 3.469441E-02 3.072675E-02 6.251140E+00 5.237704E+00 
1.424056E-01 1.000000E-04 3.083090E-01 1.551612E-01 -1.359810E+00 5.833035E-01 -1.141061E-01 8.315881E-01 3.270615E-02 5.507888E-03 5.159919E+00 8.619575E+00 
1.307048E-01 4.144112E-02 3.475343E-01 1.683006E-01 -1.168574E+00 4.966449E-01 -1.130345E-01 7.476967E-01 3.109138E-02 2.277712E-02 4.028078E+00 1.185031E+01 
4.754071E-02 1.114091E-02 3.533878E-01 1.566543E-01 -1.492645E+00 4.922214E-01 -9.133798E-02 9.504613E-01 2.943999E-02 0.000000E+00 4.898252E+00 1.186878E+01 
1.637065E-01 1.701743E-02 3.696761E-01 1.602172E-01 -1.478663E+00 5.670759E-01 -9.954706E-02 8.490602E-01 2.513924E-02 8.859481E-03 4.680759E+00 6.066744E+00 
1.573087E-01 6.060207E-02 3.361126E-01 1.401688E-01 -1.477372E+00 4.725924E-01 -5.282597E-02 8.073954E-01 2.313678E-02 8.371620E-03 4.713887E+00 3.815331E+00 
1.065884E-01 1.010743E-02 3.541380E-01 1.620981E-01 -1.438920E+00 5.629631E-01 -6.552171E-02 1.053546E+00 2.442730E-02 1.100326E-02 4.486093E+00 6.834972E+00 
1.721020E-01 1.802930E-02 3.718416E-01 1.606718E-01 -1.334117E+00 5.394630E-01 -1.016686E-01 7.913741E-01 2.707893E-02 1.107847E-02 5.048833E+00 1.051552E+01 
1.400790E-01 2.690621E-02 3.580156E-01 1.596741E-01 -1.444754E+00 5.742939E-01 -1.087887E-01 1.138385E+00 2.595696E-02 8.030607E-03 4.949256E+00 9.325698E+00 
8.076545E-02 2.137726E-02 3.250995E-01 1.597702E-01 -1.572382E+00 3.540555E-01 -4.832192E-02 7.068010E-01 2.517845E-02 5.482630E-03 4.542184E+00 7.433399E+00 
1.749756E-01 7.050767E-03 3.500268E-01 1.736579E-01 -1.694042E+00 6.000000E-01 -1.285371E-01 9.409526E-01 3.257898E-02 3.927590E-03 4.598818E+00 9.359581E+00 
1.761081E-01 4.515999E-03 3.720408E-01 1.699564E-01 -1.415939E+00 4.984616E-01 -1.084857E-01 9.221755E-01 3.003733E-02 9.253382E-03 6.009544E+00 1.046506E+01 
1.402885E-01 1.658874E-02 2.890930E-01 1.580361E-01 -1.474522E+00 5.746364E-01 -9.907517E-02 1.023052E+00 2.830496E-02 1.685689E-03 4.928114E+00 8.607383E+00 
7.830662E-02 2.677834E-02 3.712238E-01 1.581193E-01 -1.395546E+00 4.207429E-01 -3.839009E-02 9.171293E-01 4.027278E-02 3.503914E-03 5.347388E+00 8.268513E+00 
1.378461E-01 1.804378E-02 3.575557E-01 1.548070E-01 -1.202474E+00 5.527491E-01 -9.863103E-02 8.644736E-01 3.088059E-02 6.842816E-03 4.610618E+00 9.977765E+00 
1.102546E-01 1.441213E-02 3.783808E-01 1.544181E-01 -1.440267E+00 4.497296E-01 -4.723634E-02 1.044464E+00 3.776476E-02 2.282559E-02 4.980290E+00 9.208347E+00 
9.292095E-02 1.740709E-02 3.387349E-01 1.588855E-01 -1.410456E+00 3.889526E-01 -3.832899E-02 8.865880E-01 3.234659E-02 3.376998E-03 5.533477E+00 9.058140E+00 
9.514245E-02 3.825455E-02 3.455067E-01 1.454636E-01 -1.205334E+00 3.029060E-01 -1.960897E-02 9.677708E-01 2.901104E-02 4.383798E-03 4.035557E+00 7.885834E+00 
1.214559E-01 2.645089E-02 3.794590E-01 1.607939E-01 -1.249509E+00 3.998053E-01 -6.859851E-02 1.028485E+00 2.850687E-02 8.732177E-03 4.696555E+00 8.682877E+00 
6.466030E-02 1.433103E-02 2.520659E-01 1.520264E-01 -1.408507E+00 5.892449E-01 -1.068807E-01 9.753580E-01 2.842354E-02 1.081642E-02 3.709155E+00 1.031931E+01 
1.440619E-01 4.247077E-02 4.047297E-01 1.495328E-01 -1.154192E+00 5.049773E-01 -1.460140E-01 7.416413E-01 2.854763E-02 1.468745E-03 4.444921E+00 8.374813E+00 
1.517429E-01 5.791618E-02 3.226908E-01 1.642804E-01 -1.432090E+00 5.030775E-01 -7.112982E-02 1.071746E+00 1.890229E-02 1.851649E-03 4.125059E+00 9.455843E+00 
7.902912E-02 3.221730E-02 3.672943E-01 1.516322E-01 -1.321513E+00 3.222784E-01 -3.729461E-02 1.029714E+00 3.137596E-02 1.451872E-02 5.620552E+00 7.771016E+00 
1.506597E-01 1.567703E-02 3.633279E-01 1.576203E-01 -1.364354E+00 5.247376E-01 -5.045394E-02 9.689829E-01 3.541013E-02 0.000000E+00 4.429617E+00 8.728914E+00 
1.541004E-01 4.472340E-02 3.404289E-01 1.445253E-01 -1.302345E+00 5.684998E-01 -8.073862E-02 8.461062E-01 3.285914E-02 8.635859E-03 4.050397E+00 5.985046E+00 
1.581172E-01 3.272070E-02 4.014540E-01 1.591473E-01 -1.141427E+00 5.327602E-01 -7.151160E-02 8.808412E-01 3.104941E-02 0.000000E+00 3.294591E+00 8.797985E+00 
5.070929E-02 4.590868E-02 3.835731E-01 1.401118E-01 -1.018183E+00 2.927302E-01 -1.492842E-02 9.401151E-01 3.403638E-02 1.395815E-02 3.852725E+00 1.237049E+01 
1.419437E-01 1.053057E-02 3.445641E-01 1.653102E-01 -1.311678E+00 3.997635E-01 -3.289551E-02 1.021396E+00 2.735776E-02 3.821717E-03 4.432595E+00 1.162106E+01 
1.574518E-01 3.162030E-02 3.525610E-01 1.547702E-01 -1.084765E+00 4.089175E-01 -1.545548E-01 9.337530E-01 4.079934E-02 2.045057E-02 5.087991E+00 6.640522E+00 
9.080695E-02 1.182412E-02 3.264325E-01 1.491133E-01 -1.473761E+00 4.173495E-01 -9.270412E-02 9.977582E-01 3.305949E-02 7.595271E-03 4.793217E+00 1.083790E+01 
5.701892E-02 1.615343E-02 4.187654E-01 1.450138E-01 -9.991127E-01 4.388871E-01 -4.490330E-02 9.869415E-01 2.834882E-02 3.663937E-03 4.490808E+00 4.728776E+00 
1.783427E-01 1.181736E-02 3.421697E-01 1.644846E-01 -1.207737E+00 6.000000E-01 -9.711108E-02 7.869976E-01 2.110698E-02 2.763153E-03 4.983819E+00 8.538704E+00 
1.559735E-01 3.031340E-02 3.376513E-01 1.577459E-01 -1.480548E+00 5.429083E-01 -1.150973E-01 1.052039E+00 2.886636E-02 4.339375E-03 5.145444E+00 7.788989E+00 
1.639940E-01 1.489695E-02 3.711724E-01 1.679370E-01 -1.451012E+00 5.770114E-01 -1.317997E-01 8.385305E-01 3.098988E-02 3.385240E-03 3.713905E+00 8.506774E+00 
1.498213E-01 2.662335E-02 4.102424E-01 1.475918E-01 -1.434831E+00 4.668734E-01 -8.869209E-02 9.939236E-01 2.932586E-02 5.328819E-03 4.527527E+00 8.405574E+00 
8.140314E-02 2.518351E-02 3.447696E-01 1.654432E-01 -1.532542E+00 5.660515E-01 -9.780667E-02 8.596265E-01 3.025064E-02 4.285728E-03 4.961069E+00 9.600631E+00 
1.222327E-01 4.040060E-02 3.156218E-01 1.403738E-01 -1.216401E+00 3.456396E-01 -2.449200E-02 9.178654E-01 3.123387E-02 1.136738E-02 4.175101E+00 1.077533E+01 
5.948622E-02 5.315037E-02 2.809478E-01 1.563215E-01 -1.395229E+00 4.199548E-01 -4.918723E-02 6.890391E-01 3.489048E-02 9.712050E-03 3.078949E+00 1.170948E+01 
6.656250E-02 2.239048E-02 4.071536E-01 1.540446E-01 -1.136594E+00 5.492221E-01 -7.911406E-02 9.164896E-01 2.544610E-02 1.160682E-02 4.220184E+00 5.538424E+00 
9.699129E-02 3.098980E-02 2.788702E-01 1.621785E-01 -1.342208E+00 4.307225E-01 -3.213174E-02 9.706075E-01 2.719232E-02 9.494819E-03 4.878389E+00 9.744112E+00 
8.298676E-02 2.160763E-02 3.377515E-01 1.484723E-01 -1.325337E+00 3.566661E-01 -9.470326E-02 9.215367E-01 3.036772E-02 2.288210E-03 4.767014E+00 1.472247E+01 
3.932513E-02 3.426817E-02 3.103719E-01 1.584089E-01 -1.159470E+00 3.942375E-01 -7.673014E-02 8.887452E-01 3.078329E-02 8.455241E-03 4.438421E+00 1.323056E+01 
1.437640E-01 3.422302E-02 3.596301E-01 1.678970E-01 -1.136183E+00 4.197040E-01 -4.960802E-02 8.105821E-01 2.415063E-02 2.707866E-03 4.132369E+00 9.503438E+00 
1.301405E-01 3.877531E-02 3.534469E-01 1.562888E-01 -1.228433E+00 3.647762E-01 -1.604811E-02 1.042543E+00 2.729052E-02 1.211577E-02 4.721872E+00 6.850355E+00 
1.147785E-01 3.052102E-03 3.088233E-01 1.614280E-01 -1.308574E+00 5.430100E-01 -9.634350E-02 9.910496E-01 2.738882E-02 6.216253E-03 4.692599E+00 6.587238E+00 
9.420832E-02 4.006996E-02 3.548617E-01 1.551778E-01 -1.135323E+00 5.129187E-01 -2.941341E-02 8.619030E-01 3.072580E-02 5.952435E-03 4.334819E+00 4.133050E+00 
6.542239E-02 3.682717E-02 3.422785E-01 1.556984E-01 -1.266951E+00 3.981311E-01 -7.322526E-02 1.034391E+00 3.619975E-02 7.528543E-03 4.262805E+00 1.076474E+01 
9.828359E-02 5.736620E-02 3.494120E-01 1.467186E-01 -8.058614E-01 3.098445E-01 -3.830207E-02 8.450143E-01 3.497589E-02 7.498668E-03 3.427485E+00 8.061476E+00 
1.555003E-01 2.201066E-02 3.893873E-01 1.678032E-01 -1.080624E+00 1.725620E-01 -4.831193E-02 8.583507E-01 3.676002E-02 1.170010E-02 4.893160E+00 1.188237E+01 
5.867760E-02 5.350507E-02 3.152752E-01 1.396367E-01 -1.122474E+00 5.155501E-01 -3.793534E-02 1.032250E+00 2.633695E-02 5.663024E-03 2.909901E+00 5.848555E+00 
1.604168E-01 2.628093E-02 3.753060E-01 1.613210E-01 -1.835925E+00 4.470336E-01 -6.917545E-02 8.965088E-01 3.350959E-02 0.000000E+00 4.120879E+00 9.682924E+00 
1.386961E-01 4.081391E-02 3.254661E-01 1.546714E-01 -1.215867E+00 4.714715E-01 -7.713077E-02 9.189785E-01 2.779513E-02 8.783226E-03 3.978956E+00 7.132247E+00 
1.362574E-01 3.875815E-02 3.447512E-01 1.622078E-01 -1.316037E+00 5.133267E-01 -4.137845E-02 8.381176E-01 4.085867E-02 1.124623E-03 4.508977E+00 1.727203E+01 
1.211903E-01 1.645994E-02 3.509443E-01 1.521234E-01 -1.458860E+00 5.590364E-01 -1.360989E-01 1.065620E+00 2.338668E-02 4.307717E-03 4.681036E+00 4.956268E+00 
6.510145E-02 4.127661E-02 3.281075E-01 1.467015E-01 -1.125989E+00 3.158692E-01 -6.167695E-02 5.541261E-01 3.508836E-02 9.187605E-03 4.494979E+00 1.145400E+01 
1.376218E-01 4.278357E-02 3.555451E-01 1.598875E-01 -1.379948E+00 4.833937E-01 -9.313055E-02 7.790444E-01 2.918474E-02 2.398439E-03 4.939780E+00 8.687822E+00 
1.877531E-01 1.166973E-02 3.468293E-01 1.581542E-01 -1.114622E+00 4.563266E-01 -1.145218E-01 8.025228E-01 2.660729E-02 5.687138E-03 4.196719E+00 9.852244E+00 
1.452939E-01 1.679889E-02 3.592332E-01 1.614414E-01 -1.603206E+00 5.649013E-01 -1.314382E-01 1.055422E+00 2.868638E-02 8.759860E-03 4.192131E+00 7.587727E+00 
2.121308E-02 3.451222E-02 3.490208E-01 1.753035E-01 -1.617386E+00 5.638850E-01 -7.555599E-02 9.657291E-01 2.943349E-02 1.031256E-03 4.926318E+00 1.397260E+01 
1.475118E-01 2.663822E-02 3.770389E-01 1.618401E-01 -1.461622E+00 5.187879E-01 -1.016373E-01 8.763440E-01 3.024898E-02 2.844763E-03 4.817946E+00 9.785876E+00 
8.090170E-02 3.009896E-02 3.478906E-01 1.553951E-01 -1.440016E+00 4.682792E-01 -5.070412E-02 1.017100E+00 3.156084E-02 2.066732E-02 3.388080E+00 1.072726E+01 
1.246617E-01 9.546997E-02 3.526362E-01 1.593333E-01 -1.322474E+00 3.550701E-01 -3.644786E-02 8.610041E-01 4.944631E-02 1.056447E-02 3.908200E+00 9.047613E+00 
7.420235E-02 3.594031E-02 3.451481E-01 1.684565E-01 -1.259625E+00 3.873009E-01 -3.623715E-02 1.119950E+00 2.942362E-02 7.978901E-03 4.016453E+00 1.033462E+01 
1.346883E-01 1.983327E-02 3.599511E-01 1.613774E-01 -1.455984E+00 4.968978E-01 -6.336409E-02 1.031749E+00 2.763574E-02 2.452477E-03 4.824038E+00 8.737980E+00 
1.614047E-01 1.257512E-02 3.589831E-01 1.654547E-01 -1.352911E+00 5.823588E-01 -5.965580E-02 8.833194E-01 3.187737E-02 4.862355E-03 3.759329E+00 9.952476E+00 
8.536006E-02 2.198155E-02 3.781163E-01 1.642800E-01 -1.229123E+00 5.263695E-01 -1.358169E-01 9.294538E-01 3.122480E-02 2.249052E-03 5.107114E+00 1.010566E+01 
1.204401E-01 3.957235E-02 4.496259E-01 1.566838E-01 -9.211658E-01 3.618937E-01 -7.681101E-02 9.010177E-01 3.222625E-02 8.285579E-03 4.862280E+00 9.236272E+00 
1.471288E-01 6.687132E-02 3.568280E-01 1.545198E-01 -1.430381E+00 3.837182E-01 -5.056285E-02 9.438079E-01 3.238371E-02 8.638104E-03 5.592262E+00 1.140185E+01 
1.349945E-01 2.922203E-02 3.622081E-01 1.618386E-01 -1.433293E+00 4.462931E-01 -5.683712E-02 9.352905E-01 2.727410E-02 4.960882E-03 3.974866E+00 8.487312E+00 
1.387350E-01 2.728598E-02 3.915953E-01 1.608776E-01 -1.303002E+00 5.245064E-01 -6.791789E-02 9.404403E-01 3.012335E-02 7.577938E-03 4.799343E+00 8.153346E+00 
7.238370E-02 5.091941E-02 3.117965E-01 1.473263E-01 -1.186869E+00 4.215046E-01 -7.802051E-02 9.643168E-01 3.211465E-02 6.617490E-04 4.122831E+00 1.168540E+01 
8.123189E-02 3.198742E-02 3.742025E-01 1.457702E-01 -1.046510E+00 4.278160E-01 -7.428766E-02 8.286422E-01 3.696262E-02 1.256920E-02 3.910605E+00 1.237881E+01 
1.179020E-01 7.104974E-02 3.435285E-01 1.416307E-01 -1.388555E+00 3.618209E-01 -4.829699E-02 6.886356E-01 2.996168E-02 7.576422E-03 4.935998E+00 3.230488E+00 
