9.449296E-02 5.656249E-02 3.803736E-01 1.505427E-01 -9.782009E-01 5.050825E-01 -9.926548E-02 9.380881E-01 3.637844E-02 3.341813E-02 5.520988E+00 1.392675E+00 
1.366050E-01 3.206730E-02 3.781760E-01 1.670676E-01 -1.355917E+00 6.000000E-01 -1.055688E-01 1.022544E+00 3.551429E-02 1.014158E-03 5.253436E+00 1.167406E+01 
1.503532E-01 2.214223E-02 3.673228E-01 1.616936E-01 -1.702407E+00 5.430294E-01 -4.823007E-02 1.079536E+00 3.276827E-02 3.899530E-03 3.453557E+00 8.106539E+00 
9.233462E-02 5.393089E-02 3.611727E-01 1.763132E-01 -1.528047E+00 2.663383E-01 -3.289163E-02 1.136014E+00 2.602187E-02 1.195784E-02 2.002240E+00 1.044099E+01 
9.942063E-02 2.813375E-02 3.749221E-01 1.609732E-01 -1.329581E+00 5.652571E-01 -8.536449E-02 8.711752E-01 3.760056E-02 7.929451E-03 4.939375E+00 8.764237E+00 
9.726929E-02 7.123050E-02 3.282954E-01 1.419477E-01 -1.317896E+00 4.587585E-01 -6.383116E-02 7.907457E-01 2.857094E-02 0.000000E+00 4.167811E+00 1.844517E+00 
3.915361E-02 2.568704E-02 3.511265E-01 1.359387E-01 -1.337453E+00 4.324852E-01 -5.487803E-02 1.073525E+00 2.492599E-02 1.097801E-03 4.996666E+00 1.398988E+01 
1.297364E-01 3.556837E-02 3.921474E-01 1.662971E-01 -1.397886E+00 5.347160E-01 -1.238950E-01 8.422996E-01 3.477344E-02 0.000000E+00 4.649613E+00 9.456578E+00 
9.267187E-02 5.302581E-02 3.641208E-01 1.298046E-01 -1.200520E+00 2.882577E-01 -3.609496E-02 6.652926E-01 3.116109E-02 7.782907E-03 4.036016E+00 6.888466E+00 
2.879831E-02 5.027459E-02 3.166603E-01 1.333144E-01 -1.146107E+00 3.734189E-01 -2.954256E-02 7.539285E-01 2.771206E-02 6.945271E-03 4.211757E+00 1.062866E+01 
1.376096E-01 4.582560E-02 3.546327E-01 1.450449E-01 -1.353213E+00 3.631032E-01 -5.675302E-02 8.809491E-01 2.883181E-02 7.310045E-03 4.739831E+00 4.828281E+00 
5.433105E-02 2.946962E-02 2.998719E-01 1.541902E-01 -1.417908E+00 3.331715E-01 -1.000000E-02 6.924085E-01 3.318286E-02 8.044111E-03 3.527274E+00 9.168014E+00 
1.741235E-01 1.540530E-02 3.841444E-01 1.651666E-01 -1.306415E+00 5.770315E-01 -1.765733E-01 8.354631E-01 2.805095E-02 1.232664E-03 4.631961E+00 7.087223E+00 
1.074593E-01 5.447153E-02 3.565530E-01 1.564552E-01 -1.004544E+00 5.705108E-01 -1.243250E-01 8.909542E-01 3.786600E-02 8.090819E-03 4.136155E+00 1.031002E+01 
4.698001E-02 4.600441E-02 3.644900E-01 1.541577E-01 -1.321064E+00 4.175458E-01 -8.940491E-02 1.088263E+00 3.402981E-02 1.912928E-02 4.493687E+00 5.165593E+00 
1.665609E-01 4.056562E-02 3.212848E-01 1.568539E-01 -1.193560E+00 4.025458E-01 -1.195770E-01 1.035313E+00 3.285059E-02 6.209611E-03 5.259528E+00 7.486802E+00 
9.531547E-02 3.232699E-02 3.370966E-01 1.751028E-01 -1.116673E+00 4.415995E-01 -6.797117E-02 9.072253E-01 3.100348E-02 9.522078E-03 4.493945E+00 1.085850E+01 
1.310094E-01 1.057931E-02 3.656083E-01 1.574316E-01 -1.348129E+00 5.009676E-01 -7.102724E-02 8.867360E-01 2.933480E-02 2.898019E-03 3.691375E+00 1.185231E+01 
8.340287E-02 5.109955E-02 2.633384E-01 1.370573E-01 -1.331370E+00 4.897611E-01 -4.095540E-02 8.399955E-01 3.570430E-02 8.599859E-03 4.270756E+00 7.088957E+00 
1.265536E-01 1.297421E-02 3.281017E-01 1.687014E-01 -1.544444E+00 6.000000E-01 -1.181900E-01 9.158270E-01 3.398453E-02 9.333978E-03 4.587068E+00 9.679105E+00 
1.549413E-01 1.252420E-02 3.750748E-01 1.686829E-01 -1.321362E+00 5.343620E-01 -7.091391E-02 9.369781E-01 2.765945E-02 3.667823E-03 3.292925E+00 1.039479E+01 
1.553595E-01 2.402083E-02 3.338432E-01 1.603373E-01 -1.125677E+00 5.422732E-01 -1.635305E-01 8.493007E-01 2.526769E-02 5.542840E-03 4.807638E+00 9.839754E+00 
1.382759E-01 2.314826E-02 3.103004E-01 1.519816E-01 -1.260160E+00 4.537479E-01 -7.718829E-02 7.342590E-01 3.283035E-02 8.597303E-04 4.665063E+00 5.316533E+00 
1.162809E-01 4.131844E-02 3.644895E-01 1.560088E-01 -1.182838E+00 5.912396E-01 -5.884297E-02 1.085566E+00 2.948275E-02 3.094036E-03 4.704277E+00 7.916069E+00 
1.307963E-01 1.108121E-02 3.566672E-01 1.279741E-01 -1.102274E+00 3.863143E-01 -3.961458E-02 9.218839E-01 3.263740E-02 3.475064E-03 5.019967E+00 1.004118E+01 
1.469116E-01 1.707755E-02 3.415249E-01 1.526300E-01 -1.587085E+00 4.581228E-01 -8.013144E-02 8.771998E-01 2.863075E-02 3.721789E-03 6.741816E+00 1.159586E+01 
9.305908E-02 2.271162E-02 3.254958E-01 1.504768E-01 -1.562709E+00 5.548250E-01 -5.626243E-02 1.080095E+00 2.935049E-02 4.843408E-03 4.891211E+00 1.016373E+01 
1.684999E-01 2.061994E-02 4.072807E-01 1.573050E-01 -1.269156E+00 4.455804E-01 -1.073325E-01 7.950966E-01 3.858019E-02 2.023609E-03 3.713459E+00 5.875927E+00 
1.107763E-01 1.309978E-02 3.965287E-01 1.433760E-01 -1.248254E+00 5.384630E-01 -6.798313E-02 9.020192E-01 2.568547E-02 2.085681E-02 6.953327E+00 9.625536E+00 
1.392673E-01 2.088898E-02 3.888121E-01 1.570132E-01 -1.419670E+00 5.891110E-01 -8.620231E-02 9.856073E-01 2.898962E-02 2.309603E-03 4.913792E+00 9.883207E+00 
1.007558E-01 2.557354E-02 4.011179E-01 1.500720E-01 -1.160362E+00 3.570335E-01 -6.537212E-02 1.072836E+00 3.054314E-02 2.211292E-02 4.494133E+00 6.131120E+00 
1.212851E-01 6.942856E-03 3.606653E-01 1.604840E-01 -1.460835E+00 5.376247E-01 -6.032152E-02 7.775452E-01 3.110930E-02 2.242508E-03 4.439843E+00 7.062281E+00 
1.610296E-01 8.529793E-03 3.498235E-01 1.505569E-01 -1.323757E+00 5.294269E-01 -1.055516E-01 8.854263E-01 1.898905E-02 7.135745E-04 4.978743E+00 1.055961E+01 
1.257423E-01 9.210987E-03 3.731683E-01 1.523160E-01 -1.402352E+00 4.879013E-01 -5.644973E-02 9.544573E-01 2.805102E-02 5.634109E-03 4.673290E+00 9.902664E+00 
1.717181E-01 1.281237E-02 3.724189E-01 1.676306E-01 -1.538303E+00 4.729143E-01 -5.690963E-02 9.680392E-01 3.007311E-02 2.024641E-03 5.486043E+00 8.753206E+00 
1.354311E-01 2.028102E-02 3.508062E-01 1.637277E-01 -1.282921E+00 4.995259E-01 -1.253883E-01 9.336611E-01 2.863386E-02 5.721105E-03 4.249957E+00 9.727741E+00 
7.021976E-02 3.331122E-02 3.516919E-01 1.627615E-01 -1.275230E+00 3.668210E-01 -9.220431E-02 9.768045E-01 2.855806E-02 2.243349E-02 4.560118E+00 7.170276E+00 
1.501191E-01 2.798958E-02 3.889672E-01 1.513691E-01 -1.571007E+00 3.044402E-01 -1.051324E-01 8.509500E-01 2.779361E-02 7.085057E-03 3.982228E+00 1.029312E+01 
1.188054E-01 2.275567E-02 3.218970E-01 1.429775E-01 -1.240365E+00 4.597945E-01 -8.225625E-02 8.727081E-01 3.144561E-02 3.097047E-04 4.246835E+00 1.328896E+01 
1.364894E-01 6.008434E-02 3.693940E-01 1.589997E-01 -7.308866E-01 4.838550E-01 -1.621563E-01 8.685110E-01 2.341901E-02 1.440279E-02 4.718537E+00 6.111636E+00 
1.403036E-01 2.282110E-04 3.508008E-01 1.518639E-01 -1.740284E+00 5.264176E-01 -6.872105E-02 9.984365E-01 3.324136E-02 6.235621E-03 3.193034E+00 1.125271E+01 
1.584450E-01 7.669236E-03 3.624804E-01 1.656857E-01 -1.404535E+00 5.118225E-01 -5.293760E-02 9.017913E-01 3.249893E-02 4.304997E-03 4.473671E+00 8.993915E+00 
1.521093E-01 1.024381E-02 3.576343E-01 1.585202E-01 -1.164946E+00 5.138787E-01 -8.755079E-02 9.007366E-01 3.381902E-02 1.348891E-02 4.225715E+00 1.099230E+01 
1.697590E-01 8.173512E-03 3.772219E-01 1.634351E-01 -1.529808E+00 5.663576E-01 -5.485534E-02 8.437947E-01 3.289354E-02 1.370721E-02 3.807920E+00 9.311096E+00 
1.491985E-01 3.862030E-02 3.697984E-01 1.480273E-01 -1.164611E+00 2.907560E-01 -6.641519E-02 8.667700E-01 3.004304E-02 4.336854E-04 3.838791E+00 9.779585E+00 
1.118618E-01 1.264304E-02 3.307703E-01 1.632437E-01 -1.463466E+00 3.918247E-01 -7.506533E-02 8.019722E-01 2.766437E-02 2.372764E-03 4.597911E+00 9.208166E+00 
1.254548E-01 6.915914E-02 3.875846E-01 1.715934E-01 -1.472460E+00 5.161373E-01 -1.730237E-01 9.293898E-01 3.036191E-02 4.248597E-03 3.045645E+00 5.495854E+00 
1.497884E-01 1.691087E-02 3.703481E-01 1.722184E-01 -1.443589E+00 4.308246E-01 -6.055300E-02 9.558878E-01 2.598844E-02 1.182875E-02 4.592372E+00 5.967492E+00 
1.490731E-01 2.202728E-02 3.458517E-01 1.740190E-01 -1.446801E+00 5.502227E-01 -6.832930E-02 9.203153E-01 3.402992E-02 6.464828E-03 4.466746E+00 7.530202E+00 
1.414115E-01 3.100601E-02 3.648260E-01 1.522375E-01 -1.266670E+00 4.838628E-01 -3.334179E-02 8.907665E-01 3.833684E-02 4.793113E-03 4.020072E+00 1.086805E+01 
6.000528E-02 5.436942E-02 2.970787E-01 1.488091E-01 -1.459030E+00 4.280718E-01 -7.258223E-02 9.746944E-01 2.718624E-02 6.644060E-03 3.732947E+00 1.290245E+01 
1.517228E-01 4.984828E-02 3.489979E-01 1.569339E-01 -1.204237E+00 4.828090E-01 -8.149538E-02 9.122939E-01 2.239969E-02 1.020994E-02 3.885308E+00 1.103953E+01 
8.217252E-02 3.049384E-02 3.327397E-01 1.526667E-01 -1.445226E+00 4.230447E-01 -8.619411E-02 9.211380E-01 2.692854E-02 2.525270E-02 4.747975E+00 6.317216E+00 
1.829089E-01 4.777772E-02 2.950229E-01 1.432456E-01 -1.255319E+00 5.597024E-01 -1.192965E-01 9.578346E-01 3.182431E-02 7.816191E-03 3.754695E+00 1.005602E+01 
8.966512E-02 1.000000E-04 3.699216E-01 1.825192E-01 -1.525409E+00 4.228418E-01 -5.944732E-02 1.083567E+00 3.819448E-02 1.665745E-02 2.653605E+00 9.300809E+00 
1.792843E-01 4.851982E-02 3.449874E-01 1.643291E-01 -1.404873E+00 4.234014E-01 -1.005438E-01 9.080231E-01 3.318338E-02 7.903778E-03 4.728928E+00 1.122719E+01 
8.289610E-02 1.533856E-02 3.301674E-01 1.553403E-01 -1.479851E+00 4.885616E-01 -6.782885E-02 8.545111E-01 2.858438E-02 5.294846E-03 4.929442E+00 1.006442E+00 
1.278274E-01 2.960814E-02 3.773350E-01 1.592602E-01 -1.465150E+00 4.894575E-01 -3.942480E-02 8.843111E-01 2.671471E-02 1.996650E-03 4.936736E+00 7.409460E+00 
1.368927E-01 3.932091E-02 3.013708E-01 1.560809E-01 -1.236274E+00 4.632529E-01 -1.111501E-01 9.208027E-01 3.334470E-02 4.813889E-03 4.521956E+00 8.855861E+00 
8.355992E-02 4.182392E-02 2.789805E-01 1.570706E-01 -1.364778E+00 3.954867E-01 -1.237956E-01 8.987712E-01 3.473158E-02 7.203471E-04 4.521499E+00 7.792291E+00 
1.112658E-01 4.887864E-03 3.667139E-01 1.802254E-01 -1.583935E+00 4.991339E-01 -3.240536E-02 8.374220E-01 3.672956E-02 7.812966E-03 3.970583E+00 7.403161E+00 
1.142277E-01 1.711443E-02 3.180164E-01 1.546958E-01 -1.239868E+00 4.985452E-01 -4.949870E-02 8.183714E-01 3.511640E-02 2.860481E-03 3.337528E+00 1.148698E+01 
1.096929E-01 4.604257E-02 3.389886E-01 1.557654E-01 -9.985000E-01 3.661763E-01 -6.696984E-02 8.924914E-01 3.535240E-02 1.241656E-02 4.453894E+00 6.604458E+00 
1.305260E-01 1.511616E-02 3.249902E-01 1.564022E-01 -9.976462E-01 4.574047E-01 -8.060844E-02 9.082715E-01 3.287930E-02 9.981932E-03 5.331222E+00 5.657734E+00 
7.214528E-02 6.752716E-02 2.698387E-01 1.538240E-01 -1.345952E+00 4.386162E-01 -4.828161E-02 7.363664E-01 3.443377E-02 2.561851E-02 5.598132E+00 8.716428E+00 
1.450050E-01 1.658725E-02 3.217588E-01 1.637591E-01 -1.351418E+00 5.312979E-01 -1.030988E-01 7.978175E-01 2.868799E-02 9.810652E-03 4.799920E+00 7.925561E+00 
1.475652E-01 1.598020E-02 3.681200E-01 1.642463E-01 -1.303747E+00 4.973108E-01 -5.829995E-02 1.198458E+00 3.198118E-02 7.499836E-03 4.848377E+00 9.567585E+00 
1.187276E-01 1.312494E-02 3.478020E-01 1.616762E-01 -1.494778E+00 5.545031E-01 -4.112208E-02 1.114844E+00 2.821792E-02 6.585247E-03 5.107396E+00 7.811343E+00 
1.627571E-01 1.530385E-02 3.712132E-01 1.628267E-01 -1.555561E+00 5.647221E-01 -1.321817E-01 8.866766E-01 2.793240E-02 2.551708E-03 4.253651E+00 8.236846E+00 
1.114465E-01 3.557980E-02 3.993397E-01 1.473601E-01 -1.105697E+00 4.888505E-01 -6.739515E-02 9.656837E-01 3.329138E-02 8.432488E-03 3.516368E+00 1.052332E+01 
4.155644E-02 5.431196E-02 3.620018E-01 1.495907E-01 -1.452561E+00 3.962339E-01 -1.032250E-01 1.144812E+00 3.371096E-02 1.220329E-02 4.722865E+00 8.221947E+00 
1.317773E-01 4.811103E-02 3.573534E-01 1.606825E-01 -6.516018E-01 4.992048E-01 -1.475047E-01 8.045532E-01 1.885990E-02 2.132061E-02 4.867000E+00 1.129431E+01 
1.398272E-01 2.272620E-02 3.320538E-01 1.664946E-01 -1.464417E+00 5.492651E-01 -1.090381E-01 1.014715E+00 2.952651E-02 4.838101E-03 5.228228E+00 7.985461E+00 
9.244033E-02 2.929286E-02 3.031081E-01 1.623696E-01 -1.415323E+00 4.435621E-01 -5.659005E-02 7.353082E-01 2.886643E-02 5.248798E-03 4.385306E+00 8.742490E+00 
1.274863E-01 1.651801E-02 3.663747E-01 1.567530E-01 -1.099652E+00 4.406863E-01 -1.373130E-01 1.210678E+00 3.265880E-02 5.133558E-03 4.726719E+00 8.586807E+00 
1.648967E-01 5.045807E-02 3.336805E-01 1.476179E-01 -1.383141E+00 5.049053E-01 -4.914988E-02 1.099334E+00 2.652108E-02 8.038341E-03 5.006032E+00 9.050013E+00 
1.538449E-01 3.653035E-02 3.728183E-01 1.594836E-01 -1.442009E+00 4.876046E-01 -8.918919E-02 1.057251E+00 2.310645E-02 6.236543E-03 3.491708E+00 7.913462E+00 
5.687785E-02 2.904089E-02 3.526534E-01 1.554206E-01 -1.410037E+00 4.404252E-01 -6.543530E-02 1.039263E+00 3.931732E-02 4.228757E-03 4.774965E+00 6.989348E+00 
1.715826E-01 1.832102E-02 3.682389E-01 1.701456E-01 -1.249352E+00 5.724801E-01 -8.126211E-02 1.021060E+00 2.777000E-02 4.475860E-03 5.134464E+00 9.930982E+00 
1.371131E-01 4.177693E-02 3.936157E-01 1.568550E-01 -1.227926E+00 2.832574E-01 -6.416462E-02 8.686247E-01 3.491165E-02 2.087563E-04 4.588074E+00 8.812256E+00 
1.147141E-01 1.813685E-02 3.880335E-01 1.587576E-01 -1.388388E+00 4.088516E-01 -5.531179E-02 9.872557E-01 2.625599E-02 6.070026E-03 4.734894E+00 8.146431E+00 
8.933720E-02 2.358904E-02 3.216662E-01 1.418914E-01 -1.330246E+00 2.927784E-01 -2.052885E-02 7.143517E-01 2.748926E-02 9.414403E-03 5.488817E+00 1.240148E+01 
1.108181E-01 3.005130E-02 2.969140E-01 1.454159E-01 -1.120372E+00 4.257783E-01 -1.327111E-01 1.004538E+00 2.180587E-02 8.227924E-03 3.655877E+00 1.054474E+01 
1.292734E-01 1.958399E-02 3.603718E-01 1.569584E-01 -1.208931E+00 5.273113E-01 -1.042980E-01 1.103155E+00 2.453662E-02 4.276441E-03 2.922234E+00 7.517370E+00 
7.898495E-02 8.396948E-03 3.597705E-01 1.698690E-01 -1.268421E+00 4.434640E-01 -5.652674E-02 7.879777E-01 2.504719E-02 9.295706E-04 5.467051E+00 1.013525E+01 
1.203773E-01 3.001803E-02 3.480902E-01 1.544616E-01 -1.666856E+00 4.505654E-01 -6.168063E-02 8.176414E-01 2.766069E-02 1.306176E-02 3.802912E+00 6.990059E+00 
8.250751E-02 4.639940E-02 3.698896E-01 1.518867E-01 -1.245553E+00 5.546934E-01 -7.114006E-02 9.182348E-01 2.845340E-02 1.951819E-02 5.179910E+00 2.801630E+00 
1.473492E-01 5.182464E-02 3.320950E-01 1.501436E-01 -1.262526E+00 2.551455E-01 -4.991851E-02 9.524780E-01 4.022119E-02 6.262476E-03 4.620654E+00 8.828580E+00 
1.944326E-01 1.169034E-02 3.896979E-01 1.684009E-01 -1.391410E+00 4.976935E-01 -9.153713E-02 8.489042E-01 3.840571E-02 1.048621E-02 4.569572E+00 7.148354E+00 
6.972412E-02 2.917749E-02 3.917685E-01 1.568378E-01 -1.167171E+00 4.865468E-01 -8.244571E-02 1.087591E+00 2.962766E-02 2.773867E-02 5.563929E+00 7.239727E+00 
1.372599E-01 4.058194E-02 2.965779E-01 1.610196E-01 -1.065384E+00 5.192760E-01 -8.173259E-02 9.250524E-01 3.620906E-02 8.391924E-03 4.084715E+00 9.733078E+00 
1.580981E-01 3.480840E-02 3.580631E-01 1.654239E-01 -1.203729E+00 4.866433E-01 -6.705307E-02 9.773657E-01 3.027876E-02 4.699905E-03 4.420622E+00 9.576927E+00 
7.473069E-02 5.398212E-02 3.533016E-01 1.526263E-01 -8.653467E-01 4.256146E-01 -3.479110E-02 1.055298E+00 3.708175E-02 1.206517E-02 4.360566E+00 7.097984E+00 
1.558999E-01 5.446605E-03 3.918723E-01 1.562177E-01 -1.701638E+00 4.199166E-01 -8.158353E-02 9.259668E-01 3.466969E-02 5.356482E-03 3.376678E+00 9.125816E+00 
3.734353E-02 5.030388E-02 3.535649E-01 1.507709E-01 -9.767847E-01 3.792773E-01 -4.072645E-02 9.721518E-01 2.621864E-02 6.578801E-04 5.069279E+00 1.420008E+01 
1.641220E-01 2.389431E-02 3.496112E-01 1.529562E-01 -1.333997E+00 5.632965E-01 -7.419246E-02 8.899896E-01 2.390832E-02 1.402633E-02 2.952910E+00 7.495110E+00 
6.514160E-02 4.062368E-02 3.554717E-01 1.554856E-01 -1.284739E+00 3.763063E-01 -9.851926E-02 1.006333E+00 3.841569E-02 1.705555E-02 4.045336E+00 6.108021E+00 
7.061532E-02 6.192164E-02 2.266007E-01 1.585277E-01 -9.930789E-01 4.754035E-01 -1.000000E-02 7.850614E-01 3.865429E-02 4.593646E-03 3.698660E+00 7.467310E+00 
7.062344E-02 9.087072E-02 3.467453E-01 1.456391E-01 -9.222371E-01 4.395013E-01 -5.304713E-02 9.334913E-01 3.099661E-02 1.245326E-02 4.143242E+00 1.374456E+01 
7.619485E-02 5.961629E-02 2.907147E-01 1.543534E-01 -1.160311E+00 4.800739E-01 -5.392720E-02 9.000580E-01 3.615419E-02 3.539684E-04 3.628360E+00 1.097858E+01 
1.149040E-01 1.395907E-02 3.162978E-01 1.554818E-01 -1.506037E+00 4.939080E-01 -1.315842E-02 8.359064E-01 2.725510E-02 5.901758E-03 4.444538E+00 8.299691E+00 
9.616588E-02 1.386806E-02 3.549948E-01 1.704031E-01 -1.430184E+00 5.296852E-01 -4.972775E-02 1.063537E+00 3.418965E-02 7.907460E-03 3.130574E+00 1.026211E+01 
1.313496E-01 4.556310E-02 3.964937E-01 1.515000E-01 -9.458419E-01 2.807325E-01 -1.234356E-01 9.337989E-01 3.380650E-02 1.678795E-02 5.302305E+00 7.438379E+00 
1.171189E-01 1.079627E-02 3.054656E-01 1.590793E-01 -1.369832E+00 4.283999E-01 -6.445066E-02 9.611723E-01 1.592336E-02 4.782948E-03 4.581043E+00 9.162213E+00 
1.343293E-01 6.600791E-03 3.405829E-01 1.630141E-01 -1.389117E+00 4.007874E-01 -5.460567E-02 9.729384E-01 2.865959E-02 4.887099E-03 4.805631E+00 1.366217E+01 
8.309883E-02 3.973622E-02 3.048937E-01 1.689322E-01 -1.098623E+00 4.429648E-01 -7.752126E-02 8.984920E-01 2.862113E-02 3.951740E-03 5.019214E+00 1.181048E+01 
1.318429E-01 8.078324E-03 3.725757E-01 1.630193E-01 -1.401843E+00 6.000000E-01 -6.841033E-02 7.276613E-01 4.108155E-02 4.721286E-03 3.581115E+00 7.894948E+00 
1.298573E-01 1.575760E-02 3.319744E-01 1.790851E-01 -1.116796E+00 4.889220E-01 -8.540250E-02 1.066071E+00 3.265624E-02 0.000000E+00 4.453806E+00 1.341903E+01 
1.462615E-01 2.244971E-02 3.733077E-01 1.601394E-01 -1.408135E+00 6.000000E-01 -1.337208E-01 1.049218E+00 3.256825E-02 4.978493E-03 4.996457E+00 6.351250E+00 
1.317700E-01 2.925429E-02 3.277990E-01 1.531639E-01 -1.585026E+00 2.899497E-01 -6.450953E-02 1.025630E+00 2.405156E-02 5.139583E-03 3.907282E+00 1.180135E+01 
1.099030E-01 3.001895E-02 3.434058E-01 1.515678E-01 -1.178964E+00 5.268808E-01 -7.590686E-02 1.011433E+00 2.888302E-02 1.045042E-02 2.823382E+00 6.536545E+00 
1.323433E-01 3.652687E-02 3.906799E-01 1.594574E-01 -9.912034E-01 5.363813E-01 -7.261572E-02 9.235630E-01 3.286991E-02 4.168602E-03 4.903102E+00 8.843161E+00 
1.057128E-01 2.894456E-02 3.436120E-01 1.645184E-01 -1.365744E+00 5.440434E-01 -6.146659E-02 7.968217E-01 3.180855E-02 2.150327E-04 4.026676E+00 1.272586E+01 
8.120345E-02 5.712968E-02 2.746886E-01 1.431047E-01 -1.083557E+00 3.877505E-01 -4.353241E-02 1.029940E+00 3.005873E-02 1.647893E-03 3.157887E+00 1.101394E+01 
1.554540E-01 1.565912E-02 3.781562E-01 1.659066E-01 -1.450031E+00 5.038414E-01 -6.481510E-02 7.574574E-01 3.493996E-02 5.451370E-03 3.849171E+00 7.493607E+00 
8.240357E-02 4.380718E-02 3.848113E-01 1.509044E-01 -1.242698E+00 4.131388E-01 -4.371612E-02 2.912068E-01 2.893136E-02 5.341072E-03 3.917941E+00 1.284328E+01 
9.864126E-02 4.664825E-02 3.107721E-01 1.560580E-01 -1.409429E+00 3.924125E-01 -3.293100E-02 8.668657E-01 3.729546E-02 5.924346E-03 3.276211E+00 1.183627E+01 
1.490982E-01 7.795550E-03 3.559249E-01 1.652022E-01 -1.409167E+00 5.724832E-01 -1.225672E-01 1.042647E+00 2.680528E-02 2.350080E-03 3.841131E+00 8.728726E+00 
1.151332E-01 1.940357E-02 3.407363E-01 1.610994E-01 -1.170886E+00 3.942529E-01 -3.755982E-02 8.427111E-01 3.065094E-02 1.343638E-02 5.398448E+00 1.098687E+01 
1.499746E-01 9.245220E-03 3.516077E-01 1.646614E-01 -1.452977E+00 5.667037E-01 -5.586683E-02 9.428137E-01 3.165525E-02 1.216881E-03 3.849227E+00 9.416324E+00 
1.750290E-01 3.491720E-02 3.453632E-01 1.523682E-01 -1.255741E+00 5.078817E-01 -1.323435E-01 1.029742E+00 3.167201E-02 6.091843E-03 4.658868E+00 8.550784E+00 
1.444314E-01 1.803742E-02 3.594361E-01 1.609056E-01 -1.423654E+00 5.683022E-01 -1.180250E-01 1.010563E+00 2.892843E-02 7.384563E-03 4.415736E+00 7.287249E+00 
7.099277E-02 2.219697E-02 3.614657E-01 1.671133E-01 -1.633975E+00 5.997503E-01 -1.211538E-01 1.034915E+00 3.155474E-02 1.828387E-02 4.319446E+00 8.656224E+00 
1.517511E-01 2.186275E-02 3.960550E-01 1.597685E-01 -1.561999E+00 5.770715E-01 -9.014154E-02 8.605912E-01 2.826897E-02 2.069364E-03 4.202394E+00 8.729869E+00 
1.308621E-01 1.466168E-02 3.525530E-01 1.700292E-01 -1.355244E+00 5.267362E-01 -4.492221E-02 1.016791E+00 3.095041E-02 7.934835E-03 3.963823E+00 1.002880E+01 
1.460093E-01 1.000000E-04 3.455797E-01 1.646338E-01 -1.483479E+00 3.935278E-01 -9.804725E-02 8.376425E-01 2.694850E-02 0.000000E+00 4.806218E+00 1.010180E+01 
3.471868E-02 8.071656E-02 3.382202E-01 1.295938E-01 -1.164874E+00 3.524765E-01 -2.521807E-02 1.042592E+00 2.985142E-02 9.295917E-03 3.933268E+00 1.440302E+01 
1.522527E-01 1.309354E-02 3.234368E-01 1.745850E-01 -1.423689E+00 3.767206E-01 -7.176715E-02 7.070380E-01 2.880396E-02 3.562996E-03 4.400892E+00 1.139327E+01 
1.183021E-01 3.931259E-02 4.323565E-01 1.504400E-01 -1.203485E+00 5.387494E-01 -5.526849E-02 3.337770E-01 2.720373E-02 4.209796E-03 5.119775E+00 8.862723E+00 
1.359716E-01 1.899873E-02 3.618001E-01 1.611753E-01 -1.473240E+00 5.549618E-01 -6.584654E-02 8.490002E-01 2.564527E-02 1.952000E-03 4.948785E+00 8.138712E+00 
1.451701E-01 1.852327E-02 3.317829E-01 1.592046E-01 -1.487465E+00 6.000000E-01 -8.085008E-02 6.455341E-01 2.453769E-02 7.273997E-04 5.099842E+00 1.150452E+01 
1.180953E-01 1.309456E-02 3.068750E-01 1.467813E-01 -1.311565E+00 5.189089E-01 -1.198217E-01 8.311313E-01 3.591639E-02 5.165412E-03 4.980072E+00 1.183878E+01 
1.326406E-01 3.862146E-02 3.683018E-01 1.528568E-01 -8.951267E-01 2.488088E-01 -2.112077E-02 1.061177E+00 3.765366E-02 2.258290E-02 3.569189E+00 8.721124E+00 
1.391087E-01 4.816296E-03 3.729641E-01 1.611462E-01 -1.430285E+00 5.443637E-01 -5.593965E-02 9.579624E-01 3.078179E-02 5.869201E-03 4.522573E+00 9.227129E+00 
4.393706E-02 5.656870E-02 3.311314E-01 1.649356E-01 -1.482397E+00 3.913622E-01 -7.285446E-02 1.031630E+00 2.955551E-02 1.567670E-02 4.306223E+00 9.051686E+00 
1.353899E-01 2.325583E-02 3.578911E-01 1.551662E-01 -1.097151E+00 3.447651E-01 -8.408006E-02 7.842785E-01 2.954452E-02 0.000000E+00 3.395242E+00 8.985984E+00 
1.187163E-01 4.813008E-02 3.644234E-01 1.565020E-01 -1.361294E+00 3.776143E-01 -2.951269E-02 9.351257E-01 3.118086E-02 3.659346E-03 5.616310E+00 1.263246E+01 
1.462454E-01 1.422517E-02 3.530113E-01 1.626763E-01 -1.538264E+00 5.700529E-01 -1.095285E-01 8.772482E-01 3.148725E-02 0.000000E+00 4.007548E+00 6.016567E+00 
8.549959E-02 6.583129E-02 3.337903E-01 1.382658E-01 -1.051594E+00 3.001403E-01 -2.698315E-02 1.010519E+00 3.479811E-02 2.240079E-02 5.145259E+00 8.360513E+00 
