1.480088E-01 9.424181E-03 3.951925E-01 1.645391E-01 -1.318650E+00 5.764923E-01 -1.054421E-01 7.963234E-01 2.387098E-02 5.159007E-03 4.522088E+00 7.438142E+00 
5.091452E-02 2.916093E-02 3.137947E-01 1.356267E-01 -1.373323E+00 4.613085E-01 -7.560436E-02 8.738478E-01 3.377695E-02 5.648912E-03 4.789138E+00 1.308641E+01 
8.866878E-02 1.924321E-02 3.489676E-01 1.530555E-01 -1.295283E+00 3.557781E-01 -3.534152E-02 8.660808E-01 2.885303E-02 2.159495E-03 4.104709E+00 8.058800E+00 
1.457929E-01 1.000000E-04 3.318365E-01 1.592334E-01 -1.642876E+00 6.000000E-01 -1.003022E-01 9.557067E-01 2.754227E-02 1.039863E-02 3.554625E+00 9.617324E+00 
1.228353E-01 3.112946E-02 3.698543E-01 1.633883E-01 -1.339330E+00 5.710118E-01 -8.872942E-02 9.900138E-01 2.956017E-02 9.132054E-03 4.656228E+00 8.549993E+00 
1.009234E-01 1.567830E-02 3.570185E-01 1.628944E-01 -1.238228E+00 4.381850E-01 -1.114214E-01 9.055716E-01 3.509460E-02 8.271594E-03 4.191966E+00 5.725103E+00 
1.552950E-01 1.398264E-02 3.515021E-01 1.656564E-01 -1.624127E+00 5.441297E-01 -1.292080E-01 8.867508E-01 3.090017E-02 6.956129E-04 3.885235E+00 8.593149E+00 
1.481363E-01 2.587616E-02 3.625529E-01 1.504649E-01 -1.165517E+00 5.306419E-01 -7.152577E-02 9.711628E-01 3.489001E-02 3.297374E-03 3.663280E+00 1.513392E+01 
1.162936E-01 3.351447E-02 3.453822E-01 1.328957E-01 -1.421926E+00 4.303586E-01 -1.149188E-01 8.420535E-01 3.360321E-02 1.575797E-02 2.293798E+00 8.662096E+00 
1.642576E-01 1.767791E-02 3.517136E-01 1.559873E-01 -1.594400E+00 5.513931E-01 -1.215157E-01 9.830318E-01 3.236732E-02 3.951007E-03 4.573558E+00 9.380579E+00 
1.279102E-01 1.495851E-02 3.237308E-01 1.540395E-01 -1.380646E+00 5.327362E-01 -5.194809E-02 9.091331E-01 2.930369E-02 1.195238E-03 4.911762E+00 7.670528E+00 
1.054137E-01 1.548420E-02 2.977407E-01 1.576152E-01 -1.338811E+00 4.702422E-01 -5.114640E-02 9.858051E-01 2.698033E-02 4.476751E-03 3.684452E+00 1.063733E+01 
8.858012E-02 2.829427E-02 3.318304E-01 1.600142E-01 -9.858373E-01 4.868113E-01 -7.148628E-02 9.733636E-01 3.077182E-02 4.718448E-03 3.470907E+00 9.067564E+00 
1.490111E-01 4.024037E-02 3.501500E-01 1.575130E-01 -1.604864E+00 5.523837E-01 -9.780884E-02 9.196892E-01 3.438578E-02 0.000000E+00 4.010597E+00 1.136614E+01 
8.678923E-02 8.942436E-03 3.658936E-01 1.604323E-01 -1.507979E+00 5.312645E-01 -8.683285E-02 1.036134E+00 3.044971E-02 9.716549E-03 4.145232E+00 9.168855E+00 
1.525202E-01 1.662881E-02 3.850581E-01 1.632424E-01 -1.348180E+00 5.935368E-01 -1.422622E-01 9.254269E-01 2.737839E-02 2.849670E-03 4.055163E+00 9.624919E+00 
1.542626E-01 9.169368E-03 3.729426E-01 1.593144E-01 -1.381781E+00 5.989030E-01 -8.577991E-02 9.776285E-01 3.038806E-02 4.072299E-03 4.969232E+00 1.005092E+01 
4.490148E-02 1.788049E-02 3.174703E-01 1.315345E-01 -1.293146E+00 5.616481E-01 -6.552170E-02 1.001640E+00 3.433349E-02 4.831305E-03 4.589701E+00 1.230383E+01 
1.377727E-01 2.723785E-02 3.866826E-01 1.634240E-01 -1.309082E+00 5.517977E-01 -1.411105E-01 1.036062E+00 3.203948E-02 3.578831E-03 4.283354E+00 1.227081E+01 
6.204404E-02 4.613612E-02 3.143589E-01 1.610411E-01 -1.321483E+00 4.522054E-01 -5.896568E-02 9.756494E-01 3.872553E-02 2.117330E-03 4.432659E+00 1.100571E+01 
1.525191E-01 6.273859E-03 3.612716E-01 1.670758E-01 -1.494175E+00 5.436249E-01 -8.789689E-02 1.000616E+00 2.840971E-02 3.164921E-04 4.634422E+00 1.021331E+01 
1.042467E-01 3.673758E-02 3.591888E-01 1.657266E-01 -1.241524E+00 3.784693E-01 -4.743900E-02 1.163261E+00 3.228058E-02 8.127175E-03 5.572303E+00 8.033455E+00 
1.309570E-01 3.979565E-02 4.235161E-01 1.396079E-01 -1.394440E+00 3.873668E-01 -1.055015E-01 8.827679E-01 3.245919E-02 1.063847E-02 3.555935E+00 7.728992E+00 
1.508519E-01 1.000000E-04 3.726094E-01 1.675195E-01 -1.309760E+00 4.908078E-01 -5.466387E-02 1.051885E+00 2.864396E-02 3.923600E-03 4.047958E+00 9.981580E+00 
1.513304E-01 1.537990E-02 3.651251E-01 1.648146E-01 -1.391052E+00 5.496904E-01 -1.223381E-01 1.062945E+00 3.009898E-02 8.462198E-03 4.231947E+00 6.892977E+00 
1.791464E-01 6.763617E-03 3.685584E-01 1.619973E-01 -1.296195E+00 5.944233E-01 -7.825672E-02 9.684394E-01 2.713560E-02 1.885916E-03 4.860551E+00 8.267382E+00 
1.604567E-01 2.228824E-03 3.750112E-01 1.558913E-01 -1.203043E+00 4.804335E-01 -8.074032E-02 9.954464E-01 2.854408E-02 2.460067E-03 4.140127E+00 9.305612E+00 
1.598317E-01 1.967387E-02 3.853884E-01 1.677930E-01 -1.210699E+00 5.332460E-01 -1.004495E-01 9.299913E-01 2.640774E-02 3.767172E-03 5.107470E+00 8.909070E+00 
1.393866E-01 2.385130E-02 3.559654E-01 1.650378E-01 -1.407031E+00 5.811810E-01 -9.467515E-02 1.026108E+00 2.489703E-02 2.764990E-03 4.613821E+00 8.100865E+00 
1.470329E-01 1.000000E-04 3.405228E-01 1.630102E-01 -1.462548E+00 5.422268E-01 -1.183503E-01 8.802905E-01 2.580400E-02 3.392907E-03 4.477063E+00 9.427155E+00 
1.326624E-01 7.755796E-03 3.720971E-01 1.622923E-01 -1.293990E+00 5.030400E-01 -1.076448E-01 9.767019E-01 3.168578E-02 6.903021E-03 5.259728E+00 9.415185E+00 
1.365490E-01 4.647201E-02 3.947188E-01 1.541825E-01 -1.226411E+00 5.731651E-01 -8.997824E-02 9.763538E-01 3.435281E-02 5.880133E-03 3.829291E+00 9.640753E+00 
9.373366E-02 4.932157E-02 3.444978E-01 1.547376E-01 -1.251746E+00 4.962953E-01 -7.482544E-02 9.700418E-01 3.493517E-02 6.774924E-03 4.106828E+00 9.231372E+00 
4.463935E-02 2.611376E-02 3.698898E-01 1.561766E-01 -1.215375E+00 4.258584E-01 -8.541382E-02 9.545469E-01 3.624569E-02 2.117147E-03 4.383771E+00 1.091455E+01 
1.604352E-02 2.580646E-02 3.529524E-01 1.566194E-01 -1.245442E+00 1.822083E-01 -6.296115E-02 9.540885E-01 3.287118E-02 6.596875E-03 4.724708E+00 1.249435E+01 
1.537141E-01 1.803211E-02 3.736969E-01 1.655569E-01 -1.457162E+00 4.660921E-01 -9.856589E-02 9.910351E-01 2.875068E-02 4.727388E-03 4.443451E+00 1.073880E+01 
1.423840E-01 1.607077E-02 3.698643E-01 1.624976E-01 -1.284877E+00 5.821272E-01 -8.494371E-02 1.074127E+00 3.089690E-02 9.243748E-03 5.067123E+00 8.642385E+00 
1.151646E-01 5.361642E-02 3.681813E-01 1.518854E-01 -7.138707E-01 3.418622E-01 -1.357866E-01 8.408213E-01 3.141460E-02 2.278823E-02 4.655214E+00 7.640409E+00 
1.692082E-01 2.263395E-02 3.891314E-01 1.617170E-01 -1.393862E+00 5.506463E-01 -4.702210E-02 9.046467E-01 3.203537E-02 5.815041E-03 3.542895E+00 8.346940E+00 
1.989117E-01 1.497839E-02 3.917791E-01 1.712398E-01 -1.464886E+00 5.851269E-01 -6.313391E-02 9.108981E-01 3.401474E-02 0.000000E+00 4.891576E+00 7.898093E+00 
1.314738E-01 2.931754E-02 2.617575E-01 1.575549E-01 -1.082207E+00 4.609448E-01 -5.397059E-02 1.017453E+00 2.952455E-02 8.696121E-03 4.035887E+00 1.000215E+01 
1.522360E-01 1.016126E-02 3.434951E-01 1.623993E-01 -1.300005E+00 3.967540E-01 -1.125936E-01 1.001000E+00 2.502886E-02 1.219521E-03 4.985637E+00 9.956255E+00 
1.615538E-01 1.000000E-04 3.412213E-01 1.667272E-01 -1.331240E+00 6.000000E-01 -1.120535E-01 8.372986E-01 3.482464E-02 8.406065E-03 3.452634E+00 1.145517E+01 
1.198577E-01 2.377206E-02 3.778676E-01 1.596387E-01 -1.208346E+00 5.181937E-01 -8.252983E-02 6.206676E-01 3.120246E-02 3.406849E-03 4.437489E+00 1.219808E+01 
1.669406E-01 1.777847E-02 3.749326E-01 1.591812E-01 -1.200039E+00 5.824599E-01 -1.163331E-01 8.584844E-01 3.380445E-02 1.835325E-03 3.994635E+00 9.367817E+00 
1.005117E-01 1.156623E-02 3.462412E-01 1.523905E-01 -1.460791E+00 6.000000E-01 -1.076687E-01 6.629787E-01 2.369359E-02 1.084726E-06 4.792722E+00 8.927144E+00 
1.163650E-01 2.665511E-02 3.006487E-01 1.490137E-01 -1.497765E+00 5.514240E-01 -1.053451E-01 1.004891E+00 2.696346E-02 6.350303E-03 4.716166E+00 9.048317E+00 
1.534967E-01 1.393864E-02 3.666772E-01 1.548127E-01 -1.456949E+00 5.296966E-01 -1.161540E-01 1.041494E+00 2.611418E-02 0.000000E+00 3.634664E+00 1.073080E+01 
3.652646E-02 4.669953E-02 3.279611E-01 1.386826E-01 -1.085996E+00 5.136951E-01 -6.533419E-02 8.478401E-01 2.929598E-02 5.172697E-03 5.108669E+00 1.117470E+01 
1.061135E-01 1.971060E-02 3.508383E-01 1.597089E-01 -1.329530E+00 6.000000E-01 -1.530186E-01 9.772044E-01 2.637893E-02 6.210538E-03 4.707968E+00 8.057238E+00 
1.650712E-01 1.000000E-04 3.649659E-01 1.683413E-01 -1.254901E+00 5.275420E-01 -1.591366E-01 9.448343E-01 2.660604E-02 6.979961E-03 4.664530E+00 9.810826E+00 
1.425295E-01 1.851767E-02 3.444409E-01 1.547781E-01 -1.373337E+00 6.000000E-01 -1.465141E-01 7.552954E-01 2.633294E-02 9.055020E-03 4.778681E+00 6.850672E+00 
8.244645E-02 5.375853E-02 3.697639E-01 1.449890E-01 -1.221294E+00 2.751859E-01 -4.106652E-02 1.836293E-01 2.796382E-02 1.104110E-02 3.576405E+00 1.181291E+01 
1.061310E-01 4.533739E-02 2.971704E-01 1.528549E-01 -1.146083E+00 4.331382E-01 -3.470980E-02 9.906023E-01 3.102992E-02 8.419118E-03 3.884209E+00 9.950055E+00 
4.643759E-02 9.324893E-03 3.641584E-01 1.756459E-01 -1.489554E+00 4.389848E-01 -6.474748E-02 9.791757E-01 3.100002E-02 5.952426E-04 3.462752E+00 7.714722E+00 
1.410040E-01 1.082089E-02 3.421309E-01 1.622785E-01 -1.345031E+00 4.420359E-01 -1.198344E-01 1.160782E+00 3.116546E-02 3.526884E-03 4.171945E+00 1.246190E+01 
1.566078E-01 4.885777E-02 2.887589E-01 1.549678E-01 -1.499511E+00 3.335825E-01 -2.705935E-02 9.290673E-01 3.915407E-02 8.053858E-03 4.490783E+00 9.157570E+00 
1.046810E-01 5.744893E-02 3.793676E-01 1.368601E-01 -1.155386E+00 3.241508E-01 -4.865414E-02 9.768851E-01 2.829121E-02 9.128672E-03 5.440383E+00 6.625841E+00 
1.259176E-01 2.273989E-02 3.778604E-01 1.555261E-01 -1.220881E+00 5.096251E-01 -7.211116E-02 1.216599E+00 2.947202E-02 1.703318E-02 4.577463E+00 9.588595E+00 
1.203521E-01 3.699271E-02 3.142189E-01 1.434362E-01 -1.186973E+00 5.034279E-01 -6.545553E-02 9.154967E-01 2.543486E-02 3.694735E-03 5.005037E+00 1.305790E+01 
1.505692E-01 1.871294E-02 3.790953E-01 1.601083E-01 -1.126440E+00 5.165948E-01 -6.799248E-02 9.504993E-01 2.708274E-02 6.074244E-03 5.199916E+00 9.869178E+00 
1.386037E-01 9.377588E-03 3.816307E-01 1.669753E-01 -1.354478E+00 5.461013E-01 -1.068475E-01 1.117197E+00 2.915311E-02 0.000000E+00 3.764285E+00 1.033300E+01 
7.913614E-02 5.787269E-02 3.791904E-01 1.362427E-01 -1.359824E+00 4.147226E-01 -1.000000E-02 9.744302E-01 3.145116E-02 6.616178E-03 3.877224E+00 1.099792E+01 
1.047982E-01 1.722065E-02 3.352715E-01 1.642741E-01 -1.240636E+00 4.170119E-01 -1.344021E-01 8.228425E-01 2.569346E-02 0.000000E+00 4.480159E+00 9.545777E+00 
9.598431E-02 1.507660E-02 3.452738E-01 1.505652E-01 -1.315907E+00 4.149213E-01 -8.754841E-02 8.602889E-01 2.756277E-02 8.393995E-03 3.635860E+00 9.856825E+00 
1.169709E-01 1.000000E-04 3.381901E-01 1.704338E-01 -1.302720E+00 5.714296E-01 -9.406073E-02 1.043710E+00 3.138260E-02 2.856953E-03 5.920290E+00 2.410979E+00 
6.254766E-02 6.001080E-02 3.777259E-01 1.548023E-01 -1.301531E+00 5.525981E-01 -4.464322E-02 8.816366E-01 4.026386E-02 9.762826E-03 4.951243E+00 1.123009E+01 
1.639814E-01 2.146790E-02 3.920956E-01 1.760337E-01 -1.420970E+00 6.000000E-01 -1.384715E-01 9.857680E-01 2.185349E-02 3.727337E-03 3.332032E+00 9.146106E+00 
1.373150E-01 4.543978E-02 3.681249E-01 1.601131E-01 -1.131714E+00 5.515408E-01 -4.797503E-02 9.231338E-01 3.233358E-02 7.663106E-03 3.804981E+00 1.062369E+01 
1.020003E-01 5.489328E-03 3.449793E-01 1.587068E-01 -1.712378E+00 5.766167E-01 -8.619418E-02 1.058129E+00 2.921709E-02 3.578893E-03 3.733124E+00 1.028932E+01 
1.727867E-01 3.893542E-02 3.489969E-01 1.823620E-01 -1.609533E+00 5.147698E-01 -8.280867E-02 9.947565E-01 3.185437E-02 7.348155E-03 3.617146E+00 9.080850E+00 
5.648999E-02 3.499019E-02 3.397648E-01 1.601505E-01 -1.375980E+00 5.026982E-01 -7.891633E-02 8.967857E-01 2.473477E-02 1.616732E-03 2.435178E+00 5.522560E+00 
1.410482E-01 1.917267E-02 3.474515E-01 1.623011E-01 -1.333862E+00 5.209815E-01 -4.135363E-02 9.860791E-01 3.054447E-02 6.717372E-03 4.061897E+00 9.596222E+00 
3.100474E-02 7.025857E-02 3.253985E-01 1.704868E-01 -9.211373E-01 3.415777E-01 -2.795724E-02 1.117454E+00 4.326984E-02 1.795415E-02 4.315923E+00 1.085405E+01 
1.400579E-01 3.422665E-02 3.392082E-01 1.602736E-01 -1.414150E+00 6.000000E-01 -1.201633E-01 1.100990E+00 3.175088E-02 6.800394E-03 3.964866E+00 1.072660E+01 
6.588253E-02 4.667618E-02 3.507547E-01 1.582421E-01 -1.240536E+00 3.137737E-01 -1.737464E-02 8.783579E-01 3.202514E-02 1.347183E-02 3.462656E+00 9.278310E+00 
1.641846E-01 3.451927E-02 4.008146E-01 1.570925E-01 -1.326413E+00 5.578078E-01 -7.517264E-02 9.481295E-01 2.774115E-02 6.398382E-04 3.821072E+00 8.412639E+00 
1.777360E-01 2.772428E-02 3.769047E-01 1.707472E-01 -1.577976E+00 5.675139E-01 -1.449177E-01 9.566421E-01 3.217418E-02 4.842468E-03 4.413646E+00 8.283190E+00 
6.642224E-02 4.735948E-02 3.208822E-01 1.465899E-01 -9.346551E-01 4.643011E-01 -1.033982E-01 1.077526E+00 3.521851E-02 2.648303E-03 3.021638E+00 1.549974E+01 
8.866377E-02 4.334649E-02 3.237581E-01 1.501110E-01 -1.359260E+00 2.591694E-01 -1.299177E-02 1.000055E+00 3.955007E-02 8.952687E-03 4.081490E+00 6.836432E+00 
1.237444E-01 7.525077E-03 3.646736E-01 1.624860E-01 -1.666133E+00 5.514787E-01 -7.425147E-02 1.097602E+00 3.046034E-02 3.686020E-03 3.896980E+00 9.326317E+00 
1.380306E-01 1.393565E-02 3.984538E-01 1.652121E-01 -1.519608E+00 4.409476E-01 -7.855680E-02 9.814012E-01 3.058117E-02 2.647490E-03 5.381807E+00 7.473762E+00 
1.127049E-01 2.025782E-02 3.390647E-01 1.598104E-01 -1.341162E+00 4.758199E-01 -8.706234E-02 1.211108E+00 2.982039E-02 4.747167E-03 4.269485E+00 9.562026E+00 
1.485670E-01 2.399543E-03 3.378112E-01 1.589336E-01 -1.452768E+00 5.829234E-01 -1.348031E-02 9.482927E-01 2.763127E-02 5.016844E-03 5.223662E+00 9.865777E+00 
1.488515E-01 1.217447E-02 3.642018E-01 1.672339E-01 -1.646379E+00 5.587749E-01 -1.044502E-01 8.592731E-01 3.342191E-02 5.311983E-04 4.380330E+00 8.852763E+00 
1.517684E-01 7.624586E-03 3.391793E-01 1.687859E-01 -1.364717E+00 4.855593E-01 -9.004728E-02 8.740597E-01 2.225354E-02 2.697496E-03 4.717995E+00 9.314005E+00 
7.881162E-02 5.052615E-02 3.215765E-01 1.471037E-01 -1.035756E+00 2.637631E-01 -7.143685E-02 1.151537E+00 3.909099E-02 3.076014E-03 3.070869E+00 1.083915E+01 
1.123629E-01 3.732986E-02 3.649289E-01 1.637681E-01 -1.278097E+00 3.800159E-01 -8.761402E-02 1.022975E+00 3.626533E-02 8.541673E-03 4.185772E+00 1.019283E+01 
1.395848E-01 4.023917E-02 3.158786E-01 1.613131E-01 -1.322521E+00 5.104969E-01 -9.396214E-02 8.896258E-01 3.281758E-02 0.000000E+00 3.032944E+00 9.957339E+00 
9.487562E-02 1.757513E-02 3.628699E-01 1.627725E-01 -1.314470E+00 5.132195E-01 -1.002592E-01 1.122185E+00 2.718568E-02 2.218581E-02 5.015379E+00 6.118480E+00 
1.230814E-01 3.685491E-02 3.967433E-01 1.589963E-01 -8.097171E-01 3.935642E-01 -5.611593E-02 8.562328E-01 2.717981E-02 1.513373E-03 4.338474E+00 8.775802E+00 
8.540856E-02 1.558052E-02 3.240738E-01 1.305659E-01 -9.434412E-01 4.652916E-01 -7.344222E-02 9.271520E-01 3.147976E-02 6.266847E-03 3.636047E+00 1.217924E+01 
8.947325E-02 1.230865E-02 3.048195E-01 1.681620E-01 -1.074755E+00 5.271745E-01 -6.615925E-02 8.728286E-01 3.530838E-02 1.359013E-02 5.146689E+00 8.802296E+00 
1.458022E-01 2.339098E-02 3.719196E-01 1.734710E-01 -1.466962E+00 5.317208E-01 -9.855788E-02 6.978977E-01 3.222622E-02 1.845262E-03 4.295979E+00 9.109249E+00 
1.246763E-01 4.413172E-02 3.847616E-01 1.501348E-01 -1.519692E+00 3.794634E-01 -2.588604E-02 1.103511E+00 3.205860E-02 5.806000E-03 4.863879E+00 8.188688E+00 
8.226676E-02 3.585942E-02 3.354785E-01 1.412840E-01 -1.302943E+00 2.803401E-01 -4.358951E-02 1.066373E+00 2.916425E-02 1.617300E-03 3.451380E+00 1.364495E+01 
9.279473E-02 5.195496E-02 3.851378E-01 1.449046E-01 -1.286509E+00 4.098784E-01 -8.319590E-02 7.795146E-01 3.447152E-02 1.101927E-02 6.919765E+00 2.205632E+00 
1.255052E-01 1.747945E-02 3.383247E-01 1.596280E-01 -1.536297E+00 4.065753E-01 -1.702248E-02 8.658119E-01 3.105787E-02 1.915632E-03 3.881678E+00 1.067599E+01 
9.087531E-02 2.649029E-02 3.610439E-01 1.533823E-01 -1.071334E+00 5.315499E-01 -5.971362E-02 8.701556E-01 3.139705E-02 5.004619E-02 5.153568E+00 7.674367E+00 
1.101744E-01 2.880137E-02 3.222265E-01 1.663385E-01 -1.027156E+00 4.327077E-01 -1.231079E-01 9.595007E-01 3.366115E-02 0.000000E+00 4.284823E+00 9.971869E+00 
1.518431E-01 1.786331E-02 3.610234E-01 1.610994E-01 -1.225257E+00 5.448655E-01 -1.359651E-01 7.759093E-01 3.492798E-02 3.681542E-03 5.163507E+00 9.053422E+00 
1.354973E-01 1.845552E-02 3.579892E-01 1.618195E-01 -1.423636E+00 4.545232E-01 -4.603844E-02 9.610442E-01 2.543216E-02 4.834315E-03 3.739590E+00 1.230291E+01 
1.063394E-01 3.695480E-02 2.144184E-01 1.459237E-01 -1.397249E+00 4.457404E-01 -1.165521E-01 9.264845E-01 2.588462E-02 4.035528E-03 4.005201E+00 8.721456E+00 
8.854795E-02 4.129148E-02 3.918942E-01 1.428192E-01 -9.229657E-01 5.331480E-01 -3.460465E-02 9.802356E-01 3.029746E-02 1.096602E-02 3.345715E+00 1.115992E+01 
1.400642E-01 8.074267E-03 3.398853E-01 1.675767E-01 -1.213156E+00 5.599108E-01 -1.141622E-01 1.013567E+00 2.735699E-02 3.337184E-03 3.678821E+00 1.145475E+01 
1.610538E-01 3.093838E-02 2.691358E-01 1.398875E-01 -1.102214E+00 5.053274E-01 -8.543975E-02 1.010259E+00 2.938330E-02 3.965464E-03 3.411409E+00 9.492760E+00 
7.123309E-02 2.078993E-02 3.732556E-01 1.633292E-01 -1.059027E+00 5.972719E-01 -4.849422E-02 8.225800E-01 3.123497E-02 1.565780E-02 4.585146E+00 8.026214E+00 
1.177247E-01 2.254584E-02 3.238796E-01 1.554082E-01 -1.362873E+00 4.435565E-01 -4.574917E-02 9.312082E-01 2.695264E-02 7.444892E-03 4.619434E+00 8.621105E+00 
1.631693E-01 1.754528E-02 3.353908E-01 1.629195E-01 -1.261228E+00 5.108487E-01 -6.417378E-02 8.780330E-01 2.694464E-02 5.494368E-03 4.238408E+00 8.238700E+00 
1.619506E-01 1.453897E-02 3.707118E-01 1.665006E-01 -1.469841E+00 5.183864E-01 -1.436708E-01 7.180363E-01 3.265299E-02 1.488264E-03 4.732313E+00 8.125331E+00 
1.465688E-01 9.580938E-03 3.438216E-01 1.492679E-01 -1.610732E+00 5.272285E-01 -6.888396E-02 9.451431E-01 3.251184E-02 1.778825E-03 4.524257E+00 1.015251E+01 
1.921782E-01 3.982587E-02 3.807770E-01 1.533257E-01 -1.354164E+00 6.000000E-01 -9.677641E-02 9.765709E-01 3.444710E-02 3.189610E-03 5.404150E+00 9.366074E+00 
1.350720E-01 2.648406E-03 3.623263E-01 1.622394E-01 -1.485524E+00 5.562256E-01 -8.655858E-02 7.962773E-01 2.815402E-02 1.008338E-03 4.293430E+00 9.593008E+00 
1.473051E-01 6.976443E-03 3.396637E-01 1.569730E-01 -1.396146E+00 5.005686E-01 -1.410822E-01 7.712677E-01 2.624395E-02 9.651463E-04 3.953468E+00 1.072067E+01 
2.843674E-02 4.574823E-02 3.503898E-01 1.678886E-01 -1.243821E+00 5.459358E-01 -3.348652E-02 1.185255E+00 3.097084E-02 2.519830E-02 5.502280E+00 7.762073E+00 
1.345626E-01 1.584402E-02 3.348376E-01 1.721746E-01 -1.565070E+00 5.442567E-01 -7.769249E-02 9.054025E-01 3.265654E-02 1.833782E-02 3.154655E+00 7.701639E+00 
1.377995E-01 8.950911E-03 3.344151E-01 1.636368E-01 -1.321423E+00 5.554669E-01 -5.987143E-02 1.006400E+00 2.668850E-02 4.426668E-03 4.149320E+00 1.344185E+01 
1.195636E-01 7.022327E-02 3.565961E-01 1.514230E-01 -1.230330E+00 3.988945E-01 -3.690456E-02 9.977814E-01 3.463732E-02 2.269929E-02 4.383666E+00 6.508147E+00 
6.574310E-02 5.307015E-02 3.054115E-01 1.552402E-01 -1.514929E+00 2.492320E-01 -5.012788E-02 1.041547E+00 2.791678E-02 1.796835E-03 3.880733E+00 1.238076E+01 
1.181449E-01 2.098901E-02 3.342076E-01 1.550436E-01 -1.284651E+00 5.858844E-01 -6.122156E-02 9.796788E-01 2.498155E-02 2.754166E-03 4.768682E+00 7.709495E+00 
1.393651E-01 5.309598E-02 3.648369E-01 1.618041E-01 -1.088363E+00 5.233376E-01 -1.001013E-01 8.990948E-01 3.527731E-02 1.092196E-02 5.063851E+00 9.691214E+00 
1.542559E-01 2.396854E-02 3.590750E-01 1.702100E-01 -1.416307E+00 3.933920E-01 -1.390473E-01 8.476847E-01 3.281277E-02 1.716495E-03 3.817519E+00 9.290686E+00 
1.166505E-01 2.094714E-02 3.582716E-01 1.721899E-01 -1.421688E+00 6.000000E-01 -9.913851E-02 8.189066E-01 2.958311E-02 1.183560E-03 5.460850E+00 9.499748E+00 
6.738361E-02 1.961101E-02 3.748067E-01 1.579884E-01 -1.488037E+00 5.081421E-01 -1.427487E-01 1.062672E+00 2.646081E-02 4.533836E-03 5.547147E+00 1.218500E+01 
1.030409E-01 2.153777E-02 3.376091E-01 1.558232E-01 -1.360908E+00 4.784611E-01 -2.196779E-02 5.848100E-01 3.085901E-02 1.616453E-02 3.619714E+00 1.072561E+01 
1.279606E-01 6.732759E-03 3.893706E-01 1.595387E-01 -1.579073E+00 4.995340E-01 -2.399381E-02 8.994181E-01 2.535077E-02 4.201530E-03 4.993697E+00 8.108854E+00 
8.817205E-02 4.349229E-02 3.562251E-01 1.493116E-01 -1.012828E+00 3.007416E-01 -6.156923E-02 1.072574E+00 3.798276E-02 2.593919E-02 4.620758E+00 5.866196E+00 
1.235903E-01 9.098439E-03 3.351166E-01 1.627367E-01 -1.347495E+00 4.643438E-01 -1.086759E-01 7.606133E-01 3.372684E-02 1.876844E-03 3.483512E+00 1.128845E+01 
3.399650E-02 1.891165E-02 4.317713E-01 1.407860E-01 -1.131629E+00 3.872196E-01 -4.511380E-02 9.042989E-01 2.360199E-02 4.809546E-03 4.277772E+00 1.003793E+01 
1.436300E-01 2.044902E-02 3.854717E-01 1.672321E-01 -1.450305E+00 4.250060E-01 -7.175822E-02 1.011678E+00 2.892890E-02 4.770606E-03 4.413263E+00 7.191809E+00 
1.256511E-01 4.948200E-02 3.743323E-01 1.516208E-01 -1.149871E+00 4.945153E-01 -1.118075E-01 1.011970E+00 3.891514E-02 1.357588E-02 5.920532E+00 8.959022E+00 
1.001224E-01 7.477600E-03 3.386298E-01 1.405643E-01 -1.412852E+00 5.378358E-01 -1.409063E-01 9.012072E-01 3.180433E-02 1.195214E-02 4.597057E+00 1.169603E+01 
1.136372E-01 3.607915E-02 3.479828E-01 1.630849E-01 -1.411211E+00 4.752013E-01 -5.850398E-02 1.069310E+00 2.854465E-02 2.086649E-03 4.538944E+00 1.110586E+01 
1.270332E-01 1.646344E-02 3.878984E-01 1.564513E-01 -1.319234E+00 4.903523E-01 -8.038582E-02 8.417227E-01 3.047942E-02 6.814498E-03 4.653580E+00 1.059972E+01 
1.485660E-01 2.066660E-02 3.872057E-01 1.674712E-01 -1.563303E+00 6.000000E-01 -1.302471E-01 8.665501E-01 2.911841E-02 6.405154E-03 4.829802E+00 9.853696E+00 
7.953458E-02 9.113098E-03 3.435974E-01 1.606937E-01 -1.453163E+00 5.438382E-01 -7.853703E-02 8.953373E-01 2.606880E-02 1.230942E-02 3.767932E+00 9.042938E+00 
1.406338E-01 2.556728E-02 3.094931E-01 1.639523E-01 -1.286327E+00 3.930460E-01 -6.816551E-02 9.223308E-01 2.835224E-02 5.241135E-03 5.633274E+00 7.330986E+00 
1.316783E-01 1.614892E-02 3.786820E-01 1.611196E-01 -1.524171E+00 6.000000E-01 -7.076570E-02 1.217008E+00 3.246279E-02 1.629819E-03 3.864509E+00 7.910993E+00 
1.367315E-01 2.114238E-02 4.007600E-01 1.597399E-01 -1.446335E+00 5.737957E-01 -1.431115E-02 8.027240E-01 2.764727E-02 2.662868E-03 4.491851E+00 9.206633E+00 
1.492170E-01 4.415414E-02 3.245304E-01 1.552311E-01 -1.154483E+00 5.068454E-01 -1.371635E-02 9.401474E-01 3.401390E-02 7.724149E-03 4.485447E+00 1.051317E+01 
1.393663E-01 1.577540E-02 2.454824E-01 1.461776E-01 -1.300242E+00 5.890546E-01 -9.619068E-02 9.863010E-01 3.331954E-02 6.513114E-03 4.004816E+00 7.671275E+00 
1.250310E-01 5.829368E-02 3.343395E-01 1.463899E-01 -1.452042E+00 5.474091E-01 -7.748415E-02 9.480852E-01 2.681740E-02 1.881749E-02 4.021314E+00 1.354760E+01 
6.452110E-02 4.672475E-02 2.756364E-01 1.547875E-01 -8.475950E-01 3.144546E-01 -5.043272E-02 8.598173E-01 3.030413E-02 3.302734E-03 3.590584E+00 1.117490E+01 
1.434536E-01 9.713561E-04 3.550043E-01 1.535637E-01 -1.370736E+00 6.000000E-01 -1.067766E-01 8.655045E-01 3.205995E-02 3.803310E-03 4.176458E+00 9.929171E+00 
6.483072E-02 3.739532E-02 2.998968E-01 1.555229E-01 -1.114507E+00 4.312316E-01 -1.156310E-01 1.050227E+00 3.384755E-02 0.000000E+00 3.586914E+00 9.387082E+00 
1.456622E-01 2.364133E-02 3.777891E-01 1.463815E-01 -1.256789E+00 5.546603E-01 -1.223717E-01 8.694609E-01 2.717865E-02 1.344997E-03 4.739382E+00 1.029331E+01 
8.409975E-02 1.959058E-02 3.755193E-01 1.555999E-01 -1.126073E+00 4.315388E-01 -7.756038E-02 8.509684E-01 2.791343E-02 7.182093E-03 4.634172E+00 8.259669E+00 
1.283882E-01 1.219779E-02 3.703083E-01 1.614079E-01 -1.281502E+00 3.899424E-01 -1.049913E-01 9.754880E-01 3.399404E-02 1.675021E-03 3.531235E+00 1.074074E+01 
1.635872E-01 1.314572E-02 3.709110E-01 1.652565E-01 -1.306010E+00 5.465254E-01 -1.700185E-01 8.445850E-01 2.855453E-02 1.324844E-03 4.743325E+00 7.146531E+00 
1.346745E-01 1.773192E-02 3.398183E-01 1.470500E-01 -1.291782E+00 5.566984E-01 -9.719314E-02 9.630115E-01 3.257087E-02 7.232177E-03 3.717226E+00 1.161545E+01 
1.564786E-01 8.438182E-03 3.626974E-01 1.661672E-01 -1.298327E+00 5.063659E-01 -7.407599E-02 9.912781E-01 3.052845E-02 1.654238E-03 5.534751E+00 9.257872E+00 
1.141164E-01 1.834709E-02 3.628740E-01 1.604256E-01 -1.524568E+00 3.345938E-01 -1.265298E-01 9.272394E-01 2.735522E-02 6.035459E-03 4.150669E+00 8.036927E+00 
1.465894E-01 9.221677E-03 3.624222E-01 1.686277E-01 -1.558480E+00 5.666138E-01 -1.262546E-01 9.082340E-01 1.964231E-02 3.806087E-03 3.859920E+00 1.172214E+01 
1.695351E-01 1.896236E-02 4.162165E-01 1.480933E-01 -1.467877E+00 5.175125E-01 -1.068981E-01 8.795142E-01 2.968870E-02 6.036308E-03 4.684788E+00 8.748193E+00 
1.751068E-01 4.499234E-02 3.846786E-01 1.741562E-01 -1.567247E+00 5.425229E-01 -1.086000E-01 1.007987E+00 3.709084E-02 9.716541E-04 3.709223E+00 8.747947E+00 
1.067311E-01 2.314790E-02 3.469110E-01 1.458020E-01 -1.169436E+00 4.449703E-01 -4.440560E-02 9.389514E-01 3.161270E-02 1.650101E-02 5.125233E+00 9.693510E+00 
1.060835E-01 3.232331E-02 3.044451E-01 1.612452E-01 -1.338376E+00 3.738911E-01 -6.294178E-02 9.560827E-01 2.726541E-02 1.203718E-02 4.525862E+00 9.548300E+00 
1.575017E-01 1.131715E-02 3.711694E-01 1.659973E-01 -1.559782E+00 5.464387E-01 -1.034612E-01 8.817413E-01 2.682014E-02 3.080289E-03 4.795322E+00 8.329361E+00 
1.431045E-01 9.214338E-03 3.573420E-01 1.656031E-01 -1.868094E+00 5.932744E-01 -1.603938E-02 1.145003E+00 3.500977E-02 7.817377E-04 4.420162E+00 7.125117E+00 
1.690126E-01 6.649364E-03 3.648863E-01 1.706213E-01 -1.336962E+00 5.304022E-01 -1.006578E-01 8.520970E-01 3.411161E-02 2.740149E-03 4.405832E+00 9.224685E+00 
1.499730E-01 2.865544E-02 3.341284E-01 1.659272E-01 -1.261504E+00 5.713694E-01 -8.411168E-02 8.514239E-01 2.884638E-02 2.355193E-03 4.297207E+00 8.215796E+00 
2.344455E-02 5.867437E-02 3.025170E-01 1.434785E-01 -8.804283E-01 4.808010E-01 -6.561508E-02 9.679119E-01 4.076373E-02 1.140765E-02 3.377549E+00 9.012798E+00 
1.491490E-01 1.595468E-02 3.505987E-01 1.695066E-01 -1.328364E+00 4.645839E-01 -5.129735E-02 7.570820E-01 3.191266E-02 3.124093E-03 5.334863E+00 1.531961E+01 
1.565342E-01 2.012165E-02 3.532783E-01 1.732183E-01 -1.575283E+00 5.641503E-01 -1.213474E-01 1.097902E+00 3.222968E-02 3.833060E-03 4.731349E+00 7.588465E+00 
1.047048E-01 1.630153E-02 3.628665E-01 1.629854E-01 -1.417494E+00 5.059186E-01 -8.878280E-02 9.644483E-01 2.645215E-02 1.411321E-02 2.962719E+00 8.542449E+00 
1.561713E-01 1.445824E-02 3.699029E-01 1.636438E-01 -1.416519E+00 5.868250E-01 -1.095650E-01 1.004496E+00 2.654344E-02 2.639589E-03 4.791605E+00 9.219554E+00 
1.657520E-01 1.931623E-02 3.618102E-01 1.594606E-01 -1.420948E+00 5.105351E-01 -1.347137E-01 1.011551E+00 3.399196E-02 5.965995E-03 3.875669E+00 6.844718E+00 
1.058182E-01 1.952985E-02 3.430666E-01 1.588061E-01 -1.537176E+00 5.103574E-01 -3.260204E-02 9.751979E-01 3.208371E-02 1.479062E-02 4.518224E+00 1.134130E+01 
1.927086E-01 9.277964E-03 3.369929E-01 1.262881E-01 -1.209478E+00 5.705316E-01 -1.305832E-01 9.957141E-01 2.971758E-02 4.123748E-03 3.792378E+00 8.193395E+00 
7.391192E-02 3.398526E-02 3.191373E-01 1.535032E-01 -1.371992E+00 5.029317E-01 -6.302817E-02 9.004057E-01 3.606055E-02 3.265214E-03 5.237678E+00 7.126338E+00 
1.631710E-01 4.364413E-02 3.431864E-01 1.733198E-01 -1.303492E+00 6.000000E-01 -1.278400E-01 9.163591E-01 3.400874E-02 5.577680E-03 5.153650E+00 8.783881E+00 
1.346253E-01 4.491836E-02 3.888164E-01 1.713851E-01 -1.584658E+00 4.252274E-01 -7.892328E-02 1.053714E+00 2.609918E-02 7.182589E-03 3.279604E+00 8.103107E+00 
1.235808E-01 2.239583E-02 3.035591E-01 1.657745E-01 -1.161356E+00 5.446288E-01 -1.324739E-01 9.075459E-01 3.034549E-02 1.736512E-02 3.909953E+00 8.909151E+00 
8.553296E-02 5.161771E-02 3.226591E-01 1.549828E-01 -1.200327E+00 4.586216E-01 -7.792161E-02 1.048546E+00 2.866149E-02 0.000000E+00 4.621681E+00 5.208731E+00 
1.295959E-01 3.483504E-02 3.561279E-01 1.683356E-01 -1.544548E+00 5.353709E-01 -9.088023E-02 9.855305E-01 2.764343E-02 1.708611E-03 4.478305E+00 9.283254E+00 
1.514440E-01 1.180381E-02 3.795988E-01 1.654541E-01 -1.485449E+00 5.425417E-01 -2.670926E-02 1.009927E+00 3.244020E-02 2.309065E-03 3.428950E+00 8.955501E+00 
1.864928E-01 1.000000E-04 3.655183E-01 1.697299E-01 -1.444115E+00 5.581033E-01 -1.687096E-01 8.124849E-01 2.774153E-02 4.051412E-04 5.316528E+00 8.219333E+00 
1.007886E-01 3.777340E-02 3.639305E-01 1.568598E-01 -1.006113E+00 5.240753E-01 -1.112444E-01 9.480780E-01 3.035552E-02 1.274879E-02 4.527593E+00 1.293527E+00 
1.393496E-01 1.639777E-02 3.228662E-01 1.538464E-01 -1.354894E+00 5.226695E-01 -1.118849E-01 1.070518E+00 2.778707E-02 3.056097E-03 4.922951E+00 9.415273E+00 
1.776938E-02 3.001360E-02 3.406953E-01 1.554297E-01 -1.321374E+00 4.776072E-01 -6.942766E-02 9.350261E-01 2.984239E-02 1.476234E-03 3.578160E+00 1.379145E+01 
1.571525E-01 3.116475E-02 3.217920E-01 1.654176E-01 -1.543109E+00 5.572952E-01 -4.721113E-02 8.065618E-01 3.060073E-02 0.000000E+00 5.559269E+00 1.268332E+01 
1.709006E-01 1.000000E-04 3.515091E-01 1.621799E-01 -1.317112E+00 6.000000E-01 -4.695485E-02 8.786298E-01 3.170126E-02 2.650244E-03 3.998208E+00 9.237920E+00 
1.374858E-01 2.345629E-02 3.457380E-01 1.526727E-01 -1.115644E+00 3.133933E-01 -2.967060E-02 8.675741E-01 3.189411E-02 6.014519E-03 3.765252E+00 1.111159E+01 
1.336688E-01 3.192245E-02 4.523905E-01 1.582793E-01 -1.062966E+00 3.525978E-01 -6.362191E-02 8.305877E-01 3.616431E-02 2.896007E-03 4.933007E+00 7.019974E+00 
1.283581E-01 3.919113E-02 3.529993E-01 1.669524E-01 -8.962868E-01 5.742909E-01 -1.659488E-01 9.512109E-01 3.525821E-02 2.259447E-02 5.091096E+00 7.577373E+00 
1.468008E-01 1.685010E-02 3.980226E-01 1.518075E-01 -1.145201E+00 4.849923E-01 -5.885491E-02 9.567220E-01 2.705495E-02 1.377768E-02 2.834783E+00 6.449014E+00 
1.567160E-01 1.135374E-02 3.778806E-01 1.653133E-01 -1.527180E+00 5.611037E-01 -5.880192E-02 8.367989E-01 2.932643E-02 6.467656E-03 3.769432E+00 7.921799E+00 
1.737476E-01 1.500933E-02 3.456087E-01 1.602192E-01 -1.447074E+00 5.884578E-01 -1.838306E-01 9.573970E-01 2.715494E-02 3.838977E-03 3.854412E+00 8.452736E+00 
1.039793E-01 1.078554E-02 3.523825E-01 1.532797E-01 -1.339517E+00 5.722402E-01 -1.205383E-01 9.496454E-01 2.878498E-02 2.130570E-03 3.909086E+00 9.368667E+00 
1.157771E-01 1.407858E-02 3.619972E-01 1.691602E-01 -1.606476E+00 5.788436E-01 -8.030993E-02 9.608783E-01 4.217260E-02 1.675388E-02 3.395611E+00 9.512262E+00 
