1.452351E-01 1.814445E-02 3.699338E-01 1.750509E-01 -1.258498E+00 4.746129E-01 -3.523787E-02 1.106953E+00 3.311032E-02 5.693311E-03 5.412285E+00 9.928413E+00 
1.387926E-01 2.590166E-02 3.436028E-01 1.628224E-01 -1.672342E+00 5.085594E-01 -8.830346E-02 9.452561E-01 3.275692E-02 2.122191E-03 4.397641E+00 9.603719E+00 
1.314844E-01 2.138902E-02 2.637806E-01 1.525451E-01 -1.395261E+00 6.000000E-01 -5.503391E-02 9.349279E-01 3.014727E-02 6.188236E-03 3.715822E+00 6.200932E+00 
1.499797E-01 4.562356E-02 3.642678E-01 1.673758E-01 -1.446153E+00 5.668191E-01 -1.123288E-01 1.146365E+00 3.227218E-02 0.000000E+00 5.039172E+00 7.841314E+00 
9.399145E-02 2.567200E-02 3.506238E-01 1.213277E-01 -1.397779E+00 5.103459E-01 -4.818961E-02 8.854135E-01 2.440895E-02 9.626500E-03 4.676833E+00 1.364286E+01 
9.611535E-02 2.761593E-02 3.654425E-01 1.495756E-01 -1.056397E+00 3.397770E-01 -8.209590E-02 9.058226E-01 3.933394E-02 1.305846E-02 4.559743E+00 6.938432E+00 
8.966833E-02 4.743503E-02 3.151702E-01 1.639812E-01 -1.621702E+00 5.128599E-01 -1.073239E-01 1.021972E+00 3.527436E-02 6.947782E-04 2.765978E+00 1.149753E+01 
1.138669E-01 7.910909E-03 3.555562E-01 1.552716E-01 -1.305460E+00 5.006023E-01 -8.989407E-02 1.091469E+00 3.420494E-02 1.951519E-03 4.421971E+00 8.126664E+00 
1.782051E-01 1.215141E-02 3.857083E-01 1.861280E-01 -1.757773E+00 5.906945E-01 -1.000000E-02 9.362191E-01 2.937762E-02 1.013158E-02 4.786912E+00 7.930717E+00 
1.129305E-01 7.877663E-03 3.864840E-01 1.583049E-01 -1.327000E+00 5.439523E-01 -9.905257E-02 9.772006E-01 2.939503E-02 4.970530E-03 4.332546E+00 7.773009E+00 
1.571350E-01 8.358906E-03 3.595045E-01 1.600374E-01 -1.350355E+00 5.698523E-01 -1.154526E-01 8.565234E-01 2.994260E-02 1.929430E-03 4.471346E+00 9.004598E+00 
9.022887E-02 8.631499E-03 4.062060E-01 1.681728E-01 -1.057717E+00 5.493257E-01 -1.769542E-01 9.565365E-01 3.266658E-02 3.914951E-03 6.096301E+00 7.566601E+00 
1.361666E-01 2.613054E-02 3.688625E-01 1.907900E-01 -1.327013E+00 5.819786E-01 -1.022400E-01 8.818913E-01 2.901897E-02 2.936570E-04 4.597744E+00 7.238042E+00 
1.411313E-01 3.300178E-02 3.601938E-01 1.839920E-01 -1.154423E+00 5.974036E-01 -9.299785E-02 1.005142E+00 2.753242E-02 4.608092E-03 4.685222E+00 9.797485E+00 
1.354758E-01 3.159937E-02 3.815527E-01 1.586645E-01 -1.356318E+00 5.425112E-01 -2.000000E-01 9.012524E-01 3.095449E-02 9.616249E-03 4.524428E+00 7.646361E+00 
1.662686E-01 1.429654E-02 3.872989E-01 1.636134E-01 -1.193586E+00 5.891472E-01 -1.300774E-01 9.021746E-01 2.566335E-02 3.992739E-03 4.551152E+00 7.683177E+00 
1.423634E-01 2.333853E-02 3.648911E-01 1.609143E-01 -1.376986E+00 5.657705E-01 -1.248099E-01 1.031281E+00 2.918219E-02 1.101912E-03 4.182415E+00 9.826699E+00 
4.437602E-02 3.881232E-02 3.301282E-01 1.441060E-01 -1.302022E+00 4.163032E-01 -2.564767E-02 8.780606E-01 2.955273E-02 8.557695E-03 3.326744E+00 9.671336E+00 
9.619176E-02 8.026170E-02 3.524585E-01 1.540101E-01 -1.239926E+00 3.497327E-01 -1.328994E-01 6.959150E-01 3.644015E-02 1.348471E-02 4.711196E+00 6.590907E+00 
1.140111E-01 4.293406E-02 3.258376E-01 1.714609E-01 -1.370399E+00 5.374217E-01 -8.129976E-02 9.196594E-01 3.236499E-02 1.308434E-03 4.434630E+00 9.044058E+00 
1.006263E-01 2.718605E-02 3.510038E-01 1.468057E-01 -1.378937E+00 2.136173E-01 -1.917572E-02 1.028917E+00 3.099774E-02 1.021814E-02 4.729795E+00 1.073499E+01 
1.045826E-01 1.096078E-02 3.516546E-01 1.524268E-01 -1.156862E+00 4.201508E-01 -5.564308E-02 9.429191E-01 3.062306E-02 9.003271E-03 3.660250E+00 1.086483E+01 
1.185717E-01 2.110555E-02 3.269711E-01 1.632057E-01 -1.221337E+00 3.507990E-01 -9.280729E-02 9.253097E-01 2.648764E-02 7.437683E-04 4.139596E+00 1.033124E+01 
1.201498E-01 1.043631E-02 3.797326E-01 1.577645E-01 -1.427231E+00 4.780626E-01 -9.664069E-02 8.905873E-01 2.570361E-02 3.866034E-03 4.431626E+00 1.008523E+01 
1.296325E-01 2.769730E-02 3.454271E-01 1.676103E-01 -1.424205E+00 6.000000E-01 -8.716424E-02 9.405571E-01 3.032612E-02 8.495331E-03 5.010769E+00 6.077983E+00 
1.666959E-01 1.381125E-02 3.565885E-01 1.627081E-01 -1.455753E+00 5.176204E-01 -5.984138E-02 9.093402E-01 2.733871E-02 0.000000E+00 4.522922E+00 5.373621E+00 
1.481102E-01 1.000198E-02 3.999012E-01 1.595326E-01 -1.168745E+00 4.904545E-01 -1.016805E-01 9.583988E-01 3.550201E-02 9.549791E-03 4.713920E+00 8.340407E+00 
1.062742E-01 4.067786E-02 3.768913E-01 1.585344E-01 -1.255473E+00 4.728252E-01 -7.387718E-02 9.341049E-01 3.752221E-02 6.730268E-03 4.804534E+00 9.038804E+00 
1.446158E-01 4.242814E-02 3.560203E-01 1.643953E-01 -1.366616E+00 5.255892E-01 -7.333043E-02 9.547913E-01 2.631419E-02 2.673575E-03 4.398723E+00 1.005548E+01 
1.641438E-01 1.065472E-02 3.734875E-01 1.624498E-01 -1.360380E+00 5.691232E-01 -1.117239E-01 9.879801E-01 3.153388E-02 4.341588E-03 4.111112E+00 8.537060E+00 
1.093115E-01 1.665814E-02 3.623939E-01 1.476309E-01 -1.267304E+00 4.037330E-01 -5.696513E-02 7.959309E-01 3.272443E-02 5.397960E-03 3.644089E+00 1.337992E+01 
8.867563E-02 4.153490E-02 2.724571E-01 1.614989E-01 -1.378798E+00 5.265839E-01 -1.067301E-01 9.290705E-01 3.635948E-02 4.899223E-05 3.328291E+00 1.083583E+01 
1.274673E-01 1.340607E-02 3.766201E-01 1.508169E-01 -1.289902E+00 5.015910E-01 -6.541390E-02 4.980167E-01 3.153326E-02 4.248496E-03 4.641962E+00 1.287596E+01 
1.345797E-01 3.496693E-02 3.178187E-01 1.405269E-01 -8.640760E-01 3.527881E-01 -5.487622E-02 7.854239E-01 3.370378E-02 4.944943E-03 4.149298E+00 1.243416E+01 
8.101438E-02 1.402552E-02 3.495404E-01 1.573515E-01 -1.553097E+00 3.086337E-01 -1.467564E-01 9.490874E-01 3.106147E-02 0.000000E+00 4.222736E+00 1.269366E+01 
1.479887E-01 7.768179E-03 3.443357E-01 1.655886E-01 -1.469492E+00 5.978740E-01 -1.463523E-01 1.035953E+00 2.366431E-02 2.240852E-03 5.089660E+00 6.879077E+00 
1.121166E-01 4.699297E-02 3.362749E-01 1.529114E-01 -1.273422E+00 2.893533E-01 -1.043702E-01 1.101980E+00 3.355363E-02 2.272636E-02 4.140258E+00 3.952305E+00 
2.813046E-02 3.277540E-02 3.332004E-01 1.330335E-01 -1.261862E+00 5.485383E-01 -8.119483E-02 8.031976E-01 3.056955E-02 0.000000E+00 4.187850E+00 9.724208E+00 
1.658537E-01 2.767390E-02 3.253965E-01 1.547279E-01 -1.384524E+00 5.586815E-01 -1.339086E-01 8.553869E-01 2.564765E-02 4.846081E-03 4.329187E+00 9.567753E+00 
6.786923E-02 6.123319E-02 4.148549E-01 1.437180E-01 -1.451835E+00 3.198359E-01 -3.369532E-02 1.380959E-02 2.901044E-02 1.040746E-02 4.588897E+00 9.683488E+00 
1.580692E-01 4.201459E-02 3.880416E-01 1.367379E-01 -1.165481E+00 2.978921E-01 -6.197117E-02 8.934946E-01 2.503039E-02 1.877451E-03 3.579036E+00 8.347408E+00 
1.777927E-01 3.422328E-02 3.424749E-01 1.430724E-01 -1.070847E+00 3.784754E-01 -6.339655E-02 1.019806E+00 3.051215E-02 9.391198E-03 3.566578E+00 5.977649E+00 
8.479552E-02 7.077548E-02 4.063816E-01 1.486265E-01 -1.243681E+00 4.668277E-01 -1.593305E-01 9.054213E-01 3.172970E-02 4.436715E-02 3.532228E+00 7.868186E+00 
1.490014E-01 4.802089E-02 3.408403E-01 1.595466E-01 -1.146957E+00 2.919177E-01 -4.539821E-02 8.573563E-01 2.934200E-02 6.859388E-03 4.729089E+00 1.094249E+01 
1.186619E-01 3.598388E-02 3.517498E-01 1.598646E-01 -1.520404E+00 4.171502E-01 -1.090196E-01 9.703273E-01 4.512466E-02 8.795298E-03 5.590985E+00 6.437836E+00 
1.498959E-01 3.971499E-02 3.571430E-01 1.640748E-01 -1.406590E+00 1.000000E-01 -3.657190E-02 8.874666E-01 2.491092E-02 4.256336E-03 3.517327E+00 8.278929E+00 
1.206052E-01 1.367691E-02 3.225688E-01 1.497396E-01 -1.315052E+00 4.320628E-01 -7.675624E-02 1.091823E+00 2.700695E-02 1.653540E-02 4.209294E+00 6.466893E+00 
1.379309E-01 6.620700E-03 3.404023E-01 1.534411E-01 -1.390750E+00 5.311750E-01 -7.862133E-02 1.026708E+00 2.536218E-02 9.240898E-03 4.633748E+00 7.231178E+00 
1.133914E-01 3.476960E-02 3.427998E-01 1.506370E-01 -1.126039E+00 4.609902E-01 -1.162176E-01 1.058111E+00 3.080482E-02 4.940507E-03 5.957516E+00 1.086428E+01 
1.550130E-01 6.307432E-03 3.778608E-01 1.626544E-01 -1.479686E+00 5.777459E-01 -1.179333E-01 8.672617E-01 3.292079E-02 5.534874E-03 4.166030E+00 9.145997E+00 
9.396919E-02 4.069277E-02 3.481110E-01 1.636165E-01 -1.317013E+00 4.734267E-01 -9.116880E-02 9.282253E-01 2.705729E-02 7.627412E-03 4.367700E+00 7.893880E+00 
1.534996E-01 1.634616E-02 3.630281E-01 1.613548E-01 -1.417081E+00 5.905147E-01 -1.327946E-01 9.034398E-01 2.910574E-02 1.467045E-03 4.551832E+00 9.513221E+00 
1.215527E-01 4.392913E-02 3.530339E-01 1.634753E-01 -1.359838E+00 4.244688E-01 -1.152633E-02 5.983774E-01 3.268820E-02 7.028784E-03 5.157324E+00 9.753699E+00 
1.894123E-01 8.102767E-03 3.077368E-01 1.721022E-01 -1.493857E+00 4.246754E-01 -3.465655E-02 9.021196E-01 3.231615E-02 3.210337E-03 3.801320E+00 7.665073E+00 
1.661903E-01 5.693900E-02 3.095772E-01 1.657700E-01 -1.436002E+00 4.232197E-01 -9.095644E-02 7.697457E-01 4.173709E-02 5.763921E-03 4.176432E+00 7.738281E+00 
1.617572E-01 2.474887E-02 3.683363E-01 1.683957E-01 -1.424377E+00 5.292382E-01 -1.456467E-01 9.153436E-01 3.104534E-02 4.163012E-03 4.805668E+00 9.942119E+00 
1.834278E-01 1.000000E-04 3.938270E-01 1.596745E-01 -1.599446E+00 4.511393E-01 -3.065881E-02 9.244332E-01 3.609305E-02 7.318590E-04 4.530728E+00 9.901432E+00 
1.217047E-01 4.252854E-02 3.463881E-01 1.380936E-01 -1.424253E+00 5.222793E-01 -1.492551E-01 9.026464E-01 3.003391E-02 5.508960E-03 4.697445E+00 9.604635E+00 
1.500117E-01 5.667093E-03 3.622726E-01 1.590888E-01 -1.262424E+00 4.106600E-01 -6.150024E-02 9.904122E-01 2.920451E-02 3.334494E-05 4.177761E+00 9.925953E+00 
1.099200E-01 4.334170E-02 3.618220E-01 1.320376E-01 -1.210539E+00 3.540515E-01 -1.133176E-01 9.891981E-01 2.965014E-02 5.118471E-03 5.120659E+00 1.301120E+01 
1.340478E-01 3.058535E-02 3.597227E-01 1.624223E-01 -1.419487E+00 3.537302E-01 -2.602227E-02 1.085379E+00 3.298362E-02 0.000000E+00 2.623383E+00 9.749332E+00 
1.375549E-01 3.262928E-02 3.676037E-01 1.501110E-01 -1.155527E+00 3.257016E-01 -1.554442E-01 1.070575E+00 2.833916E-02 2.955893E-03 4.406140E+00 1.082129E+01 
9.706448E-02 1.677178E-02 4.065981E-01 1.527039E-01 -1.211564E+00 5.533671E-01 -1.297838E-01 1.012718E+00 4.277393E-02 1.734622E-02 5.164343E+00 9.625323E+00 
1.661931E-01 2.392694E-02 3.858736E-01 1.651344E-01 -1.259451E+00 5.607467E-01 -1.178587E-01 8.490174E-01 2.543686E-02 1.982345E-03 4.528367E+00 8.324932E+00 
1.508539E-01 2.153603E-02 3.504839E-01 1.468914E-01 -1.290484E+00 4.246063E-01 -4.797006E-02 9.873057E-01 2.854639E-02 4.456388E-03 3.356837E+00 1.095180E+01 
1.439192E-01 3.566938E-02 3.766738E-01 1.650942E-01 -1.308693E+00 5.932431E-01 -5.044594E-02 9.954152E-01 3.409400E-02 1.707941E-03 5.924133E+00 1.165309E+01 
1.652799E-01 1.000000E-04 3.812460E-01 1.633856E-01 -1.287295E+00 5.711047E-01 -7.808662E-02 8.864638E-01 3.527121E-02 4.263026E-03 4.506548E+00 8.535880E+00 
1.393797E-01 8.965664E-03 3.838882E-01 1.816857E-01 -1.352526E+00 3.089593E-01 -2.916286E-02 9.228804E-01 3.358010E-02 3.766516E-03 3.040455E+00 1.040180E+01 
1.581871E-01 9.940850E-03 3.660443E-01 1.686005E-01 -1.355920E+00 5.152504E-01 -8.683179E-02 9.295505E-01 3.116401E-02 5.987316E-03 3.904019E+00 9.446607E+00 
1.337613E-01 3.655296E-02 3.690570E-01 1.516350E-01 -1.279062E+00 6.000000E-01 -9.403757E-02 9.886179E-01 3.008137E-02 4.448226E-03 3.771403E+00 9.982952E+00 
1.420697E-01 1.459314E-02 3.396755E-01 1.730941E-01 -1.180905E+00 4.403364E-01 -6.236269E-02 9.308223E-01 3.143273E-02 1.772205E-03 3.607514E+00 8.378261E+00 
8.443801E-02 5.480502E-02 3.454384E-01 1.531211E-01 -1.296472E+00 5.526534E-01 -4.977958E-02 9.612382E-01 2.809479E-02 7.540414E-03 3.238951E+00 4.544462E+00 
1.445076E-01 1.211262E-02 3.763529E-01 1.678096E-01 -1.458261E+00 5.232032E-01 -4.198782E-02 9.864840E-01 3.326634E-02 8.325895E-03 3.568835E+00 9.179654E+00 
1.933974E-01 1.000000E-04 3.781335E-01 1.689242E-01 -1.424859E+00 4.440921E-01 -1.031109E-01 1.026345E+00 1.980966E-02 1.228548E-03 5.133948E+00 1.046206E+01 
1.379007E-01 1.174416E-02 3.578891E-01 1.580211E-01 -1.371044E+00 5.882147E-01 -1.084271E-01 9.936048E-01 3.282323E-02 4.866442E-03 4.052438E+00 1.167614E+01 
1.291585E-01 6.035908E-02 3.544406E-01 1.535782E-01 -1.425459E+00 4.661154E-01 -1.435274E-01 9.003740E-01 2.395138E-02 6.074602E-03 4.691263E+00 6.946866E+00 
8.376629E-02 4.357321E-02 2.999800E-01 1.338460E-01 -1.265048E+00 3.725761E-01 -5.872561E-02 1.107975E+00 2.433422E-02 7.154351E-03 3.928142E+00 1.362333E+01 
1.665960E-01 3.347393E-02 4.008914E-01 1.653458E-01 -1.303710E+00 3.525479E-01 -2.311227E-02 9.085166E-01 3.698644E-02 1.060079E-02 3.848038E+00 9.191478E+00 
1.440751E-01 1.071178E-02 4.036198E-01 1.472085E-01 -1.494883E+00 6.000000E-01 -1.419674E-01 8.719413E-01 2.954648E-02 9.188284E-03 5.337142E+00 1.154325E+01 
7.367000E-02 4.214733E-02 3.691186E-01 1.568729E-01 -1.309740E+00 6.000000E-01 -1.041483E-01 9.271807E-01 2.984296E-02 1.411430E-02 4.678853E+00 3.164080E+00 
7.431906E-02 8.651232E-03 3.726433E-01 1.639195E-01 -1.333702E+00 6.000000E-01 -6.493816E-02 1.091391E+00 3.156028E-02 4.652154E-03 4.516734E+00 1.055285E+01 
1.133061E-01 3.027673E-02 3.418576E-01 1.506351E-01 -1.223357E+00 5.388064E-01 -1.359203E-01 9.128704E-01 2.842191E-02 2.503274E-02 4.499230E+00 9.078503E+00 
1.476620E-01 1.455688E-02 3.561314E-01 1.653056E-01 -1.328962E+00 5.144749E-01 -8.439962E-02 8.453119E-01 2.591079E-02 5.415182E-03 4.784507E+00 9.225844E+00 
1.544932E-01 6.601054E-03 3.739179E-01 1.510669E-01 -1.345593E+00 3.261060E-01 -3.294372E-02 9.858671E-01 2.465569E-02 1.747069E-03 4.917044E+00 9.409228E+00 
1.422590E-01 1.588085E-02 3.645406E-01 1.642412E-01 -1.708496E+00 5.781059E-01 -9.365941E-02 8.242819E-01 3.240756E-02 1.101683E-03 4.962065E+00 1.246600E+01 
1.499006E-01 1.616766E-02 3.634087E-01 1.627109E-01 -1.347575E+00 5.911227E-01 -1.134246E-01 9.721010E-01 3.734665E-02 3.868255E-03 3.167715E+00 8.951805E+00 
1.623028E-01 1.000000E-04 3.522648E-01 1.578277E-01 -1.347599E+00 3.385534E-01 -2.674797E-02 1.044034E+00 3.173095E-02 4.061075E-03 4.440357E+00 8.657323E+00 
1.334979E-01 2.414367E-02 3.751999E-01 1.563837E-01 -1.604928E+00 5.902306E-01 -7.807093E-02 9.885737E-01 3.025471E-02 2.158605E-03 4.420689E+00 8.323024E+00 
1.575450E-01 2.396138E-02 3.877826E-01 1.652367E-01 -1.359268E+00 5.809703E-01 -1.367712E-01 8.124355E-01 3.208632E-02 5.503196E-03 3.662798E+00 1.147307E+01 
9.160004E-02 1.846015E-02 3.833100E-01 1.658344E-01 -1.147412E+00 5.633331E-01 -9.560175E-02 1.034401E+00 2.991150E-02 6.585179E-03 5.268655E+00 9.019048E+00 
8.649138E-02 2.151806E-02 3.477435E-01 1.688976E-01 -1.369015E+00 4.854684E-01 -4.387620E-02 1.307882E+00 3.134004E-02 7.633613E-03 3.162722E+00 8.191851E+00 
1.428255E-01 3.143460E-03 3.362329E-01 1.417677E-01 -1.020218E+00 5.421186E-01 -1.133928E-01 9.475807E-01 3.114076E-02 6.472122E-03 3.382733E+00 1.161812E+01 
1.341089E-01 1.788926E-02 3.258632E-01 1.654713E-01 -1.238282E+00 5.831506E-01 -7.239697E-02 7.973979E-01 3.290004E-02 8.754461E-03 5.137544E+00 7.256575E+00 
1.404987E-01 2.504376E-02 4.063451E-01 1.689572E-01 -1.248510E+00 5.923147E-01 -8.043851E-02 1.080047E+00 3.524938E-02 8.330715E-03 5.668213E+00 8.777667E+00 
9.990310E-02 3.113730E-02 2.793929E-01 1.388778E-01 -1.192347E+00 3.839204E-01 -1.929495E-02 1.033395E+00 3.060546E-02 3.537379E-03 4.345745E+00 8.727342E+00 
1.386009E-01 2.408979E-02 3.632137E-01 1.658062E-01 -1.566913E+00 4.512433E-01 -6.538127E-02 1.024425E+00 2.915030E-02 1.777002E-03 2.993629E+00 1.131636E+01 
1.459211E-01 5.922746E-03 3.730251E-01 1.739599E-01 -1.357033E+00 5.302791E-01 -8.226684E-02 8.508913E-01 2.483789E-02 6.053800E-03 3.505744E+00 0.000000E+00 
1.599315E-01 7.721805E-03 3.950423E-01 1.675054E-01 -1.708255E+00 4.356034E-01 -1.716372E-02 8.739182E-01 3.214487E-02 1.540848E-03 3.899779E+00 1.011377E+01 
1.521367E-01 1.561843E-02 3.674070E-01 1.654691E-01 -1.205682E+00 4.399816E-01 -4.880750E-02 9.503098E-01 2.869362E-02 2.375900E-02 4.413407E+00 9.815916E+00 
7.446348E-02 4.466253E-02 3.439706E-01 1.282529E-01 -1.405169E+00 4.594507E-01 -1.286912E-02 8.897750E-01 3.331100E-02 7.930602E-03 2.242701E+00 1.117286E+01 
1.109623E-01 1.065479E-02 3.644258E-01 1.656016E-01 -1.831928E+00 5.719814E-01 -1.093051E-01 8.507239E-01 3.289951E-02 4.583581E-03 3.530369E+00 8.142745E+00 
1.069788E-01 3.902952E-02 3.118614E-01 1.357628E-01 -1.157772E+00 4.324694E-01 -4.728678E-02 9.217566E-01 3.480041E-02 5.620200E-03 3.726551E+00 1.279373E+01 
8.601920E-02 2.333083E-02 3.765886E-01 1.594590E-01 -1.444864E+00 5.426707E-01 -8.906555E-02 1.101347E+00 2.045207E-02 8.138932E-03 4.765739E+00 8.748303E+00 
8.448201E-02 1.000000E-04 3.448847E-01 1.719228E-01 -1.434464E+00 4.744952E-01 -3.623953E-02 1.098088E+00 3.447027E-02 1.852047E-03 2.969810E+00 7.820142E+00 
1.608799E-01 1.113029E-02 3.801896E-01 1.615538E-01 -1.291896E+00 4.526870E-01 -1.000000E-02 9.177585E-01 2.893074E-02 6.608909E-03 6.084783E+00 1.131146E+01 
1.535096E-01 1.920243E-02 3.489960E-01 1.601202E-01 -1.285480E+00 5.256532E-01 -1.458000E-01 8.641210E-01 2.832286E-02 1.581281E-03 5.404471E+00 1.077749E+01 
5.623834E-02 2.464599E-02 3.729482E-01 1.610740E-01 -1.216468E+00 5.968374E-01 -1.119114E-01 8.623699E-01 2.854936E-02 4.356512E-03 4.132772E+00 9.086949E+00 
1.568382E-01 1.755138E-02 3.392996E-01 1.549218E-01 -1.446040E+00 4.133387E-01 -7.093124E-02 1.032566E+00 2.923603E-02 6.629843E-03 4.518604E+00 6.074495E+00 
1.711499E-01 7.566302E-03 3.695307E-01 1.631487E-01 -1.614623E+00 6.000000E-01 -1.004757E-01 9.562194E-01 2.760464E-02 3.154601E-03 4.851228E+00 2.328561E+00 
4.255279E-02 3.857391E-02 3.823834E-01 1.463527E-01 -9.418943E-01 4.146571E-01 -8.816035E-02 9.031814E-01 2.748348E-02 1.356300E-02 5.123998E+00 8.955664E+00 
1.290841E-01 1.768809E-02 3.475922E-01 1.637240E-01 -1.087617E+00 4.206531E-01 -7.784943E-02 8.802003E-01 3.229564E-02 2.906466E-03 5.015799E+00 1.397401E+01 
7.954626E-02 6.133045E-02 2.716618E-01 1.561428E-01 -1.325759E+00 4.182277E-01 -1.075745E-01 7.754963E-01 2.972369E-02 1.467421E-02 4.713894E+00 1.136197E+01 
1.482387E-01 2.431875E-02 3.638878E-01 1.642740E-01 -1.427693E+00 6.000000E-01 -1.509639E-01 7.897776E-01 2.897482E-02 2.616637E-03 4.570525E+00 1.352972E+01 
1.809299E-01 3.957696E-02 3.376233E-01 1.416800E-01 -1.365766E+00 3.686338E-01 -1.669865E-01 9.777287E-01 3.059711E-02 2.262589E-02 4.009053E+00 1.102037E+01 
7.086189E-02 8.620587E-03 2.966147E-01 1.310902E-01 -1.258174E+00 5.664988E-01 -3.488753E-02 1.017499E+00 2.974939E-02 1.731166E-02 4.754440E+00 1.124781E+01 
7.684148E-02 3.890994E-02 3.504845E-01 1.517592E-01 -1.393058E+00 5.360731E-01 -7.644633E-02 8.709979E-01 2.764678E-02 8.056694E-03 2.723850E+00 1.136462E+01 
1.417005E-01 2.081242E-02 3.413140E-01 1.652420E-01 -1.281804E+00 4.527739E-01 -1.000000E-02 1.006951E+00 2.870181E-02 4.009554E-03 5.659622E+00 9.092336E+00 
1.561268E-01 1.957234E-02 3.516301E-01 1.582708E-01 -1.170116E+00 3.807847E-01 -7.174367E-02 9.011410E-01 4.250446E-02 2.456508E-04 4.655897E+00 9.046970E+00 
1.872829E-01 3.590453E-02 3.491766E-01 1.583804E-01 -1.393592E+00 5.370624E-01 -1.367684E-01 9.086830E-01 3.392553E-02 6.904158E-03 3.903358E+00 7.408753E+00 
5.721738E-02 3.672105E-02 3.307527E-01 1.487740E-01 -1.113964E+00 4.904990E-01 -1.340174E-02 1.120760E+00 2.976401E-02 4.707042E-03 4.595522E+00 9.171198E+00 
1.359043E-01 1.669628E-02 3.792604E-01 1.629251E-01 -1.337857E+00 5.914115E-01 -1.344866E-01 1.135088E+00 3.311236E-02 2.656620E-03 4.297167E+00 7.064558E+00 
1.546000E-01 1.680226E-02 3.627065E-01 1.657256E-01 -1.321973E+00 6.000000E-01 -1.335984E-01 9.088010E-01 3.089431E-02 2.431103E-03 5.330387E+00 8.190199E+00 
1.357073E-01 1.384796E-02 3.594742E-01 1.626530E-01 -1.256183E+00 5.704059E-01 -9.552075E-02 8.732036E-01 2.944251E-02 6.912103E-03 5.462810E+00 1.055820E+01 
1.150407E-01 1.742140E-02 3.406571E-01 1.488783E-01 -1.368597E+00 4.968654E-01 -8.817045E-02 9.643679E-01 2.942142E-02 5.677092E-03 1.835674E+00 1.169494E+01 
1.052519E-01 6.827347E-02 3.815443E-01 1.536378E-01 -1.265382E+00 4.237926E-01 -4.644281E-02 5.632723E-01 3.064990E-02 1.102974E-02 3.677891E+00 1.020980E+01 
1.538180E-01 1.524280E-02 3.657734E-01 1.614925E-01 -1.545513E+00 5.798545E-01 -8.469685E-02 7.938722E-01 2.711389E-02 4.010532E-03 4.150226E+00 1.076196E+01 
1.434105E-01 1.828816E-02 3.981701E-01 1.676701E-01 -1.280433E+00 6.000000E-01 -8.135289E-02 1.010548E+00 2.064438E-02 2.876279E-03 4.825174E+00 9.332999E+00 
1.613151E-01 8.919435E-03 3.625268E-01 1.666065E-01 -1.411132E+00 4.620396E-01 -9.117181E-02 8.453908E-01 3.195090E-02 2.807764E-03 5.439629E+00 1.286234E+01 
1.451323E-01 4.292951E-02 3.745454E-01 1.518380E-01 -1.020105E+00 4.842588E-01 -3.580288E-02 7.753512E-01 2.807897E-02 1.321898E-02 5.130803E+00 1.023288E+01 
1.514990E-01 1.461663E-02 3.463126E-01 1.641287E-01 -1.497738E+00 5.327763E-01 -1.024872E-01 1.032550E+00 2.590647E-02 5.059773E-03 4.544178E+00 9.892264E+00 
7.350232E-02 3.275712E-02 3.675685E-01 1.454975E-01 -1.192010E+00 4.560497E-01 -5.113461E-02 9.583998E-01 2.463964E-02 1.172907E-02 3.062053E+00 1.081067E+01 
1.185598E-01 1.483588E-02 3.701946E-01 1.748158E-01 -1.692972E+00 5.686084E-01 -1.088260E-01 9.316701E-01 3.123940E-02 5.218094E-03 3.386493E+00 1.018563E+01 
4.067813E-02 2.139753E-02 3.586798E-01 1.664213E-01 -1.110674E+00 4.647876E-01 -4.863634E-02 1.066737E+00 2.781390E-02 1.383205E-03 3.614064E+00 1.217613E+01 
1.079421E-01 1.799768E-02 3.666528E-01 1.576376E-01 -1.160329E+00 6.000000E-01 -8.197836E-02 1.019921E+00 2.745627E-02 7.705364E-03 4.216760E+00 1.122589E+01 
8.550068E-02 7.822939E-03 3.708768E-01 1.476335E-01 -1.395625E+00 3.728059E-01 -1.224184E-01 7.896768E-01 2.990761E-02 6.382022E-03 4.956294E+00 9.339184E+00 
5.435049E-02 2.039452E-02 2.984995E-01 1.447679E-01 -1.477938E+00 4.050652E-01 -9.976301E-02 8.760557E-01 2.862220E-02 1.179570E-02 4.378313E+00 3.451156E+00 
1.364598E-01 1.512640E-02 3.905049E-01 1.839058E-01 -1.332015E+00 5.706120E-01 -3.755483E-02 7.330091E-01 2.874538E-02 2.453332E-03 4.768923E+00 8.280156E+00 
1.000000E-04 3.704244E-02 3.836321E-01 1.306129E-01 -1.304560E+00 4.400745E-01 -2.700927E-02 1.017179E+00 2.612052E-02 3.949695E-03 4.793380E+00 8.948512E+00 
7.084204E-02 2.323640E-02 3.784031E-01 1.643534E-01 -1.356870E+00 3.717380E-01 -2.541697E-02 8.564475E-01 2.866224E-02 8.184190E-03 4.308277E+00 8.659741E+00 
1.641079E-01 1.164862E-02 3.688703E-01 1.829026E-01 -1.528731E+00 5.783210E-01 -1.389819E-01 8.615790E-01 3.149627E-02 4.857039E-03 4.252947E+00 7.394659E+00 
1.075748E-01 2.938178E-02 3.154300E-01 1.604532E-01 -1.133069E+00 5.237599E-01 -8.804931E-02 8.500259E-01 3.462561E-02 1.794423E-03 4.451753E+00 7.644730E+00 
1.511821E-01 5.936218E-03 3.746592E-01 1.598817E-01 -1.518891E+00 5.937682E-01 -1.295064E-01 9.914512E-01 3.219691E-02 5.194541E-03 4.120359E+00 9.297093E+00 
1.369522E-01 2.843538E-02 2.755267E-01 1.502952E-01 -1.119697E+00 4.676329E-01 -4.806310E-02 1.093434E+00 3.225737E-02 2.707394E-03 3.208676E+00 1.176561E+01 
1.174840E-01 3.118405E-02 3.636677E-01 1.622768E-01 -1.414887E+00 4.520604E-01 -1.148854E-01 9.888017E-01 3.778847E-02 8.934540E-03 5.818919E+00 4.841546E+00 
1.638321E-01 1.591703E-02 3.607564E-01 1.673307E-01 -1.495699E+00 6.000000E-01 -1.414332E-01 8.163263E-01 3.393301E-02 8.300679E-03 5.180642E+00 1.022719E+01 
1.398982E-01 5.963024E-03 3.622028E-01 1.588928E-01 -1.346705E+00 5.553699E-01 -1.186529E-01 9.807688E-01 2.785823E-02 2.945437E-03 4.659447E+00 8.998920E+00 
1.565655E-01 1.226663E-02 3.635585E-01 1.532181E-01 -1.298323E+00 5.186080E-01 -9.049434E-02 8.983300E-01 3.173076E-02 1.321367E-03 4.200390E+00 1.087743E+01 
1.701103E-01 3.441632E-03 3.800488E-01 1.826461E-01 -1.459374E+00 5.073888E-01 -8.988285E-02 8.454295E-01 2.596173E-02 4.976059E-03 5.618679E+00 7.690761E+00 
1.453349E-01 5.125222E-03 3.717203E-01 1.677740E-01 -1.499483E+00 5.695426E-01 -5.202983E-02 8.022322E-01 2.756044E-02 2.961833E-03 4.121258E+00 8.843631E+00 
1.689811E-01 2.060586E-02 3.458339E-01 1.597905E-01 -1.413347E+00 5.725412E-01 -3.837113E-02 1.201812E+00 3.128705E-02 4.613802E-03 3.623058E+00 9.230823E+00 
9.953486E-02 3.532009E-02 3.290378E-01 1.603703E-01 -1.195513E+00 5.136673E-01 -6.708769E-02 1.031580E+00 3.076716E-02 7.606483E-03 3.381408E+00 1.021193E+01 
1.304026E-01 1.355079E-02 3.953679E-01 1.536470E-01 -1.236371E+00 4.773976E-01 -8.158531E-02 9.703029E-01 3.212046E-02 6.730462E-03 4.198327E+00 8.911400E+00 
1.519402E-01 7.288022E-03 3.632628E-01 1.873869E-01 -1.540305E+00 5.176104E-01 -1.318921E-01 9.005280E-01 2.969462E-02 4.588143E-03 4.785409E+00 1.071695E+01 
1.609468E-01 1.516400E-02 4.031674E-01 1.567152E-01 -1.538548E+00 5.997058E-01 -1.691942E-01 9.781592E-01 2.775134E-02 4.035096E-03 4.814184E+00 7.614169E+00 
1.320181E-01 3.705668E-02 3.341323E-01 1.636314E-01 -1.319327E+00 5.973065E-01 -8.944599E-02 9.433357E-01 3.528529E-02 8.033469E-03 3.718661E+00 8.464391E+00 
1.468270E-01 1.823251E-02 3.737314E-01 1.545529E-01 -1.347548E+00 5.307403E-01 -8.187987E-02 9.029897E-01 2.985636E-02 9.978904E-03 4.658156E+00 7.706498E+00 
5.148674E-02 5.958614E-02 2.866619E-01 1.531756E-01 -9.797517E-01 5.365293E-01 -5.738150E-02 9.404491E-01 2.729687E-02 1.181643E-02 3.673422E+00 7.168632E+00 
8.830928E-02 3.370405E-02 3.864593E-01 1.602292E-01 -1.251951E+00 5.748241E-01 -1.616412E-01 9.857450E-01 3.041279E-02 1.872083E-02 4.679558E+00 2.579598E+00 
1.557954E-01 1.547184E-02 3.788425E-01 1.656890E-01 -1.762202E+00 5.637686E-01 -1.265509E-01 1.064178E+00 2.911104E-02 1.441870E-03 4.331788E+00 7.771935E+00 
1.293912E-01 2.133368E-02 3.616089E-01 1.661673E-01 -1.513464E+00 6.000000E-01 -8.850462E-02 8.101997E-01 2.921704E-02 3.325723E-03 4.701357E+00 5.854847E+00 
1.594567E-01 1.823601E-02 3.699022E-01 1.694336E-01 -1.337508E+00 5.724781E-01 -8.457788E-02 7.998540E-01 2.779676E-02 3.334402E-03 4.285811E+00 9.501863E+00 
1.810109E-01 2.488758E-02 3.848191E-01 1.827924E-01 -8.529035E-01 5.860292E-01 -8.738111E-02 8.972112E-01 2.327368E-02 8.138822E-03 4.817037E+00 7.289122E+00 
1.527395E-01 1.904936E-02 3.466090E-01 1.699165E-01 -1.315256E+00 5.592819E-01 -9.737914E-02 9.346801E-01 2.780846E-02 2.652014E-04 5.922545E+00 6.616895E+00 
4.168082E-02 4.369722E-02 3.735919E-01 1.751530E-01 -1.445798E+00 4.473146E-01 -9.715543E-02 9.680801E-01 3.181891E-02 1.603919E-02 4.485499E+00 5.432300E+00 
1.264982E-01 2.188644E-02 3.561723E-01 1.509195E-01 -1.858453E+00 4.647125E-01 -1.387130E-01 1.127142E+00 2.894005E-02 1.896650E-03 5.002703E+00 1.098721E+01 
9.431282E-02 1.247783E-02 3.544367E-01 1.743090E-01 -1.333563E+00 4.864460E-01 -1.010897E-01 8.734592E-01 1.130490E-02 1.711626E-04 4.299965E+00 1.231525E+01 
1.199541E-01 4.055879E-02 3.654518E-01 1.323235E-01 -1.315379E+00 4.944409E-01 -1.193884E-01 9.898005E-01 2.876693E-02 7.470813E-03 5.018883E+00 1.444872E+01 
1.423729E-01 2.544799E-02 3.753368E-01 1.634016E-01 -1.774047E+00 5.752286E-01 -5.483368E-02 1.043083E+00 3.129503E-02 5.739073E-03 4.389613E+00 9.851310E+00 
8.329027E-02 5.835349E-02 3.740713E-01 1.581500E-01 -1.256743E+00 5.159060E-01 -5.969054E-02 9.277157E-01 3.922139E-02 7.936014E-03 3.172436E+00 8.669759E+00 
1.060345E-01 4.226217E-02 3.644848E-01 1.605053E-01 -1.375188E+00 4.981445E-01 -7.424682E-02 9.150917E-01 3.210302E-02 7.174900E-03 5.308447E+00 7.930157E+00 
1.619077E-01 1.000000E-04 4.065846E-01 1.611687E-01 -1.500059E+00 4.281324E-01 -1.210998E-01 8.820329E-01 3.383637E-02 4.474314E-04 5.761704E+00 9.748159E+00 
1.585030E-01 1.780017E-02 3.535704E-01 1.658950E-01 -1.621589E+00 3.433499E-01 -1.884601E-02 9.977394E-01 2.761695E-02 7.176301E-03 3.953618E+00 7.901641E+00 
1.387802E-01 2.333735E-02 3.429552E-01 1.510546E-01 -1.338307E+00 4.966951E-01 -1.000000E-02 1.085735E+00 3.123925E-02 0.000000E+00 5.061885E+00 1.071395E+01 
1.213750E-01 5.410345E-03 3.035993E-01 1.509318E-01 -1.395333E+00 5.797841E-01 -9.559478E-02 1.056935E+00 2.341645E-02 8.287229E-03 4.761107E+00 9.546402E+00 
6.487282E-02 3.140765E-02 2.846934E-01 1.485023E-01 -1.360465E+00 3.974954E-01 -1.167376E-01 1.033686E+00 2.624854E-02 4.913425E-03 5.232546E+00 7.949737E+00 
1.626670E-01 6.472034E-03 3.478520E-01 1.701884E-01 -1.764103E+00 5.793810E-01 -9.904797E-02 9.700085E-01 3.070163E-02 2.017076E-03 3.640590E+00 7.805655E+00 
7.536029E-02 5.270654E-02 3.333968E-01 1.597721E-01 -1.279459E+00 4.494431E-01 -9.278982E-02 9.513672E-01 3.055031E-02 2.919695E-02 5.965020E+00 7.297789E+00 
3.898392E-02 1.619220E-02 2.832574E-01 1.454531E-01 -1.274258E+00 5.440813E-01 -1.173824E-01 8.541360E-01 1.749364E-02 7.483637E-03 4.700437E+00 1.522130E+01 
1.117019E-01 1.335393E-02 3.948551E-01 1.602182E-01 -1.483915E+00 3.628471E-01 -7.811641E-02 8.654711E-01 2.973466E-02 9.663495E-03 3.544019E+00 1.188024E+01 
1.398024E-01 1.679700E-02 2.781126E-01 1.554217E-01 -1.669185E+00 5.634883E-01 -1.321482E-01 1.029757E+00 3.272688E-02 2.112201E-03 3.193284E+00 1.064129E+01 
1.589864E-01 2.546767E-02 3.649207E-01 1.655419E-01 -1.506702E+00 5.687772E-01 -1.456891E-01 9.955917E-01 3.377127E-02 1.684986E-03 4.574508E+00 6.969299E+00 
1.528747E-01 3.075791E-02 3.502338E-01 1.500033E-01 -1.284486E+00 5.307478E-01 -9.547965E-02 9.572225E-01 3.601982E-02 3.046630E-04 3.695934E+00 1.008023E+01 
1.340465E-01 4.187604E-02 3.747991E-01 1.597556E-01 -1.147311E+00 4.105932E-01 -6.282162E-02 1.038585E+00 2.744214E-02 9.837226E-03 4.372679E+00 8.735255E+00 
1.445765E-01 2.060037E-03 3.210441E-01 1.638007E-01 -1.596698E+00 6.000000E-01 -9.837635E-02 1.138389E+00 3.214840E-02 8.741397E-03 3.741326E+00 1.363646E+01 
1.506065E-01 4.162421E-04 3.422873E-01 1.561877E-01 -1.301798E+00 5.481563E-01 -1.091487E-01 1.096425E+00 2.963854E-02 1.132067E-03 3.823355E+00 7.865077E+00 
1.574679E-01 1.142231E-02 3.748053E-01 1.831236E-01 -1.588022E+00 5.971246E-01 -1.106512E-01 8.843942E-01 3.279262E-02 0.000000E+00 3.900958E+00 8.760896E+00 
1.600216E-02 9.126585E-02 3.315981E-01 1.484016E-01 -1.487209E+00 4.108845E-01 -8.082089E-02 7.630866E-01 3.845416E-02 3.639799E-04 3.565105E+00 1.354980E+01 
1.606543E-01 2.100346E-02 3.626106E-01 1.661731E-01 -1.629879E+00 5.963958E-01 -1.263653E-01 9.297169E-01 3.109031E-02 2.525350E-03 4.964184E+00 8.856203E+00 
1.420994E-01 1.271481E-02 3.359269E-01 1.481279E-01 -1.365912E+00 5.542241E-01 -5.128931E-02 9.572526E-01 2.682038E-02 1.844014E-03 3.383227E+00 9.861238E+00 
1.304048E-01 3.494065E-02 3.469053E-01 1.505770E-01 -1.197605E+00 3.552860E-01 -1.002506E-01 1.332406E+00 4.670587E-02 0.000000E+00 3.185877E+00 1.001816E+01 
9.380772E-02 9.554600E-02 4.503716E-01 1.474585E-01 -1.315159E+00 2.937681E-01 -4.879445E-02 9.034737E-01 3.873592E-02 5.511515E-03 5.104820E+00 1.195545E+01 
1.051192E-01 4.145384E-02 3.190152E-01 1.627798E-01 -1.202338E+00 5.079458E-01 -5.160597E-02 1.024944E+00 3.027608E-02 8.304518E-03 3.358132E+00 1.028131E+01 
1.301399E-01 7.018257E-03 3.704203E-01 1.635666E-01 -1.584237E+00 4.622810E-01 -7.333651E-02 9.912071E-01 3.165738E-02 5.579960E-03 4.974843E+00 1.155852E+01 
1.369647E-01 2.867299E-02 3.217952E-01 1.625455E-01 -1.277794E+00 5.772019E-01 -4.185907E-02 9.050190E-01 3.070614E-02 3.791288E-03 4.316905E+00 8.943472E+00 
1.484088E-01 1.541335E-02 3.712592E-01 1.647745E-01 -1.493471E+00 5.536157E-01 -7.435669E-02 8.406888E-01 2.590965E-02 6.156150E-03 4.803005E+00 8.673994E+00 
9.398834E-02 4.551510E-02 3.366505E-01 1.666126E-01 -1.197145E+00 5.363249E-01 -9.041212E-02 8.458934E-01 3.542312E-02 1.512006E-02 3.253425E+00 1.061291E+01 
1.695612E-01 1.022010E-02 3.471118E-01 1.715322E-01 -1.637319E+00 3.835905E-01 -1.123170E-01 9.489433E-01 3.176123E-02 4.831028E-03 4.445814E+00 9.443541E+00 
1.391183E-01 1.416618E-03 3.345265E-01 1.544915E-01 -1.472293E+00 5.090204E-01 -1.207545E-01 9.751579E-01 2.993465E-02 4.455257E-03 4.988194E+00 1.115149E+01 
1.550031E-01 1.952672E-03 3.190848E-01 1.677679E-01 -1.496536E+00 5.377825E-01 -3.971314E-02 9.389689E-01 3.036354E-02 2.730840E-03 3.359341E+00 1.039227E+01 
1.226628E-01 1.222215E-02 3.483027E-01 1.589848E-01 -1.367447E+00 6.000000E-01 -1.057865E-01 9.292978E-01 2.782303E-02 1.943609E-03 4.866906E+00 8.970882E+00 
1.498258E-01 1.349374E-02 3.713316E-01 1.654934E-01 -1.394659E+00 5.515430E-01 -1.139014E-01 1.112387E+00 2.890318E-02 4.428232E-03 4.796890E+00 8.794613E+00 
1.639632E-01 3.229134E-02 3.678087E-01 1.457371E-01 -1.516293E+00 4.820449E-01 -4.572452E-02 1.050330E+00 2.398554E-02 1.150373E-03 4.894791E+00 8.838144E+00 
7.033028E-02 1.553192E-02 3.538047E-01 1.566957E-01 -9.881010E-01 3.857650E-01 -8.843016E-02 8.291350E-01 2.989542E-02 1.746940E-02 4.273339E+00 6.782869E+00 
1.439975E-01 1.741968E-02 3.579450E-01 1.565404E-01 -1.298888E+00 5.168178E-01 -9.213496E-02 9.286801E-01 3.134643E-02 3.373227E-03 4.038175E+00 9.061022E+00 
1.316814E-01 2.322034E-02 3.493418E-01 1.548263E-01 -1.361823E+00 5.760967E-01 -7.437653E-02 1.149940E+00 3.664571E-02 2.453812E-03 4.512499E+00 1.056682E+01 
1.215662E-01 1.533676E-02 3.399317E-01 1.619817E-01 -1.555385E+00 3.964209E-01 -1.179884E-01 1.062850E+00 2.201478E-02 0.000000E+00 3.234992E+00 9.219674E+00 
1.288096E-01 2.275037E-02 3.343804E-01 1.653852E-01 -1.455558E+00 6.000000E-01 -1.581587E-01 1.052262E+00 3.434065E-02 1.899239E-03 5.323337E+00 7.630810E+00 
7.435740E-02 5.820217E-02 3.817736E-01 1.386471E-01 -9.571061E-01 3.274630E-01 -5.284039E-02 7.603994E-01 3.168697E-02 1.373116E-04 4.736083E+00 1.037599E+01 
1.096457E-01 2.748768E-02 4.243898E-01 1.757390E-01 -1.310415E+00 5.798196E-01 -5.214873E-02 1.137238E+00 3.072440E-02 4.593668E-03 3.377738E+00 6.851816E+00 
