6.093973E-02 4.705986E-02 4.966769E-01 1.239551E-01 -1.381543E+00 3.777094E-01 -4.998208E-02 3.771316E-01 2.804767E-02 2.007999E-02 5.938676E+00 8.176627E+00 
1.032692E-01 5.151683E-02 3.717881E-01 1.873917E-01 -8.921834E-01 4.349082E-01 -6.823334E-02 4.874256E-01 5.753520E-03 2.416960E-02 6.190727E+00 1.075324E+01 
6.516531E-02 2.675442E-02 3.978325E-01 1.642056E-01 -1.199386E+00 4.346299E-01 -7.057462E-02 7.796236E-01 2.664832E-02 3.379494E-02 6.009953E+00 1.283868E+01 
7.200728E-02 4.823754E-02 3.966436E-01 1.172270E-01 -9.460091E-01 5.443621E-01 -2.598319E-02 1.325787E+00 3.990841E-02 1.293796E-02 3.909092E-01 5.261841E+00 
1.018342E-01 3.205046E-02 4.619531E-01 1.557465E-01 -1.272049E+00 4.883212E-01 -3.215066E-02 1.015054E+00 6.544155E-02 4.350407E-02 4.045518E+00 5.807730E+00 
1.134462E-02 6.140192E-02 3.789293E-01 1.415339E-01 -1.074031E+00 2.897872E-01 -6.412011E-02 5.389616E-01 3.594109E-02 7.794313E-03 5.173393E+00 1.628468E+01 
5.588308E-02 3.008370E-02 4.310947E-01 1.485708E-01 -1.288940E+00 4.665942E-01 -5.839961E-02 6.609236E-01 3.268310E-02 1.835144E-02 6.247080E+00 9.587554E+00 
3.927836E-02 1.366519E-01 3.709459E-01 1.625652E-01 -7.795716E-01 3.367392E-01 -7.076175E-02 1.186290E+00 3.628214E-02 2.350628E-02 7.000597E+00 4.222368E+00 
5.679787E-02 3.918994E-02 3.558374E-01 1.482101E-01 -7.001593E-01 4.834823E-01 -5.735445E-02 1.097401E+00 5.637043E-02 3.628595E-02 6.687387E+00 5.402988E+00 
4.317896E-02 6.992652E-02 4.156131E-01 1.128482E-01 -1.603150E+00 5.340860E-01 -4.464914E-02 8.542939E-01 5.661598E-02 3.122519E-02 6.480844E+00 8.509869E+00 
9.535231E-02 3.630158E-02 4.016501E-01 9.004298E-02 -1.489838E+00 4.332454E-01 -1.634730E-01 1.105878E+00 2.940859E-02 4.705415E-02 4.359602E+00 1.246091E+01 
4.711738E-02 4.873957E-02 4.534985E-01 1.512021E-01 -1.308120E+00 3.333035E-01 -5.216097E-02 5.614067E-01 5.379527E-02 1.766709E-02 4.872108E+00 1.001879E+01 
6.359676E-02 3.739933E-02 3.687099E-01 1.544055E-01 -8.917824E-02 4.357768E-01 -8.028835E-02 1.002354E+00 1.517407E-02 5.287414E-03 6.417194E+00 1.313366E+01 
4.901645E-02 6.869920E-02 3.263353E-01 1.434420E-01 -1.018300E+00 4.761083E-01 -6.888902E-02 8.164937E-01 3.664637E-02 2.222809E-02 5.047690E+00 6.707736E+00 
6.283212E-02 6.782907E-02 4.519420E-01 1.272349E-01 -1.242872E+00 3.775774E-01 -1.000000E-02 3.874855E-01 3.589691E-02 1.622028E-02 5.053552E+00 1.903676E+01 
7.187287E-02 6.500583E-02 4.723209E-01 1.664697E-01 -1.029100E+00 3.430167E-01 -5.216799E-02 1.547169E+00 2.765461E-02 1.013002E-02 5.686475E+00 4.510778E+00 
7.789349E-02 8.770972E-02 4.009508E-01 1.696600E-01 -1.011453E+00 4.368970E-01 -4.242030E-02 5.966279E-01 4.600949E-02 3.386745E-02 5.081345E+00 9.970381E+00 
7.839576E-02 9.081435E-02 3.577316E-01 1.677340E-01 -8.741905E-01 3.992916E-01 -4.654096E-02 8.717053E-01 5.182678E-02 1.817283E-02 7.671359E+00 9.685850E-01 
4.822082E-02 3.836363E-02 4.053396E-01 1.685463E-01 -1.198819E+00 4.488461E-01 -6.010459E-02 8.832791E-01 5.085410E-02 2.724283E-02 2.469379E+00 8.780898E+00 
3.460046E-02 3.261723E-02 3.794154E-01 1.245662E-01 -1.413956E+00 3.743652E-01 -8.641929E-02 3.115852E-01 2.475233E-02 2.079998E-02 5.052185E+00 6.260007E+00 
5.183195E-02 5.211263E-02 3.599657E-01 1.680484E-01 -1.447848E+00 3.905618E-01 -5.913245E-02 7.474641E-01 3.067938E-02 3.443505E-02 4.890998E+00 1.397965E+01 
6.674965E-02 5.535422E-02 4.330640E-01 1.565991E-01 -1.255649E+00 5.032394E-01 -6.761763E-02 1.200820E+00 5.808786E-02 2.133703E-02 3.144659E+00 4.848683E+00 
7.157599E-02 6.413938E-02 3.795281E-01 1.779508E-01 -6.799794E-01 5.019462E-01 -6.593083E-02 6.641111E-01 3.207527E-02 2.728153E-02 3.326283E+00 1.075064E+01 
8.091974E-02 1.178656E-01 4.029529E-01 1.945004E-01 -1.562884E+00 5.037488E-01 -1.107967E-01 1.449755E+00 1.547215E-02 1.811800E-02 6.995473E+00 1.138778E+01 
4.182640E-02 3.801194E-02 3.712166E-01 1.536762E-01 -1.233473E+00 4.686927E-01 -8.727256E-02 1.732942E+00 5.295979E-02 1.746442E-02 5.595213E+00 8.639654E+00 
9.208216E-02 7.983665E-03 3.760864E-01 1.695151E-01 -1.056389E+00 3.937632E-01 -3.365699E-02 1.095019E+00 1.632670E-02 2.091132E-02 5.909134E+00 1.254332E+01 
6.526404E-02 9.322910E-02 3.791792E-01 1.758438E-01 -1.088064E+00 4.313395E-01 -1.091518E-01 1.435111E+00 4.447102E-02 6.366850E-03 4.404949E+00 2.664492E+00 
5.696715E-02 1.446932E-01 3.501497E-01 1.460302E-01 -7.849599E-01 3.164420E-01 -7.344400E-02 1.224849E+00 6.104794E-02 1.963671E-02 7.407560E+00 9.650044E+00 
7.217018E-02 7.499169E-02 3.958752E-01 1.725845E-01 -1.310979E+00 3.923071E-01 -4.350871E-02 1.408031E+00 4.513648E-02 2.175719E-02 4.440281E+00 1.510140E+01 
7.625068E-02 2.613073E-02 3.738500E-01 1.467916E-01 -1.825708E+00 4.286506E-01 -5.851412E-02 1.102047E+00 4.184755E-02 2.073287E-02 2.938520E+00 6.266824E+00 
4.271252E-02 2.326003E-02 4.084026E-01 1.960648E-01 -1.269576E+00 4.427629E-01 -3.056820E-02 1.253058E+00 4.680419E-02 1.541912E-02 3.186779E+00 9.893190E+00 
2.942063E-02 7.659087E-02 3.473105E-01 1.434273E-01 -1.345875E+00 4.503144E-01 -9.353923E-02 6.822207E-01 4.169424E-02 2.131988E-02 9.781763E+00 6.490966E+00 
5.768638E-02 5.546137E-02 3.711159E-01 1.783352E-01 -1.435467E+00 4.153935E-01 -6.288025E-02 1.083202E+00 2.326605E-02 1.216707E-02 6.320151E+00 5.852415E+00 
3.038508E-02 2.994240E-02 3.220661E-01 1.462992E-01 -1.401483E+00 3.981735E-01 -3.712466E-02 4.184966E-01 2.453420E-02 5.524610E-03 4.058618E+00 1.276987E+01 
5.145663E-02 3.420624E-02 2.811662E-01 1.466679E-01 -9.122957E-01 4.612084E-01 -6.267730E-02 8.011038E-01 2.118312E-02 1.219261E-02 3.225419E+00 1.490788E+01 
6.483713E-02 5.959790E-02 4.406566E-01 1.041134E-01 -1.065022E+00 4.098161E-01 -4.221235E-02 1.023776E+00 5.292327E-02 1.755594E-02 5.804063E+00 8.691692E+00 
6.499318E-02 3.398554E-02 5.009816E-01 1.450363E-01 -1.220597E+00 4.089592E-01 -7.351776E-02 7.313361E-01 5.202353E-02 3.727603E-02 5.471129E+00 4.297508E+00 
7.006635E-02 5.601155E-02 4.611428E-01 1.192649E-01 -1.121181E+00 2.665260E-01 -7.542047E-02 6.512754E-01 5.003836E-02 1.330815E-02 7.413213E+00 1.116054E+01 
1.446027E-01 8.009543E-02 4.257767E-01 1.387824E-01 -3.151387E-01 4.517804E-01 -1.160150E-01 1.057392E+00 3.334714E-02 5.202241E-02 7.000058E+00 2.327102E+00 
7.145998E-02 2.061514E-02 4.322468E-01 1.757834E-01 -9.891001E-01 5.053997E-01 -3.215435E-02 1.125039E+00 3.886683E-02 2.382637E-02 2.310808E+00 1.044243E+01 
6.301121E-02 2.122651E-02 3.579841E-01 1.877274E-01 -1.082454E+00 5.603623E-01 -1.111294E-01 2.929515E-01 6.155152E-02 1.246467E-02 3.941530E+00 7.801012E+00 
7.676697E-02 1.298925E-01 3.488801E-01 1.228511E-01 -1.452811E+00 3.931021E-01 -1.776683E-01 8.897057E-01 3.613663E-02 1.812764E-02 6.034105E+00 6.537823E-01 
5.060492E-02 4.898649E-02 3.631525E-01 1.305652E-01 -9.347569E-01 2.875121E-01 -5.641743E-02 9.884583E-01 3.214957E-02 1.652973E-02 4.295588E+00 4.656369E+00 
5.226517E-02 9.172279E-02 2.725258E-01 1.733606E-01 -7.528388E-01 3.242006E-01 -1.069197E-01 1.141461E+00 8.587282E-02 1.640348E-02 7.395575E+00 3.555771E+00 
6.604979E-02 3.850379E-02 3.055034E-01 1.927941E-01 -6.943891E-01 4.045615E-01 -1.071002E-01 1.169193E+00 4.427699E-02 1.705801E-02 7.742316E+00 1.554729E+01 
9.448371E-02 2.818260E-02 4.459941E-01 1.355127E-01 -9.338139E-01 4.355600E-01 -1.154415E-01 8.490832E-01 3.332354E-02 1.022674E-02 4.053117E+00 7.554152E+00 
4.282677E-02 7.581793E-02 3.074946E-01 1.452657E-01 -5.009550E-01 4.273719E-01 -5.803241E-02 1.118608E+00 2.405652E-02 2.654839E-02 5.138494E+00 4.356552E+00 
6.815944E-02 6.605629E-02 3.756967E-01 1.285294E-01 -9.321089E-01 2.962258E-01 -1.335574E-01 1.182552E+00 2.490736E-02 3.031837E-02 5.519201E+00 1.257987E+01 
3.935691E-02 3.456075E-02 4.479814E-01 1.053350E-01 -1.534876E+00 3.916008E-01 -6.696968E-02 3.312188E-01 3.451681E-02 2.150802E-02 5.133198E+00 7.871720E+00 
1.458265E-01 9.031162E-02 4.323263E-01 1.631400E-01 -7.524676E-01 2.529295E-01 -6.006551E-02 1.320101E+00 4.610254E-02 6.086140E-02 7.408406E+00 1.132802E+01 
1.504294E-01 3.533259E-02 3.995670E-01 1.666358E-01 -1.202909E+00 5.081280E-01 -1.437321E-01 1.062177E+00 3.388422E-02 2.274262E-02 4.464397E+00 8.559987E+00 
6.212324E-02 3.769160E-02 5.024293E-01 1.730718E-01 -1.349820E+00 4.723685E-01 -8.052441E-02 7.764283E-01 2.820616E-02 1.358697E-02 3.672594E+00 1.133818E+01 
5.893420E-02 4.564291E-02 4.137494E-01 1.611116E-01 -1.294351E+00 3.284253E-01 -5.929626E-02 2.481051E-01 2.048723E-02 1.988370E-02 4.282969E+00 4.852930E+00 
1.075836E-01 4.003874E-02 5.069291E-01 1.585712E-01 -1.421327E+00 3.942171E-01 -9.930090E-02 6.098117E-01 4.357951E-02 2.483279E-02 3.277964E+00 1.464553E+01 
3.768337E-04 2.776499E-02 3.722159E-01 1.219953E-01 -1.316667E+00 3.847601E-01 -1.076423E-01 6.911646E-01 1.852679E-02 3.242760E-02 5.839590E+00 1.250514E+01 
1.478890E-02 6.232789E-02 3.981726E-01 1.322351E-01 -1.154265E+00 4.065276E-01 -6.386917E-02 9.398239E-01 2.717764E-02 1.367706E-02 4.463109E+00 5.922713E+00 
2.738312E-02 7.106088E-02 4.383921E-01 1.437935E-01 -1.308859E+00 3.909023E-01 -4.305643E-02 1.445373E+00 2.840624E-02 1.797558E-02 4.754799E+00 6.280973E+00 
6.886626E-02 3.473520E-02 3.603160E-01 1.679748E-01 -1.505698E+00 4.378776E-01 -9.725822E-02 9.381726E-01 3.125091E-02 4.964057E-03 6.882401E+00 1.395369E+01 
4.713951E-02 1.658130E-02 3.797026E-01 1.542294E-01 -9.029501E-01 3.323282E-01 -1.240700E-01 7.686081E-01 3.424306E-02 2.721730E-02 4.247821E+00 1.237521E+01 
8.129948E-02 6.488062E-02 3.855216E-01 1.604711E-01 -1.276201E+00 4.340762E-01 -1.374785E-01 5.809718E-01 3.857135E-02 3.379044E-02 5.901495E+00 1.193882E+01 
9.468925E-02 1.225185E-01 3.542219E-01 1.723384E-01 -9.254466E-01 5.393934E-01 -8.232373E-02 1.255717E+00 5.251464E-02 2.990988E-03 5.112615E+00 5.980482E+00 
7.649189E-02 4.685787E-02 2.811317E-01 1.714781E-01 -6.893594E-01 4.727282E-01 -8.544168E-02 9.819336E-01 5.985919E-02 1.213625E-03 5.933932E+00 3.265352E+00 
4.222300E-02 1.194048E-01 3.900725E-01 1.426565E-01 -7.997360E-01 3.366986E-01 -6.367824E-02 9.818808E-01 3.390719E-02 4.819185E-02 6.278208E+00 8.208369E+00 
7.544114E-02 9.444785E-02 4.793251E-01 1.285561E-01 -1.044611E+00 3.320321E-01 -1.030030E-01 8.082645E-01 3.152406E-02 7.359277E-03 4.641597E+00 9.367383E+00 
4.935281E-02 9.495919E-02 3.570115E-01 1.581807E-01 -1.079047E+00 3.983089E-01 -5.039740E-02 1.238477E+00 3.609999E-02 1.863703E-02 4.859487E+00 8.037351E+00 
5.708735E-02 6.941331E-02 3.523381E-01 1.768372E-01 -8.386707E-01 3.501094E-01 -1.058250E-01 9.854072E-01 2.555183E-02 1.709276E-02 5.833805E+00 1.036835E+01 
6.061148E-02 6.169401E-02 4.809488E-01 1.639041E-01 -7.587433E-01 4.228728E-01 -7.690026E-02 6.063796E-01 4.469422E-02 2.554639E-02 4.217368E+00 9.660672E+00 
7.490260E-02 3.910783E-02 4.112646E-01 1.750097E-01 -1.045887E+00 4.727480E-01 -8.299637E-02 9.331636E-01 2.471332E-02 1.365933E-02 2.664066E+00 7.684879E+00 
7.451280E-02 2.499543E-02 3.390222E-01 1.366477E-01 -9.821534E-01 5.848782E-01 -9.343796E-02 1.044264E+00 5.579977E-02 1.596924E-02 6.230946E+00 4.008400E+00 
5.522204E-02 4.018288E-02 4.042233E-01 1.724525E-01 -1.280731E+00 5.172605E-01 -6.464341E-02 1.641357E+00 0.000000E+00 1.677870E-02 6.891771E+00 1.016487E+01 
4.409489E-02 9.691859E-02 3.083647E-01 1.337124E-01 -1.519269E+00 3.658944E-01 -5.982362E-02 1.219167E+00 3.688080E-02 1.807322E-02 4.474995E+00 6.181922E+00 
5.839267E-02 2.192239E-02 5.540795E-01 1.775166E-01 -1.303748E+00 2.779578E-01 -1.000000E-02 1.000000E-03 6.326386E-02 3.132800E-02 5.457951E+00 1.133082E+01 
7.880412E-02 5.266498E-02 3.740312E-01 1.656568E-01 -1.408205E+00 4.277111E-01 -5.030336E-02 3.781767E-01 6.547369E-02 9.765164E-03 4.847113E+00 1.136370E+01 
6.334284E-02 8.751233E-02 3.654821E-01 1.751825E-01 -7.280879E-01 3.781673E-01 -9.402139E-02 1.313736E+00 3.673659E-02 2.536132E-02 8.970833E+00 1.518565E+01 
6.649411E-02 5.396031E-02 4.085341E-01 1.632480E-01 -1.816297E+00 5.093962E-01 -2.697457E-02 1.011510E+00 4.812299E-02 1.297705E-02 2.627485E+00 4.572423E+00 
1.056067E-01 4.166354E-02 4.615107E-01 1.486711E-01 -1.688478E+00 3.836530E-01 -1.125403E-01 9.243802E-01 4.534735E-02 1.199631E-02 4.633265E+00 1.119739E+01 
5.894145E-02 4.944588E-03 4.285970E-01 1.337858E-01 -1.524542E+00 4.099117E-01 -8.897818E-02 9.228993E-01 4.278013E-02 2.557455E-02 5.664684E+00 1.023211E+01 
6.316506E-02 5.078701E-02 3.405813E-01 1.411010E-01 -7.847135E-01 5.525787E-01 -3.677592E-02 1.057355E+00 4.116687E-02 1.502547E-02 5.195182E+00 5.993773E+00 
5.048446E-02 1.110210E-02 4.450051E-01 1.453089E-01 -1.045000E+00 3.907826E-01 -3.967116E-02 4.246699E-01 1.185090E-02 1.957140E-02 5.798167E+00 5.666437E+00 
4.916054E-02 5.806428E-02 4.461302E-01 9.316582E-02 -7.986371E-01 3.455194E-01 -7.308855E-02 3.392505E-01 4.052253E-02 1.158260E-02 6.278953E+00 7.622778E+00 
8.598840E-02 6.829641E-02 3.907816E-01 1.798023E-01 -2.000000E+00 4.554037E-01 -8.825737E-02 7.559138E-01 3.444957E-02 1.819005E-02 6.269723E+00 8.538160E+00 
6.289071E-02 3.805220E-02 4.037750E-01 1.682579E-01 -1.121566E+00 4.358166E-01 -6.768524E-02 1.281611E+00 1.292653E-02 3.032527E-02 5.908200E+00 1.204483E+01 
5.201234E-02 6.201128E-02 3.453444E-01 1.423845E-01 -1.135186E+00 3.967274E-01 -5.221390E-02 1.431292E+00 4.034515E-02 3.290775E-02 5.281491E+00 1.100110E+01 
4.320506E-02 4.095721E-02 4.086942E-01 1.507305E-01 -1.127700E+00 4.552573E-01 -7.502140E-02 1.050101E+00 5.559065E-02 1.529082E-02 5.166999E+00 1.106264E+01 
5.563896E-02 6.164772E-02 3.002177E-01 1.360968E-01 -1.200845E+00 3.843911E-01 -4.913817E-02 1.164347E+00 5.695042E-02 6.858827E-03 5.446669E+00 3.134171E-01 
8.905308E-02 6.342040E-02 4.048621E-01 1.392533E-01 -1.123583E+00 3.529885E-01 -2.000000E-01 2.282884E-01 6.261321E-02 2.898111E-02 5.696663E+00 1.062988E+01 
3.384794E-02 2.140554E-02 3.938931E-01 1.514503E-01 -1.233784E+00 3.857669E-01 -5.151484E-02 9.059724E-01 4.505725E-02 2.331578E-02 5.775214E+00 9.910575E+00 
9.663311E-02 3.355996E-02 4.006925E-01 2.000000E-01 -5.222141E-01 4.867260E-01 -4.565857E-02 1.066336E+00 2.140934E-02 3.214494E-02 4.951570E+00 1.113493E+01 
1.200096E-01 2.859495E-02 4.224839E-01 1.799387E-01 -1.335802E+00 4.430474E-01 -3.841969E-02 8.919912E-01 6.619077E-02 1.938813E-02 6.389973E+00 5.933491E+00 
6.496435E-02 1.002184E-01 4.071500E-01 1.493546E-01 -8.574332E-01 1.000000E-01 -4.445711E-02 1.086230E+00 3.878835E-02 7.916933E-03 4.034814E+00 7.322308E+00 
3.275563E-02 2.829723E-02 3.928684E-01 1.358827E-01 -1.370465E+00 2.896404E-01 -1.916417E-02 1.000000E-03 2.520371E-02 7.428706E-03 5.927398E+00 8.969288E+00 
5.269051E-02 4.319903E-02 3.365573E-01 1.837461E-01 -5.997726E-01 4.094289E-01 -1.831446E-02 9.115131E-01 3.760310E-02 1.490181E-02 3.907273E+00 7.405522E+00 
4.029589E-02 3.163526E-02 4.384718E-01 1.836056E-01 -1.454018E+00 3.812746E-01 -1.954242E-02 3.442088E-01 4.953820E-02 2.992179E-02 5.821654E+00 3.669138E+00 
3.206502E-02 1.418895E-01 4.684908E-01 1.449043E-01 -1.547260E+00 3.752885E-01 -1.000000E-02 5.976099E-01 2.462510E-02 1.088983E-02 5.618402E+00 1.176358E+01 
1.068971E-01 9.948388E-02 1.738342E-01 1.664927E-01 -9.595700E-01 4.645071E-01 -1.128291E-01 4.877347E-01 5.169236E-02 2.941360E-02 5.437176E+00 3.953508E+00 
6.920641E-02 4.682318E-02 3.811599E-01 9.199897E-02 -8.712486E-01 3.649873E-01 -5.937950E-02 1.356507E+00 5.528761E-02 2.932920E-02 4.208605E+00 5.006215E+00 
4.737522E-02 7.069725E-02 3.107075E-01 1.394685E-01 -5.107157E-01 3.855109E-01 -3.974182E-02 9.792901E-01 3.760843E-02 2.167759E-02 3.109142E+00 1.335385E+01 
6.815335E-02 1.081513E-01 3.470037E-01 1.853776E-01 -9.381287E-02 5.002476E-01 -7.878162E-02 1.111362E+00 4.750695E-02 1.762661E-02 4.724194E+00 7.833381E+00 
6.130710E-02 6.234389E-02 3.486114E-01 1.371157E-01 -1.140025E+00 3.724989E-01 -3.146654E-02 6.453104E-01 2.310640E-02 3.666764E-03 5.762716E+00 4.169948E+00 
