1.600925E-01 9.647607E-03 3.908650E-01 1.623087E-01 -1.730261E+00 5.251607E-01 -1.749783E-02 8.546364E-01 3.163247E-02 3.482079E-03 4.335406E+00 7.727925E+00 
1.226027E-01 8.326744E-03 3.693410E-01 1.599490E-01 -1.507133E+00 5.347451E-01 -1.047962E-01 9.812979E-01 3.199938E-02 5.315608E-03 3.751951E+00 6.358201E+00 
1.476799E-01 9.686380E-03 3.574119E-01 1.616605E-01 -1.525493E+00 5.503050E-01 -1.234510E-01 9.976851E-01 3.809899E-02 2.181106E-03 3.850429E+00 8.379646E+00 
1.474217E-01 2.289629E-02 3.636393E-01 1.687968E-01 -1.488316E+00 5.311143E-01 -1.604518E-01 9.435207E-01 3.315610E-02 3.551460E-03 5.628509E+00 8.727660E+00 
1.347567E-01 2.364212E-02 3.681430E-01 1.718487E-01 -1.484361E+00 5.484085E-01 -1.335234E-01 9.077681E-01 3.215046E-02 1.253964E-02 3.716535E+00 6.374407E+00 
1.679972E-01 2.091329E-02 3.763447E-01 1.649473E-01 -1.437764E+00 5.621936E-01 -1.146596E-01 9.966470E-01 2.595052E-02 1.723533E-03 4.108087E+00 9.017555E+00 
1.338581E-01 1.634779E-02 3.354322E-01 1.557098E-01 -1.507145E+00 5.873070E-01 -1.139463E-01 7.984265E-01 3.266854E-02 6.010899E-03 3.622723E+00 8.272478E+00 
1.224374E-01 1.795988E-02 3.497190E-01 1.666700E-01 -1.249995E+00 3.820268E-01 -4.834050E-02 8.481009E-01 3.025212E-02 3.111467E-03 4.964904E+00 1.115321E+01 
1.368926E-01 1.180841E-02 3.403599E-01 1.678746E-01 -1.626871E+00 3.881064E-01 -1.004124E-01 1.116628E+00 2.998965E-02 7.359537E-03 3.298505E+00 9.953890E+00 
1.385345E-01 2.316192E-02 3.659352E-01 1.644505E-01 -1.395380E+00 5.589591E-01 -6.420309E-02 8.763936E-01 3.363601E-02 1.582433E-03 5.372521E+00 8.598295E+00 
8.404228E-02 1.245120E-02 3.506382E-01 1.595854E-01 -1.242897E+00 5.257184E-01 -1.291274E-01 9.644914E-01 2.737997E-02 5.517136E-03 4.777971E+00 8.595910E+00 
1.666627E-01 1.583949E-02 3.537067E-01 1.651745E-01 -1.504656E+00 5.915136E-01 -1.470727E-01 9.187365E-01 3.318188E-02 3.250320E-03 5.341689E+00 9.655836E+00 
1.462047E-01 1.963701E-02 3.735035E-01 1.639556E-01 -1.183108E+00 4.310506E-01 -8.692358E-02 8.987427E-01 3.071883E-02 2.009781E-03 3.612669E+00 7.739711E+00 
1.340164E-01 1.966303E-02 3.646630E-01 1.556775E-01 -1.568759E+00 5.798218E-01 -8.398267E-02 1.041385E+00 2.898928E-02 6.307130E-03 4.007404E+00 1.409360E+01 
1.033757E-01 4.864809E-02 3.429821E-01 1.571326E-01 -1.066189E+00 4.839266E-01 -6.898001E-02 1.098517E+00 2.856453E-02 1.000521E-02 4.002681E+00 8.307144E+00 
1.141478E-01 6.709719E-02 4.244314E-01 1.456923E-01 -9.494245E-01 1.598908E-01 -1.171371E-01 9.557784E-01 3.498808E-02 2.153806E-02 4.780346E+00 1.150494E+01 
1.704378E-01 1.498230E-02 3.758797E-01 1.716743E-01 -1.469236E+00 4.503129E-01 -1.086865E-01 1.065175E+00 2.988054E-02 2.165606E-03 3.589801E+00 7.711663E+00 
1.391501E-01 2.518173E-02 4.049792E-01 1.726777E-01 -1.317369E+00 5.229156E-01 -1.102285E-01 8.501656E-01 2.914213E-02 5.395190E-03 2.939866E+00 7.759391E+00 
1.269537E-01 2.288753E-02 3.303536E-01 1.614521E-01 -1.321495E+00 4.562982E-01 -1.285939E-01 8.758921E-01 3.529548E-02 8.876240E-03 5.087858E+00 8.908780E+00 
1.499079E-01 1.104330E-02 3.756311E-01 1.671089E-01 -1.553094E+00 4.316845E-01 -1.272410E-01 9.569696E-01 2.208728E-02 4.497434E-03 4.033638E+00 1.030928E+01 
1.211753E-01 1.884971E-02 3.614228E-01 1.709661E-01 -1.298864E+00 2.232082E-01 -1.400712E-01 9.892715E-01 2.597009E-02 8.427044E-03 5.006147E+00 1.149331E+01 
1.336427E-01 1.045113E-02 3.487663E-01 1.522697E-01 -1.298103E+00 6.000000E-01 -1.157494E-01 9.415822E-01 3.271458E-02 5.395938E-03 4.123877E+00 8.116001E+00 
1.548248E-01 2.638544E-02 3.366364E-01 1.710185E-01 -1.462579E+00 5.430552E-01 -9.917021E-02 1.041408E+00 3.232506E-02 3.351999E-03 3.183694E+00 1.125279E+01 
1.447773E-01 5.756448E-04 3.551217E-01 1.738196E-01 -1.468020E+00 5.178050E-01 -1.189519E-01 1.123191E+00 3.348632E-02 1.994359E-02 3.141191E+00 9.204491E+00 
1.778369E-01 1.751709E-02 3.670717E-01 1.625666E-01 -1.219444E+00 5.049564E-01 -1.239578E-01 9.962120E-01 2.486475E-02 5.929799E-03 4.498112E+00 9.308897E+00 
1.350558E-01 2.058073E-02 3.570362E-01 1.542819E-01 -1.212565E+00 4.820054E-01 -9.320682E-02 9.317498E-01 3.212772E-02 8.334669E-03 4.234297E+00 7.766588E+00 
1.356632E-01 1.860410E-02 3.630444E-01 1.562649E-01 -1.174625E+00 5.852917E-01 -1.003940E-01 9.188735E-01 3.641647E-02 8.013124E-03 4.484474E+00 9.167202E+00 
6.174088E-02 4.423999E-02 3.968882E-01 1.602677E-01 -1.155573E+00 3.659850E-01 -1.068721E-01 9.512622E-01 2.993667E-02 6.617739E-03 4.186066E+00 9.582038E+00 
1.540407E-01 7.739725E-03 3.051684E-01 1.478089E-01 -1.427358E+00 6.000000E-01 -1.574559E-01 9.903368E-01 3.421212E-02 8.192998E-03 4.592527E+00 9.595382E+00 
1.523581E-01 9.738518E-03 3.475601E-01 1.642170E-01 -1.361380E+00 5.412870E-01 -9.672890E-02 9.527568E-01 2.783957E-02 4.809998E-03 3.772421E+00 1.009720E+01 
1.228057E-01 8.132629E-02 3.455188E-01 1.465575E-01 -1.282641E+00 5.236811E-01 -9.335040E-02 9.625825E-01 2.817680E-02 1.695015E-02 4.710865E+00 8.582103E+00 
1.548250E-01 9.560552E-03 3.315251E-01 1.622639E-01 -1.547958E+00 5.892413E-01 -8.400021E-02 9.859517E-01 3.087095E-02 1.897927E-03 4.621758E+00 9.088545E+00 
1.476892E-01 4.909325E-02 3.723808E-01 1.590434E-01 -1.185842E+00 2.257545E-01 -8.438556E-02 9.292739E-01 3.513732E-02 8.333409E-03 4.364794E+00 8.482855E+00 
1.480921E-01 1.879723E-02 3.429000E-01 1.538433E-01 -1.021827E+00 3.609065E-01 -4.246615E-02 7.411482E-01 3.351074E-02 3.882460E-03 4.501146E+00 1.063516E+01 
1.405596E-01 3.202539E-02 3.572773E-01 1.564069E-01 -1.214411E+00 5.210023E-01 -4.696758E-02 9.743717E-01 3.389299E-02 4.199838E-03 5.233103E+00 8.365596E+00 
1.494205E-01 5.914195E-02 3.530912E-01 1.588999E-01 -1.482717E+00 4.548658E-01 -7.059291E-02 1.006529E+00 3.109363E-02 1.168544E-02 4.004485E+00 8.563090E+00 
6.480786E-02 6.161481E-02 3.315747E-01 1.667134E-01 -1.372391E+00 4.904916E-01 -1.043149E-01 1.039517E+00 3.179456E-02 7.690713E-03 4.418361E+00 1.328036E+01 
1.345509E-01 3.727335E-02 3.658649E-01 1.567202E-01 -8.220766E-01 5.611833E-01 -9.691405E-02 9.278364E-01 3.157580E-02 1.056604E-03 4.318581E+00 6.084699E+00 
1.661063E-01 1.844194E-02 3.700571E-01 1.675584E-01 -1.308129E+00 5.974838E-01 -8.521309E-02 9.905910E-01 2.953373E-02 2.658401E-03 4.855889E+00 8.927690E+00 
1.399381E-01 3.547091E-02 3.981544E-01 1.517859E-01 -1.405975E+00 4.826594E-01 -7.337023E-02 6.824579E-01 3.138939E-02 6.140589E-03 4.604149E+00 9.562407E+00 
6.640822E-02 5.097465E-02 3.575455E-01 1.543674E-01 -1.460083E+00 4.247182E-01 -6.690702E-02 9.392294E-01 3.183337E-02 5.766805E-03 4.890972E+00 1.192443E+01 
1.374534E-01 2.235786E-02 3.516832E-01 1.644155E-01 -1.525672E+00 2.017878E-01 -3.793630E-02 9.509220E-01 3.701364E-02 4.093826E-03 3.769701E+00 1.059841E+01 
1.212234E-01 2.213620E-02 3.802221E-01 1.583650E-01 -1.380752E+00 6.000000E-01 -1.046995E-01 8.274751E-01 3.161215E-02 1.652413E-03 4.162815E+00 1.098507E+01 
1.711837E-01 1.000000E-04 3.635172E-01 1.610483E-01 -1.468123E+00 5.168965E-01 -4.274218E-02 1.080376E+00 2.687377E-02 1.686748E-03 4.668151E+00 8.229298E+00 
1.534992E-01 2.195409E-02 3.407014E-01 1.689876E-01 -1.628678E+00 5.153209E-01 -1.305861E-01 1.064150E+00 3.884207E-02 9.192809E-03 4.731844E+00 9.870310E+00 
1.535458E-01 2.534205E-02 3.835186E-01 1.682783E-01 -1.395742E+00 5.138520E-01 -5.831982E-02 9.745062E-01 2.841282E-02 5.745143E-03 4.519463E+00 9.829219E+00 
1.421612E-01 2.188253E-02 3.295298E-01 1.624087E-01 -1.419589E+00 5.255932E-01 -1.106341E-01 1.075160E+00 2.687830E-02 8.332192E-03 4.059456E+00 7.368907E+00 
1.207652E-01 3.869541E-02 3.443880E-01 1.485465E-01 -1.134488E+00 4.674577E-01 -7.361540E-02 1.060368E+00 3.522809E-02 7.664535E-04 3.708080E+00 1.456467E+01 
1.732703E-01 1.000000E-04 3.778546E-01 1.690281E-01 -1.512122E+00 6.000000E-01 -1.190807E-01 9.653712E-01 3.151884E-02 0.000000E+00 4.041210E+00 8.172923E+00 
9.707046E-02 7.316208E-02 3.455651E-01 1.508765E-01 -1.032111E+00 3.879130E-01 -9.747309E-02 9.614772E-01 3.174126E-02 4.033969E-03 5.164337E+00 7.754832E+00 
1.584509E-01 1.175907E-02 3.837866E-01 1.568211E-01 -1.428027E+00 4.641175E-01 -1.117577E-01 1.102935E+00 3.352021E-02 2.867073E-03 4.315604E+00 8.695073E+00 
1.317713E-01 1.764830E-02 3.480892E-01 1.697784E-01 -1.410642E+00 5.733188E-01 -8.894920E-02 9.793793E-01 2.816200E-02 2.250918E-03 4.747156E+00 7.289914E+00 
1.472450E-01 3.394176E-03 3.529088E-01 1.726229E-01 -1.415938E+00 5.572184E-01 -1.448178E-01 1.003345E+00 2.741471E-02 1.485088E-03 4.801147E+00 1.014406E+01 
1.509890E-01 1.503755E-02 3.990031E-01 1.684528E-01 -1.407242E+00 5.852252E-01 -4.071217E-02 9.381414E-01 2.763455E-02 2.053809E-03 4.490032E+00 9.111289E+00 
1.656038E-01 1.898674E-03 3.429838E-01 1.683044E-01 -1.345336E+00 5.849646E-01 -1.261811E-01 9.438712E-01 3.137884E-02 2.194444E-03 3.816177E+00 1.081199E+01 
1.753012E-01 1.284630E-02 4.242622E-01 1.627920E-01 -1.403238E+00 5.524252E-01 -9.989600E-02 1.023837E+00 2.293505E-02 1.007573E-03 4.675045E+00 8.253379E+00 
1.627054E-01 1.319770E-02 3.744696E-01 1.705870E-01 -1.718678E+00 5.187130E-01 -5.079600E-02 8.633474E-01 3.140998E-02 1.132556E-03 4.393820E+00 8.386574E+00 
6.038646E-02 2.633185E-02 3.724816E-01 1.580013E-01 -1.138366E+00 4.391351E-01 -6.642680E-02 1.121109E+00 2.695780E-02 2.054956E-02 4.180453E+00 7.532454E+00 
1.655966E-01 6.124582E-03 3.548544E-01 1.650536E-01 -1.428153E+00 5.387569E-01 -6.766684E-02 9.758778E-01 2.976091E-02 6.067289E-03 5.911942E+00 1.015066E+01 
1.238631E-01 4.394712E-02 3.646077E-01 1.495557E-01 -1.352612E+00 4.089398E-01 -6.271202E-02 1.079038E+00 3.279700E-02 9.360264E-03 4.305638E+00 9.732817E+00 
6.583618E-02 3.180786E-02 3.357897E-01 1.338932E-01 -1.329086E+00 4.950934E-01 -6.295133E-02 8.509870E-01 2.786370E-02 3.775675E-03 3.045747E+00 9.440136E+00 
1.433664E-01 2.396931E-02 3.272702E-01 1.527259E-01 -1.850650E+00 4.695473E-01 -1.472509E-01 1.082576E+00 3.097893E-02 4.324423E-03 4.100710E+00 1.071034E+01 
1.444563E-01 4.788924E-02 3.340333E-01 1.668183E-01 -1.198547E+00 5.773592E-01 -2.179357E-02 9.540127E-01 2.872203E-02 7.714541E-03 4.698587E+00 8.886770E+00 
1.618150E-01 1.010045E-02 3.849786E-01 1.742390E-01 -1.336637E+00 5.354351E-01 -1.097149E-01 9.003353E-01 3.078274E-02 4.671183E-03 4.221231E+00 8.038731E+00 
1.349965E-01 1.317182E-02 3.504788E-01 1.706797E-01 -1.472611E+00 5.127981E-01 -3.127497E-02 1.000242E+00 2.730481E-02 4.053152E-03 4.973993E+00 7.688463E+00 
1.452165E-01 5.130410E-02 3.570314E-01 1.585003E-01 -1.278805E+00 5.491563E-01 -5.315312E-02 9.824297E-01 2.444218E-02 5.048200E-03 3.963047E+00 1.294212E+01 
9.907523E-02 2.230828E-02 3.510815E-01 1.620211E-01 -1.263603E+00 5.662788E-01 -1.258971E-01 1.048536E+00 2.861399E-02 5.364645E-03 4.001301E+00 3.316655E+00 
1.652182E-01 1.072792E-02 3.939407E-01 1.636086E-01 -1.410784E+00 6.000000E-01 -1.057607E-01 1.065169E+00 2.420437E-02 3.988404E-03 4.713964E+00 7.761894E+00 
9.336403E-02 7.324028E-02 3.252774E-01 1.485692E-01 -1.343542E+00 5.029898E-01 -2.453334E-02 9.304864E-01 2.785148E-02 1.677398E-02 4.459077E+00 8.766336E+00 
9.639892E-02 2.524753E-02 3.491770E-01 1.610268E-01 -1.622620E+00 5.560416E-01 -1.080757E-01 9.179754E-01 3.478150E-02 4.341393E-03 4.350025E+00 6.957120E+00 
8.805998E-02 2.797340E-02 3.819789E-01 1.714448E-01 -9.530316E-01 5.141489E-01 -1.443172E-01 8.599721E-01 3.258760E-02 1.450269E-02 7.294806E+00 4.900460E+00 
1.532829E-01 1.064635E-02 3.682217E-01 1.657683E-01 -1.302810E+00 5.987172E-01 -7.675421E-02 1.023436E+00 3.016281E-02 3.984319E-03 3.825227E+00 7.946535E+00 
1.583060E-01 1.860445E-02 3.600307E-01 1.715342E-01 -1.363036E+00 5.949413E-01 -1.153787E-01 1.005653E+00 2.859157E-02 7.587746E-03 3.905350E+00 1.013330E+01 
1.494950E-01 4.528715E-02 3.668130E-01 1.644628E-01 -1.295299E+00 6.000000E-01 -5.537016E-02 8.188166E-01 2.112724E-02 4.176001E-03 4.652737E+00 9.514532E+00 
1.584931E-01 5.234061E-03 3.586017E-01 1.580388E-01 -1.606125E+00 6.000000E-01 -1.594616E-01 8.880181E-01 3.233477E-02 3.991035E-03 4.240345E+00 9.711878E+00 
1.050941E-01 5.477294E-02 3.389058E-01 1.557383E-01 -1.299745E+00 4.943966E-01 -1.034555E-01 1.036310E+00 2.906901E-02 1.538866E-02 4.321061E+00 2.499635E+00 
1.568434E-01 2.119604E-02 3.824503E-01 1.743239E-01 -1.562705E+00 5.661016E-01 -4.883949E-02 9.334068E-01 3.178215E-02 5.281543E-03 4.167984E+00 6.469372E+00 
1.724106E-01 1.184594E-02 3.650345E-01 1.647916E-01 -1.390749E+00 5.601404E-01 -1.245540E-01 9.114644E-01 3.712044E-02 9.635389E-03 3.697761E+00 8.560047E+00 
1.205310E-01 3.009123E-02 3.921760E-01 1.493601E-01 -1.570462E+00 4.457468E-01 -5.457559E-02 1.010445E+00 2.909635E-02 5.931627E-03 4.487861E+00 8.478957E+00 
1.773310E-01 1.972279E-02 3.712796E-01 1.641604E-01 -1.321273E+00 5.418096E-01 -1.108622E-01 8.681787E-01 2.808819E-02 5.435629E-03 4.023273E+00 1.107207E+01 
1.130476E-01 1.590801E-02 3.476145E-01 1.622289E-01 -1.654004E+00 5.684652E-01 -1.164229E-01 1.072313E+00 3.000310E-02 1.842077E-03 5.433002E+00 7.365432E+00 
1.551298E-01 1.499040E-02 3.527054E-01 1.558511E-01 -1.624309E+00 5.966152E-01 -7.144899E-02 9.838296E-01 3.042649E-02 5.272584E-03 4.172511E+00 8.565035E+00 
1.579738E-01 5.035933E-03 3.481978E-01 1.653707E-01 -1.493337E+00 5.667310E-01 -1.490362E-01 8.169167E-01 2.710448E-02 3.954799E-03 3.714913E+00 7.621200E+00 
1.680569E-01 2.823302E-02 3.091560E-01 1.706273E-01 -1.162256E+00 5.826648E-01 -8.030824E-02 8.053019E-01 3.001300E-02 1.438614E-02 4.797757E+00 8.196128E+00 
1.408547E-01 1.154871E-02 3.604869E-01 1.652670E-01 -1.292833E+00 4.453441E-01 -8.642308E-02 8.781282E-01 3.033069E-02 1.317478E-03 4.675744E+00 9.953970E+00 
1.607094E-01 8.084913E-03 3.658349E-01 1.730893E-01 -1.586261E+00 5.374000E-01 -7.133010E-02 8.858316E-01 3.220562E-02 1.744174E-03 4.170567E+00 8.813914E+00 
1.579366E-01 1.823919E-02 3.839404E-01 1.674217E-01 -1.187257E+00 5.094966E-01 -1.025361E-01 9.371460E-01 2.679184E-02 3.928267E-03 4.201903E+00 1.067451E+01 
4.550938E-02 6.875153E-02 4.225201E-01 1.442597E-01 -1.123734E+00 4.824250E-01 -6.348502E-02 8.170949E-01 3.551059E-02 5.179550E-03 5.916843E+00 9.402494E+00 
1.513143E-01 1.880526E-02 3.510783E-01 1.528721E-01 -1.020790E+00 3.405494E-01 -5.246001E-02 8.619054E-01 3.193588E-02 1.867609E-02 5.095420E+00 7.214847E+00 
1.355155E-01 1.041697E-02 3.471973E-01 1.584594E-01 -1.426625E+00 5.416251E-01 -3.760465E-02 9.484297E-01 3.001026E-02 6.752121E-03 4.260503E+00 8.463521E+00 
1.664221E-01 3.857210E-03 3.754878E-01 1.817339E-01 -1.499750E+00 6.000000E-01 -6.167456E-02 9.709745E-01 2.918553E-02 5.679649E-03 4.501413E+00 7.924780E+00 
1.648704E-01 8.542614E-04 3.660821E-01 1.334613E-01 -1.019183E+00 5.953139E-01 -1.055206E-01 8.618710E-01 2.045320E-02 4.582190E-03 4.024618E+00 1.277327E+01 
1.608904E-01 1.278295E-02 3.701442E-01 1.657004E-01 -1.309791E+00 4.629127E-01 -9.775163E-02 9.470414E-01 2.854921E-02 1.254756E-03 5.201614E+00 8.087850E+00 
1.407352E-01 9.329166E-03 3.532002E-01 1.572100E-01 -1.528493E+00 5.022504E-01 -1.342643E-01 9.398602E-01 3.552204E-02 1.368486E-03 4.487540E+00 8.197158E+00 
1.288575E-01 3.512597E-02 2.955767E-01 1.566791E-01 -1.442153E+00 5.481616E-01 -9.075117E-02 1.077684E+00 3.303290E-02 4.288911E-03 3.892562E+00 8.434856E+00 
1.972407E-01 1.254860E-02 3.698484E-01 1.578251E-01 -1.346717E+00 4.943898E-01 -9.726315E-02 9.436732E-01 3.061463E-02 4.802723E-03 4.633798E+00 8.360401E+00 
1.442855E-01 1.635404E-02 3.750819E-01 1.627445E-01 -1.442806E+00 5.640624E-01 -8.791001E-02 9.252664E-01 3.134953E-02 7.242513E-03 4.217164E+00 8.043298E+00 
1.295493E-01 3.844247E-03 3.655469E-01 1.563302E-01 -1.258718E+00 3.142964E-01 -1.049323E-01 9.344431E-01 3.089853E-02 1.818284E-03 4.480190E+00 1.059731E+01 
1.432405E-01 1.670437E-02 3.631623E-01 1.597312E-01 -1.272548E+00 2.656938E-01 -4.912955E-02 9.302624E-01 3.172258E-02 5.129749E-03 4.665517E+00 7.796022E+00 
1.242000E-01 1.601966E-02 3.584136E-01 1.489561E-01 -1.211697E+00 5.381158E-01 -4.113685E-02 9.055652E-01 2.550642E-02 1.017056E-02 3.233072E+00 7.538792E+00 
1.322307E-01 3.990814E-02 3.781311E-01 1.730383E-01 -1.762602E+00 5.589725E-01 -1.146452E-01 8.814911E-01 2.680540E-02 2.770115E-04 4.233970E+00 8.477878E+00 
1.702085E-01 1.675957E-02 3.267120E-01 1.624628E-01 -1.530466E+00 5.493133E-01 -1.349939E-01 7.960736E-01 3.321627E-02 4.713140E-03 4.596993E+00 6.900751E+00 
1.131257E-01 2.792797E-02 2.578952E-01 1.484821E-01 -1.110294E+00 5.583803E-01 -1.013089E-01 1.033848E+00 3.709376E-02 2.471542E-03 2.981479E+00 8.145848E+00 
1.556371E-01 3.035711E-03 3.613035E-01 1.598736E-01 -1.388612E+00 4.954557E-01 -1.154751E-01 9.210591E-01 2.800298E-02 4.860023E-03 3.353094E+00 6.672364E+00 
1.616974E-01 1.095866E-02 3.843859E-01 1.692813E-01 -1.575545E+00 4.165911E-01 -2.313989E-02 1.017985E+00 2.883600E-02 2.959305E-03 5.850897E+00 1.084878E+01 
1.354679E-01 1.354775E-02 3.499870E-01 1.685590E-01 -1.393501E+00 5.615807E-01 -1.303319E-01 1.067152E+00 2.889676E-02 3.920081E-03 4.456593E+00 8.420156E+00 
1.324688E-01 3.027194E-03 3.567210E-01 1.378059E-01 -1.237103E+00 3.823633E-01 -6.677856E-02 9.703918E-01 3.191657E-02 2.767504E-03 4.596149E+00 1.104779E+01 
1.354815E-01 2.198230E-02 3.649229E-01 1.652977E-01 -1.341010E+00 4.441183E-01 -1.000000E-02 1.058372E+00 2.730715E-02 3.914223E-03 5.003061E+00 8.988591E+00 
1.086099E-01 4.466270E-02 3.648103E-01 1.407409E-01 -1.436193E+00 3.828241E-01 -4.015821E-02 9.656091E-01 2.744480E-02 3.244221E-03 4.593781E+00 8.363261E+00 
3.063214E-02 2.123020E-02 3.606551E-01 1.576412E-01 -1.490386E+00 3.910496E-01 -3.378261E-02 9.593603E-01 3.260444E-02 5.706027E-03 4.608391E+00 9.984696E+00 
1.380799E-01 1.031328E-02 3.478411E-01 1.683146E-01 -1.409793E+00 2.687099E-01 -7.986792E-02 9.492753E-01 3.261526E-02 2.118241E-03 3.923995E+00 1.043705E+01 
1.252730E-01 5.639735E-02 3.291610E-01 1.470630E-01 -1.291769E+00 4.494640E-01 -1.287529E-01 9.290029E-01 3.275845E-02 1.139583E-02 4.755594E+00 9.456702E+00 
1.209695E-01 1.268213E-02 3.573300E-01 1.669261E-01 -1.539719E+00 5.558457E-01 -2.963074E-02 1.019559E+00 2.762233E-02 5.910421E-03 3.161045E+00 8.214774E+00 
8.720787E-02 3.929845E-02 3.419421E-01 1.668639E-01 -1.637779E+00 4.609253E-01 -8.483556E-02 7.724535E-01 3.143782E-02 6.126845E-03 3.873219E+00 9.154059E+00 
1.439587E-01 1.275690E-02 2.774321E-01 1.616213E-01 -1.277654E+00 5.267378E-01 -1.183524E-01 9.053412E-01 2.738873E-02 1.929392E-03 4.653009E+00 1.062341E+01 
1.819784E-01 6.630762E-03 4.089426E-01 1.560425E-01 -1.512504E+00 2.726854E-01 -1.294209E-01 8.752968E-01 3.004354E-02 1.899629E-03 4.455955E+00 9.215296E+00 
1.499877E-01 1.674392E-02 3.368257E-01 1.701584E-01 -1.563129E+00 5.717782E-01 -9.641331E-02 9.921509E-01 3.473712E-02 1.398589E-03 3.917585E+00 8.835829E+00 
1.508862E-01 3.111188E-03 3.593195E-01 1.704807E-01 -1.411103E+00 5.658947E-01 -1.233211E-01 9.743648E-01 2.622849E-02 7.266057E-03 4.261106E+00 8.487155E+00 
1.347725E-01 1.280695E-02 3.664959E-01 1.691744E-01 -1.189474E+00 5.081883E-01 -9.825623E-02 9.520128E-01 2.872853E-02 3.764921E-03 3.992220E+00 8.304316E+00 
1.425014E-01 1.881381E-02 3.859914E-01 1.598202E-01 -1.468288E+00 5.492774E-01 -1.458188E-01 8.008039E-01 2.906130E-02 2.547597E-03 3.914275E+00 8.298691E+00 
1.392472E-01 3.380879E-02 3.320120E-01 1.489705E-01 -1.392668E+00 5.208776E-01 -1.092931E-01 9.156693E-01 2.800093E-02 1.826585E-03 4.454031E+00 1.032835E+01 
1.568158E-01 2.299027E-02 3.696846E-01 1.619514E-01 -1.428976E+00 5.534598E-01 -1.272333E-01 9.479457E-01 2.910745E-02 3.282629E-03 4.635801E+00 9.408333E+00 
1.738852E-01 2.692361E-02 3.756317E-01 1.778221E-01 -1.293544E+00 4.523211E-01 -1.227973E-01 8.453064E-01 2.603024E-02 2.918248E-03 4.970527E+00 8.723688E+00 
1.821662E-01 1.391879E-02 3.825053E-01 1.666133E-01 -1.388312E+00 5.319839E-01 -6.656643E-02 9.615266E-01 2.719647E-02 3.857720E-03 4.061622E+00 6.749038E+00 
1.480809E-01 5.569186E-02 3.835050E-01 1.616864E-01 -1.540649E+00 4.761289E-01 -9.277028E-02 9.369142E-01 3.223003E-02 5.725806E-03 3.522324E+00 1.251478E+01 
1.625608E-01 2.194876E-02 4.078900E-01 1.673611E-01 -1.456799E+00 5.747728E-01 -5.168529E-02 9.447618E-01 3.019241E-02 2.383311E-03 3.907696E+00 9.851980E+00 
1.534165E-01 1.317883E-02 3.461252E-01 1.615756E-01 -1.005579E+00 5.758811E-01 -7.715793E-02 1.065935E+00 2.858136E-02 3.496839E-03 4.889805E+00 8.927737E+00 
8.457159E-02 3.990852E-02 3.096469E-01 1.449858E-01 -1.224084E+00 3.537954E-01 -2.316617E-02 1.008635E+00 3.089397E-02 4.270935E-03 5.030360E+00 1.201941E+01 
1.358064E-01 2.691186E-02 2.909086E-01 1.418780E-01 -1.406454E+00 5.417766E-01 -6.338299E-02 9.791002E-01 3.273245E-02 8.929289E-03 4.556343E+00 9.170023E+00 
1.453181E-01 1.018547E-02 3.700837E-01 1.615736E-01 -1.503276E+00 5.245653E-01 -8.916661E-02 8.900665E-01 3.165649E-02 8.366424E-03 5.000711E+00 1.167525E+01 
1.740469E-01 1.678221E-02 3.783375E-01 1.667007E-01 -1.449217E+00 5.767804E-01 -1.666329E-01 9.986886E-01 2.573304E-02 7.022745E-03 3.954705E+00 7.146799E+00 
1.704139E-01 1.814437E-02 3.277306E-01 1.715536E-01 -1.300970E+00 5.705925E-01 -6.387019E-02 8.768580E-01 3.226194E-02 5.008317E-03 4.732188E+00 8.546539E+00 
1.300472E-01 1.222575E-02 3.723679E-01 1.775301E-01 -1.394072E+00 5.383798E-01 -9.968497E-02 1.080387E+00 2.571529E-02 2.966272E-03 4.863800E+00 6.499015E+00 
1.779042E-01 1.340183E-02 3.591885E-01 1.672605E-01 -1.311638E+00 6.000000E-01 -1.534545E-01 9.971304E-01 2.935894E-02 5.863044E-03 4.143369E+00 7.928967E+00 
1.157748E-01 7.703714E-03 3.325332E-01 1.671031E-01 -1.414512E+00 4.485810E-01 -5.814510E-02 1.074459E+00 3.345777E-02 6.306563E-03 4.325255E+00 8.534679E+00 
8.077690E-02 5.490944E-03 3.232896E-01 1.706809E-01 -1.482972E+00 5.636891E-01 -1.416319E-01 9.043176E-01 2.921884E-02 8.699335E-03 4.616940E+00 6.744121E+00 
1.430328E-01 6.520031E-03 3.429566E-01 1.691696E-01 -1.387410E+00 4.804813E-01 -3.589931E-02 1.011798E+00 2.983677E-02 3.810221E-03 4.379838E+00 9.484289E+00 
1.008697E-01 2.321202E-02 3.295141E-01 1.710616E-01 -1.231335E+00 5.461334E-01 -1.160565E-01 9.505126E-01 3.191577E-02 3.423745E-03 4.382160E+00 9.427384E+00 
1.357476E-01 1.446611E-02 3.694010E-01 1.645523E-01 -1.479516E+00 5.595147E-01 -6.197830E-02 8.017875E-01 2.774489E-02 8.010731E-03 3.705575E+00 1.087984E+01 
1.452140E-01 1.485878E-02 3.626932E-01 1.709113E-01 -1.295591E+00 6.000000E-01 -2.000000E-01 9.974325E-01 2.642347E-02 5.956946E-04 4.092984E+00 9.641928E+00 
1.552890E-01 1.416234E-02 3.379574E-01 1.591874E-01 -1.900648E+00 5.742554E-01 -1.519416E-01 9.408985E-01 2.876289E-02 7.196185E-03 3.964533E+00 9.443581E+00 
1.688894E-01 1.305019E-02 3.906677E-01 1.605176E-01 -1.371937E+00 5.715671E-01 -9.646893E-02 9.573336E-01 2.763925E-02 2.457103E-03 4.127631E+00 7.353202E+00 
1.557738E-01 3.663178E-03 3.708411E-01 1.679996E-01 -1.235141E+00 6.000000E-01 -1.067546E-01 9.065308E-01 2.882776E-02 3.503475E-03 4.795766E+00 1.081584E+01 
1.546066E-01 6.862468E-03 3.434223E-01 1.749244E-01 -1.435331E+00 5.732267E-01 -1.129580E-01 9.126030E-01 3.322214E-02 4.467429E-03 3.067270E+00 9.281330E+00 
1.440172E-01 1.889913E-02 3.408452E-01 1.535010E-01 -1.643746E+00 5.422438E-01 -1.349275E-01 8.561212E-01 3.093394E-02 9.238664E-03 4.664874E+00 5.699673E+00 
1.324337E-01 1.439748E-02 3.685201E-01 1.597453E-01 -1.316802E+00 4.495153E-01 -8.999722E-02 1.017694E+00 3.033544E-02 4.905545E-03 4.568212E+00 9.073481E+00 
1.261487E-01 1.133363E-02 3.883712E-01 1.633005E-01 -1.364337E+00 5.412599E-01 -1.576535E-01 9.864276E-01 3.427523E-02 6.044106E-03 4.836466E+00 8.423177E+00 
7.790818E-02 4.026950E-02 2.612305E-01 1.455311E-01 -1.508108E+00 5.271699E-01 -1.379601E-01 1.065797E+00 3.044037E-02 3.822602E-03 3.243513E+00 1.018768E+01 
1.519127E-01 1.768753E-02 3.459681E-01 1.554244E-01 -1.461671E+00 5.266388E-01 -8.013109E-02 8.731252E-01 3.528863E-02 7.523021E-03 4.801077E+00 9.994650E+00 
1.148587E-01 2.422929E-02 3.688676E-01 1.514283E-01 -1.460254E+00 5.822230E-01 -9.365350E-02 9.187826E-01 2.932455E-02 4.656450E-03 5.236442E+00 7.543538E+00 
1.450788E-01 8.758121E-03 3.411472E-01 1.649246E-01 -1.679293E+00 5.634914E-01 -1.172157E-01 8.829864E-01 3.215621E-02 0.000000E+00 4.586198E+00 7.447428E+00 
1.565282E-01 7.552389E-03 3.779255E-01 1.707897E-01 -1.481348E+00 4.547619E-01 -5.911428E-02 1.050439E+00 2.752926E-02 4.985093E-03 3.888142E+00 8.788385E+00 
1.435196E-01 1.299651E-03 3.860919E-01 1.842023E-01 -1.602983E+00 4.514870E-01 -1.363501E-01 9.180639E-01 2.621051E-02 9.453872E-03 4.187339E+00 1.091783E+01 
1.541182E-01 1.266886E-02 3.547386E-01 1.637767E-01 -1.542209E+00 6.000000E-01 -1.358997E-01 9.566633E-01 3.116172E-02 5.881240E-03 4.710583E+00 8.713637E+00 
7.539817E-02 6.610152E-02 2.732458E-01 1.422512E-01 -1.545134E+00 4.468498E-01 -7.840554E-02 1.016750E+00 3.702524E-02 1.188074E-02 5.033254E+00 3.427991E+00 
1.287663E-01 2.758187E-02 3.544133E-01 1.530920E-01 -1.027626E+00 5.462281E-01 -1.560122E-01 9.434656E-01 3.025302E-02 1.839902E-03 4.418103E+00 1.186530E+01 
9.981584E-02 4.271749E-02 3.346259E-01 1.638317E-01 -1.338261E+00 5.434940E-01 -1.114421E-01 1.008846E+00 2.657730E-02 7.110159E-03 4.036565E+00 7.842550E+00 
7.473313E-02 4.895041E-02 3.779116E-01 1.634269E-01 -1.277946E+00 5.576301E-01 -1.054015E-01 1.022273E+00 2.968889E-02 1.491452E-02 3.679012E+00 2.704515E+00 
1.648106E-01 1.342346E-02 3.468798E-01 1.618209E-01 -1.556683E+00 4.722716E-01 -5.787925E-02 8.614931E-01 3.306370E-02 2.289765E-03 5.782918E+00 1.063795E+01 
1.760298E-01 2.394868E-02 3.901030E-01 1.561832E-01 -1.423148E+00 4.374017E-01 -7.961323E-02 8.505353E-01 3.060248E-02 1.097255E-02 3.081585E+00 7.621350E+00 
1.541196E-01 1.026669E-02 3.699671E-01 1.686742E-01 -1.339659E+00 5.524358E-01 -7.394025E-02 9.163112E-01 3.102219E-02 3.085121E-03 4.997149E+00 8.673615E+00 
8.581678E-02 4.455636E-02 3.414231E-01 1.635230E-01 -1.329156E+00 4.687161E-01 -6.234785E-02 9.654153E-01 4.611315E-02 9.854110E-03 5.301001E+00 7.810668E+00 
1.322408E-01 1.286056E-02 3.709287E-01 1.756380E-01 -1.480779E+00 4.201480E-01 -6.138028E-02 1.038603E+00 3.091265E-02 6.152740E-03 3.478037E+00 1.443220E+01 
1.245841E-01 3.614496E-02 3.181351E-01 1.595524E-01 -1.482035E+00 4.921616E-01 -1.404762E-01 1.035938E+00 3.556341E-02 4.709683E-03 4.436684E+00 9.328895E+00 
1.353635E-01 1.090475E-02 3.510592E-01 1.749409E-01 -1.501330E+00 6.000000E-01 -1.383089E-01 1.129460E+00 2.348174E-02 5.133745E-03 4.943944E+00 8.964708E+00 
1.097943E-01 1.033782E-02 3.501759E-01 1.663473E-01 -1.393553E+00 5.202838E-01 -1.042816E-01 9.823552E-01 2.067107E-02 6.714894E-03 4.844458E+00 7.133607E+00 
1.231696E-01 1.636028E-02 3.658137E-01 1.564636E-01 -1.442521E+00 5.448735E-01 -1.371660E-01 1.162652E+00 2.617896E-02 6.898124E-03 4.693593E+00 8.439176E+00 
1.574530E-01 1.663579E-02 3.658110E-01 1.640819E-01 -1.396827E+00 5.453953E-01 -1.052684E-01 1.013421E+00 2.749045E-02 3.337856E-03 4.385687E+00 7.607805E+00 
1.707628E-01 1.319599E-02 3.559348E-01 1.683693E-01 -1.711800E+00 5.819043E-01 -1.198501E-01 8.695339E-01 2.785283E-02 1.274471E-03 4.801165E+00 9.000488E+00 
6.570749E-02 5.414325E-02 3.499094E-01 1.489141E-01 -1.257996E+00 5.802981E-01 -8.648513E-02 8.746033E-01 3.149591E-02 4.009040E-03 4.105112E+00 3.797800E+00 
7.572561E-02 7.524895E-03 3.648391E-01 1.641356E-01 -1.389464E+00 5.209565E-01 -4.172028E-02 1.261667E+00 2.952123E-02 4.172880E-03 2.828115E+00 1.105667E+01 
1.463448E-01 1.803293E-02 3.613394E-01 1.672348E-01 -1.575406E+00 5.888244E-01 -5.966287E-02 7.477348E-01 2.882138E-02 1.930053E-03 5.140410E+00 9.610515E+00 
1.404499E-01 8.304832E-03 3.151259E-01 1.665268E-01 -1.273227E+00 5.648078E-01 -9.056604E-02 9.673248E-01 2.821071E-02 2.502730E-03 4.072582E+00 9.399301E+00 
9.778220E-02 5.698014E-02 3.243606E-01 1.550405E-01 -1.474411E+00 5.515326E-01 -8.524937E-02 1.100886E+00 2.634288E-02 7.318310E-03 3.630963E+00 7.432103E+00 
8.167986E-02 1.862199E-02 3.350778E-01 1.670366E-01 -1.790651E+00 5.994865E-01 -1.060236E-01 9.876164E-01 2.712441E-02 6.515795E-03 4.096218E+00 8.593140E+00 
1.514540E-01 5.062182E-03 3.518186E-01 1.677258E-01 -1.356905E+00 4.957631E-01 -6.299325E-02 9.203422E-01 3.405871E-02 1.298987E-03 3.799742E+00 1.141551E+01 
1.257593E-01 2.612901E-02 3.658662E-01 1.649227E-01 -1.516778E+00 3.748896E-01 -9.807371E-02 1.025440E+00 2.996489E-02 6.843235E-03 3.116447E+00 9.372531E+00 
1.876605E-01 1.394019E-02 3.364612E-01 1.701495E-01 -1.566504E+00 5.750866E-01 -1.725359E-01 7.732491E-01 2.619148E-02 2.804865E-03 4.360208E+00 7.849156E+00 
1.534245E-01 3.858013E-02 4.046630E-01 1.604145E-01 -1.421645E+00 5.789844E-01 -5.293456E-02 8.821309E-01 3.188809E-02 2.347093E-03 4.431265E+00 9.193820E+00 
1.650958E-01 1.481538E-02 3.879259E-01 1.736328E-01 -1.392394E+00 5.988490E-01 -9.609660E-02 7.780631E-01 3.054949E-02 1.940020E-03 4.639132E+00 1.026639E+01 
1.276462E-01 3.108469E-02 2.747098E-01 1.737796E-01 -1.409066E+00 5.071762E-01 -1.198101E-01 1.012148E+00 3.272534E-02 1.991118E-03 5.381416E+00 1.041318E+01 
1.432218E-01 4.232105E-02 3.530808E-01 1.598473E-01 -1.577822E+00 4.670577E-01 -9.308704E-02 9.330138E-01 3.249418E-02 1.490051E-03 3.324580E+00 6.337335E+00 
1.405073E-01 1.213348E-02 3.340503E-01 1.631385E-01 -1.350574E+00 5.268322E-01 -9.747499E-02 9.165742E-01 2.974868E-02 2.360314E-03 4.094002E+00 8.743639E+00 
1.462054E-01 1.123454E-03 3.464567E-01 1.556112E-01 -1.310027E+00 5.738612E-01 -1.096802E-01 9.075008E-01 3.130981E-02 4.806813E-03 4.354100E+00 7.257371E+00 
1.706648E-01 1.502024E-02 3.135748E-01 1.614928E-01 -1.327144E+00 5.810053E-01 -1.341687E-01 1.023291E+00 2.652682E-02 5.401660E-03 4.301448E+00 8.392930E+00 
1.373018E-01 6.575161E-03 3.767309E-01 1.670699E-01 -1.724714E+00 4.919995E-01 -9.851477E-02 1.150822E+00 2.743086E-02 3.165730E-03 4.558710E+00 9.794081E+00 
1.564278E-01 1.721722E-02 3.696485E-01 1.794831E-01 -1.338649E+00 6.000000E-01 -5.374704E-02 9.240368E-01 2.818414E-02 3.608443E-03 4.159526E+00 6.362565E+00 
1.309558E-01 1.000000E-04 3.913674E-01 1.594804E-01 -1.267936E+00 4.671548E-01 -1.150687E-01 8.913495E-01 2.806413E-02 1.437742E-02 3.903515E+00 7.336316E+00 
1.237923E-01 6.037494E-02 3.436843E-01 1.533360E-01 -1.451263E+00 4.956301E-01 -3.744464E-02 1.024297E+00 3.404128E-02 2.583652E-03 2.688715E+00 9.420870E+00 
7.784666E-02 1.932024E-02 3.714292E-01 1.601334E-01 -1.388780E+00 3.383393E-01 -4.910318E-02 1.178434E+00 4.619807E-02 1.940678E-02 5.011587E+00 1.133137E+01 
1.147084E-01 8.614887E-03 3.665975E-01 1.639901E-01 -1.300990E+00 4.889653E-01 -9.476773E-02 8.978902E-01 3.317349E-02 4.673370E-03 4.215234E+00 8.921299E+00 
1.205663E-01 2.318191E-02 3.358655E-01 1.655516E-01 -1.357538E+00 5.145102E-01 -1.940480E-02 9.035196E-01 2.734802E-02 5.403721E-03 4.092504E+00 9.113614E+00 
1.343362E-01 3.260114E-02 3.171780E-01 1.524594E-01 -1.234856E+00 3.322899E-01 -7.468943E-02 8.529970E-01 4.365164E-02 1.053485E-02 4.139989E+00 1.221597E+01 
1.516612E-01 1.341595E-02 3.621968E-01 1.635058E-01 -1.559680E+00 5.496225E-01 -1.468930E-01 9.244618E-01 3.220546E-02 1.355979E-03 4.887741E+00 9.506908E+00 
1.537911E-01 1.265500E-02 3.610403E-01 1.670430E-01 -1.435946E+00 5.648849E-01 -7.860760E-02 1.027516E+00 2.799271E-02 4.196926E-03 4.845866E+00 8.560435E+00 
1.386242E-01 2.001182E-03 3.715444E-01 1.699167E-01 -1.330312E+00 4.597245E-01 -4.310495E-02 9.795504E-01 3.193522E-02 4.788220E-03 4.681179E+00 1.241519E+01 
1.889556E-01 1.671858E-02 3.217303E-01 1.766942E-01 -1.341829E+00 3.694961E-01 -4.260673E-02 1.050206E+00 2.539608E-02 2.228968E-03 3.139884E+00 1.493493E+01 
5.409379E-02 3.459248E-02 2.899304E-01 1.490560E-01 -1.091040E+00 4.363658E-01 -5.796781E-02 8.804027E-01 3.157841E-02 9.412799E-03 3.353517E+00 1.162276E+01 
1.195623E-01 5.297436E-02 2.753550E-01 1.611301E-01 -1.559965E+00 4.628944E-01 -7.686839E-02 8.586030E-01 3.542353E-02 3.345445E-03 3.737166E+00 9.582953E+00 
1.425792E-01 9.226660E-03 3.570055E-01 1.600031E-01 -1.307346E+00 5.871463E-01 -8.197571E-02 9.355175E-01 2.794695E-02 2.388288E-03 4.459187E+00 9.185116E+00 
1.184367E-01 3.527159E-02 4.305553E-01 1.601893E-01 -1.070906E+00 2.266398E-01 -5.186871E-02 1.012741E+00 3.500795E-02 1.297650E-02 4.398535E+00 9.533257E+00 
1.608592E-01 2.598778E-03 3.623975E-01 1.600400E-01 -1.290002E+00 5.764609E-01 -4.696734E-02 9.365895E-01 2.597415E-02 3.359603E-03 4.188524E+00 7.754893E+00 
1.581026E-01 1.422219E-02 3.683339E-01 1.766331E-01 -1.456417E+00 5.571987E-01 -1.692072E-01 1.110849E+00 2.682172E-02 8.784010E-03 3.287605E+00 6.912649E+00 
1.198693E-01 3.092115E-02 3.607372E-01 1.605654E-01 -1.222867E+00 4.000190E-01 -6.263445E-02 9.360572E-01 2.962378E-02 4.176194E-03 4.082279E+00 8.838545E+00 
8.303950E-02 4.468634E-02 3.364483E-01 1.664431E-01 -1.343615E+00 4.319187E-01 -3.008278E-02 8.974429E-01 3.213732E-02 4.996215E-03 5.280203E+00 1.088462E+01 
1.189162E-01 1.914868E-02 3.330702E-01 1.691199E-01 -1.237065E+00 5.369559E-01 -1.028635E-01 1.056002E+00 2.941097E-02 1.176747E-03 4.084010E+00 1.153116E+01 
1.427729E-01 1.237847E-02 3.599068E-01 1.657590E-01 -1.435643E+00 5.248938E-01 -7.168533E-02 8.838332E-01 3.317058E-02 0.000000E+00 4.448808E+00 1.241939E+01 
1.132753E-01 5.502437E-02 3.755215E-01 1.442620E-01 -1.367133E+00 2.804093E-01 -4.864051E-02 1.037875E+00 3.608009E-02 8.851653E-03 3.770698E+00 8.149341E+00 
1.047449E-01 3.349006E-02 3.926145E-01 1.714327E-01 -1.442073E+00 5.029859E-01 -8.530887E-02 1.201055E+00 3.203556E-02 0.000000E+00 4.289300E+00 1.427776E+01 
1.026796E-01 7.337157E-03 3.328557E-01 1.691398E-01 -1.617838E+00 5.746971E-01 -3.731868E-02 1.037983E+00 2.820501E-02 8.308274E-03 2.923411E+00 9.465775E+00 
1.524087E-01 2.058366E-02 4.272181E-01 1.687924E-01 -1.454762E+00 4.512842E-01 -8.350528E-02 1.033084E+00 3.357995E-02 6.304774E-04 4.290198E+00 7.222487E+00 
7.534650E-02 2.213180E-02 3.522659E-01 1.659206E-01 -1.142289E+00 5.380569E-01 -7.823315E-02 9.902275E-01 3.211535E-02 2.245782E-03 4.923769E+00 8.509099E+00 
1.498884E-01 2.562475E-02 3.926235E-01 1.725007E-01 -1.281988E+00 5.583032E-01 -4.518614E-02 8.780021E-01 3.120911E-02 4.494052E-03 4.194080E+00 8.577496E+00 
1.545630E-01 2.594509E-02 3.517333E-01 1.670084E-01 -1.350475E+00 4.960217E-01 -1.246159E-01 7.102333E-01 2.798518E-02 6.215037E-03 4.351474E+00 9.770885E+00 
1.535391E-01 1.000000E-04 4.043159E-01 1.650101E-01 -1.211235E+00 5.255867E-01 -1.701187E-01 9.422816E-01 3.345267E-02 1.533951E-02 4.989645E+00 7.032833E+00 
1.230812E-01 3.516356E-02 3.358736E-01 1.623211E-01 -1.496302E+00 5.212843E-01 -3.702124E-02 1.006468E+00 3.710414E-02 1.090284E-03 3.725095E+00 1.425234E+01 
9.677134E-02 3.801332E-02 3.217987E-01 1.499585E-01 -1.532160E+00 4.681770E-01 -8.579910E-02 8.318162E-01 2.862479E-02 4.211784E-03 2.641852E+00 1.264685E+01 
1.807918E-01 1.621464E-02 3.581745E-01 1.765990E-01 -1.407318E+00 5.973074E-01 -8.206880E-02 1.001836E+00 3.705548E-02 6.448637E-03 4.526870E+00 4.536943E+00 
1.750276E-01 1.945848E-02 3.737771E-01 1.781885E-01 -1.435419E+00 5.726293E-01 -6.517317E-02 1.118024E+00 2.389219E-02 4.520742E-03 3.713028E+00 8.753734E+00 
1.956153E-01 1.498172E-02 3.284890E-01 1.946638E-01 -1.275897E+00 6.000000E-01 -1.510168E-01 9.116511E-01 2.782672E-02 0.000000E+00 5.354806E+00 8.139497E+00 
9.903054E-02 2.212257E-02 2.746088E-01 1.636750E-01 -1.303840E+00 5.689930E-01 -8.898634E-02 9.587485E-01 3.366237E-02 8.977521E-03 3.088301E+00 8.632924E+00 
1.502748E-01 4.741434E-03 3.392315E-01 1.806082E-01 -1.459906E+00 5.532741E-01 -9.443056E-02 8.906732E-01 2.424953E-02 6.466980E-03 4.350302E+00 7.286190E+00 
1.349132E-01 2.595261E-02 3.527696E-01 1.634933E-01 -1.172928E+00 5.549745E-01 -1.429594E-01 6.493695E-01 2.161749E-02 3.514553E-03 5.155567E+00 1.351463E+01 
1.303834E-01 2.681523E-02 3.344828E-01 1.574739E-01 -1.396621E+00 4.704272E-01 -3.019913E-02 9.074919E-01 2.892144E-02 1.749637E-02 3.817885E+00 7.640935E+00 
1.751353E-01 1.415632E-02 3.592130E-01 1.664999E-01 -1.429470E+00 5.889614E-01 -1.529279E-01 9.349642E-01 3.104141E-02 2.672197E-03 5.078937E+00 9.767060E+00 
8.272322E-02 5.814151E-02 3.414875E-01 1.580035E-01 -1.273384E+00 4.499083E-01 -7.116901E-02 9.874426E-01 3.002619E-02 5.714631E-03 5.045871E+00 5.918743E+00 
1.705169E-01 1.300214E-02 3.035843E-01 1.374815E-01 -1.225574E+00 4.674729E-01 -6.258160E-02 9.433437E-01 3.054083E-02 5.501902E-03 4.886656E+00 7.957869E+00 
1.219420E-01 5.771077E-03 3.066363E-01 1.553080E-01 -1.484162E+00 5.531762E-01 -9.743148E-02 8.862297E-01 3.468748E-02 1.046037E-02 3.805025E+00 9.053284E+00 
7.731669E-02 2.290089E-02 3.522022E-01 1.563949E-01 -1.326005E+00 5.439908E-01 -9.161341E-02 8.943340E-01 2.453339E-02 6.154517E-03 3.555149E+00 6.802646E+00 
4.645522E-04 5.557554E-02 3.084231E-01 1.339057E-01 -1.066981E+00 3.471803E-01 -3.000593E-02 1.034125E+00 3.327884E-02 3.409517E-03 3.022560E+00 1.574002E+01 
