4.157535E-02 4.339805E-02 3.296559E-01 1.535146E-01 -1.381655E+00 3.870035E-01 -3.735236E-02 9.128020E-01 3.049765E-02 5.388750E-03 2.617811E+00 1.087140E+01 
1.124274E-01 6.919908E-03 3.799320E-01 1.488902E-01 -1.424781E+00 5.119842E-01 -9.671465E-02 9.652243E-01 3.336012E-02 1.040743E-02 4.381076E+00 6.426021E+00 
1.390964E-01 1.694110E-02 3.489625E-01 1.570516E-01 -1.339886E+00 5.767297E-01 -8.374385E-02 8.309627E-01 2.755240E-02 7.692889E-03 3.404902E+00 9.018818E+00 
1.604469E-01 2.577221E-02 3.512820E-01 1.694034E-01 -1.550357E+00 5.721947E-01 -1.478213E-01 9.284441E-01 3.033904E-02 2.853717E-03 5.117316E+00 9.752594E+00 
1.420748E-01 1.086058E-02 3.376309E-01 1.686190E-01 -1.407513E+00 5.032544E-01 -9.728829E-02 6.553283E-01 3.104782E-02 3.676682E-03 4.186849E+00 9.191748E+00 
1.210423E-01 2.008997E-02 3.570518E-01 1.626671E-01 -1.416832E+00 4.836590E-01 -8.423161E-02 7.981984E-01 3.116304E-02 1.395998E-03 5.010354E+00 1.050205E+01 
1.505731E-01 1.615752E-02 3.388702E-01 1.625053E-01 -1.355037E+00 5.123980E-01 -6.730250E-02 9.650263E-01 3.409133E-02 5.135456E-03 4.454305E+00 9.292648E+00 
1.312081E-01 1.412054E-02 3.376083E-01 1.694134E-01 -1.359670E+00 5.576115E-01 -5.210082E-02 9.531239E-01 2.739320E-02 3.108952E-03 4.347964E+00 1.123822E+01 
8.243042E-02 1.978543E-02 3.890578E-01 1.483207E-01 -1.253506E+00 3.934497E-01 -1.185763E-01 1.013869E+00 2.876812E-02 1.427611E-02 4.660113E+00 1.256279E+01 
1.091854E-01 5.848155E-02 3.605195E-01 1.571475E-01 -1.260143E+00 4.789348E-01 -1.667843E-01 9.886523E-01 2.969648E-02 0.000000E+00 4.722597E+00 1.031451E+01 
1.321248E-01 1.861932E-02 3.635282E-01 1.650878E-01 -1.669949E+00 5.674685E-01 -2.467676E-02 1.061743E+00 2.907003E-02 1.536640E-03 4.773382E+00 8.585888E+00 
1.055245E-01 5.141195E-02 3.501552E-01 1.498646E-01 -1.368932E+00 5.328193E-01 -5.259065E-02 9.820424E-01 2.281070E-02 8.667463E-03 4.124225E+00 1.019973E+01 
1.709600E-01 1.168063E-02 3.853646E-01 1.683412E-01 -1.440708E+00 5.830982E-01 -1.134530E-01 9.768366E-01 3.170287E-02 3.527314E-03 3.711087E+00 9.311098E+00 
1.725644E-01 2.146377E-02 3.378064E-01 1.640590E-01 -1.546605E+00 5.486050E-01 -2.000000E-01 9.406921E-01 2.988530E-02 4.103878E-03 4.655222E+00 1.010470E+01 
3.152649E-02 6.598917E-02 3.655312E-01 1.462963E-01 -1.413847E+00 3.242479E-01 -8.663998E-02 9.483892E-01 2.909684E-02 8.955571E-03 4.238047E+00 7.142206E+00 
1.520002E-01 1.079310E-02 3.820410E-01 1.646570E-01 -1.179605E+00 4.554843E-01 -2.000000E-01 1.097026E+00 3.178725E-02 9.022651E-03 4.826340E+00 1.014032E+01 
1.588397E-01 1.151660E-02 3.480682E-01 1.597083E-01 -1.628612E+00 5.702462E-01 -1.447787E-02 9.171457E-01 2.984955E-02 1.741362E-03 3.992583E+00 1.058256E+01 
7.828935E-02 3.765734E-02 3.423255E-01 1.658394E-01 -1.152534E+00 3.814677E-01 -8.391378E-02 1.164109E+00 3.333458E-02 9.594874E-03 6.773686E+00 9.175172E+00 
1.376478E-01 2.527515E-02 3.692887E-01 1.677958E-01 -1.267579E+00 5.435597E-01 -1.269230E-01 6.236861E-01 2.770683E-02 5.955253E-03 4.763957E+00 5.420726E+00 
1.256391E-01 3.037337E-02 3.673665E-01 1.613661E-01 -1.541691E+00 5.658339E-01 -1.082804E-01 9.772582E-01 2.444319E-02 3.599178E-03 4.501694E+00 7.798064E+00 
1.218152E-01 2.858828E-02 3.588768E-01 1.585840E-01 -1.448803E+00 5.267377E-01 -1.066358E-01 9.273386E-01 3.246551E-02 4.030185E-03 4.652186E+00 8.657977E+00 
1.255144E-01 2.162748E-02 3.748263E-01 1.705461E-01 -1.384963E+00 4.599630E-01 -1.046775E-01 1.010842E+00 4.865736E-02 9.954309E-03 6.257903E+00 4.726731E+00 
1.391709E-01 1.080890E-02 3.498019E-01 1.666646E-01 -1.256403E+00 3.780525E-01 -5.165404E-02 9.692978E-01 2.927899E-02 2.486182E-03 3.893524E+00 1.057394E+01 
1.544314E-01 1.081585E-02 3.774056E-01 1.660602E-01 -1.389775E+00 5.798131E-01 -1.130369E-01 9.243735E-01 2.960898E-02 8.125428E-03 4.581851E+00 8.946353E+00 
1.088986E-01 1.000000E-04 3.434465E-01 1.672876E-01 -1.278540E+00 5.417814E-01 -4.299630E-02 9.278017E-01 2.933119E-02 2.977600E-03 3.142797E+00 1.224780E+01 
1.290375E-01 2.180689E-02 3.597238E-01 1.639797E-01 -1.139301E+00 4.837579E-01 -5.207521E-02 9.846420E-01 3.108207E-02 3.311824E-03 4.229805E+00 8.798355E+00 
1.168198E-01 5.029593E-03 3.608779E-01 1.607907E-01 -1.358504E+00 5.492143E-01 -7.709224E-02 1.069844E+00 3.297177E-02 2.902631E-03 4.537466E+00 1.110504E+01 
1.562247E-01 4.979904E-03 3.423170E-01 1.628050E-01 -1.407121E+00 5.689235E-01 -6.727413E-02 1.095719E+00 2.374341E-02 5.993890E-03 4.554345E+00 7.032447E+00 
1.430082E-01 4.916658E-04 3.878279E-01 1.681452E-01 -1.418758E+00 5.559891E-01 -1.085462E-01 8.388061E-01 2.418998E-02 1.900093E-03 4.529759E+00 9.115829E+00 
1.587999E-01 1.243238E-02 3.585554E-01 1.643106E-01 -1.491348E+00 5.836454E-01 -1.176942E-01 9.518285E-01 2.932454E-02 6.103337E-03 4.610877E+00 1.091448E+01 
4.722801E-02 4.578587E-02 3.592917E-01 1.533114E-01 -1.294696E+00 3.892220E-01 -5.981619E-02 9.612086E-01 3.297947E-02 1.795962E-02 4.213972E+00 7.483983E+00 
1.463886E-01 1.354072E-02 3.727375E-01 1.676503E-01 -1.846355E+00 5.897725E-01 -1.078071E-01 9.795939E-01 3.037366E-02 4.983115E-03 3.839314E+00 8.884796E+00 
1.379249E-01 2.066665E-02 3.558041E-01 1.591824E-01 -1.350925E+00 3.682119E-01 -6.401476E-02 9.748144E-01 2.907341E-02 3.730742E-03 5.328061E+00 5.754691E+00 
1.392844E-01 1.570546E-02 3.746467E-01 1.670311E-01 -1.492162E+00 4.555205E-01 -1.298678E-01 8.647209E-01 2.680833E-02 1.316435E-03 4.129541E+00 8.863979E+00 
9.346790E-02 3.165907E-02 3.435147E-01 1.379939E-01 -1.345225E+00 3.785343E-01 -5.273126E-02 1.113519E+00 2.577611E-02 3.534509E-03 4.930591E+00 8.925445E+00 
1.410976E-01 4.352788E-02 4.264644E-01 1.589503E-01 -1.250213E+00 3.724465E-01 -5.193479E-02 8.452069E-01 3.607974E-02 1.249778E-02 3.947628E+00 1.016776E+01 
1.297479E-01 1.000000E-04 3.651559E-01 1.762362E-01 -1.400759E+00 5.763827E-01 -3.790048E-02 1.167010E+00 2.791635E-02 1.109900E-02 3.405891E+00 8.881726E+00 
1.428594E-01 1.539081E-02 3.736816E-01 1.620238E-01 -1.447723E+00 5.580900E-01 -1.130712E-01 8.777322E-01 2.946623E-02 3.524479E-03 5.131852E+00 9.834016E+00 
1.291977E-01 4.449937E-02 3.335509E-01 1.507081E-01 -1.369850E+00 5.265129E-01 -1.278804E-01 8.836000E-01 2.891512E-02 4.324823E-03 4.816053E+00 1.082379E+01 
1.455008E-01 1.833960E-02 3.562784E-01 1.539997E-01 -1.431926E+00 5.398227E-01 -8.146579E-02 7.466042E-01 3.182754E-02 9.031339E-03 4.580380E+00 8.857982E+00 
1.384440E-01 4.367886E-03 3.685018E-01 1.635252E-01 -1.480002E+00 5.343175E-01 -1.094808E-01 8.933915E-01 3.154008E-02 2.606773E-03 3.787583E+00 8.300498E+00 
1.574470E-01 2.560614E-03 3.760105E-01 1.748278E-01 -1.327362E+00 5.664723E-01 -5.854410E-02 1.078853E+00 2.992892E-02 2.970243E-03 4.447550E+00 7.305495E+00 
1.637880E-01 9.546980E-03 3.676799E-01 1.644514E-01 -1.980166E+00 5.643969E-01 -1.527704E-01 8.474510E-01 3.217413E-02 3.407051E-03 4.036912E+00 9.101931E+00 
1.469449E-01 3.698405E-03 3.430640E-01 1.675141E-01 -1.354583E+00 4.734300E-01 -8.064461E-02 9.288833E-01 2.843934E-02 1.657965E-03 5.603255E+00 1.192723E+01 
5.882745E-02 2.031863E-02 3.293461E-01 1.474383E-01 -1.120582E+00 4.595591E-01 -7.681799E-02 1.093578E+00 3.076002E-02 1.577666E-03 3.382178E+00 1.527658E+01 
1.612770E-01 1.525522E-02 3.696637E-01 1.679295E-01 -1.410315E+00 5.492703E-01 -1.185214E-01 8.378168E-01 2.788264E-02 1.074332E-02 4.744616E+00 9.917046E+00 
1.693566E-01 2.083002E-03 3.168865E-01 1.700990E-01 -1.500950E+00 5.545930E-01 -1.001914E-01 1.018101E+00 2.722385E-02 2.152858E-02 3.953560E+00 7.058682E+00 
1.678249E-01 2.344141E-02 3.729285E-01 1.678492E-01 -1.426074E+00 5.379380E-01 -3.812568E-02 1.003466E+00 3.143824E-02 0.000000E+00 4.703338E+00 9.956978E+00 
1.574793E-01 1.333024E-02 3.548505E-01 1.655266E-01 -1.640322E+00 5.861636E-01 -1.303233E-01 9.504904E-01 2.976455E-02 4.043690E-03 3.466614E+00 1.213292E+01 
9.321387E-02 1.357577E-02 3.259294E-01 1.652657E-01 -1.269857E+00 5.764654E-01 -9.152869E-02 9.299138E-01 3.430179E-02 1.234998E-02 4.453052E+00 9.136350E+00 
1.026580E-01 3.499091E-02 3.582368E-01 1.527837E-01 -1.579651E+00 5.066007E-01 -1.190092E-01 9.423051E-01 2.944051E-02 5.235222E-03 4.084854E+00 5.468516E+00 
1.296782E-01 1.456024E-02 3.531360E-01 1.620495E-01 -1.799102E+00 3.530140E-01 -5.138608E-02 1.016848E+00 4.824783E-02 4.669354E-03 3.955468E+00 7.396825E+00 
6.734615E-02 3.194434E-02 3.362707E-01 1.431232E-01 -1.279364E+00 4.128038E-01 -1.143478E-01 9.834935E-01 3.223432E-02 1.157346E-03 4.041553E+00 1.631990E+01 
1.333913E-01 3.482849E-02 2.772448E-01 1.713569E-01 -1.157015E+00 5.171504E-01 -8.785449E-02 8.832600E-01 3.332118E-02 2.192224E-03 3.124788E+00 1.072536E+01 
2.000000E-01 5.054198E-03 3.501141E-01 1.748031E-01 -1.492307E+00 5.634908E-01 -1.312910E-01 1.022594E+00 2.928394E-02 5.542048E-03 3.262577E+00 9.660044E+00 
1.582410E-01 1.440524E-02 3.327076E-01 1.666489E-01 -1.490176E+00 5.483205E-01 -1.041685E-01 8.536239E-01 3.207540E-02 1.840204E-03 4.899519E+00 7.110747E+00 
1.770655E-01 1.461182E-02 3.603248E-01 2.000000E-01 -1.218065E+00 6.000000E-01 -1.387758E-01 8.469127E-01 3.058495E-02 3.951159E-03 4.649538E+00 6.915841E+00 
8.210657E-02 4.435470E-02 3.509388E-01 1.460635E-01 -1.287320E+00 4.349854E-01 -1.000000E-02 1.081704E+00 2.780252E-02 9.599262E-03 3.265175E+00 1.225422E+01 
1.557876E-01 1.696049E-02 3.660992E-01 1.743567E-01 -1.439764E+00 6.000000E-01 -4.980927E-02 9.707979E-01 3.151987E-02 6.861533E-03 5.131248E+00 8.875797E+00 
1.230142E-01 1.932557E-02 3.667122E-01 1.733136E-01 -1.404011E+00 4.276676E-01 -9.463648E-02 9.235405E-01 3.206671E-02 0.000000E+00 6.222004E+00 9.948369E+00 
1.643900E-01 8.209074E-03 3.858637E-01 1.742181E-01 -1.520327E+00 5.791085E-01 -7.611966E-02 9.864654E-01 2.793481E-02 1.267757E-02 4.922931E+00 7.815407E+00 
1.495846E-01 1.771501E-02 3.883681E-01 1.595407E-01 -1.709314E+00 5.099942E-01 -1.074606E-01 9.217185E-01 3.164160E-02 2.637625E-03 4.441162E+00 1.021645E+01 
1.506957E-01 6.438706E-03 3.404266E-01 1.676917E-01 -1.379584E+00 5.122608E-01 -1.093102E-01 8.314318E-01 3.110319E-02 2.421494E-03 5.257884E+00 1.318273E+01 
1.537350E-01 1.152169E-02 3.592020E-01 1.692912E-01 -1.462031E+00 5.635975E-01 -9.496165E-02 9.814033E-01 2.663162E-02 5.984924E-03 4.016798E+00 1.168867E+01 
1.280073E-01 1.509925E-02 3.587604E-01 1.500527E-01 -1.438854E+00 5.857209E-01 -6.498062E-02 9.801709E-01 2.625926E-02 4.395904E-03 3.254450E+00 8.569145E+00 
1.044200E-01 4.426668E-02 3.214282E-01 1.487440E-01 -1.326790E+00 5.461742E-01 -6.542198E-02 3.134217E-01 3.212247E-02 3.890012E-03 4.997422E+00 9.227679E+00 
7.339319E-02 3.168222E-03 3.541422E-01 1.485147E-01 -1.093133E+00 3.591706E-01 -4.179522E-02 9.806658E-01 4.641239E-02 1.941080E-02 4.050944E+00 4.088417E+00 
1.841733E-01 1.180477E-02 3.515490E-01 1.731879E-01 -1.236580E+00 4.570749E-01 -9.702523E-02 8.694913E-01 3.290288E-02 2.686748E-02 6.176053E+00 9.173086E+00 
1.362222E-01 8.457541E-03 3.473803E-01 1.658484E-01 -1.448963E+00 4.584243E-01 -7.188072E-02 1.079876E+00 2.874972E-02 2.623334E-03 3.840804E+00 1.078169E+01 
5.251569E-02 4.698159E-02 3.567697E-01 1.476824E-01 -1.387211E+00 3.088893E-01 -3.471583E-02 9.453223E-01 3.087268E-02 4.296767E-03 3.953773E+00 8.915888E+00 
1.823448E-01 9.016199E-03 3.360164E-01 1.726901E-01 -1.583065E+00 6.000000E-01 -1.401352E-01 9.126465E-01 2.797734E-02 4.528740E-03 4.568386E+00 1.046416E+01 
1.484322E-01 7.825121E-03 3.728498E-01 1.619121E-01 -1.561341E+00 5.787835E-01 -1.141738E-01 9.719653E-01 2.444505E-02 4.201270E-03 4.566427E+00 7.608024E+00 
1.431806E-01 1.550280E-02 3.595727E-01 1.583831E-01 -1.358373E+00 5.426536E-01 -4.876327E-02 9.898516E-01 2.906735E-02 3.207400E-03 5.859237E+00 8.540446E+00 
1.543364E-01 2.809393E-02 3.781223E-01 1.596100E-01 -1.253474E+00 4.033650E-01 -8.488331E-02 8.913376E-01 3.025226E-02 2.391679E-03 4.763141E+00 1.092794E+01 
7.956089E-02 3.472169E-02 3.564803E-01 1.503625E-01 -1.293044E+00 5.838948E-01 -1.147934E-01 9.512524E-01 3.342325E-02 1.365600E-02 4.535892E+00 1.773922E+00 
1.416183E-01 1.768915E-02 3.882645E-01 1.608812E-01 -1.442659E+00 5.741170E-01 -2.347106E-02 9.679455E-01 2.874395E-02 1.439879E-03 4.796423E+00 9.145707E+00 
1.554475E-01 2.189713E-02 3.871809E-01 1.735620E-01 -1.465699E+00 5.789651E-01 -1.379556E-01 9.143956E-01 3.059056E-02 2.990683E-03 4.406398E+00 9.519013E+00 
1.604282E-01 2.171383E-02 4.078731E-01 1.645997E-01 -1.385371E+00 5.627653E-01 -6.298289E-02 9.688529E-01 3.432945E-02 5.121739E-03 3.940897E+00 7.273090E+00 
1.714819E-01 9.146122E-03 3.820778E-01 1.711592E-01 -1.190705E+00 5.706023E-01 -1.332547E-01 1.044075E+00 2.902583E-02 4.080173E-03 4.753645E+00 5.912291E+00 
1.606512E-01 8.792693E-03 3.455246E-01 1.704919E-01 -1.423108E+00 5.380916E-01 -6.958609E-02 8.522636E-01 3.142490E-02 1.500740E-03 4.836952E+00 1.011973E+01 
1.394169E-01 1.300358E-02 3.673338E-01 1.749257E-01 -1.660841E+00 5.469127E-01 -7.182271E-02 9.516058E-01 3.308818E-02 1.229644E-02 3.251407E+00 6.242295E+00 
1.273431E-01 3.396646E-03 3.719455E-01 1.614198E-01 -1.502324E+00 5.533420E-01 -8.230883E-02 1.011448E+00 2.933493E-02 5.947784E-03 5.800515E+00 8.875004E+00 
1.671594E-01 5.582195E-03 3.316500E-01 1.758259E-01 -1.288724E+00 5.803989E-01 -9.635751E-02 1.018148E+00 2.692408E-02 3.911593E-03 3.375220E+00 7.249145E+00 
1.452807E-01 1.590661E-02 3.327008E-01 1.692095E-01 -1.542170E+00 5.237895E-01 -4.441560E-02 1.128827E+00 2.995299E-02 1.212680E-03 4.655500E+00 7.785498E+00 
1.577052E-01 7.373268E-03 4.006196E-01 1.764275E-01 -1.709441E+00 6.000000E-01 -4.504240E-02 9.016506E-01 3.183658E-02 2.054375E-03 3.768680E+00 9.387618E+00 
1.293670E-01 3.584275E-03 3.689575E-01 1.763440E-01 -1.439472E+00 4.721416E-01 -6.550225E-02 9.530898E-01 2.985162E-02 2.903125E-03 6.052789E+00 1.117920E+01 
1.464026E-01 2.583832E-02 3.178554E-01 1.597045E-01 -1.149253E+00 4.777500E-01 -3.515159E-02 1.055031E+00 2.918903E-02 5.906380E-03 4.592253E+00 9.688910E+00 
1.319670E-01 3.480835E-02 3.710094E-01 1.523979E-01 -1.355220E+00 5.301435E-01 -9.187024E-02 8.699835E-01 3.119741E-02 2.850934E-03 4.375057E+00 7.820481E+00 
1.702359E-01 8.540483E-03 3.847072E-01 1.724640E-01 -1.432443E+00 5.385156E-01 -9.023753E-02 8.599763E-01 2.962091E-02 4.966270E-03 4.503396E+00 8.311153E+00 
1.348498E-01 1.475043E-02 3.547364E-01 1.651277E-01 -1.368691E+00 4.217100E-01 -2.983454E-02 9.399524E-01 3.018021E-02 4.611253E-03 3.381835E+00 1.094651E+01 
1.348436E-01 1.491887E-02 3.600991E-01 1.806675E-01 -1.252942E+00 5.138566E-01 -1.006606E-01 9.285613E-01 3.235358E-02 1.770919E-02 4.874150E+00 6.515293E+00 
1.529474E-01 5.143797E-03 3.687859E-01 1.412593E-01 -1.074631E+00 5.348744E-01 -1.235706E-01 8.578908E-01 3.214748E-02 0.000000E+00 4.356054E+00 9.394114E+00 
1.669090E-01 1.933899E-02 3.414422E-01 1.671291E-01 -1.599379E+00 6.000000E-01 -1.047542E-01 7.651714E-01 2.941831E-02 3.784144E-03 4.176266E+00 9.444830E+00 
1.419077E-01 1.299841E-02 3.930058E-01 1.577599E-01 -1.387416E+00 5.549945E-01 -1.058507E-01 9.232872E-01 3.158936E-02 4.176803E-03 4.760454E+00 7.807500E+00 
1.444759E-01 1.204792E-02 3.089562E-01 1.696845E-01 -1.470871E+00 4.347688E-01 -7.074166E-02 7.412578E-01 3.204503E-02 4.483837E-03 3.728197E+00 1.206551E+01 
1.249034E-01 1.527209E-02 3.640624E-01 1.652020E-01 -1.470559E+00 3.941956E-01 -1.019220E-01 9.408608E-01 3.177291E-02 4.406010E-03 4.097409E+00 9.520871E+00 
1.636119E-01 1.352988E-02 3.775142E-01 1.777026E-01 -1.508902E+00 5.982010E-01 -1.148858E-01 8.756514E-01 2.585964E-02 1.718321E-03 4.160419E+00 8.452656E+00 
8.293553E-02 3.317531E-02 3.599337E-01 1.499008E-01 -1.108371E+00 3.503027E-01 -4.943420E-02 9.954325E-01 3.267548E-02 8.178313E-04 4.938472E+00 1.088765E+01 
1.167987E-01 3.046147E-03 3.549004E-01 1.732734E-01 -1.493214E+00 5.086958E-01 -3.396803E-02 9.810861E-01 2.713838E-02 2.812980E-03 3.608548E+00 8.552389E+00 
1.577613E-01 7.935095E-03 3.695956E-01 1.652791E-01 -1.241663E+00 6.000000E-01 -5.307175E-02 9.604700E-01 2.725387E-02 4.316507E-03 4.369723E+00 9.126391E+00 
1.632724E-01 5.173133E-03 3.751223E-01 1.652125E-01 -1.182933E+00 5.656314E-01 -1.158009E-01 1.081499E+00 3.103331E-02 6.053947E-03 4.583789E+00 1.015636E+01 
1.467956E-01 1.124914E-02 3.267010E-01 1.567868E-01 -1.277333E+00 4.448468E-01 -3.674644E-02 9.732716E-01 2.338045E-02 1.901550E-03 5.236916E+00 9.638256E+00 
1.869365E-01 2.598679E-03 3.716708E-01 1.729449E-01 -1.367375E+00 5.576133E-01 -9.342156E-02 9.745170E-01 3.528374E-02 3.386115E-03 3.651208E+00 9.613729E+00 
1.663023E-01 1.019342E-02 3.576866E-01 1.755097E-01 -1.294566E+00 6.000000E-01 -1.256497E-01 9.832261E-01 2.980011E-02 3.327217E-03 4.578380E+00 5.971037E+00 
1.636652E-01 1.787942E-02 3.472920E-01 1.696816E-01 -1.276828E+00 2.660029E-01 -3.221019E-02 8.652835E-01 2.921318E-02 1.020344E-02 4.516337E+00 1.216692E+01 
1.820050E-01 1.985723E-02 3.677000E-01 1.777107E-01 -1.490437E+00 5.733458E-01 -1.489493E-01 9.376533E-01 2.877724E-02 4.243709E-03 3.962240E+00 7.680145E+00 
1.483362E-01 1.669270E-04 3.678763E-01 1.607236E-01 -1.442001E+00 5.001657E-01 -8.047096E-02 1.030284E+00 3.027444E-02 3.354225E-03 4.742064E+00 1.002163E+01 
1.528205E-01 1.291836E-02 3.853648E-01 1.654673E-01 -1.453118E+00 5.262494E-01 -1.071895E-01 1.033851E+00 3.020946E-02 3.176347E-03 4.600616E+00 1.057514E+01 
1.383225E-01 2.611997E-02 3.753498E-01 1.675500E-01 -1.299339E+00 4.062496E-01 -5.881640E-02 1.004768E+00 3.322755E-02 7.600228E-03 5.274449E+00 8.216953E+00 
1.536237E-01 7.084842E-03 3.548691E-01 1.691895E-01 -1.389565E+00 5.249553E-01 -1.051634E-01 8.509682E-01 2.839903E-02 6.182795E-03 5.035153E+00 5.410457E+00 
1.450572E-01 1.382922E-02 3.628088E-01 1.741598E-01 -1.525198E+00 3.267677E-01 -5.910615E-02 9.850604E-01 2.915429E-02 2.281547E-03 3.709474E+00 9.134634E+00 
4.541581E-02 2.979575E-02 3.273242E-01 1.446542E-01 -1.273675E+00 4.203784E-01 -1.318293E-01 8.902358E-01 3.242392E-02 1.257912E-03 3.910873E+00 9.819779E+00 
4.929892E-02 3.741113E-02 3.598879E-01 1.585078E-01 -1.277137E+00 4.910463E-01 -5.240433E-02 8.528742E-01 3.085182E-02 1.996048E-02 3.956931E+00 7.200978E+00 
1.450918E-01 2.853270E-02 3.582017E-01 1.713143E-01 -1.470532E+00 5.483521E-01 -1.544671E-01 1.088751E+00 2.660245E-02 2.399934E-03 5.093297E+00 7.266427E+00 
1.423769E-01 1.545114E-02 3.383066E-01 1.627703E-01 -1.461699E+00 5.806753E-01 -1.262211E-01 8.459527E-01 2.725066E-02 2.320523E-03 4.912983E+00 1.008174E+01 
6.544880E-02 5.324799E-02 3.411290E-01 1.540164E-01 -1.033474E+00 4.607874E-01 -1.080751E-01 1.008018E+00 3.642653E-02 1.784339E-02 5.244405E+00 7.369597E+00 
1.429354E-01 6.773772E-03 3.573913E-01 1.616013E-01 -1.377239E+00 5.945777E-01 -6.330981E-02 7.706250E-01 2.959271E-02 6.027439E-03 4.339174E+00 9.707500E+00 
1.387438E-01 2.976642E-02 3.566745E-01 1.685261E-01 -1.374570E+00 4.754622E-01 -1.206408E-01 1.106858E+00 2.494615E-02 1.047900E-02 5.013948E+00 8.515013E+00 
1.017542E-01 3.393990E-02 3.127796E-01 1.633359E-01 -1.438365E+00 4.455089E-01 -1.090358E-01 9.308682E-01 3.176663E-02 2.998506E-03 3.237557E+00 1.046873E+01 
1.024497E-01 4.678573E-02 3.470864E-01 1.459966E-01 -1.314736E+00 5.523146E-01 -2.459149E-02 1.025510E+00 2.826924E-02 1.327491E-02 5.013594E+00 9.632396E+00 
5.843379E-03 6.005648E-02 3.554459E-01 1.623322E-01 -1.169916E+00 5.102800E-01 -3.167171E-02 1.181600E+00 2.728353E-02 7.965832E-03 4.342574E+00 6.034408E+00 
1.570143E-01 2.422124E-03 3.473715E-01 1.710011E-01 -1.538481E+00 5.599046E-01 -6.118299E-02 8.489285E-01 3.139384E-02 1.947708E-03 4.070685E+00 8.577596E+00 
1.131574E-01 3.084392E-02 3.286340E-01 1.584864E-01 -1.367589E+00 3.475732E-01 -3.424696E-02 9.802165E-01 3.162480E-02 3.950239E-03 4.604081E+00 1.096800E+01 
1.914850E-01 2.425413E-02 3.786884E-01 1.805445E-01 -1.270160E+00 5.628689E-01 -1.184138E-01 9.396620E-01 2.707688E-02 2.429529E-03 6.051843E+00 7.038100E+00 
1.832311E-01 1.137956E-02 3.566483E-01 1.757382E-01 -1.413050E+00 5.500391E-01 -1.031928E-01 1.012314E+00 3.185321E-02 0.000000E+00 3.199797E+00 7.655469E+00 
1.618780E-01 5.190782E-03 3.202466E-01 1.652509E-01 -1.344750E+00 6.000000E-01 -1.622570E-01 1.011819E+00 2.635665E-02 1.210227E-03 5.168093E+00 6.779567E+00 
1.173912E-01 1.514549E-02 3.716568E-01 1.648224E-01 -1.396420E+00 5.816437E-01 -1.541226E-01 8.480764E-01 2.981272E-02 7.265886E-03 4.519962E+00 9.500311E+00 
1.891225E-01 1.270598E-02 3.405339E-01 1.759584E-01 -1.231940E+00 6.000000E-01 -6.560407E-02 8.268428E-01 2.922288E-02 1.427204E-03 4.948959E+00 1.002255E+01 
1.692553E-01 8.673707E-03 3.607107E-01 1.615961E-01 -1.507853E+00 4.541114E-01 -1.234920E-01 9.579132E-01 2.927456E-02 1.692306E-03 4.107476E+00 1.113826E+01 
1.453120E-01 9.106562E-03 3.872649E-01 1.655503E-01 -1.566616E+00 5.442044E-01 -8.687127E-02 9.998842E-01 3.062008E-02 1.912846E-03 4.239467E+00 1.007206E+01 
1.142058E-01 1.023533E-02 3.437034E-01 1.635428E-01 -1.417018E+00 6.000000E-01 -7.056073E-02 1.016239E+00 2.987090E-02 6.778603E-03 4.262729E+00 9.135302E+00 
1.635945E-01 7.347681E-03 3.771487E-01 1.763603E-01 -1.342304E+00 5.907649E-01 -1.142776E-01 8.463911E-01 2.911588E-02 1.873668E-03 3.645743E+00 1.003357E+01 
1.409900E-01 3.702673E-02 3.214868E-01 1.542439E-01 -1.193022E+00 3.928650E-01 -8.263169E-02 8.612936E-01 3.390919E-02 3.999399E-03 3.559175E+00 1.473136E+01 
1.337369E-01 1.000000E-04 3.763297E-01 1.593266E-01 -1.270124E+00 6.000000E-01 -6.531248E-02 9.951191E-01 3.349544E-02 1.123597E-03 2.886684E+00 8.928737E+00 
7.040413E-02 2.268923E-02 3.076492E-01 1.729299E-01 -1.124428E+00 4.728923E-01 -1.086924E-01 1.056427E+00 3.324704E-02 3.962108E-03 4.350200E+00 8.301987E+00 
2.000000E-01 2.373801E-02 3.768977E-01 1.730045E-01 -1.477186E+00 5.933815E-01 -7.946054E-02 8.392377E-01 2.981859E-02 0.000000E+00 4.585460E+00 9.972835E+00 
1.662466E-01 1.176377E-02 3.710482E-01 1.590385E-01 -1.549078E+00 5.788004E-01 -7.783416E-02 8.829070E-01 3.065172E-02 5.298368E-03 4.931380E+00 9.220653E+00 
1.475487E-01 7.572472E-03 3.430656E-01 1.788635E-01 -1.326934E+00 5.913814E-01 -1.142112E-01 9.139663E-01 3.085585E-02 1.473307E-03 4.643823E+00 1.159711E+01 
1.942326E-01 8.778946E-03 3.658898E-01 1.775204E-01 -1.628402E+00 5.758349E-01 -1.396516E-01 8.661228E-01 2.808606E-02 5.322392E-03 4.738170E+00 8.861251E+00 
8.632127E-02 1.526826E-02 3.236912E-01 1.609538E-01 -1.404469E+00 5.037176E-01 -5.813251E-02 9.402367E-01 2.742547E-02 5.796085E-03 2.340299E+00 1.004410E+01 
1.606078E-01 7.049463E-03 3.282711E-01 1.719353E-01 -1.787460E+00 4.484354E-01 -1.203907E-01 1.090620E+00 2.792545E-02 3.496683E-03 3.736257E+00 8.472948E+00 
1.358216E-01 2.187716E-02 3.446890E-01 1.727108E-01 -1.432542E+00 5.543791E-01 -1.193758E-01 9.477781E-01 2.924316E-02 3.497316E-03 4.143999E+00 9.532620E+00 
1.571952E-01 1.165333E-02 3.594687E-01 1.539039E-01 -1.280846E+00 5.438189E-01 -1.368837E-01 8.883392E-01 3.375541E-02 2.097275E-03 4.795889E+00 9.073973E+00 
1.196616E-01 3.292607E-03 3.364441E-01 1.701531E-01 -1.153438E+00 5.550625E-01 -5.330830E-02 9.585408E-01 3.225806E-02 5.375139E-03 3.835832E+00 9.210298E+00 
5.763186E-02 3.503661E-02 3.475069E-01 1.464289E-01 -1.312456E+00 4.775116E-01 -5.859812E-02 9.608181E-01 2.219547E-02 4.502437E-03 5.029811E+00 7.865554E+00 
1.745581E-01 1.610378E-02 3.630901E-01 1.680697E-01 -1.593859E+00 4.785149E-01 -2.000000E-01 9.239540E-01 3.133756E-02 1.499396E-03 4.754621E+00 1.011094E+01 
5.540836E-02 3.228949E-02 3.214655E-01 1.557912E-01 -1.143744E+00 5.076345E-01 -1.604337E-01 8.835449E-01 2.796387E-02 8.373610E-03 3.418898E+00 1.037690E+01 
1.783084E-01 8.835832E-03 3.429750E-01 1.794343E-01 -1.457980E+00 5.704904E-01 -1.393307E-01 7.924690E-01 3.194218E-02 2.421220E-03 4.711735E+00 9.596028E+00 
1.272745E-01 3.089978E-02 3.653639E-01 1.585450E-01 -1.219207E+00 5.217184E-01 -1.017499E-01 9.446238E-01 2.722030E-02 5.740412E-03 4.599061E+00 1.036337E+01 
1.186744E-01 1.115785E-02 3.306930E-01 1.644700E-01 -1.454272E+00 3.339817E-01 -6.316620E-02 6.516670E-01 2.882643E-02 1.152236E-03 3.973670E+00 1.464198E+01 
1.465391E-01 1.165947E-02 3.464903E-01 1.710472E-01 -1.463229E+00 5.822825E-01 -1.121091E-01 8.256999E-01 2.891492E-02 2.018306E-03 4.721175E+00 9.756057E+00 
1.754544E-01 1.000000E-04 4.061630E-01 1.737851E-01 -1.468264E+00 4.763446E-01 -9.770947E-02 9.530104E-01 2.826811E-02 8.743740E-04 5.036625E+00 8.756776E+00 
1.836323E-01 4.432384E-03 3.595921E-01 1.591265E-01 -1.516537E+00 5.680709E-01 -9.193317E-02 9.458842E-01 2.852056E-02 5.576019E-03 3.125554E+00 8.678868E+00 
1.389175E-01 1.011293E-02 3.474552E-01 1.608051E-01 -1.281141E+00 4.432397E-01 -2.249056E-02 1.065575E+00 3.484838E-02 1.822247E-04 4.044447E+00 1.243481E+01 
1.726744E-01 1.115429E-02 3.823186E-01 1.641877E-01 -1.426785E+00 5.701428E-01 -1.083195E-01 9.970825E-01 3.072009E-02 6.214727E-03 4.265063E+00 1.110172E+01 
6.108331E-02 3.659211E-02 3.622612E-01 1.509982E-01 -9.273843E-01 4.589110E-01 -4.094445E-02 1.059517E+00 3.063466E-02 2.020580E-02 4.395185E+00 9.115158E+00 
1.958139E-01 6.286195E-03 3.144266E-01 1.664946E-01 -1.194875E+00 5.858417E-01 -1.149359E-01 9.602857E-01 2.901620E-02 2.423320E-03 4.779049E+00 8.972226E+00 
1.731887E-01 1.000000E-04 3.229001E-01 1.706899E-01 -1.336018E+00 5.353992E-01 -9.408853E-02 1.009754E+00 3.221843E-02 5.630081E-03 4.521748E+00 7.432776E+00 
1.544966E-01 1.086118E-02 3.659541E-01 1.668749E-01 -1.760299E+00 5.982145E-01 -4.326990E-02 1.059747E+00 3.207210E-02 2.676157E-03 4.964979E+00 9.204900E+00 
1.039145E-01 1.289629E-02 3.239225E-01 1.716470E-01 -1.751853E+00 5.193659E-01 -6.236586E-02 1.077799E+00 3.097733E-02 5.926552E-03 3.222911E+00 1.072360E+01 
1.439133E-01 1.591420E-02 3.351048E-01 1.713192E-01 -1.362082E+00 5.681246E-01 -9.438603E-02 9.858941E-01 3.159860E-02 2.232568E-03 4.675105E+00 7.619005E+00 
1.564376E-01 9.079770E-03 3.646115E-01 1.666617E-01 -1.429782E+00 3.978239E-01 -2.282493E-02 9.671888E-01 2.659638E-02 4.270888E-03 3.687449E+00 8.441255E+00 
1.441358E-01 1.460146E-02 3.335887E-01 1.622995E-01 -1.321252E+00 4.254758E-01 -4.252961E-02 6.319625E-01 2.931287E-02 1.063638E-03 3.932471E+00 1.399283E+01 
1.445030E-01 2.746292E-02 3.627370E-01 1.666795E-01 -1.554967E+00 5.393424E-01 -8.629920E-02 9.110146E-01 3.311102E-02 2.386513E-03 4.538514E+00 9.513721E+00 
1.536406E-01 1.817755E-02 3.689479E-01 1.644894E-01 -1.394163E+00 5.179704E-01 -1.281443E-01 9.759250E-01 2.727392E-02 2.295146E-03 5.372804E+00 1.134400E+01 
1.278296E-01 1.255924E-02 3.627524E-01 1.605045E-01 -1.248667E+00 5.449955E-01 -8.949155E-02 7.294363E-01 2.683036E-02 5.315784E-03 5.051634E+00 1.138923E+01 
8.812071E-02 3.894136E-02 3.239458E-01 1.676560E-01 -1.335572E+00 3.782190E-01 -1.028200E-01 1.033623E+00 4.491618E-02 1.141809E-02 4.693886E+00 7.154734E+00 
1.390567E-01 1.490696E-02 3.576913E-01 1.660251E-01 -1.452538E+00 5.458677E-01 -1.110684E-01 8.890732E-01 3.442507E-02 3.687948E-03 4.572027E+00 7.088359E+00 
1.359718E-01 3.080850E-02 3.693250E-01 1.643138E-01 -1.225360E+00 5.583393E-01 -1.027007E-01 9.515808E-01 3.087392E-02 0.000000E+00 4.408798E+00 1.077138E+01 
1.735962E-01 9.614391E-03 3.639815E-01 1.647361E-01 -1.352660E+00 5.443060E-01 -1.006452E-01 9.102613E-01 3.128136E-02 2.860347E-03 4.826027E+00 7.932792E+00 
1.725031E-01 4.357577E-02 3.843657E-01 1.698401E-01 -1.199055E+00 4.886289E-01 -3.547465E-02 1.023714E+00 2.619190E-02 7.474593E-03 5.481177E+00 1.043554E+01 
1.235156E-01 8.092152E-02 3.039846E-01 1.626486E-01 -1.356806E+00 3.904351E-01 -1.155581E-01 1.009453E+00 4.820501E-02 6.998013E-03 5.252408E+00 7.788980E+00 
1.436233E-01 1.013028E-02 3.454624E-01 1.647803E-01 -1.362992E+00 5.473605E-01 -9.625058E-02 9.114102E-01 3.173385E-02 2.035247E-05 4.517017E+00 9.033313E+00 
1.491897E-01 2.201088E-02 3.516097E-01 1.591033E-01 -1.596058E+00 5.541154E-01 -6.769598E-02 9.874912E-01 3.026720E-02 3.991435E-04 4.371122E+00 8.672449E+00 
8.640566E-02 1.169480E-03 3.392269E-01 1.802604E-01 -1.524849E+00 5.637007E-01 -8.399363E-02 8.059866E-01 2.769196E-02 7.239182E-03 3.299201E+00 9.251939E+00 
8.235572E-02 5.829227E-02 3.374335E-01 1.632302E-01 -1.405543E+00 4.471137E-01 -8.626975E-02 1.011184E+00 4.854068E-02 1.433285E-02 5.363554E+00 6.977748E+00 
1.545500E-01 4.938658E-03 3.838217E-01 1.662082E-01 -1.377065E+00 5.334964E-01 -1.314804E-01 8.507000E-01 2.880677E-02 2.138815E-03 4.726343E+00 9.448694E+00 
1.332052E-01 2.691432E-02 3.306283E-01 1.652146E-01 -8.961224E-01 5.218432E-01 -1.000000E-02 8.944049E-01 3.652187E-02 1.552255E-02 4.745233E+00 1.009131E+01 
1.647946E-01 2.101086E-02 3.498398E-01 1.657022E-01 -1.422181E+00 5.736985E-01 -1.571423E-01 1.043042E+00 3.404132E-02 9.072216E-05 3.293928E+00 7.789703E+00 
1.623296E-01 1.140766E-02 3.560396E-01 1.690434E-01 -1.429948E+00 5.834394E-01 -9.978642E-02 8.716597E-01 2.885899E-02 9.651088E-04 4.578768E+00 8.936176E+00 
1.807605E-01 2.571158E-03 3.709993E-01 1.710844E-01 -1.485130E+00 5.905795E-01 -1.380482E-01 9.803351E-01 2.963361E-02 4.668950E-03 3.708138E+00 9.079159E+00 
1.645786E-01 3.379645E-02 3.225053E-01 1.684272E-01 -1.526775E+00 4.799913E-01 -1.250109E-01 9.623705E-01 3.230145E-02 2.487393E-03 3.430866E+00 8.119380E+00 
1.937388E-01 1.410691E-02 3.447151E-01 1.811404E-01 -1.843180E+00 6.000000E-01 -6.306333E-02 9.329513E-01 2.856354E-02 0.000000E+00 4.859852E+00 7.947042E+00 
1.592683E-01 1.060584E-02 3.680526E-01 1.654822E-01 -1.740589E+00 5.724506E-01 -1.199815E-01 9.096564E-01 3.296227E-02 5.452450E-03 3.847891E+00 1.025629E+01 
1.165840E-01 1.689935E-02 3.551828E-01 1.629124E-01 -1.351495E+00 4.503479E-01 -5.267481E-02 8.686659E-01 2.905652E-02 2.115303E-02 4.219001E+00 7.617540E+00 
1.831782E-01 1.161360E-02 3.674980E-01 1.698603E-01 -1.373174E+00 5.796764E-01 -1.686003E-01 1.032500E+00 2.689480E-02 3.177068E-03 3.099298E+00 6.426595E+00 
1.238630E-01 2.219071E-02 3.472114E-01 1.585359E-01 -1.191156E+00 5.195356E-01 -6.932739E-02 9.049384E-01 2.296417E-02 5.144928E-03 3.744286E+00 6.199095E+00 
1.647575E-01 1.092666E-02 3.732424E-01 1.674288E-01 -1.527292E+00 4.410522E-01 -1.381633E-01 1.042886E+00 3.133825E-02 4.150751E-03 3.631528E+00 8.561042E+00 
1.368154E-01 3.383858E-02 3.636654E-01 1.670590E-01 -1.566020E+00 5.452847E-01 -8.130688E-02 9.725947E-01 3.057805E-02 2.109371E-03 3.149884E+00 1.007895E+01 
1.847518E-01 1.563291E-02 3.675056E-01 1.724713E-01 -1.431321E+00 5.950853E-01 -8.165164E-02 1.145543E+00 3.169529E-02 9.103464E-03 3.157537E+00 1.067212E+01 
1.551669E-01 3.539378E-03 3.633503E-01 1.748774E-01 -1.636547E+00 5.401432E-01 -8.128947E-02 9.351870E-01 3.110227E-02 3.129048E-03 3.373401E+00 9.534774E+00 
1.336976E-01 1.813447E-02 3.613523E-01 1.632363E-01 -1.493281E+00 5.009379E-01 -9.632085E-02 1.009394E+00 2.813085E-02 3.416830E-03 3.192764E+00 1.043862E+01 
9.781449E-02 3.689666E-02 3.368774E-01 1.560133E-01 -8.510877E-01 5.880730E-01 -1.557904E-01 8.761621E-01 3.833664E-02 3.157077E-02 5.543504E+00 6.050475E+00 
1.013440E-01 2.536883E-02 3.516200E-01 1.701643E-01 -1.372756E+00 5.651105E-01 -1.041210E-01 9.994600E-01 2.877990E-02 6.662698E-03 4.612075E+00 3.438164E+00 
1.344734E-01 5.573847E-03 3.674743E-01 1.678660E-01 -1.551535E+00 5.577854E-01 -1.361692E-01 8.639570E-01 3.406606E-02 1.712167E-03 4.887344E+00 8.693877E+00 
1.703447E-01 8.522483E-03 3.628063E-01 1.625900E-01 -1.399602E+00 5.666559E-01 -9.998142E-02 8.586869E-01 2.962803E-02 2.851617E-03 4.515179E+00 1.088668E+01 
1.753879E-01 1.164290E-02 3.928039E-01 1.555379E-01 -1.322195E+00 5.988510E-01 -1.159742E-01 9.918334E-01 2.958963E-02 1.949439E-02 5.378862E+00 5.214228E+00 
1.452036E-01 3.188432E-03 3.241420E-01 1.570295E-01 -1.856867E+00 5.374563E-01 -6.363195E-02 1.074731E+00 2.768399E-02 2.955186E-03 4.243466E+00 8.202214E+00 
1.150367E-01 5.091175E-02 3.476325E-01 1.599699E-01 -1.396488E+00 5.839731E-01 -1.152520E-01 9.281456E-01 3.204232E-02 5.527721E-03 4.751596E+00 9.184212E+00 
1.256904E-01 1.575118E-02 4.037301E-01 1.704710E-01 -1.243676E+00 5.497954E-01 -9.212935E-02 8.113274E-01 2.800262E-02 2.444686E-03 4.369057E+00 8.709997E+00 
1.672194E-01 2.067208E-02 3.351547E-01 1.722479E-01 -1.613935E+00 5.569127E-01 -1.487800E-01 8.340088E-01 2.562690E-02 0.000000E+00 4.012518E+00 1.097283E+01 
1.584223E-01 7.555767E-03 3.718686E-01 1.684106E-01 -1.385813E+00 5.822249E-01 -9.460157E-02 8.301646E-01 2.579372E-02 4.669967E-03 4.154921E+00 8.406481E+00 
1.360428E-01 9.078172E-03 3.535091E-01 1.654244E-01 -1.332252E+00 4.783345E-01 -1.000000E-02 9.557567E-01 3.310190E-02 4.757393E-03 4.508828E+00 1.267329E+01 
1.589455E-01 1.068695E-02 3.645127E-01 1.642595E-01 -1.367237E+00 5.670938E-01 -1.125615E-01 8.599055E-01 2.826307E-02 2.188999E-03 4.248075E+00 9.243219E+00 
1.194336E-01 1.391937E-02 3.675000E-01 1.667286E-01 -1.252447E+00 4.764931E-01 -3.024788E-02 9.180530E-01 2.999754E-02 5.120911E-03 4.703748E+00 9.784847E+00 
1.664737E-01 2.947768E-02 3.801545E-01 1.689116E-01 -1.352548E+00 4.425903E-01 -1.182743E-01 9.568045E-01 3.297595E-02 4.192998E-04 4.798535E+00 8.300967E+00 
1.549147E-01 7.774980E-03 3.067996E-01 1.613071E-01 -1.529470E+00 5.710611E-01 -1.040880E-01 8.409478E-01 3.333916E-02 3.267263E-03 3.698347E+00 1.089821E+01 
8.486329E-02 5.856012E-03 3.324920E-01 1.588628E-01 -1.546787E+00 6.000000E-01 -6.857216E-02 7.990739E-01 2.168718E-02 7.883459E-03 4.277989E+00 1.266179E+01 
1.666454E-01 1.732351E-02 3.871848E-01 1.561085E-01 -1.285791E+00 5.648739E-01 -9.782299E-02 8.908251E-01 2.873607E-02 3.434866E-03 3.723933E+00 7.748359E+00 
1.555602E-01 1.000000E-04 3.644377E-01 1.682873E-01 -9.468371E-01 5.263586E-01 -7.147280E-02 9.262127E-01 3.298701E-02 1.044392E-02 5.593970E+00 8.794324E+00 
1.956500E-01 2.063275E-02 3.591763E-01 1.678975E-01 -1.577747E+00 6.000000E-01 -1.306621E-01 8.001755E-01 2.902805E-02 1.152307E-03 4.332628E+00 1.046575E+01 
6.657853E-02 4.818781E-02 3.444652E-01 1.509089E-01 -1.109717E+00 3.995885E-01 -3.868863E-02 9.643225E-01 2.701611E-02 2.401755E-03 5.424694E+00 7.985353E+00 
1.347138E-01 3.828841E-02 3.216329E-01 1.544396E-01 -1.220850E+00 5.792345E-01 -5.674875E-02 8.864385E-01 3.076553E-02 5.339792E-03 4.023764E+00 1.046381E+01 
1.335160E-01 1.034813E-02 3.714176E-01 1.682105E-01 -1.259238E+00 4.146603E-01 -1.021730E-01 9.013728E-01 2.848895E-02 2.334176E-02 3.941205E+00 8.438507E+00 
5.275476E-02 1.433795E-02 3.475431E-01 1.678583E-01 -1.106951E+00 5.871470E-01 -1.025186E-01 1.032206E+00 2.947926E-02 1.028430E-02 3.346462E+00 5.659483E+00 
1.536466E-01 2.260128E-02 3.570734E-01 1.654191E-01 -1.394612E+00 5.859247E-01 -1.334593E-01 9.624969E-01 3.209746E-02 1.076478E-03 4.215068E+00 1.187627E+01 
9.865193E-02 4.478645E-02 3.460121E-01 1.495077E-01 -1.406892E+00 4.473322E-01 -9.488636E-02 9.981401E-01 3.091617E-02 7.111278E-03 2.850595E+00 1.238678E+01 
1.421534E-01 6.095182E-03 3.934896E-01 1.621271E-01 -1.291276E+00 5.820107E-01 -9.976098E-02 8.273552E-01 2.982517E-02 4.693527E-03 4.604978E+00 1.113624E+01 
1.476845E-01 7.957563E-03 3.712757E-01 1.643517E-01 -1.509854E+00 6.000000E-01 -1.679311E-01 1.004467E+00 2.642214E-02 2.586965E-03 3.732735E+00 8.115580E+00 
1.373622E-01 4.322532E-03 3.548940E-01 1.655449E-01 -1.486362E+00 5.877760E-01 -1.350351E-01 9.980614E-01 2.885087E-02 2.680410E-03 4.684838E+00 7.775642E+00 
1.061790E-01 1.637991E-02 2.843349E-01 1.682833E-01 -1.475980E+00 5.842408E-01 -9.062506E-02 9.717219E-01 3.365695E-02 8.450379E-03 2.391344E+00 7.093883E+00 
1.321328E-01 1.693479E-02 3.185617E-01 1.638677E-01 -1.362606E+00 5.732800E-01 -1.909310E-01 8.443624E-01 2.860053E-02 5.910073E-03 3.972608E+00 8.989408E+00 
1.003566E-01 3.757827E-02 3.344495E-01 1.653568E-01 -1.226374E+00 5.822704E-01 -1.057099E-01 8.915211E-01 3.329060E-02 3.348480E-03 3.258686E+00 1.070281E+01 
1.225763E-01 1.202904E-02 3.740947E-01 1.628912E-01 -1.581363E+00 4.889433E-01 -9.080620E-02 8.968658E-01 2.859753E-02 4.812203E-03 3.917821E+00 7.916972E+00 
1.664207E-01 1.326562E-02 3.754427E-01 1.701160E-01 -1.337571E+00 5.765129E-01 -1.313744E-01 1.017600E+00 3.130435E-02 4.950708E-03 3.172119E+00 1.089316E+01 
1.003032E-01 3.562043E-02 3.434208E-01 1.554570E-01 -1.259746E+00 3.119603E-01 -1.131928E-02 1.083503E+00 2.886462E-02 4.938336E-03 4.490574E+00 1.020947E+01 
7.807586E-02 4.844641E-02 3.039999E-01 1.298930E-01 -1.127711E+00 3.638584E-01 -4.764707E-02 1.077323E+00 2.871345E-02 6.114055E-03 4.130109E+00 1.072624E+01 
1.714348E-01 2.441159E-02 3.751978E-01 1.523922E-01 -1.455475E+00 6.000000E-01 -1.858288E-01 9.175137E-01 4.328868E-02 3.375552E-03 4.534467E+00 7.042845E+00 
1.463118E-01 6.688428E-03 3.561714E-01 1.628637E-01 -1.606068E+00 4.326436E-01 -6.555927E-02 6.916792E-01 3.150141E-02 2.683532E-03 3.288939E+00 1.305610E+01 
1.405052E-01 3.757411E-02 3.402980E-01 1.397719E-01 -1.156139E+00 3.785636E-01 -1.935675E-02 1.002543E+00 3.322069E-02 1.577259E-02 4.137236E+00 1.116096E+01 
9.353468E-02 8.430925E-03 3.563352E-01 1.730441E-01 -1.217529E+00 3.716936E-01 -9.938039E-02 9.168411E-01 2.859134E-02 1.465402E-02 3.705086E+00 6.490698E+00 
1.571379E-01 1.965691E-02 3.801755E-01 1.666667E-01 -1.310986E+00 5.966380E-01 -1.095158E-01 1.007040E+00 3.218543E-02 2.787884E-03 4.751539E+00 7.532320E+00 
8.847747E-02 4.148741E-02 3.360258E-01 1.497885E-01 -1.381512E+00 4.193152E-01 -6.074532E-02 9.665843E-01 3.094323E-02 3.632904E-03 4.844168E+00 9.980689E+00 
1.749591E-01 9.269379E-03 3.577270E-01 1.634190E-01 -1.261777E+00 5.803069E-01 -8.677470E-02 8.811430E-01 2.670105E-02 4.659887E-03 5.440296E+00 9.523663E+00 
1.480083E-01 8.738008E-03 3.306091E-01 1.572899E-01 -1.320564E+00 5.378984E-01 -8.688191E-02 9.727848E-01 3.206566E-02 0.000000E+00 4.992446E+00 8.092776E+00 
1.662420E-01 3.257121E-02 3.891741E-01 1.767314E-01 -1.666881E+00 6.000000E-01 -2.366658E-02 1.112295E+00 2.722163E-02 2.795822E-05 4.709206E+00 8.832098E+00 
1.656817E-01 1.960721E-02 3.360464E-01 1.667700E-01 -1.502404E+00 5.329218E-01 -9.273494E-02 8.383586E-01 3.181967E-02 2.049917E-03 4.500003E+00 6.874391E+00 
1.260281E-01 3.174357E-02 3.329898E-01 1.633122E-01 -1.175455E+00 5.368498E-01 -4.979567E-02 8.648629E-01 2.745020E-02 4.924957E-03 4.848220E+00 1.237911E+01 
1.511541E-01 2.657147E-02 3.377426E-01 1.482869E-01 -1.326095E+00 5.314164E-01 -8.438878E-02 8.426611E-01 2.722476E-02 4.265396E-03 4.809203E+00 8.478908E+00 
1.824367E-01 1.321668E-02 3.917024E-01 1.703264E-01 -1.565850E+00 6.000000E-01 -1.625743E-01 8.903175E-01 2.853811E-02 2.371975E-03 4.326136E+00 8.737535E+00 
1.577386E-01 7.212793E-03 3.423530E-01 1.748346E-01 -1.325149E+00 5.957053E-01 -1.279740E-01 9.150065E-01 3.062744E-02 1.410410E-03 4.125264E+00 9.155203E+00 
1.446360E-01 1.434829E-02 3.659912E-01 1.674695E-01 -1.377011E+00 5.935645E-01 -1.102104E-01 9.563250E-01 2.701537E-02 4.758169E-03 4.744880E+00 9.402754E+00 
1.302081E-01 4.827489E-02 3.611551E-01 1.699869E-01 -1.535274E+00 5.786857E-01 -6.479795E-02 7.606899E-01 2.687176E-02 5.041680E-03 5.881329E+00 8.243534E+00 
1.400615E-01 2.550134E-02 3.615537E-01 1.634207E-01 -1.388459E+00 4.900212E-01 -1.353841E-01 9.131262E-01 3.127698E-02 4.052872E-03 4.776711E+00 9.569009E+00 
1.586505E-01 8.425181E-03 3.705378E-01 1.695301E-01 -1.421578E+00 6.000000E-01 -5.130947E-02 9.005886E-01 3.134665E-02 3.007271E-03 4.297381E+00 9.865226E+00 
1.671020E-01 8.020795E-03 3.514311E-01 1.658502E-01 -1.600124E+00 3.951920E-01 -5.615923E-02 8.018259E-01 3.184671E-02 2.304166E-03 4.767350E+00 8.808366E+00 
1.447405E-01 6.527412E-03 3.917915E-01 1.661169E-01 -1.719353E+00 5.842856E-01 -9.861965E-02 8.162755E-01 3.539826E-02 1.229729E-03 4.233515E+00 9.754192E+00 
1.676097E-01 1.750595E-02 3.600150E-01 1.690294E-01 -1.308179E+00 5.429484E-01 -6.580454E-02 9.482382E-01 3.004245E-02 4.803434E-03 4.678193E+00 9.144889E+00 
1.561151E-01 1.391566E-02 3.577829E-01 1.689334E-01 -1.425665E+00 6.000000E-01 -1.085252E-01 9.486173E-01 2.836571E-02 1.004864E-03 4.706186E+00 8.511850E+00 
1.519766E-01 7.721213E-03 3.599355E-01 1.712715E-01 -1.301892E+00 5.220820E-01 -8.702390E-02 9.825434E-01 3.391428E-02 4.578850E-03 4.242380E+00 8.289857E+00 
1.687880E-01 2.114071E-02 3.535867E-01 1.564635E-01 -1.173586E+00 2.693818E-01 -1.472495E-01 9.157461E-01 3.012101E-02 5.504083E-03 4.568253E+00 9.472294E+00 
6.094873E-02 1.662675E-02 3.429600E-01 1.747923E-01 -1.293309E+00 5.757033E-01 -5.004380E-02 9.793034E-01 2.717109E-02 5.432476E-03 4.481456E+00 9.306465E+00 
1.611148E-01 2.481587E-02 3.624193E-01 1.619879E-01 -2.000000E+00 5.691017E-01 -4.512456E-02 1.100553E+00 3.541155E-02 7.131566E-03 4.053418E+00 4.229082E+00 
1.283622E-01 2.689769E-02 3.546713E-01 1.589469E-01 -1.211616E+00 5.489302E-01 -9.164181E-02 1.172629E+00 3.207347E-02 1.906275E-03 4.195345E+00 1.172100E+01 
1.369121E-01 2.748142E-02 2.950053E-01 1.515330E-01 -1.443462E+00 4.102072E-01 -9.800073E-02 8.481268E-01 2.864930E-02 5.017400E-03 4.135177E+00 9.528299E+00 
9.489320E-02 4.349578E-02 3.408673E-01 1.629403E-01 -1.247859E+00 5.664127E-01 -6.312532E-02 9.449946E-01 2.950898E-02 1.577899E-02 4.261007E+00 7.529930E+00 
1.093825E-01 1.125271E-02 3.711003E-01 1.664070E-01 -1.370629E+00 4.161018E-01 -5.328788E-02 8.892772E-01 3.000661E-02 3.456732E-03 4.640043E+00 1.055093E+01 
1.764431E-01 2.085476E-02 3.949823E-01 1.685338E-01 -1.311044E+00 5.789573E-01 -8.583817E-02 8.635681E-01 2.887857E-02 5.512669E-04 5.049211E+00 7.849768E+00 
1.008670E-01 3.538890E-03 3.188594E-01 1.540868E-01 -6.782380E-01 4.592675E-01 -1.526746E-01 7.370201E-01 2.776997E-02 8.279201E-03 4.939362E+00 1.022295E+01 
1.532721E-01 1.185238E-02 3.566408E-01 1.673423E-01 -1.236771E+00 5.428472E-01 -1.088124E-01 1.056442E+00 3.363031E-02 4.852206E-03 3.989885E+00 9.769462E+00 
