1.553674E-01 5.147975E-03 3.643445E-01 1.666955E-01 -1.476959E+00 4.916295E-01 -6.223048E-02 1.003292E+00 2.796187E-02 3.866243E-03 2.990568E+00 9.417410E+00 
1.688678E-01 1.324224E-02 3.621031E-01 1.693953E-01 -1.650401E+00 4.597972E-01 -1.582510E-01 8.946841E-01 3.013906E-02 3.619284E-03 4.229174E+00 8.937419E+00 
1.712323E-01 2.507958E-02 3.442969E-01 1.694799E-01 -1.500714E+00 5.458839E-01 -1.333408E-01 9.741773E-01 2.973774E-02 3.424179E-03 4.960351E+00 9.552172E+00 
1.678412E-01 1.280836E-02 3.849344E-01 1.725725E-01 -1.384601E+00 5.655208E-01 -1.153278E-01 8.652766E-01 2.974297E-02 5.654286E-04 4.332901E+00 6.372001E+00 
1.319097E-01 9.687260E-03 3.503003E-01 1.760650E-01 -1.360753E+00 5.987745E-01 -4.491036E-02 9.835256E-01 2.924173E-02 1.886283E-03 2.724239E+00 9.161179E+00 
1.319598E-01 1.236257E-02 3.397690E-01 1.676105E-01 -1.373096E+00 5.695423E-01 -3.053362E-02 8.480465E-01 3.196691E-02 6.054174E-03 5.820187E+00 6.212767E+00 
1.438238E-01 5.737622E-03 3.479124E-01 1.687909E-01 -1.419962E+00 4.892797E-01 -6.955918E-02 1.114729E+00 2.842251E-02 1.934463E-03 4.297842E+00 1.116031E+01 
1.691725E-01 7.265085E-03 3.297527E-01 1.656782E-01 -1.409243E+00 5.533298E-01 -1.246656E-01 8.669227E-01 3.180801E-02 4.900545E-03 4.480195E+00 7.551235E+00 
1.926802E-01 1.107666E-02 3.637856E-01 1.825532E-01 -1.302058E+00 5.331202E-01 -1.106729E-01 7.575452E-01 2.517662E-02 0.000000E+00 4.348704E+00 9.301795E+00 
1.822021E-01 1.861080E-02 3.661016E-01 1.727993E-01 -1.434846E+00 5.446699E-01 -6.622763E-02 9.995084E-01 2.513294E-02 5.842178E-03 4.600871E+00 6.549548E+00 
1.672670E-01 1.061417E-02 3.641025E-01 1.722401E-01 -1.435834E+00 5.693556E-01 -6.854046E-02 9.969282E-01 2.710383E-02 4.221308E-03 4.369444E+00 8.614776E+00 
1.730949E-01 1.036827E-02 3.434221E-01 1.825039E-01 -1.488177E+00 6.000000E-01 -1.164644E-01 8.988344E-01 2.850205E-02 2.048691E-03 5.052549E+00 5.683920E+00 
1.021147E-01 1.869793E-02 3.853498E-01 1.631055E-01 -9.788873E-01 5.650956E-01 -1.855040E-01 7.593225E-01 3.120765E-02 2.978798E-02 4.526867E+00 4.790146E+00 
1.842308E-01 2.715168E-03 3.292867E-01 1.718049E-01 -2.000000E+00 5.722592E-01 -9.227621E-02 9.783574E-01 2.815668E-02 1.493688E-02 2.640173E+00 9.926621E+00 
1.571678E-01 8.723661E-03 3.705858E-01 1.708217E-01 -1.426421E+00 5.992314E-01 -1.298821E-01 9.656047E-01 3.149937E-02 4.969113E-03 4.463778E+00 8.776260E+00 
1.449644E-01 6.469445E-03 3.604666E-01 1.656586E-01 -1.596403E+00 5.824548E-01 -7.352460E-02 1.206579E+00 2.863327E-02 3.048910E-03 5.247568E+00 3.674137E+00 
5.092987E-02 3.313766E-02 3.102761E-01 1.524114E-01 -1.396502E+00 4.857180E-01 -1.352134E-01 9.296710E-01 2.809560E-02 4.566822E-03 3.885985E+00 9.562102E+00 
6.200934E-02 6.722681E-03 3.684757E-01 1.320452E-01 -1.282520E+00 5.227691E-01 -8.809045E-02 9.398786E-01 2.528265E-02 1.745459E-03 4.896627E+00 1.030668E+01 
1.604115E-01 7.568957E-03 3.554721E-01 1.712460E-01 -1.509281E+00 5.886049E-01 -1.177649E-01 9.262939E-01 3.035072E-02 2.345424E-03 4.495116E+00 8.950738E+00 
1.704250E-01 8.691184E-03 3.725319E-01 1.703948E-01 -1.586459E+00 5.639705E-01 -1.526403E-01 8.834517E-01 2.383188E-02 1.353148E-02 4.727492E+00 1.194706E+01 
1.657981E-01 1.110873E-02 3.601490E-01 1.707615E-01 -1.333773E+00 5.674519E-01 -9.781564E-02 9.482676E-01 2.485555E-02 2.799312E-03 4.361550E+00 9.343904E+00 
1.175140E-01 1.352767E-02 3.679870E-01 1.790243E-01 -1.407198E+00 5.508225E-01 -9.018150E-02 9.218366E-01 2.933955E-02 1.145797E-02 3.607828E+00 9.859536E+00 
1.623979E-01 8.556644E-03 3.720424E-01 1.697266E-01 -1.292205E+00 5.180332E-01 -1.212796E-01 1.058143E+00 2.989113E-02 2.337950E-03 4.544930E+00 1.074787E+01 
5.433254E-02 1.457275E-02 3.674885E-01 1.661809E-01 -1.226367E+00 3.409313E-01 -1.635116E-01 9.783303E-01 3.087924E-02 1.042069E-02 5.679021E+00 8.551172E+00 
1.548120E-01 1.295415E-02 3.739940E-01 1.712097E-01 -1.258831E+00 5.073736E-01 -8.833615E-02 1.123806E+00 3.159013E-02 5.544272E-03 4.390410E+00 8.875327E+00 
1.609552E-01 2.265007E-02 3.339641E-01 1.701411E-01 -1.367370E+00 6.000000E-01 -1.423355E-01 9.901705E-01 3.048793E-02 3.091602E-04 5.284054E+00 8.825271E+00 
1.646163E-01 1.407277E-02 3.842286E-01 1.707505E-01 -1.626137E+00 5.647495E-01 -8.795167E-02 1.004481E+00 2.906810E-02 2.843707E-03 4.382811E+00 9.400154E+00 
1.603665E-01 1.291675E-02 3.677845E-01 1.724204E-01 -1.445893E+00 6.000000E-01 -1.058503E-01 8.751325E-01 3.043262E-02 1.473717E-03 4.188957E+00 1.059384E+01 
1.502005E-01 3.634817E-02 3.740632E-01 1.602470E-01 -1.191582E+00 3.136651E-01 -1.652187E-02 9.598703E-01 2.782224E-02 2.497160E-02 5.340432E+00 8.141801E+00 
3.268687E-02 3.646633E-02 3.529073E-01 1.510802E-01 -1.568012E+00 5.293930E-01 -6.797185E-02 9.301679E-01 2.688203E-02 8.246035E-03 4.428236E+00 8.283803E+00 
1.520650E-01 1.020194E-02 3.557486E-01 1.700588E-01 -1.371420E+00 5.728836E-01 -1.150399E-01 9.006824E-01 3.053864E-02 4.139045E-04 4.910200E+00 8.690838E+00 
9.114838E-02 7.424432E-03 3.631189E-01 1.478192E-01 -1.718916E+00 5.601226E-01 -9.149693E-02 9.416396E-01 2.935201E-02 1.673610E-03 3.707854E+00 1.241201E+01 
1.712388E-01 9.523257E-03 3.541636E-01 1.733937E-01 -1.450766E+00 5.411970E-01 -1.295329E-01 9.430360E-01 3.052750E-02 2.211411E-03 3.736878E+00 9.803248E+00 
3.907742E-02 1.882979E-02 3.655682E-01 1.612759E-01 -1.399851E+00 3.941929E-01 -4.590270E-02 1.006358E+00 4.391874E-02 4.627096E-03 4.461573E+00 9.367728E+00 
1.667977E-01 1.329950E-03 3.455037E-01 1.736166E-01 -1.486019E+00 6.000000E-01 -1.174632E-01 9.954517E-01 2.793921E-02 1.945305E-03 4.751768E+00 6.346432E+00 
1.617677E-01 1.331730E-02 3.674301E-01 1.735422E-01 -1.545031E+00 5.994680E-01 -6.792816E-02 8.719385E-01 2.933229E-02 3.156948E-03 4.651688E+00 1.004121E+01 
9.102247E-02 2.079212E-02 3.043967E-01 1.434146E-01 -1.353127E+00 5.390820E-01 -8.447173E-02 8.748400E-01 3.480513E-02 2.462614E-03 4.400826E+00 9.219554E+00 
1.449636E-01 2.616872E-02 3.512348E-01 1.236001E-01 -1.152150E+00 4.632203E-01 -2.566443E-02 9.060478E-01 2.732728E-02 4.743964E-03 3.201037E+00 1.274034E+01 
1.477088E-01 9.698893E-03 3.362256E-01 1.735158E-01 -1.626712E+00 5.460269E-01 -7.498027E-02 8.061630E-01 2.876121E-02 3.534269E-03 4.178105E+00 9.744683E+00 
1.676464E-01 1.363708E-02 3.686453E-01 1.780737E-01 -1.457621E+00 5.553346E-01 -7.328186E-02 9.495882E-01 2.482883E-02 5.934536E-03 4.992096E+00 8.498475E+00 
1.442666E-01 1.490293E-02 3.628891E-01 1.735348E-01 -1.272803E+00 5.879724E-01 -8.265087E-02 8.924764E-01 2.726414E-02 2.925072E-03 4.605606E+00 1.166988E+01 
1.633756E-01 1.452094E-02 3.432323E-01 1.717435E-01 -1.602957E+00 5.901354E-01 -9.155339E-02 9.588141E-01 2.935109E-02 2.690507E-03 4.264898E+00 8.429674E+00 
1.610301E-01 4.897698E-03 3.687491E-01 1.593421E-01 -1.432509E+00 5.623949E-01 -8.968783E-02 9.213690E-01 2.975781E-02 2.930215E-03 4.453208E+00 6.863594E+00 
1.310142E-01 1.329380E-02 3.229248E-01 1.683189E-01 -1.439166E+00 4.458167E-01 -9.485374E-02 7.140807E-01 2.947868E-02 1.415868E-03 3.448014E+00 1.135694E+01 
1.563151E-01 1.232663E-02 3.555739E-01 1.675170E-01 -1.371376E+00 5.657001E-01 -9.944182E-02 7.766593E-01 3.003499E-02 8.437836E-04 4.399861E+00 1.034083E+01 
1.581065E-01 6.175802E-03 3.622400E-01 1.734683E-01 -1.324852E+00 5.629680E-01 -1.088408E-01 8.998482E-01 2.983683E-02 4.363706E-03 4.985571E+00 9.353814E+00 
1.350308E-01 6.973139E-03 3.656587E-01 1.528123E-01 -1.598081E+00 6.000000E-01 -1.375300E-01 1.043579E+00 2.528177E-02 8.842065E-03 4.175976E+00 5.577609E+00 
2.000000E-01 1.405760E-02 3.647375E-01 1.589710E-01 -1.376167E+00 4.448148E-01 -6.950999E-02 9.867798E-01 2.951143E-02 6.752268E-03 5.214011E+00 9.003872E+00 
1.890826E-01 2.785141E-02 3.707620E-01 1.859982E-01 -1.470273E+00 5.718340E-01 -8.683651E-02 1.017823E+00 2.510274E-02 1.448805E-04 3.602594E+00 7.338262E+00 
1.613747E-01 4.008978E-02 3.266917E-01 1.647008E-01 -1.367697E+00 4.578729E-01 -7.509318E-02 9.180011E-01 2.540604E-02 3.228859E-03 3.239467E+00 1.442541E+01 
3.710103E-02 2.672171E-02 3.475521E-01 1.353159E-01 -7.455414E-01 4.109448E-01 -7.659207E-02 1.055547E+00 2.714708E-02 7.755292E-03 4.614342E+00 1.051765E+01 
1.649643E-01 1.276366E-02 3.939790E-01 1.681046E-01 -1.297828E+00 5.577386E-01 -1.416058E-01 7.793784E-01 3.262387E-02 1.174376E-03 4.516711E+00 1.215052E+01 
1.430995E-01 1.934456E-02 3.469149E-01 1.613177E-01 -1.399667E+00 5.990286E-01 -3.852251E-02 6.145073E-01 2.958277E-02 1.545968E-03 4.710749E+00 1.100650E+01 
1.686965E-01 7.439889E-03 3.784239E-01 1.785124E-01 -1.328560E+00 5.962160E-01 -8.014618E-02 1.079357E+00 3.447047E-02 2.675204E-03 4.161885E+00 9.170387E+00 
1.813263E-01 1.000000E-04 3.462994E-01 1.865973E-01 -1.680778E+00 5.047156E-01 -1.394676E-01 8.714822E-01 2.832631E-02 0.000000E+00 4.280052E+00 1.051057E+01 
1.709311E-01 1.389690E-02 3.545352E-01 1.718055E-01 -1.208450E+00 5.746286E-01 -1.188954E-01 1.083071E+00 2.882953E-02 8.303533E-04 5.167886E+00 8.378051E+00 
2.000000E-01 2.524845E-03 3.610459E-01 1.715669E-01 -1.722731E+00 6.000000E-01 -8.643979E-02 1.046576E+00 3.008439E-02 5.003530E-04 4.894802E+00 4.773741E+00 
1.304374E-01 6.306656E-03 3.464058E-01 1.442866E-01 -1.537218E+00 4.578488E-01 -4.219549E-02 9.122030E-01 3.034362E-02 5.320262E-03 4.055509E+00 1.062600E+01 
1.584232E-01 2.622615E-02 4.061009E-01 1.601065E-01 -1.536820E+00 5.956016E-01 -1.723673E-01 9.387771E-01 3.239782E-02 3.376285E-03 4.740413E+00 9.098883E+00 
1.639914E-01 7.400004E-03 3.706998E-01 1.618237E-01 -1.434239E+00 4.467429E-01 -6.864627E-02 9.105601E-01 2.974865E-02 5.565871E-03 4.679747E+00 1.150375E+01 
1.354784E-01 2.833098E-02 3.528024E-01 1.575988E-01 -1.346299E+00 5.041522E-01 -8.867923E-02 1.086940E+00 3.304274E-02 2.684690E-03 4.652926E+00 1.104821E+01 
1.492609E-01 1.250231E-02 3.553490E-01 1.628647E-01 -1.433736E+00 4.856505E-01 -1.007002E-01 9.342559E-01 3.074268E-02 2.618359E-03 4.712869E+00 9.032455E+00 
1.434414E-01 2.085835E-03 3.499030E-01 1.685881E-01 -1.389001E+00 4.944765E-01 -1.003624E-01 8.488532E-01 2.975268E-02 2.025725E-03 4.694066E+00 1.002714E+01 
1.507845E-01 1.153151E-02 3.662360E-01 1.599577E-01 -1.494069E+00 4.811353E-01 -1.314029E-01 9.247386E-01 3.156024E-02 4.947132E-03 4.075442E+00 1.008601E+01 
9.553846E-02 4.654089E-02 3.629850E-01 1.482959E-01 -1.130996E+00 5.723412E-01 -5.721691E-02 1.062458E+00 3.325380E-02 2.129036E-02 5.236561E+00 6.728585E+00 
1.082175E-01 1.393445E-02 3.544807E-01 1.544079E-01 -1.454437E+00 4.728481E-01 -6.028395E-02 8.305651E-01 3.395432E-02 5.749618E-03 4.234308E+00 1.027782E+01 
1.714933E-01 1.313940E-02 3.715910E-01 1.726834E-01 -1.460712E+00 6.000000E-01 -8.426927E-02 8.879458E-01 2.593849E-02 8.977774E-04 4.608063E+00 1.169667E+01 
1.065959E-01 4.498358E-02 3.237807E-01 1.571475E-01 -1.099099E+00 4.741443E-01 -4.345357E-02 9.563605E-01 3.040175E-02 1.458218E-02 5.086942E+00 1.024467E+01 
1.261370E-01 5.832783E-02 3.207385E-01 1.579093E-01 -1.498409E+00 4.440894E-01 -6.697680E-02 9.405046E-01 2.592624E-02 3.256677E-03 4.314106E+00 6.306163E+00 
1.651878E-01 2.344631E-02 3.842203E-01 1.687239E-01 -1.423641E+00 5.062401E-01 -1.345538E-01 7.153821E-01 3.178269E-02 2.894452E-03 3.695062E+00 1.003575E+01 
1.670516E-01 1.131058E-02 3.381925E-01 1.789913E-01 -1.274721E+00 5.771989E-01 -1.142726E-01 9.877078E-01 3.228322E-02 4.814024E-03 3.877134E+00 9.978059E+00 
1.765381E-01 1.184207E-02 3.717953E-01 1.731466E-01 -1.609613E+00 5.774492E-01 -1.338779E-01 1.079507E+00 3.188265E-02 2.994139E-03 4.246651E+00 1.038551E+01 
1.379142E-01 4.651905E-03 3.628409E-01 1.654173E-01 -1.435998E+00 5.737855E-01 -7.724096E-02 8.655158E-01 2.756970E-02 2.435715E-03 3.269005E+00 9.133679E+00 
1.470699E-01 3.432619E-03 3.573051E-01 1.694777E-01 -1.264238E+00 5.520095E-01 -7.734202E-02 9.791443E-01 3.018303E-02 4.286138E-03 4.901763E+00 9.428078E+00 
1.329025E-01 6.658246E-02 3.480173E-01 1.536211E-01 -1.373207E+00 4.391721E-01 -9.340613E-02 9.143232E-01 2.926000E-02 1.057906E-02 4.463741E+00 7.765813E+00 
1.363106E-01 1.000000E-04 3.485957E-01 1.765801E-01 -1.942903E+00 5.659291E-01 -1.318560E-01 8.446684E-01 2.439312E-02 4.875520E-03 4.046898E+00 9.599790E+00 
1.509483E-01 1.378917E-02 3.423043E-01 1.714748E-01 -1.554172E+00 5.343183E-01 -8.989406E-02 1.092247E+00 3.059093E-02 2.639480E-03 4.213524E+00 8.870524E+00 
1.200209E-01 2.639608E-02 3.656888E-01 1.591454E-01 -1.312146E+00 5.934559E-01 -1.021274E-01 1.148825E+00 3.192804E-02 1.283904E-02 3.992140E+00 2.831625E+00 
1.095070E-01 1.327782E-02 3.461076E-01 1.638478E-01 -1.360834E+00 5.169086E-01 -9.653052E-02 9.634668E-01 2.915573E-02 5.334326E-03 3.818224E+00 7.762410E+00 
1.667913E-01 7.267257E-03 3.388559E-01 1.670231E-01 -1.479884E+00 6.000000E-01 -1.158630E-01 9.317651E-01 2.957458E-02 2.698934E-03 4.504845E+00 9.165941E+00 
1.464397E-01 1.581165E-02 3.645459E-01 1.698789E-01 -1.329867E+00 5.951058E-01 -1.112491E-01 9.068112E-01 2.807814E-02 5.358484E-03 4.493268E+00 7.278049E+00 
1.287164E-01 1.311691E-02 3.556882E-01 1.654580E-01 -1.320959E+00 5.478266E-01 -7.698604E-02 9.113040E-01 3.166340E-02 1.795756E-03 4.797875E+00 9.151879E+00 
1.206956E-01 1.090227E-02 3.877550E-01 1.630687E-01 -1.559196E+00 5.509274E-01 -7.371830E-02 9.517568E-01 2.834076E-02 2.844836E-03 3.984544E+00 1.035449E+01 
6.754757E-02 3.813022E-02 3.373515E-01 1.595176E-01 -1.079069E+00 4.551706E-01 -5.168538E-02 8.405066E-01 2.849532E-02 1.489153E-02 4.986537E+00 5.848371E+00 
1.380233E-01 3.699500E-03 3.412978E-01 1.617379E-01 -1.323408E+00 5.117843E-01 -9.455354E-02 9.455364E-01 2.770351E-02 7.974653E-03 3.878737E+00 9.111839E+00 
1.443953E-01 5.383480E-03 3.680012E-01 1.732118E-01 -1.610290E+00 5.100761E-01 -5.494405E-02 9.390545E-01 3.223720E-02 2.439445E-03 5.870888E+00 9.402175E+00 
1.569131E-01 1.084899E-02 3.582858E-01 1.718877E-01 -1.439007E+00 5.837435E-01 -1.475032E-01 9.722263E-01 2.925026E-02 4.580171E-03 4.152941E+00 1.057134E+01 
1.378122E-01 4.527477E-03 3.663798E-01 1.708797E-01 -1.466915E+00 5.818719E-01 -1.073617E-01 8.942939E-01 2.905358E-02 2.937512E-03 4.123836E+00 9.377895E+00 
9.771569E-02 3.254794E-02 3.651158E-01 1.540545E-01 -1.408583E+00 3.351276E-01 -2.112307E-02 1.008603E+00 3.087681E-02 8.998163E-03 3.928834E+00 1.004445E+01 
1.710001E-01 1.360020E-02 3.886900E-01 1.720162E-01 -1.423389E+00 5.780309E-01 -1.532871E-01 9.987579E-01 2.276188E-02 7.452921E-03 4.615859E+00 6.816364E+00 
1.439053E-01 2.659750E-02 3.603530E-01 1.780244E-01 -1.488171E+00 5.917755E-01 -1.054859E-01 8.447030E-01 2.735538E-02 2.779842E-03 4.145369E+00 7.387699E+00 
1.705529E-01 1.320891E-02 3.656880E-01 1.748103E-01 -1.409920E+00 5.326044E-01 -1.025782E-01 9.006185E-01 3.052429E-02 3.954316E-03 3.759890E+00 9.899444E+00 
1.554125E-01 1.492956E-02 3.778435E-01 1.716712E-01 -1.535560E+00 5.760261E-01 -3.159449E-02 9.063987E-01 3.410794E-02 3.655459E-03 4.106273E+00 9.605534E+00 
1.451697E-01 3.335891E-02 3.867079E-01 1.672630E-01 -1.395906E+00 5.996413E-01 -1.362632E-01 9.600481E-01 2.688854E-02 2.220619E-03 5.189604E+00 8.429233E+00 
1.607875E-01 1.031501E-02 4.067831E-01 1.740010E-01 -1.332611E+00 5.562607E-01 -7.881182E-02 9.197300E-01 2.801599E-02 1.762226E-03 3.964581E+00 9.812698E+00 
1.345792E-01 1.844670E-03 3.386598E-01 1.736891E-01 -1.517243E+00 3.839395E-01 -7.912053E-02 7.272006E-01 3.142930E-02 4.918792E-03 4.282414E+00 1.077765E+01 
1.404247E-01 4.456074E-03 3.529989E-01 1.762100E-01 -1.435323E+00 6.000000E-01 -8.907724E-02 9.461322E-01 2.858570E-02 2.056900E-03 4.864226E+00 9.359906E+00 
1.339670E-01 1.008712E-02 3.268769E-01 1.655608E-01 -1.516054E+00 5.072469E-01 -7.354142E-02 9.247989E-01 2.228445E-02 1.096171E-03 3.970582E+00 1.014947E+01 
1.598208E-01 1.114467E-02 3.992903E-01 1.703034E-01 -1.349326E+00 6.000000E-01 -7.044361E-02 9.568704E-01 2.798920E-02 9.810989E-04 4.671564E+00 9.048117E+00 
3.585987E-02 3.275858E-02 3.774668E-01 1.426871E-01 -1.450111E+00 4.401476E-01 -7.479668E-02 9.099661E-01 3.433135E-02 4.264634E-03 3.670360E+00 1.281995E+01 
1.691813E-01 4.124990E-02 3.522904E-01 1.833861E-01 -1.238609E+00 5.289733E-01 -8.303027E-02 9.755759E-01 3.920806E-02 4.954790E-03 3.747820E+00 3.486835E+00 
1.523448E-01 2.340230E-02 3.449945E-01 1.647826E-01 -1.453842E+00 5.835575E-01 -1.469987E-01 8.557875E-01 2.395254E-02 2.667036E-03 4.124343E+00 9.024696E+00 
1.704673E-01 1.242176E-02 3.694441E-01 1.706449E-01 -1.491410E+00 5.045540E-01 -1.305054E-01 9.142968E-01 2.535679E-02 1.908674E-03 4.699568E+00 9.581895E+00 
1.519188E-01 2.290286E-03 3.538149E-01 1.699242E-01 -1.459203E+00 5.853215E-01 -1.102242E-01 8.649411E-01 2.808699E-02 4.459754E-03 4.136741E+00 8.360452E+00 
8.275293E-02 7.244589E-03 3.307141E-01 1.664968E-01 -1.521927E+00 5.231521E-01 -9.290057E-02 1.003609E+00 3.366496E-02 1.564787E-02 4.136343E+00 9.006969E+00 
1.678741E-01 9.639475E-03 3.627557E-01 1.611744E-01 -1.359020E+00 5.776448E-01 -1.627212E-01 8.479629E-01 2.903165E-02 1.476984E-03 4.674974E+00 7.661389E+00 
1.309164E-01 2.267813E-02 3.555930E-01 1.623169E-01 -1.366769E+00 5.062941E-01 -6.677796E-02 1.111351E+00 2.414894E-02 1.015243E-03 4.705366E+00 9.239476E+00 
1.610183E-01 9.382640E-03 3.543147E-01 1.640313E-01 -1.523702E+00 4.844926E-01 -1.160928E-01 1.030736E+00 3.000498E-02 3.915689E-03 3.894179E+00 8.188431E+00 
9.325538E-02 2.648440E-02 3.735490E-01 1.725589E-01 -1.422483E+00 5.873079E-01 -2.000000E-01 1.056499E+00 2.606472E-02 6.006301E-03 4.279398E+00 7.749828E+00 
4.599302E-02 6.079636E-02 2.877603E-01 1.308488E-01 -1.287268E+00 3.960264E-01 -4.249484E-02 9.645682E-01 2.549838E-02 6.329743E-03 4.372589E+00 8.804730E+00 
1.466258E-01 2.808205E-03 3.696030E-01 1.653865E-01 -1.433290E+00 5.705618E-01 -4.561928E-02 9.755651E-01 2.363962E-02 3.429953E-03 4.867438E+00 9.724133E+00 
1.065424E-01 3.989144E-02 3.295778E-01 1.444633E-01 -1.275420E+00 4.695495E-01 -1.027029E-01 8.466169E-01 2.847083E-02 3.647406E-03 3.164660E+00 1.151029E+01 
1.567611E-01 1.156334E-02 3.593006E-01 1.734070E-01 -1.539194E+00 5.224968E-01 -1.388974E-02 9.929223E-01 2.669211E-02 0.000000E+00 4.115127E+00 9.710208E+00 
1.365574E-01 3.349965E-02 3.635137E-01 1.705268E-01 -1.457362E+00 5.934858E-01 -1.520987E-01 8.630277E-01 3.067937E-02 7.028951E-03 3.780893E+00 7.808771E+00 
1.513168E-01 5.061456E-03 3.422874E-01 1.730105E-01 -1.468902E+00 5.953562E-01 -1.427135E-01 9.954731E-01 3.200248E-02 3.148923E-03 4.917889E+00 9.796725E+00 
1.373567E-01 2.072396E-02 3.692332E-01 1.686171E-01 -1.844929E+00 5.577745E-01 -1.307391E-01 9.797933E-01 2.747182E-02 6.378444E-03 3.712322E+00 9.219686E+00 
2.000000E-01 7.255972E-03 3.254289E-01 1.742531E-01 -1.375284E+00 5.400262E-01 -1.194213E-01 1.720241E+00 2.730161E-02 4.648923E-04 4.164696E+00 7.893324E+00 
1.593920E-01 8.823428E-03 3.651273E-01 1.629648E-01 -1.430079E+00 5.798587E-01 -6.388939E-02 8.720571E-01 2.729890E-02 3.856736E-03 4.601606E+00 9.347787E+00 
1.610878E-01 1.161570E-02 3.574397E-01 1.675386E-01 -1.336895E+00 5.905751E-01 -1.299553E-01 9.072277E-01 2.835206E-02 1.437756E-03 4.171181E+00 9.129146E+00 
8.319863E-02 6.725635E-02 3.371071E-01 1.680009E-01 -1.359262E+00 4.077298E-01 -3.745986E-02 9.908051E-01 2.663920E-02 1.517865E-02 4.494953E+00 9.763284E+00 
1.761090E-01 1.134306E-02 3.519936E-01 1.592930E-01 -1.333974E+00 5.516973E-01 -7.786016E-02 1.013646E+00 3.179207E-02 1.107384E-02 4.096901E+00 8.936768E+00 
5.874509E-02 2.191212E-02 3.512026E-01 1.742862E-01 -1.554266E+00 4.636047E-01 -6.363813E-02 9.863983E-01 2.463710E-02 5.045611E-03 4.803145E+00 4.762019E+00 
5.778938E-02 5.180177E-02 3.437508E-01 1.660826E-01 -1.262156E+00 4.619907E-01 -8.015604E-02 8.710869E-01 3.239727E-02 4.571790E-03 4.637810E+00 9.822319E+00 
1.000000E-04 4.927383E-02 3.854909E-01 1.484016E-01 -1.242726E+00 2.545692E-01 -1.943099E-02 9.326820E-01 3.251356E-02 2.583409E-02 4.252238E+00 6.160965E+00 
1.384521E-01 2.308507E-03 3.567206E-01 1.713033E-01 -1.514522E+00 5.964346E-01 -4.293620E-02 9.740166E-01 2.928403E-02 6.102718E-04 4.342990E+00 1.220457E+01 
1.622337E-01 1.062158E-02 3.638207E-01 1.688829E-01 -1.718746E+00 5.525987E-01 -8.205409E-02 9.538732E-01 2.824135E-02 3.385383E-03 3.927801E+00 8.314900E+00 
1.188607E-01 3.498998E-02 4.217998E-01 1.575895E-01 -1.254875E+00 3.927731E-01 -4.741885E-02 9.604731E-01 2.756125E-02 1.178692E-02 4.210090E+00 8.342464E+00 
4.999346E-02 2.548213E-02 3.797093E-01 1.716995E-01 -1.253854E+00 4.315507E-01 -1.166661E-01 1.070624E+00 2.265530E-02 2.137710E-02 4.770331E+00 7.486044E+00 
1.624531E-01 1.701156E-02 3.743618E-01 1.821121E-01 -1.648788E+00 6.000000E-01 -1.020450E-01 9.795703E-01 2.944399E-02 2.622915E-03 3.150668E+00 8.356387E+00 
1.382723E-01 2.064609E-02 4.161705E-01 1.706505E-01 -1.345028E+00 5.521221E-01 -5.975880E-02 9.805805E-01 2.933027E-02 2.781961E-03 4.945795E+00 8.488756E+00 
1.638048E-01 1.006127E-02 3.663510E-01 1.614735E-01 -1.310935E+00 6.000000E-01 -1.358295E-01 1.025731E+00 3.001125E-02 3.688251E-03 4.201704E+00 8.250743E+00 
1.576363E-01 8.226938E-03 3.274588E-01 1.634571E-01 -1.452239E+00 5.723205E-01 -8.129757E-02 8.723857E-01 2.945923E-02 2.589808E-03 4.061839E+00 7.233482E+00 
1.783669E-01 1.417678E-02 3.857055E-01 1.714140E-01 -1.564733E+00 5.965261E-01 -1.195700E-01 9.796995E-01 3.029598E-02 1.065258E-03 4.495731E+00 7.831428E+00 
1.634054E-01 1.450485E-02 3.612463E-01 1.673726E-01 -1.290447E+00 5.945382E-01 -1.541420E-01 8.470513E-01 2.918987E-02 5.397229E-03 3.752062E+00 1.045307E+01 
1.579313E-01 6.807869E-03 3.500680E-01 1.646836E-01 -1.321246E+00 5.787067E-01 -1.624359E-01 9.610309E-01 2.902526E-02 2.301921E-03 5.289116E+00 1.119887E+01 
9.365926E-02 7.130781E-02 3.558058E-01 1.579203E-01 -6.970273E-01 5.336573E-01 -1.161477E-01 8.249504E-01 2.768637E-02 1.149439E-02 4.682108E+00 6.228805E+00 
1.466075E-01 1.100824E-02 3.502423E-01 1.637619E-01 -1.372361E+00 5.825494E-01 -9.196264E-02 9.816048E-01 3.024491E-02 3.161428E-03 4.604422E+00 9.323113E+00 
1.451614E-01 1.112462E-02 3.453583E-01 1.650732E-01 -1.250949E+00 5.752803E-01 -1.149086E-01 8.926039E-01 2.479890E-02 3.135081E-03 4.161421E+00 8.981054E+00 
1.541831E-01 6.305576E-03 3.505958E-01 1.743357E-01 -1.377207E+00 4.974545E-01 -7.786174E-02 8.990983E-01 2.892469E-02 2.513807E-03 4.416655E+00 9.602925E+00 
1.181392E-01 1.634139E-02 3.601615E-01 1.653837E-01 -1.060641E+00 2.557471E-01 -9.379614E-02 1.041376E+00 3.727119E-02 9.060733E-03 3.687722E+00 9.017742E+00 
7.510467E-02 3.179840E-02 3.044097E-01 1.588539E-01 -1.403796E+00 4.572396E-01 -7.116723E-02 1.001184E+00 3.235593E-02 2.592572E-03 3.310443E+00 1.220579E+01 
1.007633E-01 1.069871E-02 3.661542E-01 1.650770E-01 -1.325827E+00 5.350307E-01 -7.250542E-02 9.685444E-01 2.357145E-02 4.092521E-03 3.836303E+00 1.006762E+01 
1.349211E-01 3.463977E-02 3.692930E-01 1.546408E-01 -1.243669E+00 5.762377E-01 -9.493129E-02 9.331636E-01 2.771547E-02 4.692752E-03 4.267322E+00 1.056678E+01 
9.777890E-02 1.397991E-02 2.962799E-01 1.678660E-01 -1.764922E+00 4.596777E-01 -3.378758E-02 1.133901E+00 2.936409E-02 5.863280E-03 4.507216E+00 9.416402E+00 
1.315705E-01 2.946960E-03 3.549543E-01 1.778721E-01 -1.302936E+00 5.982832E-01 -9.484855E-02 8.477086E-01 2.775983E-02 5.523126E-03 4.388311E+00 1.069501E+01 
1.012354E-01 1.058399E-02 3.505446E-01 1.429440E-01 -1.401737E+00 4.226381E-01 -1.240242E-01 9.444173E-01 2.913146E-02 5.146000E-03 3.355784E+00 1.100664E+01 
1.705370E-01 8.615486E-03 3.683555E-01 1.779641E-01 -1.388400E+00 5.771792E-01 -1.255439E-01 9.045585E-01 2.787852E-02 1.936061E-03 4.432288E+00 8.566832E+00 
7.468854E-02 2.400611E-02 3.634026E-01 1.701421E-01 -1.339438E+00 5.701677E-01 -8.898924E-02 8.080021E-01 3.074623E-02 3.739795E-03 4.841855E+00 9.267961E+00 
1.568187E-01 1.438108E-02 3.856498E-01 1.669522E-01 -1.895125E+00 5.899419E-01 -1.147991E-01 9.006486E-01 2.884716E-02 2.020359E-03 3.568305E+00 8.664029E+00 
1.658278E-01 2.128072E-02 3.399614E-01 1.739295E-01 -1.337790E+00 5.571962E-01 -1.223119E-01 9.484164E-01 2.807244E-02 5.092681E-04 5.308160E+00 1.193673E+01 
1.348997E-01 2.244698E-02 3.594864E-01 1.584934E-01 -1.373131E+00 5.360901E-01 -9.854389E-02 9.318554E-01 3.082902E-02 2.505352E-03 3.658574E+00 7.913320E+00 
7.429810E-02 4.048474E-02 3.335633E-01 1.415398E-01 -1.326617E+00 4.724412E-01 -7.448116E-02 8.498845E-01 2.801783E-02 5.620967E-03 3.176020E+00 8.798534E+00 
1.309479E-01 5.650657E-03 3.701899E-01 1.585115E-01 -1.635427E+00 4.982560E-01 -9.543362E-02 8.990556E-01 3.204352E-02 3.390079E-03 4.228368E+00 7.949109E+00 
1.600107E-01 1.267363E-02 3.713842E-01 1.566525E-01 -1.483549E+00 4.964446E-01 -8.502414E-02 6.299857E-01 2.947260E-02 2.980054E-03 4.524608E+00 9.020561E+00 
1.241289E-01 1.635470E-02 2.801436E-01 1.635467E-01 -1.364981E+00 5.961612E-01 -1.118087E-01 9.067506E-01 3.577829E-02 9.807226E-03 3.924759E+00 9.139559E+00 
7.403344E-02 3.918517E-02 3.175290E-01 1.506288E-01 -1.419347E+00 4.780573E-01 -4.436268E-02 8.919738E-01 3.318756E-02 4.703792E-04 3.425929E+00 9.823051E+00 
1.556261E-01 9.218051E-04 3.661779E-01 1.726743E-01 -1.568734E+00 5.499121E-01 -8.955047E-02 9.384482E-01 3.108789E-02 3.475287E-03 5.249011E+00 1.015641E+01 
1.253180E-01 2.581488E-02 3.362486E-01 1.693753E-01 -1.210558E+00 4.179215E-01 -7.365318E-02 9.455842E-01 2.255250E-02 5.274833E-03 4.153868E+00 7.531361E+00 
1.615163E-01 7.188666E-03 3.949934E-01 1.693394E-01 -1.174740E+00 4.401176E-01 -7.610019E-02 9.154346E-01 3.102535E-02 1.374857E-02 3.854743E+00 9.177129E+00 
9.322821E-02 8.395106E-02 3.421241E-01 1.674269E-01 -1.186615E+00 4.937726E-01 -4.984200E-02 9.707919E-01 3.219252E-02 1.824587E-02 4.945510E+00 1.015622E+01 
1.475766E-01 4.269257E-02 3.748244E-01 1.567743E-01 -1.206935E+00 3.602993E-01 -9.622598E-02 1.094910E+00 3.469162E-02 1.045014E-02 3.558445E+00 9.992328E+00 
1.564238E-01 4.103910E-03 3.621293E-01 1.692034E-01 -1.195129E+00 4.017260E-01 -4.843964E-02 8.856321E-01 3.009527E-02 4.506726E-03 3.952138E+00 9.166811E+00 
1.945256E-01 1.413819E-02 3.605776E-01 1.719496E-01 -1.394808E+00 5.716740E-01 -8.950236E-02 8.820696E-01 2.721099E-02 0.000000E+00 4.579703E+00 8.622589E+00 
1.646414E-01 7.863875E-03 3.577626E-01 1.659897E-01 -1.569677E+00 5.857317E-01 -1.011743E-01 8.497820E-01 3.329782E-02 4.370136E-04 4.448713E+00 1.124637E+01 
1.508206E-01 9.852868E-03 3.562722E-01 1.692689E-01 -1.518815E+00 4.800880E-01 -1.026198E-01 9.354376E-01 2.747760E-02 2.546414E-03 3.868895E+00 1.029794E+01 
1.482279E-01 8.280825E-03 3.514564E-01 1.675981E-01 -1.430084E+00 5.669657E-01 -8.819100E-02 8.864214E-01 2.832583E-02 2.827817E-03 4.410694E+00 9.703205E+00 
1.002762E-01 1.341545E-02 3.503005E-01 1.580969E-01 -1.346118E+00 4.024591E-01 -5.690063E-02 8.881630E-01 2.867518E-02 8.300326E-03 5.023954E+00 1.135659E+01 
1.516616E-01 1.803361E-02 3.895150E-01 1.687663E-01 -1.481284E+00 5.503628E-01 -3.119667E-02 1.014251E+00 2.737682E-02 2.859906E-03 3.496328E+00 7.389035E+00 
1.437794E-01 1.614302E-02 3.418830E-01 1.800366E-01 -1.596674E+00 4.628808E-01 -9.538874E-02 8.405297E-01 2.860212E-02 0.000000E+00 3.750214E+00 1.060841E+01 
1.880412E-01 7.077829E-03 3.453571E-01 1.681654E-01 -1.502733E+00 6.000000E-01 -8.476530E-02 7.728257E-01 2.810300E-02 3.104056E-05 4.682527E+00 1.110266E+01 
1.718434E-01 5.577793E-03 3.687472E-01 1.660740E-01 -1.185530E+00 5.637729E-01 -9.786687E-02 8.353767E-01 2.858769E-02 1.660161E-03 3.684670E+00 9.542726E+00 
1.453901E-01 2.693076E-02 3.510599E-01 1.669744E-01 -1.143398E+00 4.201713E-01 -6.468346E-02 9.147073E-01 3.581388E-02 9.032363E-03 4.670494E+00 1.133614E+01 
1.638996E-01 7.441578E-03 3.593735E-01 1.692984E-01 -1.501613E+00 5.286708E-01 -1.481007E-01 1.061848E+00 2.822333E-02 1.009722E-03 4.701854E+00 7.877491E+00 
1.683149E-01 6.154660E-03 3.577244E-01 1.620879E-01 -1.263121E+00 5.927531E-01 -8.527326E-02 8.466083E-01 3.024662E-02 3.565313E-03 3.995870E+00 8.350951E+00 
1.513337E-01 8.237855E-03 3.536120E-01 1.669015E-01 -1.405965E+00 5.317697E-01 -8.008008E-02 8.731650E-01 2.961423E-02 3.195852E-03 4.232386E+00 1.028565E+01 
1.448769E-01 2.007444E-02 3.823028E-01 1.627507E-01 -1.456586E+00 4.436788E-01 -1.260608E-01 9.452761E-01 2.990124E-02 9.150599E-03 5.063151E+00 4.572413E+00 
8.803539E-02 1.527268E-02 3.651678E-01 1.552167E-01 -1.405483E+00 5.893501E-01 -9.359800E-02 9.251391E-01 2.844655E-02 4.923730E-03 4.626034E+00 8.524172E+00 
1.690549E-01 1.164553E-02 3.651983E-01 1.734478E-01 -1.383110E+00 5.919586E-01 -1.274890E-01 9.441778E-01 2.939462E-02 5.433229E-03 3.927195E+00 9.122074E+00 
1.694526E-01 1.889809E-02 3.703352E-01 1.478696E-01 -1.534944E+00 5.321793E-01 -1.211984E-01 9.224226E-01 2.867811E-02 3.577656E-03 6.425848E+00 8.972156E+00 
1.552514E-01 7.111122E-03 3.296350E-01 1.768744E-01 -1.381252E+00 5.107253E-01 -9.142629E-02 9.597352E-01 3.030964E-02 3.628306E-03 3.884565E+00 1.073610E+01 
1.549923E-01 7.377213E-03 3.697834E-01 1.683677E-01 -1.291462E+00 5.969727E-01 -1.143120E-01 9.227875E-01 2.862423E-02 3.266732E-03 5.177824E+00 9.585022E+00 
1.630230E-01 7.603767E-03 3.662392E-01 1.665780E-01 -1.510833E+00 5.512007E-01 -1.481690E-01 8.840002E-01 3.108506E-02 1.943111E-03 4.003337E+00 8.652289E+00 
1.735690E-01 1.054984E-02 3.606418E-01 1.680449E-01 -1.509445E+00 5.927214E-01 -8.491753E-02 9.258735E-01 2.520381E-02 2.279081E-03 4.713339E+00 8.005948E+00 
1.507909E-01 1.290241E-02 3.387812E-01 1.656346E-01 -1.579550E+00 5.868095E-01 -5.859455E-02 9.990799E-01 2.986497E-02 2.131464E-03 4.182981E+00 1.019391E+01 
9.816105E-02 2.635943E-02 3.454250E-01 1.422844E-01 -1.234645E+00 5.288349E-01 -9.233217E-02 1.017637E+00 3.219041E-02 1.070710E-02 4.821438E+00 6.933306E+00 
1.689841E-01 1.301706E-02 3.599976E-01 1.891507E-01 -1.191021E+00 6.000000E-01 -1.345059E-01 9.646530E-01 2.484151E-02 3.184413E-03 4.546719E+00 7.031783E+00 
1.250230E-01 4.582457E-02 3.603983E-01 1.418336E-01 -1.440623E+00 5.413934E-01 -1.090936E-01 9.217012E-01 3.129937E-02 7.534576E-03 4.755387E+00 8.518421E+00 
1.608132E-01 1.233523E-02 3.288578E-01 1.683596E-01 -1.595526E+00 5.610761E-01 -1.038097E-01 9.222203E-01 2.920887E-02 2.152070E-03 4.421337E+00 9.656640E+00 
1.493464E-01 5.933162E-03 3.571772E-01 1.655016E-01 -1.620333E+00 5.382592E-01 -4.664322E-02 8.177092E-01 2.832104E-02 4.173669E-04 4.173606E+00 1.165182E+01 
1.739057E-01 1.851860E-02 3.668222E-01 1.710065E-01 -1.517000E+00 5.801552E-01 -1.374739E-01 8.750128E-01 2.981942E-02 5.441900E-03 4.357504E+00 9.072048E+00 
8.576873E-02 3.272052E-02 3.454521E-01 1.432668E-01 -1.263976E+00 4.739221E-01 -6.830717E-02 9.125343E-01 3.128911E-02 1.015182E-02 2.991065E+00 8.283672E+00 
8.531790E-02 1.580892E-02 3.652685E-01 1.623609E-01 -1.358844E+00 5.639353E-01 -6.388214E-02 9.645170E-01 3.029454E-02 2.325970E-03 4.407078E+00 9.380509E+00 
1.435797E-01 1.000000E-04 3.685888E-01 1.694018E-01 -1.411685E+00 5.869120E-01 -9.969920E-02 9.064881E-01 3.022146E-02 1.776618E-03 4.213616E+00 9.139478E+00 
1.525227E-01 1.366106E-02 3.729263E-01 1.713286E-01 -1.202332E+00 5.537778E-01 -7.968769E-02 9.836166E-01 2.978839E-02 4.234094E-03 4.071541E+00 9.057032E+00 
1.230803E-01 4.117820E-02 3.733501E-01 1.567653E-01 -1.008956E+00 5.738665E-01 -1.236529E-01 8.397109E-01 3.373998E-02 3.959362E-02 6.177131E+00 5.356457E+00 
1.717803E-01 1.121678E-02 3.778753E-01 1.688831E-01 -1.337027E+00 5.552442E-01 -1.718516E-01 8.766107E-01 2.681427E-02 5.325044E-03 4.496647E+00 8.130616E+00 
1.696296E-01 1.193574E-02 3.609996E-01 1.764049E-01 -1.350135E+00 5.881169E-01 -6.978417E-02 9.164975E-01 2.960224E-02 7.486099E-03 4.618677E+00 9.350671E+00 
3.804963E-02 8.833636E-03 3.416917E-01 1.454038E-01 -8.382525E-01 3.063763E-01 -3.576907E-02 7.800667E-01 2.908300E-02 1.710123E-02 3.244892E+00 7.435206E+00 
1.463419E-01 9.879296E-03 3.667114E-01 1.663383E-01 -9.015950E-01 5.568231E-01 -8.253289E-02 9.601111E-01 3.028818E-02 1.715551E-03 5.873856E+00 1.035232E+01 
1.417115E-01 8.730730E-03 3.549945E-01 1.725495E-01 -1.538454E+00 5.190476E-01 -5.011424E-02 9.015128E-01 2.951137E-02 4.192936E-03 3.707347E+00 8.205568E+00 
1.417710E-01 3.032263E-02 3.365453E-01 1.708362E-01 -1.442879E+00 5.802065E-01 -1.226594E-01 9.687962E-01 3.237625E-02 1.197973E-03 4.299605E+00 7.445399E+00 
1.532634E-01 2.293827E-02 3.495781E-01 1.639000E-01 -1.395941E+00 5.004014E-01 -1.237778E-01 9.517805E-01 2.944152E-02 7.703709E-03 3.437133E+00 7.828062E+00 
1.450831E-01 8.777217E-03 3.545535E-01 1.635723E-01 -1.472181E+00 5.513414E-01 -1.454194E-01 8.456138E-01 3.014716E-02 4.229771E-03 3.222494E+00 1.003188E+01 
1.614042E-01 6.139689E-03 3.480862E-01 1.620838E-01 -1.257257E+00 5.316320E-01 -1.162744E-01 9.429045E-01 2.874734E-02 5.169018E-03 4.730085E+00 1.216311E+01 
1.616908E-01 3.598656E-02 3.784863E-01 1.782576E-01 -1.311288E+00 5.554739E-01 -9.680691E-02 1.019239E+00 3.507064E-02 7.745129E-03 4.327481E+00 1.007227E+01 
1.157096E-01 2.933909E-02 3.746594E-01 1.665777E-01 -1.584949E+00 5.671164E-01 -1.000000E-02 8.114341E-01 3.499620E-02 4.749640E-03 3.931769E+00 9.237951E+00 
1.394477E-01 9.708248E-03 3.378136E-01 1.661019E-01 -1.634255E+00 4.730417E-01 -6.657881E-02 9.350434E-01 3.457488E-02 1.977507E-03 3.184570E+00 1.164815E+01 
1.389838E-01 3.485613E-02 3.807181E-01 1.646026E-01 -1.207616E+00 5.863529E-01 -1.498217E-01 9.930871E-01 3.093677E-02 9.713244E-04 4.526587E+00 9.252043E+00 
4.588482E-03 6.159639E-02 3.998512E-01 1.478714E-01 -9.028423E-01 5.311821E-01 -1.308702E-01 7.957367E-01 3.360450E-02 2.288583E-02 6.985092E+00 4.746633E+00 
1.054005E-01 3.658237E-02 3.665440E-01 1.683981E-01 -1.289173E+00 4.823355E-01 -5.483749E-02 9.830856E-01 3.000760E-02 6.412199E-03 5.743162E+00 1.153152E+01 
1.658658E-01 1.706683E-02 3.679053E-01 1.666471E-01 -1.359277E+00 5.565723E-01 -1.007260E-01 9.019693E-01 3.081097E-02 4.873587E-03 4.756264E+00 1.010286E+01 
1.592577E-01 1.082279E-02 3.670310E-01 1.697073E-01 -1.570520E+00 5.624024E-01 -1.306892E-01 9.159874E-01 2.867651E-02 4.008205E-03 4.106270E+00 8.763148E+00 
1.623547E-01 1.509833E-02 3.608050E-01 1.735126E-01 -1.544524E+00 5.355792E-01 -1.762621E-02 1.003871E+00 3.392102E-02 2.638351E-03 4.138714E+00 8.808072E+00 
1.551333E-01 1.627462E-02 3.654274E-01 1.636319E-01 -1.615055E+00 4.411713E-01 -1.077752E-01 9.119351E-01 3.069859E-02 1.135654E-02 3.361532E+00 9.036183E+00 
8.975844E-02 4.309853E-02 4.043419E-01 1.624687E-01 -1.153549E+00 5.742925E-01 -1.264694E-01 7.336005E-01 3.122881E-02 1.070979E-02 5.708096E+00 7.597008E+00 
1.583071E-01 8.268378E-03 3.668636E-01 1.603829E-01 -1.339467E+00 5.603375E-01 -1.827459E-01 9.868814E-01 2.350128E-02 2.233866E-03 4.360599E+00 7.165802E+00 
1.464414E-01 1.546845E-02 3.438992E-01 1.636938E-01 -1.508468E+00 5.827860E-01 -8.471225E-02 9.679609E-01 3.057888E-02 7.973534E-03 4.225774E+00 9.873296E+00 
6.031595E-02 2.981772E-02 3.070288E-01 1.623104E-01 -8.880610E-01 5.247757E-01 -9.276712E-02 8.836864E-01 2.519657E-02 1.150288E-02 5.072735E+00 2.469784E+00 
1.782868E-01 3.345615E-03 3.751932E-01 1.665025E-01 -1.507756E+00 5.894004E-01 -1.476009E-01 9.841265E-01 2.928451E-02 9.973358E-03 4.875274E+00 1.075736E+01 
1.488561E-01 2.105651E-02 3.619537E-01 1.654704E-01 -1.595169E+00 5.598922E-01 -5.844819E-02 1.011453E+00 2.831640E-02 6.034500E-03 4.935770E+00 7.368447E+00 
1.038806E-01 3.652252E-02 3.505581E-01 1.717898E-01 -1.466632E+00 5.169105E-01 -4.355465E-02 1.029290E+00 2.483699E-02 5.252957E-03 4.553650E+00 8.875381E+00 
1.565453E-01 6.004833E-04 3.621247E-01 1.659209E-01 -1.368135E+00 5.895252E-01 -1.284950E-01 8.623308E-01 3.079521E-02 3.009357E-03 4.608976E+00 9.800972E+00 
1.585354E-01 3.001012E-02 4.060803E-01 1.609681E-01 -1.412776E+00 3.653209E-01 -5.275144E-02 9.956938E-01 3.361172E-02 6.930012E-03 4.462511E+00 9.381023E+00 
1.449328E-01 6.977976E-03 3.686243E-01 1.682278E-01 -1.688399E+00 5.974319E-01 -1.037471E-01 8.548363E-01 3.164899E-02 5.239976E-03 5.200057E+00 8.043673E+00 
1.381401E-01 1.553780E-02 3.713431E-01 1.622282E-01 -1.499620E+00 5.229462E-01 -7.896660E-02 1.020509E+00 2.461729E-02 6.200901E-03 4.138211E+00 9.276210E+00 
1.613264E-01 7.619981E-03 3.651780E-01 1.695288E-01 -1.456281E+00 5.531947E-01 -1.368496E-01 1.007151E+00 2.888936E-02 6.495811E-03 4.412820E+00 9.957844E+00 
1.455604E-01 5.868741E-03 3.478054E-01 1.649177E-01 -1.415224E+00 5.122494E-01 -7.170305E-02 9.592594E-01 2.802895E-02 1.282901E-03 4.739171E+00 9.399881E+00 
1.375449E-01 2.069700E-02 4.043707E-01 1.706876E-01 -1.406849E+00 5.898531E-01 -8.485468E-02 9.572188E-01 2.866988E-02 5.493959E-03 5.289909E+00 5.020337E+00 
1.109235E-01 1.903520E-02 3.176948E-01 1.736379E-01 -1.380650E+00 5.223661E-01 -8.129794E-02 9.349480E-01 2.859907E-02 6.945511E-03 4.179772E+00 1.003355E+01 
1.390054E-01 3.597922E-03 3.739494E-01 1.732197E-01 -1.436310E+00 5.818805E-01 -1.080677E-01 8.027633E-01 2.874997E-02 3.753104E-03 4.393943E+00 8.602448E+00 
1.357673E-01 7.317416E-03 3.624413E-01 1.717823E-01 -1.425489E+00 4.696922E-01 -1.477331E-01 1.040210E+00 3.136177E-02 5.921049E-03 4.071800E+00 1.046717E+01 
1.399232E-01 9.018517E-02 3.529159E-01 1.436635E-01 -1.175332E+00 4.084714E-01 -9.297357E-02 9.644068E-01 3.196390E-02 4.251613E-03 4.650790E+00 1.353624E+01 
1.800081E-01 5.434950E-04 3.745261E-01 1.750692E-01 -1.370217E+00 5.771718E-01 -1.449766E-01 8.780830E-01 2.907755E-02 3.447085E-03 4.494005E+00 8.320744E+00 
1.783547E-01 4.279936E-03 3.716648E-01 1.566087E-01 -1.500817E+00 5.705141E-01 -9.333970E-02 8.027874E-01 3.138312E-02 0.000000E+00 4.362706E+00 1.109591E+01 
1.840137E-01 1.607247E-02 3.621443E-01 1.785515E-01 -1.443934E+00 5.700425E-01 -1.369132E-01 9.417969E-01 2.528909E-02 5.567381E-03 4.790687E+00 7.915268E+00 
1.700500E-01 5.929985E-03 3.700049E-01 1.664249E-01 -1.612040E+00 5.603429E-01 -1.290786E-01 9.117776E-01 3.254561E-02 1.184289E-03 2.583161E+00 9.130213E+00 
1.777000E-01 1.691439E-02 3.624927E-01 1.732775E-01 -1.612357E+00 5.831237E-01 -9.618649E-02 9.550078E-01 2.926546E-02 3.648485E-03 4.084259E+00 8.262343E+00 
1.259655E-01 3.165630E-02 3.636773E-01 1.622701E-01 -1.234067E+00 4.687190E-01 -4.032238E-02 9.901336E-01 2.862336E-02 1.914790E-03 4.099219E+00 1.021320E+01 
1.436845E-01 1.387746E-02 4.175457E-01 1.626205E-01 -1.431864E+00 5.991427E-01 -1.157432E-01 7.267084E-01 2.911802E-02 1.259689E-03 3.873991E+00 9.089417E+00 
1.253328E-01 9.216753E-03 3.431379E-01 1.608924E-01 -1.610872E+00 2.872796E-01 -8.503295E-02 9.682155E-01 3.180343E-02 4.506974E-03 4.181045E+00 1.152531E+01 
1.619571E-01 8.054952E-03 3.669637E-01 1.729655E-01 -1.531177E+00 5.900224E-01 -1.022809E-01 1.010274E+00 2.744802E-02 2.384549E-03 4.209271E+00 7.472978E+00 
1.519363E-01 1.049913E-02 3.213292E-01 1.782282E-01 -1.373905E+00 6.000000E-01 -1.498697E-01 9.476392E-01 2.970347E-02 2.660704E-03 4.633191E+00 8.926544E+00 
1.485913E-01 5.692313E-03 3.464216E-01 1.682554E-01 -1.253909E+00 5.982888E-01 -9.282768E-02 8.768818E-01 3.021786E-02 1.559321E-03 4.387613E+00 1.042938E+01 
1.182732E-01 1.226029E-02 3.842594E-01 1.635295E-01 -1.317289E+00 5.955370E-01 -1.113315E-01 9.286226E-01 2.807629E-02 6.250253E-03 3.576094E+00 8.327553E+00 
1.615470E-01 1.889807E-03 3.689798E-01 1.565637E-01 -1.380839E+00 5.265659E-01 -7.333262E-02 6.628230E-01 2.372865E-02 3.252941E-03 4.577281E+00 9.285109E+00 
1.285911E-01 1.963346E-02 3.561267E-01 1.535123E-01 -1.313889E+00 5.036248E-01 -7.999143E-02 9.095466E-01 3.910057E-02 1.181349E-02 4.568423E+00 8.329778E+00 
1.431557E-01 1.284327E-02 3.682578E-01 1.567236E-01 -1.454354E+00 5.358234E-01 -8.354527E-02 9.261838E-01 2.920022E-02 0.000000E+00 4.523224E+00 1.080514E+01 
1.509229E-01 8.373619E-03 3.599954E-01 1.632729E-01 -1.697009E+00 5.101325E-01 -5.209374E-02 8.319157E-01 2.974055E-02 3.425458E-03 3.443532E+00 9.778478E+00 
1.541944E-01 1.623543E-02 3.486244E-01 1.699965E-01 -1.167400E+00 5.993912E-01 -1.104932E-01 9.303642E-01 2.506118E-02 0.000000E+00 4.615485E+00 9.635441E+00 
1.622699E-01 1.765772E-02 3.472066E-01 1.528389E-01 -1.166302E+00 5.254326E-01 -1.061868E-01 8.547870E-01 2.517137E-02 3.992661E-03 4.945839E+00 8.006899E+00 
1.431050E-01 1.755722E-02 3.603266E-01 1.606360E-01 -1.503434E+00 5.559235E-01 -1.100208E-01 7.570443E-01 3.166826E-02 3.801261E-03 4.222662E+00 9.317487E+00 
1.511503E-01 1.282898E-02 3.569092E-01 1.660043E-01 -1.444777E+00 5.997997E-01 -7.565925E-02 8.438748E-01 3.233655E-02 3.793973E-03 4.045833E+00 9.811549E+00 
1.645847E-01 3.775303E-03 3.717590E-01 1.751780E-01 -1.537134E+00 4.732893E-01 -1.075659E-01 9.402756E-01 2.976657E-02 1.323525E-03 4.480422E+00 1.016682E+01 
1.661859E-01 4.377318E-03 3.741236E-01 1.689961E-01 -1.173079E+00 5.779416E-01 -1.166963E-01 9.277409E-01 2.937032E-02 4.917753E-04 3.183075E+00 7.018155E+00 
1.557799E-01 9.807271E-03 3.816478E-01 1.632651E-01 -1.486910E+00 5.603267E-01 -1.168760E-01 9.586175E-01 2.810498E-02 9.076724E-03 4.339618E+00 9.011731E+00 
1.278634E-01 3.477780E-02 3.561504E-01 1.694048E-01 -1.178979E+00 6.000000E-01 -8.164217E-02 1.113820E+00 2.978031E-02 3.152779E-03 3.843106E+00 1.094411E+01 
1.528586E-01 1.000000E-04 3.569442E-01 1.672392E-01 -1.397112E+00 4.704933E-01 -6.291301E-02 9.549258E-01 3.059367E-02 2.226019E-03 3.911354E+00 9.856109E+00 
1.276259E-01 1.219365E-04 3.748946E-01 1.633755E-01 -1.418066E+00 4.691772E-01 -1.213724E-01 1.059381E+00 3.176468E-02 3.972279E-03 4.805704E+00 9.005110E+00 
1.332777E-01 2.547913E-02 3.517483E-01 1.640393E-01 -1.338970E+00 5.700351E-01 -1.559172E-01 8.144642E-01 3.435089E-02 5.825769E-03 4.434915E+00 1.055484E+01 
1.510415E-01 1.709863E-02 3.746270E-01 1.675490E-01 -1.477527E+00 6.000000E-01 -7.036633E-02 1.074926E+00 2.626747E-02 4.560086E-03 4.991552E+00 7.837016E+00 
1.851992E-01 1.389005E-02 3.727983E-01 1.703260E-01 -1.362724E+00 5.928478E-01 -7.381250E-02 8.308987E-01 3.002932E-02 3.962445E-03 4.070632E+00 9.719104E+00 
9.979040E-02 3.452005E-02 3.623238E-01 1.786942E-01 -1.447340E+00 4.880347E-01 -1.142735E-01 1.251604E+00 3.171593E-02 1.699565E-02 3.760060E+00 1.133717E+01 
1.666689E-01 6.437168E-03 3.846156E-01 1.686449E-01 -1.486096E+00 6.000000E-01 -1.066060E-01 1.002277E+00 2.941442E-02 4.135845E-03 4.590208E+00 9.132794E+00 
1.342879E-01 5.879582E-02 3.329925E-01 1.676002E-01 -1.355660E+00 4.684137E-01 -1.148508E-01 9.907544E-01 2.223615E-02 6.063286E-03 4.264287E+00 7.794233E+00 
1.504282E-01 2.901601E-03 3.666818E-01 1.672959E-01 -1.459812E+00 6.000000E-01 -1.198906E-01 1.054918E+00 3.121624E-02 1.318851E-02 5.181622E+00 6.705028E+00 
1.519680E-01 6.654322E-03 3.612102E-01 1.684193E-01 -1.812093E+00 5.379704E-01 -3.776206E-02 9.631120E-01 2.964474E-02 6.951759E-03 3.457290E+00 1.006628E+01 
1.312131E-01 8.697575E-03 3.448376E-01 1.725523E-01 -1.493937E+00 5.821759E-01 -8.816849E-02 9.876217E-01 3.121267E-02 5.159666E-03 3.562691E+00 9.584141E+00 
1.575403E-01 7.659169E-03 3.356395E-01 1.703701E-01 -1.609618E+00 5.647326E-01 -1.179117E-01 8.285383E-01 3.029906E-02 1.099746E-03 3.984857E+00 7.227674E+00 
1.487461E-01 2.074584E-02 3.904855E-01 1.601012E-01 -1.553191E+00 5.046326E-01 -3.796849E-02 9.372325E-01 2.990771E-02 2.959820E-03 5.384457E+00 9.575154E+00 
1.689584E-01 1.343458E-02 3.706729E-01 1.572876E-01 -1.536704E+00 5.990059E-01 -1.232530E-01 8.142577E-01 3.206390E-02 2.693057E-03 4.127326E+00 9.667193E+00 
1.657422E-01 8.259944E-03 3.612309E-01 1.687247E-01 -1.517983E+00 5.758024E-01 -1.433625E-01 9.374745E-01 2.935508E-02 1.561458E-03 4.157103E+00 9.080306E+00 
1.582628E-01 9.536607E-03 3.685806E-01 1.722695E-01 -1.534074E+00 4.787925E-01 -1.191544E-01 9.217367E-01 2.539659E-02 4.666370E-04 5.047128E+00 8.869745E+00 
1.402288E-01 1.450170E-02 3.817310E-01 1.828966E-01 -1.251742E+00 5.810602E-01 -1.073700E-01 9.410567E-01 2.889316E-02 1.137141E-02 5.157601E+00 7.158613E+00 
1.814661E-01 1.303527E-02 3.506140E-01 1.691925E-01 -1.572460E+00 5.726921E-01 -1.505709E-01 9.557519E-01 2.598744E-02 5.160394E-03 4.565801E+00 1.294125E+01 
1.604781E-01 1.788169E-02 3.504681E-01 1.784725E-01 -1.318784E+00 5.590967E-01 -8.738814E-02 9.519363E-01 2.760630E-02 9.268129E-04 5.337761E+00 6.377270E+00 
1.043682E-01 2.256452E-02 3.279925E-01 1.430314E-01 -1.297824E+00 4.821555E-01 -6.983689E-02 9.228549E-01 3.179601E-02 9.213779E-03 4.367422E+00 1.192470E+01 
1.433141E-01 1.005818E-02 3.590811E-01 1.635870E-01 -1.293324E+00 5.902038E-01 -8.886021E-02 1.003243E+00 2.606701E-02 2.259637E-03 4.509452E+00 1.068394E+01 
1.099614E-01 4.102732E-02 3.387614E-01 1.418713E-01 -1.322067E+00 4.244800E-01 -1.070749E-01 9.630528E-01 3.186376E-02 7.205666E-03 4.142452E+00 9.854362E+00 
7.225486E-02 3.411368E-02 3.541583E-01 1.569071E-01 -1.222510E+00 5.742868E-01 -7.886658E-02 9.377243E-01 3.159095E-02 3.887928E-03 4.046265E+00 7.796318E+00 
1.676091E-01 1.607057E-02 3.759176E-01 1.644942E-01 -1.433994E+00 5.628763E-01 -1.080531E-01 8.628309E-01 2.964901E-02 1.847034E-03 4.528014E+00 9.662830E+00 
7.421071E-02 1.830592E-02 3.420587E-01 1.415252E-01 -7.274623E-01 3.622829E-01 -7.619411E-02 7.602794E-01 2.826603E-02 1.314846E-02 5.486938E+00 8.325729E+00 
1.670927E-01 2.418733E-02 3.454863E-01 1.602811E-01 -1.477330E+00 6.000000E-01 -8.131613E-02 9.799748E-01 3.186292E-02 2.768142E-03 3.794012E+00 6.296749E+00 
1.658869E-01 5.347328E-02 3.635900E-01 1.579411E-01 -1.378914E+00 5.563564E-01 -9.061698E-02 9.060710E-01 3.180786E-02 3.517330E-03 3.522955E+00 9.190027E+00 
1.681031E-01 1.402200E-02 3.753729E-01 1.709146E-01 -1.534454E+00 5.623328E-01 -8.117660E-02 8.323973E-01 3.011616E-02 4.104816E-03 4.839893E+00 8.047086E+00 
1.343258E-01 7.809022E-03 3.485271E-01 1.597417E-01 -1.490303E+00 5.831554E-01 -1.028660E-01 9.067878E-01 2.802029E-02 2.200896E-03 4.989764E+00 1.047943E+01 
5.747585E-02 2.687997E-02 3.659431E-01 1.712979E-01 -1.462778E+00 4.648811E-01 -8.775854E-02 9.469540E-01 2.825127E-02 2.668122E-03 4.430983E+00 6.827460E+00 
1.502970E-01 1.375139E-02 3.670086E-01 1.680727E-01 -1.440547E+00 5.517834E-01 -6.434711E-02 9.935694E-01 2.747786E-02 3.829029E-03 4.061196E+00 7.725316E+00 
1.342945E-01 1.676562E-02 3.763123E-01 1.622660E-01 -1.498969E+00 5.792853E-01 -1.153950E-01 9.422590E-01 2.917651E-02 7.673489E-03 4.804865E+00 8.506735E+00 
1.658411E-01 2.664651E-02 3.465940E-01 1.768580E-01 -1.462106E+00 5.576294E-01 -1.232371E-01 1.031429E+00 3.411664E-02 1.115402E-03 4.129430E+00 7.439090E+00 
1.450914E-01 1.000000E-04 3.928320E-01 1.568552E-01 -1.192360E+00 5.608029E-01 -4.083903E-02 8.769823E-01 2.508153E-02 4.159728E-03 4.288593E+00 9.887808E+00 
1.275848E-01 9.174627E-03 3.531689E-01 1.662387E-01 -1.331710E+00 5.778915E-01 -6.860262E-02 1.007955E+00 2.972941E-02 5.186504E-03 4.294948E+00 9.556374E+00 
1.664429E-01 1.505143E-02 3.678581E-01 1.689593E-01 -1.265097E+00 5.568830E-01 -8.048046E-02 1.049515E+00 3.354092E-02 2.354868E-03 4.269807E+00 9.718187E+00 
1.496739E-01 6.004891E-03 3.262947E-01 1.821445E-01 -1.280996E+00 6.000000E-01 -9.820025E-02 1.020315E+00 2.807990E-02 8.461360E-03 4.613594E+00 1.178355E+01 
1.438506E-01 1.370856E-02 3.305368E-01 1.700237E-01 -1.102219E+00 5.393939E-01 -4.830600E-02 9.595576E-01 2.975095E-02 2.593243E-02 4.199723E+00 8.120869E+00 
7.253867E-02 3.396489E-02 3.356844E-01 1.512577E-01 -1.150834E+00 5.455651E-01 -1.123737E-01 8.741684E-01 2.587272E-02 5.437096E-03 4.177520E+00 1.194439E+01 
1.550921E-01 2.505994E-03 3.643589E-01 1.701481E-01 -1.427126E+00 5.780701E-01 -1.041549E-01 1.071611E+00 2.635443E-02 5.176289E-03 3.797942E+00 7.864261E+00 
1.504702E-01 5.534761E-03 3.941492E-01 1.777306E-01 -1.973202E+00 6.000000E-01 -4.665167E-02 9.039772E-01 3.077829E-02 4.720101E-03 4.705937E+00 1.124033E+01 
1.496216E-01 9.385691E-03 3.451554E-01 1.671638E-01 -1.430675E+00 4.934042E-01 -4.941075E-02 7.997803E-01 3.037060E-02 3.162520E-03 3.961502E+00 1.250512E+01 
1.584936E-01 2.591815E-02 3.944968E-01 1.646430E-01 -1.351530E+00 4.865029E-01 -8.313101E-02 9.017929E-01 2.978407E-02 1.910157E-03 4.461504E+00 8.713466E+00 
1.686289E-01 1.352791E-02 3.793464E-01 1.668357E-01 -1.659798E+00 5.986218E-01 -1.328801E-01 7.872845E-01 3.224490E-02 2.555224E-03 5.241024E+00 9.712504E+00 
1.349119E-03 9.022796E-02 2.843733E-01 1.290416E-01 -1.455301E+00 3.392392E-01 -5.453525E-02 8.089338E-01 3.320647E-02 8.649515E-03 5.048439E+00 8.772725E+00 
1.544050E-01 1.055630E-02 3.723975E-01 1.673832E-01 -1.510646E+00 5.789764E-01 -1.012972E-01 8.939550E-01 3.129003E-02 4.049629E-03 4.333560E+00 1.005378E+01 
1.566389E-01 9.632441E-03 3.964078E-01 1.657802E-01 -1.452937E+00 6.000000E-01 -7.704339E-02 8.565846E-01 2.907518E-02 2.364539E-03 4.522155E+00 9.316953E+00 
1.530713E-01 3.924689E-03 3.566825E-01 1.617785E-01 -1.429068E+00 5.210417E-01 -8.262399E-02 8.762960E-01 3.176316E-02 2.511775E-03 3.758329E+00 9.290093E+00 
1.383403E-01 5.664824E-02 3.813668E-01 1.467182E-01 -1.730436E+00 5.350918E-01 -3.039487E-02 9.781774E-01 3.231375E-02 3.118131E-03 5.217716E+00 9.031037E+00 
1.618315E-01 1.522014E-02 3.709459E-01 1.755552E-01 -1.443920E+00 5.614832E-01 -7.453957E-02 9.674416E-01 2.780548E-02 6.504950E-04 4.383766E+00 8.562685E+00 
1.538151E-01 5.293992E-03 3.515093E-01 1.622064E-01 -1.312244E+00 5.691878E-01 -1.555198E-01 9.063321E-01 2.815001E-02 2.717667E-03 4.548945E+00 9.991031E+00 
1.635365E-01 1.661530E-02 3.707844E-01 1.695802E-01 -1.369396E+00 5.854129E-01 -1.460258E-01 8.223711E-01 2.701064E-02 1.181195E-03 4.585406E+00 8.296188E+00 
1.730390E-01 1.095077E-02 3.716668E-01 1.719037E-01 -1.343387E+00 5.898982E-01 -1.003451E-01 9.611741E-01 2.866490E-02 1.476388E-03 4.478581E+00 1.155245E+01 
1.442045E-01 4.438060E-03 3.747722E-01 1.621638E-01 -1.311710E+00 5.498079E-01 -8.451617E-02 8.728829E-01 2.908471E-02 6.224558E-03 5.022956E+00 1.089058E+01 
1.385451E-01 1.439454E-02 3.472297E-01 1.757602E-01 -1.420305E+00 5.061946E-01 -1.416206E-01 8.958899E-01 3.074787E-02 3.356579E-03 4.034474E+00 8.755849E+00 
1.413489E-01 1.938231E-02 3.481681E-01 1.668102E-01 -1.273028E+00 4.118068E-01 -8.914405E-02 1.000259E+00 2.783613E-02 9.681324E-04 4.702601E+00 1.089739E+01 
1.439566E-01 1.043278E-02 3.449003E-01 1.712915E-01 -1.361276E+00 5.918649E-01 -9.271815E-02 1.023817E+00 2.729830E-02 2.192872E-03 3.243700E+00 7.900917E+00 
7.573591E-03 3.459867E-02 3.533105E-01 1.449418E-01 -1.064563E+00 5.500381E-01 -1.823802E-02 8.987483E-01 3.074047E-02 6.996098E-03 4.045526E+00 1.037111E+01 
1.543047E-01 2.150222E-02 3.620309E-01 1.733210E-01 -1.515266E+00 5.270830E-01 -1.529349E-01 9.860018E-01 3.018323E-02 4.017534E-03 4.803483E+00 8.820740E+00 
9.800578E-02 4.432627E-03 3.484968E-01 1.694273E-01 -1.720365E+00 5.252784E-01 -8.466830E-02 1.025941E+00 2.899611E-02 6.366894E-03 2.680090E+00 1.114844E+01 
1.492368E-01 1.211996E-02 3.495498E-01 1.653584E-01 -1.587582E+00 5.720905E-01 -5.666911E-02 9.854053E-01 2.769556E-02 2.812708E-03 4.454096E+00 8.817451E+00 
1.878086E-01 9.502387E-03 3.677566E-01 1.667036E-01 -1.385560E+00 3.892860E-01 -1.229230E-01 8.301687E-01 2.211902E-02 3.815533E-05 4.615110E+00 1.198125E+01 
5.819373E-02 6.517214E-02 3.438986E-01 1.574986E-01 -1.224137E+00 4.252399E-01 -4.892728E-02 9.168882E-01 3.032540E-02 5.346601E-03 5.603642E+00 5.235243E+00 
1.186533E-01 9.963668E-04 3.558828E-01 1.636553E-01 -1.389431E+00 5.747132E-01 -7.944314E-02 1.023111E+00 2.852142E-02 7.673312E-03 4.457882E+00 1.231369E+01 
1.264230E-01 9.658639E-03 3.588711E-01 1.550166E-01 -1.352429E+00 5.300208E-01 -8.178016E-02 7.666576E-01 3.368753E-02 6.714933E-03 4.526279E+00 1.013794E+01 
1.530611E-01 1.062225E-02 3.762032E-01 1.683729E-01 -1.416467E+00 5.811669E-01 -7.258279E-02 1.005973E+00 2.383224E-02 2.643535E-03 4.342980E+00 9.100485E+00 
1.354535E-01 1.604083E-02 3.638847E-01 1.745344E-01 -1.630844E+00 5.782309E-01 -8.698253E-02 1.002201E+00 3.094284E-02 4.760082E-03 4.249816E+00 1.008632E+01 
1.478444E-01 1.318691E-02 3.292317E-01 1.687917E-01 -1.328615E+00 5.721866E-01 -1.101376E-01 1.016919E+00 2.478701E-02 1.392448E-03 4.392498E+00 1.010474E+01 
1.378821E-01 2.302311E-02 3.542604E-01 1.698665E-01 -1.539349E+00 5.393685E-01 -1.185496E-01 1.012744E+00 3.399464E-02 7.172322E-04 3.763880E+00 9.939142E+00 
1.533744E-01 4.101777E-03 3.544208E-01 1.724178E-01 -1.602764E+00 6.000000E-01 -1.377341E-01 9.699078E-01 2.940532E-02 3.163198E-03 3.896348E+00 7.890072E+00 
1.425587E-01 1.649376E-02 3.469151E-01 1.640443E-01 -1.147031E+00 3.711867E-01 -4.764287E-02 8.676873E-01 3.442185E-02 6.086694E-04 4.302051E+00 9.092898E+00 
1.630336E-01 1.816839E-02 3.502738E-01 1.709606E-01 -1.398756E+00 3.915412E-01 -1.278209E-01 1.100307E+00 2.662624E-02 0.000000E+00 4.909900E+00 1.001550E+01 
1.849560E-01 1.400572E-02 3.590767E-01 1.690501E-01 -1.689265E+00 5.995923E-01 -1.532860E-01 9.918536E-01 3.033573E-02 5.617164E-03 3.010360E+00 8.841051E+00 
1.534260E-01 5.391848E-03 3.620337E-01 1.682852E-01 -1.481431E+00 5.611204E-01 -8.342875E-02 8.422262E-01 2.841505E-02 5.130407E-03 4.739187E+00 8.746737E+00 
1.434485E-01 1.555963E-02 3.540716E-01 1.646936E-01 -1.381882E+00 5.511570E-01 -4.556060E-02 9.449885E-01 3.025590E-02 3.224793E-03 4.497184E+00 1.123245E+01 
1.404979E-01 1.118149E-02 3.725459E-01 1.625731E-01 -1.369007E+00 5.746952E-01 -1.019069E-01 8.998695E-01 3.456360E-02 1.613653E-03 4.767326E+00 9.565951E+00 
1.589862E-01 1.057800E-02 3.783754E-01 1.695856E-01 -1.521822E+00 5.359960E-01 -5.281690E-02 8.979687E-01 3.067204E-02 2.965503E-03 3.923231E+00 9.865729E+00 
1.385109E-01 7.219633E-03 4.338323E-01 1.545825E-01 -1.451679E+00 3.920182E-01 -1.053499E-01 9.632232E-01 2.922536E-02 2.759951E-03 4.507428E+00 1.025420E+01 
1.715077E-01 1.130297E-02 3.768407E-01 1.756404E-01 -1.719313E+00 5.760495E-01 -1.063220E-01 9.294630E-01 2.464843E-02 4.752183E-03 4.624910E+00 9.129209E+00 
1.565457E-01 7.252285E-03 3.597453E-01 1.623866E-01 -1.449412E+00 5.661453E-01 -1.762389E-01 9.032390E-01 3.009786E-02 3.471153E-03 4.614957E+00 8.815217E+00 
1.302145E-01 3.991720E-02 3.360444E-01 1.629104E-01 -1.323110E+00 5.002948E-01 -6.768877E-02 2.993918E-01 3.004355E-02 5.354596E-03 3.987061E+00 1.359014E+01 
1.043415E-01 4.394698E-03 3.653647E-01 1.761660E-01 -1.463852E+00 5.244944E-01 -3.649009E-02 1.133748E+00 3.436202E-02 1.817620E-02 3.253933E+00 8.395340E+00 
1.444046E-01 7.966044E-03 3.398759E-01 1.707709E-01 -1.374395E+00 5.633147E-01 -1.100626E-01 9.288286E-01 3.074739E-02 2.247669E-03 4.407717E+00 8.782998E+00 
1.457416E-01 1.453035E-02 3.617773E-01 1.679419E-01 -1.389885E+00 6.000000E-01 -6.394325E-02 9.090118E-01 3.087442E-02 3.661833E-03 4.599283E+00 1.075562E+01 
9.888653E-02 1.961986E-02 3.552421E-01 1.731604E-01 -1.286675E+00 3.841993E-01 -7.528290E-02 8.165059E-01 3.267266E-02 2.048552E-03 4.049370E+00 1.540301E+01 
4.382024E-02 2.201347E-02 2.680707E-01 1.539523E-01 -1.375294E+00 3.843943E-01 -3.476149E-02 9.707463E-01 2.256796E-02 1.242047E-02 4.047466E+00 5.849997E+00 
1.080706E-01 3.704595E-02 3.402681E-01 1.604652E-01 -1.225382E+00 3.497609E-01 -1.584787E-01 9.371076E-01 2.986665E-02 5.235132E-03 4.521316E+00 7.961650E+00 
1.397127E-01 1.061384E-02 3.595933E-01 1.599998E-01 -1.369531E+00 4.937445E-01 -9.912380E-02 9.566906E-01 3.076718E-02 7.246422E-03 5.294087E+00 8.131572E+00 
1.477071E-01 3.362460E-03 3.506052E-01 1.637184E-01 -1.390494E+00 5.842346E-01 -1.109156E-01 9.788061E-01 3.273934E-02 3.455756E-03 4.578902E+00 7.069822E+00 
1.464997E-01 1.384551E-02 3.611181E-01 1.689821E-01 -1.641151E+00 5.312340E-01 -7.552417E-02 8.874580E-01 3.422761E-02 3.402208E-03 3.215446E+00 9.750717E+00 
1.400894E-01 1.288108E-02 3.380439E-01 1.594378E-01 -1.304476E+00 4.953746E-01 -1.000000E-02 9.679673E-01 3.014352E-02 2.170095E-03 4.675116E+00 8.859492E+00 
1.530515E-01 2.775220E-02 3.141566E-01 1.597150E-01 -1.428389E+00 5.355846E-01 -7.136029E-02 8.543100E-01 2.818761E-02 3.741049E-03 3.768599E+00 7.519853E+00 
1.472215E-01 9.674028E-03 3.403538E-01 1.551260E-01 -1.403428E+00 5.733175E-01 -6.450622E-02 1.036401E+00 2.921665E-02 5.625634E-03 4.405553E+00 9.922189E+00 
1.624655E-01 1.390497E-02 3.407108E-01 1.697511E-01 -1.391682E+00 5.821929E-01 -1.161225E-01 9.890051E-01 3.186856E-02 3.884818E-03 4.407107E+00 9.013461E+00 
1.724298E-01 6.522459E-03 3.992418E-01 1.511072E-01 -1.398736E+00 5.387121E-01 -7.359133E-02 9.086292E-01 3.014830E-02 3.141529E-03 4.175578E+00 9.971776E+00 
9.302432E-02 2.072698E-02 3.431190E-01 1.639084E-01 -1.573871E+00 4.215178E-01 -5.416985E-02 9.093133E-01 4.418942E-02 9.650409E-03 4.756764E+00 8.381822E+00 
1.347860E-01 1.765244E-02 3.532624E-01 1.509820E-01 -1.482607E+00 6.000000E-01 -9.044683E-02 9.206378E-01 3.142232E-02 3.550347E-03 5.381352E+00 7.768216E+00 
