5.978851E-02 3.756349E-03 3.692102E-01 1.746370E-01 -1.598973E+00 3.947837E-01 -6.944377E-02 9.574455E-01 3.064613E-02 1.317670E-02 3.246275E+00 8.900341E+00 
1.064577E-01 3.042200E-02 3.839239E-01 1.507817E-01 -1.511888E+00 5.123788E-01 -1.395017E-01 2.437882E-01 3.056553E-02 4.456035E-03 4.554728E+00 9.308313E+00 
1.421567E-01 9.453692E-03 3.591014E-01 1.700207E-01 -1.645319E+00 5.032764E-01 -1.100523E-01 1.167235E+00 3.288442E-02 1.463934E-02 2.217685E+00 8.174583E+00 
1.428084E-01 1.231126E-02 3.735192E-01 1.657262E-01 -1.350841E+00 5.601486E-01 -1.046306E-01 8.857820E-01 2.891791E-02 4.319473E-03 4.015553E+00 7.815102E+00 
1.328125E-01 1.013539E-02 3.497180E-01 1.659831E-01 -1.544009E+00 5.751970E-01 -8.460285E-02 1.216496E+00 2.867219E-02 4.223048E-03 4.602303E+00 5.842774E+00 
1.712655E-01 1.594075E-02 3.280909E-01 1.505919E-01 -1.533428E+00 5.427834E-01 -1.770382E-01 7.361918E-01 2.747934E-02 4.433575E-03 5.173888E+00 3.948517E+00 
1.509931E-01 1.629875E-02 3.578743E-01 1.659416E-01 -1.470347E+00 5.876843E-01 -1.040254E-01 8.740660E-01 2.428923E-02 2.809962E-03 4.109768E+00 8.807433E+00 
1.695391E-01 9.883810E-03 4.030826E-01 1.718756E-01 -1.360359E+00 5.765494E-01 -1.584803E-01 9.223336E-01 3.189110E-02 6.995945E-03 4.759305E+00 9.412113E+00 
1.354970E-01 4.333326E-03 3.329941E-01 1.578936E-01 -1.357520E+00 5.148470E-01 -1.459547E-01 9.332324E-01 2.980609E-02 1.137430E-04 3.511484E+00 1.028049E+01 
9.788250E-02 3.150237E-02 3.599741E-01 1.500321E-01 -1.282492E+00 4.091151E-01 -2.011615E-02 1.120247E+00 3.107702E-02 5.636727E-03 6.506356E+00 1.084134E+01 
1.451491E-01 7.850802E-03 3.542641E-01 1.642779E-01 -1.614866E+00 5.726538E-01 -5.131833E-02 9.575900E-01 2.803155E-02 3.241235E-03 4.163066E+00 9.386065E+00 
1.697320E-01 3.622233E-03 3.752727E-01 1.710614E-01 -1.417517E+00 5.654254E-01 -1.072629E-01 8.831743E-01 2.527206E-02 2.320901E-03 4.772465E+00 7.962776E+00 
1.089556E-01 1.413153E-02 3.527441E-01 1.656812E-01 -1.557865E+00 4.652077E-01 -1.133000E-02 1.081798E+00 2.952091E-02 0.000000E+00 3.556579E+00 1.202031E+01 
1.651663E-01 7.681527E-03 3.449008E-01 1.669533E-01 -1.028861E+00 5.108901E-01 -9.141243E-02 9.423491E-01 2.824863E-02 6.486087E-03 5.433682E+00 9.542596E+00 
1.477791E-01 7.965741E-03 3.696917E-01 1.690531E-01 -1.369499E+00 5.876902E-01 -1.248973E-01 8.677818E-01 3.177709E-02 5.436444E-03 4.097505E+00 8.399090E+00 
1.444966E-01 5.071437E-03 3.547830E-01 1.671160E-01 -1.786068E+00 5.668098E-01 -7.493865E-02 1.193471E+00 2.755994E-02 3.304297E-03 4.565194E+00 7.361683E+00 
2.000000E-01 1.462533E-02 3.800651E-01 1.779890E-01 -1.620553E+00 5.647262E-01 -1.393885E-01 9.764960E-01 2.986073E-02 1.375167E-03 4.905838E+00 8.784981E+00 
1.320956E-01 1.286496E-02 3.602754E-01 1.514047E-01 -1.502776E+00 5.317438E-01 -7.899938E-02 9.984358E-01 2.979463E-02 4.882646E-03 4.794054E+00 1.055487E+01 
1.637333E-01 1.113553E-02 3.521477E-01 1.705020E-01 -1.318535E+00 5.961814E-01 -1.057853E-01 9.363380E-01 3.099863E-02 8.138207E-06 3.986534E+00 9.844273E+00 
1.034952E-01 2.606741E-02 3.687014E-01 1.568739E-01 -1.481465E+00 5.182099E-01 -5.317882E-02 1.048393E+00 2.646813E-02 5.204815E-03 4.791743E+00 9.036106E+00 
1.608481E-01 1.186365E-02 3.537629E-01 1.694613E-01 -1.409796E+00 5.730228E-01 -1.470388E-01 9.476935E-01 2.611827E-02 4.729737E-04 4.848033E+00 8.582701E+00 
1.500276E-01 1.981413E-02 3.708281E-01 1.808664E-01 -1.501560E+00 5.374582E-01 -7.313796E-02 9.686374E-01 2.726558E-02 1.406124E-03 4.239275E+00 9.701131E+00 
1.227806E-01 1.686053E-02 3.504885E-01 1.623400E-01 -1.418873E+00 4.351351E-01 -6.521291E-02 8.425388E-01 3.063614E-02 3.240207E-03 4.051011E+00 8.760577E+00 
8.863813E-02 4.350362E-02 3.577825E-01 1.515062E-01 -1.545181E+00 4.454596E-01 -1.329160E-01 9.686570E-01 2.519567E-02 1.260660E-02 2.948566E+00 9.925114E+00 
1.145940E-01 1.927886E-02 4.022099E-01 1.673468E-01 -1.160686E+00 3.660298E-01 -5.300684E-02 1.038094E+00 3.710635E-02 1.505449E-02 3.990496E+00 8.521043E+00 
1.549255E-01 3.609142E-03 3.507662E-01 1.751248E-01 -1.587662E+00 5.587970E-01 -1.619213E-01 9.613615E-01 2.997799E-02 4.540989E-03 4.073796E+00 7.998877E+00 
1.577030E-01 1.117320E-02 3.800235E-01 1.686441E-01 -1.369110E+00 5.618448E-01 -1.112081E-01 9.198988E-01 3.037547E-02 4.587060E-03 4.594545E+00 7.219539E+00 
1.071015E-01 6.257142E-03 3.453098E-01 1.539744E-01 -1.493997E+00 4.525694E-01 -7.197112E-02 9.099079E-01 3.136993E-02 5.879916E-03 3.596034E+00 9.992059E+00 
1.610966E-01 1.067437E-02 3.714181E-01 1.654508E-01 -1.341760E+00 2.577195E-01 -6.544844E-02 9.918124E-01 3.852731E-02 0.000000E+00 4.725854E+00 7.584602E+00 
1.248988E-01 1.037721E-02 3.839261E-01 1.709692E-01 -1.525836E+00 5.915069E-01 -8.474285E-02 1.077938E+00 3.200466E-02 5.820592E-03 4.993670E+00 5.625330E+00 
9.304930E-02 2.336573E-02 3.591995E-01 1.504926E-01 -1.252988E+00 5.345037E-01 -8.714385E-02 9.118232E-01 2.849274E-02 6.188170E-03 3.923836E+00 1.100772E+01 
1.865615E-01 1.736407E-02 3.523757E-01 1.695127E-01 -1.063993E+00 5.807286E-01 -5.986397E-02 9.251535E-01 2.414257E-02 3.548546E-03 3.825250E+00 9.639318E+00 
1.530573E-01 1.340758E-02 3.663378E-01 1.721503E-01 -1.429793E+00 5.611052E-01 -1.439348E-01 1.008257E+00 2.931002E-02 2.097433E-03 4.099608E+00 1.070917E+01 
1.653208E-01 2.582890E-03 3.532852E-01 1.596071E-01 -1.386466E+00 5.094954E-01 -8.750862E-02 8.836180E-01 2.971019E-02 4.285534E-03 4.298970E+00 8.161777E+00 
1.569103E-01 2.810163E-03 3.581091E-01 1.736501E-01 -1.682752E+00 5.236869E-01 -1.230962E-01 9.510835E-01 3.006262E-02 9.223143E-04 4.406434E+00 6.304170E+00 
1.066235E-01 1.320833E-02 3.635357E-01 1.758696E-01 -1.551801E+00 4.416621E-01 -3.569442E-02 1.130167E+00 3.075420E-02 1.995230E-02 2.808066E+00 7.333418E+00 
1.028674E-01 1.070274E-02 3.266526E-01 1.679554E-01 -1.337102E+00 5.539293E-01 -9.527647E-02 9.868601E-01 3.380777E-02 2.137217E-03 3.376784E+00 1.140969E+01 
1.521151E-01 1.564124E-02 3.739941E-01 1.639797E-01 -1.509252E+00 5.274926E-01 -5.224586E-02 8.677224E-01 3.042296E-02 3.092937E-03 3.536277E+00 1.079105E+01 
1.533958E-01 1.080122E-02 3.231838E-01 1.685208E-01 -1.523944E+00 5.684388E-01 -8.298332E-02 9.761611E-01 2.787604E-02 3.163532E-03 4.143246E+00 8.851369E+00 
1.457597E-01 9.747528E-03 3.793357E-01 1.690951E-01 -1.374889E+00 5.608687E-01 -1.395967E-01 9.275221E-01 2.837493E-02 2.632092E-03 4.202442E+00 7.240929E+00 
1.526316E-01 8.260079E-03 3.631957E-01 1.721805E-01 -1.521054E+00 5.933743E-01 -9.859720E-02 8.722733E-01 2.789658E-02 5.126354E-03 4.455883E+00 1.059091E+01 
1.567720E-01 1.482454E-02 3.597739E-01 1.706737E-01 -1.378799E+00 5.848764E-01 -8.973029E-02 9.421308E-01 2.807990E-02 2.556047E-03 3.652758E+00 1.052938E+01 
1.347662E-01 1.059880E-02 3.364911E-01 1.651691E-01 -1.375496E+00 5.971058E-01 -1.424095E-01 8.315428E-01 2.899342E-02 3.307027E-03 4.890018E+00 1.070780E+01 
1.886472E-01 7.950071E-03 3.707201E-01 1.734862E-01 -1.623978E+00 5.850269E-01 -1.396552E-01 9.779780E-01 2.768639E-02 3.435626E-03 4.570242E+00 8.936879E+00 
1.582007E-01 1.316271E-02 3.541396E-01 1.697526E-01 -1.513980E+00 5.715956E-01 -1.091875E-01 9.254062E-01 3.291044E-02 2.118951E-03 3.743249E+00 9.344334E+00 
1.472336E-01 1.427245E-02 3.754055E-01 1.584279E-01 -1.375367E+00 5.741439E-01 -1.197202E-01 8.662669E-01 3.058317E-02 4.096166E-03 4.970382E+00 9.568330E+00 
1.360039E-01 8.595964E-03 3.614111E-01 1.597641E-01 -1.294285E+00 5.425763E-01 -1.600074E-01 9.991373E-01 3.077814E-02 2.025896E-03 6.374899E+00 7.856847E+00 
1.000000E-04 2.985470E-02 3.532780E-01 1.607370E-01 -1.400637E+00 5.948699E-01 -4.835726E-02 8.076433E-01 2.371657E-02 5.542172E-03 4.960176E+00 7.319027E+00 
1.444398E-01 2.356094E-02 3.577932E-01 1.701954E-01 -1.537651E+00 5.784847E-01 -7.133612E-02 9.385394E-01 3.442209E-02 4.386836E-03 3.357241E+00 9.859582E+00 
1.615363E-01 1.794371E-02 3.527450E-01 1.760337E-01 -1.543343E+00 4.979822E-01 -3.386836E-02 1.120790E+00 2.871441E-02 2.585874E-03 4.133606E+00 6.859289E+00 
1.227696E-01 1.543930E-02 3.606952E-01 1.664458E-01 -1.676126E+00 5.641621E-01 -1.000000E-02 6.661671E-01 3.151204E-02 1.475724E-03 3.516757E+00 9.697428E+00 
5.858630E-02 1.706044E-02 3.802900E-01 1.457344E-01 -1.293823E+00 4.067140E-01 -4.382501E-02 7.262942E-01 2.851256E-02 7.204896E-03 4.007512E+00 1.119017E+01 
1.424150E-01 2.374751E-02 3.597743E-01 1.562372E-01 -1.370156E+00 5.715369E-01 -6.380457E-02 7.811584E-01 2.641659E-02 3.999847E-03 4.669576E+00 8.745561E+00 
1.558037E-01 1.251401E-02 3.596141E-01 1.765878E-01 -1.508518E+00 5.662296E-01 -6.520944E-02 1.034988E+00 3.281589E-02 2.778091E-03 4.106664E+00 9.798950E+00 
1.666407E-01 9.630822E-03 3.394011E-01 1.808464E-01 -1.667979E+00 5.274689E-01 -8.066098E-02 9.196089E-01 2.832224E-02 3.159638E-03 2.265189E+00 4.541399E+00 
1.591549E-01 9.555797E-03 3.750933E-01 1.703840E-01 -1.544046E+00 5.992273E-01 -1.267860E-01 9.851036E-01 2.778046E-02 3.971677E-03 4.572824E+00 9.387837E+00 
1.450796E-01 2.294461E-02 3.692560E-01 1.671484E-01 -1.346619E+00 4.828327E-01 -5.777537E-02 1.002703E+00 3.071150E-02 5.802978E-03 4.246853E+00 1.084306E+01 
1.277256E-01 2.785055E-02 3.574949E-01 1.540206E-01 -1.479238E+00 5.505587E-01 -9.748342E-02 1.016348E+00 3.009995E-02 1.118819E-02 4.021953E+00 1.057309E+01 
1.336977E-01 8.947404E-03 4.077363E-01 1.616369E-01 -1.490436E+00 4.375523E-01 -9.580460E-02 9.692973E-01 2.679474E-02 5.093624E-03 5.059690E+00 8.305005E+00 
1.701590E-01 8.112076E-03 3.381202E-01 1.813638E-01 -1.507660E+00 5.335236E-01 -1.143910E-01 9.110991E-01 2.857728E-02 4.338711E-04 4.465795E+00 4.681934E+00 
1.649296E-01 1.905108E-02 3.523323E-01 1.835070E-01 -1.476255E+00 6.000000E-01 -7.431480E-02 8.943486E-01 3.103187E-02 5.050605E-03 4.249797E+00 9.161963E+00 
9.942163E-02 1.000000E-04 3.639635E-01 1.652322E-01 -1.619007E+00 4.041878E-01 -9.316206E-02 1.072464E+00 3.712019E-02 1.245180E-02 3.526531E+00 8.621157E+00 
1.601342E-01 2.655191E-03 3.471570E-01 1.618972E-01 -1.282586E+00 5.937722E-01 -1.135044E-01 8.648150E-01 2.940768E-02 5.793166E-03 5.184554E+00 9.410543E+00 
1.481505E-01 1.564320E-02 3.555177E-01 1.770768E-01 -1.449214E+00 5.278987E-01 -9.459624E-02 9.083489E-01 2.992534E-02 2.862380E-03 3.769230E+00 9.298494E+00 
1.355428E-01 1.000000E-04 3.500240E-01 1.774948E-01 -1.356051E+00 5.645278E-01 -1.153167E-01 8.721522E-01 2.498631E-02 3.156334E-03 4.148307E+00 1.011438E+01 
1.307819E-01 1.337281E-02 3.694132E-01 1.568166E-01 -1.489823E+00 5.388924E-01 -4.733022E-02 9.049291E-01 3.152747E-02 3.296179E-03 4.613780E+00 1.056119E+01 
1.643385E-01 6.861981E-03 3.564793E-01 1.576805E-01 -1.494789E+00 5.546494E-01 -9.863074E-02 9.551874E-01 2.768632E-02 4.468531E-03 4.728609E+00 1.067127E+01 
1.238395E-01 2.450698E-02 3.611530E-01 1.595396E-01 -1.453278E+00 4.040563E-01 -3.939265E-02 9.054061E-01 2.659235E-02 0.000000E+00 3.983904E+00 1.066276E+01 
1.138796E-01 2.825421E-02 3.553910E-01 1.628718E-01 -1.801076E+00 4.868837E-01 -1.604603E-01 9.390500E-01 2.959800E-02 1.576013E-03 3.342560E+00 8.371479E+00 
1.364836E-01 6.159853E-03 3.637051E-01 1.767873E-01 -1.479770E+00 5.615793E-01 -5.921837E-02 8.298250E-01 3.181325E-02 2.826999E-03 3.726070E+00 8.667686E+00 
1.633045E-01 8.077118E-03 3.539262E-01 1.789220E-01 -1.359229E+00 5.836022E-01 -1.351943E-01 8.756567E-01 2.953763E-02 3.557286E-03 3.861094E+00 8.603685E+00 
1.346534E-01 1.161460E-02 3.355840E-01 1.757784E-01 -1.501367E+00 5.305592E-01 -1.042361E-01 1.055202E+00 3.133567E-02 8.176066E-04 3.761620E+00 1.073167E+01 
1.496297E-01 7.350023E-03 3.453906E-01 1.701483E-01 -1.398586E+00 5.755995E-01 -9.196192E-02 8.327352E-01 2.481096E-02 1.384261E-03 4.452324E+00 9.097517E+00 
4.177305E-02 5.685025E-02 3.472122E-01 1.572933E-01 -1.306133E+00 4.593776E-01 -6.840449E-02 9.802879E-01 3.182280E-02 1.613686E-02 5.207566E+00 9.911584E+00 
1.353211E-01 4.030651E-02 3.762914E-01 1.768828E-01 -1.388723E+00 4.491723E-01 -8.050256E-02 1.005291E+00 3.049004E-02 7.987609E-03 1.614301E+00 7.006784E+00 
2.000000E-01 1.758634E-02 3.563491E-01 1.779765E-01 -9.126039E-01 6.000000E-01 -1.533567E-01 8.960488E-01 2.865093E-02 5.190549E-03 4.630286E+00 1.074813E+01 
1.499774E-01 5.875785E-03 3.345476E-01 1.680144E-01 -1.710476E+00 5.583991E-01 -7.177859E-02 9.856307E-01 3.124955E-02 5.142859E-03 3.453618E+00 9.681033E+00 
1.308464E-01 8.561409E-03 3.577803E-01 1.589557E-01 -1.439204E+00 5.721529E-01 -1.203592E-01 1.030844E+00 2.996792E-02 0.000000E+00 4.796477E+00 1.275611E+01 
1.242940E-01 2.917741E-02 3.987624E-01 1.606566E-01 -1.238817E+00 3.833695E-01 -6.475688E-02 1.043318E+00 3.577298E-02 7.904307E-03 4.133475E+00 8.893823E+00 
1.396845E-01 1.806856E-02 3.343711E-01 1.480188E-01 -1.239451E+00 5.052277E-01 -9.625393E-02 1.012089E+00 3.166853E-02 4.242268E-03 3.620660E+00 1.346021E+01 
1.573170E-01 8.255770E-03 3.589216E-01 1.657118E-01 -1.382822E+00 5.952570E-01 -7.452262E-02 1.088364E+00 2.871525E-02 2.582714E-04 4.242562E+00 8.167558E+00 
1.367156E-01 1.010767E-02 3.427158E-01 1.723826E-01 -1.354024E+00 5.506516E-01 -5.466821E-02 8.877271E-01 2.875368E-02 2.204434E-03 3.972003E+00 9.275181E+00 
1.387090E-01 1.156404E-02 3.566560E-01 1.664100E-01 -1.422657E+00 5.888151E-01 -1.203052E-01 8.935083E-01 2.917075E-02 3.808413E-03 5.492750E+00 9.435752E+00 
1.505985E-01 1.000000E-04 3.512310E-01 1.666993E-01 -1.379746E+00 6.000000E-01 -1.485496E-01 8.934970E-01 3.084582E-02 6.932675E-03 3.773351E+00 5.206683E+00 
2.912355E-02 4.080924E-02 3.375057E-01 1.269612E-01 -9.165091E-01 3.012646E-01 -7.749452E-02 8.996209E-01 3.696196E-02 1.561463E-02 3.662867E+00 9.565361E+00 
1.423725E-01 1.223742E-02 3.485229E-01 1.960721E-01 -1.282154E+00 5.844099E-01 -8.951599E-02 9.179209E-01 2.881633E-02 2.330754E-03 5.559137E+00 8.340933E+00 
1.094023E-01 1.116963E-02 3.516221E-01 1.607658E-01 -1.309080E+00 5.636827E-01 -1.068366E-01 8.272814E-01 3.334978E-02 1.046866E-02 4.810020E+00 6.976960E+00 
1.642430E-01 1.742664E-02 4.056360E-01 1.718516E-01 -1.496918E+00 5.802575E-01 -1.002359E-01 1.015658E+00 3.560156E-02 1.988126E-03 5.002205E+00 7.463234E+00 
1.437511E-01 5.197129E-03 3.578439E-01 1.617716E-01 -1.486600E+00 5.940293E-01 -7.634913E-02 8.603314E-01 2.749469E-02 2.455210E-03 3.991366E+00 9.424986E+00 
1.621834E-01 1.241856E-02 3.469957E-01 1.694686E-01 -1.599754E+00 5.744117E-01 -1.279821E-01 9.778523E-01 2.575332E-02 2.239493E-03 4.508679E+00 9.469457E+00 
1.748432E-01 2.806356E-02 3.707292E-01 1.772574E-01 -1.585765E+00 5.752897E-01 -1.666120E-01 8.696510E-01 2.949912E-02 2.417459E-03 3.791380E+00 9.259238E+00 
1.230731E-01 5.259959E-02 3.760460E-01 1.523423E-01 -1.384065E+00 5.154644E-01 -1.240448E-01 9.153941E-01 3.779843E-02 7.821177E-03 4.193163E+00 1.058575E+01 
9.194973E-02 2.001018E-02 3.480711E-01 1.694002E-01 -1.479917E+00 5.264911E-01 -6.669657E-02 8.986510E-01 2.913475E-02 4.143652E-03 2.819872E+00 8.300473E+00 
1.648150E-01 5.631474E-03 3.802063E-01 1.753866E-01 -1.443828E+00 5.771229E-01 -8.944795E-02 9.642314E-01 3.029475E-02 3.873782E-03 3.093563E+00 9.775474E+00 
1.605791E-01 9.534741E-03 3.629075E-01 1.601647E-01 -1.388634E+00 5.918445E-01 -1.148575E-01 7.991379E-01 2.928671E-02 4.021771E-03 4.229847E+00 8.496463E+00 
1.554419E-01 4.242055E-03 3.622326E-01 1.661276E-01 -1.370372E+00 5.139615E-01 -1.460052E-01 8.106424E-01 2.984294E-02 1.474637E-03 4.301297E+00 1.103849E+01 
1.614005E-01 1.100473E-02 3.657905E-01 1.568126E-01 -1.298021E+00 5.358261E-01 -1.321603E-01 8.594005E-01 2.856222E-02 2.663327E-03 4.066546E+00 8.770976E+00 
9.042345E-02 2.318511E-02 3.345925E-01 1.541082E-01 -1.153238E+00 5.367843E-01 -4.283582E-02 9.613976E-01 2.190924E-02 5.536299E-03 3.467133E+00 9.279103E+00 
1.532010E-01 8.905338E-03 3.868385E-01 1.691927E-01 -1.298544E+00 5.792868E-01 -8.196947E-02 9.073609E-01 2.710569E-02 2.668999E-04 6.720463E+00 8.836586E+00 
1.765565E-01 3.776767E-02 3.703072E-01 1.450767E-01 -1.158967E+00 4.420646E-01 -1.238266E-01 9.381105E-01 2.849463E-02 9.122402E-03 3.968558E+00 1.219555E+01 
1.677141E-01 1.105603E-02 3.451874E-01 1.758267E-01 -1.577803E+00 5.948582E-01 -1.028838E-01 1.084977E+00 3.452945E-02 2.495071E-03 3.479866E+00 8.738779E+00 
1.619958E-01 9.172226E-03 3.553976E-01 1.652661E-01 -1.428120E+00 5.578357E-01 -1.615004E-01 8.424762E-01 2.688393E-02 9.294983E-04 4.570066E+00 9.154082E+00 
1.441195E-01 5.098021E-02 3.491369E-01 1.520314E-01 -1.267067E+00 3.264330E-01 -1.078427E-01 9.421388E-01 4.294147E-02 1.048329E-02 4.676456E+00 8.847151E+00 
1.722576E-01 6.785290E-03 3.105368E-01 1.684453E-01 -1.322085E+00 5.784808E-01 -1.754292E-01 1.044037E+00 3.262169E-02 4.813990E-03 4.672580E+00 9.239399E+00 
7.088475E-02 1.354419E-02 3.823075E-01 1.634590E-01 -1.118450E+00 4.563560E-01 -1.024547E-01 1.020881E+00 3.058611E-02 1.660130E-02 4.195725E+00 1.081803E+01 
1.661533E-01 9.719917E-03 3.629426E-01 1.752254E-01 -1.494626E+00 5.644790E-01 -9.503225E-02 8.976046E-01 2.803803E-02 3.875563E-03 4.693682E+00 8.182789E+00 
1.618956E-01 7.333552E-03 3.749885E-01 1.653512E-01 -1.432453E+00 4.734935E-01 -9.580029E-02 9.200505E-01 2.781242E-02 2.742013E-03 4.441977E+00 8.082831E+00 
1.627702E-01 8.978350E-03 3.558063E-01 1.678870E-01 -1.569076E+00 5.521572E-01 -9.410647E-02 9.607309E-01 3.222610E-02 2.911225E-03 4.147166E+00 8.486964E+00 
1.203434E-01 2.134648E-02 3.679617E-01 1.722488E-01 -1.542583E+00 5.549542E-01 -1.675882E-01 8.869197E-01 2.831075E-02 4.288196E-03 4.094163E+00 1.058734E+01 
1.773197E-01 3.783436E-02 3.225239E-01 1.701556E-01 -1.180758E+00 5.526400E-01 -1.453117E-01 8.833605E-01 2.470105E-02 6.971745E-03 4.191824E+00 7.851225E+00 
1.549523E-01 2.027339E-03 3.537708E-01 1.709953E-01 -1.497233E+00 5.723750E-01 -9.141096E-02 9.731600E-01 3.170154E-02 1.992391E-03 4.080440E+00 9.238299E+00 
1.441264E-01 2.423795E-02 3.653775E-01 1.640764E-01 -1.351562E+00 5.696223E-01 -1.055761E-01 8.480069E-01 2.870217E-02 3.063514E-03 3.465136E+00 1.073478E+01 
1.680700E-01 1.369779E-02 3.594400E-01 1.757260E-01 -1.491406E+00 5.317990E-01 -8.330107E-02 1.056550E+00 3.034137E-02 2.378502E-03 4.532758E+00 1.058075E+01 
1.325869E-01 1.171564E-02 3.570099E-01 1.775443E-01 -1.390596E+00 5.873018E-01 -1.659079E-01 1.052125E+00 2.595481E-02 0.000000E+00 5.128910E+00 9.467254E+00 
9.685928E-02 1.879561E-02 3.469521E-01 1.605107E-01 -1.386616E+00 5.831475E-01 -1.941630E-01 9.809928E-01 3.098782E-02 1.547545E-03 3.572438E+00 1.100587E+01 
1.210390E-01 2.055797E-02 3.788704E-01 1.526799E-01 -1.312534E+00 4.077834E-01 -6.500953E-02 9.392849E-01 2.463155E-02 1.003910E-02 4.466656E+00 1.097934E+01 
8.115295E-02 2.958349E-02 3.193826E-01 1.616665E-01 -4.560938E-01 3.067781E-01 -1.470129E-01 5.482783E-01 2.383890E-02 8.838636E-03 4.406957E+00 4.613004E+00 
1.513656E-01 9.312688E-03 3.716553E-01 1.666380E-01 -1.412091E+00 5.769240E-01 -1.039822E-01 8.898592E-01 2.502579E-02 6.281062E-04 4.859632E+00 8.886908E+00 
1.130336E-01 2.071368E-02 3.495898E-01 1.536899E-01 -1.336668E+00 5.029300E-01 -6.018236E-02 9.829387E-01 2.938563E-02 6.259739E-03 4.223182E+00 1.037566E+01 
1.376440E-01 1.752876E-02 3.625465E-01 1.655795E-01 -1.049828E+00 5.784349E-01 -7.697987E-02 9.643440E-01 2.826125E-02 9.781400E-03 4.502059E+00 9.512038E+00 
1.492658E-01 8.161334E-03 3.862054E-01 1.587669E-01 -1.212781E+00 5.243072E-01 -1.534690E-01 9.700477E-01 3.018439E-02 5.212779E-03 4.477422E+00 8.968284E+00 
1.013229E-01 1.789465E-02 3.576191E-01 1.687632E-01 -1.367953E+00 5.461357E-01 -8.741301E-02 9.265522E-01 2.860406E-02 4.695047E-03 4.097612E+00 6.791447E+00 
1.026962E-01 2.124224E-02 3.342855E-01 1.591079E-01 -1.440453E+00 5.859908E-01 -1.241041E-01 1.001177E+00 2.402563E-02 6.194909E-03 4.055006E+00 8.479321E+00 
1.097052E-01 8.047058E-03 4.004390E-01 1.726365E-01 -1.287953E+00 3.832948E-01 -9.589000E-02 9.519069E-01 3.229260E-02 1.655280E-03 4.452173E+00 1.040871E+01 
1.555121E-01 1.858438E-02 3.710518E-01 1.682156E-01 -1.417024E+00 4.828921E-01 -3.139653E-02 9.692695E-01 3.055583E-02 4.751737E-03 4.372826E+00 8.160050E+00 
1.472824E-01 1.436670E-02 3.709949E-01 1.684079E-01 -1.416110E+00 5.869656E-01 -1.415335E-01 9.889854E-01 3.182414E-02 2.956418E-03 5.340884E+00 8.374760E+00 
1.490720E-01 8.298871E-03 4.013256E-01 1.668674E-01 -1.365823E+00 4.879725E-01 -9.680624E-02 8.591699E-01 2.906715E-02 5.024048E-03 4.288333E+00 8.948952E+00 
1.233788E-01 9.175674E-03 3.661049E-01 1.641387E-01 -1.291324E+00 4.533037E-01 -8.600004E-02 1.146086E+00 2.339218E-02 1.283447E-02 4.938258E+00 4.610741E+00 
1.689916E-01 1.298444E-02 3.753328E-01 1.757675E-01 -1.380901E+00 5.813784E-01 -1.524314E-01 8.732311E-01 2.429016E-02 3.494434E-03 3.661871E+00 1.081577E+01 
1.530125E-01 5.171857E-03 3.286986E-01 1.639681E-01 -1.494826E+00 6.000000E-01 -1.841327E-01 9.790963E-01 2.975296E-02 4.422520E-03 4.016272E+00 9.001151E+00 
1.662976E-01 8.997001E-03 3.623787E-01 1.671354E-01 -1.370142E+00 5.769374E-01 -9.360994E-02 9.412085E-01 3.188874E-02 3.928556E-03 4.176174E+00 7.751055E+00 
1.021971E-01 2.296250E-02 3.498011E-01 1.646694E-01 -1.176024E+00 5.700587E-01 -1.062981E-01 8.797848E-01 3.069155E-02 3.798184E-04 4.239311E+00 1.025244E+01 
1.414983E-01 1.058889E-02 3.820798E-01 1.674290E-01 -1.522984E+00 5.014462E-01 -9.593880E-02 9.114571E-01 3.066016E-02 1.614511E-03 3.247564E+00 1.148949E+01 
1.623225E-01 5.192551E-03 3.367361E-01 1.665035E-01 -1.580404E+00 5.821556E-01 -1.008614E-01 8.859089E-01 3.560061E-02 5.198234E-03 4.164305E+00 9.604050E+00 
1.613119E-01 1.484783E-03 3.642147E-01 1.682711E-01 -1.351975E+00 5.735772E-01 -7.611594E-02 9.061081E-01 2.990342E-02 3.147744E-03 3.967545E+00 9.704413E+00 
1.793267E-01 1.000000E-04 3.671142E-01 1.747466E-01 -1.939573E+00 5.881956E-01 -5.761497E-02 9.832067E-01 3.013233E-02 0.000000E+00 4.061495E+00 7.106990E+00 
1.487228E-01 6.956206E-03 3.669275E-01 1.652531E-01 -1.360378E+00 5.993537E-01 -1.060506E-01 9.972013E-01 2.697118E-02 1.931780E-03 4.642232E+00 9.534470E+00 
8.387519E-02 1.298269E-02 3.248476E-01 1.444038E-01 -1.401222E+00 4.691832E-01 -6.669415E-02 8.924372E-01 2.895459E-02 2.048323E-03 3.567452E+00 1.153684E+01 
1.172358E-01 1.132291E-02 3.438523E-01 1.736504E-01 -1.403022E+00 4.916426E-01 -9.435401E-02 8.810977E-01 2.934526E-02 5.384523E-03 4.340659E+00 8.654445E+00 
1.347732E-01 9.532206E-03 3.623307E-01 1.689592E-01 -1.395874E+00 4.877183E-01 -1.296814E-01 9.815228E-01 2.663850E-02 7.109983E-03 5.369713E+00 8.690649E+00 
1.073556E-01 2.729735E-02 3.226351E-01 1.575965E-01 -1.432516E+00 5.321090E-01 -8.521060E-02 9.654862E-01 3.167942E-02 2.333806E-03 4.589163E+00 1.085652E+01 
1.370450E-01 8.647664E-03 3.672576E-01 1.643938E-01 -1.488544E+00 5.212204E-01 -7.977095E-02 9.674322E-01 3.413977E-02 3.411626E-03 5.963032E+00 1.095842E+01 
1.343547E-01 1.981878E-02 3.331648E-01 1.636971E-01 -1.298109E+00 5.794807E-01 -1.200163E-01 9.509173E-01 4.606270E-02 5.450998E-03 4.916485E+00 5.549648E+00 
1.651768E-01 1.031373E-02 3.481665E-01 1.727668E-01 -1.509303E+00 5.737038E-01 -9.367621E-02 1.071360E+00 2.969016E-02 4.637156E-03 4.560243E+00 9.899287E+00 
1.657113E-01 4.906404E-03 3.613675E-01 1.627512E-01 -1.638686E+00 5.902989E-01 -1.117274E-01 8.743437E-01 3.161229E-02 2.486047E-03 4.421767E+00 9.674005E+00 
8.482803E-02 3.976613E-02 3.523883E-01 1.743783E-01 -1.175082E+00 3.671259E-01 -2.672990E-02 1.099672E+00 2.851957E-02 3.424476E-03 4.919825E+00 1.167788E+01 
1.571148E-01 1.087299E-02 3.844927E-01 1.679008E-01 -1.351800E+00 5.901847E-01 -1.673860E-01 9.619760E-01 3.808111E-02 3.207595E-04 3.934744E+00 7.836480E+00 
1.296471E-01 4.387427E-02 3.858074E-01 1.550681E-01 -9.294454E-01 3.843431E-01 -1.041579E-01 1.026431E+00 3.959126E-02 4.644212E-03 4.499745E+00 8.755329E+00 
1.482684E-01 1.001550E-02 3.346429E-01 1.681439E-01 -1.612283E+00 5.822718E-01 -8.582365E-02 8.955984E-01 2.668647E-02 3.133565E-03 3.885765E+00 9.288214E+00 
1.632053E-01 1.775199E-02 3.570242E-01 1.736315E-01 -1.222697E+00 5.798444E-01 -1.003513E-01 9.144793E-01 2.645316E-02 1.863560E-03 4.133418E+00 1.123261E+01 
1.118645E-01 2.968663E-02 3.256052E-01 1.571357E-01 -1.780882E+00 4.752834E-01 -7.478535E-02 9.285369E-01 2.278198E-02 9.352680E-03 3.648599E+00 6.572556E+00 
1.550404E-01 1.414022E-02 3.565350E-01 1.753937E-01 -1.939609E+00 5.248706E-01 -8.379063E-02 9.005856E-01 2.993094E-02 4.274647E-03 4.164796E+00 1.030890E+01 
1.480862E-01 2.414598E-02 3.885091E-01 1.635086E-01 -1.478986E+00 5.243397E-01 -7.313321E-02 9.275664E-01 2.430265E-02 1.970458E-03 5.273989E+00 8.773876E+00 
1.409436E-01 1.380047E-02 3.607934E-01 1.495295E-01 -1.432805E+00 3.148807E-01 -4.532033E-02 4.468155E-01 2.679657E-02 4.740532E-03 3.800166E+00 9.311284E+00 
1.560225E-01 1.191527E-02 3.735175E-01 1.680191E-01 -1.306789E+00 4.609284E-01 -1.140803E-01 9.547034E-01 2.986195E-02 2.364585E-03 4.062551E+00 1.023068E+01 
1.914625E-01 1.748894E-02 3.399767E-01 1.779293E-01 -1.340620E+00 5.738502E-01 -1.634335E-01 9.273303E-01 2.702440E-02 3.007621E-03 4.290266E+00 1.102303E+01 
1.245479E-01 1.062099E-02 3.869707E-01 1.578863E-01 -1.390385E+00 4.699739E-01 -7.364050E-02 1.004861E+00 3.358074E-02 9.636264E-03 4.913986E+00 9.834482E+00 
1.578255E-01 1.750378E-02 3.545998E-01 1.686505E-01 -1.279117E+00 4.648398E-01 -9.169482E-02 1.008188E+00 2.273751E-02 2.244537E-03 3.720856E+00 8.647420E+00 
1.576796E-01 1.747195E-02 3.641429E-01 1.735309E-01 -1.318697E+00 6.000000E-01 -1.027509E-01 9.682382E-01 2.576657E-02 5.754597E-03 4.089109E+00 9.098404E+00 
1.867908E-01 5.845698E-02 3.603813E-01 1.659373E-01 -1.282704E+00 5.909195E-01 -2.000000E-01 9.119403E-01 2.934071E-02 5.945030E-03 4.253924E+00 1.008095E+01 
1.592014E-01 1.647837E-02 3.475065E-01 1.594419E-01 -1.455867E+00 5.182987E-01 -1.145497E-01 1.068461E+00 3.351828E-02 7.875623E-03 4.245186E+00 9.000833E+00 
1.584516E-01 8.432885E-03 3.602880E-01 1.626484E-01 -1.164812E+00 5.098595E-01 -1.217416E-01 8.691574E-01 2.910479E-02 1.577828E-03 4.963998E+00 1.063661E+01 
1.725338E-01 1.352645E-02 3.643662E-01 1.728578E-01 -1.544023E+00 5.743228E-01 -1.013285E-01 8.899074E-01 3.057748E-02 0.000000E+00 4.161263E+00 8.620742E+00 
1.494010E-01 1.700755E-02 3.246586E-01 1.677446E-01 -1.409547E+00 4.383704E-01 -5.610979E-02 9.009018E-01 2.815955E-02 8.621451E-05 4.253994E+00 1.134285E+01 
1.570023E-01 8.588528E-03 3.870352E-01 1.717318E-01 -1.508983E+00 4.923756E-01 -1.212540E-01 9.763607E-01 2.828897E-02 3.230346E-03 4.921750E+00 9.788374E+00 
1.502389E-01 1.070919E-02 3.683024E-01 1.684391E-01 -1.359018E+00 5.464027E-01 -1.198204E-01 9.799187E-01 3.062267E-02 2.262528E-03 5.037494E+00 9.333394E+00 
1.451742E-01 4.743348E-03 3.752285E-01 1.610018E-01 -1.340360E+00 5.943941E-01 -5.940001E-02 9.564859E-01 2.895719E-02 3.989411E-03 4.458002E+00 9.435368E+00 
1.679945E-01 1.087781E-02 3.803124E-01 1.696593E-01 -1.508643E+00 5.753288E-01 -1.341714E-01 1.057835E+00 2.670187E-02 3.735603E-03 5.474837E+00 8.525436E+00 
1.765868E-01 1.558523E-02 3.775035E-01 1.692410E-01 -1.538854E+00 6.000000E-01 -1.977389E-01 1.046443E+00 2.684545E-02 6.136364E-03 4.763766E+00 8.980313E+00 
1.583794E-01 2.298824E-02 3.388933E-01 1.470355E-01 -8.411909E-01 3.550411E-01 -7.084254E-02 7.447868E-01 2.828020E-02 5.437867E-03 4.420143E+00 5.636665E+00 
1.522583E-01 5.671098E-03 3.598848E-01 1.652336E-01 -1.431228E+00 5.967600E-01 -1.361584E-01 7.873319E-01 2.793795E-02 2.855888E-03 5.192534E+00 1.021561E+01 
1.449325E-01 6.769475E-03 3.575808E-01 1.482849E-01 -1.294161E+00 3.505585E-01 -1.153653E-01 9.212513E-01 2.929902E-02 7.209739E-03 4.342888E+00 1.095752E+01 
1.631245E-01 1.430289E-02 3.743933E-01 1.743105E-01 -1.421877E+00 5.731812E-01 -1.374584E-01 9.671486E-01 2.452106E-02 6.454999E-03 4.440127E+00 7.229087E+00 
8.931263E-02 3.227828E-02 3.543269E-01 1.632067E-01 -1.158645E+00 5.812417E-01 -1.218788E-01 8.927587E-01 3.045846E-02 1.089946E-02 4.460825E+00 7.179267E+00 
1.569324E-01 5.173037E-03 3.705118E-01 1.684651E-01 -1.626301E+00 5.771742E-01 -7.466610E-02 8.635551E-01 3.237860E-02 4.264043E-03 4.500596E+00 7.832715E+00 
1.634541E-01 1.265800E-02 3.648110E-01 1.782120E-01 -1.403298E+00 4.752129E-01 -1.372395E-01 9.260620E-01 2.889486E-02 2.532038E-03 5.170565E+00 7.934981E+00 
1.242437E-01 5.095155E-02 3.660296E-01 1.588739E-01 -1.442174E+00 5.916691E-01 -9.482545E-02 9.279901E-01 5.444676E-02 4.605468E-03 4.591805E+00 7.550925E+00 
1.813404E-01 1.311905E-02 3.200482E-01 1.784819E-01 -1.247703E+00 6.000000E-01 -1.386992E-01 9.967530E-01 2.929835E-02 1.749352E-03 3.835944E+00 8.911999E+00 
1.218577E-01 5.011314E-02 4.145238E-01 1.524149E-01 -1.047637E+00 3.873006E-01 -8.405657E-02 9.102762E-01 3.247551E-02 8.904547E-03 3.490540E+00 9.474166E+00 
1.537811E-01 9.344376E-03 3.575939E-01 1.726737E-01 -1.458403E+00 6.000000E-01 -1.089686E-01 8.336488E-01 2.541459E-02 3.607050E-03 4.071843E+00 7.892162E+00 
1.532637E-01 1.027051E-02 3.671112E-01 1.661530E-01 -1.407676E+00 5.952650E-01 -9.414244E-02 9.631396E-01 2.877135E-02 1.274615E-03 3.750483E+00 1.143453E+01 
1.551456E-01 4.547813E-02 3.026595E-01 1.500064E-01 -1.528014E+00 5.626983E-01 -1.349492E-01 9.505198E-01 3.013844E-02 2.962145E-03 4.568731E+00 2.985462E+00 
1.561348E-01 1.037446E-02 3.851189E-01 1.719118E-01 -1.569618E+00 5.606528E-01 -7.174017E-02 8.897480E-01 3.348762E-02 3.290191E-03 4.232496E+00 8.111421E+00 
1.546983E-01 9.180768E-03 3.558037E-01 1.650022E-01 -1.600992E+00 5.836716E-01 -1.374102E-01 1.007788E+00 3.120858E-02 6.609105E-03 3.813629E+00 1.077074E+01 
1.409122E-01 4.237437E-02 3.355072E-01 1.589674E-01 -1.369318E+00 5.718207E-01 -7.958087E-02 9.405021E-01 2.901433E-02 8.279809E-03 4.491094E+00 7.908800E+00 
1.693590E-01 6.489153E-03 3.421280E-01 1.859753E-01 -1.372350E+00 5.682142E-01 -1.385939E-01 9.987673E-01 2.715845E-02 4.830286E-03 3.556952E+00 1.179993E+01 
1.515081E-01 1.000000E-04 3.475624E-01 1.757388E-01 -1.535362E+00 5.554069E-01 -9.004624E-02 8.583755E-01 3.037041E-02 5.717519E-03 4.033244E+00 1.030007E+01 
1.568161E-01 7.075808E-03 3.573360E-01 1.688618E-01 -1.563032E+00 5.783668E-01 -1.189206E-01 8.851979E-01 3.022983E-02 4.250040E-03 4.544379E+00 9.414933E+00 
1.236075E-01 1.419410E-02 3.480468E-01 1.576484E-01 -9.495492E-01 5.232430E-01 -1.976619E-01 8.658066E-01 2.250752E-02 1.934466E-02 4.510814E+00 5.768989E+00 
1.057625E-01 2.225222E-02 3.807488E-01 1.663523E-01 -1.352823E+00 5.748525E-01 -7.289345E-02 9.670694E-01 3.334373E-02 4.799709E-03 3.274787E+00 1.218378E+01 
1.770567E-01 1.000000E-04 3.641238E-01 1.627935E-01 -1.313550E+00 5.333941E-01 -1.329482E-01 8.536960E-01 2.597525E-02 3.018443E-03 4.254356E+00 8.969412E+00 
1.807172E-01 1.321460E-02 3.487862E-01 1.659448E-01 -1.342827E+00 5.617484E-01 -1.284179E-01 9.681278E-01 3.847575E-02 2.825245E-03 4.383658E+00 7.373134E+00 
1.485317E-01 5.279703E-03 3.619512E-01 1.666500E-01 -1.360773E+00 5.494151E-01 -5.524308E-02 1.031395E+00 3.047692E-02 2.434676E-03 4.119455E+00 9.351408E+00 
1.314376E-01 1.586363E-02 3.438447E-01 1.753317E-01 -1.139604E+00 5.228183E-01 -7.243280E-02 8.966506E-01 3.264881E-02 1.577070E-03 4.287818E+00 9.392937E+00 
1.569462E-01 2.010991E-02 3.513194E-01 1.683196E-01 -1.304907E+00 5.323492E-01 -4.835744E-02 9.213985E-01 2.825422E-02 0.000000E+00 4.095765E+00 9.766586E+00 
1.698437E-01 1.214759E-02 3.689728E-01 1.706482E-01 -1.374514E+00 5.412498E-01 -1.305708E-01 9.826188E-01 2.691687E-02 3.805159E-03 4.051886E+00 7.503647E+00 
1.400150E-01 6.119555E-03 3.324309E-01 1.633574E-01 -1.283711E+00 5.885777E-01 -8.898127E-02 1.007799E+00 2.955540E-02 6.645729E-03 4.854478E+00 7.774048E+00 
1.073298E-01 5.170472E-02 3.514092E-01 1.636803E-01 -1.031368E+00 5.379660E-01 -1.449794E-01 8.504767E-01 2.065483E-02 1.299112E-02 4.238514E+00 9.420105E+00 
1.383570E-01 1.161355E-02 3.619289E-01 1.695151E-01 -1.049393E+00 5.821233E-01 -5.302582E-02 1.006147E+00 3.074845E-02 3.618121E-03 3.595698E+00 9.724865E+00 
1.685838E-01 8.181218E-03 3.593842E-01 1.742334E-01 -1.454109E+00 6.000000E-01 -1.044010E-01 9.234371E-01 3.020257E-02 2.569678E-03 4.606634E+00 7.740509E+00 
1.606712E-01 1.002972E-02 3.684617E-01 1.732106E-01 -1.409630E+00 5.764348E-01 -1.085284E-01 9.629023E-01 2.301218E-02 4.272921E-03 4.403883E+00 7.151770E+00 
1.677071E-01 2.597625E-02 3.886591E-01 1.768267E-01 -1.478163E+00 6.000000E-01 -6.924888E-02 9.664270E-01 2.170809E-02 7.447727E-03 4.804022E+00 7.041086E+00 
1.500939E-01 1.303571E-02 3.172607E-01 1.680260E-01 -1.552339E+00 5.605038E-01 -7.994689E-02 9.650611E-01 3.285088E-02 9.794929E-04 4.128933E+00 1.046386E+01 
1.692423E-01 7.412328E-03 3.817089E-01 1.728248E-01 -1.294906E+00 5.788273E-01 -1.302538E-01 9.339666E-01 2.810909E-02 4.972286E-03 5.294115E+00 7.148449E+00 
1.557523E-01 1.270771E-02 2.910468E-01 1.592755E-01 -1.332088E+00 5.766278E-01 -8.154197E-02 8.685041E-01 2.400825E-02 8.388257E-03 4.268389E+00 8.800006E+00 
1.626743E-01 1.095625E-02 3.616733E-01 1.737094E-01 -1.389624E+00 5.208317E-01 -1.046855E-01 9.701663E-01 2.784397E-02 1.971754E-03 4.304813E+00 9.386974E+00 
1.461459E-01 1.534745E-02 3.273282E-01 1.597233E-01 -1.388109E+00 3.863962E-01 -3.157582E-02 1.026037E+00 3.238149E-02 2.157485E-03 4.702569E+00 1.071921E+01 
1.621242E-01 4.859307E-02 3.731099E-01 1.592310E-01 -1.413884E+00 5.299714E-01 -1.581159E-01 1.014999E+00 2.165281E-02 1.580360E-03 5.025782E+00 5.460728E+00 
8.268961E-02 6.231607E-02 4.102324E-01 1.530208E-01 -9.458168E-01 5.753241E-01 -2.000000E-01 7.370371E-01 3.537556E-02 3.530831E-02 6.468911E+00 2.364874E+00 
1.083223E-01 1.707032E-02 3.664549E-01 1.675726E-01 -1.276736E+00 5.523701E-01 -8.584574E-02 9.831796E-01 2.697153E-02 7.162724E-03 5.556664E+00 1.052008E+01 
1.477278E-01 1.123133E-02 3.606395E-01 1.610862E-01 -1.320576E+00 3.981771E-01 -1.027564E-01 9.418061E-01 2.575056E-02 2.157583E-03 3.447415E+00 1.030013E+01 
1.377224E-01 8.994729E-03 3.496840E-01 1.635673E-01 -1.242404E+00 5.696810E-01 -1.063283E-01 8.881129E-01 2.849389E-02 3.472883E-03 4.438563E+00 7.978610E+00 
1.403000E-01 2.654091E-02 3.488009E-01 1.681163E-01 -1.496246E+00 4.034659E-01 -2.804854E-02 9.866647E-01 3.334542E-02 8.349719E-03 5.127743E+00 1.272208E+01 
9.833858E-02 3.857095E-02 3.857775E-01 1.530287E-01 -1.108136E+00 2.605443E-01 -3.481889E-02 1.022767E+00 3.686968E-02 1.400858E-02 4.813472E+00 9.011549E+00 
1.570331E-01 1.523311E-02 3.844076E-01 1.628884E-01 -1.280860E+00 5.814195E-01 -1.513688E-01 8.392432E-01 3.120358E-02 6.637905E-03 4.417322E+00 8.721333E+00 
1.176631E-01 2.736437E-02 3.635702E-01 1.529833E-01 -1.161328E+00 5.233032E-01 -1.368793E-01 9.282210E-01 2.478311E-02 2.789898E-03 5.061042E+00 1.160256E+01 
1.628007E-01 3.636204E-03 3.620925E-01 1.652030E-01 -1.319474E+00 5.618063E-01 -7.231413E-02 9.409786E-01 2.411684E-02 1.668636E-03 4.596717E+00 8.873948E+00 
1.107719E-01 1.545882E-02 3.660035E-01 1.597041E-01 -1.493956E+00 5.221628E-01 -3.599836E-02 9.113196E-01 2.580771E-02 0.000000E+00 4.632420E+00 8.040244E+00 
1.713079E-01 1.521911E-02 3.792508E-01 1.677426E-01 -1.357352E+00 5.878784E-01 -1.180571E-01 8.309065E-01 3.032314E-02 2.572988E-03 4.521922E+00 1.052221E+01 
1.533834E-01 1.352761E-02 3.620608E-01 1.665987E-01 -1.582529E+00 5.664775E-01 -9.302689E-02 9.068879E-01 2.871822E-02 0.000000E+00 4.426935E+00 9.410387E+00 
1.473573E-01 3.508787E-03 4.124343E-01 1.719596E-01 -1.571807E+00 6.000000E-01 -1.106777E-01 8.591248E-01 2.671808E-02 2.945399E-03 4.243157E+00 8.437734E+00 
1.607311E-01 1.924188E-03 3.584067E-01 1.656715E-01 -1.435714E+00 5.914947E-01 -1.318128E-01 9.256036E-01 2.892833E-02 3.282126E-03 4.593859E+00 8.791983E+00 
9.498719E-02 5.519191E-02 3.301495E-01 1.493932E-01 -1.324603E+00 3.693311E-01 -5.771333E-02 9.498396E-01 2.908234E-02 8.008671E-03 4.630447E+00 9.099970E+00 
1.124655E-01 3.023664E-02 3.821531E-01 1.550743E-01 -9.714046E-01 2.648528E-01 -6.383350E-02 1.000843E+00 3.411351E-02 1.181625E-02 4.089944E+00 6.785632E+00 
1.532359E-01 1.220111E-02 3.222610E-01 1.642692E-01 -1.279829E+00 5.638466E-01 -9.867335E-02 7.626611E-01 3.325215E-02 6.449571E-03 4.746389E+00 5.841848E+00 
1.585170E-01 1.407845E-02 3.909261E-01 1.703902E-01 -1.412808E+00 5.835275E-01 -1.465646E-01 9.853960E-01 2.938195E-02 6.130319E-03 4.928677E+00 8.842478E+00 
1.632676E-01 7.770309E-03 3.478197E-01 1.684114E-01 -1.452895E+00 5.556375E-01 -1.082953E-01 8.734924E-01 3.073755E-02 2.513915E-03 4.122595E+00 9.073011E+00 
1.510031E-01 7.346923E-03 3.657553E-01 1.673360E-01 -1.474961E+00 5.562005E-01 -1.160262E-01 9.314362E-01 2.753746E-02 4.802040E-04 5.395178E+00 8.564882E+00 
1.496531E-01 1.000000E-04 3.204760E-01 1.616588E-01 -1.531224E+00 5.235947E-01 -7.168032E-02 9.265717E-01 2.627879E-02 3.073145E-03 3.011745E+00 9.807881E+00 
1.445481E-01 1.442259E-02 4.026805E-01 1.695151E-01 -1.514393E+00 5.732494E-01 -4.861654E-02 8.720264E-01 2.632569E-02 3.560824E-04 4.458333E+00 8.636368E+00 
1.321725E-01 2.740638E-03 3.783488E-01 1.668311E-01 -1.464920E+00 4.018050E-01 -1.230175E-01 7.555997E-01 2.834013E-02 7.174175E-03 4.006108E+00 1.088330E+01 
1.447790E-01 2.258691E-02 3.794053E-01 1.483383E-01 -1.120681E+00 3.266274E-01 -8.410863E-02 9.903195E-01 1.718818E-02 9.021693E-03 4.884642E+00 1.073700E+01 
1.779879E-01 5.268454E-03 3.637968E-01 1.740190E-01 -1.394406E+00 5.587412E-01 -1.592790E-01 8.927801E-01 3.339283E-02 3.346698E-03 4.348001E+00 8.572546E+00 
1.773085E-01 1.497799E-02 3.692529E-01 1.766752E-01 -1.696823E+00 5.575617E-01 -8.654752E-02 9.617591E-01 2.318770E-02 1.097226E-02 4.507490E+00 8.666274E+00 
1.646526E-01 2.026327E-02 3.880334E-01 1.717161E-01 -1.397963E+00 5.709490E-01 -1.159515E-01 9.042085E-01 3.210353E-02 4.571509E-03 4.364130E+00 6.219676E+00 
1.498418E-01 3.199430E-02 3.512305E-01 1.581584E-01 -1.598178E+00 5.887987E-01 -9.968585E-02 1.018511E+00 3.199628E-02 9.111555E-03 4.252958E+00 5.512269E+00 
1.266187E-01 7.260036E-03 3.352550E-01 1.662700E-01 -1.601644E+00 4.658953E-01 -5.781447E-02 9.256202E-01 2.896291E-02 4.945949E-03 3.893752E+00 1.054029E+01 
1.187653E-01 2.986776E-02 3.368390E-01 1.564679E-01 -1.065646E+00 2.888497E-01 -2.235436E-02 1.032702E+00 3.175318E-02 1.225873E-03 4.354677E+00 1.231049E+01 
1.249501E-01 3.178312E-02 3.950715E-01 1.594144E-01 -1.332821E+00 4.909845E-01 -8.413081E-02 9.237713E-01 3.002457E-02 5.653216E-03 4.435535E+00 1.068487E+01 
8.786913E-02 2.089741E-02 3.447474E-01 1.579470E-01 -1.517299E+00 5.476080E-01 -1.160872E-02 1.114238E+00 3.058180E-02 9.750814E-03 3.580328E+00 1.097117E+01 
1.589781E-01 7.371036E-03 3.484442E-01 1.625541E-01 -1.592134E+00 5.902566E-01 -1.318810E-01 9.408342E-01 3.339163E-02 4.032222E-03 3.958437E+00 9.083066E+00 
1.634388E-01 1.069947E-02 3.641277E-01 1.747535E-01 -1.405993E+00 5.850142E-01 -1.242611E-01 8.752852E-01 2.842872E-02 2.223286E-03 4.509419E+00 1.026639E+01 
1.499908E-01 4.599067E-03 3.556494E-01 1.608213E-01 -1.344072E+00 5.608140E-01 -9.334479E-02 1.036741E+00 2.892013E-02 4.227460E-03 4.050384E+00 1.142593E+01 
1.073232E-01 2.235335E-02 3.664111E-01 1.568728E-01 -1.156956E+00 5.889968E-01 -1.129511E-01 9.477508E-01 3.021201E-02 1.921548E-02 4.965458E+00 1.080511E+00 
1.555638E-01 1.208387E-02 3.689079E-01 1.685279E-01 -1.562770E+00 5.662183E-01 -6.574112E-02 8.933054E-01 3.021660E-02 3.657462E-04 5.292084E+00 1.867519E+00 
1.383625E-01 6.330824E-03 3.535610E-01 1.634272E-01 -1.559288E+00 5.450958E-01 -6.393140E-02 1.091752E+00 2.603542E-02 1.552423E-02 4.606147E+00 9.732448E+00 
1.146377E-01 1.778488E-02 3.333850E-01 1.643069E-01 -1.351946E+00 4.760757E-01 -7.795887E-02 9.406093E-01 3.219660E-02 4.897273E-03 4.270089E+00 8.149968E+00 
1.457536E-01 5.067219E-03 3.667235E-01 1.629230E-01 -1.658502E+00 5.348011E-01 -8.767069E-02 6.340136E-01 2.888940E-02 1.905615E-03 3.841666E+00 1.187510E+01 
1.034753E-01 8.297079E-03 3.746399E-01 1.771797E-01 -1.047788E+00 4.250269E-01 -5.712309E-02 1.034329E+00 2.918577E-02 8.369257E-03 2.261743E+00 8.646810E+00 
1.372721E-01 1.385751E-03 3.483938E-01 1.662315E-01 -1.358678E+00 5.112158E-01 -7.742626E-02 9.876492E-01 3.225069E-02 3.466880E-03 5.209370E+00 1.141099E+01 
1.364892E-01 7.247183E-03 3.586837E-01 1.629750E-01 -1.420655E+00 6.000000E-01 -1.071048E-01 1.029965E+00 2.748295E-02 3.257826E-03 3.128609E+00 9.733303E+00 
1.462604E-01 1.503886E-02 3.456159E-01 1.545277E-01 -1.268324E+00 5.765429E-01 -1.683152E-01 1.003777E+00 2.878834E-02 6.462098E-03 3.778449E+00 9.965741E+00 
1.554344E-01 6.837553E-03 3.547183E-01 1.716666E-01 -1.449287E+00 5.398302E-01 -1.099776E-01 1.083115E+00 2.853978E-02 4.153505E-03 3.814440E+00 8.038524E+00 
1.571867E-01 1.090604E-02 3.285564E-01 1.671522E-01 -1.189064E+00 5.832846E-01 -9.156833E-02 8.627200E-01 2.892676E-02 2.287841E-03 4.311752E+00 9.168534E+00 
1.014701E-01 2.697057E-02 3.974362E-01 1.618657E-01 -1.005494E+00 5.447845E-01 -1.460164E-01 7.879082E-01 3.118246E-02 2.016901E-02 4.545257E+00 8.944598E-01 
1.202986E-01 3.657869E-03 3.459093E-01 1.563122E-01 -1.285160E+00 4.534057E-01 -1.086215E-01 9.134184E-01 2.738962E-02 2.796132E-03 4.287749E+00 1.118112E+01 
1.311520E-01 6.962936E-03 3.509795E-01 1.638768E-01 -1.388029E+00 4.616004E-01 -6.094045E-02 9.207579E-01 3.044824E-02 3.708434E-03 5.076382E+00 1.167996E+01 
1.706557E-01 2.272899E-02 3.361386E-01 1.685475E-01 -1.304834E+00 5.136019E-01 -9.198770E-02 7.452191E-01 2.980518E-02 2.443821E-03 3.525782E+00 9.058181E+00 
1.319972E-01 4.344157E-02 3.747817E-01 1.632470E-01 -1.366089E+00 5.688570E-01 -1.304239E-01 8.008154E-01 2.608094E-02 1.641523E-02 4.561688E+00 9.736475E+00 
1.472646E-01 8.699777E-03 3.607989E-01 1.627992E-01 -1.227052E+00 3.658837E-01 -9.463687E-02 9.055721E-01 3.128909E-02 3.449435E-03 4.453675E+00 1.040037E+01 
1.507553E-01 1.240968E-02 3.691768E-01 1.654933E-01 -1.410832E+00 5.772601E-01 -1.148788E-01 9.184319E-01 3.035681E-02 4.283797E-03 4.345160E+00 9.680478E+00 
1.527979E-01 1.484617E-02 3.632533E-01 1.665270E-01 -1.123747E+00 4.927094E-01 -1.141377E-01 7.456833E-01 2.903879E-02 0.000000E+00 4.300368E+00 1.287482E+01 
1.738445E-01 3.534965E-03 3.738681E-01 1.587021E-01 -1.594865E+00 5.457136E-01 -1.491253E-01 8.295052E-01 2.988873E-02 4.552199E-03 5.033445E+00 1.068536E+01 
1.522291E-01 2.745297E-02 3.431316E-01 1.664152E-01 -1.435066E+00 5.516279E-01 -1.230184E-01 8.744441E-01 2.596474E-02 4.274233E-03 4.337348E+00 1.128857E+01 
1.731721E-01 1.167815E-02 3.632038E-01 1.701470E-01 -1.576490E+00 5.079215E-01 -8.035379E-02 1.090195E+00 2.963609E-02 1.040083E-02 3.952021E+00 7.358001E+00 
9.899082E-02 3.219653E-02 3.659408E-01 1.521607E-01 -1.427285E+00 3.775255E-01 -5.281844E-02 1.069737E+00 3.417167E-02 2.184000E-02 4.171775E+00 6.331183E+00 
1.297858E-01 1.211964E-02 3.545519E-01 1.692003E-01 -1.260917E+00 5.802475E-01 -1.213848E-01 8.798118E-01 2.680049E-02 2.909323E-03 4.400309E+00 8.769210E+00 
1.507204E-01 1.833184E-02 3.471179E-01 1.714779E-01 -1.568756E+00 5.767991E-01 -1.143420E-01 1.040566E+00 3.503310E-02 0.000000E+00 5.167865E+00 1.013769E+01 
1.589207E-01 1.516208E-02 3.767583E-01 1.672633E-01 -1.510211E+00 5.975103E-01 -1.095865E-01 1.003972E+00 3.245061E-02 1.135263E-03 3.482009E+00 8.055099E+00 
6.057735E-02 1.413688E-02 3.606106E-01 1.545797E-01 -1.529858E+00 5.494002E-01 -1.173389E-01 9.094365E-01 2.663508E-02 1.406999E-02 4.077126E+00 9.250490E+00 
1.497155E-01 7.043878E-03 3.647467E-01 1.618555E-01 -1.401658E+00 5.796304E-01 -1.003475E-01 8.649002E-01 2.840023E-02 2.267193E-03 4.161673E+00 9.172852E+00 
1.573919E-01 1.192716E-02 3.693066E-01 1.733445E-01 -1.459317E+00 5.313678E-01 -7.884108E-02 8.971356E-01 2.940347E-02 2.499529E-03 5.011435E+00 9.474455E+00 
1.689766E-01 1.383805E-03 3.806265E-01 1.722422E-01 -1.294946E+00 5.920757E-01 -1.453278E-01 9.040670E-01 2.882906E-02 2.750956E-03 4.437193E+00 1.009227E+01 
1.461186E-01 1.666494E-02 3.579365E-01 1.686469E-01 -1.245609E+00 5.493371E-01 -1.377068E-01 8.537641E-01 2.813111E-02 2.163231E-03 4.253370E+00 8.162211E+00 
1.455082E-01 9.177361E-04 3.482792E-01 1.779514E-01 -1.562405E+00 5.758199E-01 -1.148988E-01 9.343511E-01 2.841466E-02 9.187564E-04 4.750246E+00 1.049546E+01 
1.654075E-01 1.511165E-02 3.204650E-01 1.743795E-01 -1.435103E+00 5.872404E-01 -1.228794E-01 1.053258E+00 2.675142E-02 5.103119E-03 4.538332E+00 8.475232E+00 
1.663765E-01 1.098524E-02 3.625919E-01 1.684754E-01 -1.846144E+00 5.211083E-01 -1.003966E-01 8.919260E-01 2.722062E-02 5.556136E-04 3.881968E+00 8.158359E+00 
6.448784E-02 2.817295E-02 3.920169E-01 1.590387E-01 -1.207514E+00 4.084169E-01 -8.110708E-02 1.014344E+00 3.117465E-02 6.677151E-03 4.455480E+00 5.435456E+00 
1.587134E-01 2.530669E-02 3.623047E-01 1.745525E-01 -1.464505E+00 5.882097E-01 -1.460264E-01 9.028509E-01 2.855642E-02 3.296539E-03 4.451929E+00 9.221926E+00 
1.528569E-01 9.249770E-03 3.848791E-01 1.623519E-01 -1.002015E+00 5.456246E-01 -7.730211E-02 1.029589E+00 3.055296E-02 8.230104E-03 4.138517E+00 8.366015E+00 
1.501063E-01 1.151359E-02 3.457349E-01 1.582281E-01 -9.017427E-01 5.466027E-01 -1.163803E-01 6.696667E-01 2.890198E-02 5.836044E-03 3.266450E+00 9.719533E+00 
1.325297E-01 2.129273E-02 3.387841E-01 1.555417E-01 -1.381389E+00 5.352059E-01 -8.335240E-02 6.704563E-01 3.316727E-02 4.848177E-03 4.655583E+00 5.288724E+00 
1.315464E-01 3.541713E-02 3.593883E-01 1.584406E-01 -1.273440E+00 5.352084E-01 -7.387677E-02 1.068440E+00 2.947413E-02 3.582845E-03 3.827022E+00 4.333160E+00 
1.660221E-01 9.703558E-03 3.607225E-01 1.666663E-01 -1.525466E+00 5.970654E-01 -1.547134E-01 8.836859E-01 3.111095E-02 2.575707E-03 4.721088E+00 9.412549E+00 
1.877231E-01 1.706244E-02 3.255384E-01 1.602547E-01 -1.264798E+00 5.120983E-01 -1.416414E-01 9.837197E-01 2.775675E-02 5.787080E-03 4.146514E+00 9.314660E+00 
1.294375E-01 4.297304E-04 3.562943E-01 1.692639E-01 -1.496415E+00 5.218053E-01 -9.687142E-02 8.644139E-01 2.885261E-02 2.626173E-03 4.104693E+00 7.824289E+00 
1.185465E-01 1.050301E-02 4.372121E-01 1.661896E-01 -1.341763E+00 4.114097E-01 -6.345441E-02 9.657120E-01 3.594275E-02 3.683440E-03 4.332745E+00 1.002700E+01 
1.815112E-01 8.607085E-03 3.738204E-01 1.641631E-01 -1.446340E+00 5.765172E-01 -1.570407E-01 8.798475E-01 2.852545E-02 3.461162E-03 4.576865E+00 8.936600E+00 
1.743539E-01 1.000000E-04 3.610323E-01 1.692890E-01 -1.405939E+00 5.672326E-01 -1.303074E-01 9.760995E-01 2.656420E-02 3.006869E-03 4.045311E+00 6.183082E+00 
1.586734E-01 2.023296E-02 3.567539E-01 1.624538E-01 -1.510555E+00 5.617532E-01 -6.425550E-02 8.755786E-01 2.813464E-02 3.589832E-03 4.178088E+00 9.032964E+00 
1.496809E-01 1.074236E-02 3.833588E-01 1.661127E-01 -1.353198E+00 5.754363E-01 -6.817577E-02 9.767687E-01 3.028322E-02 5.141133E-03 3.619818E+00 1.008245E+01 
1.493836E-01 8.488303E-03 3.604092E-01 1.589080E-01 -1.324674E+00 5.530085E-01 -1.154217E-01 1.034447E+00 3.403510E-02 3.410347E-03 5.078665E+00 8.842518E+00 
1.454526E-01 2.042081E-02 3.195886E-01 1.617232E-01 -1.433806E+00 4.792847E-01 -7.188743E-02 8.568000E-01 4.164291E-02 8.217749E-03 4.916566E+00 8.464372E+00 
1.530910E-01 1.514736E-02 3.579772E-01 1.666362E-01 -1.374344E+00 5.907970E-01 -1.066591E-01 9.535664E-01 2.435430E-02 2.126357E-02 4.352209E+00 9.516868E+00 
1.370383E-01 7.856581E-03 3.447720E-01 1.712258E-01 -1.512230E+00 5.404998E-01 -3.204025E-02 8.372355E-01 2.762182E-02 0.000000E+00 4.418653E+00 1.284681E+01 
1.521034E-01 1.790529E-03 3.576312E-01 1.618690E-01 -1.351595E+00 5.758645E-01 -9.357490E-02 8.251938E-01 3.065759E-02 1.788937E-03 5.359678E+00 8.941219E+00 
1.737775E-01 5.145278E-03 3.780706E-01 1.712678E-01 -1.773859E+00 5.632138E-01 -2.879752E-02 8.382566E-01 2.960159E-02 3.961728E-03 4.185261E+00 1.075379E+01 
1.536611E-01 5.446159E-03 3.495768E-01 1.675115E-01 -1.480151E+00 4.508867E-01 -5.358541E-02 8.309344E-01 3.063264E-02 1.327080E-03 4.463481E+00 1.259742E+01 
1.600414E-01 3.109544E-02 3.722742E-01 1.706261E-01 -1.276608E+00 5.407882E-01 -1.297010E-01 1.027798E+00 3.096086E-02 4.198174E-03 4.366545E+00 6.772431E+00 
1.704531E-01 1.493083E-02 3.616001E-01 1.688024E-01 -1.653264E+00 5.961312E-01 -7.888379E-02 9.166293E-01 3.020250E-02 2.892820E-03 5.271016E+00 9.594358E+00 
1.129699E-01 4.059254E-02 3.615945E-01 1.727513E-01 -1.478849E+00 6.000000E-01 -1.612948E-01 8.995174E-01 2.759122E-02 0.000000E+00 3.630645E+00 1.013764E+01 
1.618530E-01 1.511800E-02 3.868980E-01 1.704811E-01 -1.245667E+00 5.892348E-01 -1.051882E-01 8.943787E-01 2.815425E-02 3.879433E-03 3.774613E+00 1.008018E+01 
1.432235E-01 1.538124E-02 4.061777E-01 1.631791E-01 -1.534174E+00 5.809727E-01 -2.877731E-02 9.641139E-01 2.830265E-02 5.185346E-03 4.180438E+00 8.649980E+00 
1.566337E-01 1.165810E-02 3.640383E-01 1.680589E-01 -1.530432E+00 5.163810E-01 -9.575737E-02 8.443090E-01 3.108129E-02 6.422983E-04 3.585516E+00 8.215039E+00 
1.985853E-01 4.048178E-03 3.529065E-01 1.792687E-01 -1.832509E+00 5.342346E-01 -1.010869E-01 9.357053E-01 3.164873E-02 1.354694E-03 4.697589E+00 8.458383E+00 
1.548298E-01 8.822071E-03 3.685428E-01 1.689073E-01 -1.231993E+00 5.746856E-01 -1.280710E-01 8.146715E-01 2.869422E-02 3.761698E-03 4.642961E+00 1.102068E+01 
1.466779E-01 3.085050E-03 3.620403E-01 1.684053E-01 -1.686610E+00 5.680339E-01 -1.334964E-01 8.732524E-01 3.041207E-02 3.680000E-03 3.726577E+00 7.945373E+00 
1.540876E-01 6.685873E-03 3.626708E-01 1.672247E-01 -1.378362E+00 5.718688E-01 -7.730589E-02 8.266053E-01 2.914621E-02 2.984321E-03 4.043733E+00 8.760957E+00 
1.305894E-01 2.805234E-02 3.603848E-01 1.582880E-01 -1.414371E+00 4.809597E-01 -9.734695E-02 1.074031E+00 3.259070E-02 4.403914E-03 5.918776E+00 1.050908E+01 
1.372623E-01 2.155161E-02 3.318622E-01 1.544017E-01 -1.552113E+00 5.593437E-01 -7.147436E-02 8.131358E-01 3.070966E-02 2.710876E-03 2.946064E+00 1.005945E+01 
1.583640E-01 8.158151E-03 3.644047E-01 1.712263E-01 -1.480687E+00 5.805832E-01 -1.236158E-01 9.297941E-01 2.835294E-02 3.162989E-03 4.152371E+00 4.487339E+00 
1.567901E-01 7.016374E-03 3.529542E-01 1.658217E-01 -1.311309E+00 6.000000E-01 -1.120463E-01 8.876758E-01 2.979396E-02 5.857259E-03 4.575172E+00 9.039533E+00 
1.524864E-01 1.023010E-02 3.324644E-01 1.597834E-01 -1.359857E+00 5.518742E-01 -5.462126E-02 8.895178E-01 2.707840E-02 8.975684E-03 4.331895E+00 9.705760E+00 
1.446370E-01 1.974316E-02 3.591692E-01 1.585465E-01 -1.652428E+00 5.877393E-01 -1.309887E-01 9.206276E-01 3.148001E-02 2.535918E-03 4.121563E+00 8.601157E+00 
1.323543E-01 1.130357E-02 3.429315E-01 1.720565E-01 -1.561404E+00 5.587236E-01 -6.000749E-02 8.549848E-01 3.028879E-02 4.513408E-03 4.840175E+00 8.592240E+00 
1.687731E-01 1.407768E-02 3.535618E-01 1.649056E-01 -1.457547E+00 5.266609E-01 -9.074515E-02 1.007206E+00 3.022036E-02 4.949756E-03 4.760865E+00 8.615940E+00 
1.529053E-01 2.956982E-02 3.673888E-01 1.616749E-01 -8.788556E-01 5.613597E-01 -9.074848E-02 8.181964E-01 2.976119E-02 1.328377E-02 7.129498E+00 7.677271E+00 
1.414486E-01 9.194455E-03 3.387834E-01 1.882981E-01 -1.218220E+00 5.461223E-01 -1.547214E-01 8.666710E-01 2.543576E-02 4.329727E-04 5.540831E+00 8.900025E+00 
4.498398E-02 6.991707E-02 2.832345E-01 1.599922E-01 -1.167271E+00 3.957311E-01 -8.069380E-02 1.099205E+00 2.598508E-02 6.510530E-03 4.752017E+00 7.556658E+00 
1.495233E-01 2.502156E-02 3.816579E-01 1.588711E-01 -1.203980E+00 5.788435E-01 -1.232160E-01 9.556749E-01 3.169180E-02 1.636366E-02 4.258645E+00 5.931709E+00 
1.894205E-01 2.775014E-03 3.712448E-01 1.766181E-01 -1.336963E+00 5.894638E-01 -1.247495E-01 9.211397E-01 2.985123E-02 3.293850E-03 4.432490E+00 7.274988E+00 
1.591535E-01 1.078856E-02 3.770252E-01 1.691883E-01 -1.438439E+00 5.827882E-01 -9.814680E-02 1.016048E+00 2.812222E-02 5.048131E-03 4.340580E+00 9.101477E+00 
1.661001E-01 9.318588E-03 3.532133E-01 1.802415E-01 -1.483775E+00 5.760387E-01 -1.367338E-01 8.514503E-01 2.990047E-02 5.750100E-03 4.862737E+00 9.827968E+00 
1.412685E-01 1.404042E-02 3.529860E-01 1.689854E-01 -1.400801E+00 5.862479E-01 -1.055485E-01 9.838407E-01 2.422793E-02 3.577845E-03 4.478384E+00 8.809791E+00 
1.402350E-01 9.483798E-03 3.634879E-01 1.623546E-01 -1.490178E+00 5.632059E-01 -1.317189E-01 8.460221E-01 2.718267E-02 1.765371E-03 4.219956E+00 9.541717E+00 
1.495777E-01 2.267074E-02 3.533964E-01 1.645245E-01 -1.490820E+00 3.998190E-01 -1.000000E-02 1.022432E+00 2.925640E-02 1.923002E-03 4.483505E+00 8.175383E+00 
1.648169E-01 3.867554E-02 4.066512E-01 1.662086E-01 -1.260291E+00 5.692800E-01 -1.875807E-01 1.092221E+00 3.505869E-02 1.180126E-03 4.945515E+00 7.871912E+00 
1.537998E-01 1.073831E-02 3.598862E-01 1.646010E-01 -1.386774E+00 4.845216E-01 -7.983897E-02 9.091371E-01 2.517702E-02 2.135204E-03 5.096430E+00 7.549549E+00 
1.483703E-01 1.151153E-02 3.628144E-01 1.701824E-01 -1.357410E+00 5.998830E-01 -9.892313E-02 9.727494E-01 3.023032E-02 1.132501E-02 3.294320E+00 6.921845E+00 
1.629938E-01 2.228824E-02 3.516394E-01 1.684965E-01 -1.338873E+00 5.503191E-01 -6.922755E-02 8.911528E-01 2.541874E-02 6.819409E-03 3.663532E+00 9.559079E+00 
1.469900E-01 7.341523E-03 3.532992E-01 1.673676E-01 -1.396755E+00 6.000000E-01 -9.315888E-02 1.130013E+00 2.932989E-02 2.951156E-03 4.731954E+00 7.167637E+00 
1.474289E-01 9.494034E-03 3.684502E-01 1.679343E-01 -1.454725E+00 5.896399E-01 -6.324760E-02 8.763269E-01 2.725913E-02 2.887134E-03 3.990542E+00 8.059017E+00 
1.541244E-01 1.514405E-02 3.385967E-01 1.720885E-01 -1.484785E+00 5.633720E-01 -1.269745E-01 9.270580E-01 3.036077E-02 3.357594E-03 4.281934E+00 7.603403E+00 
1.221982E-01 7.888620E-02 3.231574E-01 1.746542E-01 -1.258121E+00 3.201104E-01 -9.291038E-02 8.254813E-01 2.895427E-02 5.915413E-03 4.341697E+00 9.140056E+00 
1.726138E-01 9.455624E-03 3.373244E-01 1.691440E-01 -1.283899E+00 5.962625E-01 -1.360622E-01 8.392987E-01 2.651401E-02 4.798317E-03 4.698271E+00 8.366675E+00 
1.669502E-01 1.002250E-02 3.768399E-01 1.666030E-01 -1.473079E+00 5.966793E-01 -1.468700E-01 9.080606E-01 2.472298E-02 1.626084E-03 4.153190E+00 9.449927E+00 
1.539654E-01 3.957971E-02 3.578584E-01 1.610466E-01 -1.464647E+00 5.235986E-01 -6.828570E-02 5.551909E-01 3.054270E-02 5.845578E-03 3.986840E+00 8.261883E+00 
1.040999E-01 1.566116E-02 3.517173E-01 1.767611E-01 -1.453183E+00 5.580272E-01 -2.000000E-01 1.007945E+00 3.260102E-02 1.320885E-02 4.533056E+00 9.416462E+00 
1.609914E-01 1.507692E-02 4.066246E-01 1.637788E-01 -1.319398E+00 5.499656E-01 -1.005273E-01 8.769485E-01 2.830217E-02 2.797627E-03 2.978058E+00 8.861422E+00 
1.625552E-01 1.199185E-02 3.639648E-01 1.654775E-01 -1.482345E+00 5.822786E-01 -1.004695E-01 9.355570E-01 2.384504E-02 3.911504E-03 4.635311E+00 7.782447E+00 
1.362847E-01 2.178025E-02 3.757583E-01 1.694643E-01 -1.358804E+00 5.809795E-01 -1.187740E-01 1.088377E+00 2.894412E-02 4.352105E-03 4.515026E+00 9.737019E+00 
1.302253E-01 1.000000E-04 3.190004E-01 1.641464E-01 -1.632353E+00 4.803279E-01 -5.022331E-02 1.047884E+00 2.324294E-02 1.911392E-02 4.118913E+00 1.233308E+01 
1.119857E-01 3.663653E-02 3.568360E-01 1.650027E-01 -1.254127E+00 3.965131E-01 -9.564127E-02 8.881984E-01 2.666760E-02 3.877382E-03 4.719497E+00 9.039460E+00 
1.701651E-01 1.681172E-02 3.672901E-01 1.723593E-01 -1.440601E+00 5.207607E-01 -5.464122E-02 9.687922E-01 2.729579E-02 3.611870E-03 4.470469E+00 8.626215E+00 
1.559962E-01 6.209878E-03 3.577166E-01 1.711512E-01 -1.393641E+00 5.904871E-01 -1.195024E-01 8.975914E-01 3.141284E-02 3.269713E-03 4.625241E+00 7.869268E+00 
1.318257E-01 3.959186E-03 3.645657E-01 1.700659E-01 -1.562898E+00 5.982055E-01 -9.497048E-02 1.036517E+00 3.392241E-02 2.002722E-02 2.872506E+00 8.497128E+00 
1.640380E-01 1.176391E-02 3.700813E-01 1.692741E-01 -1.518016E+00 4.466301E-01 -8.491060E-02 1.004906E+00 2.777561E-02 2.600585E-03 4.666593E+00 1.067122E+01 
1.618881E-01 5.221477E-03 3.635720E-01 1.713415E-01 -1.436699E+00 6.000000E-01 -9.765330E-02 9.668618E-01 2.863849E-02 2.067929E-03 4.894444E+00 9.852304E+00 
1.425867E-01 1.226916E-02 3.768966E-01 1.657177E-01 -1.388448E+00 5.118223E-01 -4.239905E-02 8.693544E-01 2.348543E-02 6.344648E-03 4.377230E+00 9.046585E+00 
1.166831E-01 1.050867E-02 3.440125E-01 1.767494E-01 -1.547756E+00 5.442366E-01 -1.155133E-01 9.837741E-01 3.046333E-02 1.084528E-03 4.404162E+00 8.232684E+00 
1.641294E-01 1.107518E-02 3.827805E-01 1.623621E-01 -1.229210E+00 4.145209E-01 -7.561374E-02 9.344869E-01 3.060836E-02 2.952355E-03 4.291985E+00 8.987943E+00 
8.849297E-02 1.754319E-02 3.295501E-01 1.549278E-01 -1.089740E+00 3.941063E-01 -5.596194E-02 1.050208E+00 3.056985E-02 1.163917E-02 4.528598E+00 4.924208E+00 
1.235854E-01 2.434170E-02 3.539289E-01 1.669884E-01 -1.519173E+00 5.600178E-01 -6.972735E-02 9.350224E-01 3.047908E-02 1.096623E-02 2.655615E+00 7.915078E+00 
1.420073E-01 4.011129E-03 3.560444E-01 1.657097E-01 -1.320773E+00 5.550441E-01 -8.713535E-02 8.881051E-01 2.803422E-02 3.674878E-03 4.647884E+00 9.825598E+00 
1.245973E-01 1.141043E-02 3.332784E-01 1.659320E-01 -1.106303E+00 5.035920E-01 -7.713069E-02 9.943612E-01 3.091160E-02 9.747483E-03 4.431819E+00 9.564551E+00 
1.600055E-01 7.724006E-03 3.510109E-01 1.664967E-01 -1.279148E+00 5.905879E-01 -8.576878E-02 8.009810E-01 3.302861E-02 5.416123E-05 4.548200E+00 1.049010E+01 
1.107435E-01 5.057448E-02 3.578939E-01 1.558414E-01 -1.555331E+00 4.989549E-01 -1.277738E-01 8.369890E-01 2.357490E-02 1.937800E-02 4.394619E+00 7.694406E+00 
1.633792E-01 1.207861E-02 3.710562E-01 1.701101E-01 -1.364173E+00 5.822718E-01 -1.197968E-01 8.401868E-01 3.227520E-02 3.505540E-03 4.082638E+00 9.922937E+00 
1.578299E-01 1.004396E-02 3.658219E-01 1.607510E-01 -1.376391E+00 5.879008E-01 -1.069947E-01 9.241316E-01 3.089789E-02 2.167431E-03 4.476778E+00 1.159566E+01 
1.388686E-01 4.620501E-03 3.513450E-01 1.644256E-01 -1.579398E+00 3.313604E-01 -5.338265E-02 9.741075E-01 2.830609E-02 0.000000E+00 5.055343E+00 9.122878E+00 
9.325433E-02 7.131036E-02 2.959092E-01 1.615578E-01 -1.047353E+00 3.621275E-01 -7.015581E-02 1.048910E+00 3.910011E-02 2.107258E-02 4.947668E+00 7.375216E+00 
1.023390E-01 4.637880E-02 4.015190E-01 1.565141E-01 -1.480146E+00 5.432145E-01 -1.619487E-01 7.754309E-01 3.484997E-02 1.797372E-02 4.276747E+00 7.292597E+00 
4.294553E-02 3.047806E-02 3.404496E-01 1.586982E-01 -1.119281E+00 4.810734E-01 -4.504768E-02 8.333226E-01 2.934087E-02 9.002666E-03 4.099112E+00 1.039835E+01 
7.350530E-02 3.609395E-02 3.535988E-01 1.438685E-01 -1.137207E+00 4.767942E-01 -4.542177E-02 9.417979E-01 3.005940E-02 1.990960E-02 4.875832E+00 1.272663E+01 
1.711222E-01 1.064704E-02 3.737580E-01 1.646590E-01 -1.649689E+00 5.766499E-01 -1.486721E-01 9.265632E-01 2.825122E-02 3.176556E-03 4.808689E+00 9.611147E+00 
1.553927E-01 1.870325E-02 3.429591E-01 1.691788E-01 -1.586746E+00 5.825074E-01 -4.122401E-02 8.991278E-01 4.271338E-02 4.333782E-03 4.856408E+00 6.776107E+00 
1.602107E-01 1.000000E-04 3.604983E-01 1.838727E-01 -1.412011E+00 5.701138E-01 -8.613230E-02 9.500038E-01 3.008231E-02 3.795446E-03 4.298300E+00 7.247912E+00 
1.347784E-01 1.153644E-02 3.550328E-01 1.629638E-01 -1.387571E+00 6.000000E-01 -1.120568E-01 9.753388E-01 2.868143E-02 6.220327E-03 4.245806E+00 9.283723E+00 
1.439463E-01 1.277770E-02 3.454400E-01 1.725674E-01 -1.442018E+00 4.887931E-01 -5.815587E-02 9.634125E-01 3.276134E-02 3.631615E-03 4.368997E+00 1.032345E+01 
