1.343397E-01 9.214912E-03 3.568185E-01 1.657292E-01 -1.458255E+00 5.318259E-01 -8.676750E-02 9.222474E-01 3.122856E-02 2.808611E-03 4.266384E+00 1.019227E+01 
1.469766E-01 3.992487E-03 3.398753E-01 1.631352E-01 -1.358681E+00 4.930251E-01 -1.044979E-01 1.137094E+00 2.591079E-02 3.231694E-03 4.652377E+00 8.546100E+00 
1.534944E-01 4.171214E-03 3.590636E-01 1.626085E-01 -1.657533E+00 4.766194E-01 -7.999529E-02 8.894196E-01 3.058297E-02 0.000000E+00 4.759213E+00 1.048873E+01 
1.718439E-01 1.138338E-02 3.567660E-01 1.723114E-01 -1.383445E+00 6.000000E-01 -9.574165E-02 8.831616E-01 2.875694E-02 2.031409E-03 3.882034E+00 1.026264E+01 
1.465668E-01 1.000000E-04 3.490814E-01 1.606367E-01 -1.311051E+00 5.655441E-01 -2.706354E-02 9.557602E-01 2.839471E-02 3.761298E-03 4.176305E+00 1.095047E+01 
1.506934E-01 1.314844E-02 3.544029E-01 1.645199E-01 -1.558574E+00 5.509424E-01 -1.280768E-01 8.434575E-01 2.894936E-02 2.140055E-03 5.725305E+00 8.897699E+00 
1.681717E-01 2.477705E-02 3.716135E-01 1.802295E-01 -1.436919E+00 5.620819E-01 -7.961756E-02 9.873030E-01 2.565507E-02 1.797828E-03 4.125342E+00 1.011404E+01 
1.242242E-01 7.216930E-03 3.569805E-01 1.694176E-01 -1.531676E+00 5.734754E-01 -2.000000E-01 8.952525E-01 3.149344E-02 4.590158E-03 5.039902E+00 9.031394E+00 
1.631808E-01 2.045998E-02 3.615210E-01 1.755602E-01 -1.483278E+00 5.356750E-01 -1.627049E-01 1.090287E+00 3.016572E-02 5.863627E-03 3.958386E+00 6.584602E+00 
1.477114E-01 4.231789E-02 3.446488E-01 1.309128E-01 -1.520635E+00 4.033135E-01 -1.507893E-01 1.111567E+00 2.395520E-02 6.120803E-03 4.399043E+00 7.558810E+00 
1.464465E-01 2.898265E-02 3.389256E-01 1.700016E-01 -1.389248E+00 5.499737E-01 -9.669877E-02 1.036250E+00 3.589138E-02 4.762815E-03 5.759831E+00 9.216086E+00 
1.956917E-01 1.183100E-02 3.762316E-01 1.772599E-01 -1.159195E+00 5.615152E-01 -1.000171E-01 1.044451E+00 2.926891E-02 4.841481E-03 3.089359E+00 7.055496E+00 
1.752130E-01 1.145947E-02 3.609874E-01 1.703784E-01 -1.269974E+00 5.871368E-01 -1.249226E-01 9.495294E-01 2.938660E-02 1.238225E-03 4.152992E+00 1.004299E+01 
1.502991E-01 1.602189E-02 3.431956E-01 1.676461E-01 -1.490622E+00 5.809504E-01 -1.253134E-01 9.072114E-01 2.719149E-02 1.772934E-03 4.141105E+00 9.336975E+00 
1.737700E-01 7.484036E-03 3.476791E-01 1.679533E-01 -1.470673E+00 5.639231E-01 -1.275543E-01 8.569087E-01 3.057840E-02 2.007309E-03 4.492726E+00 1.197711E+01 
1.422146E-01 2.032229E-02 3.483668E-01 1.691343E-01 -1.378427E+00 5.708316E-01 -1.989750E-02 1.048298E+00 3.165304E-02 9.253317E-03 4.747415E+00 5.410291E+00 
1.541778E-01 6.250464E-03 3.564766E-01 1.692365E-01 -1.137082E+00 5.714601E-01 -1.209477E-01 9.550676E-01 2.610631E-02 3.332780E-03 4.866507E+00 8.931016E+00 
1.694152E-01 3.701531E-02 3.547323E-01 1.692604E-01 -1.359635E+00 4.805244E-01 -8.564705E-02 1.062445E+00 2.680071E-02 3.958773E-03 3.427329E+00 8.649812E+00 
1.492618E-01 2.799473E-03 3.415576E-01 1.692737E-01 -1.728912E+00 5.958124E-01 -1.178313E-01 9.883814E-01 2.785332E-02 0.000000E+00 4.401825E+00 9.514972E+00 
1.257017E-01 2.245401E-02 3.796735E-01 1.703172E-01 -1.511824E+00 5.804256E-01 -1.217136E-01 1.054028E+00 2.493095E-02 6.511898E-03 4.681499E+00 9.473745E+00 
1.063904E-01 6.642318E-03 3.744208E-01 1.874029E-01 -1.419352E+00 5.953674E-01 -3.742475E-02 8.769858E-01 2.940892E-02 1.246598E-03 2.319360E+00 8.071352E+00 
4.630818E-02 1.927230E-02 3.724773E-01 1.421644E-01 -1.472414E+00 4.939844E-01 -1.203346E-01 1.135788E+00 2.354623E-02 4.843421E-03 4.220972E+00 9.048583E+00 
1.585350E-01 5.976818E-03 3.547288E-01 1.685908E-01 -1.524771E+00 5.633122E-01 -1.299962E-01 9.346977E-01 3.103090E-02 2.492601E-03 4.811685E+00 9.811379E+00 
1.399369E-01 7.830740E-03 3.866492E-01 1.659988E-01 -1.253363E+00 4.958550E-01 -1.007507E-01 1.130797E+00 2.856601E-02 1.655612E-03 4.887269E+00 9.834021E+00 
1.683975E-01 1.719022E-02 3.257909E-01 1.741423E-01 -1.551845E+00 5.675868E-01 -9.308968E-02 1.047635E+00 2.908821E-02 1.208549E-03 4.399867E+00 1.049848E+01 
1.669926E-01 1.210859E-02 3.881148E-01 1.704610E-01 -1.176266E+00 5.486812E-01 -1.347555E-01 8.871249E-01 2.574443E-02 4.599227E-03 5.309802E+00 8.828981E+00 
1.507619E-01 1.283630E-02 3.489240E-01 1.659568E-01 -1.415273E+00 5.747818E-01 -1.144625E-01 9.307429E-01 3.000271E-02 6.374573E-03 4.321033E+00 9.652631E+00 
1.483157E-01 1.216026E-02 3.454609E-01 1.556305E-01 -1.178069E+00 5.538573E-01 -1.326992E-01 9.025141E-01 2.804415E-02 2.042871E-03 6.020333E+00 9.397649E+00 
1.683163E-01 1.474221E-02 3.736507E-01 1.738704E-01 -1.589116E+00 4.199906E-01 -1.135488E-01 9.363832E-01 2.988816E-02 4.117053E-03 3.630803E+00 9.430035E+00 
6.679158E-02 4.378948E-02 3.753536E-01 1.481630E-01 -1.460200E+00 3.894131E-01 -6.918982E-02 1.009742E+00 2.788013E-02 7.601078E-03 5.338987E+00 6.874160E+00 
1.533821E-01 1.000000E-04 3.359250E-01 1.777296E-01 -1.488439E+00 5.949312E-01 -1.270488E-01 8.604261E-01 2.798692E-02 2.582095E-03 3.625370E+00 8.556457E+00 
1.721505E-01 4.927397E-03 3.634400E-01 1.634567E-01 -1.230889E+00 5.650893E-01 -6.594279E-02 1.058944E+00 2.469313E-02 4.231616E-03 4.726185E+00 9.935916E+00 
1.638583E-01 9.984623E-03 3.672203E-01 1.707082E-01 -1.353923E+00 5.868190E-01 -1.246623E-01 9.853129E-01 3.082500E-02 9.183625E-04 3.899488E+00 9.028811E+00 
1.538974E-01 1.239570E-02 3.601019E-01 1.795998E-01 -1.428990E+00 5.842889E-01 -9.709054E-02 9.779591E-01 2.923849E-02 1.358583E-03 4.187620E+00 9.059862E+00 
1.701216E-01 3.145753E-03 3.630740E-01 1.732446E-01 -1.460220E+00 5.479118E-01 -7.725330E-02 8.843002E-01 2.425405E-02 2.668548E-03 4.479686E+00 6.083283E+00 
4.113527E-02 2.821480E-02 2.888350E-01 1.535325E-01 -1.397436E+00 3.196599E-01 -6.941343E-02 8.261593E-01 2.723797E-02 1.180146E-02 4.734518E+00 6.523528E+00 
1.319114E-01 1.370733E-02 4.111539E-01 1.722857E-01 -1.315487E+00 6.000000E-01 -1.803357E-01 9.228373E-01 2.673264E-02 2.301201E-03 4.853350E+00 8.961302E+00 
1.883790E-01 5.623851E-04 3.620200E-01 1.747540E-01 -1.349724E+00 5.310754E-01 -8.372494E-02 9.682661E-01 3.069792E-02 0.000000E+00 4.266572E+00 8.073541E+00 
1.599782E-01 1.052140E-02 3.544579E-01 1.700884E-01 -1.446713E+00 5.674392E-01 -1.181941E-01 9.455270E-01 3.042585E-02 2.845776E-03 4.283840E+00 8.481532E+00 
6.499368E-02 3.062133E-02 3.129120E-01 1.665700E-01 -1.310036E+00 4.240901E-01 -9.484100E-02 9.559404E-01 3.634626E-02 8.242532E-04 3.895954E+00 1.305292E+01 
4.016925E-02 1.547879E-02 3.067151E-01 1.627096E-01 -1.378420E+00 5.760553E-01 -5.384547E-02 9.712706E-01 2.852465E-02 4.230946E-03 4.068548E+00 1.045989E+01 
1.626259E-01 1.425016E-02 3.563213E-01 1.692537E-01 -1.331061E+00 6.000000E-01 -1.332754E-01 8.241444E-01 2.940757E-02 5.999382E-03 4.359630E+00 1.067227E+01 
1.580833E-01 1.302839E-02 3.623776E-01 1.705037E-01 -1.390462E+00 5.955928E-01 -1.555566E-01 9.763126E-01 3.109454E-02 3.831808E-03 4.111593E+00 8.327849E+00 
1.691919E-01 9.110167E-03 3.528239E-01 1.697433E-01 -1.437206E+00 5.662063E-01 -1.305693E-01 7.750429E-01 3.155484E-02 3.823898E-03 4.030562E+00 1.039984E+01 
1.604263E-01 2.567346E-03 3.342506E-01 1.727504E-01 -1.550257E+00 6.000000E-01 -1.093177E-01 9.069984E-01 2.913189E-02 1.935480E-03 4.379718E+00 8.297429E+00 
1.028331E-01 4.163305E-02 3.312889E-01 1.445845E-01 -1.139502E+00 3.797200E-01 -6.061701E-02 9.315333E-01 3.029657E-02 2.049736E-02 4.608552E+00 1.356662E+01 
7.104364E-02 4.406376E-02 3.409627E-01 1.519492E-01 -1.364066E+00 4.378820E-01 -7.184791E-02 8.922125E-01 3.083148E-02 2.709601E-03 4.218094E+00 8.492060E+00 
1.336675E-01 1.088430E-02 3.494837E-01 1.669588E-01 -1.339786E+00 6.000000E-01 -6.789461E-02 1.055317E+00 2.757955E-02 3.223547E-03 4.834812E+00 1.000815E+01 
1.554706E-01 1.130516E-02 3.698638E-01 1.679550E-01 -1.448861E+00 5.685871E-01 -1.627621E-01 9.954346E-01 2.487152E-02 5.450932E-03 5.060546E+00 8.340058E+00 
1.471207E-01 1.478950E-02 3.351464E-01 1.667064E-01 -1.285360E+00 5.707115E-01 -8.011808E-02 1.045316E+00 2.745523E-02 2.715123E-03 4.723004E+00 9.928003E+00 
1.712663E-01 1.207356E-02 3.819436E-01 1.734545E-01 -1.446660E+00 5.933720E-01 -1.312878E-01 9.931613E-01 3.321502E-02 1.530881E-03 3.751893E+00 8.569437E+00 
1.307045E-01 1.902631E-02 3.952733E-01 1.607463E-01 -1.543706E+00 4.871414E-01 -8.746998E-02 8.754090E-01 3.102022E-02 2.139493E-03 4.058477E+00 1.058610E+01 
1.357612E-01 3.072348E-02 3.683787E-01 1.763849E-01 -1.464388E+00 5.688592E-01 -1.065705E-01 1.036765E+00 3.136465E-02 6.372260E-03 3.945233E+00 9.299167E+00 
1.503922E-01 9.758218E-03 3.829851E-01 1.766133E-01 -1.581305E+00 5.970267E-01 -8.250034E-02 9.409550E-01 3.046609E-02 3.445079E-03 4.094564E+00 9.818765E+00 
1.608824E-01 1.264846E-02 3.457902E-01 1.687239E-01 -1.479753E+00 5.450447E-01 -1.289425E-01 9.948120E-01 3.460626E-02 3.028367E-03 4.495490E+00 8.571517E+00 
5.054330E-02 2.880834E-02 3.576672E-01 1.531127E-01 -1.414419E+00 3.807805E-01 -3.899816E-02 9.018519E-01 2.942928E-02 9.275260E-03 5.256250E+00 8.326838E+00 
1.539564E-01 1.058979E-02 3.667364E-01 1.649610E-01 -1.437492E+00 5.317552E-01 -1.041245E-01 1.023813E+00 2.675836E-02 7.821740E-03 4.446579E+00 6.123026E+00 
1.575154E-01 1.780501E-02 3.317626E-01 1.672902E-01 -1.124419E+00 5.777344E-01 -9.888350E-02 9.368064E-01 2.554920E-02 5.234571E-03 4.864824E+00 8.676452E+00 
1.341527E-01 8.809588E-03 3.799432E-01 1.741444E-01 -1.420347E+00 5.836962E-01 -8.968630E-02 9.865754E-01 2.345202E-02 1.121896E-03 4.893676E+00 9.519915E+00 
1.645885E-01 7.031417E-03 3.573889E-01 1.685049E-01 -1.413663E+00 5.553881E-01 -8.360114E-02 9.306236E-01 2.829986E-02 1.193730E-03 4.592876E+00 1.362169E+01 
1.595144E-01 6.649493E-03 3.611093E-01 1.673919E-01 -1.392997E+00 5.704191E-01 -1.103903E-01 1.029075E+00 2.692341E-02 3.166574E-03 3.942539E+00 1.029630E+01 
2.000000E-01 1.711296E-02 3.564529E-01 1.827026E-01 -1.596292E+00 6.000000E-01 -9.981000E-02 8.953449E-01 3.051232E-02 6.325672E-03 3.707089E+00 6.313656E+00 
1.355049E-01 4.090362E-03 3.527391E-01 1.594210E-01 -1.503980E+00 5.568015E-01 -9.111249E-02 9.708324E-01 3.029964E-02 1.950222E-03 4.248047E+00 8.371212E+00 
1.369744E-01 1.032861E-02 3.218015E-01 1.659413E-01 -1.459610E+00 5.539225E-01 -9.552691E-02 9.428946E-01 2.918559E-02 3.160591E-03 3.901473E+00 1.075667E+01 
1.708058E-01 1.928019E-02 3.512957E-01 1.646942E-01 -1.378688E+00 5.368225E-01 -7.315456E-02 8.821259E-01 2.709883E-02 1.855563E-03 3.985184E+00 7.852602E+00 
1.494088E-01 1.223988E-02 3.560410E-01 1.606649E-01 -1.462378E+00 5.635395E-01 -8.394939E-02 9.292842E-01 2.885792E-02 2.554124E-03 3.760225E+00 1.018788E+01 
1.485847E-01 2.826248E-02 3.500950E-01 1.665309E-01 -1.190778E+00 4.933503E-01 -1.000000E-02 1.050532E+00 2.765418E-02 6.891768E-03 4.978446E+00 9.868723E+00 
1.310293E-01 2.137826E-02 3.445462E-01 1.638868E-01 -1.490224E+00 4.416156E-01 -9.199531E-02 9.383267E-01 3.183470E-02 0.000000E+00 4.464256E+00 9.281303E+00 
1.643297E-01 1.259064E-02 3.380982E-01 1.626625E-01 -1.332717E+00 5.571652E-01 -1.160577E-01 1.036956E+00 3.121121E-02 3.342088E-03 5.096829E+00 9.688757E+00 
1.645619E-01 2.227102E-02 3.250573E-01 1.627681E-01 -1.391734E+00 5.841401E-01 -1.411905E-01 1.039320E+00 4.046414E-02 3.912223E-03 4.637302E+00 9.608235E+00 
1.394031E-01 3.236142E-03 3.737550E-01 1.664746E-01 -1.319269E+00 5.591319E-01 -9.778457E-02 9.054545E-01 2.991303E-02 3.110574E-03 4.498941E+00 1.009481E+01 
1.561588E-01 9.585447E-03 3.503410E-01 1.629431E-01 -1.607084E+00 5.451548E-01 -8.662717E-02 9.358046E-01 3.102136E-02 2.333992E-03 4.066505E+00 1.091904E+01 
1.533548E-01 1.297127E-02 3.558071E-01 1.662180E-01 -1.600208E+00 5.731198E-01 -1.809514E-01 1.035741E+00 2.887483E-02 5.814315E-04 3.575518E+00 8.797728E+00 
6.677461E-02 2.493877E-02 3.397300E-01 1.665870E-01 -1.563704E+00 4.259186E-01 -2.159017E-02 1.013346E+00 3.008669E-02 7.559250E-03 3.147638E+00 1.500822E+01 
1.525619E-01 1.111048E-02 3.504245E-01 1.723924E-01 -1.555846E+00 5.694349E-01 -1.077286E-01 1.118460E+00 2.925814E-02 3.530017E-03 3.259062E+00 8.820004E+00 
1.607691E-01 1.349112E-02 3.612199E-01 1.661733E-01 -1.635275E+00 5.258203E-01 -8.554774E-02 8.817018E-01 2.971115E-02 3.009139E-03 3.846835E+00 1.008591E+01 
1.209419E-01 2.336090E-02 3.499906E-01 1.567245E-01 -1.148979E+00 5.191982E-01 -7.830365E-02 9.184943E-01 1.988901E-02 2.459130E-02 4.184751E+00 6.871446E+00 
1.780640E-01 2.285612E-02 3.828298E-01 1.686818E-01 -1.341932E+00 5.984558E-01 -1.801830E-01 9.486166E-01 2.836180E-02 3.106675E-03 4.641531E+00 7.949704E+00 
1.300382E-01 5.541803E-03 3.305425E-01 1.696630E-01 -1.453645E+00 5.170096E-01 -1.313923E-01 9.848994E-01 3.043148E-02 2.549955E-03 4.386865E+00 9.707738E+00 
1.701359E-01 1.352153E-02 3.634501E-01 1.833312E-01 -1.433614E+00 5.638335E-01 -1.343058E-01 7.208878E-01 2.673711E-02 2.604020E-03 4.913104E+00 8.913518E+00 
1.803732E-01 4.245238E-02 3.610383E-01 1.712942E-01 -1.419756E+00 5.624308E-01 -8.589186E-02 8.648183E-01 3.095210E-02 1.584779E-03 3.453850E+00 1.116104E+01 
1.243627E-01 4.428732E-03 3.556349E-01 1.636071E-01 -1.120314E+00 4.936342E-01 -7.281049E-02 8.461771E-01 2.845339E-02 6.539267E-03 4.228615E+00 8.452086E+00 
6.717304E-02 3.290587E-02 3.520386E-01 1.544658E-01 -1.183550E+00 4.809317E-01 -2.677268E-02 1.110776E+00 3.134691E-02 6.405288E-03 5.457200E+00 1.117816E+01 
1.032877E-01 1.000000E-04 3.658775E-01 1.623412E-01 -1.306632E+00 6.000000E-01 -1.139728E-01 8.969796E-01 2.936049E-02 1.135703E-02 4.911212E+00 5.871646E+00 
1.509135E-01 1.034650E-02 3.435006E-01 1.627945E-01 -1.538693E+00 5.908431E-01 -1.242232E-01 9.913808E-01 2.850331E-02 0.000000E+00 4.875059E+00 9.987610E+00 
1.405005E-01 1.000000E-04 3.659456E-01 1.784414E-01 -1.294703E+00 5.450117E-01 -7.691119E-02 1.009105E+00 2.579816E-02 7.360664E-03 5.317040E+00 8.897716E+00 
1.568856E-01 1.014595E-02 3.813325E-01 1.706075E-01 -1.385136E+00 6.000000E-01 -1.607928E-01 8.652676E-01 3.098460E-02 8.519767E-03 4.892953E+00 9.489400E+00 
1.154387E-01 1.984015E-02 3.443488E-01 1.579101E-01 -1.046407E+00 5.348574E-01 -6.357057E-02 1.131365E+00 2.806995E-02 1.267335E-02 4.320981E+00 5.548906E+00 
1.444654E-01 7.747570E-03 3.540515E-01 1.639559E-01 -1.512189E+00 5.540827E-01 -8.230625E-02 9.348680E-01 3.102020E-02 3.804139E-03 3.122160E+00 1.138403E+01 
1.595992E-01 8.499903E-03 3.572321E-01 1.740199E-01 -1.346413E+00 5.613864E-01 -1.045622E-01 8.793945E-01 2.982380E-02 2.727476E-03 4.373094E+00 1.011270E+01 
1.665246E-01 1.478673E-02 3.601820E-01 1.678449E-01 -1.520907E+00 5.859729E-01 -1.575341E-01 9.556460E-01 2.930919E-02 2.452719E-03 4.350256E+00 9.715127E+00 
1.620462E-01 9.907629E-03 3.820837E-01 1.684754E-01 -1.282058E+00 5.724086E-01 -1.037238E-01 9.238851E-01 2.716471E-02 2.724081E-03 4.524959E+00 9.223053E+00 
1.462802E-01 5.716083E-03 3.566681E-01 1.686198E-01 -1.641748E+00 5.975984E-01 -1.322462E-01 9.319551E-01 3.242843E-02 2.970784E-03 3.430880E+00 8.271272E+00 
1.593904E-01 7.239181E-03 3.538214E-01 1.687862E-01 -1.552028E+00 5.664493E-01 -8.299962E-02 9.421684E-01 3.187256E-02 3.589800E-03 5.264814E+00 9.174239E+00 
1.536961E-01 9.645976E-03 3.546728E-01 1.631835E-01 -1.285370E+00 5.055426E-01 -8.437234E-02 8.880071E-01 3.097362E-02 3.039193E-03 4.249253E+00 9.502575E+00 
1.048622E-01 5.442475E-02 3.495158E-01 1.509407E-01 -1.119686E+00 5.427463E-01 -1.773938E-01 8.484593E-01 2.917938E-02 8.632857E-03 4.518104E+00 7.195436E+00 
1.726142E-01 7.366019E-03 3.840483E-01 1.764967E-01 -1.381676E+00 5.144364E-01 -1.464451E-01 9.565075E-01 2.882608E-02 3.469059E-03 3.992048E+00 8.799579E+00 
1.704299E-01 1.026183E-02 3.622606E-01 1.703469E-01 -1.453155E+00 5.892742E-01 -9.938216E-02 9.628458E-01 2.590027E-02 1.856555E-03 4.447980E+00 8.268053E+00 
7.831780E-02 1.974536E-02 3.731162E-01 1.708723E-01 -1.148379E+00 4.837127E-01 -4.639874E-02 9.556925E-01 3.207101E-02 3.143090E-03 4.721217E+00 8.792196E+00 
1.139924E-01 9.581903E-02 3.373703E-01 1.714682E-01 -9.950545E-01 5.719985E-01 -1.973334E-02 9.765941E-01 3.032892E-02 1.266670E-02 4.751145E+00 6.251358E+00 
1.530912E-01 1.223843E-02 3.569769E-01 1.871638E-01 -1.377730E+00 5.578399E-01 -1.110549E-01 9.493348E-01 2.881027E-02 6.598528E-04 5.163073E+00 8.492301E+00 
1.747633E-01 1.050052E-02 3.887346E-01 1.683491E-01 -1.574118E+00 5.649068E-01 -1.878695E-01 8.870777E-01 2.625629E-02 1.468550E-03 3.763710E+00 1.006189E+01 
1.210526E-01 4.062884E-02 3.324059E-01 1.359005E-01 -1.322445E+00 5.334390E-01 -6.838969E-02 8.305881E-01 3.035757E-02 5.260290E-03 3.469654E+00 9.320109E+00 
1.583094E-01 2.093984E-02 3.672053E-01 1.644298E-01 -1.289017E+00 5.761356E-01 -1.572220E-01 8.763682E-01 2.723742E-02 1.975937E-03 4.522260E+00 7.856502E+00 
9.278219E-02 1.414981E-02 3.856229E-01 1.685111E-01 -1.346222E+00 5.248378E-01 -1.306132E-01 9.704831E-01 3.105239E-02 5.899328E-03 4.046466E+00 1.027338E+01 
1.632445E-01 1.076263E-02 3.708312E-01 1.703384E-01 -1.485306E+00 5.795534E-01 -8.617620E-02 8.510397E-01 2.630522E-02 4.050394E-03 4.634331E+00 8.949894E+00 
1.650088E-01 7.417221E-03 3.599064E-01 1.674062E-01 -1.285212E+00 5.844750E-01 -1.566611E-01 9.512079E-01 2.711295E-02 6.414441E-04 4.177271E+00 1.012351E+01 
1.908846E-01 1.000000E-04 3.572976E-01 1.807688E-01 -1.503418E+00 6.000000E-01 -1.345697E-01 9.527172E-01 2.989854E-02 0.000000E+00 4.291751E+00 7.587326E+00 
1.576197E-01 3.087726E-02 4.000036E-01 1.422143E-01 -1.520930E+00 4.904112E-01 -1.208749E-01 9.645955E-01 3.134183E-02 4.075850E-04 3.928211E+00 7.738283E+00 
1.592047E-01 1.000000E-04 3.705941E-01 1.713103E-01 -1.412654E+00 5.508536E-01 -1.314992E-01 9.156033E-01 3.004860E-02 3.919172E-03 4.424302E+00 9.702421E+00 
1.683607E-01 7.671049E-03 3.558954E-01 1.662915E-01 -1.431596E+00 5.632361E-01 -1.112885E-01 8.753734E-01 2.821450E-02 4.211839E-03 4.455776E+00 9.771977E+00 
1.485720E-01 8.879556E-03 3.514069E-01 1.664276E-01 -1.405427E+00 5.911602E-01 -8.138164E-02 8.321895E-01 2.977943E-02 2.290203E-03 3.979226E+00 1.084510E+01 
1.524412E-01 9.405957E-03 3.520069E-01 1.697284E-01 -1.268399E+00 5.825482E-01 -1.369500E-01 9.206550E-01 2.795825E-02 4.335312E-03 3.913429E+00 1.003053E+01 
1.478704E-01 9.389462E-03 3.523872E-01 1.650804E-01 -1.571114E+00 5.533043E-01 -9.356262E-02 8.974778E-01 2.792817E-02 3.981759E-03 4.068304E+00 9.635446E+00 
1.579525E-01 6.414771E-03 3.548923E-01 1.679184E-01 -1.363178E+00 5.585552E-01 -9.819144E-02 8.398826E-01 3.086795E-02 2.246653E-03 4.304646E+00 1.027135E+01 
1.633907E-01 1.774047E-02 3.687317E-01 1.641678E-01 -1.370290E+00 6.000000E-01 -1.212098E-01 9.025507E-01 2.462050E-02 3.242916E-03 4.539865E+00 9.536258E+00 
1.512547E-01 1.051277E-02 3.312636E-01 1.608078E-01 -9.838316E-01 4.028825E-01 -3.577875E-02 9.549953E-01 3.144871E-02 5.107779E-03 4.367055E+00 9.234706E+00 
1.578236E-01 8.666972E-03 3.517674E-01 1.636972E-01 -1.615537E+00 5.841125E-01 -9.168663E-02 9.621172E-01 2.867890E-02 4.419123E-03 3.754238E+00 1.161751E+01 
1.820213E-01 1.263251E-02 3.653128E-01 1.722823E-01 -1.437893E+00 5.833186E-01 -1.609990E-01 1.002470E+00 2.672630E-02 1.830009E-03 4.180805E+00 9.067322E+00 
1.119129E-01 3.301954E-02 3.606176E-01 1.677491E-01 -1.315279E+00 4.219738E-01 -8.449341E-02 1.033023E+00 2.804264E-02 1.473988E-02 4.417785E+00 9.227286E+00 
1.582946E-01 3.940772E-03 3.631326E-01 1.610697E-01 -1.360055E+00 5.558105E-01 -1.827799E-01 9.809391E-01 3.237924E-02 7.816362E-03 4.201510E+00 9.231174E+00 
1.238911E-01 9.660857E-03 3.489587E-01 1.697663E-01 -1.507210E+00 5.890078E-01 -6.449727E-02 9.587433E-01 2.842945E-02 4.294716E-03 3.823638E+00 8.300724E+00 
1.790822E-01 2.153477E-02 3.561614E-01 1.698511E-01 -1.536472E+00 5.780852E-01 -1.050529E-01 9.034745E-01 2.786671E-02 1.661440E-03 4.370783E+00 8.963673E+00 
1.281944E-01 1.000000E-04 3.849543E-01 1.858619E-01 -1.408763E+00 5.652579E-01 -8.728658E-02 8.753770E-01 3.071952E-02 6.576166E-04 2.409351E+00 8.872668E+00 
1.963897E-01 1.657381E-02 3.695399E-01 1.707077E-01 -1.469089E+00 5.706580E-01 -1.765319E-01 9.960212E-01 3.245590E-02 0.000000E+00 3.937372E+00 8.471986E+00 
1.161724E-01 1.547496E-02 3.611609E-01 1.708283E-01 -1.412604E+00 5.922659E-01 -1.297356E-01 1.015845E+00 3.379986E-02 1.344241E-03 5.395028E+00 1.004306E+01 
1.242598E-01 1.309856E-02 3.812473E-01 1.615993E-01 -1.463147E+00 4.429614E-01 -1.281783E-01 9.037898E-01 2.702086E-02 4.202718E-03 4.408431E+00 7.172384E+00 
1.454877E-01 1.108909E-02 3.484844E-01 1.699371E-01 -1.370901E+00 5.463826E-01 -5.828032E-02 9.992419E-01 2.768952E-02 5.126271E-03 4.535653E+00 1.136176E+01 
1.762784E-01 9.492739E-03 3.796022E-01 1.795281E-01 -1.582137E+00 5.710493E-01 -9.351003E-02 8.701300E-01 3.165308E-02 0.000000E+00 3.659757E+00 7.218548E+00 
1.500205E-01 1.127307E-02 3.388629E-01 1.650680E-01 -1.427070E+00 5.742719E-01 -1.027116E-01 9.399677E-01 2.918614E-02 1.346753E-03 4.478283E+00 9.376396E+00 
1.466533E-01 8.862367E-03 3.536469E-01 1.697785E-01 -1.402591E+00 5.931320E-01 -1.155449E-01 8.499548E-01 3.092779E-02 4.545102E-03 4.305270E+00 1.132035E+01 
1.644733E-01 1.388844E-02 3.506819E-01 1.671323E-01 -1.274955E+00 5.001175E-01 -9.113440E-02 8.260960E-01 2.778158E-02 4.264881E-03 4.687691E+00 1.232526E+01 
1.635946E-01 2.299867E-02 3.335155E-01 1.589453E-01 -1.233308E+00 5.781518E-01 -1.147726E-01 8.447206E-01 2.987464E-02 4.276750E-03 4.984283E+00 6.375057E+00 
1.178431E-01 1.483646E-02 3.533941E-01 1.669612E-01 -1.385858E+00 5.639011E-01 -1.094567E-01 8.887896E-01 2.947925E-02 7.791641E-03 3.699104E+00 3.353591E+00 
1.577259E-01 1.154639E-02 3.519182E-01 1.692529E-01 -1.597376E+00 5.812055E-01 -1.345778E-01 7.142161E-01 2.928281E-02 0.000000E+00 4.878119E+00 9.153660E+00 
1.524212E-01 9.708389E-03 3.637249E-01 1.592996E-01 -1.095665E+00 5.864150E-01 -9.915235E-02 9.901876E-01 2.668228E-02 3.161929E-03 4.136684E+00 1.021074E+01 
1.550855E-01 1.325613E-02 3.380347E-01 1.668916E-01 -1.478903E+00 4.284059E-01 -3.688083E-02 9.046636E-01 2.832344E-02 0.000000E+00 3.943676E+00 1.154602E+01 
1.621818E-01 9.929744E-03 3.681881E-01 1.671619E-01 -1.369448E+00 5.858463E-01 -1.343178E-01 8.607053E-01 2.473367E-02 2.445044E-04 4.260059E+00 1.117946E+01 
1.428065E-01 1.465688E-02 3.493914E-01 1.618352E-01 -1.397830E+00 5.927228E-01 -1.361898E-01 8.923779E-01 2.734344E-02 2.598628E-03 3.805751E+00 1.029833E+01 
1.529058E-01 1.305554E-02 3.643163E-01 1.676057E-01 -1.627975E+00 5.245099E-01 -8.003777E-02 8.875687E-01 2.965485E-02 1.910326E-03 3.260853E+00 9.350620E+00 
1.720836E-01 1.256790E-02 3.701849E-01 1.644094E-01 -1.623848E+00 5.493036E-01 -6.949875E-02 9.489891E-01 2.782929E-02 3.366786E-03 4.663864E+00 9.357826E+00 
1.723527E-01 1.341832E-02 3.709031E-01 1.779167E-01 -1.413368E+00 5.704706E-01 -1.049433E-01 8.882393E-01 2.990732E-02 3.665540E-03 5.200458E+00 8.731245E+00 
4.994356E-02 2.004012E-02 3.544778E-01 1.305287E-01 -1.542966E+00 5.132285E-01 -1.016243E-01 9.668798E-01 2.664174E-02 3.072601E-03 5.369377E+00 1.057064E+01 
1.886132E-01 7.936276E-03 3.552673E-01 1.712937E-01 -1.515882E+00 5.641574E-01 -1.293287E-01 9.992125E-01 3.207435E-02 3.719357E-03 3.710174E+00 7.644485E+00 
1.530960E-01 6.230654E-03 3.594991E-01 1.665103E-01 -1.468586E+00 5.975738E-01 -1.280112E-01 8.209664E-01 3.010669E-02 3.818320E-03 4.384530E+00 1.118993E+01 
1.258555E-01 1.388235E-02 3.746757E-01 1.583131E-01 -1.203333E+00 5.731042E-01 -9.389947E-02 8.674235E-01 3.079437E-02 8.854486E-03 4.295368E+00 1.249791E+01 
1.540246E-01 1.146393E-02 3.843368E-01 1.624048E-01 -1.401062E+00 5.566032E-01 -1.399049E-01 1.065813E+00 3.532597E-02 1.842391E-03 4.534427E+00 7.840061E+00 
1.290761E-01 1.874954E-03 3.628217E-01 1.608818E-01 -1.289196E+00 4.956861E-01 -6.223025E-02 1.176340E+00 2.644583E-02 2.282319E-02 5.586114E+00 7.004666E+00 
1.360414E-01 1.329003E-02 3.817232E-01 1.642265E-01 -1.693200E+00 5.609499E-01 -1.102991E-01 8.524839E-01 3.083542E-02 4.472206E-03 4.195203E+00 9.204798E+00 
1.696168E-01 1.239788E-02 3.609823E-01 1.690827E-01 -1.415954E+00 5.719639E-01 -1.627564E-01 9.666541E-01 2.672458E-02 5.844508E-03 4.733588E+00 9.139587E+00 
1.772117E-01 7.901614E-03 3.430758E-01 1.678926E-01 -1.808296E+00 5.583930E-01 -1.071153E-01 7.858236E-01 2.973506E-02 3.809772E-03 3.976804E+00 8.551596E+00 
1.570098E-01 6.128373E-03 3.855762E-01 1.716903E-01 -1.580930E+00 5.903872E-01 -1.359025E-01 8.848834E-01 3.028470E-02 1.622583E-03 2.896694E+00 7.691299E+00 
1.094931E-01 9.108418E-03 3.581893E-01 1.341355E-01 -1.405642E+00 5.599836E-01 -1.489868E-01 8.348824E-01 4.129491E-02 3.803635E-03 3.007774E+00 1.136503E+01 
1.614803E-01 9.709576E-03 3.550551E-01 1.744662E-01 -1.487187E+00 5.876600E-01 -1.632023E-01 9.179001E-01 3.430903E-02 1.682616E-03 3.981495E+00 8.758084E+00 
1.529484E-01 1.469638E-02 3.560570E-01 1.763803E-01 -1.444009E+00 5.870533E-01 -1.424972E-01 9.618364E-01 3.149872E-02 3.279610E-03 4.671827E+00 9.398742E+00 
1.427676E-01 1.232677E-02 3.599811E-01 1.640276E-01 -1.345767E+00 5.781572E-01 -9.166457E-02 7.489110E-01 3.009715E-02 2.361193E-03 4.354928E+00 1.125756E+01 
1.272893E-01 6.561421E-03 3.838798E-01 1.650745E-01 -1.256655E+00 5.571574E-01 -9.949879E-02 1.138376E+00 3.014469E-02 7.745446E-03 4.956740E+00 1.026125E+01 
1.560917E-01 5.988135E-03 3.684422E-01 1.655589E-01 -1.501530E+00 5.803060E-01 -8.529443E-02 8.755494E-01 2.960182E-02 2.105427E-03 4.537989E+00 9.372703E+00 
1.628906E-01 3.652145E-03 3.437133E-01 1.655624E-01 -1.375965E+00 5.086020E-01 -6.852840E-02 1.003770E+00 2.415772E-02 1.416830E-03 4.664420E+00 1.012933E+01 
1.216859E-01 2.781173E-02 3.213473E-01 1.679101E-01 -1.365863E+00 4.627502E-01 -1.043613E-01 9.790929E-01 3.060922E-02 4.394812E-03 4.218215E+00 7.909495E+00 
1.568241E-01 2.749031E-03 3.479603E-01 1.703591E-01 -1.523815E+00 4.842599E-01 -1.319459E-01 9.323173E-01 2.194846E-02 0.000000E+00 4.545634E+00 9.637446E+00 
1.515328E-01 3.874656E-03 3.803292E-01 1.662567E-01 -1.315975E+00 5.256804E-01 -1.327985E-01 8.132990E-01 3.158652E-02 9.808217E-04 4.472460E+00 1.081783E+01 
1.565161E-01 1.224186E-02 3.717754E-01 1.697261E-01 -1.281944E+00 5.705019E-01 -5.961917E-02 1.033326E+00 3.731552E-02 1.419916E-03 4.086623E+00 7.414236E+00 
1.655303E-01 1.025697E-02 3.482172E-01 1.738324E-01 -1.464637E+00 6.000000E-01 -9.645264E-02 9.184976E-01 2.837339E-02 2.113908E-03 4.526531E+00 7.589146E+00 
1.643719E-01 7.441227E-03 3.433309E-01 1.648546E-01 -1.468561E+00 5.922858E-01 -1.359240E-01 8.291005E-01 2.818150E-02 2.849049E-03 4.208180E+00 8.628779E+00 
1.678199E-01 9.671425E-03 3.472301E-01 1.764439E-01 -1.478946E+00 5.541999E-01 -1.048366E-01 8.451801E-01 3.004105E-02 2.528903E-03 4.487933E+00 9.820068E+00 
1.281205E-01 1.050200E-03 2.815566E-01 1.640126E-01 -1.458233E+00 6.000000E-01 -8.513139E-02 8.897832E-01 3.042654E-02 2.795930E-03 3.895424E+00 9.269006E+00 
1.605707E-01 1.585146E-02 3.414823E-01 1.764593E-01 -1.442746E+00 5.745723E-01 -1.321533E-01 1.062245E+00 3.055543E-02 3.544207E-03 5.187970E+00 1.032333E+01 
1.498911E-01 8.962732E-03 3.536535E-01 1.724513E-01 -1.504669E+00 5.859407E-01 -1.437550E-01 9.506007E-01 2.992974E-02 3.523806E-03 4.452428E+00 7.756176E+00 
1.567805E-01 3.764485E-02 3.014664E-01 1.634462E-01 -1.153988E+00 5.594226E-01 -4.837816E-02 8.669519E-01 2.950580E-02 5.442790E-03 4.557712E+00 7.673538E+00 
1.772579E-01 1.191583E-02 3.686138E-01 1.705213E-01 -1.466788E+00 5.538556E-01 -1.161670E-01 1.017508E+00 3.047222E-02 4.129172E-03 3.767704E+00 8.500356E+00 
1.675090E-01 6.195254E-02 3.963945E-01 1.744295E-01 -1.430434E+00 5.618302E-01 -1.316296E-01 9.680218E-01 2.529841E-02 4.244317E-04 4.200619E+00 9.286359E+00 
1.734312E-01 1.126762E-02 3.727294E-01 1.751158E-01 -1.203738E+00 5.701392E-01 -1.216261E-01 9.564462E-01 2.183513E-02 4.333756E-03 4.451721E+00 8.788659E+00 
1.504356E-01 1.009523E-02 3.610564E-01 1.733035E-01 -1.321349E+00 5.951864E-01 -1.237579E-01 8.342922E-01 2.905576E-02 1.276001E-03 4.626615E+00 1.074820E+01 
1.552393E-01 1.190960E-02 3.490386E-01 1.644859E-01 -1.350783E+00 6.000000E-01 -1.111959E-01 9.548553E-01 2.883191E-02 2.091306E-03 4.837396E+00 1.082991E+01 
4.560504E-02 5.354754E-02 3.434491E-01 1.517953E-01 -1.260293E+00 3.846886E-01 -5.146665E-02 9.705847E-01 2.779762E-02 8.853073E-03 4.919043E+00 1.126990E+01 
1.545473E-01 5.815710E-03 3.807411E-01 1.658497E-01 -1.348544E+00 5.591512E-01 -7.819540E-02 9.372648E-01 2.127564E-02 2.955232E-03 3.992286E+00 9.593502E+00 
1.469773E-01 5.705031E-03 3.619397E-01 1.643194E-01 -1.489222E+00 5.913452E-01 -1.771116E-01 9.792767E-01 2.617293E-02 6.599364E-03 4.409600E+00 8.628432E+00 
1.394737E-01 2.192353E-02 3.362126E-01 1.509747E-01 -1.176212E+00 4.814377E-01 -7.460097E-02 1.083003E+00 2.876151E-02 3.406120E-03 4.783791E+00 9.340181E+00 
1.701343E-01 7.976687E-03 3.608158E-01 1.764489E-01 -1.313394E+00 5.762127E-01 -8.929595E-02 9.719783E-01 2.913403E-02 3.011546E-03 4.634682E+00 8.420696E+00 
9.010613E-02 1.523311E-02 3.697402E-01 1.654298E-01 -1.235788E+00 5.945757E-01 -1.218409E-01 1.000009E+00 2.798320E-02 1.213972E-02 3.767884E+00 7.208071E+00 
1.707462E-01 1.643624E-02 3.569865E-01 1.775378E-01 -1.211986E+00 5.072213E-01 -9.506891E-02 9.394450E-01 2.845677E-02 4.327820E-03 4.224685E+00 8.782989E+00 
1.674194E-01 1.143644E-02 3.663021E-01 1.720201E-01 -1.537509E+00 5.888735E-01 -2.784776E-02 9.434771E-01 3.323531E-02 2.627116E-03 4.141113E+00 9.758534E+00 
1.561674E-01 1.348729E-02 3.508142E-01 1.690602E-01 -1.488079E+00 5.846839E-01 -1.136096E-01 9.827316E-01 3.076796E-02 5.161783E-03 4.417718E+00 9.023561E+00 
1.796041E-01 1.489640E-02 3.327293E-01 1.673274E-01 -1.452966E+00 5.838684E-01 -1.533821E-01 9.770060E-01 2.035994E-02 5.349979E-03 4.897571E+00 9.105582E+00 
1.520525E-01 6.853298E-03 3.753770E-01 1.718883E-01 -1.349463E+00 5.988100E-01 -1.167461E-01 1.051747E+00 3.044329E-02 3.272873E-03 3.783626E+00 9.733934E+00 
1.560879E-01 1.481677E-02 3.687079E-01 1.700495E-01 -1.348474E+00 5.786908E-01 -1.487146E-01 9.550748E-01 2.930227E-02 3.339559E-03 3.495042E+00 8.611985E+00 
1.409496E-01 8.501858E-03 3.606705E-01 1.654873E-01 -1.572604E+00 5.622347E-01 -8.599360E-02 1.017441E+00 2.908388E-02 2.837316E-03 4.792049E+00 7.970635E+00 
1.632730E-01 1.394929E-02 3.686818E-01 1.707520E-01 -1.631624E+00 4.689720E-01 -1.938391E-02 1.003170E+00 2.908717E-02 3.989745E-03 4.008981E+00 9.433756E+00 
1.487201E-01 1.057221E-02 3.695460E-01 1.641982E-01 -1.321593E+00 5.765570E-01 -1.021445E-01 9.076836E-01 2.977082E-02 7.037176E-04 4.122776E+00 1.167895E+01 
1.114474E-01 1.275180E-02 3.716325E-01 1.645877E-01 -9.680072E-01 5.883490E-01 -9.921975E-02 9.417002E-01 2.924890E-02 6.806443E-03 3.226073E+00 1.023351E+01 
1.511568E-01 5.596130E-03 3.632051E-01 1.629714E-01 -1.444173E+00 5.650072E-01 -1.067892E-01 9.278971E-01 3.157603E-02 1.201077E-03 4.323988E+00 8.908798E+00 
9.063823E-02 5.531673E-02 2.788602E-01 1.591735E-01 -1.088763E+00 4.070560E-01 -1.082514E-01 8.802385E-01 2.974087E-02 1.497437E-02 4.802322E+00 7.927070E+00 
1.436650E-01 1.872539E-02 3.515987E-01 1.746925E-01 -1.392124E+00 5.620813E-01 -1.316252E-01 9.236166E-01 2.825343E-02 2.265205E-03 4.167462E+00 8.584420E+00 
1.639840E-01 9.066394E-03 3.586683E-01 1.634907E-01 -1.486647E+00 5.812192E-01 -6.968021E-02 8.830237E-01 2.488108E-02 8.940151E-04 4.989844E+00 9.633888E+00 
1.450438E-01 6.580884E-03 3.431317E-01 1.737194E-01 -1.571635E+00 5.696805E-01 -8.592865E-02 1.015338E+00 2.830113E-02 4.167057E-03 3.447936E+00 7.607242E+00 
1.681095E-01 3.211324E-03 3.739087E-01 1.711268E-01 -1.227024E+00 5.820838E-01 -1.282565E-01 7.894277E-01 2.920455E-02 1.731971E-03 3.898014E+00 8.634061E+00 
1.514237E-01 1.869468E-02 3.526084E-01 1.755079E-01 -1.502739E+00 4.841055E-01 -1.213953E-01 9.798094E-01 2.876444E-02 2.115089E-03 3.483206E+00 7.988733E+00 
1.459215E-01 1.091509E-02 3.566227E-01 1.693598E-01 -1.260197E+00 5.728976E-01 -7.772285E-02 9.164483E-01 3.085162E-02 3.151459E-03 4.213187E+00 9.523218E+00 
1.563763E-01 1.083870E-02 3.545006E-01 1.713297E-01 -1.425582E+00 5.238176E-01 -1.077681E-01 8.279472E-01 3.070874E-02 2.129168E-03 3.720053E+00 1.178788E+01 
1.501287E-01 1.541994E-02 3.686280E-01 1.673706E-01 -1.573412E+00 5.309257E-01 -7.764561E-02 8.559694E-01 2.751176E-02 3.788629E-03 4.247334E+00 8.541691E+00 
1.233208E-01 3.732465E-02 3.448881E-01 1.390896E-01 -1.541236E+00 4.442892E-01 -7.425173E-02 8.576910E-01 3.199326E-02 1.985933E-02 3.948500E+00 1.222548E+01 
1.520354E-01 1.107634E-02 3.364187E-01 1.706664E-01 -1.372894E+00 5.853071E-01 -1.079563E-01 8.932554E-01 3.184935E-02 2.318511E-03 4.130465E+00 6.519861E+00 
1.488747E-01 9.168811E-03 3.477388E-01 1.789453E-01 -1.589937E+00 5.357047E-01 -9.303373E-02 1.011216E+00 2.678432E-02 3.914959E-03 3.813286E+00 8.828002E+00 
1.528493E-01 4.763536E-03 3.178343E-01 1.740699E-01 -1.896844E+00 5.975483E-01 -6.832053E-02 8.893542E-01 3.060759E-02 0.000000E+00 4.350600E+00 9.735709E+00 
1.296935E-01 2.580706E-02 3.637950E-01 1.741521E-01 -1.642693E+00 5.837482E-01 -5.996015E-02 8.977961E-01 3.038712E-02 2.349682E-03 4.727155E+00 9.555069E+00 
1.411969E-01 2.619087E-02 3.667927E-01 1.733180E-01 -1.161058E+00 5.965285E-01 -1.344797E-01 9.652517E-01 2.910302E-02 4.166739E-03 4.326190E+00 1.000691E+01 
1.489801E-01 1.155233E-02 3.713774E-01 1.695277E-01 -1.629728E+00 4.843828E-01 -8.742761E-02 9.326391E-01 2.830822E-02 2.168434E-03 2.787795E+00 8.926362E+00 
1.543645E-01 1.639061E-02 3.714252E-01 1.802910E-01 -1.375998E+00 5.607687E-01 -1.484148E-01 8.812286E-01 3.113805E-02 0.000000E+00 5.505707E+00 6.800838E+00 
1.562896E-01 6.143575E-03 3.538717E-01 1.344259E-01 -1.352015E+00 5.723291E-01 -8.923781E-02 8.353346E-01 2.890931E-02 3.183236E-04 4.965059E+00 1.103377E+01 
1.596169E-01 6.780434E-03 3.624795E-01 1.718804E-01 -1.545680E+00 5.152884E-01 -4.556283E-02 8.902088E-01 3.114911E-02 1.636512E-03 4.210951E+00 9.209610E+00 
1.149403E-01 2.921142E-02 3.605449E-01 1.531419E-01 -1.053053E+00 5.163214E-01 -7.237256E-02 1.075006E+00 3.020155E-02 1.858941E-02 4.403731E+00 1.204083E+01 
5.529449E-02 2.812039E-02 3.446967E-01 1.631018E-01 -1.296059E+00 3.972254E-01 -1.000000E-02 1.061538E+00 2.161396E-02 7.172009E-03 4.597026E+00 7.546364E+00 
1.243164E-01 1.728121E-02 3.583201E-01 1.620177E-01 -1.259818E+00 4.649460E-01 -1.416518E-01 1.001334E+00 3.050077E-02 3.538470E-03 4.793430E+00 1.223802E+01 
1.190641E-01 1.902732E-02 3.627759E-01 1.650839E-01 -1.415234E+00 5.595331E-01 -2.427737E-02 9.189771E-01 2.998970E-02 3.464718E-03 4.766682E+00 9.555849E+00 
1.647689E-01 1.113461E-02 3.939875E-01 1.715886E-01 -1.371502E+00 5.207034E-01 -7.902336E-02 1.004211E+00 2.827873E-02 3.766844E-03 4.802372E+00 8.151455E+00 
1.566356E-01 2.709265E-02 3.484032E-01 1.534247E-01 -1.212361E+00 4.286786E-01 -7.022979E-02 1.008919E+00 2.763319E-02 8.556717E-03 4.796653E+00 1.090216E+01 
1.495929E-01 5.020821E-02 3.418708E-01 1.541365E-01 -7.474147E-01 5.884452E-01 -1.445167E-01 9.777480E-01 2.878580E-02 1.266303E-02 4.313497E+00 8.753323E+00 
1.427284E-01 1.817705E-02 3.594731E-01 1.558320E-01 -1.120431E+00 4.666149E-01 -9.098351E-02 9.733789E-01 2.789916E-02 2.058514E-02 4.589568E+00 9.852058E+00 
1.534752E-01 9.907732E-03 3.613570E-01 1.648180E-01 -1.452146E+00 5.833442E-01 -1.065799E-01 8.486273E-01 3.029714E-02 2.992644E-03 4.285232E+00 1.009840E+01 
1.441651E-01 8.448677E-03 3.609741E-01 1.638057E-01 -1.353632E+00 5.193128E-01 -8.898077E-02 8.294448E-01 2.567427E-02 2.901309E-03 4.222422E+00 9.854606E+00 
1.644365E-01 1.021628E-02 3.856634E-01 1.699857E-01 -1.286057E+00 5.929332E-01 -1.247635E-01 1.006972E+00 2.634627E-02 6.082503E-03 4.974950E+00 9.745523E+00 
1.677552E-01 7.881254E-03 3.828114E-01 1.720177E-01 -1.409867E+00 5.156437E-01 -1.248378E-01 1.073634E+00 3.189909E-02 2.730367E-03 4.022599E+00 8.137436E+00 
1.796275E-01 2.366576E-02 3.728402E-01 1.693023E-01 -1.432704E+00 5.210779E-01 -1.647697E-01 8.705928E-01 2.861586E-02 3.652386E-03 4.679235E+00 8.499314E+00 
1.501835E-01 1.256206E-02 3.792624E-01 1.716078E-01 -1.729769E+00 5.780758E-01 -4.892101E-02 9.623716E-01 2.825746E-02 1.750847E-03 4.638204E+00 9.258272E+00 
1.609994E-01 7.933773E-03 3.597656E-01 1.720443E-01 -1.319736E+00 6.000000E-01 -5.356874E-02 9.616367E-01 2.733281E-02 1.571304E-03 4.567530E+00 1.005239E+01 
1.560286E-01 6.775096E-03 3.624020E-01 1.669050E-01 -1.370171E+00 5.891448E-01 -4.590946E-02 9.693208E-01 3.131578E-02 1.705305E-03 4.480854E+00 8.864743E+00 
1.526321E-01 1.347432E-02 3.627741E-01 1.663397E-01 -1.350518E+00 4.183209E-01 -6.009095E-02 9.308119E-01 3.052549E-02 4.129480E-03 4.895782E+00 9.002654E+00 
1.805242E-01 4.669318E-03 3.650410E-01 1.782604E-01 -1.538858E+00 5.670939E-01 -9.876913E-02 9.457882E-01 3.005019E-02 3.014839E-03 3.992082E+00 9.790364E+00 
1.684233E-01 1.075573E-02 3.251788E-01 1.690007E-01 -1.435111E+00 5.279155E-01 -1.768743E-01 8.533529E-01 2.717799E-02 3.345143E-03 4.089870E+00 8.864375E+00 
7.251745E-02 4.815254E-02 3.077998E-01 1.679713E-01 -1.361591E+00 5.045512E-01 -8.205337E-02 8.850816E-01 2.793274E-02 3.378796E-03 4.277442E+00 1.001548E+01 
1.464823E-01 3.943718E-02 3.540171E-01 1.581470E-01 -1.386979E+00 5.404207E-01 -8.102839E-02 9.484975E-01 2.804881E-02 1.483365E-03 4.295891E+00 1.420501E+01 
1.542125E-01 6.970782E-03 3.590649E-01 1.739692E-01 -1.535863E+00 5.976108E-01 -6.835938E-02 7.375443E-01 2.662051E-02 3.529522E-03 4.549737E+00 9.850925E+00 
1.303097E-01 4.018287E-02 3.695567E-01 1.625801E-01 -9.841103E-01 4.570216E-01 -7.299889E-02 1.045920E+00 3.050864E-02 5.591712E-03 4.112719E+00 9.528526E+00 
9.711426E-02 2.174766E-02 2.752577E-01 1.548018E-01 -1.301035E+00 5.723124E-01 -4.536685E-02 9.357567E-01 2.771304E-02 4.834643E-03 3.455056E+00 1.050804E+01 
1.692519E-01 1.722501E-02 3.574250E-01 1.648716E-01 -1.346362E+00 5.859598E-01 -1.487620E-01 9.116235E-01 2.763695E-02 2.134463E-03 5.325476E+00 8.177291E+00 
1.659628E-01 6.073403E-03 3.546169E-01 1.660421E-01 -1.469135E+00 4.866006E-01 -4.695302E-02 9.483480E-01 2.612883E-02 3.047487E-03 4.877978E+00 8.803084E+00 
1.647054E-01 5.619134E-03 3.668205E-01 1.728781E-01 -1.411894E+00 5.976154E-01 -1.237654E-01 8.905985E-01 3.305761E-02 3.040650E-03 3.741552E+00 8.722425E+00 
1.478363E-01 3.040557E-02 3.818754E-01 1.645165E-01 -1.431081E+00 6.000000E-01 -1.155123E-01 7.477815E-01 3.261189E-02 3.272631E-03 4.022786E+00 8.865646E+00 
1.221860E-01 9.386745E-03 3.429212E-01 1.673089E-01 -1.480831E+00 5.362064E-01 -8.279078E-02 1.015335E+00 2.888947E-02 4.620012E-03 3.445565E+00 9.448095E+00 
6.482265E-02 1.100306E-02 3.504417E-01 1.318452E-01 -1.141398E+00 4.971063E-01 -5.163595E-02 8.826788E-01 2.879484E-02 8.077016E-03 4.422024E+00 1.396003E+01 
1.492115E-01 1.001098E-02 3.597776E-01 1.668135E-01 -1.367694E+00 5.865132E-01 -1.064485E-01 9.655110E-01 2.624452E-02 3.047797E-04 4.530893E+00 8.949908E+00 
1.707022E-01 1.043918E-02 3.725132E-01 1.657828E-01 -1.323522E+00 5.970642E-01 -1.379688E-01 8.823010E-01 2.962546E-02 4.492066E-03 4.501346E+00 9.531581E+00 
1.502171E-01 1.716582E-02 4.087546E-01 1.650589E-01 -1.398600E+00 5.568879E-01 -1.204860E-01 9.115862E-01 2.848509E-02 0.000000E+00 4.725928E+00 9.110124E+00 
1.631372E-01 1.345128E-02 3.850165E-01 1.711996E-01 -1.433547E+00 5.844671E-01 -1.133428E-01 9.632847E-01 3.083513E-02 3.488994E-03 3.741021E+00 7.956447E+00 
1.761562E-01 2.329220E-02 3.709061E-01 1.732437E-01 -1.496411E+00 5.801452E-01 -1.039433E-01 9.258442E-01 2.780707E-02 1.134662E-02 5.785395E+00 8.821004E+00 
1.358273E-01 1.854046E-02 3.695179E-01 1.628878E-01 -1.387115E+00 5.886215E-01 -1.253349E-01 9.503844E-01 3.005947E-02 8.371065E-03 5.417569E+00 8.703856E+00 
1.759075E-01 1.375743E-02 3.429249E-01 1.708893E-01 -1.162065E+00 5.941067E-01 -1.149447E-01 9.501334E-01 2.546381E-02 3.723694E-03 4.394307E+00 1.088500E+01 
1.468924E-01 3.839581E-03 3.813697E-01 1.729513E-01 -1.344042E+00 5.314268E-01 -1.073210E-01 9.017681E-01 2.877351E-02 3.726000E-03 3.874126E+00 8.966957E+00 
1.512675E-01 1.127671E-02 3.677771E-01 1.659384E-01 -1.470949E+00 5.879043E-01 -1.454297E-01 8.458665E-01 2.792743E-02 4.618030E-04 5.182280E+00 7.646191E+00 
1.473842E-01 2.278879E-02 3.625568E-01 1.703869E-01 -1.526646E+00 4.158995E-01 -1.000000E-02 9.137902E-01 2.741128E-02 0.000000E+00 4.714987E+00 1.066923E+01 
1.175363E-01 5.995390E-03 3.645668E-01 1.696816E-01 -1.549802E+00 5.687344E-01 -8.713761E-02 9.790274E-01 2.798732E-02 1.372860E-03 4.221373E+00 1.043063E+01 
1.636841E-01 7.374224E-03 3.666427E-01 1.700312E-01 -1.276042E+00 5.999269E-01 -1.147916E-01 7.926458E-01 3.077606E-02 0.000000E+00 4.758813E+00 1.208173E+01 
1.752619E-01 3.309199E-02 3.437878E-01 1.765624E-01 -1.331622E+00 5.144058E-01 -9.722271E-02 9.320896E-01 2.858026E-02 4.188556E-03 4.622068E+00 9.728785E+00 
1.340596E-01 6.186683E-03 3.977122E-01 1.779199E-01 -1.348149E+00 5.655062E-01 -1.128298E-01 8.626734E-01 2.063119E-02 0.000000E+00 3.748872E+00 1.102500E+01 
1.107530E-01 4.522142E-02 3.738088E-01 1.517466E-01 -1.386986E+00 2.144730E-01 -8.541487E-02 1.075473E+00 3.696517E-02 1.104311E-02 4.651733E+00 9.468266E+00 
1.333318E-01 1.074713E-02 3.532973E-01 1.754769E-01 -1.443075E+00 5.366624E-01 -8.196311E-02 9.431403E-01 3.221456E-02 3.480391E-03 4.895352E+00 1.083304E+01 
6.576549E-02 4.299995E-02 3.401349E-01 1.579163E-01 -1.311557E+00 4.443539E-01 -8.731058E-02 8.060400E-01 2.681133E-02 6.255816E-03 4.192727E+00 9.735469E+00 
1.237519E-01 3.979221E-02 3.677146E-01 1.604895E-01 -1.380937E+00 4.217874E-01 -1.801006E-01 8.740627E-01 3.635110E-02 9.372592E-03 4.070465E+00 9.420820E+00 
1.473960E-01 1.027949E-02 3.517605E-01 1.652415E-01 -1.441012E+00 5.596492E-01 -1.123148E-01 8.979781E-01 2.936948E-02 2.630159E-03 3.940886E+00 9.526204E+00 
1.413460E-01 7.694578E-03 3.249077E-01 1.722455E-01 -1.536517E+00 5.704158E-01 -1.029068E-01 1.004808E+00 3.040688E-02 0.000000E+00 2.901026E+00 1.266666E+01 
1.622607E-01 1.000000E-04 3.608344E-01 1.650612E-01 -1.448363E+00 5.448050E-01 -1.363549E-01 9.420367E-01 3.235479E-02 4.292317E-03 4.214548E+00 8.414485E+00 
1.756713E-01 5.713700E-03 3.564374E-01 1.605838E-01 -1.488605E+00 5.493096E-01 -1.702024E-01 9.247410E-01 2.966874E-02 2.371355E-03 5.967118E+00 1.170681E+01 
4.778473E-02 7.647665E-02 3.415413E-01 1.575238E-01 -1.307931E+00 4.421014E-01 -4.506965E-02 1.019313E+00 3.050080E-02 7.386008E-03 4.048337E+00 1.391920E+01 
1.579306E-01 1.733474E-02 3.700536E-01 1.649355E-01 -1.576750E+00 5.593196E-01 -9.187176E-02 9.031416E-01 2.699904E-02 6.837334E-03 4.279816E+00 7.670498E+00 
9.341890E-02 3.741954E-02 3.353825E-01 1.412038E-01 -1.281848E+00 4.136056E-01 -8.981179E-02 9.803042E-01 2.881059E-02 8.485102E-03 4.362866E+00 7.085779E+00 
1.580411E-01 1.023694E-02 3.444070E-01 1.762585E-01 -1.535565E+00 5.943853E-01 -9.918193E-02 1.029894E+00 3.302730E-02 1.069443E-03 3.357874E+00 8.280947E+00 
1.483574E-01 1.320668E-02 3.623362E-01 1.676410E-01 -1.444936E+00 5.699570E-01 -1.058656E-01 8.987370E-01 2.526685E-02 1.972401E-03 4.954705E+00 8.583064E+00 
1.163851E-01 2.035416E-02 3.667422E-01 1.485341E-01 -1.580496E+00 5.358019E-01 -1.070519E-01 9.197387E-01 2.933235E-02 1.156207E-02 4.109828E+00 4.103750E+00 
1.739175E-01 1.344888E-02 3.705050E-01 1.676473E-01 -1.466048E+00 5.873512E-01 -2.000000E-01 9.584721E-01 2.602393E-02 6.633695E-03 4.760839E+00 4.441768E+00 
1.556533E-01 6.977775E-03 3.673221E-01 1.641784E-01 -1.323828E+00 5.593771E-01 -1.008126E-01 8.449135E-01 2.919248E-02 7.285695E-04 4.665781E+00 9.661178E+00 
1.614269E-01 3.150525E-02 3.538279E-01 1.655764E-01 -1.373892E+00 5.842187E-01 -5.241594E-02 9.050107E-01 3.128206E-02 3.819653E-03 4.328329E+00 9.006536E+00 
1.639414E-01 8.837922E-03 3.571526E-01 1.731109E-01 -1.511996E+00 6.000000E-01 -1.072849E-01 8.733651E-01 2.841205E-02 1.301511E-03 4.332328E+00 7.943244E+00 
1.395964E-01 1.367022E-02 3.303896E-01 1.764266E-01 -1.347882E+00 5.446178E-01 -1.213455E-01 8.641071E-01 2.778383E-02 3.888995E-03 4.401924E+00 9.525580E+00 
1.608061E-01 3.161262E-02 3.697583E-01 1.803696E-01 -1.442683E+00 5.639661E-01 -5.613757E-02 9.507409E-01 3.208999E-02 0.000000E+00 3.449300E+00 7.502453E+00 
1.411916E-01 4.773271E-03 3.746686E-01 1.655801E-01 -1.443829E+00 4.899681E-01 -8.920946E-02 1.067657E+00 3.394687E-02 6.226425E-03 4.553484E+00 9.859103E+00 
1.011929E-01 3.955150E-03 3.220077E-01 1.696740E-01 -1.594441E+00 4.473915E-01 -3.545696E-02 8.483237E-01 2.760328E-02 4.401022E-03 3.225838E+00 7.526184E+00 
9.926065E-02 2.907807E-02 3.720363E-01 1.583628E-01 -1.271991E+00 4.739524E-01 -4.020425E-02 9.006427E-01 2.487782E-02 8.007417E-03 4.037696E+00 4.847310E+00 
1.370783E-01 1.241343E-02 3.648386E-01 1.666724E-01 -1.319430E+00 5.714164E-01 -6.668930E-02 9.267211E-01 3.205086E-02 5.408222E-03 3.937025E+00 9.832391E+00 
8.993386E-02 1.872165E-02 3.604256E-01 1.571390E-01 -9.861985E-01 5.174049E-01 -5.700870E-02 9.570853E-01 3.030077E-02 7.355701E-03 4.789321E+00 8.816087E+00 
1.624522E-01 8.379706E-03 3.554304E-01 1.693569E-01 -1.102893E+00 6.000000E-01 -1.308563E-01 8.284931E-01 2.696703E-02 4.397835E-03 4.361317E+00 1.006444E+01 
1.771234E-01 6.865153E-03 3.598149E-01 1.810674E-01 -1.395494E+00 5.837932E-01 -9.890494E-02 1.036083E+00 2.838764E-02 3.255995E-03 4.109789E+00 1.050791E+01 
5.311100E-02 6.880826E-03 3.341928E-01 1.767845E-01 -1.581730E+00 5.642401E-01 -8.580216E-02 9.181616E-01 3.194711E-02 2.237823E-03 3.617017E+00 1.098578E+01 
1.000000E-04 4.245133E-02 3.209405E-01 1.477958E-01 -1.330000E+00 4.563615E-01 -8.944550E-02 8.966181E-01 2.326737E-02 8.910414E-03 5.189114E+00 1.043236E+01 
1.746533E-01 1.052697E-02 3.661564E-01 1.675049E-01 -1.339811E+00 5.902141E-01 -1.182723E-01 9.141215E-01 3.196295E-02 4.115996E-03 3.985369E+00 1.111927E+01 
1.535184E-01 1.109732E-02 3.611866E-01 1.752758E-01 -1.449248E+00 5.845511E-01 -1.718107E-01 9.045708E-01 2.865834E-02 3.651903E-03 5.869710E+00 3.908499E+00 
1.726603E-01 1.361274E-02 3.426974E-01 1.724001E-01 -1.497951E+00 5.594511E-01 -1.407087E-01 9.458111E-01 2.700893E-02 1.342097E-03 4.320573E+00 1.058112E+01 
1.585373E-01 5.521861E-02 3.650174E-01 1.724094E-01 -1.543038E+00 6.000000E-01 -9.737980E-02 1.042155E+00 3.666956E-02 8.860257E-03 4.402295E+00 6.694582E+00 
1.175060E-01 4.212244E-02 3.875299E-01 1.668592E-01 -1.353397E+00 5.794593E-01 -1.121681E-01 9.727501E-01 3.053929E-02 3.552143E-04 4.185116E+00 7.240302E+00 
1.311116E-01 2.252560E-03 3.812469E-01 1.667721E-01 -1.594461E+00 5.946691E-01 -1.053688E-01 1.281749E+00 3.246449E-02 3.060089E-03 5.187986E+00 7.942243E+00 
1.514639E-01 1.211247E-02 3.394092E-01 1.678087E-01 -1.378187E+00 5.677163E-01 -8.106676E-02 9.882736E-01 2.606581E-02 2.561696E-03 4.611589E+00 1.003969E+01 
1.077261E-01 2.015432E-02 3.555755E-01 1.534887E-01 -1.343547E+00 4.171877E-01 -1.155511E-01 8.152393E-01 3.284969E-02 0.000000E+00 3.656426E+00 1.285599E+01 
1.600333E-01 1.104531E-02 3.667915E-01 1.682657E-01 -1.408473E+00 5.903447E-01 -6.295335E-02 9.465577E-01 3.010174E-02 3.919901E-03 4.074191E+00 8.865131E+00 
1.373519E-01 1.275191E-02 3.421749E-01 1.660128E-01 -1.453271E+00 4.751027E-01 -5.902940E-02 7.374076E-01 2.620897E-02 1.601752E-03 6.387268E+00 1.026909E+01 
1.237589E-01 1.792412E-02 3.592302E-01 1.741788E-01 -1.442097E+00 4.902755E-01 -6.181225E-02 8.570073E-01 2.671099E-02 2.447579E-03 4.798792E+00 8.308668E+00 
1.556786E-01 6.806688E-03 3.553341E-01 1.569338E-01 -1.425661E+00 5.654816E-01 -8.553562E-02 9.160946E-01 2.960167E-02 2.681043E-03 4.481747E+00 9.221093E+00 
1.606624E-01 5.397708E-03 3.580094E-01 1.717989E-01 -1.552867E+00 5.502009E-01 -1.000000E-02 9.302210E-01 3.010688E-02 1.741612E-03 4.357961E+00 1.126604E+01 
1.592468E-01 9.562891E-03 3.154905E-01 1.763652E-01 -1.449708E+00 5.673383E-01 -1.057432E-01 9.388976E-01 2.919690E-02 3.187004E-03 4.942453E+00 9.614097E+00 
1.552339E-01 7.632289E-03 3.540839E-01 1.707634E-01 -1.659685E+00 5.879266E-01 -1.408641E-01 9.659314E-01 3.124836E-02 3.362059E-03 4.003288E+00 8.742710E+00 
1.590610E-01 2.149814E-02 3.521647E-01 1.799131E-01 -1.207415E+00 5.799924E-01 -1.772274E-01 8.807090E-01 3.021074E-02 4.893308E-03 5.206112E+00 9.833708E+00 
1.536062E-01 1.194907E-02 3.569692E-01 1.776575E-01 -1.486380E+00 5.966575E-01 -1.181018E-01 9.534137E-01 3.296672E-02 3.382582E-03 4.535931E+00 9.442304E+00 
1.398720E-01 2.058889E-02 3.655864E-01 1.408688E-01 -1.454149E+00 4.950710E-01 -6.833602E-02 8.618893E-01 3.391721E-02 2.292317E-03 3.360777E+00 1.339560E+01 
1.585849E-01 6.538146E-03 3.403602E-01 1.680869E-01 -1.587162E+00 5.988470E-01 -1.488468E-01 8.907776E-01 2.980914E-02 3.777101E-03 3.723826E+00 8.801904E+00 
1.609998E-01 1.127229E-02 3.575591E-01 1.710453E-01 -1.488226E+00 5.731901E-01 -1.171338E-01 8.764970E-01 2.964630E-02 3.016032E-03 4.537932E+00 9.488058E+00 
1.202553E-01 1.352548E-02 3.516138E-01 1.722273E-01 -1.394798E+00 5.973180E-01 -8.894460E-02 9.369193E-01 3.312732E-02 6.631379E-04 4.116395E+00 8.816628E+00 
1.550266E-01 1.362119E-02 3.774713E-01 1.679850E-01 -1.529314E+00 5.614131E-01 -9.030612E-02 8.492648E-01 2.663845E-02 3.906289E-03 4.280518E+00 8.195960E+00 
1.537110E-01 1.063249E-02 3.581518E-01 1.606861E-01 -1.394509E+00 5.656187E-01 -1.093488E-01 8.569974E-01 3.078913E-02 2.164687E-03 4.034896E+00 1.037580E+01 
1.551932E-01 7.594701E-03 3.563895E-01 1.670513E-01 -1.419382E+00 5.675684E-01 -1.333397E-01 9.954582E-01 2.892030E-02 2.941387E-03 3.906800E+00 9.301034E+00 
1.379220E-01 8.415636E-03 3.658771E-01 1.687300E-01 -1.428718E+00 5.829475E-01 -1.053622E-01 9.432170E-01 2.936095E-02 2.901483E-03 4.094681E+00 1.001045E+01 
1.277672E-01 1.480459E-02 3.474745E-01 1.336736E-01 -1.297304E+00 5.506882E-01 -1.138769E-01 8.088523E-01 2.796747E-02 3.881875E-03 4.733950E+00 1.081035E+01 
1.062318E-01 4.665016E-02 4.060120E-01 1.537337E-01 -1.333708E+00 4.592223E-01 -8.626574E-02 2.806130E-01 3.008986E-02 6.428965E-03 3.604803E+00 6.886026E+00 
1.268117E-01 3.386087E-02 3.431963E-01 1.711204E-01 -1.351196E+00 5.960621E-01 -1.484574E-01 8.978627E-01 2.925146E-02 1.002913E-02 4.470640E+00 1.029958E+01 
1.455194E-01 1.155272E-02 3.377071E-01 1.504599E-01 -1.303659E+00 5.987199E-01 -6.503114E-02 8.188433E-01 2.954432E-02 2.597315E-03 4.235251E+00 1.006768E+01 
7.817956E-02 1.714936E-02 3.540786E-01 1.736528E-01 -1.814013E+00 5.797257E-01 -1.197108E-01 9.115195E-01 3.002150E-02 4.849757E-03 4.139823E+00 9.054388E+00 
1.605928E-01 9.236942E-03 3.550969E-01 1.725918E-01 -1.405323E+00 5.449681E-01 -1.413128E-01 9.043834E-01 2.856035E-02 8.490064E-04 5.050083E+00 9.106824E+00 
1.591188E-01 1.394887E-02 3.656388E-01 1.668381E-01 -1.245269E+00 6.000000E-01 -1.258660E-01 1.207404E+00 2.717076E-02 3.875969E-03 3.711979E+00 1.051683E+01 
1.252016E-01 2.512877E-02 3.397744E-01 1.635236E-01 -1.321107E+00 4.610656E-01 -6.851998E-02 9.352936E-01 3.085730E-02 9.317774E-03 4.525735E+00 7.996135E+00 
1.185977E-01 1.114216E-02 3.394874E-01 1.632209E-01 -1.161864E+00 4.878627E-01 -7.167819E-02 9.286290E-01 3.245960E-02 1.894014E-03 3.663838E+00 1.257377E+01 
1.606203E-01 1.923337E-02 3.586001E-01 1.838999E-01 -1.540898E+00 5.567152E-01 -1.058467E-01 9.483625E-01 2.807023E-02 5.399191E-04 4.661481E+00 7.839230E+00 
1.518187E-01 1.599416E-03 3.665468E-01 1.786837E-01 -1.591866E+00 5.579567E-01 -6.989386E-02 9.356422E-01 2.543697E-02 3.414989E-03 3.481840E+00 1.025420E+01 
1.188323E-01 1.221708E-02 3.531572E-01 1.586105E-01 -1.327181E+00 4.428215E-01 -1.168712E-01 8.995243E-01 3.222206E-02 2.704182E-03 3.709224E+00 9.894167E+00 
1.144287E-01 6.775770E-03 3.700497E-01 1.739005E-01 -1.747380E+00 6.000000E-01 -7.167161E-02 8.727857E-01 3.165609E-02 3.472027E-03 3.456586E+00 8.999722E+00 
1.328432E-01 1.146064E-02 3.507043E-01 1.681883E-01 -1.422196E+00 5.732707E-01 -8.182205E-02 1.006937E+00 3.247194E-02 2.665796E-03 3.829551E+00 8.332434E+00 
1.892345E-01 1.031676E-02 3.870158E-01 1.700290E-01 -1.575977E+00 5.971921E-01 -2.000000E-01 1.022142E+00 2.772174E-02 3.943518E-03 4.761186E+00 8.909424E+00 
1.292073E-01 1.961921E-02 3.455371E-01 1.860691E-01 -1.472342E+00 5.680055E-01 -1.126442E-01 9.305184E-01 3.135633E-02 1.667857E-03 4.229251E+00 8.996809E+00 
1.608594E-01 1.891301E-02 3.865877E-01 1.712137E-01 -1.728501E+00 6.000000E-01 -4.097059E-02 9.378919E-01 2.829535E-02 2.861389E-03 4.323171E+00 8.071007E+00 
1.585560E-01 1.118033E-02 3.633110E-01 1.748444E-01 -1.718895E+00 6.000000E-01 -1.334469E-01 9.180908E-01 3.259066E-02 9.692896E-04 3.814346E+00 9.345560E+00 
1.368898E-01 9.094508E-03 3.687565E-01 1.692969E-01 -1.261246E+00 4.917849E-01 -1.362981E-01 9.788637E-01 2.666809E-02 3.302067E-03 4.444289E+00 1.035913E+01 
1.476946E-01 1.141877E-02 3.622159E-01 1.714339E-01 -1.291405E+00 5.985018E-01 -8.058751E-02 9.491023E-01 3.426878E-02 4.636452E-03 4.039439E+00 8.062622E+00 
1.488763E-01 1.130570E-02 3.625498E-01 1.785538E-01 -1.798709E+00 5.885822E-01 -9.283166E-02 8.882165E-01 2.768965E-02 3.274035E-03 3.785036E+00 8.702968E+00 
1.623235E-01 8.443499E-03 3.598383E-01 1.748690E-01 -1.455791E+00 5.676619E-01 -1.151956E-01 8.770763E-01 3.126507E-02 2.040321E-03 3.786594E+00 9.389771E+00 
1.676748E-01 1.079631E-02 3.640904E-01 1.699844E-01 -1.306786E+00 6.000000E-01 -9.760740E-02 1.035353E+00 2.908555E-02 3.114234E-03 4.492133E+00 6.559191E+00 
1.710193E-01 2.778828E-03 3.649677E-01 1.731119E-01 -1.461246E+00 5.903183E-01 -9.663391E-02 9.110681E-01 3.221598E-02 1.602608E-03 3.857714E+00 1.147963E+01 
1.368313E-01 9.037069E-03 3.532900E-01 1.746380E-01 -1.403565E+00 5.561218E-01 -1.106815E-01 9.682814E-01 2.664633E-02 1.276657E-02 4.446801E+00 1.178867E+00 
1.815443E-01 1.193887E-02 3.585079E-01 1.673641E-01 -1.556742E+00 5.923509E-01 -1.725429E-01 9.197586E-01 2.586570E-02 4.779704E-03 3.617207E+00 8.294333E+00 
1.575740E-01 2.913111E-02 3.648347E-01 1.641371E-01 -1.197670E+00 5.575920E-01 -1.226038E-01 9.560508E-01 2.872302E-02 4.275957E-03 4.038565E+00 4.571943E+00 
1.588919E-01 1.180848E-04 3.441304E-01 1.669559E-01 -1.595539E+00 5.753351E-01 -1.076516E-01 9.951563E-01 3.016110E-02 2.696178E-03 4.280866E+00 9.373169E+00 
1.156537E-01 1.933794E-02 3.428885E-01 1.630160E-01 -1.406060E+00 5.507754E-01 -2.000000E-01 9.227940E-01 3.437641E-02 7.426547E-03 4.742453E+00 7.107107E+00 
7.690305E-02 9.738253E-03 3.573744E-01 1.540816E-01 -1.449219E+00 4.883726E-01 -9.896677E-02 9.172429E-01 3.136960E-02 4.735305E-03 4.839943E+00 8.136766E+00 
9.982683E-02 4.568961E-02 3.244248E-01 1.533585E-01 -1.326055E+00 3.926066E-01 -5.016433E-02 9.645269E-01 2.457411E-02 3.856115E-03 4.503325E+00 7.952528E+00 
1.608407E-01 8.902484E-03 3.505093E-01 1.678118E-01 -1.431234E+00 5.907280E-01 -1.720397E-01 7.623023E-01 2.833606E-02 7.195355E-04 4.705422E+00 9.918503E+00 
1.263680E-01 1.946702E-02 3.411388E-01 1.617214E-01 -1.485852E+00 5.513998E-01 -8.533994E-02 9.438596E-01 3.076138E-02 3.572750E-03 4.296393E+00 8.787411E+00 
1.760345E-01 1.346755E-02 3.868398E-01 1.675733E-01 -1.522485E+00 5.950848E-01 -1.632738E-01 9.058129E-01 2.824459E-02 2.089419E-03 4.171558E+00 9.357383E+00 
1.138686E-01 4.247126E-02 3.688590E-01 1.652336E-01 -1.460750E+00 5.756721E-01 -1.514264E-01 7.915808E-01 2.789488E-02 9.179314E-03 4.626150E+00 1.076541E+01 
1.374557E-01 5.359708E-03 3.570602E-01 1.647385E-01 -1.335784E+00 4.094830E-01 -1.046481E-01 9.090153E-01 2.927783E-02 5.815738E-03 4.279202E+00 1.048131E+01 
1.578918E-01 4.416423E-03 3.594606E-01 1.664404E-01 -1.515342E+00 5.248806E-01 -1.288787E-01 9.970820E-01 2.887088E-02 1.581789E-02 3.910791E+00 1.016404E+01 
1.488808E-01 6.396715E-03 3.755379E-01 1.652994E-01 -1.390528E+00 5.646672E-01 -1.376975E-01 8.915192E-01 2.876975E-02 3.343969E-03 3.379510E+00 9.349196E+00 
1.646128E-01 1.756436E-02 3.607764E-01 1.661619E-01 -1.369964E+00 5.288907E-01 -6.461226E-02 9.085498E-01 2.787106E-02 9.538220E-04 4.718666E+00 1.078275E+01 
1.638691E-01 8.275772E-03 3.588957E-01 1.651198E-01 -1.276133E+00 5.502521E-01 -6.920231E-02 9.581056E-01 2.711497E-02 2.440134E-03 4.459084E+00 1.037511E+01 
1.565020E-01 1.079170E-02 3.636856E-01 1.699179E-01 -1.505828E+00 5.487822E-01 -1.229110E-01 9.888358E-01 2.978151E-02 3.522492E-03 4.412195E+00 8.274793E+00 
1.716473E-01 9.947652E-03 3.571832E-01 1.794724E-01 -1.454652E+00 5.316511E-01 -1.160056E-01 9.538156E-01 2.874619E-02 1.515598E-03 5.607035E+00 8.861907E+00 
1.483786E-01 8.981180E-03 3.219229E-01 1.715286E-01 -1.424724E+00 5.378231E-01 -1.260655E-01 9.528281E-01 3.076699E-02 1.290295E-03 3.655897E+00 9.705600E+00 
1.541958E-01 1.764796E-02 3.502873E-01 1.698624E-01 -1.370892E+00 5.579684E-01 -1.284543E-01 8.713413E-01 3.341566E-02 1.494387E-03 4.818367E+00 8.352207E+00 
1.449806E-01 4.405271E-02 3.777168E-01 1.638293E-01 -1.147499E+00 5.811947E-01 -1.292250E-01 9.652450E-01 3.100985E-02 1.988515E-02 4.963905E+00 8.252963E+00 
1.745132E-01 1.185263E-02 3.519277E-01 1.598402E-01 -1.492956E+00 5.713045E-01 -1.234258E-01 8.960395E-01 2.886676E-02 3.208124E-03 4.247180E+00 8.544111E+00 
1.492387E-01 1.313651E-02 3.487071E-01 1.691396E-01 -1.349352E+00 5.376113E-01 -1.133359E-01 7.840509E-01 2.894858E-02 2.122633E-03 4.371618E+00 1.056906E+01 
1.244757E-01 2.214340E-02 3.593311E-01 1.653305E-01 -1.369399E+00 5.470814E-01 -1.960715E-01 9.261768E-01 2.977937E-02 1.080192E-02 4.403887E+00 9.628148E+00 
1.558661E-01 1.064391E-02 3.439800E-01 1.700138E-01 -1.461223E+00 5.680650E-01 -1.078108E-01 9.712190E-01 2.853063E-02 5.481026E-03 3.006650E+00 6.594696E+00 
1.602069E-01 8.809645E-03 3.595692E-01 1.697123E-01 -1.563110E+00 5.846725E-01 -1.385996E-01 8.987930E-01 2.851323E-02 3.563938E-03 4.335090E+00 1.131396E+01 
1.451432E-01 8.674545E-03 2.874583E-01 1.635166E-01 -1.581112E+00 4.919386E-01 -5.683749E-02 9.985078E-01 2.905158E-02 4.510635E-03 3.478623E+00 1.193010E+01 
1.476905E-01 1.930485E-02 3.790704E-01 1.710358E-01 -1.240194E+00 5.584859E-01 -9.215099E-02 9.740171E-01 2.581942E-02 2.625378E-03 4.576410E+00 1.100475E+01 
1.152731E-01 4.409514E-02 4.087382E-01 1.673590E-01 -1.469358E+00 5.617297E-01 -1.733947E-01 8.403483E-01 2.808316E-02 7.803270E-03 4.772856E+00 6.953935E+00 
1.792758E-01 1.023082E-02 3.309635E-01 1.751159E-01 -1.417784E+00 5.511102E-01 -1.282182E-01 9.865861E-01 2.938796E-02 5.124038E-03 4.629638E+00 1.023006E+01 
1.766435E-01 3.697080E-04 3.572273E-01 1.718135E-01 -1.711581E+00 5.746465E-01 -1.408170E-01 8.430825E-01 2.966863E-02 0.000000E+00 4.014349E+00 8.034514E+00 
1.527889E-01 7.936501E-03 3.776493E-01 1.617270E-01 -1.588986E+00 5.690856E-01 -1.548528E-01 8.334428E-01 3.155951E-02 5.742289E-03 4.388347E+00 9.884833E+00 
1.601565E-01 7.403211E-03 3.677557E-01 1.651356E-01 -1.450355E+00 5.868384E-01 -1.412003E-01 7.956807E-01 3.081926E-02 2.575258E-03 4.441534E+00 7.474235E+00 
1.374409E-01 1.403509E-02 4.053071E-01 1.758052E-01 -1.347961E+00 3.824821E-01 -5.155675E-02 5.516346E-01 2.452399E-02 5.169699E-03 3.669503E+00 1.360353E+01 
1.632669E-01 1.052172E-02 3.470042E-01 1.731748E-01 -1.839805E+00 5.785162E-01 -1.671709E-01 8.576228E-01 3.081445E-02 9.404082E-04 3.933679E+00 1.277013E+01 
1.591280E-01 1.491994E-02 3.604478E-01 1.663686E-01 -1.366206E+00 5.918498E-01 -1.229909E-01 9.120306E-01 3.028612E-02 1.710763E-03 4.376545E+00 1.062332E+01 
1.525531E-01 1.495442E-02 3.836938E-01 1.817619E-01 -1.548311E+00 5.651001E-01 -1.695125E-01 8.815897E-01 3.018043E-02 0.000000E+00 4.758048E+00 7.403161E+00 
1.416776E-01 8.838070E-03 3.952839E-01 1.705937E-01 -1.613442E+00 5.348398E-01 -9.431759E-02 8.767987E-01 2.756264E-02 3.080904E-03 4.126666E+00 9.931435E+00 
1.101402E-01 2.049443E-02 3.401282E-01 1.426471E-01 -1.324042E+00 4.206337E-01 -4.313505E-02 8.993653E-01 3.352261E-02 5.111114E-03 3.709503E+00 1.239213E+01 
5.747312E-02 1.899820E-02 3.600487E-01 1.661881E-01 -1.145215E+00 5.648507E-01 -4.914994E-02 9.498936E-01 2.758469E-02 1.288356E-03 4.051559E+00 1.234964E+01 
9.364755E-02 3.341578E-02 3.343651E-01 1.361487E-01 -1.140432E+00 4.948626E-01 -4.946213E-02 8.854681E-01 2.758335E-02 1.335298E-02 4.097349E+00 1.099864E+01 
7.601201E-02 1.362558E-02 3.529953E-01 1.733860E-01 -1.377197E+00 4.857255E-01 -6.036905E-02 8.930591E-01 2.993241E-02 6.513746E-03 4.650616E+00 1.061373E+01 
8.633531E-02 6.205130E-03 4.130436E-01 1.722527E-01 -1.448393E+00 5.230771E-01 -9.464367E-02 9.625664E-01 2.917119E-02 8.660264E-03 4.079134E+00 9.596894E+00 
1.632490E-01 9.010087E-03 3.645035E-01 1.665673E-01 -1.476314E+00 5.904164E-01 -1.569475E-01 9.607441E-01 2.819246E-02 1.782367E-03 4.663550E+00 9.594661E+00 
1.731673E-01 1.027082E-02 3.306997E-01 1.801446E-01 -1.389828E+00 5.668085E-01 -1.100387E-01 1.104241E+00 2.549764E-02 3.313598E-03 4.689353E+00 9.373082E+00 
1.740531E-01 7.465080E-03 3.751203E-01 1.741749E-01 -1.446702E+00 5.983271E-01 -1.266565E-01 9.892374E-01 2.553587E-02 5.744350E-03 4.559488E+00 8.259280E+00 
7.383275E-02 2.781012E-02 3.586271E-01 1.624773E-01 -1.357375E+00 5.227913E-01 -1.070618E-01 8.338841E-01 2.741819E-02 4.789992E-03 4.807855E+00 1.014251E+01 
1.774610E-01 1.454913E-02 3.589050E-01 1.688153E-01 -1.401905E+00 5.811224E-01 -7.463298E-02 1.013827E+00 2.953185E-02 1.775016E-03 3.869132E+00 9.541532E+00 
1.542899E-01 1.591895E-02 3.618494E-01 1.688487E-01 -1.439318E+00 5.865993E-01 -1.148863E-01 9.583701E-01 2.878581E-02 2.365835E-04 4.485262E+00 1.107553E+01 
1.597015E-01 1.704702E-02 3.615190E-01 1.728191E-01 -1.414649E+00 5.824785E-01 -1.151871E-01 9.763330E-01 3.036896E-02 3.027755E-03 4.134857E+00 7.148212E+00 
1.350135E-01 1.172593E-02 3.879937E-01 1.526837E-01 -1.321764E+00 3.286579E-01 -4.026920E-02 6.141184E-01 2.976103E-02 6.176686E-03 3.818448E+00 1.074625E+01 
1.618416E-01 5.816502E-03 3.629541E-01 1.665773E-01 -1.248802E+00 5.321872E-01 -9.965529E-02 1.017824E+00 2.377540E-02 5.268376E-03 4.787384E+00 6.843216E+00 
2.000000E-01 1.496030E-02 3.561240E-01 1.683610E-01 -1.069548E+00 5.864690E-01 -1.376022E-01 9.498325E-01 2.903782E-02 5.901347E-03 4.323992E+00 1.046924E+01 
1.633167E-01 1.008212E-02 3.524695E-01 1.728208E-01 -1.445108E+00 5.949011E-01 -7.223758E-02 1.010103E+00 2.731424E-02 5.322087E-03 4.513511E+00 7.013450E+00 
1.200792E-01 1.043834E-02 3.633180E-01 1.757606E-01 -1.280746E+00 5.467071E-01 -7.014039E-02 9.787837E-01 2.672648E-02 2.462272E-03 4.170410E+00 7.535219E+00 
1.278050E-01 3.957546E-02 3.742928E-01 1.708566E-01 -1.314005E+00 4.870677E-01 -5.403335E-02 9.665862E-01 2.778078E-02 6.662644E-03 4.557957E+00 9.374479E+00 
1.639761E-01 1.195367E-02 3.601302E-01 1.675365E-01 -1.429311E+00 5.287435E-01 -7.978794E-02 8.477409E-01 3.236459E-02 8.807979E-04 3.843147E+00 1.072885E+01 
1.404026E-01 1.006825E-02 3.249784E-01 1.431530E-01 -1.414188E+00 3.806218E-01 -3.992833E-02 9.327319E-01 3.054273E-02 7.864862E-04 3.598246E+00 1.314849E+01 
1.481473E-01 1.889265E-02 3.779444E-01 1.743120E-01 -1.367751E+00 6.000000E-01 -1.125630E-01 8.258527E-01 3.327826E-02 2.406880E-03 4.498391E+00 9.535585E+00 
1.135614E-01 5.483643E-02 3.938736E-01 1.604296E-01 -1.210685E+00 5.236395E-01 -9.743194E-02 9.693744E-01 3.730542E-02 3.278321E-02 5.196473E+00 4.831546E+00 
1.500812E-01 8.032117E-03 3.723745E-01 1.761042E-01 -1.381014E+00 6.000000E-01 -5.331403E-02 1.070250E+00 3.081776E-02 4.719391E-03 3.808038E+00 7.402287E+00 
1.749882E-01 1.099335E-02 3.853556E-01 1.683955E-01 -1.481872E+00 6.000000E-01 -1.469608E-01 8.252472E-01 2.917664E-02 3.926900E-03 3.997775E+00 8.162701E+00 
1.537071E-01 3.514808E-02 3.588642E-01 1.604757E-01 -1.258179E+00 5.452956E-01 -6.204739E-02 1.109056E+00 2.827356E-02 9.571421E-03 3.668463E+00 5.278285E+00 
1.645234E-01 1.412244E-02 3.494666E-01 1.650618E-01 -1.125314E+00 5.774339E-01 -1.729137E-01 9.815467E-01 3.184757E-02 3.435341E-04 6.398332E+00 9.575627E+00 
1.738525E-01 4.900398E-03 3.619133E-01 1.732029E-01 -1.527174E+00 5.806620E-01 -5.650472E-02 8.618317E-01 3.255810E-02 5.822681E-03 4.094137E+00 8.630408E+00 
1.509408E-01 1.148439E-02 3.702521E-01 1.688667E-01 -1.430624E+00 5.890565E-01 -3.783745E-02 1.028914E+00 2.727563E-02 1.789333E-03 4.517099E+00 8.626621E+00 
1.167202E-01 3.121749E-02 3.542746E-01 1.549919E-01 -1.236383E+00 4.231715E-01 -8.953890E-02 9.206201E-01 2.978460E-02 5.449312E-03 4.531500E+00 6.944301E+00 
1.591945E-01 1.380258E-02 3.457263E-01 1.672112E-01 -1.388597E+00 5.859597E-01 -1.252404E-01 1.002466E+00 2.815715E-02 4.901368E-03 4.093011E+00 7.280242E+00 
1.420531E-01 7.083254E-03 3.512142E-01 1.658704E-01 -1.414682E+00 5.954453E-01 -1.290013E-01 9.845768E-01 2.942674E-02 2.729591E-03 4.202176E+00 8.685356E+00 
1.561608E-01 2.615064E-02 3.743641E-01 1.571318E-01 -1.068621E+00 5.793883E-01 -1.310119E-01 9.712971E-01 2.936082E-02 1.312733E-02 4.201609E+00 8.691525E+00 
1.556440E-01 8.940824E-03 3.602338E-01 1.721626E-01 -1.373922E+00 5.169668E-01 -9.981533E-02 8.977692E-01 2.918313E-02 3.583705E-03 4.460839E+00 9.049232E+00 
1.039917E-01 2.432073E-02 3.540420E-01 1.629802E-01 -1.311211E+00 6.000000E-01 -8.918651E-02 1.071256E+00 2.380838E-02 1.181075E-02 5.186834E+00 4.602120E+00 
1.500519E-01 5.730702E-03 3.578461E-01 1.662636E-01 -1.746796E+00 5.594186E-01 -1.037273E-01 1.011443E+00 3.141128E-02 2.013175E-03 4.417831E+00 7.996622E+00 
1.394763E-01 8.881795E-03 3.611201E-01 1.690142E-01 -1.312601E+00 5.788918E-01 -1.679529E-01 9.963878E-01 3.016229E-02 4.397854E-04 4.955728E+00 9.242003E+00 
1.618757E-01 1.302055E-02 3.892472E-01 1.748982E-01 -1.645205E+00 5.997725E-01 -1.073329E-01 8.771009E-01 3.149087E-02 4.775658E-03 4.124599E+00 8.321886E+00 
1.849835E-01 1.000010E-02 3.598010E-01 1.737461E-01 -1.443623E+00 5.192284E-01 -8.645985E-02 8.131133E-01 3.221499E-02 1.274759E-04 3.909917E+00 1.078744E+01 
1.563266E-01 1.678725E-02 3.379776E-01 1.585744E-01 -5.796599E-01 4.064879E-01 -9.897885E-02 8.849369E-01 2.883173E-02 1.462363E-02 4.488493E+00 6.080935E+00 
1.039008E-01 2.081410E-02 3.629086E-01 1.628451E-01 -1.328125E+00 5.143547E-01 -5.976515E-02 9.442464E-01 2.978813E-02 1.144709E-02 3.846485E+00 9.300247E+00 
1.586835E-01 1.174092E-02 3.694257E-01 1.692097E-01 -1.509444E+00 5.747290E-01 -1.092779E-01 8.991690E-01 2.901063E-02 2.957059E-03 4.875697E+00 1.024401E+01 
4.388313E-02 2.808079E-02 2.728152E-01 1.400789E-01 -1.308854E+00 4.717679E-01 -1.352157E-01 8.948675E-01 2.707110E-02 9.743374E-03 4.514245E+00 9.991061E+00 
1.350658E-01 1.113290E-02 3.633812E-01 1.650799E-01 -1.437381E+00 5.668203E-01 -9.866777E-02 1.089669E+00 2.349669E-02 4.324939E-03 4.111355E+00 8.498443E+00 
9.182567E-02 1.876055E-02 3.360674E-01 1.626085E-01 -1.160192E+00 5.556378E-01 -7.226093E-02 9.563236E-01 2.934475E-02 9.807123E-03 3.905441E+00 1.629375E+00 
1.339037E-01 1.475862E-03 3.601993E-01 1.630441E-01 -1.808768E+00 5.618661E-01 -2.899721E-02 9.367271E-01 3.303211E-02 3.002227E-03 3.625319E+00 1.047398E+01 
